1.64682e-14 240000 2.79397e-09
2.68205e-14 480000 -2.32831e-09
3.21113e-14 720000 -9.31323e-10
7.41524e-14 960000 -4.65661e-09
-7.68452e-13 1.2e+06 3.23429e-09
1.97247e-13 1.44e+06 -2.35998e-09
1.03718e-12 1.68e+06 1.29752e-08
-7.03491e-14 1.92e+06 -5.58794e-09
-9.17826e-13 2.16e+06 1.27407e-08
-2.17282e-13 2.4e+06 -1.30385e-08
18087.4 2.4e+06 -3.91035e+07
14750.8 2.4e+06 -3.19263e+07
11414.3 2.4e+06 -2.4749e+07
8077.71 2.4e+06 -1.75718e+07
-3765.96 2.4e+06 7.93951e+06
-15075.8 2.4e+06 3.23904e+07
-26298 2.4e+06 5.66661e+07
-42504 2.4e+06 9.17485e+07
-58571.8 2.4e+06 1.26564e+08
-73113.5 2.4e+06 1.58327e+08
-78442.8 2.4e+06 1.70079e+08
-83307.4 2.4e+06 1.80875e+08
-87743.5 2.4e+06 1.90815e+08
-90251.8 2.4e+06 1.96471e+08
-92614.7 2.4e+06 2.01827e+08
-94909.2 2.4e+06 2.07046e+08
-97501.6 2.4e+06 2.12975e+08
-99938.2 2.4e+06 2.18596e+08
-102310 2.4e+06 2.24086e+08
-105506 2.4e+06 2.31551e+08
-108610 2.4e+06 2.38842e+08
-111592 2.4e+06 2.4589e+08
-114892 2.4e+06 2.53794e+08
-118060 2.4e+06 2.61439e+08
-121039 2.4e+06 2.68709e+08
-124700 2.4e+06 2.77686e+08
-128209 2.4e+06 2.86376e+08
-131573 2.4e+06 2.94774e+08
-131688 2.4e+06 2.95064e+08
-131629 2.4e+06 2.94921e+08
-131570 2.4e+06 2.94777e+08
-127001 2.4e+06 2.83788e+08
-121944 2.4e+06 2.71715e+08
-116639 2.4e+06 2.59148e+08
-111182 2.4e+06 2.46355e+08
-105189 2.4e+06 2.32496e+08
-98730 2.4e+06 2.17706e+08
-92444.3 2.4e+06 2.03465e+08
-85483.8 2.4e+06 1.87889e+08
-77847.4 2.4e+06 1.70961e+08
-70345.1 2.4e+06 1.54505e+08
-62419.6 2.4e+06 1.37217e+08
-53807.8 2.4e+06 1.18557e+08
-44335.1 2.4e+06 9.81599e+07
-34781.1 2.4e+06 7.75984e+07
-25227.3 2.4e+06 5.70374e+07
-14661.3 2.4e+06 3.42981e+07
-4004.68 2.4e+06 1.13638e+07
6644.28 2.4e+06 -1.15552e+07
15469.2 2.4e+06 -3.05508e+07
24046.1 2.4e+06 -4.90237e+07
32205.8 2.4e+06 -6.66624e+07
43173.1 2.4e+06 -9.04185e+07
53841.5 2.4e+06 -1.13629e+08
63574.2 2.4e+06 -1.34967e+08
66627.1 2.4e+06 -1.41712e+08
68982.5 2.4e+06 -1.46927e+08
71289 2.4e+06 -1.52044e+08
73829.2 2.4e+06 -1.57704e+08
76299.1 2.4e+06 -1.63231e+08
78700.7 2.4e+06 -1.68623e+08
84331.4 2.4e+06 -1.81332e+08
90006.7 2.4e+06 -1.94237e+08
95186.8 2.4e+06 -2.06151e+08
99939.9 2.4e+06 -2.17182e+08
104340 2.4e+06 -2.27502e+08
108535 2.4e+06 -2.37413e+08
112455 2.4e+06 -2.46782e+08
116136 2.4e+06 -2.55671e+08
119663 2.4e+06 -2.64255e+08
123973 2.4e+06 -2.74858e+08
128229 2.4e+06 -2.8542e+08
132238 2.4e+06 -2.95488e+08
134155 2.4e+06 -3.00357e+08
135762 2.4e+06 -3.04454e+08
137349 2.4e+06 -3.0851e+08
139990 2.4e+06 -3.15306e+08
142689 2.4e+06 -3.22316e+08
145299 2.4e+06 -3.29149e+08
146369 2.4e+06 -3.31995e+08
147192 2.4e+06 -3.34194e+08
148010 2.4e+06 -3.36384e+08
146395 2.4e+06 -3.32328e+08
144276 2.4e+06 -3.27023e+08
142121 2.4e+06 -3.21646e+08
137822 2.4e+06 -3.10979e+08
132901 2.4e+06 -2.98886e+08
127716 2.4e+06 -2.86264e+08
122605 2.4e+06 -2.73947e+08
117327 2.4e+06 -2.61324e+08
111721 2.4e+06 -2.48045e+08
106781 2.4e+06 -2.36442e+08
101656 2.4e+06 -2.24537e+08
96264.8 2.4e+06 -2.121e+08
91034.1 2.4e+06 -2.00123e+08
85609 2.4e+06 -1.87786e+08
79700.1 2.4e+06 -1.74481e+08
73673.8 2.4e+06 -1.6099e+08
67291.1 2.4e+06 -1.46797e+08
60438.3 2.4e+06 -1.31663e+08
53861.6 2.4e+06 -1.17226e+08
47016.2 2.4e+06 -1.02284e+08
39690.5 2.4e+06 -8.63807e+07
36303.4 2.4e+06 -7.90453e+07
33814.8 2.4e+06 -7.36648e+07
31304.2 2.4e+06 -6.82403e+07
27550.9 2.4e+06 -6.01403e+07
23439.5 2.4e+06 -5.12792e+07
19319.3 2.4e+06 -4.24004e+07
10104 2.4e+06 -2.25489e+07
-358.153 2.4e+06 -11681.8
-10820.1 2.4e+06 2.25251e+07
-20803.6 2.4e+06 4.40315e+07
-30460.4 2.4e+06 6.48655e+07
-39763.9 2.4e+06 8.4993e+07
-46736.4 2.4e+06 1.00133e+08
-52849.2 2.4e+06 1.13467e+08
-58643 2.4e+06 1.26163e+08
-64282.3 2.4e+06 1.38571e+08
-69523.7 2.4e+06 1.50188e+08
-74492.3 2.4e+06 1.61259e+08
-82143.9 2.4e+06 1.78398e+08
-89976.6 2.4e+06 1.96097e+08
-97127.3 2.4e+06 2.12431e+08
-102647 2.4e+06 2.25144e+08
-107600 2.4e+06 2.36623e+08
-112193 2.4e+06 2.4738e+08
-118440 2.4e+06 2.62141e+08
-124799 2.4e+06 2.77338e+08
-130839 2.4e+06 2.91896e+08
-136007 2.4e+06 3.04863e+08
-140652 2.4e+06 3.16833e+08
-144955 2.4e+06 3.28121e+08
-148010 2.4e+06 3.36279e+08
-150404 2.4e+06 3.42916e+08
-152271 2.4e+06 3.48498e+08
-154531 2.4e+06 3.55892e+08
-156175 2.4e+06 3.62388e+08
-152515 2.4e+06 3.58276e+08
-152942 2.4e+06 3.63038e+08
-151370 2.4e+06 3.64034e+08
-146186 2.4e+06 3.5781e+08
-141323 2.4e+06 3.49773e+08
-142811 2.4e+06 3.53589e+08
-144298 2.4e+06 3.57403e+08
-146339 2.4e+06 3.62642e+08
-146485 2.4e+06 3.64202e+08
-146000 2.4e+06 3.645e+08
-139999 2.4e+06 3.52979e+08
-140341 2.4e+06 3.53857e+08
-140684 2.4e+06 3.54735e+08
-137645 2.4e+06 3.46941e+08
-133159 2.4e+06 3.35533e+08
-128592 2.4e+06 3.23963e+08
-123410 2.4e+06 3.10987e+08
-117763 2.4e+06 2.97014e+08
-111917 2.4e+06 2.82641e+08
-105564 2.4e+06 2.67178e+08
-98811.2 2.4e+06 2.50884e+08
-91650.4 2.4e+06 2.33774e+08
-83229.4 2.4e+06 2.14e+08
-73973.7 2.4e+06 1.92498e+08
-63924 2.4e+06 1.69408e+08
-55301.8 2.4e+06 1.49841e+08
-47293.9 2.4e+06 1.31783e+08
-38494 2.4e+06 1.12142e+08
-29800.7 2.4e+06 9.29191e+07
-21025.1 2.4e+06 7.36206e+07
-11407 2.4e+06 5.26373e+07
-2451.62 2.4e+06 3.31543e+07
6467.75 2.4e+06 1.38207e+07
15475.9 2.4e+06 -5.69053e+06
26207.2 2.4e+06 -2.88853e+07
37514.7 2.4e+06 -5.33403e+07
48374.2 2.4e+06 -7.68992e+07
58626.1 2.4e+06 -9.92315e+07
67942.4 2.4e+06 -1.19687e+08
76740.9 2.4e+06 -1.39107e+08
84518.8 2.4e+06 -1.56446e+08
91599.1 2.4e+06 -1.72371e+08
98335.6 2.4e+06 -1.87608e+08
104516 2.4e+06 -2.01648e+08
109976 2.4e+06 -2.14207e+08
115141 2.4e+06 -2.26175e+08
122159 2.4e+06 -2.4256e+08
129700 2.4e+06 -2.60347e+08
136323 2.4e+06 -2.76297e+08
145133 2.4e+06 -2.97792e+08
153745 2.4e+06 -3.19493e+08
160052 2.4e+06 -3.36586e+08
163533 2.4e+06 -3.47403e+08
165456 2.4e+06 -3.54777e+08
164196 2.4e+06 -3.55786e+08
153468 2.4e+06 -3.3788e+08
151904 2.4e+06 -3.38314e+08
150089 2.4e+06 -3.38246e+08
148530 2.4e+06 -3.38007e+08
147099 2.4e+06 -3.3765e+08
145590 2.4e+06 -3.37134e+08
143224 2.4e+06 -3.36017e+08
140684 2.4e+06 -3.3518e+08
138228 2.4e+06 -3.34511e+08
136031 2.4e+06 -3.33827e+08
133986 2.4e+06 -3.33138e+08
131917 2.4e+06 -3.32402e+08
129910 2.4e+06 -3.31653e+08
127932 2.4e+06 -3.3088e+08
125935 2.4e+06 -3.30071e+08
125046 2.4e+06 -3.29699e+08
124838 2.4e+06 -3.29613e+08
124631 2.4e+06 -3.29526e+08
124049 2.4e+06 -3.28012e+08
122751 2.4e+06 -3.24643e+08
121446 2.4e+06 -3.21259e+08
117122 2.4e+06 -3.1012e+08
110777 2.4e+06 -2.93843e+08
104020 2.4e+06 -2.76741e+08
96956.3 2.4e+06 -2.59022e+08
89576.9 2.4e+06 -2.40667e+08
81594.9 2.4e+06 -2.21107e+08
73051.3 2.4e+06 -2.00359e+08
64134.2 2.4e+06 -1.78821e+08
56639.1 2.4e+06 -1.60126e+08
51083 2.4e+06 -1.45689e+08
46454.7 2.4e+06 -1.33366e+08
42188.1 2.4e+06 -1.21766e+08
39111.6 2.4e+06 -1.13314e+08
36839.2 2.4e+06 -1.07005e+08
35078.6 2.4e+06 -1.0172e+08
33267.4 2.4e+06 -9.61619e+07
31472.6 2.4e+06 -9.05144e+07
29964 2.4e+06 -8.54395e+07
28567.9 2.4e+06 -8.06376e+07
27263.6 2.4e+06 -7.60544e+07
26015.2 2.4e+06 -7.1583e+07
25053.4 2.4e+06 -6.81035e+07
24297.1 2.4e+06 -6.53479e+07
23565.7 2.4e+06 -6.26417e+07
22962 2.4e+06 -6.03912e+07
22755.1 2.4e+06 -5.90868e+07
22386.1 2.4e+06 -5.74582e+07
22753.4 2.4e+06 -5.69296e+07
21307.7 2.4e+06 -5.24841e+07
19875.2 2.4e+06 -4.8065e+07
18336.2 2.4e+06 -4.33019e+07
16719.8 2.4e+06 -3.82796e+07
15129.5 2.4e+06 -3.33094e+07
13403.1 2.4e+06 -2.78823e+07
11709.5 2.4e+06 -2.23699e+07
10079.8 2.4e+06 -1.69854e+07
8388.82 2.4e+06 -1.13133e+07
7189.44 2.4e+06 -6.4867e+06
6216.87 2.4e+06 -2.11376e+06
5252.86 2.4e+06 2.40981e+06
3761.18 2.4e+06 8.13176e+06
697.966 2.4e+06 1.69968e+07
-2720.14 2.4e+06 2.68768e+07
-5322.47 2.4e+06 3.53913e+07
-7467.13 2.4e+06 4.29905e+07
-10494.4 2.4e+06 5.21949e+07
-14882.9 2.4e+06 6.39792e+07
-19309.9 2.4e+06 7.58405e+07
-25636.4 2.4e+06 9.17867e+07
-33561.6 2.4e+06 1.11191e+08
-41987 2.4e+06 1.31595e+08
-49355.2 2.4e+06 1.49363e+08
-56030.6 2.4e+06 1.65259e+08
-63070.9 2.4e+06 1.81886e+08
-71087 2.4e+06 2.00791e+08
-79726.1 2.4e+06 2.21253e+08
-87819.2 2.4e+06 2.40623e+08
-94040.8 2.4e+06 2.55892e+08
-99049.7 2.4e+06 2.68388e+08
-103883 2.4e+06 2.80532e+08
-105032 2.4e+06 2.83433e+08
-102028 2.4e+06 2.76166e+08
-98991.3 2.4e+06 2.68832e+08
-93191.3 2.4e+06 2.54922e+08
-84023.5 2.4e+06 2.3321e+08
-74216.5 2.4e+06 2.10219e+08
-63504.3 2.4e+06 1.85537e+08
-52235.9 2.4e+06 1.59866e+08
-40068.9 2.4e+06 1.32399e+08
-27685.7 2.4e+06 1.04581e+08
-14951.7 2.4e+06 7.61479e+07
-2618.49 2.4e+06 4.85164e+07
9337.72 2.4e+06 2.17473e+07
19946.8 2.4e+06 -2.2099e+06
29992.5 2.4e+06 -2.50403e+07
38496.7 2.4e+06 -4.44806e+07
45487.1 2.4e+06 -6.05529e+07
51533.7 2.4e+06 -7.47373e+07
57206.7 2.4e+06 -8.80964e+07
62058.7 2.4e+06 -9.97246e+07
66131.3 2.4e+06 -1.09794e+08
69750.4 2.4e+06 -1.1896e+08
72967.7 2.4e+06 -1.27327e+08
75175.7 2.4e+06 -1.33675e+08
77425.2 2.4e+06 -1.40202e+08
79712.1 2.4e+06 -1.46918e+08
81924.3 2.4e+06 -1.53484e+08
84787.2 2.4e+06 -1.61417e+08
87564.1 2.4e+06 -1.69256e+08
90190.7 2.4e+06 -1.76794e+08
92826.4 2.4e+06 -1.84459e+08
95146.2 2.4e+06 -1.91627e+08
96932.9 2.4e+06 -1.97729e+08
98728.9 2.4e+06 -2.0378e+08
100912 2.4e+06 -2.10514e+08
103029 2.4e+06 -2.17117e+08
105257 2.4e+06 -2.2413e+08
107583 2.4e+06 -2.31579e+08
109853 2.4e+06 -2.38917e+08
112241 2.4e+06 -2.46757e+08
114818 2.4e+06 -2.55329e+08
117284 2.4e+06 -2.63681e+08
119479 2.4e+06 -2.71554e+08
121654 2.4e+06 -2.79475e+08
123747 2.4e+06 -2.87231e+08
125400 2.4e+06 -2.94114e+08
126648 2.4e+06 -3.00197e+08
127761 2.4e+06 -3.06011e+08
128787 2.4e+06 -3.11618e+08
129749 2.4e+06 -3.17054e+08
130182 2.4e+06 -3.21431e+08
130375 2.4e+06 -3.2499e+08
130341 2.4e+06 -3.276e+08
130278 2.4e+06 -3.30155e+08
129503 2.4e+06 -3.31068e+08
128245 2.4e+06 -3.30694e+08
126938 2.4e+06 -3.30223e+08
125974 2.4e+06 -3.29863e+08
125544 2.4e+06 -3.297e+08
125113 2.4e+06 -3.29534e+08
124793 2.4e+06 -3.29411e+08
124647 2.4e+06 -3.29355e+08
124501 2.4e+06 -3.29298e+08
124277 2.4e+06 -3.28716e+08
123066 2.4e+06 -3.2557e+08
121847 2.4e+06 -3.22411e+08
118746 2.4e+06 -3.14395e+08
112424 2.4e+06 -2.98163e+08
105797 2.4e+06 -2.81323e+08
98871.4 2.4e+06 -2.63894e+08
91547 2.4e+06 -2.45683e+08
83832.4 2.4e+06 -2.26691e+08
75740.2 2.4e+06 -2.06957e+08
67155.6 2.4e+06 -1.8626e+08
58564.9 2.4e+06 -1.65551e+08
52084.7 2.4e+06 -1.49374e+08
47530.6 2.4e+06 -1.37595e+08
43382.8 2.4e+06 -1.26628e+08
39513.8 2.4e+06 -1.16207e+08
35912.5 2.4e+06 -1.06299e+08
32693.3 2.4e+06 -9.7155e+07
30507.4 2.4e+06 -8.99089e+07
27717.5 2.4e+06 -8.11453e+07
24453.6 2.4e+06 -7.1434e+07
22135.4 2.4e+06 -6.45054e+07
21491.8 2.4e+06 -6.25964e+07
20852.8 2.4e+06 -6.06969e+07
19603.6 2.4e+06 -5.69524e+07
17244.5 2.4e+06 -4.97897e+07
14924.5 2.4e+06 -4.27051e+07
12946.5 2.4e+06 -3.66273e+07
11672.1 2.4e+06 -3.25916e+07
10445 2.4e+06 -2.86506e+07
9234.24 2.4e+06 -2.47449e+07
8043.83 2.4e+06 -2.08857e+07
6868.1 2.4e+06 -1.70558e+07
5394.13 2.4e+06 -1.22295e+07
3309.3 2.4e+06 -5.35471e+06
1274.96 2.4e+06 1.4191e+06
104.393 2.4e+06 6.52727e+06
-1649.38 2.4e+06 1.2933e+07
-4596.98 2.4e+06 2.17265e+07
-7897.32 2.4e+06 3.15508e+07
-11187.6 2.4e+06 4.20626e+07
-13697.2 2.4e+06 5.10131e+07
-17003.6 2.4e+06 6.17393e+07
-22830 2.4e+06 7.79118e+07
-28691.3 2.4e+06 9.41542e+07
-36034.1 2.4e+06 1.13084e+08
-42050.6 2.4e+06 1.28729e+08
-49523.3 2.4e+06 1.47287e+08
-57470.9 2.4e+06 1.66757e+08
-66451.6 2.4e+06 1.88205e+08
-75364.8 2.4e+06 2.09518e+08
-84410 2.4e+06 2.31144e+08
-92538.8 2.4e+06 2.51056e+08
-99888.1 2.4e+06 2.69409e+08
-106331 2.4e+06 2.85675e+08
-111180 2.4e+06 2.98078e+08
-115162 2.4e+06 3.08746e+08
-119111 2.4e+06 3.19606e+08
-123704 2.4e+06 3.32403e+08
-127794 2.4e+06 3.44196e+08
-130583 2.4e+06 3.53147e+08
-132533 2.4e+06 3.59794e+08
-134214 2.4e+06 3.65904e+08
-133172 2.4e+06 3.66731e+08
-131938 2.4e+06 3.67615e+08
-130688 2.4e+06 3.68466e+08
-119800 2.4e+06 3.49423e+08
-119851 2.4e+06 3.5055e+08
-119722 2.4e+06 3.51318e+08
-119667 2.4e+06 3.5153e+08
-116801 2.4e+06 3.44127e+08
-113851 2.4e+06 3.36554e+08
-109586 2.4e+06 3.25646e+08
-101240 2.4e+06 3.04511e+08
-92491.4 2.4e+06 2.82569e+08
-83449.5 2.4e+06 2.60259e+08
-75120.4 2.4e+06 2.40031e+08
-66377.6 2.4e+06 2.18975e+08
-57073.8 2.4e+06 1.96805e+08
-48148.4 2.4e+06 1.75418e+08
-39730 2.4e+06 1.55044e+08
-31540.2 2.4e+06 1.3512e+08
-22639.5 2.4e+06 1.13748e+08
-13244.2 2.4e+06 9.13873e+07
-4315.68 2.4e+06 6.99659e+07
5899.91 2.4e+06 4.599e+07
16182 2.4e+06 2.18811e+07
26254.2 2.4e+06 -1.81013e+06
35863 2.4e+06 -2.45811e+07
44895.9 2.4e+06 -4.62005e+07
53563 2.4e+06 -6.70882e+07
60811 2.4e+06 -8.51377e+07
66377.5 2.4e+06 -9.98241e+07
71663.3 2.4e+06 -1.1392e+08
76510.7 2.4e+06 -1.27034e+08
80387 2.4e+06 -1.38206e+08
83129 2.4e+06 -1.46959e+08
85299.6 2.4e+06 -1.54005e+08
87487.1 2.4e+06 -1.61085e+08
90247.9 2.4e+06 -1.6923e+08
92625.5 2.4e+06 -1.76295e+08
94870.9 2.4e+06 -1.83097e+08
97141.4 2.4e+06 -1.90138e+08
99865.6 2.4e+06 -1.98845e+08
102485 2.4e+06 -2.07343e+08
104941 2.4e+06 -2.15573e+08
107474 2.4e+06 -2.24192e+08
109895 2.4e+06 -2.32588e+08
112246 2.4e+06 -2.40843e+08
114513 2.4e+06 -2.48929e+08
116706 2.4e+06 -2.5687e+08
118891 2.4e+06 -2.64957e+08
121358 2.4e+06 -2.74335e+08
123740 2.4e+06 -2.83544e+08
125956 2.4e+06 -2.92264e+08
127596 2.4e+06 -2.99114e+08
129103 2.4e+06 -3.05697e+08
130072 2.4e+06 -3.112e+08
130807 2.4e+06 -3.16206e+08
131181 2.4e+06 -3.20492e+08
131199 2.4e+06 -3.24073e+08
130898 2.4e+06 -3.27058e+08
128733 2.4e+06 -3.26316e+08
126278 2.4e+06 -3.25127e+08
123320 2.4e+06 -3.23628e+08
114253 2.4e+06 -3.09913e+08
110304 2.4e+06 -3.06022e+08
108534 2.4e+06 -3.04273e+08
106761 2.4e+06 -3.02516e+08
104505 2.4e+06 -3.00275e+08
99535.8 2.4e+06 -2.95327e+08
94552.6 2.4e+06 -2.90351e+08
89779.1 2.4e+06 -2.85568e+08
86328.5 2.4e+06 -2.82103e+08
82881.1 2.4e+06 -2.78645e+08
80073.4 2.4e+06 -2.75825e+08
77947 2.4e+06 -2.70421e+08
75776.8 2.4e+06 -2.6493e+08
72944.8 2.4e+06 -2.57793e+08
65780.7 2.4e+06 -2.39911e+08
58327.2 2.4e+06 -2.2145e+08
50527.4 2.4e+06 -2.02293e+08
42070.7 2.4e+06 -1.81792e+08
33302.3 2.4e+06 -1.60669e+08
24120.7 2.4e+06 -1.38715e+08
14327.7 2.4e+06 -1.15517e+08
5944.5 2.4e+06 -9.51376e+07
-971.809 2.4e+06 -7.76914e+07
-5866.79 2.4e+06 -6.42809e+07
-9255.11 2.4e+06 -5.38837e+07
-11766.6 2.4e+06 -4.52503e+07
-13854.7 2.4e+06 -3.75455e+07
-15646.9 2.4e+06 -3.04324e+07
-17235.5 2.4e+06 -2.37237e+07
-18576.5 2.4e+06 -1.74882e+07
-19371.3 2.4e+06 -1.23451e+07
-19471.7 2.4e+06 -8.58408e+06
-18991.8 2.4e+06 -5.92313e+06
-17889 2.4e+06 -4.50811e+06
-17987.7 2.4e+06 -780496
-19786.1 2.4e+06 5.49634e+06
-21541.1 2.4e+06 1.16862e+07
-23412.2 2.4e+06 1.81667e+07
-25637 2.4e+06 2.59426e+07
-27809.4 2.4e+06 3.36139e+07
-29953.8 2.4e+06 4.12317e+07
-31832.3 2.4e+06 4.8349e+07
-33430.1 2.4e+06 5.49049e+07
-34710 2.4e+06 6.07569e+07
-35509.8 2.4e+06 6.48595e+07
-35906.2 2.4e+06 6.81553e+07
-36171.6 2.4e+06 7.13023e+07
-36437.4 2.4e+06 7.58665e+07
-36498.2 2.4e+06 8.00207e+07
-37674.3 2.4e+06 8.6431e+07
-40557.5 2.4e+06 9.65996e+07
-42643.7 2.4e+06 1.05174e+08
-44535.6 2.4e+06 1.13366e+08
-46398.1 2.4e+06 1.21576e+08
-47836.5 2.4e+06 1.28938e+08
-49837.2 2.4e+06 1.37425e+08
-53894.3 2.4e+06 1.50026e+08
-58102.8 2.4e+06 1.62929e+08
-61596.5 2.4e+06 1.74408e+08
-66007.4 2.4e+06 1.87825e+08
-70904.7 2.4e+06 2.02214e+08
-76229.1 2.4e+06 2.1745e+08
-82263.7 2.4e+06 2.33938e+08
-88208.4 2.4e+06 2.50247e+08
-94711.1 2.4e+06 2.67675e+08
-100823 2.4e+06 2.8441e+08
-105598 2.4e+06 2.98471e+08
-110053 2.4e+06 3.11864e+08
-113666 2.4e+06 3.22863e+08
-117055 2.4e+06 3.33415e+08
-120297 2.4e+06 3.43669e+08
-121811 2.4e+06 3.50401e+08
-119962 2.4e+06 3.50406e+08
-117883 2.4e+06 3.49853e+08
-117199 2.4e+06 3.4809e+08
-116514 2.4e+06 3.46324e+08
-115710 2.4e+06 3.4426e+08
-109330 2.4e+06 3.27964e+08
-102659 2.4e+06 3.11085e+08
-95685.5 2.4e+06 2.93603e+08
-88364.4 2.4e+06 2.75398e+08
-80566 2.4e+06 2.56239e+08
-72291 2.4e+06 2.36127e+08
-63612.6 2.4e+06 2.15217e+08
-54301.8 2.4e+06 1.93042e+08
-44995.8 2.4e+06 1.70876e+08
-36239.8 2.4e+06 1.49794e+08
-27501.7 2.4e+06 1.28748e+08
-19894 2.4e+06 1.09962e+08
-13400.1 2.4e+06 9.35708e+07
-6845.5 2.4e+06 7.70592e+07
-552.713 2.4e+06 6.1071e+07
5017.08 2.4e+06 4.66793e+07
10358.2 2.4e+06 3.27463e+07
15517.1 2.4e+06 1.91776e+07
21165.9 2.4e+06 4.01631e+06
26630.9 2.4e+06 -1.07857e+07
31778.8 2.4e+06 -2.49537e+07
37444 2.4e+06 -4.07014e+07
42432 2.4e+06 -5.51053e+07
47005.1 2.4e+06 -6.86794e+07
49528.4 2.4e+06 -7.7317e+07
51948.4 2.4e+06 -8.57269e+07
54281.9 2.4e+06 -9.39637e+07
57201.6 2.4e+06 -1.04474e+08
60006.7 2.4e+06 -1.14788e+08
63192.1 2.4e+06 -1.25864e+08
66139.5 2.4e+06 -1.37087e+08
67873.4 2.4e+06 -1.45906e+08
69406.6 2.4e+06 -1.54323e+08
71404.2 2.4e+06 -1.63645e+08
73558.9 2.4e+06 -1.73281e+08
75840.7 2.4e+06 -1.83171e+08
78448.7 2.4e+06 -1.93721e+08
80778.3 2.4e+06 -2.03714e+08
82753 2.4e+06 -2.12998e+08
85188.3 2.4e+06 -2.24875e+08
87387.8 2.4e+06 -2.36372e+08
87870.7 2.4e+06 -2.44436e+08
88141.5 2.4e+06 -2.50438e+08
88294.1 2.4e+06 -2.56103e+08
87909.9 2.4e+06 -2.60694e+08
87490 2.4e+06 -2.65159e+08
86230.8 2.4e+06 -2.67941e+08
81653.6 2.4e+06 -2.64087e+08
76855.7 2.4e+06 -2.59033e+08
68782.1 2.4e+06 -2.47373e+08
62711.9 2.4e+06 -2.39718e+08
62571.8 2.4e+06 -2.39598e+08
62189.9 2.4e+06 -2.38649e+08
61807.1 2.4e+06 -2.37699e+08
54504.6 2.4e+06 -2.1963e+08
46237 2.4e+06 -1.99348e+08
37473.2 2.4e+06 -1.78074e+08
26698.3 2.4e+06 -1.52108e+08
15042.1 2.4e+06 -1.24318e+08
2949.22 2.4e+06 -9.56553e+07
-9763.17 2.4e+06 -6.57378e+07
-19040.7 2.4e+06 -4.26885e+07
-24277.2 2.4e+06 -2.77214e+07
-27643 2.4e+06 -1.73309e+07
-30507.6 2.4e+06 -8.03148e+06
-33067.2 2.4e+06 658004
-35413 2.4e+06 8.9803e+06
-37550.2 2.4e+06 1.6892e+07
-39502.6 2.4e+06 2.44342e+07
-41259.7 2.4e+06 3.1488e+07
-42893.5 2.4e+06 3.82836e+07
-44403.6 2.4e+06 4.48318e+07
-45298.4 2.4e+06 5.0172e+07
-45798.8 2.4e+06 5.47262e+07
-45711.5 2.4e+06 5.81052e+07
-43076.6 2.4e+06 5.71746e+07
-44966.3 2.4e+06 6.53983e+07
-47870.2 2.4e+06 7.56504e+07
-50693.2 2.4e+06 8.57405e+07
-53476.9 2.4e+06 9.57519e+07
-55893.2 2.4e+06 1.05028e+08
-58264.2 2.4e+06 1.14273e+08
-60243.2 2.4e+06 1.22742e+08
-60919.3 2.4e+06 1.28605e+08
-61330.1 2.4e+06 1.34011e+08
-61356.4 2.4e+06 1.38659e+08
-62893.7 2.4e+06 1.46329e+08
-65430.7 2.4e+06 1.55918e+08
-67344.8 2.4e+06 1.64249e+08
-69049.4 2.4e+06 1.72161e+08
-70821.3 2.4e+06 1.80165e+08
-72561 2.4e+06 1.88097e+08
-73953.5 2.4e+06 1.95334e+08
-77834.2 2.4e+06 2.08283e+08
-81670.7 2.4e+06 2.21273e+08
-85598 2.4e+06 2.34446e+08
-89271.8 2.4e+06 2.46529e+08
-93365 2.4e+06 2.59344e+08
-97232.5 2.4e+06 2.71707e+08
-101083 2.4e+06 2.83904e+08
-104826 2.4e+06 2.95859e+08
-108284 2.4e+06 3.07244e+08
-110574 2.4e+06 3.1488e+08
-112588 2.4e+06 3.21681e+08
-114556 2.4e+06 3.28389e+08
-117353 2.4e+06 3.3814e+08
-119997 2.4e+06 3.4787e+08
-117962 2.4e+06 3.48246e+08
-115311 2.4e+06 3.46309e+08
-112392 2.4e+06 3.43605e+08
-108954 2.4e+06 3.39863e+08
-85122.1 2.4e+06 2.9348e+08
-82570.2 2.4e+06 2.89241e+08
-79965.4 2.4e+06 2.84896e+08
-79464.4 2.4e+06 2.84058e+08
-79464.4 2.4e+06 2.84058e+08
-79464.4 2.4e+06 2.84058e+08
-79464.4 2.4e+06 2.84058e+08
-79464.4 2.4e+06 2.84058e+08
-79464.4 2.4e+06 2.84058e+08
-73398.9 2.4e+06 2.74769e+08
-68991.6 2.4e+06 2.69508e+08
-64085.8 2.4e+06 2.6325e+08
-37050.6 2.4e+06 2.13561e+08
-39325.4 2.4e+06 2.22706e+08
-36407.5 2.4e+06 2.21466e+08
-35829.5 2.4e+06 2.21213e+08
-35630.1 2.4e+06 2.2073e+08
-35430.8 2.4e+06 2.20246e+08
-28708.3 2.4e+06 2.04032e+08
-19729.2 2.4e+06 1.82562e+08
-10504 2.4e+06 1.60601e+08
724.6 2.4e+06 1.33913e+08
11201 2.4e+06 1.08524e+08
20482.5 2.4e+06 8.55254e+07
28032.2 2.4e+06 6.59838e+07
35856.5 2.4e+06 4.58915e+07
42600.3 2.4e+06 2.796e+07
47704.5 2.4e+06 1.32758e+07
51976.5 2.4e+06 246254
54783.9 2.4e+06 -9.85394e+06
56747 2.4e+06 -1.82082e+07
53158.7 2.4e+06 -1.54421e+07
43777.6 2.4e+06 -1.09022e+06
48223 2.4e+06 -1.44106e+07
52624.7 2.4e+06 -2.76499e+07
54814.9 2.4e+06 -3.64662e+07
56553.3 2.4e+06 -4.4385e+07
58027.8 2.4e+06 -5.17778e+07
59353.6 2.4e+06 -5.88733e+07
60926.6 2.4e+06 -6.64632e+07
62310.8 2.4e+06 -7.36755e+07
62938.6 2.4e+06 -7.9375e+07
63511.6 2.4e+06 -8.49713e+07
64028.2 2.4e+06 -9.04572e+07
64459.7 2.4e+06 -9.57729e+07
64797.3 2.4e+06 -1.00894e+08
65214.7 2.4e+06 -1.06173e+08
65772.3 2.4e+06 -1.11732e+08
65664.4 2.4e+06 -1.16603e+08
63091.4 2.4e+06 -1.16782e+08
61586.7 2.4e+06 -1.19099e+08
63100.5 2.4e+06 -1.26815e+08
64633.1 2.4e+06 -1.34324e+08
66141.7 2.4e+06 -1.41785e+08
67668.8 2.4e+06 -1.49916e+08
69078.2 2.4e+06 -1.58061e+08
70382.7 2.4e+06 -1.65996e+08
70934.6 2.4e+06 -1.72431e+08
71110.3 2.4e+06 -1.78117e+08
71212.8 2.4e+06 -1.83656e+08
71245.7 2.4e+06 -1.88427e+08
71206.6 2.4e+06 -1.92793e+08
71034 2.4e+06 -1.96891e+08
70588.5 2.4e+06 -2.01694e+08
70441.6 2.4e+06 -2.07625e+08
70525.2 2.4e+06 -2.14018e+08
70559.6 2.4e+06 -2.19692e+08
70422.1 2.4e+06 -2.24751e+08
70104.6 2.4e+06 -2.29451e+08
69269.2 2.4e+06 -2.3312e+08
64816.7 2.4e+06 -2.29558e+08
60651.1 2.4e+06 -2.2657e+08
57556 2.4e+06 -2.25118e+08
54459.3 2.4e+06 -2.23386e+08
51259.4 2.4e+06 -2.21446e+08
48103 2.4e+06 -2.19526e+08
44964.9 2.4e+06 -2.1761e+08
41822.5 2.4e+06 -2.15685e+08
38643.5 2.4e+06 -2.13732e+08
35498.5 2.4e+06 -2.1187e+08
33107.8 2.4e+06 -2.11515e+08
31024.4 2.4e+06 -2.11203e+08
29093.2 2.4e+06 -2.10911e+08
27160.6 2.4e+06 -2.10616e+08
26925.5 2.4e+06 -2.1058e+08
24605.2 2.4e+06 -2.0478e+08
22215.6 2.4e+06 -1.98841e+08
16515.9 2.4e+06 -1.8473e+08
8931.03 2.4e+06 -1.6604e+08
1067.44 2.4e+06 -1.46793e+08
-7483.85 2.4e+06 -1.26045e+08
-16447.3 2.4e+06 -1.04405e+08
-25499.4 2.4e+06 -8.25872e+07
-34448 2.4e+06 -6.10964e+07
-42857.6 2.4e+06 -4.07493e+07
-48220 2.4e+06 -2.64966e+07
-51323.3 2.4e+06 -1.6697e+07
-53404.4 2.4e+06 -8.90551e+06
-54892.6 2.4e+06 -2.29962e+06
-55944.3 2.4e+06 3.45951e+06
-56439.8 2.4e+06 8.12147e+06
-56360.3 2.4e+06 1.16332e+07
-55989.3 2.4e+06 1.4467e+07
-55329.5 2.4e+06 1.66674e+07
-55436.9 2.4e+06 2.04021e+07
-56829 2.4e+06 2.67168e+07
-58122.9 2.4e+06 3.28414e+07
-59287.1 2.4e+06 3.87065e+07
-60522.4 2.4e+06 4.53793e+07
-61746.6 2.4e+06 5.24393e+07
-62845 2.4e+06 5.92478e+07
-63695.1 2.4e+06 6.49773e+07
-64393 2.4e+06 7.0036e+07
-65070.3 2.4e+06 7.50536e+07
-65927.1 2.4e+06 8.14466e+07
-66790.7 2.4e+06 8.8508e+07
-67563.8 2.4e+06 9.53884e+07
-68187.4 2.4e+06 1.01443e+08
-68692.6 2.4e+06 1.06914e+08
-68802.7 2.4e+06 1.11595e+08
-68531.7 2.4e+06 1.15494e+08
-67884.8 2.4e+06 1.18628e+08
-66531 2.4e+06 1.20348e+08
-62967.9 2.4e+06 1.17708e+08
-64420.1 2.4e+06 1.25141e+08
-65439.2 2.4e+06 1.31707e+08
-66497.1 2.4e+06 1.38853e+08
-67541.4 2.4e+06 1.46326e+08
-68502.5 2.4e+06 1.53633e+08
-69216.1 2.4e+06 1.60421e+08
-69782.9 2.4e+06 1.66898e+08
-70340.6 2.4e+06 1.73356e+08
-70306.2 2.4e+06 1.78659e+08
-69496.4 2.4e+06 1.82433e+08
-68216.2 2.4e+06 1.85266e+08
-67071.1 2.4e+06 1.88374e+08
-64557 2.4e+06 1.88747e+08
-61251.2 2.4e+06 1.87537e+08
-57878.5 2.4e+06 1.86198e+08
-54632.9 2.4e+06 1.85117e+08
-40805.6 2.4e+06 1.62872e+08
-32830.4 2.4e+06 1.51824e+08
-34368.8 2.4e+06 1.59403e+08
-36371 2.4e+06 1.6791e+08
-36661.7 2.4e+06 1.72962e+08
-34838.7 2.4e+06 1.7376e+08
-33005 2.4e+06 1.74538e+08
-30928.2 2.4e+06 1.7539e+08
-28646.4 2.4e+06 1.76294e+08
-26352.3 2.4e+06 1.77175e+08
-24470.1 2.4e+06 1.77876e+08
-22938.9 2.4e+06 1.78434e+08
-21403.1 2.4e+06 1.78983e+08
-20223.8 2.4e+06 1.79398e+08
-19353.8 2.4e+06 1.79699e+08
-18482.4 2.4e+06 1.79999e+08
-17543 2.4e+06 1.80317e+08
-16543.3 2.4e+06 1.80653e+08
-15541.8 2.4e+06 1.80985e+08
-15021 2.4e+06 1.81156e+08
-14934.2 2.4e+06 1.81185e+08
-14847.4 2.4e+06 1.81213e+08
-11926.3 2.4e+06 1.74068e+08
-5698.71 2.4e+06 1.58924e+08
720.81 2.4e+06 1.43397e+08
8130.48 2.4e+06 1.2559e+08
16495.6 2.4e+06 1.05593e+08
25174.9 2.4e+06 8.49663e+07
35571.9 2.4e+06 6.03052e+07
47460.4 2.4e+06 3.20843e+07
58267.9 2.4e+06 6.02558e+06
65674.5 2.4e+06 -1.32316e+07
71199 2.4e+06 -2.87246e+07
74719 2.4e+06 -4.02084e+07
76528.5 2.4e+06 -4.82713e+07
78057.5 2.4e+06 -5.57732e+07
79987.3 2.4e+06 -6.40766e+07
81573.8 2.4e+06 -7.17018e+07
79772.7 2.4e+06 -7.25603e+07
77963.9 2.4e+06 -7.34032e+07
62068.8 2.4e+06 -4.60574e+07
73692 2.4e+06 -7.37308e+07
71717.9 2.4e+06 -7.42097e+07
55087 2.4e+06 -4.53836e+07
67063.1 2.4e+06 -7.37806e+07
70539.5 2.4e+06 -8.5178e+07
72089.5 2.4e+06 -9.27302e+07
73298.5 2.4e+06 -9.96089e+07
74375.1 2.4e+06 -1.06223e+08
75328.1 2.4e+06 -1.12581e+08
76152.7 2.4e+06 -1.18675e+08
76783.2 2.4e+06 -1.24379e+08
77298.5 2.4e+06 -1.29854e+08
77704.2 2.4e+06 -1.35109e+08
77991.2 2.4e+06 -1.40127e+08
78125.7 2.4e+06 -1.45242e+08
75653 2.4e+06 -1.45614e+08
73175.3 2.4e+06 -1.45976e+08
70686.7 2.4e+06 -1.46328e+08
68185.2 2.4e+06 -1.46668e+08
59879.5 2.4e+06 -1.35399e+08
50921.5 2.4e+06 -1.22818e+08
59208.3 2.4e+06 -1.44718e+08
60994.4 2.4e+06 -1.53616e+08
61435.2 2.4e+06 -1.59823e+08
61631.1 2.4e+06 -1.65541e+08
61644.9 2.4e+06 -1.70895e+08
61591.8 2.4e+06 -1.75743e+08
61411.5 2.4e+06 -1.7986e+08
60492.1 2.4e+06 -1.82499e+08
59265.3 2.4e+06 -1.85653e+08
57393 2.4e+06 -1.88999e+08
54807.1 2.4e+06 -1.90917e+08
51045.6 2.4e+06 -1.90488e+08
46084.4 2.4e+06 -1.87665e+08
41246.7 2.4e+06 -1.85089e+08
37739 2.4e+06 -1.84803e+08
34473.1 2.4e+06 -1.84496e+08
31190 2.4e+06 -1.84155e+08
28482.6 2.4e+06 -1.83852e+08
26595.7 2.4e+06 -1.83632e+08
24705 2.4e+06 -1.83404e+08
22210.4 2.4e+06 -1.83094e+08
18847.4 2.4e+06 -1.82659e+08
15476.2 2.4e+06 -1.82209e+08
13647.7 2.4e+06 -1.81958e+08
11862.1 2.4e+06 -1.77564e+08
10052.7 2.4e+06 -1.73122e+08
8963.73 2.4e+06 -1.7045e+08
8963.73 2.4e+06 -1.7045e+08
8963.73 2.4e+06 -1.7045e+08
5798.36 2.4e+06 -1.62694e+08
-2462.67 2.4e+06 -1.4256e+08
-11157.6 2.4e+06 -1.21559e+08
-20893.5 2.4e+06 -9.81644e+07
-32257 2.4e+06 -7.10271e+07
-43852.9 2.4e+06 -4.34249e+07
-55194.3 2.4e+06 -1.62962e+07
-62256.1 2.4e+06 2.33036e+06
-66493.8 2.4e+06 1.53087e+07
-69093.8 2.4e+06 2.5056e+07
-70895.1 2.4e+06 3.3279e+07
-71943.7 2.4e+06 3.99966e+07
-72437.4 2.4e+06 4.52068e+07
-72600.3 2.4e+06 4.90862e+07
-72510.9 2.4e+06 5.24609e+07
-71593.9 2.4e+06 5.52197e+07
-70289.1 2.4e+06 5.89945e+07
-72756.1 2.4e+06 7.03127e+07
-74175.2 2.4e+06 7.72263e+07
-74175.2 2.4e+06 7.72263e+07
-74175.2 2.4e+06 7.72263e+07
-75025.8 2.4e+06 8.15249e+07
-77154.5 2.4e+06 9.30746e+07
-78752.1 2.4e+06 1.03562e+08
-79513.9 2.4e+06 1.13267e+08
-79749.7 2.4e+06 1.23567e+08
-79335.9 2.4e+06 1.32568e+08
-78140.1 2.4e+06 1.39115e+08
-76593.6 2.4e+06 1.43272e+08
-75041.5 2.4e+06 1.47418e+08
-72856 2.4e+06 1.50942e+08
-69751.2 2.4e+06 1.5388e+08
-66275.9 2.4e+06 1.56077e+08
-62143.8 2.4e+06 1.56335e+08
-59719.8 2.4e+06 1.58762e+08
-57237.8 2.4e+06 1.61073e+08
-54623.7 2.4e+06 1.63349e+08
-51792.1 2.4e+06 1.65658e+08
-48909.2 2.4e+06 1.67865e+08
-45515 2.4e+06 1.70298e+08
-41069.8 2.4e+06 1.73244e+08
-36547.4 2.4e+06 1.76035e+08
-32209.1 2.4e+06 1.78554e+08
-28361.3 2.4e+06 1.80678e+08
-24478.7 2.4e+06 1.82734e+08
-21562 2.4e+06 1.84226e+08
-20830.1 2.4e+06 1.84594e+08
-20097.1 2.4e+06 1.8496e+08
-18819.4 2.4e+06 1.85592e+08
-16305.6 2.4e+06 1.86814e+08
-13781.2 2.4e+06 1.88016e+08
-11342.1 2.4e+06 1.89134e+08
-9133.83 2.4e+06 1.90127e+08
-6918.72 2.4e+06 1.91106e+08
-4441.22 2.4e+06 1.92182e+08
-1344.76 2.4e+06 1.935e+08
1763.79 2.4e+06 1.94793e+08
4515.46 2.4e+06 1.95914e+08
6373.27 2.4e+06 1.96659e+08
8235.04 2.4e+06 1.97396e+08
9762.1 2.4e+06 1.97994e+08
10441.1 2.4e+06 1.98258e+08
11120.7 2.4e+06 1.9852e+08
11145.1 2.4e+06 1.9853e+08
9360.66 2.4e+06 1.98125e+08
18433.3 2.4e+06 1.76006e+08
28161.6 2.4e+06 1.52496e+08
38996.4 2.4e+06 1.26559e+08
50371.8 2.4e+06 9.95405e+07
63017.7 2.4e+06 6.97058e+07
78201.9 2.4e+06 3.40448e+07
82741.7 2.4e+06 1.96725e+07
78958 2.4e+06 2.21816e+07
76831.7 2.4e+06 2.20327e+07
74891.9 2.4e+06 2.15106e+07
73406.7 2.4e+06 1.93156e+07
86272.9 2.4e+06 -1.37841e+07
89057.1 2.4e+06 -2.67198e+07
91361 2.4e+06 -3.85342e+07
84028.1 2.4e+06 -3.05976e+07
48821.4 2.4e+06 3.30864e+07
70484.1 2.4e+06 -1.83747e+07
74613.4 2.4e+06 -3.90667e+07
82031.2 2.4e+06 -6.63355e+07
86479 2.4e+06 -8.8523e+07
90159 2.4e+06 -1.11878e+08
90124.1 2.4e+06 -1.27803e+08
88094.8 2.4e+06 -1.39112e+08
85214.1 2.4e+06 -1.46682e+08
81701.9 2.4e+06 -1.52989e+08
75352.5 2.4e+06 -1.53216e+08
70028.2 2.4e+06 -1.54135e+08
64352.9 2.4e+06 -1.54352e+08
58828 2.4e+06 -1.54464e+08
54131.7 2.4e+06 -1.54833e+08
48503.8 2.4e+06 -1.53338e+08
35545.4 2.4e+06 -1.37192e+08
22918.7 2.4e+06 -1.21743e+08
24721.2 2.4e+06 -1.35151e+08
12625.1 2.4e+06 -1.20371e+08
15372.2 2.4e+06 -1.33837e+08
4425.18 2.4e+06 -1.19915e+08
1854.02 2.4e+06 -1.23264e+08
13585.3 2.4e+06 -1.57194e+08
10251.1 2.4e+06 -1.60993e+08
5225.66 2.4e+06 -1.61175e+08
444.675 2.4e+06 -1.60921e+08
-4381.62 2.4e+06 -1.60577e+08
-9107.15 2.4e+06 -1.60176e+08
-13305.2 2.4e+06 -1.59777e+08
-17520.6 2.4e+06 -1.59344e+08
-21050.8 2.4e+06 -1.59086e+08
-21857.8 2.4e+06 -1.59235e+08
-22665.6 2.4e+06 -1.59384e+08
-23714.6 2.4e+06 -1.59574e+08
-25816.9 2.4e+06 -1.59948e+08
-27923.7 2.4e+06 -1.60312e+08
-29935.3 2.4e+06 -1.60651e+08
-31499.1 2.4e+06 -1.6091e+08
-33064.9 2.4e+06 -1.61164e+08
-33982.2 2.4e+06 -1.6131e+08
-44962.6 2.4e+06 -1.3472e+08
-56544.4 2.4e+06 -1.06927e+08
-68624.5 2.4e+06 -7.81461e+07
-80909.1 2.4e+06 -4.89989e+07
-93399.6 2.4e+06 -1.94399e+07
-105008 2.4e+06 8.6371e+06
-113317 2.4e+06 3.15565e+07
-118233 2.4e+06 4.76885e+07
-120391 2.4e+06 5.86301e+07
-120865 2.4e+06 6.79209e+07
-120073 2.4e+06 7.46795e+07
-116572 2.4e+06 7.55879e+07
-119601 2.4e+06 8.71718e+07
-122277 2.4e+06 9.8053e+07
-124205 2.4e+06 1.07545e+08
-125787 2.4e+06 1.16985e+08
-126838 2.4e+06 1.25363e+08
-127487 2.4e+06 1.33068e+08
-127719 2.4e+06 1.4074e+08
-127440 2.4e+06 1.47389e+08
-126774 2.4e+06 1.53259e+08
-125623 2.4e+06 1.58124e+08
-124039 2.4e+06 1.62122e+08
-122230 2.4e+06 1.65681e+08
-120211 2.4e+06 1.68902e+08
-118022 2.4e+06 1.71781e+08
-115560 2.4e+06 1.74215e+08
-112471 2.4e+06 1.76094e+08
-108452 2.4e+06 1.76113e+08
-104275 2.4e+06 1.75819e+08
-101264 2.4e+06 1.77887e+08
-98107.3 2.4e+06 1.79664e+08
-94969.8 2.4e+06 1.81372e+08
-92137.2 2.4e+06 1.82872e+08
-89290.6 2.4e+06 1.84345e+08
-86294 2.4e+06 1.85821e+08
-72786 2.4e+06 1.68743e+08
-76421.6 2.4e+06 1.85952e+08
-72731.2 2.4e+06 1.88118e+08
-70321.2 2.4e+06 1.89481e+08
-67898.6 2.4e+06 1.90819e+08
-65456.8 2.4e+06 1.92136e+08
-62939.7 2.4e+06 1.93461e+08
-60410 2.4e+06 1.94762e+08
-57869.9 2.4e+06 1.96035e+08
-55342.7 2.4e+06 1.97272e+08
-52804.1 2.4e+06 1.98486e+08
-50253.3 2.4e+06 1.99679e+08
-47674.1 2.4e+06 2.00838e+08
-45074.3 2.4e+06 2.01955e+08
-42497.8 2.4e+06 2.0304e+08
-40283.3 2.4e+06 2.03953e+08
-38062 2.4e+06 2.04854e+08
-35918.6 2.4e+06 2.05704e+08
-34797.5 2.4e+06 2.06116e+08
-33674 2.4e+06 2.06524e+08
-32370.2 2.4e+06 2.06989e+08
-28732.5 2.4e+06 2.08249e+08
-25071.3 2.4e+06 2.09463e+08
-21528.1 2.4e+06 2.1059e+08
-19953.2 2.4e+06 2.11077e+08
-18374.9 2.4e+06 2.11558e+08
-16815.4 2.4e+06 2.12026e+08
-15597 2.4e+06 2.12386e+08
-14376.9 2.4e+06 2.12743e+08
-13136 2.4e+06 2.13103e+08
-11563.3 2.4e+06 2.13552e+08
-9988.05 2.4e+06 2.13997e+08
-8417.42 2.4e+06 2.14434e+08
-6981.01 2.4e+06 2.1483e+08
-5542.73 2.4e+06 2.15222e+08
-4079.92 2.4e+06 2.15616e+08
-2119.09 2.4e+06 2.16138e+08
-155.154 2.4e+06 2.16654e+08
1761.37 2.4e+06 2.17152e+08
2416.21 2.4e+06 2.1732e+08
3071.36 2.4e+06 2.17488e+08
3654.68 2.4e+06 2.17637e+08
2042.89 2.4e+06 2.17391e+08
9832.38 2.4e+06 1.98343e+08
18023.1 2.4e+06 1.78472e+08
28482.1 2.4e+06 1.53311e+08
39594 2.4e+06 1.26845e+08
51298.8 2.4e+06 9.91883e+07
64108.4 2.4e+06 6.91252e+07
75523.5 2.4e+06 4.18511e+07
70890 2.4e+06 4.66744e+07
78547.7 2.4e+06 2.69318e+07
66439.8 2.4e+06 4.67205e+07
76255 2.4e+06 2.26726e+07
64221.8 2.4e+06 4.31856e+07
73166.1 2.4e+06 2.17434e+07
61308 2.4e+06 4.19061e+07
70172.2 2.4e+06 2.06154e+07
58509 2.4e+06 4.03795e+07
67267 2.4e+06 1.93012e+07
