-5.59739e-05
-0.000111938
-0.000167893
-0.000223839
-0.000279775
-0.000335702
-0.00039162
-0.000447528
-0.000503427
-0.000559316
-0.000559316
-0.000559316
-0.000559316
-0.000559316
-0.000559317
-0.000559317
-0.000559317
-0.000559317
-0.000559317
-0.000559317
-0.000559317
-0.000559317
-0.000755094
-0.000950613
-0.00114587
-0.00134088
-0.00153564
-0.00201307
-0.00264408
-0.00342764
-0.00428008
-0.0051887
-0.0062342
-0.00722911
-0.00853425
-0.00986183
-0.0111404
-0.0124079
-0.0136822
-0.0148745
-0.0160449
-0.0172233
-0.0184086
-0.019601
-0.0208005
-0.0219214
-0.0228536
-0.0236974
-0.0245452
-0.0253739
-0.0260481
-0.0267252
-0.0274037
-0.0280838
-0.0280325
-0.0285616
-0.0282498
-0.0287183
-0.0268247
-0.0270189
-0.0272115
-0.0274031
-0.0275946
-0.0277859
-0.0279772
-0.0281682
-0.0283551
-0.0285379
-0.0286997
-0.0299177
-0.0325417
-0.0352859
-0.0358207
-0.0363557
-0.0368906
-0.0374253
-0.0379599
-0.0384962
-0.0390365
-0.0395767
-0.0401167
-0.0406565
-0.0411962
-0.0417358
-0.0422751
-0.0428143
-0.0433534
-0.0438923
-0.0444319
-0.0449758
-0.0455196
-0.0460632
-0.0466066
-0.0471499
-0.047693
-0.0482359
-0.0487787
-0.0493213
-0.0498638
-0.0504061
-0.0509483
-0.0514903
-0.0520321
-0.0525755
-0.0531704
-0.053773
-0.0543754
-0.0549776
-0.0555797
-0.0561816
-0.0567834
-0.057385
-0.0579865
-0.0585879
-0.059189
-0.0597901
-0.060391
-0.0609917
-0.0615923
-0.0621928
-0.0627948
-0.0633991
-0.0640032
-0.0646072
-0.065211
-0.0658147
-0.0664182
-0.0670215
-0.0676248
-0.0682278
-0.0688308
-0.0694336
-0.0700362
-0.0706387
-0.071241
-0.0718432
-0.0724453
-0.0730472
-0.073649
-0.0742506
-0.0748521
-0.0754534
-0.0760546
-0.0766566
-0.0772609
-0.0778651
-0.0784938
-0.0791144
-0.079735
-0.0803554
-0.0809756
-0.0811196
-0.0811156
-0.0790544
-0.0793649
-0.0796559
-0.0799468
-0.0802495
-0.0805774
-0.0809195
-0.0813646
-0.0819284
-0.0824948
-0.0830348
-0.0836181
-0.0842092
-0.0848002
-0.085391
-0.0859817
-0.0865722
-0.0890311
-0.0896336
-0.0902354
-0.0908371
-0.0914387
-0.09204
-0.0926413
-0.0932424
-0.093811
-0.09441
-0.0950088
-0.0956074
-0.096206
-0.0968046
-0.0974041
-0.0980035
-0.0986027
-0.0992018
-0.0998008
-0.1004
-0.100998
-0.101597
-0.102195
-0.102794
-0.103392
-0.10399
-0.104588
-0.105121
-0.105717
-0.106313
-0.106909
-0.107504
-0.1081
-0.108695
-0.10929
-0.109885
-0.11048
-0.111075
-0.11167
-0.112265
-0.112859
