-5.59739e-05
-0.000111938
-0.000167893
-0.000223839
-0.000279775
-0.000335702
-0.00039162
-0.000447528
-0.000503427
-0.000559316
-0.000559316
-0.000559316
-0.000559316
-0.000559316
-0.000559316
-0.000559316
-0.000559315
-0.000559315
-0.000559315
-0.000559315
-0.000559315
-0.000559315
-0.000363447
-0.000167654
2.80622e-05
0.000223706
0.00041928
0.000653361
0.000856284
0.00104153
0.00120017
0.00134163
0.00147178
0.00159075
0.00185843
0.00226473
0.0026544
0.00303996
0.00342684
0.00377258
0.00417185
0.00461799
0.00506436
0.00551189
0.00596051
0.0063784
0.00672509
0.0070383
0.00735236
0.0076587
0.00790744
0.00815705
0.00840668
0.00865643
0.00859404
0.00881912
0.00849967
0.00871029
0.00647248
0.00666903
0.00686276
0.00705723
0.0072517
0.00744619
0.0076407
0.00783514
0.00803173
0.00822807
0.00842783
0.00865342
0.00883304
0.00917462
0.00925621
0.00933726
0.00941824
0.00949916
0.00958001
0.00965926
0.0097351
0.00981087
0.00988658
0.00996224
0.0100378
0.0101134
0.0101889
0.0102643
0.0103397
0.010415
0.0104896
0.0105604
0.0106312
0.0107019
0.0107726
0.0108432
0.0109138
0.0109843
0.0110548
0.0111252
0.0111956
0.0112659
0.0113362
0.0114065
0.0114767
0.0115455
0.011565
0.0115772
0.0115894
0.0116016
0.0116138
0.011626
0.0116381
0.0116502
0.0116623
0.0116743
0.0116863
0.0116983
0.0117103
0.0117222
0.0117341
0.011746
0.0117564
0.0117649
0.0117733
0.0117817
0.0117901
0.0117985
0.0118069
0.0118152
0.0118236
0.0118319
0.0118401
0.0118484
0.0118566
0.0118649
0.0118731
0.0118813
0.0118894
0.0118976
0.0119057
0.0119138
0.0119219
0.01193
0.011938
0.0119453
0.0119505
0.0119556
0.011939
0.0119293
0.0119195
0.0119097
0.0118999
0.012159
0.0121543
0.0109614
0.0110863
0.0112389
0.0113914
0.0115374
0.0116718
0.011796
0.0118763
0.0119029
0.0119282
0.0119747
0.0119862
0.011994
0.0120017
0.0120095
0.0120173
0.012025
0.0120562
0.0120533
0.0120509
0.0120485
0.0120461
0.0120437
0.0120412
0.0120388
0.0120533
0.0120519
0.0120505
0.012049
0.0120476
0.012046
0.0120436
0.0120412
0.0120389
0.0120365
0.0120341
0.0120318
0.0120294
0.012027
0.0120246
0.0120222
0.0120198
0.0120174
0.012015
0.0120479
0.0120464
0.0120449
0.0120434
0.0120419
0.0120404
0.0120389
0.0120373
0.0120358
0.0120343
0.0120327
0.0120312
0.0120296
0.0120281
