0 0 0
-0.000224688 3.6524e-05 -2.09916e-22
-0.000449352 7.3048e-05 -2.07813e-21
-0.000673994 0.000109572 -2.68281e-21
-0.000898614 0.000146096 -1.22223e-21
-0.00112321 0.00018262 8.26785e-21
-0.00134779 0.000219145 -2.6835e-21
-0.00157234 0.000255669 -2.10744e-21
-0.00179687 0.000292194 -2.24529e-20
-0.00246623 0.000365536 2.36291e-16
-0.00457417 0.000538321 7.30888e-17
-0.00883816 0.00076329 -5.59516e-18
-0.0139294 0.000946929 1.92648e-17
-0.0187581 0.00108364 9.0344e-16
-0.023326 0.00120412 -4.00402e-16
-0.0278848 0.00131171 -5.99241e-15
-0.0321411 0.00140296 -6.25448e-15
-0.0362137 0.00148239 -3.32519e-14
-0.0401826 0.001556 -1.09052e-14
-0.0444917 0.00165051 -1.00442e-14
-0.0487708 0.00173799 -3.06768e-14
-0.0529826 0.0018191 -1.66316e-14
-0.057136 0.0018941 -9.70619e-15
-0.0612361 0.00196459 -1.11894e-14
-0.0652884 0.00203172 -1.03893e-14
-0.0692992 0.00209616 3.55488e-15
-0.0732742 0.00215831 4.23199e-14
-0.0772782 0.00222293 -1.63064e-15
-0.0814812 0.00230001 2.25558e-16
-0.0856958 0.00237643 -1.65803e-14
-0.0899162 0.00245073 -2.26491e-14
-0.0941366 0.00252225 -6.16079e-14
-0.0983525 0.00259084 -1.14988e-13
-0.102561 0.00265663 -1.09354e-13
-0.106761 0.00271986 -1.13047e-13
-0.110952 0.00278077 -1.00948e-13
-0.115134 0.00283958 -1.06133e-13
-0.119307 0.00289647 -9.23352e-14
-0.123472 0.00295159 -7.80003e-14
-0.127657 0.00300405 -9.50364e-14
-0.131868 0.00305346 -8.12673e-14
-0.136088 0.00310052 -7.97038e-14
-0.140288 0.00314731 -1.315e-13
-0.144485 0.00319244 -5.95691e-14
-0.148678 0.00323615 -1.77152e-13
-0.152864 0.00327863 -7.71195e-14
-0.157045 0.00332 -6.62523e-14
-0.161219 0.00336037 -8.43811e-14
-0.165386 0.00339979 -4.8151e-14
-0.169598 0.00344634 4.65772e-13
-0.173846 0.00349748 1.69427e-12
-0.178105 0.00354994 -7.47227e-13
-0.182378 0.00360332 1.23105e-12
-0.186667 0.00365711 -8.02173e-14
-0.190974 0.00371077 -1.2733e-12
-0.195299 0.00376369 -2.49302e-13
-0.199645 0.00381528 -4.56774e-14
-0.20401 0.003865 -1.97078e-13
-0.208395 0.00391239 -4.01662e-13
-0.212797 0.00395716 -2.48535e-13
-0.217216 0.00399913 1.20464e-12
-0.221648 0.00403826 -4.59196e-13
-0.226093 0.0040746 4.23778e-13
-0.230548 0.00410824 -2.11006e-13
-0.235011 0.00413963 -2.22254e-13
-0.239474 0.00416967 -1.36082e-12
-0.243939 0.00419853 3.91986e-12
-0.248405 0.00422634 -8.36528e-13
-0.252872 0.0042532 2.74024e-13
-0.257339 0.00427921 -1.80683e-13
-0.261807 0.00430445 4.39653e-13
-0.266276 0.00432899 -7.04503e-13
-0.270745 0.00435288 -1.37545e-12
-0.275215 0.00437617 -2.74547e-13
-0.279685 0.0043989 -6.10501e-13
-0.284169 0.00442018 -3.80011e-13
-0.288679 0.00443865 -1.03035e-12
-0.293205 0.00445518 1.13867e-13
-0.297735 0.00447084 1.52119e-12
-0.302257 0.00448697 1.84137e-12
-0.306781 0.00450228 2.27364e-12
-0.311306 0.00451699 3.41857e-12
-0.315831 0.00453125 2.17736e-13
-0.320355 0.00454521 -1.65852e-12
-0.324878 0.00455896 3.46739e-12
-0.329399 0.00457256 -1.97017e-12
-0.333919 0.00458605 -4.36159e-12
-0.338436 0.00459948 7.27478e-12
-0.342952 0.00461284 1.15051e-12
-0.347466 0.00462616 -5.12213e-12
-0.351979 0.00463943 3.15953e-12
-0.35649 0.00465265 -6.7055e-12
-0.361 0.00466583 8.35849e-12
-0.365509 0.00467895 -6.16408e-12
-0.370017 0.00469201 1.32894e-12
-0.374524 0.004705 9.24382e-12
-0.37903 0.00471793 8.00187e-13
-0.383536 0.00473077 1.0689e-12
-0.388041 0.00474354 1.35138e-11
-0.392545 0.00475622 5.67735e-12
-0.397049 0.00476881 4.56211e-13
-0.401553 0.00478131 7.46544e-12
-0.406057 0.00479371 1.8933e-12
-0.41056 0.00480601 7.48006e-12
-0.415064 0.0048182 -6.76197e-12
-0.419567 0.00483029 9.01148e-12
-0.42407 0.00484228 -2.21633e-11
-0.428574 0.00485415 -1.03966e-11
-0.433078 0.00486591 3.45492e-11
-0.437581 0.00487757 -2.65781e-12
-0.442086 0.00488911 -2.49424e-11
-0.44659 0.00490054 9.46552e-12
-0.451095 0.00491185 4.9511e-11
-0.4556 0.00492305 1.91368e-11
-0.460105 0.00493414 8.6851e-12
-0.464611 0.00494512 1.16722e-11
-0.469117 0.00495598 4.48354e-11
-0.473624 0.00496673 1.30577e-11
-0.478131 0.00497737 2.46001e-11
-0.482639 0.00498789 3.2846e-11
-0.487147 0.00499831 1.70482e-12
-0.491656 0.00500861 8.55293e-12
