0 0 0
42.9241 2.68337 5.14087e-17
85.8527 5.36674 8.31487e-17
128.786 8.05012 -1.45882e-16
171.723 10.7335 6.83118e-16
214.665 13.4169 4.40828e-16
257.612 16.1003 -1.21106e-15
300.563 18.7837 -1.67281e-16
343.518 21.4671 -2.91086e-16
371.626 22.8109 2.73958e-14
371.852 21.5756 -2.93352e-13
372.058 20.4288 -1.45583e-13
372.24 19.439 -3.20817e-13
372.429 18.4736 -3.83731e-12
372.597 17.7463 -2.80124e-12
372.793 16.9526 3.38805e-11
372.991 16.3135 4.10555e-12
373.189 15.8874 -8.65169e-12
373.414 15.476 2.07038e-12
373.666 15.0793 -2.76786e-12
373.946 14.6969 -9.71776e-14
374.256 14.3284 -1.34531e-12
374.593 13.9734 -4.7695e-13
374.964 13.6312 -7.39581e-13
375.346 13.5108 -5.48321e-13
375.747 13.4499 -5.3159e-13
376.178 13.3784 -4.72199e-13
376.638 13.2987 -4.26952e-13
377.126 13.2129 -3.92689e-13
377.641 13.1226 -3.59573e-13
378.181 13.0289 -3.39245e-13
378.744 12.9331 -3.10694e-13
379.331 12.8356 -2.82738e-13
379.901 12.8282 -1.7891e-12
380.386 13.0077 8.30108e-12
380.789 13.2623 8.97218e-13
381.219 13.3363 -4.37586e-12
381.676 13.2646 7.53177e-12
382.118 13.2116 -5.77069e-12
382.391 13.7884 3.58754e-11
382.661 14.218 -1.05245e-11
382.952 14.4606 -7.45242e-11
383.284 14.513 -5.1471e-12
383.643 14.433 -3.15115e-11
384.013 14.2726 6.44461e-11
384.391 14.0456 -1.60516e-11
384.783 13.7558 5.70156e-12
385.204 13.4098 6.07655e-11
385.64 13.0352 2.75389e-11
386.089 12.6461 1.05412e-10
386.527 12.354 -6.77448e-11
386.811 12.6976 2.20569e-11
387.093 12.9917 1.14673e-11
387.379 13.2218 -1.63562e-12
387.682 13.3687 -1.77472e-11
388.002 13.4433 1.89796e-11
388.332 13.4597 1.52752e-10
388.68 13.4198 4.28585e-10
389.044 13.3347 2.245e-11
389.419 13.2153 4.96204e-10
389.793 13.0837 1.41319e-10
390.162 12.9406 3.87529e-11
390.532 12.7812 2.04793e-10
390.906 12.6034 5.77362e-10
391.295 12.4047 -2.30271e-08
391.608 12.4967 4.09709e-08
391.848 12.8686 -3.9314e-08
392.094 13.1787 -8.69935e-08
392.348 13.4297 -1.65283e-07
392.611 13.6252 -2.98353e-07
392.882 13.7696 -6.76551e-07
393.163 13.8675 -1.54966e-06
393.452 13.9239 -3.53127e-06
393.739 13.9629 -9.07134e-06
394.02 13.9919 -1.0311e-05
394.297 14.0036 -5.13228e-07
394.574 13.9927 -1.15867e-06
394.855 13.9546 -1.11633e-05
395.156 13.8746 -3.74713e-06
395.461 13.775 -5.5713e-06
395.771 13.6587 -7.34357e-06
396.085 13.5277 -1.06731e-05
396.404 13.3848 -1.08167e-06
396.637 13.5464 2.3384e-07
396.795 13.9458 -3.49626e-07
396.958 14.2971 -1.32976e-06
397.127 14.6016 -3.53997e-06
397.303 14.8612 -8.38562e-06
397.485 15.0784 -1.10897e-05
397.676 15.2566 -3.49856e-06
397.874 15.3982 -3.11661e-06
398.077 15.5116 -1.17412e-05
398.264 15.6363 5.23766e-06
398.442 15.7588 -2.0758e-07
398.616 15.8693 -2.80448e-07
398.788 15.962 6.18125e-07
398.96 16.0331 2.08853e-06
399.151 16.0575 1.15137e-05
399.345 16.0596 6.32301e-05
399.542 16.0431 3.94111e-05
399.743 16.0089 1.54414e-05
399.946 15.9578 1.20458e-05
400.153 15.8921 6.49511e-06
400.364 15.8125 5.92664e-06
400.577 15.7209 5.90591e-06
400.794 15.6184 6.65196e-06
401.013 15.5064 8.28328e-06
401.235 15.3859 1.04327e-05
401.46 15.2582 1.53475e-05
401.688 15.1245 2.51191e-05
401.918 14.9856 3.23055e-06
402.15 14.8424 1.38509e-06
402.39 14.696 7.87263e-06
402.641 14.5488 8.96745e-06
402.895 14.4026 1.29322e-05
403.151 14.2581 2.19896e-05
403.41 14.1158 4.88535e-07
403.672 13.9758 1.72336e-07
403.836 14.1464 3.41907e-07
403.983 14.3832 -2.48937e-07
404.129 14.6067 -7.4512e-07
404.277 14.8172 -1.534e-06
404.426 15.0148 -2.99857e-06
404.576 15.1998 -5.32142e-06
404.713 15.4051 -5.75793e-06
404.833 15.6368 -1.39917e-05
404.94 15.8862 -9.84608e-07
405.035 16.1462 -1.5517e-06
405.121 16.409 -3.08378e-06
405.202 16.6677 1.30573e-06
405.299 16.8767 -2.12853e-06
405.402 17.0595 -2.99434e-06
405.505 17.23 -9.09977e-09
405.608 17.3877 1.42006e-05
405.711 17.5317 4.1997e-05
405.816 17.6624 6.33778e-05
405.923 17.779 2.74482e-05
406.032 17.8813 2.05165e-05
406.143 17.9695 1.76187e-05
406.257 18.0435 1.66686e-05
406.374 18.1042 1.92303e-05
406.494 18.152 2.57835e-05
406.617 18.1874 7.80175e-06
406.743 18.211 8.45287e-06
406.871 18.2235 9.48152e-06
407.003 18.2257 1.09106e-05
407.138 18.2182 1.281e-05
407.276 18.2016 1.04198e-05
407.416 18.1769 1.28511e-05
407.559 18.1448 2.75899e-05
407.704 18.1058 8.62811e-06
407.852 18.0603 7.15799e-06
408.001 18.0093 8.18066e-06
408.153 17.9532 9.59209e-06
408.307 17.8924 1.14542e-05
408.462 17.8276 1.66933e-05
408.619 17.7592 5.72949e-06
408.778 17.6875 6.15925e-06
408.938 17.6129 6.72949e-06
409.1 17.5358 7.43029e-06
409.263 17.4565 8.24591e-06
409.427 17.3754 9.18212e-06
409.593 17.2926 1.02108e-05
409.759 17.2085 1.13138e-05
409.927 17.1232 1.5132e-05
410.095 17.0376 2.40386e-06
410.25 16.9747 5.07651e-06
410.396 16.9263 5.62502e-06
410.534 16.8898 6.57044e-06
410.666 16.8622 8.05834e-06
410.791 16.8408 8.15777e-06
410.913 16.8233 9.03403e-06
411.031 16.8073 3.70835e-06
411.146 16.7907 2.53374e-06
411.273 16.7554 2.16402e-06
411.408 16.7071 1.98368e-06
411.542 16.6571 1.86083e-06
411.676 16.6055 1.75965e-06
411.81 16.552 1.66208e-06
411.944 16.4966 1.57396e-06
412.079 16.4393 1.48982e-06
412.215 16.38 1.40935e-06
412.351 16.3187 1.32714e-06
412.488 16.2555 1.25234e-06
412.625 16.1903 1.17909e-06
412.764 16.1238 9.14182e-07
412.903 16.0561 4.07584e-07
413.044 15.9838 9.09317e-07
413.186 15.9115 9.06989e-07
413.329 15.8375 8.74486e-07
413.473 15.7622 8.32016e-07
413.618 15.6855 7.89723e-07
413.764 15.6077 7.63233e-07
413.911 15.5286 6.91285e-07
414.06 15.4487 6.5268e-07
414.209 15.3679 5.99775e-07
414.36 15.2865 5.61695e-07
414.511 15.2044 5.47432e-07
414.664 15.1219 4.86712e-07
414.817 15.0389 4.70672e-07
414.901 15.1935 -1.91158e-06
