0 0
-0.000494736 1.25
-0.00197894 2.5
-0.00445263 3.75
-0.00791579 5
-0.0123684 6.25
-0.0178106 7.5
-0.0242422 8.75
-0.0316634 10
-0.0396523 11.25
-0.049119 12.5
-0.0593626 13.75
-0.0708598 15
-0.0828885 16.25
-0.0964033 17.5
-0.11094 18.75
-0.125312 20
-0.14182 21.25
-0.159354 22.5
-0.177913 23.75
-0.197497 25
-0.218106 26.25
-0.239738 27.5
-0.260738 28.75
-0.281583 30
-0.306029 31.25
-0.331505 32.5
-0.358011 33.75
-0.385539 35
-0.414006 36.25
-0.443509 37.5
-0.474118 38.75
-0.505753 40
-0.547147 41.25
-0.613733 42.5
-0.705766 43.75
-0.798974 45
-0.892345 46.25
-0.992089 47.5
-1.11999 48.75
-1.25449 50
-1.39043 51.25
-1.52298 52.5
-1.65406 53.75
-1.78665 55
-1.92061 56.25
-2.05433 57.5
-2.184 58.75
-2.31199 60
-2.43862 61.25
-2.56697 62.5
-2.71692 63.75
-2.8696 65
-3.0239 66.25
-3.17716 67.5
-3.32973 68.75
-3.48237 70
-3.63392 71.25
-3.78446 72.5
-3.93445 73.75
-4.08645 75
-4.24075 76.25
-4.39656 77.5
-4.5532 78.75
-4.70813 80
-4.874 81.25
-5.05018 82.5
-5.22709 83.75
-5.40455 85
-5.58244 86.25
-5.76065 87.5
-5.93913 88.75
-6.11784 90
-6.29855 91.25
-6.48198 92.5
-6.66755 93.75
-6.85472 95
-7.04277 96.25
-7.22898 97.5
-7.41579 98.75
-7.60314 100
-7.79098 101.25
-7.97928 102.5
-8.17898 103.75
-8.38914 105
-8.60011 106.25
-8.81175 107.5
-9.02397 108.75
-9.2367 110
-9.44987 111.25
-9.66346 112.5
-9.87778 113.75
-10.096 115
-10.3171 116.25
-10.5403 117.5
-10.7655 118.75
-10.9921 120
-11.2174 121.25
-11.4437 122.5
-11.6709 123.75
-11.899 125
-12.1279 126.25
-12.3577 127.5
-12.5882 128.75
-12.8195 130
-13.0515 131.25
-13.2842 132.5
-13.5176 133.75
-13.7517 135
-13.9865 136.25
-14.222 137.5
-14.4583 138.75
-14.6942 140
-14.9291 141.25
-15.1645 142.5
-15.4004 143.75
-15.637 145
-15.874 146.25
-16.1241 147.5
-16.3773 148.75
-16.6316 150
-16.887 151.25
-17.1435 152.5
-17.4011 153.75
-17.6617 155
-17.9258 156.25
-18.1932 157.5
-18.4634 158.75
-18.7362 160
-19.0112 161.25
-19.2853 162.5
-19.5599 163.75
-19.836 165
-20.1135 166.25
-20.3921 167.5
-20.672 168.75
-20.9531 170
-21.2352 171.25
-21.5183 172.5
-21.8023 173.75
-22.0873 175
-22.3732 176.25
-22.66 177.5
-22.9476 178.75
-23.2361 180
-23.5254 181.25
-23.8156 182.5
-24.1066 183.75
-24.3984 185
-24.6911 186.25
-24.9846 187.5
-25.2789 188.75
-25.5741 190
-25.8702 191.25
-26.1671 192.5
-26.465 193.75
-26.7637 195
-27.0633 196.25
-27.3638 197.5
-27.6652 198.75
-27.9675 200
-28.2708 201.25
-28.575 202.5
-28.8801 203.75
-29.1862 205
-29.4933 206.25
-29.8034 207.5
-30.116 208.75
-30.4309 210
-30.7481 211.25
-31.0674 212.5
-31.3885 213.75
-31.7114 215
-32.0358 216.25
-32.3598 217.5
-32.6837 218.75
-33.0089 220
-33.3353 221.25
-33.6628 222.5
-33.9915 223.75
-34.3212 225
-34.6521 226.25
-34.984 227.5
-35.317 228.75
-35.651 230
-35.986 231.25
-36.322 232.5
-36.659 233.75
-36.9969 235
-37.3359 236.25
-37.6758 237.5
-38.0166 238.75
-38.3584 240
-38.7012 241.25
-39.045 242.5
-39.3897 243.75
-39.7353 245
-40.0819 246.25
-40.4295 247.5
-40.7781 248.75
-41.1364 250
