0 0 0
-1.6324e-10 -25194.5 -3.84217e+07
-6.60435e-10 -50389.2 -7.68434e+07
-1.47386e-09 -75583.9 -1.15265e+08
-2.48571e-09 -100779 -1.53687e+08
-3.88877e-09 -125974 -1.92109e+08
-5.42207e-09 -151170 -2.30531e+08
-7.04506e-09 -176365 -2.68953e+08
-9.06857e-09 -201562 -3.07375e+08
0.00010571 -218464 -3.33146e+08
-3.85508e-05 -224755 -3.42735e+08
0.00252849 -226967 -3.46102e+08
0.00616343 -228123 -3.47857e+08
0.0048721 -227005 -3.46143e+08
1.94646e-06 -225718 -3.44171e+08
7.02548e-05 -223255 -3.40401e+08
-0.000388844 -220656 -3.36424e+08
9.29137e-05 -218234 -3.32717e+08
0.00232537 -215229 -3.28117e+08
-4.61809e-05 -212149 -3.23403e+08
0.00363211 -209357 -3.19128e+08
0.00331761 -206840 -3.15273e+08
-0.00198032 -204582 -3.11813e+08
0.00110126 -201999 -3.07856e+08
-0.000141039 -199410 -3.03887e+08
3.39821e-05 -197055 -3.00276e+08
0.000150527 -194913 -2.9699e+08
0.0031113 -192963 -2.93998e+08
-0.00433778 -191198 -2.91289e+08
0.000206197 -189596 -2.88828e+08
0.00047583 -188130 -2.86574e+08
0.00113057 -186785 -2.84505e+08
0.0168147 -185145 -2.81984e+08
0.00431289 -183531 -2.79502e+08
0.00533847 -182011 -2.77163e+08
0.00532889 -180593 -2.7498e+08
0.00554919 -179263 -2.72931e+08
0.00554415 -178016 -2.71009e+08
-0.00181681 -176851 -2.69211e+08
-0.00186654 -175769 -2.67541e+08
-0.0029905 -174754 -2.65973e+08
0.00258811 -173801 -2.64499e+08
0.00726098 -172904 -2.63112e+08
-7.08226e-05 -172061 -2.61805e+08
0.00125174 -171266 -2.60574e+08
0.00114837 -170518 -2.59411e+08
0.00106796 -169811 -2.58313e+08
0.00101169 -169143 -2.57275e+08
0.000965797 -168512 -2.56292e+08
0.000924728 -167915 -2.55362e+08
0.000337077 -167350 -2.54479e+08
-0.00377469 -166792 -2.53607e+08
0.00117284 -166101 -2.52531e+08
-0.00438533 -165426 -2.51478e+08
0.00399561 -164766 -2.50448e+08
0.00340832 -164122 -2.49444e+08
0.0011689 -163497 -2.48466e+08
-1.51919e-05 -162904 -2.47539e+08
-0.00169965 -162328 -2.46638e+08
0.000389549 -161770 -2.45763e+08
0.0014526 -161228 -2.44913e+08
-0.00138153 -160708 -2.44096e+08
-0.00393569 -160209 -2.43312e+08
0.00631983 -159728 -2.42553e+08
0.0101965 -159262 -2.4182e+08
0.00716481 -158813 -2.41111e+08
0.0061421 -158380 -2.40427e+08
0.00614087 -157962 -2.39765e+08
0.00465101 -157559 -2.39126e+08
0.00498385 -157170 -2.38508e+08
0.00525695 -156795 -2.37911e+08
0.00549395 -156432 -2.37334e+08
0.0056886 -156083 -2.36776e+08
0.00584123 -155745 -2.36237e+08
0.00595064 -155420 -2.35715e+08
0.0060183 -155105 -2.35211e+08
0.00604383 -154801 -2.34722e+08
0.0060431 -154508 -2.34249e+08
0.00600793 -154224 -2.33791e+08
0.00595241 -153950 -2.33348e+08
0.00587575 -153685 -2.32918e+08
0.00577088 -153428 -2.32501e+08
0.00565902 -153180 -2.32097e+08
0.00553843 -152940 -2.31706e+08
0.00540809 -152708 -2.31326e+08
0.00526543 -152483 -2.30957e+08
0.0051284 -152266 -2.30599e+08
0.00600037 -152046 -2.30237e+08
2.98552e-06 -151787 -2.29815e+08
0.00019526 -151532 -2.29397e+08
0.00023382 -151280 -2.28985e+08
0.000279942 -151032 -2.28578e+08
0.000540246 -150787 -2.28176e+08
0.000643661 -150545 -2.27778e+08
0.000761537 -150307 -2.27386e+08
0.000654862 -150072 -2.26999e+08
0.000763141 -149841 -2.26617e+08
0.000880079 -149613 -2.26241e+08
0.00100192 -149389 -2.25871e+08
0.00113263 -149169 -2.25506e+08
0.00126897 -148953 -2.25146e+08
0.00140708 -148741 -2.24793e+08
0.0015443 -148533 -2.24446e+08
0.00168316 -148329 -2.24104e+08
0.00181189 -148129 -2.23769e+08
0.00194042 -147933 -2.23439e+08
0.00206889 -147741 -2.23116e+08
0.00217839 -147553 -2.22799e+08
0.00278189 -147369 -2.22487e+08
0.00288879 -147189 -2.22182e+08
0.00299846 -147012 -2.21882e+08
0.00308656 -146840 -2.21588e+08
0.00317774 -146672 -2.213e+08
0.00322068 -146507 -2.21017e+08
0.00328556 -146346 -2.2074e+08
0.00333534 -146188 -2.20468e+08
0.00287215 -146034 -2.20201e+08
0.00287993 -145884 -2.1994e+08
0.00287404 -145737 -2.19683e+08
0.00286707 -145593 -2.19432e+08
0.00287782 -145452 -2.19185e+08
0.00283344 -145315 -2.18942e+08
0.00281099 -145180 -2.18705e+08
0.00277692 -145049 -2.18471e+08
0.00276148 -144920 -2.18242e+08
0.00270947 -144795 -2.18017e+08
0.00266497 -144672 -2.17797e+08
0.00261898 -144552 -2.1758e+08
0.00257405 -144434 -2.17367e+08
0.00253203 -144319 -2.17158e+08
0.0024605 -144207 -2.16953e+08
0.00241876 -144097 -2.16751e+08
0.00236837 -143989 -2.16553e+08
0.00231094 -143884 -2.16358e+08
0.0111512 -143781 -2.16166e+08
-2.32291e-05 -143672 -2.15966e+08
0.00397857 -143562 -2.15763e+08
0.00432041 -143451 -2.15559e+08
0.00464137 -143339 -2.15354e+08
0.00490589 -143227 -2.15147e+08
0.00526526 -143115 -2.14941e+08
0.00558583 -143003 -2.14734e+08
0.00578305 -142891 -2.14528e+08
0.00598007 -142780 -2.14323e+08
0.00670998 -142669 -2.14119e+08
0.00510906 -142561 -2.13917e+08
-0.00221687 -142461 -2.13729e+08
-0.000495391 -142362 -2.13542e+08
-0.00396952 -142265 -2.13357e+08
-0.00148365 -142169 -2.13175e+08
-0.000492867 -142075 -2.12994e+08
-0.000323246 -141982 -2.12816e+08
-6.79238e-05 -141890 -2.12639e+08
-3.88447e-05 -141800 -2.12465e+08
-7.31514e-05 -141712 -2.12293e+08
-9.89887e-05 -141625 -2.12123e+08
0.0106707 -141540 -2.11955e+08
-8.54282e-05 -141456 -2.1179e+08
-9.06911e-05 -141374 -2.11626e+08
-7.90513e-05 -141293 -2.11465e+08
-7.5302e-05 -141214 -2.11306e+08
-7.14974e-05 -141136 -2.1115e+08
-7.00012e-05 -141060 -2.10995e+08
-6.83943e-05 -140986 -2.10843e+08
-6.64e-05 -140913 -2.10693e+08
-6.42176e-05 -140841 -2.10545e+08
0.00147496 -140771 -2.10399e+08
0.00147893 -140702 -2.10255e+08
0.00151174 -140635 -2.10114e+08
0.00149193 -140570 -2.09974e+08
0.0010553 -140506 -2.09837e+08
0.00105083 -140443 -2.09701e+08
0.00107481 -140381 -2.09567e+08
0.0011 -140321 -2.09436e+08
-0.000314666 -140258 -2.09299e+08
1.03875e-05 -140193 -2.09159e+08
1.40448e-05 -140130 -2.09021e+08
0.000113053 -140067 -2.08885e+08
0.000123363 -140006 -2.0875e+08
0.000141889 -139945 -2.08616e+08
0.000160601 -139886 -2.08484e+08
0.000186594 -139827 -2.08353e+08
0.000213203 -139770 -2.08223e+08
0.000250031 -139713 -2.08095e+08
0.000287302 -139658 -2.07968e+08
0.000510754 -139603 -2.07842e+08
0.000583666 -139549 -2.07717e+08
0.000708056 -139497 -2.07594e+08
0.000811137 -139445 -2.07472e+08
0.00091825 -139393 -2.0735e+08
0.00107367 -139343 -2.0723e+08
0.00120042 -139294 -2.07111e+08
0.00118665 -139245 -2.06993e+08
0.00145575 -139197 -2.06876e+08
0.00163845 -139150 -2.0676e+08
0.00237983 -139103 -2.06645e+08
0.00261826 -139058 -2.0653e+08
0.00318845 -139013 -2.06417e+08
0.00363673 -138969 -2.06304e+08
0.00412559 -138925 -2.06193e+08
0.00502559 -138882 -2.06082e+08
