0 0 0
-42.9198 2.68339 -1.54224e-17
-85.8353 5.36678 -1.52679e-16
-128.746 8.05017 -1.97104e-16
-171.653 10.7336 -8.97966e-17
-214.556 13.417 6.07433e-16
-257.454 16.1004 -1.97155e-16
-300.348 18.7838 -1.54832e-16
-343.238 21.4673 -1.64959e-15
-371.713 22.3438 8.82134e-13
-372.326 19.0511 1.05466e-11
-373.222 16.1217 1.17522e-10
-374.756 14.2028 5.32576e-10
-377.107 13.403 -1.82285e-09
-372.592 12.2365 2.17512e-10
-250.83 7.41439 1.4694e-11
-208.18 6.90795 -5.44076e-11
-188.72 6.67372 -7.95981e-11
-175.529 6.78398 -5.42064e-11
-166.648 6.63263 1.6709e-12
-159.972 6.6364 -7.70977e-11
-154.614 6.58995 -7.86781e-11
-150.265 6.3907 -1.01752e-10
-146.767 6.19752 -8.47258e-11
-143.872 6.02759 -1.67439e-10
-141.378 5.98201 -9.12218e-11
-139.129 6.05327 -1.01741e-10
-137.08 5.9939 -1.4195e-10
-135.279 5.90579 -1.43618e-10
-133.683 5.81084 -7.11756e-11
-132.262 5.73329 -1.87834e-10
-130.986 5.67471 -6.8648e-10
-129.83 5.62989 -1.34527e-09
-128.767 5.57666 -2.41897e-09
-127.762 5.45132 2.09445e-11
-126.84 5.36096 -1.41855e-10
-125.984 5.2802 -5.12372e-10
-125.19 5.21616 -2.12422e-10
-124.442 5.20101 2.30922e-10
-123.709 5.2314 -1.11517e-10
-123.022 5.22992 -2.38992e-09
-122.376 5.20223 -2.30356e-10
-121.768 5.15604 -8.87048e-09
-121.194 5.09854 2.44128e-08
-120.65 5.03547 2.72481e-08
-120.128 4.93565 3.40632e-08
-119.626 4.80119 1.29725e-07
-119.149 4.68562 1.65148e-07
-118.694 4.57506 7.78939e-09
-118.26 4.47776 1.66105e-08
-117.845 4.39687 2.84192e-08
-117.449 4.33223 4.27939e-08
-117.07 4.282 5.98188e-08
-116.706 4.24381 8.00668e-08
-116.357 4.2153 1.76565e-07
-116.02 4.19437 3.1818e-07
-115.697 4.17926 5.41857e-07
-115.384 4.16856 8.91675e-07
-115.082 4.16114 1.40981e-06
-114.791 4.15609 2.14655e-06
-114.508 4.15276 5.54063e-06
-114.235 4.15058 8.49268e-07
-113.97 4.14916 -1.85437e-07
-113.712 4.14821 -3.90353e-07
-113.462 4.1475 -4.24002e-07
-113.219 4.14687 -3.8013e-07
-112.982 4.14619 -3.48476e-07
-112.751 4.14289 -3.38564e-07
-112.525 4.12288 -3.1152e-07
-112.304 4.09329 -2.85008e-07
-112.087 4.06241 -2.19651e-07
-111.876 4.04467 -2.80515e-07
-111.67 4.0271 -2.36061e-07
-111.469 4.01103 -2.05075e-07
-111.272 3.997 -2.29993e-07
-111.079 3.98541 -2.03058e-07
-110.89 3.97628 -2.03206e-07
-110.705 3.96946 -1.8212e-07
-110.524 3.9647 -1.72373e-07
-110.346 3.96171 -2.04091e-07
-110.172 3.96016 -1.02878e-07
-110.001 3.95977 -1.54388e-07
-109.834 3.96024 -1.26599e-07
-109.669 3.96135 -1.07372e-07
-109.507 3.96289 -2.20491e-07
-109.348 3.96471 -1.35965e-07
-109.191 3.96665 -1.35462e-07
-109.037 3.96862 -1.32276e-07
-108.885 3.97052 -2.0568e-07
-108.736 3.97231 -1.65264e-07
-108.589 3.97394 -5.7138e-08
-108.444 3.97536 -1.99276e-07
-108.301 3.97656 -1.08159e-07
-108.159 3.97754 -2.79857e-08
-108.02 3.97827 -6.13162e-08
-107.883 3.97877 -3.4872e-08
-107.747 3.97904 -1.27901e-07
-107.613 3.97906 -1.28973e-07
-107.481 3.97888 -7.40484e-08
-107.35 3.9785 -1.46439e-07
-107.22 3.97793 -9.76756e-08
-107.092 3.97717 -4.01774e-08
-106.966 3.97624 8.54224e-08
-106.841 3.97516 -1.10453e-07
-106.717 3.97393 -2.73496e-07
-106.594 3.98065 5.77248e-08
-106.471 4.00096 -2.03451e-06
-106.35 4.01898 -4.3892e-07
-106.229 4.03498 -9.82548e-07
-106.11 4.04923 -2.22552e-06
-105.992 4.06192 1.6454e-07
-105.875 4.07324 -1.3721e-06
-105.759 4.08335 -1.66671e-07
-105.644 4.0924 -8.53578e-07
-105.529 4.10051 -1.53039e-06
-105.416 4.10777 -9.79765e-07
-105.304 4.11428 -1.32842e-06
-105.192 4.12013 -1.29546e-06
-105.081 4.12538 -9.61372e-07
-104.971 4.1301 -1.24759e-06
-104.862 4.13434 -1.62972e-06
-104.753 4.13815 -6.98214e-07
-104.645 4.14157 -1.73955e-08
-104.538 4.14465 7.42162e-07
-104.431 4.1474 1.18206e-06
-104.325 4.14988 -1.11462e-07
-104.22 4.15209 -4.42751e-07
-104.115 4.15407 1.09031e-08
-104.011 4.15583 -1.5074e-06
-103.908 4.15739 -1.59689e-06
-103.805 4.15878 1.46669e-06
-103.702 4.16 1.81145e-06
-103.6 4.16107 8.32668e-07
-103.499 4.16201 1.59143e-06
-103.398 4.16282 1.26627e-06
-103.297 4.1635 -9.26528e-07
-103.197 4.16408 -2.36803e-08
-103.098 4.16455 1.75157e-07
-102.998 4.16493 3.13172e-07
-102.9 4.16522 -3.16178e-07
-102.801 4.16543 -6.89411e-07
-102.703 4.16557 -1.76673e-07
-102.605 4.16563 3.10052e-07
-102.508 4.16562 2.9781e-07
-102.411 4.16554 1.80424e-07
-102.315 4.1654 4.09777e-07
-102.218 4.16521 -3.78404e-07
-102.123 4.16496 -1.5439e-06
-102.027 4.16465 4.07792e-07
-101.932 4.16429 1.33314e-07
-101.837 4.16389 -2.42442e-07
-101.742 4.16342 8.22157e-07
-101.647 4.16292 5.73884e-07
-101.553 4.16238 4.52355e-07
-101.459 4.1618 2.40352e-07
-101.366 4.16116 2.08526e-06
-101.272 4.16049 1.70556e-06
-101.179 4.15978 -1.94236e-06
-101.086 4.15902 -2.21937e-07
-100.994 4.15823 -2.72998e-07
-100.901 4.1574 -1.9324e-06
-100.809 4.15653 -9.45732e-07
-100.717 4.15563 9.18814e-07
-100.625 4.15468 7.84461e-07
-100.533 4.15369 2.07575e-07
-100.442 4.15269 9.58555e-07
-100.351 4.15163 -6.16046e-07
-100.259 4.15053 -2.68464e-08
-100.169 4.14941 5.59837e-07
