0 0 0
42.9241 2.68337 -8.29141e-18
85.8527 5.36674 -2.64061e-16
128.786 8.05012 1.68982e-17
171.723 10.7335 -5.77218e-16
214.665 13.4169 -1.5558e-16
257.612 16.1003 -1.45231e-16
300.563 18.7837 5.14032e-16
343.518 21.4671 -1.2362e-16
371.619 22.8486 -1.58497e-14
371.827 21.7152 2.40941e-13
372.017 20.6563 3.36363e-12
372.183 19.7447 3.13233e-12
372.358 18.8139 -3.9779e-13
372.503 18.1439 -2.98019e-13
372.67 17.413 4.64952e-13
372.841 16.7676 -9.95493e-13
373.016 16.2459 -4.78681e-13
373.192 15.8715 -5.54833e-14
373.388 15.5083 -3.02266e-13
373.606 15.1564 -1.52694e-13
373.847 14.8157 -1.94979e-13
374.109 14.4858 -1.38814e-13
374.394 14.1665 -1.48996e-13
374.702 13.8593 3.58769e-14
375.041 13.5571 -1.18498e-13
375.373 13.4948 -1.08763e-13
375.727 13.4422 -1.01047e-13
376.104 13.3809 -9.28522e-14
376.504 13.3128 -7.7191e-14
376.926 13.2393 -7.69844e-14
377.37 13.1617 -7.25993e-14
377.833 13.081 -6.26787e-14
378.316 12.9979 -5.75674e-14
378.817 12.9132 -5.33788e-14
379.336 12.8272 -4.7516e-14
379.844 12.81 -9.35297e-12
380.286 12.944 -1.3821e-11
380.654 13.1754 4.14241e-13
381.003 13.3424 8.46059e-12
381.392 13.3422 2.95673e-11
381.797 13.2467 -5.40136e-11
382.161 13.2816 -9.89906e-12
382.397 13.7839 9.93291e-11
382.63 14.1768 -4.59419e-12
382.873 14.434 1.54634e-11
383.151 14.5316 3.17957e-11
383.452 14.5148 5.74707e-12
383.771 14.4129 1.73853e-11
384.094 14.2584 -9.19919e-11
384.425 14.053 -2.74981e-10
384.766 13.7994 1.33339e-11
385.13 13.5007 2.70297e-11
385.507 13.1762 -1.63575e-11
385.895 12.8374 5.81267e-11
386.293 12.492 -3.40452e-11
386.632 12.4314 8.33393e-11
386.88 12.7273 -5.26951e-12
387.126 12.9836 1.68404e-11
387.375 13.1909 7.44039e-12
387.637 13.3361 -3.06479e-11
387.913 13.4202 -3.49867e-10
388.198 13.4576 3.82258e-12
388.493 13.4512 -1.58426e-09
388.804 13.4024 -4.32281e-09
389.124 13.3221 -8.49667e-09
389.454 13.216 -1.73225e-08
389.782 13.1013 -3.17701e-08
390.107 12.9789 -7.59828e-08
390.431 12.8443 -1.92903e-07
390.757 12.6957 -5.1116e-07
391.087 12.5331 -1.94091e-06
391.436 12.3528 2.32563e-07
391.688 12.5273 5.02081e-08
391.899 12.8535 1.17711e-07
392.115 13.132 2.43186e-07
392.336 13.3645 2.04196e-07
392.565 13.5534 3.21118e-07
392.8 13.7013 6.31011e-07
393.042 13.8112 1.18062e-06
393.291 13.8866 2.82078e-06
393.546 13.931 6.83701e-06
393.798 13.9657 2.10733e-05
394.045 13.9928 1.44278e-06
394.289 14.007 3.83725e-06
394.533 14.0043 6.56364e-06
394.778 13.9827 3.18383e-07
395.033 13.9318 2.48098e-06
395.299 13.8554 2.51271e-05
395.568 13.7646 3.5949e-05
395.841 13.6609 2.34015e-05
396.118 13.5461 3.91211e-05
396.398 13.422 7.92219e-07
396.67 13.3312 1.00757e-06
396.809 13.7029 5.57573e-06
396.951 14.0374 1.89187e-05
397.097 14.3353 6.8765e-07
397.247 14.5976 2.63296e-06
397.403 14.8257 7.59927e-06
397.565 15.0211 2.39479e-05
397.732 15.186 3.25326e-06
397.905 15.3222 7.84014e-06
398.084 15.4318 2.07125e-05
398.26 15.5344 1.22737e-05
398.421 15.6492 -8.16338e-06
398.576 15.7583 -9.00321e-07
398.729 15.8572 -4.09274e-07
398.881 15.9421 -4.15829e-07
399.033 16.0104 -6.58907e-08
399.196 16.0449 3.50331e-06
399.366 16.0558 2.15589e-05
399.539 16.0514 2.82523e-05
399.714 16.0326 6.26159e-05
399.891 16 3.89778e-05
400.071 15.9547 1.18694e-05
400.254 15.8979 5.50284e-06
400.439 15.8303 4.08775e-06
400.627 15.7529 4.44255e-06
400.817 15.6665 5.16602e-06
401.01 15.5724 7.16478e-06
401.204 15.4711 1.04957e-05
401.401 15.3636 1.577e-05
401.601 15.2505 2.44788e-05
401.802 15.1328 2.1572e-06
402.004 15.011 3.30869e-06
402.209 14.8858 1.04983e-06
402.423 14.7573 1.54661e-06
402.644 14.628 1.74272e-06
402.867 14.4993 3.10979e-06
403.092 14.3716 5.38448e-06
403.32 14.2451 9.05537e-06
403.549 14.1203 1.85866e-05
403.78 13.9973 -1.19869e-06
403.959 14.0244 -2.51132e-06
404.089 14.2384 -1.55955e-06
404.219 14.4428 -1.55912e-06
404.35 14.6368 -1.38217e-06
404.481 14.8207 -1.12656e-06
404.614 14.9947 -7.37136e-07
404.747 15.1588 -1.05138e-07
404.869 15.3405 1.3897e-06
404.979 15.5434 1.44534e-06
405.077 15.7616 5.26659e-06
405.166 15.99 2.26231e-05
405.247 16.2235 1.09808e-06
405.322 16.4568 2.84091e-06
405.393 16.6854 8.9431e-06
405.483 16.8626 -1.10715e-05
405.574 17.0256 1.31088e-05
405.666 17.1793 -1.24811e-05
405.757 17.3229 -1.87303e-05
405.849 17.456 2.42966e-05
405.942 17.5787 2.95755e-06
406.036 17.6903 4.94903e-06
406.131 17.7911 5.60077e-06
406.228 17.8806 4.444e-06
406.327 17.9592 4.7914e-06
406.428 18.0268 5.02917e-06
406.531 18.0837 4.39413e-06
406.637 18.1303 5.38024e-06
406.745 18.1671 7.31232e-06
406.856 18.1944 1.02026e-05
406.968 18.2126 1.4459e-05
407.084 18.2224 2.40338e-05
407.201 18.2241 5.50586e-06
407.321 18.2183 7.14226e-06
407.443 18.2054 9.60499e-06
407.567 18.1858 7.86913e-06
407.693 18.1602 1.46753e-05
407.821 18.1291 3.9895e-06
407.951 18.0927 5.08793e-06
408.082 18.0517 1.05753e-05
408.216 18.0062 1.39572e-05
408.35 17.9566 1.44118e-05
408.487 17.9036 3.91271e-06
408.625 17.8473 4.80719e-06
408.764 17.788 6.11206e-06
408.904 17.726 7.91789e-06
409.046 17.6617 1.35882e-05
409.189 17.5952 3.56372e-06
409.333 17.5268 4.15637e-06
409.478 17.4568 4.96406e-06
409.624 17.3853 5.99593e-06
409.77 17.3124 7.28002e-06
409.918 17.2385 8.84558e-06
410.067 17.1636 1.41492e-05
410.216 17.0879 3.24805e-06
410.363 17.0175 3.70301e-06
410.499 16.9654 4.45983e-06
410.628 16.9244 5.72001e-06
410.751 16.8925 7.78299e-06
410.869 16.8677 1.1168e-05
410.982 16.8483 1.92818e-05
411.091 16.8324 1.45736e-05
411.197 16.8184 -1.93773e-06
411.301 16.8047 1.12679e-06
411.404 16.7901 8.76378e-07
411.521 16.753 1.27618e-06
411.641 16.7104 1.16842e-06
411.76 16.6665 1.07909e-06
411.88 16.6213 9.94838e-07
