0 0 0
42.9242 2.68338 3.94848e-17
85.8528 5.36677 8.06594e-18
128.786 8.05016 2.95568e-17
171.723 10.7335 5.09341e-16
214.666 13.417 2.51899e-16
257.612 16.1004 8.27423e-16
300.563 18.7838 8.14143e-17
343.519 21.4672 1.72692e-17
371.652 22.675 5.14857e-13
371.956 20.9989 3.12977e-12
372.246 19.4079 6.45976e-12
372.521 18.0771 -5.17126e-12
372.812 16.9254 -8.77239e-11
373.129 16.0628 8.0009e-11
373.493 15.4007 7.24014e-11
373.93 14.773 -5.60153e-11
374.44 14.183 3.77119e-11
375.032 13.6328 -2.14039e-11
375.658 13.526 -1.82643e-12
376.362 13.3963 -1.17604e-12
377.141 13.2521 -9.93159e-13
377.989 13.0988 -8.71922e-13
378.901 12.9403 -8.00202e-13
379.843 12.8519 -1.13271e-11
380.607 13.1442 -1.17044e-12
381.346 13.2378 7.70098e-11
382.078 13.2813 -7.51586e-12
382.564 14.0852 7.11184e-12
383.109 14.3611 -1.64356e-11
383.738 14.2159 2.26104e-11
384.394 13.8452 2.77384e-12
385.099 13.307 -1.33295e-11
385.85 12.6851 -7.27769e-11
386.506 12.5628 -1.60095e-10
386.989 13.0511 6.85653e-12
387.494 13.3383 -1.76233e-10
388.041 13.4204 1.52238e-11
388.619 13.3532 1.25087e-11
389.242 13.1669 1.61307e-11
389.864 12.9359 2.21084e-11
390.483 12.6636 1.97167e-11
391.126 12.3419 6.76719e-11
391.581 12.7524 1.38412e-11
391.994 13.2453 -4.68501e-11
392.429 13.5818 3.07151e-11
392.888 13.7817 -2.46212e-10
393.366 13.8757 -5.45675e-10
393.83 13.9301 -3.48597e-10
394.288 13.9332 1.3484e-10
394.763 13.8567 3.37384e-10
395.265 13.7043 3.82748e-10
395.779 13.5071 -2.90797e-11
396.269 13.4011 3.00807e-10
396.527 14.0584 5.40625e-10
396.796 14.5888 -1.68381e-10
397.082 15.0001 -5.04725e-10
397.391 15.2958 3.5103e-10
397.718 15.5002 -2.27449e-10
398.017 15.703 9.78745e-11
398.301 15.8801 -1.17464e-11
398.583 16.0075 -2.01081e-10
398.895 16.0378 -1.23408e-08
399.217 16.0136 -1.54934e-09
399.547 15.9431 -2.49119e-09
399.885 15.8324 -3.18326e-09
400.232 15.6875 -1.09099e-09
400.587 15.5143 -2.14344e-09
400.95 15.3184 -3.4401e-09
401.319 15.1045 -4.28612e-09
401.694 14.8771 -5.68978e-09
402.075 14.64 -1.50431e-09
402.478 14.4004 -1.763e-09
402.895 14.1652 -6.10213e-10
403.212 14.2193 7.08464e-10
403.445 14.5944 8.85902e-10
403.68 14.9343 2.18384e-09
403.917 15.2398 4.74445e-09
404.14 15.5522 1.06952e-08
404.321 15.9294 8.45285e-09
404.47 16.3383 -1.8045e-09
404.6 16.7469 7.49589e-10
404.76 17.0535 1.2144e-08
404.924 17.3186 1.10953e-08
405.089 17.5494 1.13398e-07
405.258 17.7444 1.13037e-07
405.432 17.9027 1.07079e-07
405.612 18.0244 6.94997e-08
405.8 18.1114 7.60702e-08
405.996 18.1657 8.16076e-08
406.2 18.19 8.96927e-08
406.412 18.1873 9.8974e-08
406.631 18.1606 1.04854e-07
406.857 18.1128 1.13033e-07
407.089 18.0469 1.17034e-07
407.327 17.9655 1.13434e-07
407.571 17.8708 1.16726e-07
407.819 17.765 1.13228e-07
408.071 17.6502 1.04676e-07
408.328 17.5278 9.78032e-08
408.588 17.3994 9.06698e-08
408.851 17.2662 8.3801e-08
409.117 17.1293 7.60746e-08
409.384 16.9918 6.74981e-08
409.626 16.8974 6.08066e-08
409.846 16.8351 4.01232e-08
410.05 16.7938 2.26529e-08
410.241 16.7628 2.08807e-08
410.425 16.7329 1.92381e-08
410.635 16.6602 1.57556e-08
410.849 16.5778 1.62272e-08
411.062 16.4907 1.55654e-08
411.276 16.3994 -4.49017e-09
411.491 16.3029 8.2925e-09
411.708 16.2012 1.67919e-08
411.927 16.0945 8.28436e-09
412.149 15.9832 1.37344e-08
412.373 15.8675 6.18018e-09
412.6 15.7478 9.66644e-09
412.83 15.6244 1.293e-08
413.062 15.4982 1.15018e-08
413.298 15.3694 1.41925e-08
413.536 15.2387 1.74645e-08
413.766 15.1417 -3.79467e-09
413.822 15.608 6.08118e-08
413.871 16.0736 -4.27717e-08
413.913 16.5369 4.05418e-09
413.949 16.9962 -1.21548e-08
413.978 17.4498 3.1374e-09
414.001 17.8962 -4.98816e-08
414.02 18.3337 -1.34709e-08
414.034 18.7607 -1.83014e-08
414.046 19.1699 9.7422e-09
414.059 19.558 -1.18145e-08
414.074 19.9243 -5.13296e-09
414.09 20.2696 -2.19565e-08
414.107 20.5943 -5.92302e-09
414.127 20.8986 -2.76457e-09
414.149 21.183 5.67308e-08
414.173 21.4482 1.05709e-08
414.199 21.695 2.58101e-09
414.228 21.924 -3.83433e-09
414.259 22.136 -4.25039e-08
414.293 22.3316 -3.87184e-08
414.329 22.5118 4.69551e-09
414.368 22.6771 -7.12373e-09
414.398 22.8531 -1.9544e-08
414.405 23.0677 -4.16106e-08
414.398 23.3044 -3.26733e-08
414.378 23.555 -4.40572e-08
414.35 23.8119 -2.04232e-08
414.316 24.0677 1.05238e-08
414.297 24.2816 -2.47314e-08
414.288 24.4661 3.56778e-09
414.28 24.6396 2.49792e-08
414.272 24.802 2.00427e-08
414.266 24.9528 -1.21496e-07
414.261 25.0925 1.32165e-07
414.259 25.2197 4.18489e-08
414.259 25.3347 6.15365e-08
414.263 25.4377 -4.04677e-08
414.269 25.5285 3.22437e-08
414.278 25.6078 -1.11952e-08
414.291 25.6756 9.74354e-09
414.306 25.7325 4.64744e-08
414.325 25.7787 -1.90487e-08
414.347 25.8149 2.45471e-08
414.373 25.8414 -5.64295e-08
414.401 25.8589 3.81835e-08
414.432 25.8677 2.07445e-08
414.466 25.8685 2.2642e-08
414.503 25.8618 3.7954e-08
414.542 25.848 1.13885e-07
414.583 25.8277 1.13693e-07
414.627 25.8012 -6.66182e-09
414.673 25.7691 2.8886e-08
414.721 25.7317 6.23113e-08
414.77 25.6895 6.0454e-08
414.822 25.643 -8.15604e-08
414.875 25.5922 4.45246e-09
414.929 25.5377 -1.92602e-08
414.985 25.4796 7.39796e-08
415.043 25.4183 -6.29831e-08
415.101 25.3541 3.32033e-08
415.161 25.2873 -5.60821e-08
415.222 25.218 -3.47868e-08
415.283 25.1464 -5.72155e-08
415.346 25.0729 1.23418e-08
415.409 24.9975 7.00291e-08
415.474 24.9205 -8.97439e-09
415.539 24.8419 5.54984e-08
415.604 24.7621 6.45684e-09
415.671 24.681 3.79527e-08
415.737 24.5988 -9.01819e-09
415.805 24.5157 -4.01395e-08
415.873 24.4318 -6.2894e-08
415.941 24.3471 -1.76784e-08
416.01 24.2618 -2.1706e-08
416.079 24.1759 -4.91792e-08
416.149 24.0895 2.76052e-08
416.218 24.0027 2.65337e-08
