0 0 0
42.9242 2.68339 1.0872e-16
85.8529 5.36678 -1.16656e-16
128.786 8.05017 1.12593e-16
171.724 10.7336 3.59884e-16
214.666 13.417 7.82402e-17
257.612 16.1004 -9.56677e-16
300.563 18.7838 4.16285e-16
343.519 21.4673 1.20427e-15
371.649 22.6875 -8.30073e-15
371.946 21.0537 8.3987e-13
372.228 19.5051 1.49955e-12
372.492 18.1999 -5.39543e-13
372.769 17.0768 -1.7284e-11
373.07 16.1838 1.63517e-11
373.407 15.5394 1.04062e-11
373.809 14.9281 -7.78868e-12
374.279 14.3521 4.6695e-12
374.816 13.8159 -2.5621e-11
375.41 13.5537 -4.6861e-12
376.055 13.4421 1.75842e-12
376.77 13.312 1.28799e-12
377.552 13.1704 1.01508e-12
378.395 13.0218 8.20455e-13
379.295 12.8694 7.16279e-13
380.157 12.9137 -1.02329e-12
380.84 13.2384 8.20699e-12
381.579 13.2004 -6.67021e-10
382.2 13.5054 4.82525e-11
382.662 14.1955 5.1037e-11
383.193 14.3901 -4.27553e-11
383.795 14.2276 7.96649e-11
384.42 13.8672 -1.93746e-11
385.091 13.3534 4.933e-11
385.805 12.7599 3.74996e-11
386.469 12.4846 1.84836e-11
386.929 12.9784 7.70728e-11
387.401 13.3026 2.82484e-11
387.915 13.4255 -1.47401e-11
388.458 13.4034 -2.93508e-11
389.04 13.2602 -1.32868e-11
389.639 13.0523 7.23253e-11
390.23 12.8124 2.48671e-11
390.826 12.5294 -2.90438e-11
391.359 12.5201 -3.01254e-11
391.743 13.0695 2.29769e-11
392.145 13.4668 -1.80854e-10
392.569 13.7275 -2.45383e-10
393.015 13.8705 -1.5786e-10
393.471 13.9343 -1.65644e-10
393.913 13.9673 -4.58879e-10
394.352 13.95 -1.48079e-10
394.812 13.8562 6.55026e-10
395.293 13.6985 -1.40518e-10
395.786 13.5018 1.06269e-10
396.261 13.3763 -2.71033e-11
396.507 14.006 3.5744e-10
396.765 14.5204 -2.10073e-10
397.037 14.9253 1.80236e-11
397.329 15.2236 1.51115e-10
397.641 15.4319 -6.37059e-11
397.936 15.6228 -9.13592e-11
398.211 15.802 -2.34366e-10
398.481 15.9421 -3.4069e-10
398.767 16.0073 2.50403e-09
399.072 16.005 6.23055e-09
399.384 15.9576 8.45723e-09
399.703 15.8706 4.64313e-09
400.031 15.7495 1.00693e-08
400.366 15.5994 1.27647e-08
400.709 15.4252 1.48277e-08
401.058 15.2317 2.31091e-08
401.413 15.0231 2.34609e-08
401.773 14.8028 1.96208e-08
402.139 14.5744 1.76715e-08
402.531 14.3457 1.03143e-08
402.931 14.1214 -4.12576e-09
403.232 14.1874 1.18641e-09
403.456 14.5481 -6.71641e-09
403.681 14.8768 -2.95196e-09
403.909 15.174 -1.37322e-08
404.128 15.468 -1.78955e-08
404.307 15.8235 -2.00425e-08
404.456 16.2138 6.33233e-09
404.584 16.6106 -1.42191e-09
404.727 16.9403 -3.57077e-09
404.884 17.207 4.09564e-09
405.041 17.4433 -8.03741e-09
405.201 17.6468 1.37699e-09
405.365 17.8169 -1.64773e-09
405.535 17.9533 6.85669e-09
405.711 18.0564 9.73718e-09
405.894 18.1284 5.07368e-09
406.085 18.1711 8.63714e-09
406.282 18.187 6.5868e-09
406.487 18.1788 8.09031e-09
406.699 18.1492 5.85773e-09
406.917 18.1008 6.20926e-09
407.14 18.0359 5.20822e-09
407.369 17.957 1.03424e-08
407.603 17.8661 2.9576e-09
407.841 17.7651 4.09064e-09
408.083 17.6555 5.52136e-09
408.329 17.539 7.00655e-09
408.577 17.4168 7.85813e-09
408.829 17.2901 3.65046e-09
409.084 17.1598 6.03626e-09
409.341 17.0267 5.26527e-10
409.581 16.9225 5.75176e-09
409.799 16.8543 2.28595e-09
409.999 16.809 1.50005e-09
410.187 16.7768 1.19934e-09
410.366 16.7491 1.76886e-09
410.553 16.7033 2.57009e-09
410.758 16.6267 1.69755e-10
410.962 16.5461 1.92524e-09
411.167 16.4611 7.09222e-09
411.373 16.3722 2.57548e-07
411.58 16.2784 5.8305e-08
411.788 16.1798 -1.11609e-07
411.999 16.0769 -2.1038e-08
412.212 15.9693 -5.99633e-09
412.427 15.858 -1.20433e-08
412.645 15.743 -1.12474e-08
412.866 15.6248 -5.84815e-09
413.089 15.5038 -6.7587e-09
413.315 15.3805 -9.35944e-09
413.543 15.2553 -4.30579e-09
413.774 15.1286 -3.71221e-10
413.864 15.4632 2.53265e-08
413.915 15.9074 -3.63311e-08
413.959 16.3502 -4.70908e-08
413.997 16.7898 1.39929e-08
414.029 17.2247 -5.108e-08
414.056 17.6537 -6.91669e-08
414.078 18.0753 -8.27905e-09
414.095 18.4881 -2.05943e-08
414.109 18.8908 -3.67328e-09
414.121 19.2771 3.20687e-09
414.135 19.644 -3.1943e-08
414.149 19.991 -2.71048e-10
414.165 20.3184 -1.18832e-08
414.183 20.627 -1.21199e-08
414.202 20.9168 -2.58148e-09
414.223 21.1887 -4.57184e-09
414.246 21.4428 -1.39889e-08
414.272 21.68 9.75871e-09
414.3 21.9007 4.33917e-08
414.33 22.1057 4.6507e-08
414.362 22.2957 3.68148e-08
414.396 22.4712 8.78361e-09
414.433 22.633 -1.76107e-08
414.466 22.7957 -4.02541e-08
414.477 22.9968 -5.75316e-08
414.473 23.2201 -6.71901e-08
414.458 23.4585 -3.94731e-08
414.433 23.7046 -1.70324e-08
414.402 23.9521 -1.78379e-08
414.373 24.1848 -1.76603e-08
414.365 24.3673 -5.64927e-08
414.356 24.5399 -1.56209e-08
414.349 24.7024 -4.02852e-09
414.342 24.8542 -5.04849e-08
414.336 24.9956 -9.55668e-08
414.333 25.1266 6.67906e-08
414.331 25.2459 4.85931e-09
414.332 25.3539 -1.09528e-07
414.336 25.4509 6.07755e-08
414.342 25.5367 -9.74247e-08
414.352 25.6119 -1.50519e-08
414.364 25.6766 3.22706e-08
414.379 25.7311 -1.74908e-08
414.398 25.7759 2.23194e-08
414.419 25.8113 -8.21276e-09
414.443 25.8379 -6.18598e-08
414.47 25.856 -6.24828e-08
414.499 25.8661 -7.24197e-08
414.531 25.8687 -5.22212e-08
414.566 25.8642 -1.04971e-07
414.603 25.8532 -4.48539e-08
414.642 25.8359 -1.80673e-08
414.683 25.8128 -3.2158e-09
414.727 25.7844 -2.74304e-08
414.772 25.751 -9.96845e-10
414.819 25.7131 2.07398e-08
414.867 25.6708 -1.03514e-07
414.918 25.6244 3.27315e-08
414.969 25.5744 -3.52824e-08
415.022 25.521 5.18611e-08
415.076 25.4644 -8.58341e-08
415.132 25.405 -2.70479e-08
415.188 25.343 -3.42621e-08
415.246 25.2785 -5.27055e-09
415.304 25.2118 -2.84863e-08
415.364 25.1431 -5.08476e-09
415.424 25.0725 -2.99361e-08
415.485 25.0002 -5.63768e-10
415.547 24.9265 1.67173e-08
415.609 24.8513 -1.64808e-08
415.672 24.7749 -4.99896e-09
415.736 24.6973 2.18893e-08
