0 0
-0.000493145 1.25
-0.00197258 2.5
-0.00443831 3.75
-0.00789033 5
-0.0123287 6.25
-0.0177533 7.5
-0.0241643 8.75
-0.0315615 10
-0.0396161 11.25
-0.0490692 12.5
-0.0593582 13.75
-0.070489 15
-0.0829879 16.25
-0.0965085 17.5
-0.110174 18.75
-0.125686 20
-0.142222 21.25
-0.159784 22.5
-0.17837 23.75
-0.197979 25
-0.215545 26.25
-0.236995 27.5
-0.259476 28.75
-0.282985 30
-0.307523 31.25
-0.333088 32.5
-0.359679 33.75
-0.387296 35
-0.421373 36.25
-0.48321 37.5
-0.571923 38.75
-0.657518 40
-0.745469 41.25
-0.86513 42.5
-0.993024 43.75
-1.11979 45
-1.24325 46.25
-1.36705 47.5
-1.49223 48.75
-1.61542 50
-1.73453 51.25
-1.85166 52.5
-1.97283 53.75
-2.11302 55
-2.25563 56.25
-2.39803 57.5
-2.53886 58.75
-2.67944 60
-2.81849 61.25
-2.95613 62.5
-3.09488 63.75
-3.2362 65
-3.37893 66.25
-3.52146 67.5
-3.66874 68.75
-3.83019 70
-3.9922 71.25
-4.15455 72.5
-4.31709 73.75
-4.4797 75
-4.6424 76.25
-4.80751 77.5
-4.97535 78.75
-5.1451 80
-5.31581 81.25
-5.48467 82.5
-5.65399 83.75
-5.82371 85
-5.99376 86.25
-6.17604 87.5
-6.36712 88.75
-6.55893 90
-6.75116 91.25
-6.94377 92.5
-7.13666 93.75
-7.3298 95
-7.52494 96.25
-7.72397 97.5
-7.92547 98.75
-8.12888 100
-8.33288 101.25
-8.5363 102.5
-8.74064 103.75
-8.94581 105
-9.15176 106.25
-9.35842 107.5
-9.56575 108.75
-9.77373 110
-9.98234 111.25
-10.1916 112.5
-10.4014 113.75
-10.6119 115
-10.823 116.25
-11.0347 117.5
-11.2445 118.75
-11.4547 120
-11.6653 121.25
-11.8771 122.5
-12.1025 123.75
-12.329 125
-12.5566 126.25
-12.7852 127.5
-13.0149 128.75
-13.248 130
-13.4849 131.25
-13.725 132.5
-13.9681 133.75
-14.2135 135
-14.4576 136.25
-14.7028 137.5
-14.9494 138.75
-15.1973 140
-15.4463 141.25
-15.6965 142.5
-15.9476 143.75
-16.1997 145
-16.4526 146.25
-16.7064 147.5
-16.961 148.75
-17.2164 150
-17.4726 151.25
-17.7295 152.5
-17.9872 153.75
-18.2456 155
-18.5048 156.25
-18.7648 157.5
-19.0256 158.75
-19.2872 160
-19.5496 161.25
-19.8128 162.5
-20.0768 163.75
-20.3417 165
-20.6074 166.25
-20.874 167.5
-21.1415 168.75
-21.4099 170
-21.6791 171.25
-21.9497 172.5
-22.2234 173.75
-22.4996 175
-22.7782 176.25
-23.059 177.5
-23.3418 178.75
-23.6262 180
-23.9114 181.25
-24.1956 182.5
-24.4811 183.75
-24.7677 185
-25.0555 186.25
-25.3443 187.5
-25.6342 188.75
-25.9251 190
-26.2169 191.25
-26.5098 192.5
-26.8036 193.75
-27.0984 195
-27.394 196.25
-27.6906 197.5
-27.9881 198.75
-28.2864 200
-28.5857 201.25
-28.8859 202.5
-29.187 203.75
-29.4889 205
-29.7918 206.25
-30.1009 207.5
-30.4185 208.75
-30.7377 210
-31.0583 211.25
-31.3804 212.5
-31.704 213.75
-32.0291 215
-32.3557 216.25
-32.6838 217.5
-33.0134 218.75
-33.3444 220
-33.6768 221.25
-34.0107 222.5
-34.346 223.75
-34.6827 225
-35.0208 226.25
-35.3603 227.5
-35.7009 228.75
-36.0427 230
-36.3857 231.25
-36.7299 232.5
-37.0753 233.75
-37.4218 235
-37.7696 236.25
-38.1185 237.5
-38.4686 238.75
-38.8199 240
-39.1724 241.25
-39.526 242.5
-39.8808 243.75
-40.2372 245
-40.5963 246.25
-40.9575 247.5
-41.3208 248.75
-41.686 250
