0 0 0
0.000224711 3.6524e-05 1.4798e-21
0.000449444 7.3048e-05 -1.58782e-21
0.000674202 0.000109572 1.53252e-21
0.000898982 0.000146096 4.89843e-21
0.00112379 0.00018262 1.06494e-21
0.00134861 0.000219145 -1.30215e-20
0.00157347 0.000255669 5.66612e-21
0.00179834 0.000292194 1.63915e-20
0.00208683 0.000334666 -1.22445e-19
0.00256053 0.000392548 1.46496e-17
0.00308401 0.000453228 3.00703e-17
0.00363833 0.000515836 -5.74564e-19
0.00420216 0.000576744 -3.14463e-16
0.00478053 0.000638162 2.31695e-16
0.00536703 0.00070063 2.06326e-16
0.00595339 0.000760285 -8.70318e-17
0.00653957 0.000817318 1.08036e-16
0.00712551 0.000871999 -4.51414e-16
0.00772628 0.000930667 -1.89288e-16
0.00832031 0.000990232 -8.60164e-17
0.00891389 0.00104887 -8.08477e-17
0.00950706 0.00110658 -7.55288e-17
0.0100998 0.00116336 -7.10192e-17
0.0106923 0.00121919 -6.64556e-17
0.011241 0.00127375 -9.48024e-17
0.0116744 0.00132228 6.89316e-17
0.0121054 0.00136538 -1.21279e-14
0.0124771 0.00140833 -2.11224e-15
0.0127756 0.00145104 -1.85063e-15
0.0130777 0.00148789 -3.21161e-15
0.0133909 0.00152045 -1.22728e-15
0.0137005 0.00154861 -2.59813e-15
0.0140216 0.00157405 -1.45493e-15
0.0143581 0.00159782 -1.4492e-15
0.0146804 0.00162367 -1.6197e-15
0.0149338 0.00165505 -5.96503e-16
0.0151831 0.00168457 -1.17487e-15
0.0154416 0.00171258 -1.79192e-15
0.0157041 0.00173892 -2.06384e-15
0.0159778 0.00176427 -1.87316e-15
0.0162548 0.0017884 -4.83715e-16
0.0165244 0.00181068 -1.05337e-15
0.0167934 0.00183149 -1.86736e-15
0.0170427 0.00185421 -1.95777e-15
0.017246 0.00188155 -1.18013e-15
0.0174512 0.00190785 -4.34809e-15
0.0176595 0.00193315 -5.76218e-15
0.0178717 0.00195753 -4.90813e-15
0.0180842 0.00198094 -5.36379e-15
0.0182878 0.002003 -1.03222e-14
0.0184868 0.00202381 -6.36124e-15
0.0186911 0.00204388 6.04522e-15
0.018902 0.00206336 -5.07736e-15
0.0191157 0.0020821 -1.45107e-15
0.019324 0.00210097 -3.30718e-15
0.0194638 0.00212433 2.47582e-15
0.0196043 0.00214694 -5.55907e-15
0.0197466 0.00216884 -2.4172e-15
0.019893 0.00219018 -3.59892e-16
0.0200431 0.00221101 -3.38007e-15
0.0201847 0.00223083 -3.88806e-15
0.0203171 0.00224957 -6.15843e-15
0.0204446 0.00226733 -8.05904e-15
0.0205755 0.00228453 3.41747e-14
0.0207104 0.00230126 9.383e-14
0.0208461 0.00231735 1.36228e-13
0.0209831 0.00233288 9.08008e-14
0.0211217 0.00234792 1.79138e-13
0.0212622 0.00236252 2.34337e-13
0.0214046 0.00237673 2.84071e-13
0.0215491 0.00239057 4.31164e-13
0.0216956 0.00240409 4.70909e-13
0.0218441 0.00241729 4.47591e-13
0.0219945 0.00243021 4.46931e-13
0.022157 0.00244401 3.61785e-13
0.0223233 0.00245785 1.55127e-13
0.0224593 0.00247267 2.26972e-13
0.0225744 0.00248981 1.09421e-13
0.0226893 0.0025069 1.55424e-13
0.0228043 0.00252391 -9.58317e-15
0.0229155 0.00254079 -8.86067e-14
0.023013 0.00255727 -1.39465e-13
0.0230992 0.00257324 2.24729e-13
0.0231774 0.00258862 1.17425e-13
0.0232586 0.00260375 8.45163e-14
0.0233431 0.00261865 1.91981e-13
0.0234262 0.00263314 1.91848e-14
0.0235086 0.00264724 1.48038e-13
0.0235908 0.00266099 1.04944e-13
0.0236735 0.00267444 2.26245e-13
0.0237571 0.00268763 2.73569e-13
0.0238419 0.00270059 2.14083e-13
0.0239281 0.00271336 2.69865e-13
0.0240159 0.00272597 2.47413e-13
0.0241052 0.00273844 2.74817e-13
0.0241962 0.00275079 2.49303e-13
0.0242888 0.00276304 2.59363e-13
0.024383 0.00277518 2.50077e-13
0.0244787 0.00278724 3.29521e-13
0.024576 0.00279922 2.31091e-13
0.0246746 0.00281113 2.49804e-13
0.0247746 0.00282295 2.74106e-13
0.0248759 0.0028347 3.00765e-13
0.0249784 0.00284639 3.19753e-13
0.0250821 0.002858 2.65338e-13
0.0251869 0.00286953 3.03315e-13
0.0252927 0.002881 2.27743e-13
0.025393 0.00289205 3.03836e-13
0.0254852 0.0029025 2.57864e-13
0.0255712 0.00291244 2.47587e-13
0.0256522 0.00292192 2.43647e-13
0.0257299 0.00293103 2.52022e-13
0.0258099 0.00294012 2.6425e-13
0.0258964 0.00294949 2.30842e-13
0.0259825 0.00295869 2.55605e-13
0.0260686 0.00296774 3.3146e-13
0.0261548 0.00297668 3.97173e-12
0.0262415 0.0029855 1.30993e-12
0.0263288 0.00299423 -1.10752e-12
0.0264168 0.0030029 1.03763e-13
0.0265058 0.00301149 3.0096e-13
0.0265957 0.00302004 2.0547e-13
0.0266867 0.00302855 2.0387e-13
0.0267788 0.00303702 2.70099e-13
0.026872 0.00304546 2.49569e-13
0.0269664 0.00305387 2.03487e-13
0.0270619 0.00306226 2.66605e-13
0.0271585 0.00307062 3.18455e-13
0.0272145 0.00308123 6.82305e-13
0.0272587 0.00309229 -1.74465e-13
0.027301 0.0031033 -3.42373e-13
0.0273412 0.00311422 4.94528e-13
0.0273795 0.00312501 -4.12224e-13
0.027416 0.00313566 -6.85293e-13
0.0274506 0.00314611 1.40202e-13
0.0274835 0.00315636 -3.4784e-14
0.0275148 0.00316637 1.94137e-13
0.0275452 0.00317616 2.88644e-13
0.0275754 0.00318576 -2.00125e-13
0.0276053 0.00319515 2.30742e-13
0.027635 0.00320435 6.88267e-14
0.0276645 0.00321335 6.17049e-14
0.0276939 0.00322215 1.90622e-13
0.0277231 0.00323077 1.62011e-13
0.0277523 0.00323921 2.94289e-14
0.0277814 0.00324747 3.55562e-13
0.0278104 0.00325556 8.26519e-13
0.0278394 0.00326348 8.82988e-13
0.0278684 0.00327124 7.62123e-13
0.0278974 0.00327886 3.83065e-13
0.0279263 0.00328632 1.82423e-14
0.0279537 0.00329356 -3.01731e-13
0.0279749 0.00330023 -5.49879e-13
0.0279916 0.00330642 -6.93292e-13
0.0280044 0.00331214 -3.21475e-13
0.0280141 0.0033174 -1.78403e-14
0.0280216 0.00332226 -3.02567e-14
0.0280288 0.0033269 -2.9238e-14
0.0280408 0.00333181 -5.65057e-13
0.0280522 0.00333647 -1.06542e-14
0.0280631 0.00334091 1.46652e-13
0.0280736 0.00334514 -4.91322e-13
0.0280838 0.00334919 -1.11537e-12
0.028094 0.00335309 1.1017e-12
0.0281041 0.00335685 2.59267e-13
0.0281143 0.00336047 -1.30957e-12
0.0281247 0.00336399 1.01517e-12
0.0281354 0.00336742 -1.1491e-12
0.0281464 0.00337077 -2.9649e-14
0.0281577 0.00337406 6.18331e-13
0.0281694 0.00337729 -6.11236e-14
0.0281815 0.00338047 4.83595e-13
0.028194 0.00338362 6.69464e-14
0.028207 0.00338674 -6.71655e-13
0.0282203 0.00338984 -6.88889e-13
0.0282342 0.00339292 -8.34601e-13
0.0282484 0.00339598 -5.67424e-13
0.0282631 0.00339903 -1.30148e-12
0.0282782 0.00340208 -4.90215e-13
0.0282937 0.00340512 -1.28451e-13
0.0283096 0.00340815 7.32635e-14
0.0283258 0.00341119 -2.60885e-13
0.0283425 0.00341423 9.8847e-14
0.0283595 0.00341727 3.98506e-13
0.0283768 0.00342032 -1.31137e-12
0.0283945 0.00342337 5.49274e-13
0.0284125 0.00342642 -3.82967e-13
0.0284309 0.00342947 8.13215e-13
0.0284495 0.00343254 -1.07751e-12
0.0284684 0.0034356 -2.82533e-13
0.0284876 0.00343868 -3.87406e-13
0.0285071 0.00344175 6.32044e-15
0.0285268 0.00344484 -3.15334e-13
0.0285468 0.00344793 2.3315e-15
0.028567 0.00345102 -3.4202e-13
0.0285875 0.00345412 5.78694e-14
0.0286081 0.00345722 2.96899e-13
0.028629 0.00346033 -1.58334e-13
0.0286501 0.00346344 -2.92986e-15
0.0286714 0.00346656 3.68123e-13
