0 0
-0.000494736 1.25
-0.00197894 2.5
-0.00445263 3.75
-0.00791579 5
-0.0123684 6.25
-0.0178106 7.5
-0.0242422 8.75
-0.0316634 10
-0.0398333 11.25
-0.0491755 12.5
-0.0596767 13.75
-0.070937 15
-0.0834739 16.25
-0.0964202 17.5
-0.110965 18.75
-0.126535 20
-0.143129 21.25
-0.160747 22.5
-0.177293 23.75
-0.196803 25
-0.217342 26.25
-0.23891 27.5
-0.261506 28.75
-0.285127 30
-0.312268 31.25
-0.368883 32.5
-0.450666 33.75
-0.531318 35
-0.638784 36.25
-0.760298 37.5
-0.877287 38.75
-0.992428 40
-1.10879 41.25
-1.22092 42.5
-1.32894 43.75
-1.44109 45
-1.57124 46.25
-1.70302 47.5
-1.83204 48.75
-1.96031 50
-2.08644 51.25
-2.21155 52.5
-2.33938 53.75
-2.46855 55
-2.59576 56.25
-2.74054 57.5
-2.88724 58.75
-3.03397 60
-3.18052 61.25
-3.3268 62.5
-3.47545 63.75
-3.62692 65
-3.77999 66.25
-3.93137 67.5
-4.0827 68.75
-4.23422 70
-4.39181 71.25
-4.56302 72.5
-4.73487 73.75
-4.90695 75
-5.07905 76.25
-5.25117 77.5
-5.4262 78.75
-5.60472 80
-5.78553 81.25
-5.96682 82.5
-6.1477 83.75
-6.32937 85
-6.51173 86.25
-6.6947 87.5
-6.87822 88.75
-7.06224 90
-7.24676 91.25
-7.43177 92.5
-7.61728 93.75
-7.80332 95
-7.98865 96.25
-8.17309 97.5
-8.35783 98.75
-8.55439 100
-8.75355 101.25
-8.95373 102.5
-9.1549 103.75
-9.35858 105
-9.56662 106.25
-9.77833 107.5
-9.99297 108.75
-10.2077 110
-10.4226 111.25
-10.639 112.5
-10.8566 113.75
-11.0753 115
-11.2949 116.25
-11.5154 117.5
-11.7367 118.75
-11.9587 120
-12.1814 121.25
-12.4047 122.5
-12.6287 123.75
-12.8534 125
-13.0788 126.25
-13.3049 127.5
-13.5317 128.75
-13.7592 130
-13.9874 131.25
-14.2164 132.5
-14.4461 133.75
-14.6767 135
-14.908 136.25
-15.1402 137.5
-15.3732 138.75
-15.6093 140
-15.8481 141.25
-16.0895 142.5
-16.333 143.75
-16.5785 145
-16.8244 146.25
-17.0698 147.5
-17.3164 148.75
-17.5641 150
-17.8129 151.25
-18.0626 152.5
-18.3133 153.75
-18.565 155
-18.8175 156.25
-19.0709 157.5
-19.3251 158.75
-19.5802 160
-19.8361 161.25
-20.0928 162.5
-20.3504 163.75
-20.6088 165
-20.8711 166.25
-21.1436 167.5
-21.4177 168.75
-21.6933 170
-21.9705 171.25
-22.2492 172.5
-22.5294 173.75
-22.8112 175
-23.0944 176.25
-23.3792 177.5
-23.6652 178.75
-23.9523 180
-24.2407 181.25
-24.5302 182.5
-24.8209 183.75
-25.1127 185
-25.4057 186.25
-25.6998 187.5
-25.995 188.75
-26.2914 190
-26.5889 191.25
-26.8875 192.5
-27.1873 193.75
-27.4882 195
-27.7902 196.25
-28.0948 197.5
-28.4017 198.75
-28.7108 200
-29.0218 201.25
-29.3347 202.5
-29.6491 203.75
-29.9639 205
-30.2793 206.25
-30.596 207.5
-30.914 208.75
-31.2332 210
-31.5536 211.25
-31.8751 212.5
-32.1978 213.75
-32.5216 215
-32.8465 216.25
-33.1725 217.5
-33.4995 218.75
-33.8276 220
-34.1568 221.25
-34.487 222.5
-34.8183 223.75
-35.1506 225
-35.484 226.25
-35.8184 227.5
-36.1538 228.75
-36.4903 230
-36.8279 231.25
-37.1665 232.5
-37.5062 233.75
-37.8469 235
-38.1887 236.25
-38.5316 237.5
-38.8755 238.75
-39.2206 240
-39.5667 241.25
-39.9139 242.5
-40.2621 243.75
-40.6115 245
-40.962 246.25
-41.3136 247.5
-41.6662 248.75
-42.02 250
