0 0 0
-0.000224687 3.65237e-05 -5.49121e-22
-0.000449351 7.30475e-05 -9.56577e-23
-0.000673993 0.000109571 4.34778e-21
-0.000898612 0.000146095 -1.45274e-21
-0.00112321 0.000182619 2.78005e-21
-0.00134778 0.000219143 -4.05755e-21
-0.00157233 0.000255668 5.7164e-22
-0.00179686 0.000292192 -1.26431e-20
-0.00208679 0.00033518 7.2488e-18
-0.00257728 0.000395248 4.25326e-17
-0.00312179 0.000458104 8.39078e-17
-0.0037026 0.000523838 -2.9812e-17
-0.0042922 0.000586953 -1.04065e-15
-0.00489758 0.000652313 7.08744e-16
-0.00551235 0.000717183 9.73244e-16
-0.00612693 0.000778971 -4.79616e-16
-0.00674126 0.000837917 5.74776e-16
-0.00734873 0.000895897 4.32967e-17
-0.00797092 0.00095905 1.10948e-16
-0.00859261 0.0010212 1.0926e-16
-0.00921381 0.0010823 1.0216e-16
-0.00983234 0.00114217 9.68333e-17
-0.0104473 0.00120071 9.21844e-17
-0.0111032 0.00125868 6.97226e-17
-0.0119819 0.00131162 9.54555e-17
-0.0129307 0.00135786 7.66524e-15
-0.0139374 0.00140284 1.22578e-15
-0.0150941 0.00144846 1.41393e-15
-0.0162342 0.00148743 1.47715e-15
-0.0173392 0.0015215 2.25566e-16
-0.0184406 0.00155072 8.14305e-16
-0.0195015 0.00157728 6.42799e-16
-0.0205264 0.00160191 -7.24665e-17
-0.0216049 0.00163269 4.05417e-15
-0.0227358 0.00166511 -2.63881e-15
-0.0238503 0.00169555 3.09744e-16
-0.0249432 0.00172417 2.5987e-16
-0.0260181 0.00175122 -3.63139e-17
-0.0270737 0.00177727 -6.00309e-16
-0.0281361 0.0018013 9.10845e-16
-0.0291988 0.00182356 -1.13287e-15
-0.0302524 0.00184592 -9.8895e-16
-0.0313852 0.00187502 -4.98569e-15
-0.0325109 0.00190298 -1.15324e-14
-0.0336282 0.00192981 1.81032e-14
-0.0347361 0.00195559 -1.30064e-14
-0.0358421 0.00198028 1.16587e-14
-0.0369594 0.00200348 3.95682e-16
-0.0380806 0.0020253 1.5817e-15
-0.0391879 0.00204646 -4.18195e-14
-0.0402867 0.00206684 -2.21265e-13
-0.0413798 0.00208644 -1.23781e-13
-0.0425115 0.00210867 -5.83841e-14
-0.0436875 0.00213303 -4.4849e-14
-0.0448596 0.00215657 1.31054e-14
-0.0460253 0.0021794 -9.38583e-14
-0.0471846 0.00220162 -9.40901e-15
-0.0483452 0.00222306 -5.61203e-14
-0.0495215 0.00224317 -1.47285e-14
-0.0507054 0.00226217 -3.97305e-14
-0.0518865 0.00228041 2.41314e-13
-0.053059 0.00229818 -3.34216e-13
-0.0542297 0.00231523 -3.60467e-13
-0.0553978 0.00233165 -3.67158e-13
-0.0565629 0.00234752 -1.61029e-13
-0.0577248 0.00236291 -4.67396e-13
-0.0588832 0.00237786 -6.33368e-13
-0.0600382 0.00239241 -6.77543e-13
-0.0611898 0.0024066 -1.05588e-12
-0.0623382 0.00242046 -5.63045e-13
-0.063481 0.00243428 -5.33482e-13
-0.0646109 0.00244891 -1.04873e-13
-0.0657368 0.00246351 -1.41006e-13
-0.0669184 0.00248142 -5.76174e-13
-0.0681017 0.00249951 -4.14677e-12
-0.0692844 0.00251751 -6.49995e-12
-0.0704679 0.0025354 -7.94255e-12
-0.0716675 0.00255292 -7.37995e-12
-0.0728824 0.0025699 -2.76265e-13
-0.0741086 0.00258624 -4.81648e-12
-0.0753333 0.00260219 -8.01441e-12
-0.076552 0.00261795 -1.42033e-11
-0.0777724 0.00263323 -1.30033e-11
-0.0789936 0.00264808 -3.8803e-11
-0.0802146 0.00266256 -4.02205e-11
-0.0814349 0.0026767 -2.93346e-11
-0.0826538 0.00269055 -3.20706e-11
-0.083871 0.00270417 -3.46797e-11
-0.0850862 0.00271759 -3.87108e-11
-0.0862993 0.00273083 -4.21172e-11
-0.0875103 0.00274393 -4.54545e-11
-0.0887192 0.0027569 -4.98841e-11
-0.0899259 0.00276975 -5.21094e-11
-0.0911307 0.00278251 -5.46325e-11
-0.0923335 0.00279517 -5.66839e-11
-0.0935345 0.00280774 -5.74145e-11
-0.0947339 0.00282023 -5.7961e-11
-0.0959316 0.00283264 -5.73297e-11
-0.0971278 0.00284497 -5.64216e-11
-0.0983226 0.00285721 -5.55982e-11
-0.0995161 0.00286938 -5.39267e-11
-0.100708 0.00288146 -5.18777e-11
-0.101908 0.00289309 -5.15422e-11
-0.103117 0.00290406 -4.46802e-11
-0.104335 0.00291447 -4.03804e-11
-0.105558 0.00292438 -4.02158e-11
-0.106786 0.0029339 -3.97135e-11
-0.108006 0.00294363 -3.94361e-11
-0.109223 0.00295344 -3.87888e-11
-0.11044 0.00296307 -3.72606e-11
-0.111657 0.00297255 -4.55162e-11
-0.112875 0.00298191 -3.78497e-11
-0.114091 0.00299115 -3.63253e-11
-0.115307 0.00300031 -3.73967e-11
-0.116522 0.00300939 -3.75017e-11
-0.117736 0.00301841 -3.61045e-11
-0.118949 0.00302739 -3.68257e-11
-0.120161 0.00303632 -3.63574e-11
-0.121372 0.00304521 -3.62443e-11
-0.122581 0.00305407 -3.63619e-11
-0.12379 0.00306291 -3.60087e-11
-0.124997 0.00307171 -3.56446e-11
-0.126259 0.0030833 -3.91112e-11
-0.127525 0.00309491 -3.80624e-11
-0.128793 0.00310643 -3.87794e-11
-0.130064 0.00311783 -3.26095e-11
-0.131337 0.00312906 -2.85323e-11
-0.132613 0.00314009 -3.70075e-11
-0.13389 0.00315089 -3.70446e-11
-0.13517 0.00316143 -3.52233e-11
-0.136451 0.00317175 -3.49386e-11
-0.137732 0.00318185 -3.58433e-11
-0.139014 0.00319172 -3.54605e-11
-0.140296 0.00320138 -3.53434e-11
-0.141578 0.00321081 3.14347e-11
-0.142861 0.00322004 -3.01807e-11
-0.144145 0.00322906 -3.01114e-11
-0.145428 0.00323787 -3.1225e-11
-0.146712 0.00324649 -2.87327e-11
-0.147997 0.00325493 -2.79839e-11
-0.149282 0.00326318 -2.64263e-11
-0.150567 0.00327126 -2.73879e-11
-0.151852 0.00327917 -3.27578e-11
-0.153137 0.00328693 -2.72095e-11
-0.154428 0.00329431 -2.67203e-11
-0.155725 0.00330109 -3.08523e-11
-0.157029 0.00330733 -2.92502e-11
-0.158338 0.00331306 -2.96115e-11
-0.15965 0.00331831 -2.90301e-11
-0.160966 0.00332315 -2.92134e-11
-0.162276 0.00332821 -3.77236e-11
-0.163586 0.00333315 -3.51901e-11
-0.164896 0.00333783 -3.42522e-11
-0.166208 0.00334228 -3.81072e-11
-0.16752 0.00334654 8.11826e-12
-0.168833 0.00335065 -1.29803e-11
-0.170146 0.00335453 -9.56306e-12
-0.171459 0.0033583 2.3337e-12
-0.172773 0.00336197 -1.5269e-11
-0.174086 0.00336552 -3.26534e-11
-0.1754 0.003369 -2.42667e-11
-0.176713 0.00337241 -3.32172e-11
-0.178026 0.00337576 -2.18017e-11
-0.179339 0.00337906 -1.40339e-11
-0.180652 0.00338233 -1.32003e-11
-0.181964 0.00338556 -2.34811e-11
-0.183277 0.00338878 -2.39761e-11
-0.184589 0.00339197 -2.70589e-11
-0.185901 0.00339516 -3.4596e-11
-0.187212 0.00339833 -3.44253e-11
-0.188524 0.0034015 -2.60749e-11
-0.189835 0.00340467 -2.23663e-11
-0.191146 0.00340783 -2.94383e-11
-0.192458 0.003411 -2.41677e-11
-0.193769 0.00341416 -3.1524e-11
-0.19508 0.00341734 -2.35771e-11
-0.19639 0.00342051 -1.10132e-11
-0.197701 0.0034237 -1.37699e-11
-0.199012 0.00342688 -1.65103e-11
-0.200323 0.00343008 -2.9465e-11
-0.201634 0.00343328 -3.32692e-11
-0.202944 0.00343648 -2.82885e-11
-0.204255 0.00343969 -2.69615e-11
-0.205566 0.00344291 -2.50734e-11
-0.206877 0.00344613 -2.21485e-11
-0.208188 0.00344936 -2.56274e-11
-0.209499 0.0034526 -2.7212e-11
-0.210811 0.00345584 -3.00286e-11
-0.212122 0.00345908 -2.95671e-11
-0.213433 0.00346233 -2.30434e-11
-0.214745 0.00346558 -3.09524e-11
-0.216057 0.00346884 -3.20724e-11
-0.217369 0.0034721 -2.91701e-11
-0.218681 0.00347536 -3.44202e-11
-0.219993 0.00347863 -3.08359e-11
-0.221306 0.0034819 -4.57961e-11
-0.222619 0.00348517 -2.72083e-11
-0.223931 0.00348844 -4.31099e-11
-0.225245 0.00349171 -3.82179e-11
-0.226558 0.00349498 -3.29531e-11
