0 0 0
0.00022471 3.65237e-05 5.5319e-22
0.000449443 7.30475e-05 2.34059e-22
0.0006742 0.000109571 -5.92825e-22
0.00089898 0.000146095 -1.71255e-21
0.00112378 0.000182619 1.44736e-21
0.00134861 0.000219143 -5.39289e-21
0.00157346 0.000255668 2.52751e-21
0.00179834 0.000292192 -5.80735e-21
0.00209086 0.00033518 3.11415e-18
0.00258315 0.000395248 -2.81062e-18
0.00312842 0.000458104 -5.69282e-17
0.00371227 0.000523838 5.141e-17
0.00430283 0.000586953 1.10027e-15
0.00491436 0.000652313 -7.07016e-16
0.0055305 0.000717183 -9.69173e-16
0.00614643 0.000778971 4.91182e-16
0.0067621 0.000837917 -5.67961e-16
0.00738751 0.000895897 -1.70992e-17
0.00801243 0.00095905 -9.88129e-17
0.00863679 0.0010212 -9.74652e-17
0.00926061 0.0010823 -9.24613e-17
0.00988174 0.00114217 -8.73665e-17
0.0104993 0.00120071 -8.31568e-17
0.0111002 0.00125868 -1.73645e-16
0.0115816 0.00131162 -6.92691e-17
0.0120323 0.00135786 2.57538e-14
0.0124392 0.00140284 4.89022e-15
0.0127584 0.00144846 4.21537e-15
0.0130801 0.00148743 3.95675e-15
0.0134128 0.0015215 2.29342e-15
0.0137421 0.00155072 2.39406e-15
0.014087 0.00157728 2.68228e-15
0.0144467 0.00160191 1.71572e-15
0.0147558 0.00163269 3.07798e-15
0.0150208 0.00166511 1.60712e-15
0.015289 0.00169555 2.29245e-15
0.0155645 0.00172417 2.24365e-15
0.0158477 0.00175122 1.95571e-15
0.0161417 0.00177727 2.94475e-15
0.0164282 0.0018013 2.07533e-15
0.016712 0.00182356 1.73222e-15
0.0169978 0.00184592 1.89616e-15
0.0172129 0.00187502 1.74497e-15
0.0174298 0.00190298 1.87256e-15
0.0176499 0.00192981 3.64795e-15
0.0178743 0.00195559 3.23917e-16
0.018098 0.00198028 2.18891e-15
0.0183121 0.00200348 2.07406e-15
0.018522 0.0020253 2.01024e-15
0.0187405 0.00204646 -1.05901e-15
0.0189638 0.00206684 -1.98177e-14
0.0191903 0.00208644 -5.84369e-15
0.0193799 0.00210867 -2.15233e-15
0.0195277 0.00213303 -1.69637e-15
0.0196767 0.00215657 6.14974e-15
0.0198295 0.0021794 -8.75291e-15
0.0199862 0.00220162 2.84549e-15
0.0201408 0.00222306 -5.31781e-15
0.0202823 0.00224317 8.95369e-15
0.0204176 0.00226217 -6.7397e-16
0.0205543 0.00228041 2.14001e-14
0.0206964 0.00229818 -4.19072e-14
0.0208394 0.00231523 -3.74337e-14
0.0209837 0.00233165 -2.82573e-14
0.0211299 0.00234752 -6.86511e-15
0.0212781 0.00236291 -3.64654e-14
0.0214285 0.00237786 -4.75215e-14
0.0215811 0.00239241 -4.39958e-14
0.021736 0.0024066 -7.39051e-14
0.0218931 0.00242046 -6.27595e-14
0.0220547 0.00243428 -4.88066e-14
0.022228 0.00244891 -5.59499e-15
0.0224046 0.00246351 -1.01828e-14
0.0225278 0.00248142 -2.72299e-14
0.0226488 0.00249951 -3.05063e-13
0.0227698 0.00251751 -4.72206e-13
0.0228896 0.0025354 -5.53373e-13
0.0229959 0.00255292 -7.71959e-13
0.023089 0.0025699 7.8934e-14
0.0231724 0.00258624 -4.25883e-13
0.0232568 0.00260219 -6.35133e-13
0.0233458 0.00261795 -3.35947e-13
0.0234333 0.00263323 -9.24254e-13
0.02352 0.00264808 -3.0779e-12
0.0236066 0.00266256 -3.18649e-12
0.0236938 0.0026767 -2.31806e-12
0.023782 0.00269055 -2.54707e-12
0.0238717 0.00270417 -2.74537e-12
0.0239629 0.00271759 -3.08764e-12
0.0240558 0.00273083 -3.36437e-12
0.0241506 0.00274393 -3.62946e-12
0.0242471 0.0027569 -4.03316e-12
0.0243454 0.00276975 -4.19408e-12
0.0244455 0.00278251 -4.43743e-12
0.0245472 0.00279517 -4.62105e-12
0.0246505 0.00280774 -4.69697e-12
0.0247553 0.00282023 -4.79312e-12
0.0248616 0.00283264 -4.75496e-12
0.0249692 0.00284497 -4.72295e-12
0.0250782 0.00285721 -4.70124e-12
0.0251883 0.00286938 -4.58597e-12
0.0252996 0.00288146 -4.44678e-12
0.0254049 0.00289309 -4.45497e-12
0.0255013 0.00290406 -4.09202e-12
0.025591 0.00291447 -3.66522e-12
0.0256755 0.00292438 -3.67564e-12
0.0257566 0.0029339 -3.63591e-12
0.0258438 0.00294363 -3.61465e-12
0.0259346 0.00295344 -3.61415e-12
0.0260251 0.00296307 -3.75561e-12
0.0261157 0.00297255 -6.32488e-12
0.0262066 0.00298191 -4.6207e-12
0.0262981 0.00299115 -3.72305e-12
0.0263903 0.00300031 -3.7387e-12
0.0264835 0.00300939 -3.73984e-12
0.0265778 0.00301841 -3.58098e-12
0.0266731 0.00302739 -3.69934e-12
0.0267697 0.00303632 -3.65011e-12
0.0268676 0.00304521 -3.66129e-12
0.0269667 0.00305407 -3.70411e-12
0.027067 0.00306291 -3.65705e-12
0.0271686 0.00307171 -3.65537e-12
0.0272168 0.0030833 -3.59848e-12
0.0272617 0.00309491 -3.52624e-12
0.0273043 0.00310643 -3.63257e-12
0.0273447 0.00311783 -2.96339e-12
0.027383 0.00312906 -2.54737e-12
0.0274191 0.00314009 -3.52345e-12
0.0274534 0.00315089 -3.54191e-12
0.0274857 0.00316143 -3.31804e-12
0.0275176 0.00317175 -3.32082e-12
0.0275491 0.00318185 -3.40873e-12
0.0275804 0.00319172 -3.37927e-12
0.0276114 0.00320138 -3.38582e-12
0.0276423 0.00321081 1.61047e-11
0.027673 0.00322004 -2.37654e-12
0.0277035 0.00322906 -2.40209e-12
0.027734 0.00323787 -2.53546e-12
0.0277644 0.00324649 -2.32219e-12
0.0277948 0.00325493 -2.28892e-12
0.0278251 0.00326318 -2.18048e-12
0.0278554 0.00327126 -2.30199e-12
0.0278857 0.00327917 -2.7764e-12
0.027916 0.00328693 -2.25916e-12
0.0279427 0.00329431 -2.2678e-12
0.0279631 0.00330109 -2.66132e-12
0.0279787 0.00330733 -2.49236e-12
0.0279905 0.00331306 -2.54157e-12
0.0279993 0.00331831 -2.49258e-12
0.0280059 0.00332315 -2.51986e-12
0.0280172 0.00332821 -2.97445e-12
0.0280293 0.00333315 -3.01819e-12
0.0280407 0.00333783 -2.96802e-12
0.0280517 0.00334228 -3.13384e-12
0.0280624 0.00334654 5.2453e-12
0.028073 0.00335065 -3.52406e-12
0.0280836 0.00335453 -2.93994e-12
0.0280942 0.0033583 -7.24089e-13
0.0281051 0.00336197 -1.74857e-12
0.0281162 0.00336552 -3.09249e-12
0.0281277 0.003369 -2.17473e-12
0.0281396 0.00337241 -3.0558e-12
0.0281519 0.00337576 -1.87345e-12
0.0281646 0.00337906 -1.23635e-12
0.0281778 0.00338233 -1.23174e-12
0.0281915 0.00338556 -2.26011e-12
0.0282057 0.00338878 -2.22666e-12
0.0282203 0.00339197 -2.53817e-12
0.0282355 0.00339516 -3.23631e-12
0.0282511 0.00339833 -3.12763e-12
0.0282671 0.0034015 -2.23302e-12
0.0282836 0.00340467 -1.95524e-12
0.0283005 0.00340783 -2.74314e-12
0.0283178 0.003411 -2.11793e-12
0.0283356 0.00341416 -2.98141e-12
0.0283537 0.00341734 -2.0506e-12
0.0283722 0.00342051 -6.65973e-13
0.028391 0.0034237 -1.14189e-12
0.0284102 0.00342688 -1.42834e-12
0.0284297 0.00343008 -2.95823e-12
0.0284495 0.00343328 -3.17481e-12
0.0284697 0.00343648 -2.50945e-12
0.0284901 0.00343969 -2.43997e-12
0.0285108 0.00344291 -2.16797e-12
0.0285318 0.00344613 -1.82287e-12
0.0285531 0.00344936 -2.39801e-12
0.0285746 0.0034526 -2.49139e-12
0.0285964 0.00345584 -2.87917e-12
0.0286183 0.00345908 -2.82234e-12
0.0286406 0.00346233 -1.92269e-12
0.028663 0.00346558 -3.05617e-12
0.0286856 0.00346884 -3.05589e-12
0.0287085 0.0034721 -2.65216e-12
0.0287315 0.00347536 -3.26737e-12
0.0287547 0.00347863 -2.81029e-12
0.0287782 0.0034819 -4.48544e-12
0.0288018 0.00348517 -2.30201e-12
0.0288255 0.00348844 -4.24414e-12
0.0288494 0.00349171 -3.46645e-12
0.0288735 0.00349498 -2.98213e-12
