0 0 0
0.000224105 3.64254e-05 1.12987e-22
0.000448233 7.28508e-05 -2.118e-21
0.000672384 0.000109276 -2.1236e-21
0.000896559 0.000145702 2.40192e-21
0.00112076 0.000182127 -2.1905e-21
0.00134498 0.000218553 -3.49363e-21
0.00156922 0.000254979 2.53815e-21
0.00179349 0.000291405 3.52298e-21
0.0020801 0.000333816 2.36805e-18
0.00257429 0.000394161 1.43215e-17
0.0031238 0.000457553 2.5193e-17
0.00371262 0.000523701 -2.39908e-17
0.004297 0.000586253 -3.25575e-16
0.00490716 0.000651499 -9.58645e-17
0.00552111 0.000716337 -2.93669e-16
0.00613136 0.000777505 -8.82249e-17
0.00674086 0.000836098 -1.68447e-16
0.00736044 0.000893167 -9.62616e-17
0.00798629 0.00095645 -9.17622e-17
0.00861105 0.00101867 -8.61789e-17
0.00923477 0.00107982 -8.13433e-17
0.00985753 0.00113988 -7.70436e-17
0.0104794 0.00119885 -7.30202e-17
0.0110875 0.00125738 -1.4644e-16
0.0115762 0.00131101 -9.04114e-17
0.0120325 0.00135782 -4.17741e-15
0.0124426 0.00140345 -1.66644e-15
0.0127656 0.00144947 -9.2682e-16
0.0130925 0.00148873 -8.13936e-16
0.0134295 0.00152296 1.13175e-16
0.0137633 0.00155227 1.81597e-16
0.0141143 0.00157901 -3.01636e-17
0.0144795 0.00160377 1.04808e-15
0.0147816 0.00163582 6.15068e-16
0.0150492 0.00166837 -1.91836e-16
0.0153221 0.00169894 -1.31929e-15
0.0156016 0.00172762 -5.75888e-18
0.0158907 0.00175486 -3.83226e-17
0.0161876 0.00178091 -7.93536e-16
0.0164764 0.00180486 -1.68679e-15
0.0167637 0.00182708 -6.57448e-15
0.0170305 0.00185125 7.66022e-16
0.0172482 0.00188035 2.66427e-15
0.017468 0.00190827 4.08066e-16
0.0176915 0.00193506 1.72613e-14
0.0179195 0.00196082 1.78906e-14
0.0181427 0.00198529 2.34123e-14
0.0183573 0.00200827 3.79903e-14
0.0185701 0.00202995 1.4216e-14
0.018794 0.00205112 -2.857e-14
0.0190208 0.00207141 -3.78012e-14
0.0192509 0.00209092 -6.48736e-14
0.0194108 0.00211528 -1.01201e-13
0.0195603 0.00213954 -2.78374e-14
0.019712 0.00216299 -2.16e-14
0.0198677 0.00218575 -2.58824e-14
0.0200276 0.00220793 -2.13882e-14
0.0201761 0.00222886 -2.18393e-14
0.0203158 0.00224864 -2.2811e-14
0.0204509 0.00226732 -8.00639e-14
0.020593 0.00228557 6.37117e-14
0.020737 0.00230312 1.33647e-13
0.020882 0.00231999 -2.54621e-13
0.0210287 0.00233626 -3.04775e-13
0.0211774 0.002352 -4.82473e-13
0.0213283 0.00236727 -3.74892e-13
0.0214815 0.00238212 -5.25566e-13
0.0216369 0.00239659 -6.88809e-13
0.0217946 0.0024107 -8.73958e-13
0.0219545 0.00242449 -4.95962e-13
0.0221256 0.00243898 -4.33474e-13
0.0223026 0.00245371 -3.06235e-13
0.0224437 0.00246991 -2.5929e-13
0.022566 0.00248815 -3.30647e-13
0.0226882 0.00250632 -2.97205e-13
0.0228105 0.00252439 -1.87877e-13
0.0229232 0.00254221 -2.4518e-13
0.0230211 0.00255952 1.16814e-15
0.023108 0.0025762 1.18749e-13
0.0231903 0.0025923 -6.15344e-13
0.0232809 0.00260832 -8.86325e-13
0.0233696 0.00262386 -8.56431e-13
0.0234572 0.00263895 -1.53377e-12
0.0235446 0.00265364 -1.20128e-12
0.0236325 0.00266798 -1.29776e-12
0.0237213 0.00268201 -9.9055e-13
0.0238114 0.00269579 -1.01992e-12
0.0239032 0.00270936 -1.05512e-12
0.0239967 0.00272275 -1.0547e-12
0.024092 0.00273598 -1.06815e-12
0.0241891 0.00274907 -1.11121e-12
0.0242881 0.00276205 -1.06765e-12
0.0243889 0.00277493 -1.18225e-12
0.0244914 0.00278771 -1.07172e-12
0.0245955 0.0028004 -1.05624e-12
0.0247012 0.002813 -9.96927e-13
0.0248083 0.00282551 -1.00694e-12
0.0249169 0.00283795 -1.03541e-12
0.0250268 0.0028503 -9.84054e-13
0.0251379 0.00286257 -9.30648e-13
0.0252502 0.00287476 -9.88216e-13
0.0253569 0.0028865 -9.4049e-13
0.0254544 0.00289757 -9.27412e-13
0.025545 0.00290807 -9.15848e-13
0.0256303 0.00291807 -9.0269e-13
0.0257122 0.00292765 -9.0148e-13
0.0258004 0.00293748 -8.95409e-13
0.025892 0.00294736 -9.03666e-13
0.0259834 0.00295706 -8.0719e-13
0.0260749 0.00296661 -4.09305e-12
0.0261667 0.00297603 -2.13831e-12
0.0262591 0.00298534 6.14128e-13
0.0263523 0.00299456 -7.06424e-13
0.0264465 0.0030037 -1.09531e-12
0.0265418 0.00301279 -1.08445e-12
0.0266383 0.00302183 -9.9285e-13
0.026736 0.00303083 -1.11693e-12
0.0268349 0.00303979 -9.32419e-13
0.0269352 0.00304872 -8.66499e-13
0.0270368 0.00305761 -9.47624e-13
0.0271331 0.00306688 -9.0559e-13
0.0271809 0.00307863 -1.05723e-12
0.0272262 0.00309035 8.37169e-13
0.0272693 0.00310198 -2.71488e-12
0.0273102 0.00311349 -2.40553e-13
0.0273488 0.00312482 -4.15854e-13
0.0273854 0.00313595 -4.70609e-13
0.0274199 0.00314684 -8.22668e-13
0.0274526 0.00315746 -1.08265e-12
0.0274848 0.00316786 -8.37448e-13
0.0275167 0.00317803 -7.93264e-13
0.0275482 0.00318797 -7.89251e-13
0.0275796 0.00319769 -7.94225e-13
0.0276108 0.00320719 -9.65268e-13
0.0276418 0.00321647 -7.06641e-13
0.0276727 0.00322554 -1.03813e-13
0.0277035 0.00323441 -6.9391e-13
0.0277342 0.00324308 -5.81004e-13
0.0277649 0.00325156 -1.0888e-12
0.0277955 0.00325986 -5.27096e-13
0.0278262 0.00326798 -5.59171e-13
0.0278568 0.00327594 -5.66259e-13
0.0278873 0.00328373 -9.85788e-14
0.0279113 0.00329094 -2.73604e-13
0.02793 0.0032976 -6.64012e-14
0.0279442 0.00330372 4.1633e-13
0.0279548 0.00330932 -4.41138e-13
0.0279627 0.00331447 -4.94758e-13
0.0279704 0.00331936 -5.02317e-13
0.027983 0.00332452 -1.48748e-12
0.0279949 0.00332941 -1.34997e-12
0.0280062 0.00333404 -6.44764e-13
0.0280172 0.00333845 6.25401e-13
0.0280279 0.00334267 4.12502e-12
0.0280386 0.00334672 1.98114e-12
0.0280493 0.00335061 -1.86985e-13
0.0280601 0.00335437 -1.00768e-12
0.0280712 0.00335802 -6.12979e-13
0.0280826 0.00336158 -6.2293e-14
0.0280944 0.00336506 -1.54082e-13
0.0281066 0.00336848 -4.24473e-13
0.0281193 0.00337184 -4.18936e-13
0.0281324 0.00337516 -3.39881e-13
0.0281461 0.00337845 -4.13844e-13
0.0281602 0.00338171 -1.68762e-12
0.0281748 0.00338495 -2.67745e-14
0.0281898 0.00338817 2.91592e-13
0.0282054 0.00339139 -2.15832e-13
0.0282214 0.00339459 3.659e-13
0.0282379 0.0033978 -1.97904e-14
0.0282548 0.003401 -5.8072e-13
0.0282722 0.0034042 -9.0831e-13
0.0282899 0.0034074 -6.32597e-13
0.0283081 0.00341061 1.71958e-13
0.0283267 0.00341382 1.62467e-13
0.0283456 0.00341703 -7.7434e-13
0.0283648 0.00342025 -1.36219e-14
0.0283844 0.00342348 -1.85696e-13
0.0284044 0.00342671 -1.31837e-12
0.0284246 0.00342995 -8.87878e-13
0.0284452 0.00343319 -7.42882e-13
0.028466 0.00343644 -2.04333e-12
0.0284872 0.0034397 -8.26836e-13
0.0285086 0.00344296 -6.34396e-13
0.0285302 0.00344623 -8.49526e-13
0.0285521 0.0034495 -8.94589e-13
0.0285743 0.00345278 -1.17943e-12
0.0285967 0.00345606 -4.49087e-13
0.0286193 0.00345935 -5.6179e-13
0.0286421 0.00346264 -3.89207e-13
0.0286651 0.00346593 -8.60336e-13
0.0286884 0.00346923 -9.1118e-13
0.0287118 0.00347253 -3.12358e-13
0.0287354 0.00347583 -5.7576e-13
0.0287592 0.00347914 2.22166e-13
0.0287832 0.00348244 -7.2742e-13
0.0288073 0.00348575 -1.46886e-13
0.0288316 0.00348905 -4.59897e-13
0.0288561 0.00349236 5.05911e-13
0.0288807 0.00349567 -5.65659e-13
