0 0
-0.000494736 1.25
-0.00197894 2.5
-0.00445263 3.75
-0.00791579 5
-0.0123684 6.25
-0.0178106 7.5
-0.0242422 8.75
-0.0316634 10
-0.0398612 11.25
-0.0492011 12.5
-0.0596801 13.75
-0.0709722 15
-0.083484 16.25
-0.0965002 17.5
-0.111051 18.75
-0.126627 20
-0.143193 21.25
-0.15901 22.5
-0.177512 23.75
-0.197045 25
-0.217606 26.25
-0.239193 27.5
-0.261773 28.75
-0.293004 30
-0.364225 31.25
-0.44365 32.5
-0.541045 33.75
-0.661965 35
-0.779001 36.25
-0.893628 37.5
-1.00859 38.75
-1.11682 40
-1.22135 41.25
-1.34791 42.5
-1.47793 43.75
-1.60486 45
-1.73051 46.25
-1.85305 47.5
-1.97601 48.75
-2.1015 50
-2.22655 51.25
-2.36341 52.5
-2.50662 53.75
-2.64963 55
-2.79218 56.25
-2.93463 57.5
-3.08021 58.75
-3.2282 60
-3.37574 61.25
-3.52218 62.5
-3.66866 63.75
-3.82115 65
-3.98721 66.25
-4.15378 67.5
-4.32036 68.75
-4.48673 70
-4.65427 71.25
-4.82606 72.5
-5.00046 73.75
-5.17538 75
-5.34984 76.25
-5.52503 77.5
-5.7008 78.75
-5.87706 80
-6.05375 81.25
-6.23085 82.5
-6.40834 83.75
-6.58625 85
-6.76461 86.25
-6.94229 87.5
-7.11884 88.75
-7.30149 90
-7.49197 91.25
-7.68343 92.5
-7.87586 93.75
-8.07072 95
-8.27028 96.25
-8.4737 97.5
-8.67999 98.75
-8.88486 100
-9.09123 101.25
-9.29891 102.5
-9.50768 103.75
-9.71739 105
-9.92792 106.25
-10.1392 107.5
-10.3511 108.75
-10.5636 110
-10.7768 111.25
-10.9905 112.5
-11.2049 113.75
-11.4199 115
-11.6355 116.25
-11.8518 117.5
-12.0688 118.75
-12.2865 120
-12.5049 121.25
-12.7241 122.5
-12.9441 123.75
-13.1648 125
-13.3883 126.25
-13.6148 127.5
-13.844 128.75
-14.0755 130
-14.3088 131.25
-14.5411 132.5
-14.7742 133.75
-15.0085 135
-15.2437 136.25
-15.48 137.5
-15.7172 138.75
-15.9552 140
-16.1941 141.25
-16.4339 142.5
-16.6744 143.75
-16.9157 145
-17.1578 146.25
-17.4007 147.5
-17.6444 148.75
-17.8955 150
-18.1536 151.25
-18.4132 152.5
-18.6745 153.75
-18.9373 155
-19.2017 156.25
-19.4677 157.5
-19.7352 158.75
-20.004 160
-20.274 161.25
-20.5451 162.5
-20.8174 163.75
-21.0908 165
-21.3654 166.25
-21.6411 167.5
-21.9179 168.75
-22.1959 170
-22.475 171.25
-22.7552 172.5
-23.0365 173.75
-23.3189 175
-23.6024 176.25
-23.8881 177.5
-24.1764 178.75
-24.4669 180
-24.7594 181.25
-25.0538 182.5
-25.3498 183.75
-25.6454 185
-25.9423 186.25
-26.2404 187.5
-26.5398 188.75
-26.8404 190
-27.1421 191.25
-27.4449 192.5
-27.7488 193.75
-28.0538 195
-28.3599 196.25
-28.667 197.5
-28.9751 198.75
-29.2842 200
-29.5944 201.25
-29.9056 202.5
-30.2178 203.75
-30.531 205
-30.8452 206.25
-31.1605 207.5
-31.4768 208.75
-31.7941 210
-32.1125 211.25
-32.4319 212.5
-32.7523 213.75
-33.0738 215
-33.3963 216.25
-33.7199 217.5
-34.0445 218.75
-34.3702 220
-34.697 221.25
-35.0249 222.5
-35.3538 223.75
-35.6838 225
-36.0149 226.25
-36.3471 227.5
-36.6803 228.75
-37.0147 230
-37.3502 231.25
-37.6867 232.5
-38.0244 233.75
-38.3632 235
-38.7031 236.25
-39.0441 237.5
-39.3862 238.75
-39.7294 240
-40.0737 241.25
-40.4192 242.5
-40.7658 243.75
-41.1135 245
-41.4624 246.25
-41.8123 247.5
-42.1634 248.75
-42.5157 250
