0 0
-0.000494204 1.25
-0.00197682 2.5
-0.00444784 3.75
-0.00790728 5
-0.0123551 6.25
-0.0177914 7.5
-0.0242162 8.75
-0.0316293 10
-0.0398174 11.25
-0.0491508 12.5
-0.0596346 13.75
-0.0709211 15
-0.0834093 16.25
-0.0964067 17.5
-0.110951 18.75
-0.126491 20
-0.143082 21.25
-0.158932 22.5
-0.17743 23.75
-0.196957 25
-0.217513 26.25
-0.239079 27.5
-0.261656 28.75
-0.292562 30
-0.36325 31.25
-0.442864 32.5
-0.539735 33.75
-0.660573 35
-0.777814 36.25
-0.89245 37.5
-1.0075 38.75
-1.11594 40
-1.2206 41.25
-1.34651 42.5
-1.47656 43.75
-1.60366 45
-1.72941 46.25
-1.85214 47.5
-1.97506 48.75
-2.10055 50
-2.22579 51.25
-2.36203 52.5
-2.5053 53.75
-2.64839 55
-2.79103 56.25
-2.93348 57.5
-3.07899 58.75
-3.22697 60
-3.37469 61.25
-3.52118 62.5
-3.66774 63.75
-3.81929 65
-3.9854 66.25
-4.15202 67.5
-4.31871 68.75
-4.48518 70
-4.65257 71.25
-4.82426 72.5
-4.99862 73.75
-5.17371 75
-5.34821 76.25
-5.52344 77.5
-5.69927 78.75
-5.87559 80
-6.05235 81.25
-6.22951 82.5
-6.40707 83.75
-6.58505 85
-6.76347 86.25
-6.94144 87.5
-7.11808 88.75
-7.29894 90
-7.48942 91.25
-7.68089 92.5
-7.87333 93.75
-8.06788 95
-8.26714 96.25
-8.47032 97.5
-8.67651 98.75
-8.88164 100
-9.08798 101.25
-9.29565 102.5
-9.50444 103.75
-9.71418 105
-9.92476 106.25
-10.1361 107.5
-10.348 108.75
-10.5606 110
-10.7738 111.25
-10.9877 112.5
-11.2021 113.75
-11.4172 115
-11.6329 116.25
-11.8492 117.5
-12.0663 118.75
-12.284 120
-12.5025 121.25
-12.7218 122.5
-12.9418 123.75
-13.1626 125
-13.3857 126.25
-13.612 127.5
-13.841 128.75
-14.0724 130
-14.3056 131.25
-14.5384 132.5
-14.7715 133.75
-15.0057 135
-15.241 136.25
-15.4773 137.5
-15.7145 138.75
-15.9526 140
-16.1916 141.25
-16.4314 142.5
-16.672 143.75
-16.9134 145
-17.1556 146.25
-17.3985 147.5
-17.6423 148.75
-17.8913 150
-18.1493 151.25
-18.4089 152.5
-18.6701 153.75
-18.9329 155
-19.1973 156.25
-19.4632 157.5
-19.7307 158.75
-19.9995 160
-20.2695 161.25
-20.5407 162.5
-20.813 163.75
-21.0864 165
-21.361 166.25
-21.6368 167.5
-21.9136 168.75
-22.1916 170
-22.4707 171.25
-22.7509 172.5
-23.0323 173.75
-23.3147 175
-23.5983 176.25
-23.8836 177.5
-24.1716 178.75
-24.4619 180
-24.7543 181.25
-25.0486 182.5
-25.3445 183.75
-25.6405 185
-25.9373 186.25
-26.2355 187.5
-26.5349 188.75
-26.8355 190
-27.1372 191.25
-27.4401 192.5
-27.744 193.75
-28.0491 195
-28.3552 196.25
-28.6623 197.5
-28.9705 198.75
-29.2797 200
-29.5899 201.25
-29.9011 202.5
-30.2134 203.75
-30.5267 205
-30.841 206.25
-31.1563 207.5
-31.4726 208.75
-31.79 210
-32.1084 211.25
-32.4278 212.5
-32.7483 213.75
-33.0698 215
-33.3924 216.25
-33.716 217.5
-34.0407 218.75
-34.3665 220
-34.6933 221.25
-35.0212 222.5
-35.3502 223.75
-35.6802 225
-36.0114 226.25
-36.3436 227.5
-36.6769 228.75
-37.0113 230
-37.3468 231.25
-37.6834 232.5
-38.0211 233.75
-38.3599 235
-38.6998 236.25
-39.0409 237.5
-39.383 238.75
-39.7263 240
-40.0707 241.25
-40.4162 242.5
-40.7628 243.75
-41.1106 245
-41.4594 246.25
-41.8095 247.5
-42.1606 248.75
-42.5129 250
