0 0 0
-0.000223738 3.63694e-05 1.35098e-23
-0.000447453 7.27388e-05 -7.72732e-22
-0.000671145 0.000109108 3.66894e-21
-0.000894814 0.000145478 9.28161e-21
-0.00111846 0.000181847 -2.41557e-22
-0.00134209 0.000218217 -1.17914e-21
-0.00156569 0.000254587 5.267e-21
-0.00178927 0.000290957 -1.6338e-21
-0.00204857 0.000330313 -2.45046e-19
-0.00243971 0.000378746 -6.01422e-18
-0.00285547 0.00042832 4.51059e-18
-0.0032796 0.000476782 -6.34926e-19
-0.00372226 0.000528656 1.79255e-18
-0.0041656 0.000575375 1.6995e-17
-0.00460997 0.000622754 -7.91839e-18
-0.00506425 0.000672187 -2.79801e-18
-0.00551858 0.0007199 1.61225e-18
-0.00597293 0.000765971 -4.55939e-19
-0.00642729 0.000810466 6.94876e-19
-0.00688164 0.000853519 -8.31323e-19
-0.00732715 0.000896346 -6.53846e-21
-0.0077845 0.000942872 -6.62614e-20
-0.00824172 0.000988892 5.74067e-20
-0.00869882 0.00103439 2.37492e-20
-0.0091558 0.00107935 1.11374e-19
-0.00961267 0.00112377 2.16117e-19
-0.0100694 0.00116764 -2.3855e-19
-0.0105261 0.00121095 -2.55429e-20
-0.0110027 0.00125364 -1.57472e-17
-0.0115776 0.00129385 -8.12856e-17
-0.0122513 0.00132939 -4.46917e-18
-0.0129087 0.00136204 2.91248e-15
-0.0135714 0.00139155 3.02972e-16
-0.0143422 0.00142604 1.78037e-16
-0.0151403 0.00145697 -1.16166e-16
-0.0159291 0.0014848 8.06508e-16
-0.0167002 0.00151029 1.44312e-15
-0.0174678 0.00153343 6.7667e-16
-0.0182358 0.00155424 2.6071e-15
-0.0189916 0.00157351 6.8108e-15
-0.0197274 0.00159198 4.15931e-14
-0.0204512 0.00160949 7.82925e-14
-0.0211836 0.00162857 5.55859e-14
-0.0219758 0.00165238 2.63649e-14
-0.0227721 0.00167522 1.83988e-14
-0.0235627 0.00169715 2.14272e-14
-0.0243427 0.00171829 2.21521e-14
-0.0251173 0.00173852 2.28076e-14
-0.0258824 0.00175817 9.45467e-15
-0.0266385 0.00177732 1.70972e-14
-0.0273943 0.00179564 1.50927e-14
-0.0281552 0.00181289 2.18685e-14
-0.0289169 0.00182922 3.48746e-14
-0.0296741 0.00184495 8.33536e-14
-0.0304422 0.001862 2.39047e-13
-0.0312532 0.00188297 7.19477e-13
-0.032062 0.0019034 9.49353e-13
-0.0328679 0.00192326 1.64946e-12
-0.0336704 0.00194256 2.66731e-12
-0.0344692 0.00196135 2.55318e-12
-0.0352645 0.00197966 4.42424e-12
-0.0360642 0.00199726 7.89507e-12
-0.0368696 0.0020141 1.5043e-11
-0.0376778 0.00203021 3.0443e-11
-0.0384856 0.0020457 1.26422e-10
-0.0392832 0.00206107 5.37205e-10
-0.0400786 0.00207596 3.3257e-10
-0.0408717 0.00209043 5.719e-10
-0.0416623 0.00210452 1.02928e-10
-0.0424888 0.0021211 1.25913e-10
-0.04334 0.00213892 1.37645e-10
-0.04419 0.00215631 1.31895e-10
-0.0450377 0.00217332 1.2955e-10
-0.045883 0.00218997 1.27619e-10
-0.0467256 0.00220629 1.25998e-10
-0.0475654 0.00222232 1.24584e-10
-0.0484083 0.00223788 1.22896e-10
-0.0492607 0.00225269 1.2096e-10
-0.050118 0.0022669 1.19546e-10
-0.0509782 0.00228054 1.18045e-10
-0.0518367 0.0022938 1.16075e-10
-0.0526896 0.00230691 1.13373e-10
-0.053542 0.00231962 1.11739e-10
-0.0543937 0.00233197 9.75015e-11
-0.0552444 0.002344 9.68698e-11
-0.0560939 0.00235573 1.06341e-10
-0.0569422 0.00236718 1.05173e-10
-0.057789 0.00237839 1.0375e-10
-0.0586344 0.00238937 1.02092e-10
-0.0594784 0.00240014 9.98907e-11
-0.0603208 0.00241071 9.76348e-11
-0.0611619 0.00242109 9.50568e-11
-0.0620015 0.0024313 9.21359e-11
-0.0628398 0.00244133 9.57335e-11
-0.0636685 0.00245208 9.62363e-11
-0.0644948 0.00246283 9.61361e-11
-0.0653192 0.00247358 9.52694e-11
-0.0661439 0.00248436 9.61915e-11
-0.0670088 0.00249765 1.00018e-10
-0.0678737 0.00251093 9.67852e-11
-0.0687385 0.00252418 9.80408e-11
-0.0696034 0.0025374 9.84535e-11
-0.0704682 0.00255056 9.97713e-11
-0.071341 0.00256358 9.7953e-11
-0.0722227 0.00257636 9.91623e-11
-0.0731119 0.00258885 9.73667e-11
-0.0740071 0.002601 8.85169e-11
-0.0749067 0.0026128 9.4969e-11
-0.0757984 0.00262464 9.34655e-11
-0.0766903 0.00263628 9.32682e-11
-0.0775833 0.00264767 8.94818e-11
-0.0784772 0.00265883 9.45164e-11
-0.0793714 0.00266976 9.51606e-11
-0.0802658 0.00268049 9.29033e-11
-0.08116 0.00269104 9.22634e-11
-0.0820539 0.00270143 9.28636e-11
-0.0829472 0.00271167 9.20029e-11
-0.0838398 0.00272178 9.23295e-11
-0.0847317 0.00273178 9.14339e-11
-0.0856226 0.00274168 9.154e-11
-0.0865127 0.00275148 9.11794e-11
-0.0874018 0.00276122 9.15822e-11
-0.08829 0.00277088 9.06582e-11
-0.0891773 0.00278047 9.05126e-11
-0.0900636 0.00279001 9.01432e-11
-0.0909491 0.00279949 9.01237e-11
-0.0918337 0.00280892 9.00079e-11
-0.0927175 0.0028183 9.03288e-11
-0.0936005 0.00282763 8.99338e-11
-0.0944828 0.00283692 8.95028e-11
-0.0953643 0.00284617 8.94156e-11
-0.0962452 0.00285537 8.92396e-11
-0.0971254 0.00286453 8.88067e-11
-0.098005 0.00287365 8.85971e-11
-0.0988841 0.00288272 8.86583e-11
-0.0997626 0.00289175 8.81619e-11
-0.100641 0.00290074 8.8329e-11
-0.10152 0.00290962 8.78423e-11
-0.102405 0.00291811 8.77249e-11
-0.103296 0.00292627 8.74646e-11
-0.104191 0.00293412 8.71592e-11
-0.10509 0.00294169 8.67452e-11
-0.105991 0.00294901 8.61902e-11
-0.106895 0.00295611 8.6002e-11
-0.107798 0.0029632 8.57789e-11
-0.108694 0.0029706 8.54321e-11
-0.109591 0.00297789 8.58763e-11
-0.110488 0.00298508 8.55208e-11
-0.111385 0.00299218 8.51017e-11
-0.112283 0.00299921 8.49853e-11
-0.11318 0.00300617 8.41482e-11
-0.114078 0.00301307 8.73511e-11
-0.114975 0.00301994 8.63937e-11
-0.115872 0.00302674 8.00587e-11
-0.116768 0.00303352 6.84412e-11
-0.117665 0.00304026 7.76948e-11
-0.11856 0.00304697 8.00784e-11
-0.119456 0.00305365 8.13675e-11
-0.120351 0.00306032 8.1107e-11
-0.121245 0.00306697 8.13738e-11
-0.122139 0.00307359 8.12588e-11
-0.123032 0.0030802 8.11561e-11
-0.123925 0.0030868 8.12313e-11
-0.124817 0.00309338 8.07197e-11
-0.125709 0.00309994 8.06784e-11
-0.126617 0.00310745 7.69343e-11
-0.127548 0.00311611 6.27116e-11
-0.128481 0.00312477 6.91144e-11
-0.129416 0.00313341 7.39486e-11
-0.130351 0.00314202 5.26673e-11
-0.131289 0.00315058 1.02181e-10
-0.132227 0.00315908 6.75598e-11
-0.133167 0.0031675 7.46127e-11
-0.134108 0.00317583 8.4981e-11
-0.135051 0.00318406 7.96623e-11
-0.135994 0.00319218 7.5389e-11
-0.136939 0.00320018 7.67318e-11
-0.137885 0.00320805 7.83509e-11
-0.138833 0.00321578 7.99272e-11
-0.139781 0.00322338 7.71398e-11
-0.14073 0.00323082 7.70399e-11
-0.141681 0.00323813 7.72208e-11
-0.142631 0.00324532 7.74321e-11
-0.143582 0.00325238 7.71184e-11
-0.144534 0.00325934 7.59688e-11
-0.145485 0.00326618 7.67e-11
-0.146437 0.00327291 7.80507e-11
-0.14739 0.00327953 7.28256e-11
-0.148343 0.00328604 5.90654e-11
-0.149296 0.00329245 9.76959e-11
-0.15025 0.00329876 1.00994e-10
-0.151204 0.00330497 9.3369e-11
-0.152158 0.00331109 1.01892e-10
-0.153112 0.00331712 9.53986e-11
-0.154067 0.00332305 8.41643e-11
-0.155024 0.00332883 8.50385e-11
-0.155986 0.00333425 8.36538e-11
-0.156951 0.00333937 7.81205e-11
-0.15792 0.00334421 7.9126e-11
-0.158891 0.00334875 8.36659e-11
