0 0 0
-42.9197 2.68337 1.13805e-17
-85.8351 5.36674 9.39716e-17
-128.746 8.05012 1.49313e-16
-171.653 10.7335 5.14561e-16
-214.555 13.4169 3.41317e-17
-257.453 16.1003 -3.51836e-16
-300.347 18.7837 6.67212e-16
-343.237 21.4671 -5.89746e-16
-371.617 22.8621 -5.03914e-15
-371.843 21.625 4.59671e-13
-372.048 20.4882 -4.27912e-13
-372.231 19.4951 -2.20548e-13
-372.416 18.5478 2.58001e-12
-372.584 17.815 2.01324e-12
-372.781 17.0165 -2.30826e-11
-372.971 16.4168 -2.73169e-12
-373.168 15.9813 5.88547e-12
-373.392 15.5621 -1.37117e-12
-373.642 15.1589 1.90675e-12
-373.92 14.7712 9.65163e-14
-374.227 14.3982 9.288e-13
-374.562 14.0394 3.49701e-13
-374.917 13.7408 5.20666e-13
-375.273 13.692 4.05264e-13
-375.669 13.6112 3.77891e-13
-376.094 13.5242 3.31344e-13
-376.548 13.4325 3.11748e-13
-377.029 13.3372 2.76412e-13
-377.536 13.2394 2.52594e-13
-378.069 13.1399 2.38499e-13
-378.624 13.0392 2.17353e-13
-379.203 12.9379 2.08256e-13
-377.948 12.6373 -3.74067e-13
-371.743 11.895 -4.70035e-12
-360.777 10.8561 2.36143e-12
-350.917 10.0115 1.9629e-11
-341.393 9.33827 -2.41838e-11
-331.229 8.78833 3.2258e-11
-319.67 8.40223 7.07535e-12
-308.181 8.02525 -2.69643e-11
-297.291 7.69582 -5.16293e-12
-287.35 7.44803 7.52829e-11
-278.269 7.24595 -4.63857e-12
-269.902 7.05664 5.08459e-12
-262.215 6.87753 -9.65333e-12
-255.205 6.7185 1.84287e-12
-248.912 6.60833 1.92508e-10
-243.19 6.51935 3.01522e-10
-237.964 6.44579 3.9186e-10
-233.126 6.40558 8.56706e-10
-228.24 6.49582 -2.454e-10
-223.696 6.55894 -4.07016e-11
-219.482 6.59977 -3.96321e-11
-215.606 6.63225 -2.40391e-10
-212.028 6.65638 1.37292e-11
-208.702 6.66904 1.11476e-10
-205.618 6.67967 3.87534e-10
-202.749 6.68967 8.17488e-10
-200.07 6.69709 -5.057e-11
-197.536 6.68958 -6.28601e-10
-195.132 6.66662 3.45896e-10
-192.854 6.63377 1.19485e-09
-190.7 6.59584 3.80955e-09
-188.68 6.56829 2.04246e-08
-186.691 6.58144 8.22228e-09
-184.728 6.64588 1.83335e-08
-182.869 6.69724 2.56249e-08
-181.104 6.73733 5.16881e-08
-179.429 6.76784 9.79191e-08
-177.837 6.79038 2.25437e-07
-176.322 6.80633 5.12472e-07
-174.879 6.81688 1.17023e-06
-173.493 6.81756 2.89245e-06
-172.157 6.80592 3.51898e-06
-170.871 6.78468 9.69567e-06
-169.634 6.75632 2.61687e-05
-168.447 6.72388 2.53894e-06
-167.319 6.70073 1.84045e-05
-166.236 6.6753 2.70815e-05
-165.195 6.64842 3.84385e-05
-164.193 6.62057 2.65876e-05
-163.229 6.59238 0.000100203
-162.264 6.59705 1.84167e-05
-161.298 6.62459 5.74049e-05
-160.367 6.64551 1.74536e-06
-159.469 6.66072 5.22123e-06
-158.604 6.67121 1.35344e-05
-157.77 6.67781 1.74705e-05
-156.964 6.68147 7.35339e-05
-156.186 6.68271 1.22626e-05
-155.434 6.68156 2.94124e-05
-154.698 6.66817 -1.44839e-05
-153.979 6.64606 -3.18579e-06
-153.279 6.61774 -3.32717e-06
-152.598 6.58446 -5.38096e-06
-151.936 6.54762 -8.94985e-06
-151.298 6.51734 -4.87257e-05
-150.679 6.4859 -0.00011929
-150.077 6.45326 -9.30199e-05
-149.492 6.41974 -3.80032e-05
-148.923 6.38575 -3.93094e-05
-148.37 6.35177 -2.10684e-05
-147.831 6.31796 -1.02061e-05
-147.307 6.28467 -1.04088e-05
-146.797 6.25201 -1.25727e-05
-146.3 6.22009 -1.69689e-05
-145.815 6.18897 -2.33717e-05
-145.343 6.15873 -3.63431e-05
-144.882 6.12936 -5.36261e-05
-144.433 6.10085 -3.95303e-06
-143.995 6.07321 -1.62566e-06
-143.568 6.0517 -1.69455e-05
-143.154 6.04111 -2.21593e-05
-142.75 6.03203 -3.33873e-05
-142.355 6.02436 -4.93134e-05
-141.969 6.01795 -6.94412e-05
-141.592 6.01265 1.49971e-06
-141.208 6.02627 6.60789e-07
-140.827 6.05106 2.15552e-06
-140.455 6.0743 3.4714e-06
-140.091 6.09599 5.59488e-06
-139.733 6.11612 9.20025e-06
-139.384 6.1347 1.50361e-05
-139.039 6.14986 1.82271e-05
-138.697 6.16026 3.12686e-05
-138.361 6.16588 2.83399e-06
-138.028 6.1667 4.53702e-06
-137.701 6.1629 5.05921e-06
-137.379 6.15499 -1.5392e-06
-137.065 6.14905 5.53598e-06
-136.757 6.14339 4.24986e-06
-136.455 6.1353 -1.46998e-06
-136.158 6.12514 2.44869e-05
-135.867 6.11325 6.67812e-05
-135.581 6.09997 0.000113198
-135.3 6.08566 7.93742e-05
-135.023 6.07046 4.89058e-05
-134.752 6.05474 4.08071e-05
-134.486 6.03862 2.09954e-05
-134.224 6.02245 2.53638e-05
-133.967 6.00634 3.20843e-05
-133.714 5.99043 4.15202e-05
-133.466 5.97484 5.33354e-05
-133.222 5.95967 8.38095e-06
-132.982 5.94497 1.10421e-05
-132.746 5.93078 1.4652e-05
-132.514 5.91711 1.23772e-05
-132.286 5.90404 1.78885e-05
-132.062 5.89156 3.76117e-05
-131.841 5.87962 4.75373e-05
-131.624 5.86822 5.09689e-06
-131.411 5.85737 7.71099e-06
-131.2 5.84703 1.1215e-05
-130.993 5.83717 1.57281e-05
-130.789 5.82777 2.13554e-05
-130.588 5.8188 2.74422e-05
-130.391 5.81023 3.46266e-06
-130.196 5.80203 5.01557e-06
-130.004 5.79417 6.87505e-06
-129.814 5.78662 8.97673e-06
-129.628 5.77935 1.13169e-05
-129.444 5.77235 1.38297e-05
-129.263 5.76557 1.64853e-05
-129.084 5.75901 1.92172e-05
-128.908 5.75263 2.19272e-05
-128.733 5.74192 2.99034e-05
-128.559 5.72775 3.72808e-05
-128.387 5.7107 3.47152e-05
-128.217 5.69115 6.00655e-05
-128.048 5.66956 1.73683e-05
-127.881 5.64641 1.66476e-05
-127.716 5.6222 -1.1285e-06
-127.552 5.59736 -3.64519e-06
-127.392 5.57683 -4.41164e-06
-127.234 5.56056 -4.60622e-06
-127.078 5.54421 -4.70005e-06
-126.924 5.52792 -4.73964e-06
-126.772 5.51179 -4.75578e-06
-126.621 5.49587 -4.7636e-06
-126.473 5.48028 -4.76437e-06
-126.326 5.46507 -4.75941e-06
-126.181 5.45029 -4.74756e-06
-126.037 5.43596 -4.74136e-06
-125.895 5.42217 -4.73795e-06
-125.755 5.40904 -4.68471e-06
-125.617 5.3966 -4.98213e-06
-125.48 5.38413 -5.41928e-06
-125.345 5.37257 -5.07716e-06
-125.212 5.36153 -4.81946e-06
-125.079 5.35107 -4.65519e-06
-124.949 5.34115 -4.56613e-06
-124.82 5.33175 -4.48732e-06
-124.692 5.3228 -4.41145e-06
-124.566 5.31438 -4.37012e-06
-124.441 5.30641 -4.32656e-06
-124.318 5.29887 -4.28221e-06
-124.196 5.29174 -4.24384e-06
-124.075 5.28499 -4.20254e-06
-123.956 5.27859 -4.1616e-06
-123.835 5.28548 -3.04837e-06
