0 0 0
-0.000224082 3.64254e-05 -5.11043e-22
-0.000448141 7.28508e-05 -2.40208e-21
-0.000672178 0.000109276 7.92001e-21
-0.000896192 0.000145702 -6.88692e-21
-0.00112018 0.000182127 5.84747e-22
-0.00134415 0.000218553 3.16297e-21
-0.0015681 0.000254979 -1.60536e-20
-0.00179202 0.000291405 1.30821e-20
-0.00204306 0.000329594 -1.92051e-18
-0.00238434 0.000372283 -1.13869e-18
-0.00273749 0.000414745 3.0217e-16
-0.00309789 0.000457468 1.5441e-17
-0.00346576 0.000498844 -4.84334e-15
-0.00383788 0.00054061 -5.65717e-14
-0.00420849 0.000580383 1.67346e-14
-0.0045788 0.000620045 -2.93584e-16
-0.00495704 0.000661496 -7.61619e-15
-0.00533484 0.000701695 -1.89313e-15
-0.00571198 0.000740666 -4.02366e-15
-0.00608912 0.00077852 -2.80011e-15
-0.00646627 0.000815293 -3.14423e-15
-0.00684341 0.000851065 -1.9882e-15
-0.00721791 0.000886069 -2.62558e-15
-0.00758971 0.00092439 -2.5061e-15
-0.00796935 0.000962826 -2.41608e-15
-0.00834891 0.00100091 -2.33302e-15
-0.00872838 0.00103863 -2.25754e-15
-0.00910776 0.00107599 -2.18884e-15
-0.00948707 0.00111297 -2.12564e-15
-0.0098663 0.00114958 -2.06807e-15
-0.0102455 0.00118581 -2.01458e-15
-0.0106246 0.00122166 -1.96547e-15
-0.0110267 0.00125704 -1.91666e-15
-0.0114951 0.00129052 -1.84854e-15
-0.012034 0.00132064 -1.80351e-15
-0.0125766 0.00134835 -1.56268e-15
-0.0131157 0.00137405 -2.08901e-15
-0.0136667 0.00139839 -2.22984e-15
-0.0142926 0.00142653 -2.08952e-15
-0.0149349 0.00145217 -2.20136e-15
-0.0155786 0.00147553 -6.90032e-16
-0.0162091 0.00149734 -1.88065e-15
-0.0168321 0.00151767 -2.50684e-16
-0.017456 0.00153638 -2.43838e-15
-0.0180806 0.00155356 -1.39433e-15
-0.0187014 0.00156951 -1.21458e-15
-0.0193075 0.00158503 1.33912e-15
-0.0199056 0.00159988 -9.35185e-15
-0.0204968 0.00161414 -1.21773e-15
-0.0210891 0.00162887 -8.11524e-15
-0.0217342 0.00164849 -5.91835e-15
-0.0223837 0.00166754 -9.48019e-16
-0.0230344 0.00168592 -3.00281e-15
-0.0236788 0.00170381 -1.51477e-15
-0.024318 0.00172116 -1.21679e-15
-0.0249542 0.00173791 1.15617e-14
-0.0255844 0.00175429 -1.63266e-14
-0.0262091 0.00177032 1.19408e-14
-0.0268294 0.00178598 7.85821e-16
-0.0274522 0.00180097 5.60107e-15
-0.0280783 0.00181525 1.16453e-14
-0.0287055 0.00182889 2.8806e-15
-0.0293319 0.001842 -3.53998e-15
-0.0299506 0.00185505 -8.87089e-14
-0.0305961 0.00187021 -2.48445e-14
-0.0312635 0.0018875 -4.04065e-13
-0.0319299 0.00190442 -4.20212e-13
-0.0325947 0.00192096 -6.94977e-13
-0.0332578 0.00193713 -1.21271e-12
-0.0339188 0.00195295 -2.44824e-12
-0.0345776 0.00196842 -4.87381e-12
-0.0352342 0.00198357 -1.01058e-11
-0.0358937 0.00199826 -2.23543e-11
-0.0365575 0.00201242 -2.58468e-11
-0.0372241 0.00202608 -6.05133e-11
-0.0378921 0.00203925 -1.50621e-10
-0.038559 0.00205204 -7.07825e-10
-0.0392187 0.0020648 -3.65092e-09
-0.0398771 0.00207723 -5.00311e-09
-0.0405342 0.00208936 -6.50187e-09
-0.0411898 0.00210122 -4.14152e-09
-0.0418439 0.00211283 -2.00979e-10
-0.0425285 0.00212663 6.7663e-10
-0.0432324 0.00214144 4.71876e-09
-0.0439356 0.00215599 -3.2307e-10
-0.0446377 0.00217028 -2.67184e-11
-0.0453386 0.00218431 5.64087e-10
-0.046038 0.00219811 7.80766e-10
-0.0467358 0.0022117 3.8853e-09
-0.0474319 0.00222509 1.22503e-09
-0.0481277 0.00223826 1.28641e-09
-0.0488313 0.00225087 1.29732e-09
-0.0495394 0.00226305 2.73645e-10
-0.0502504 0.00227482 2.92199e-10
-0.0509635 0.0022862 1.81846e-10
-0.051677 0.00229724 -5.28638e-10
-0.0523847 0.0023083 -3.02372e-09
-0.0530922 0.00231907 -2.03813e-09
-0.0537995 0.00232958 -1.30341e-08
-0.0545063 0.00233985 -1.40539e-09
-0.0552127 0.00234989 -1.39519e-09
-0.0559184 0.00235973 -1.43256e-09
-0.0566233 0.00236938 -1.35944e-09
-0.0573275 0.00237884 -1.34781e-09
-0.0580308 0.00238815 -1.37546e-09
-0.0587333 0.0023973 -1.43038e-09
-0.0594349 0.0024063 -1.50814e-09
-0.0601356 0.00241517 -1.67169e-09
-0.0608355 0.0024239 -1.91934e-09
-0.0615345 0.00243251 -2.28283e-09
-0.0622326 0.002441 -1.62379e-09
-0.062926 0.00244979 -1.68717e-09
-0.0636153 0.00245882 -1.74486e-09
-0.0643033 0.00246783 -1.89562e-09
-0.06499 0.00247684 -2.09165e-09
-0.0656755 0.00248584 -2.33879e-09
-0.0663597 0.00249483 -2.64036e-09
-0.0670778 0.00250578 -1.64614e-09
-0.0677974 0.00251688 -2.36587e-09
-0.0685171 0.00252796 -2.84914e-09
-0.0692368 0.00253903 -3.44943e-09
-0.0699567 0.00255007 -4.148e-09
-0.0706769 0.00256108 -4.76296e-09
-0.0714033 0.00257199 -4.37289e-09
-0.0721358 0.00258276 -2.37658e-09
-0.0728737 0.00259334 -2.45975e-09
-0.0736163 0.0026037 -2.66015e-09
-0.0743626 0.00261383 -2.69503e-09
-0.0751118 0.00262371 -2.01088e-09
-0.0758541 0.00263369 -2.65129e-09
-0.0765967 0.00264352 -2.51053e-09
-0.0773403 0.00265318 -1.74796e-09
-0.0780846 0.00266267 -1.29374e-09
-0.0788295 0.002672 6.94885e-10
-0.0795748 0.00268119 1.44933e-09
-0.0803202 0.00269023 -7.57248e-12
-0.0810656 0.00269915 -4.98424e-10
-0.081811 0.00270795 -6.61432e-10
-0.0825561 0.00271663 -1.08474e-09
-0.0833009 0.00272523 -1.01227e-09
-0.0840453 0.00273374 -9.13614e-10
-0.0847893 0.00274216 -7.93648e-10
-0.0855327 0.00275052 -6.49965e-10
-0.0862757 0.00275882 -4.83472e-10
-0.0870181 0.00276705 -2.92434e-10
-0.08776 0.00277523 -7.62678e-11
-0.0885013 0.00278337 -2.75748e-10
-0.089242 0.00279146 -9.08435e-12
-0.0899822 0.0027995 9.28186e-10
-0.0907219 0.00280751 1.30855e-09
-0.0914611 0.00281548 1.70285e-09
-0.0921997 0.00282342 2.10563e-09
-0.0929379 0.00283132 2.46093e-09
-0.0936757 0.00283919 8.54111e-11
-0.094413 0.00284703 1.73594e-10
-0.0951498 0.00285484 2.72332e-10
-0.0958863 0.00286262 3.7724e-10
-0.0966224 0.00287037 4.86075e-10
-0.0973581 0.00287809 5.95513e-10
-0.0980935 0.00288578 7.02186e-10
-0.0988286 0.00289343 8.04241e-10
-0.0995634 0.00290106 8.95989e-10
-0.100298 0.00290867 9.7533e-10
-0.101032 0.00291624 1.04221e-09
-0.101767 0.00292373 1.13757e-09
-0.102507 0.00293093 1.29111e-09
-0.103251 0.0029379 1.52535e-09
-0.103998 0.00294465 1.8543e-09
-0.104748 0.00295119 2.30781e-09
-0.1055 0.00295755 2.80464e-09
-0.106255 0.00296373 -4.51515e-10
-0.107011 0.00296976 2.97066e-10
-0.107768 0.00297566 3.93143e-10
-0.108519 0.00298189 3.98644e-10
-0.10927 0.0029881 3.92817e-10
-0.11002 0.00299424 3.84603e-10
-0.110771 0.00300032 3.75691e-10
-0.111523 0.00300634 3.66413e-10
-0.112274 0.00301229 3.57641e-10
-0.113026 0.00301821 3.48688e-10
-0.113778 0.00302408 3.40273e-10
-0.114529 0.0030299 3.32229e-10
-0.115281 0.0030357 3.23293e-10
-0.116032 0.00304146 3.13043e-10
-0.116784 0.00304721 3.15906e-10
-0.117535 0.00305292 2.92174e-10
-0.118286 0.00305861 2.88813e-10
-0.119037 0.00306429 2.83524e-10
-0.119787 0.00306994 2.79385e-10
-0.120537 0.00307559 2.72736e-10
-0.121287 0.00308122 2.66121e-10
-0.122037 0.00308683 2.60848e-10
-0.122786 0.00309243 2.54228e-10
-0.123535 0.00309803 2.48088e-10
-0.124284 0.00310361 2.42197e-10
-0.125033 0.00310918 2.35943e-10
-0.125781 0.00311474 2.29555e-10
-0.126529 0.00312029 2.23712e-10
-0.127277 0.00312588 2.5757e-10
-0.128057 0.00313318 2.61384e-10
