0 0 0
0.000224711 3.65239e-05 5.37434e-22
0.000449444 7.30478e-05 1.09787e-22
0.000674201 0.000109572 4.02302e-22
0.000898982 0.000146096 6.93272e-21
0.00112379 0.00018262 3.42863e-21
0.00134861 0.000219144 1.12622e-20
0.00157346 0.000255669 1.10814e-21
0.00179834 0.000292193 2.35054e-22
0.0020902 0.000335096 7.60866e-18
0.00257935 0.000394796 5.56024e-17
0.00312096 0.000457288 1.29696e-16
0.00369978 0.000522494 -5.57815e-17
0.00428583 0.00058524 -1.63327e-15
0.0048917 0.000649935 1.10551e-15
0.00550282 0.000714402 1.40809e-15
0.00611374 0.000775834 -6.81383e-16
0.00672442 0.000834461 8.12408e-16
0.00734419 0.000891511 -1.32925e-16
0.00796396 0.000954212 1.18169e-16
0.00858317 0.00101593 1.16716e-16
0.00920188 0.00107663 1.1079e-16
0.00982011 0.00113631 1.05375e-16
0.0104379 0.00119497 1.00204e-16
0.0110413 0.00125268 -1.13807e-16
0.0115292 0.00130583 2.06349e-17
0.0119729 0.00135221 1.4434e-15
0.0123952 0.00139587 2.49096e-16
0.0127149 0.00144214 4.65943e-16
0.0130305 0.00148157 8.40725e-17
0.0133599 0.00151614 6.89985e-16
0.0136856 0.00154581 4.2343e-16
0.0140233 0.00157246 1.50576e-16
0.0143772 0.00159723 -9.35213e-16
0.014703 0.00162578 -2.67325e-15
0.0149671 0.00165835 -3.66028e-16
0.0152306 0.0016889 -3.34007e-15
0.0155025 0.0017177 -6.65336e-16
0.0157795 0.00174474 -6.43453e-16
0.0160704 0.00177092 -5.24189e-16
0.0163564 0.00179526 -3.58823e-16
0.0166375 0.00181775 -3.18963e-16
0.0169262 0.00183927 5.52342e-16
0.0171564 0.00186658 -1.42157e-16
0.0173709 0.00189465 -1.07277e-15
0.0175881 0.00192161 5.9162e-17
0.0178092 0.00194753 -4.28797e-15
0.0180331 0.00197246 -9.65237e-15
0.0182481 0.00199598 -7.73195e-15
0.0184571 0.00201811 -8.02584e-16
0.0186693 0.00203927 2.75779e-15
0.0188897 0.00205983 4.29686e-15
0.019113 0.00207957 -1.3717e-15
0.0193291 0.00209955 3.81539e-15
0.0194751 0.00212404 7.92097e-15
0.019622 0.00214769 -2.01e-15
0.0197709 0.00217057 -7.40371e-15
0.0199244 0.00219283 4.81946e-15
0.0200812 0.00221451 -3.44318e-15
0.0202254 0.00223492 1.13309e-15
0.0203616 0.00225422 -3.80125e-16
0.0204939 0.00227248 -3.24477e-15
0.0206342 0.0022904 -1.86933e-13
0.0207754 0.0023076 -4.21449e-14
0.0209178 0.00232415 -5.84828e-14
0.0210618 0.00234013 -7.24785e-14
0.0212076 0.0023556 -4.53412e-14
0.0213556 0.00237062 -6.26713e-14
0.0215058 0.00238523 -8.54029e-14
0.0216582 0.00239947 -1.0338e-13
0.0218128 0.00241337 -1.31256e-13
0.0219694 0.00242695 -7.61342e-14
0.0221361 0.00244113 -8.20693e-14
0.0223094 0.00245561 -6.67703e-14
0.0224521 0.002471 -4.717e-14
0.0225719 0.0024889 -4.31689e-14
0.0226916 0.00250673 -2.23e-14
0.0228114 0.00252448 1.89578e-14
0.0229254 0.00254203 1.13175e-13
0.0230247 0.00255913 9.16898e-14
0.0231123 0.00257564 -4.95658e-14
0.023192 0.00259149 -1.41179e-14
0.0232799 0.00260726 1.52355e-13
0.0233673 0.00262262 1.48332e-13
0.0234535 0.00263754 1.64437e-12
0.0235392 0.00265206 1.7413e-12
0.0236251 0.00266622 1.75602e-12
0.0237118 0.00268007 1.30588e-12
0.0237997 0.00269367 1.46311e-12
0.023889 0.00270704 1.61209e-12
0.0239799 0.00272023 1.80426e-12
0.0240726 0.00273325 2.0227e-12
0.024167 0.00274615 2.20171e-12
0.0242633 0.00275892 2.42134e-12
0.0243612 0.00277159 2.58931e-12
0.0244609 0.00278416 2.65104e-12
0.0245622 0.00279665 2.81099e-12
0.024665 0.00280904 2.87555e-12
0.0247693 0.00282136 2.86268e-12
0.024875 0.0028336 2.86564e-12
0.024982 0.00284576 2.85754e-12
0.0250903 0.00285784 2.84567e-12
0.0251998 0.00286984 2.81364e-12
0.0253099 0.00288175 2.76021e-12
0.0254114 0.00289304 2.72005e-12
0.0255051 0.00290373 2.46512e-12
0.0255925 0.00291389 2.23616e-12
0.0256753 0.00292359 2.219e-12
0.0257552 0.00293291 2.20212e-12
0.025844 0.00294266 2.15775e-12
0.0259339 0.00295231 2.16789e-12
0.0260236 0.0029618 2.16217e-12
0.0261134 0.00297114 1.87385e-12
0.0262036 0.00298037 2.04482e-12
0.0262944 0.00298948 2.16578e-12
0.026386 0.00299852 2.04733e-12
0.0264785 0.00300748 2.12433e-12
0.0265721 0.00301639 2.01719e-12
0.0266668 0.00302526 2.06396e-12
0.0267627 0.00303408 2.11117e-12
0.0268599 0.00304287 2.0933e-12
0.0269583 0.00305162 2.13446e-12
0.0270579 0.00306035 2.18716e-12
0.0271556 0.00306924 1.88436e-12
0.0272028 0.00308078 2.78928e-12
0.0272477 0.00309229 1.35477e-12
0.0272905 0.00310372 1.98987e-12
0.027331 0.00311504 1.76024e-12
0.0273695 0.0031262 1.96609e-12
0.0274059 0.00313717 1.22195e-12
0.0274404 0.00314791 1.70956e-12
0.027473 0.00315841 1.63464e-12
0.0275047 0.00316867 2.01687e-12
0.0275361 0.00317872 1.71684e-12
0.0275672 0.00318854 1.80346e-12
0.0275981 0.00319816 1.56473e-12
0.0276288 0.00320755 1.77853e-12
0.0276593 0.00321674 1.81815e-12
0.0276897 0.00322572 2.64369e-12
0.02772 0.00323451 2.01631e-12
0.0277502 0.0032431 1.90594e-12
0.0277804 0.0032515 1.81499e-12
0.0278105 0.00325973 1.27278e-12
0.0278406 0.00326778 1.30972e-12
0.0278707 0.00327567 1.89985e-12
0.0279008 0.00328341 1.73448e-12
0.0279281 0.00329082 1.5578e-12
0.0279489 0.00329763 1.24677e-12
0.027965 0.00330391 1.36167e-12
0.0279771 0.00330968 1.20012e-12
0.0279862 0.00331498 1.51915e-12
0.0279931 0.00331986 1.94066e-12
0.0280033 0.00332484 1.45736e-12
0.0280155 0.0033298 1.84216e-12
0.0280269 0.00333451 2.13584e-12
0.0280379 0.00333898 2.07023e-12
0.0280486 0.00334325 1.29176e-13
0.0280591 0.00334734 3.59585e-12
0.0280696 0.00335127 2.37048e-12
0.0280802 0.00335506 2.64461e-12
0.0280909 0.00335873 1.25087e-12
0.0281019 0.00336229 2.24355e-12
0.0281132 0.00336577 1.65018e-12
0.0281249 0.00336918 1.93558e-12
0.028137 0.00337253 2.44063e-12
0.0281495 0.00337583 1.54541e-12
0.0281625 0.00337909 2.14127e-12
0.028176 0.00338232 1.03019e-12
0.0281899 0.00338553 2.32264e-12
0.0282043 0.00338871 2.08745e-12
0.0282192 0.00339188 2.11581e-12
0.0282345 0.00339504 2.32929e-12
0.0282503 0.00339819 3.38055e-12
0.0282665 0.00340134 3.39611e-12
0.0282832 0.00340449 1.75563e-12
0.0283002 0.00340764 2.24344e-12
0.0283177 0.00341079 2.70854e-12
0.0283355 0.00341394 2.69327e-12
0.0283537 0.0034171 7.4351e-13
0.0283723 0.00342026 1.91383e-12
0.0283912 0.00342343 1.58598e-12
0.0284104 0.0034266 2.86862e-12
0.02843 0.00342978 9.90219e-13
0.0284499 0.00343296 2.30497e-12
0.02847 0.00343615 1.07656e-12
0.0284905 0.00343935 1.35766e-12
0.0285112 0.00344255 1.0387e-12
0.0285322 0.00344576 1.98683e-12
0.0285534 0.00344897 2.78616e-12
0.0285749 0.00345219 1.70745e-12
0.0285966 0.00345541 2.59617e-12
0.0286185 0.00345864 1.92873e-12
0.0286407 0.00346187 2.36476e-12
0.0286631 0.0034651 1.7219e-12
0.0286856 0.00346834 1.28745e-12
0.0287084 0.00347158 9.61441e-13
0.0287314 0.00347483 1.57127e-12
0.0287545 0.00347808 1.50986e-12
0.0287778 0.00348132 1.12264e-12
0.0288013 0.00348457 2.17316e-12
0.028825 0.00348783 2.16374e-12
