0 0 0
-1.60224e-10 -25196.4 -3.84245e+07
-6.64059e-10 -50392.8 -7.6849e+07
-1.4297e-09 -75589.4 -1.15274e+08
-2.53914e-09 -100786 -1.53698e+08
-3.85376e-09 -125983 -1.92123e+08
-5.34385e-09 -151181 -2.30548e+08
-7.15613e-09 -176378 -2.68973e+08
-9.03538e-09 -201576 -3.07398e+08
-8.1648e-06 -222204 -3.38853e+08
-2.74375e-05 -229620 -3.50159e+08
-0.000227115 -234184 -3.57117e+08
-0.000271518 -237805 -3.62636e+08
-0.000428273 -239677 -3.65488e+08
-0.000817832 -241546 -3.68335e+08
0.000160783 -242947 -3.70467e+08
-0.00293024 -243622 -3.71492e+08
-0.00239607 -244314 -3.72545e+08
-0.00213177 -245026 -3.73626e+08
-0.00189477 -245758 -3.74737e+08
-0.00168679 -246510 -3.75879e+08
2.18325e-07 -247138 -3.76832e+08
-1.02964e-08 -247462 -3.77321e+08
-9.58335e-09 -247809 -3.77845e+08
-0.00686852 -248178 -3.78401e+08
-9.05311e-09 -248567 -3.78988e+08
-0.00686513 -248976 -3.79605e+08
-0.00616349 -249404 -3.80252e+08
-0.00598383 -249851 -3.80926e+08
3.57223e-05 -249865 -3.80938e+08
-0.00228741 -248257 -3.78469e+08
0.00352461 -245150 -3.73711e+08
-0.00019602 -242402 -3.69502e+08
7.25216e-06 -239402 -3.64905e+08
0.000375634 -235155 -3.58403e+08
-0.00203661 -230627 -3.51472e+08
0.00315489 -226564 -3.45253e+08
0.00415822 -222901 -3.39643e+08
0.0107995 -219346 -3.34199e+08
0.00519766 -215947 -3.28993e+08
-0.000624073 -212954 -3.24407e+08
0.00141654 -210335 -3.20393e+08
0.000303552 -207991 -3.16798e+08
0.000320911 -205483 -3.12951e+08
0.0203882 -202760 -3.08776e+08
0.0179949 -200121 -3.04729e+08
0.0126994 -197778 -3.01133e+08
0.00777667 -195646 -2.97859e+08
7.93585e-06 -193684 -2.94845e+08
0.00136563 -191881 -2.92074e+08
0.00261741 -190214 -2.89511e+08
0.00377602 -188563 -2.86971e+08
0.00469962 -186939 -2.84473e+08
-0.000165708 -185375 -2.82066e+08
-0.000659118 -183967 -2.79899e+08
-0.0213987 -182391 -2.77472e+08
0.000822421 -180811 -2.75039e+08
0.000737948 -179320 -2.72743e+08
0.00069243 -177920 -2.70584e+08
0.000913179 -176608 -2.6856e+08
0.000863297 -175381 -2.66666e+08
0.00238435 -174197 -2.64837e+08
0.00269156 -172987 -2.62969e+08
0.00241354 -171777 -2.61101e+08
0.00257123 -170589 -2.59266e+08
-2.77494e-05 -169507 -2.57592e+08
0.00530338 -168497 -2.56029e+08
0.000266953 -167535 -2.54539e+08
-7.04571e-06 -166620 -2.53121e+08
-0.00136047 -165704 -2.517e+08
-0.00441736 -164668 -2.50095e+08
0.000766594 -163680 -2.48564e+08
0.00271964 -162741 -2.47107e+08
0.00272425 -161849 -2.45722e+08
0.0027106 -161004 -2.44408e+08
0.00268834 -160203 -2.43161e+08
0.000354165 -159428 -2.41953e+08
-0.0982203 -158615 -2.40688e+08
0.0574779 -157776 -2.39384e+08
0.00799816 -156929 -2.38067e+08
-5.4353e-05 -156102 -2.3678e+08
-3.03023e-05 -155359 -2.35622e+08
-2.48374e-05 -154638 -2.34497e+08
-0.000271424 -153941 -2.33409e+08
0.00460831 -153269 -2.32358e+08
0.00291059 -152621 -2.31345e+08
0.00102735 -152000 -2.30372e+08
0.000293703 -151404 -2.29438e+08
0.000306691 -150834 -2.28542e+08
0.000345946 -150289 -2.27685e+08
0.000418754 -149767 -2.26864e+08
0.000572882 -149269 -2.26078e+08
0.000848516 -148794 -2.25327e+08
-0.020907 -148340 -2.24608e+08
0.00337009 -147904 -2.23917e+08
0.0039225 -147486 -2.23253e+08
0.00390683 -147086 -2.22617e+08
0.0173058 -146698 -2.21998e+08
0.000198647 -146258 -2.21301e+08
0.000391159 -145834 -2.20626e+08
0.000392087 -145425 -2.19974e+08
0.000396919 -145030 -2.19344e+08
0.000740374 -144647 -2.18732e+08
0.00190484 -144232 -2.1807e+08
0.00271732 -143784 -2.17359e+08
0.00281646 -143312 -2.1661e+08
0.00343529 -142823 -2.15837e+08
-0.000629225 -142328 -2.15055e+08
0.000104381 -141891 -2.1436e+08
0.000121214 -141457 -2.1367e+08
2.80809e-05 -141029 -2.12988e+08
-0.00489337 -140607 -2.12317e+08
5.08514e-05 -140193 -2.11657e+08
0.000883227 -139788 -2.11011e+08
0.000767168 -139393 -2.1038e+08
0.000822779 -139008 -2.09764e+08
0.000930766 -138634 -2.09164e+08
0.00105315 -138271 -2.08582e+08
0.00117236 -137919 -2.08016e+08
0.0022411 -137578 -2.07467e+08
0.00239035 -137248 -2.06934e+08
0.00167171 -136929 -2.06417e+08
0.00176531 -136620 -2.05916e+08
0.00182525 -136321 -2.0543e+08
0.00186437 -136031 -2.04959e+08
0.00189026 -135751 -2.04502e+08
0.00190212 -135480 -2.04058e+08
0.00190028 -135217 -2.03628e+08
0.0018914 -134963 -2.0321e+08
0.00187214 -134717 -2.02803e+08
0.0018472 -134478 -2.02409e+08
0.0018168 -134247 -2.02025e+08
0.0017813 -134022 -2.01652e+08
0.00174572 -133805 -2.01289e+08
0.00170763 -133593 -2.00935e+08
0.00166776 -133388 -2.00591e+08
0.00162885 -133189 -2.00255e+08
0.00329375 -132979 -1.99905e+08
0.00334149 -132755 -1.99531e+08
0.00408415 -132520 -1.99141e+08
0.000675284 -132276 -1.98738e+08
0.000488602 -132026 -1.98325e+08
0.00059804 -131771 -1.97906e+08
0.000386969 -131516 -1.97485e+08
0.00098915 -131287 -1.97103e+08
-0.013098 -131064 -1.96732e+08
-0.00132527 -130844 -1.96365e+08
-0.000447907 -130627 -1.96001e+08
0.000293782 -130412 -1.95642e+08
0.000141388 -130201 -1.95288e+08
4.34248e-05 -129993 -1.94939e+08
0.00154373 -129789 -1.94595e+08
-0.000308962 -129589 -1.94257e+08
0.00128126 -129393 -1.93926e+08
0.000217569 -129201 -1.93601e+08
6.04976e-05 -129014 -1.93282e+08
0.00172942 -128831 -1.92969e+08
0.00160152 -128652 -1.92663e+08
0.00151722 -128477 -1.92363e+08
0.00147065 -128306 -1.9207e+08
0.00144757 -128140 -1.91783e+08
0.00143653 -127978 -1.91502e+08
0.000758844 -127820 -1.91227e+08
0.000765415 -127665 -1.90958e+08
-0.00425141 -127508 -1.90683e+08
0.000944614 -127338 -1.90388e+08
0.00179094 -127170 -1.90098e+08
0.0134686 -127007 -1.89813e+08
0.00350115 -126846 -1.89533e+08
0.00531815 -126689 -1.89257e+08
-0.00690381 -126536 -1.88987e+08
0.00277413 -126385 -1.88721e+08
-0.000227933 -126237 -1.88459e+08
0.000309545 -126093 -1.88202e+08
0.00042649 -125951 -1.87949e+08
0.000476506 -125812 -1.87701e+08
0.000544029 -125677 -1.87457e+08
0.000811009 -125544 -1.87217e+08
0.000992902 -125414 -1.8698e+08
0.00100912 -125286 -1.86748e+08
-0.0187422 -125161 -1.8652e+08
1.55836e-06 -125039 -1.86296e+08
2.08997e-06 -124919 -1.86075e+08
0.00478805 -124802 -1.85858e+08
-0.000273293 -124688 -1.85645e+08
-4.78794e-08 -124575 -1.85435e+08
0.134562 -124466 -1.85229e+08
-0.000464999 -124358 -1.85026e+08
-9.00636e-07 -124253 -1.84826e+08
0.00118914 -124150 -1.8463e+08
0.00123744 -124049 -1.84437e+08
0.00128755 -123951 -1.84247e+08
0.0013415 -123854 -1.8406e+08
0.00138763 -123760 -1.83876e+08
0.00243235 -123657 -1.83679e+08
0.00228712 -123540 -1.83461e+08
0.00265736 -123412 -1.83227e+08
0.00302269 -123276 -1.82981e+08
0.0042063 -123133 -1.82723e+08
0.00470858 -122984 -1.82457e+08
0.00522851 -122831 -1.82185e+08
