0 0 0
-1.62817e-10 -25196.4 -3.84245e+07
-6.65622e-10 -50392.8 -7.6849e+07
-1.4762e-09 -75589.4 -1.15274e+08
-2.5031e-09 -100786 -1.53698e+08
-3.91401e-09 -125983 -1.92123e+08
-5.3418e-09 -151181 -2.30548e+08
-7.0994e-09 -176378 -2.68973e+08
-8.97285e-09 -201576 -3.07398e+08
-8.42362e-06 -222424 -3.39188e+08
-0.000120366 -230641 -3.51716e+08
-7.0997e-05 -235362 -3.58913e+08
-0.000396435 -238647 -3.63919e+08
-0.00105078 -240841 -3.67262e+08
-4.92445e-05 -242811 -3.70264e+08
-0.00363173 -243600 -3.71463e+08
-0.00278477 -244413 -3.72699e+08
-0.00243375 -245253 -3.73976e+08
-0.00211814 -246120 -3.75294e+08
0.000175348 -246997 -3.76627e+08
-1.43122e-06 -247402 -3.7724e+08
-1.26392e-08 -247806 -3.7785e+08
-1.22918e-08 -248240 -3.78507e+08
-0.00741164 -248703 -3.79206e+08
-1.2983e-08 -249192 -3.79946e+08
-7.56518e-09 -249705 -3.80723e+08
-1.22989e-05 -249920 -3.81044e+08
-0.00145608 -248058 -3.78188e+08
-0.00284726 -244428 -3.72635e+08
-0.000360213 -241106 -3.67549e+08
0.02281 -236613 -3.60675e+08
-0.00957515 -231160 -3.52335e+08
3.22115e-05 -226222 -3.44781e+08
-0.000118417 -221855 -3.38098e+08
-2.06903e-05 -217635 -3.31641e+08
-0.00241584 -213807 -3.25783e+08
0.000430887 -210601 -3.20874e+08
0.00135341 -207796 -3.16577e+08
0.000389444 -204702 -3.11838e+08
0.0302025 -201467 -3.06883e+08
0.0121584 -198489 -3.0232e+08
-0.00272314 -195894 -2.98342e+08
-0.00174567 -193545 -2.94738e+08
8.1201e-05 -191424 -2.91484e+08
0.00589593 -189458 -2.88465e+08
0.000526631 -187507 -2.8547e+08
0.000673528 -185623 -2.82578e+08
-0.00138236 -183921 -2.79963e+08
7.11212e-07 -182048 -2.77084e+08
0.00223971 -180195 -2.74237e+08
0.0021619 -178470 -2.71585e+08
0.00180975 -176872 -2.69126e+08
0.00150078 -175395 -2.66853e+08
0.00403521 -173989 -2.64686e+08
0.00393676 -172552 -2.62474e+08
0.00015187 -171123 -2.60274e+08
-0.000766835 -169768 -2.58185e+08
-0.000112085 -168554 -2.56313e+08
0.000276268 -167407 -2.54543e+08
0.000270707 -166326 -2.52873e+08
0.00186828 -165186 -2.51112e+08
0.00184681 -163981 -2.49251e+08
0.000350151 -162844 -2.47493e+08
0.000636538 -161774 -2.45839e+08
0.000644525 -160769 -2.44284e+08
0.00073941 -159827 -2.42823e+08
0.00205297 -158895 -2.41378e+08
0.0238989 -157913 -2.39857e+08
0.0194034 -156910 -2.38305e+08
-8.60752e-05 -155922 -2.36774e+08
-8.1639e-06 -155042 -2.35409e+08
-0.000887406 -154193 -2.34092e+08
0.00100532 -153378 -2.32826e+08
0.00078985 -152598 -2.31612e+08
0.000169336 -151853 -2.30453e+08
0.000188172 -151144 -2.29349e+08
0.000204963 -150471 -2.28298e+08
0.000214827 -149831 -2.27299e+08
0.000220288 -149225 -2.26351e+08
0.000222683 -148651 -2.2545e+08
0.00755102 -148106 -2.24596e+08
0.0116441 -147588 -2.23782e+08
0.00373283 -147094 -2.23005e+08
0.00388199 -146625 -2.22265e+08
0.00358213 -146121 -2.21471e+08
0.000648794 -145610 -2.20667e+08
0.000832326 -145120 -2.19894e+08
0.000807475 -144649 -2.19152e+08
0.00183031 -144186 -2.18419e+08
0.00133021 -143674 -2.17613e+08
0.000836066 -143123 -2.16747e+08
0.000879686 -142546 -2.15841e+08
0.00850269 -141959 -2.14921e+08
-8.55836e-06 -141439 -2.14103e+08
0.00021581 -140925 -2.13293e+08
-0.00194858 -140419 -2.12495e+08
0.00043049 -139923 -2.11713e+08
0.000581931 -139439 -2.10948e+08
0.000688682 -138968 -2.10205e+08
0.000857196 -138512 -2.09483e+08
0.00182091 -138070 -2.08783e+08
0.00207652 -137644 -2.08107e+08
0.00156091 -137233 -2.07454e+08
0.0017131 -136838 -2.06824e+08
0.00181755 -136456 -2.06216e+08
0.00188952 -136089 -2.0563e+08
0.00193144 -135736 -2.05064e+08
0.00195254 -135396 -2.04519e+08
0.00194848 -135068 -2.03992e+08
0.00192981 -134752 -2.03483e+08
0.00190085 -134448 -2.02992e+08
0.00186457 -134154 -2.02516e+08
0.00181613 -133871 -2.02057e+08
0.0017658 -133598 -2.01612e+08
0.00171123 -133333 -2.01181e+08
0.00165582 -133078 -2.00764e+08
0.00159955 -132831 -2.00359e+08
0.00222213 -132590 -1.99964e+08
0.00317897 -132329 -1.99537e+08
-0.000543878 -132051 -1.99085e+08
0.00144145 -131761 -1.98614e+08
0.000756725 -131461 -1.98129e+08
0.000659843 -131156 -1.97637e+08
0.00141922 -130856 -1.97151e+08
-0.000996332 -130588 -1.96713e+08
-0.00156864 -130322 -1.96279e+08
6.4697e-05 -130060 -1.9585e+08
8.51204e-05 -129801 -1.95428e+08
0.00543635 -129548 -1.95012e+08
-5.54329e-05 -129299 -1.94604e+08
-0.000167253 -129055 -1.94203e+08
0.000311215 -128817 -1.93811e+08
0.00209445 -128584 -1.93427e+08
0.0015594 -128357 -1.93052e+08
0.00134398 -128136 -1.92686e+08
0.00127909 -127921 -1.92328e+08
0.00126435 -127712 -1.91979e+08
0.000642113 -127508 -1.91639e+08
0.000661374 -127310 -1.91307e+08
0.000675779 -127118 -1.90984e+08
0.00150214 -126931 -1.90668e+08
0.00133607 -126720 -1.90315e+08
0.00117352 -126514 -1.8997e+08
0.000322221 -126312 -1.89631e+08
0.000948408 -126116 -1.893e+08
0.00146428 -125923 -1.88974e+08
0.000338288 -125735 -1.88655e+08
0.00083154 -125552 -1.88343e+08
0.00056734 -125372 -1.88037e+08
0.000411274 -125197 -1.87737e+08
-0.00176791 -125025 -1.87442e+08
-0.00426964 -124857 -1.87154e+08
-0.0184717 -124694 -1.86871e+08
-0.000113846 -124534 -1.86594e+08
-0.0381123 -124378 -1.86322e+08
9.4091e-05 -124225 -1.86056e+08
0.00148808 -124076 -1.85794e+08
0.0125567 -123930 -1.85538e+08
9.84228e-05 -123788 -1.85287e+08
0.00082587 -123649 -1.85041e+08
0.000873582 -123513 -1.848e+08
0.000927948 -123381 -1.84563e+08
0.000976951 -123251 -1.84331e+08
0.00102621 -123124 -1.84103e+08
0.00107691 -123001 -1.8388e+08
0.00112393 -122880 -1.8366e+08
0.00171383 -122754 -1.83433e+08
0.00199126 -122607 -1.83175e+08
0.0024423 -122448 -1.82897e+08
0.00293249 -122277 -1.82602e+08
0.00419396 -122097 -1.82294e+08
0.00113525 -121911 -1.81977e+08
-0.00030134 -121721 -1.81653e+08
-0.000189595 -121549 -1.81357e+08
-0.000803798 -121385 -1.81071e+08
-7.08296e-05 -121220 -1.80786e+08
0.00136229 -121057 -1.80501e+08
0.000137676 -120894 -1.80218e+08
7.89555e-05 -120732 -1.79937e+08
0.00199175 -120572 -1.79658e+08
2.15694e-05 -120414 -1.79382e+08
9.64456e-06 -120259 -1.7911e+08
-3.24188e-06 -120106 -1.78841e+08
-2.03754e-05 -119955 -1.78576e+08
-3.12145e-05 -119807 -1.78315e+08
0.00263732 -119662 -1.78058e+08
0.00285102 -119520 -1.77806e+08
0.00159649 -119382 -1.77558e+08
0.0017217 -119246 -1.77315e+08
0.00183197 -119113 -1.77076e+08
0.00193299 -118983 -1.76841e+08
0.00200401 -118856 -1.76611e+08
0.00208449 -118732 -1.76386e+08
0.00214988 -118611 -1.76164e+08
0.00220122 -118493 -1.75947e+08
0.00228005 -118377 -1.75733e+08
0.0023054 -118264 -1.75524e+08
0.00232891 -118154 -1.75319e+08
0.00236099 -118047 -1.75117e+08
0.00238403 -117942 -1.74919e+08
0.00239842 -117839 -1.74724e+08
