0 0 0
-0.000224687 3.65239e-05 5.35966e-22
-0.000449352 7.30478e-05 3.0542e-21
-0.000673994 0.000109572 2.84076e-21
-0.000898613 0.000146096 3.49865e-22
-0.00112321 0.00018262 5.16012e-21
-0.00134778 0.000219144 6.07039e-22
-0.00157234 0.000255669 8.66667e-21
-0.00179687 0.000292193 -1.88636e-22
-0.00207142 0.000333221 8.90964e-19
-0.00249501 0.000385343 -1.65472e-17
-0.00295649 0.00043981 2.55266e-17
-0.00343149 0.000494054 8.01395e-16
-0.00392279 0.000550451 4.72965e-16
-0.00441483 0.000600864 -4.63235e-15
-0.00491786 0.000655812 3.04918e-15
-0.00542472 0.000709546 4.42053e-15
-0.00593157 0.000761154 -1.74405e-15
-0.00643838 0.000810793 1.97699e-15
-0.00694512 0.000858555 -5.4049e-16
-0.00744476 0.000907538 -4.31481e-16
-0.00795585 0.000959357 2.09889e-16
-0.00846672 0.00101052 1.86034e-16
-0.00897738 0.00106101 1.813e-16
-0.00948785 0.00111082 1.76824e-16
-0.00999812 0.00115994 1.71687e-16
-0.0105082 0.00120837 1.67709e-16
-0.0110442 0.00125604 1.79146e-16
-0.0117141 0.00130034 2.47333e-16
-0.0124762 0.00133939 9.30639e-16
-0.0132247 0.00137469 3.34576e-15
-0.0140496 0.00141151 1.09654e-15
-0.0149557 0.00144779 8.40382e-16
-0.0158598 0.00147972 1.64422e-15
-0.0167377 0.00150855 4.81075e-16
-0.0176111 0.00153429 -1.94804e-15
-0.0184819 0.00155719 -7.31184e-16
-0.0193284 0.00157857 -2.37398e-15
-0.0201538 0.00159876 1.61373e-15
-0.0209661 0.00161823 -4.3835e-16
-0.0218621 0.00164527 4.79821e-16
-0.0227639 0.00167108 4.12896e-15
-0.0236572 0.00169569 5.3678e-16
-0.0245372 0.00171924 3.29123e-15
-0.0254092 0.00174161 1.05623e-15
-0.0262668 0.0017634 2.17298e-15
-0.0271171 0.0017844 7.39778e-16
-0.0279734 0.00180403 -1.06164e-14
-0.0288316 0.00182246 -4.88939e-15
-0.029684 0.0018401 -6.34885e-15
-0.0305606 0.00186018 -4.16254e-15
-0.0314738 0.00188357 -1.42589e-14
-0.0323835 0.00190623 -6.24541e-14
-0.0332887 0.00192817 -1.31499e-13
-0.0341888 0.00194943 -3.56904e-13
-0.0350837 0.00197006 -6.78794e-13
-0.0359818 0.00198987 -1.52156e-12
-0.0368873 0.00200871 -3.04169e-12
-0.037796 0.00202663 -6.99348e-12
-0.0387004 0.00204393 -3.17196e-11
-0.0395952 0.00206091 -7.00216e-11
-0.0404869 0.00207732 -1.3432e-10
-0.0413753 0.00209323 -7.70983e-11
-0.0422847 0.00211058 -7.30249e-11
-0.0432406 0.0021306 -6.2871e-11
-0.0441948 0.00215008 -3.79193e-11
-0.045146 0.00216906 -3.68513e-11
-0.0460936 0.0021876 -3.61219e-11
-0.0470376 0.00220574 -3.55077e-11
-0.0479793 0.0022235 -3.49715e-11
-0.0489327 0.00224031 -3.44206e-11
-0.049893 0.00225638 -3.39311e-11
-0.0508574 0.00227172 -3.34075e-11
-0.0518198 0.00228658 -3.3269e-11
-0.0527757 0.00230119 -3.38939e-11
-0.0537307 0.0023153 -3.3057e-11
-0.0546846 0.00232899 -3.29983e-11
-0.055637 0.00234227 -3.23135e-11
-0.0565876 0.0023552 -3.23158e-11
-0.0575364 0.00236781 -3.26072e-11
-0.0584833 0.00238012 -3.24495e-11
-0.0594281 0.00239217 -3.32272e-11
-0.0603709 0.00240396 -3.39428e-11
-0.0613118 0.00241552 -3.49567e-11
-0.0622508 0.00242686 -3.18128e-11
-0.0631862 0.00243819 -6.30938e-11
-0.0641118 0.00245019 -5.24532e-11
-0.0650347 0.00246217 -5.97709e-11
-0.0659551 0.00247414 -6.92489e-11
-0.0669214 0.00248884 -4.41031e-11
-0.067889 0.00250367 -7.33545e-11
-0.0688564 0.00251847 -9.17625e-11
-0.0698237 0.0025332 -1.15388e-10
-0.0707939 0.00254784 -1.1155e-10
-0.071776 0.00256223 -1.52723e-10
-0.0727683 0.00257626 -1.47459e-10
-0.0737686 0.00258988 -3.20018e-11
-0.0747746 0.00260306 -8.41949e-11
-0.0757718 0.00261625 -5.15413e-11
-0.0767693 0.00262917 -1.95465e-11
-0.0777681 0.00264179 -2.34608e-11
-0.0787676 0.00265412 2.40339e-10
-0.0797674 0.00266617 7.76968e-11
-0.080767 0.00267799 6.96877e-11
-0.0817661 0.0026896 7.5145e-11
-0.0827645 0.00270103 8.83959e-11
-0.0837619 0.00271229 1.02758e-10
-0.0847582 0.00272341 7.57894e-11
-0.0857533 0.0027344 9.11585e-11
-0.0867472 0.00274529 1.07677e-10
-0.0877398 0.00275609 1.29989e-10
-0.0887311 0.0027668 1.53148e-10
-0.0897212 0.00277743 1.7776e-10
-0.0907101 0.00278799 2.03228e-10
-0.0916979 0.00279849 2.28122e-10
-0.0926845 0.00280893 2.51769e-10
-0.0936701 0.00281931 2.734e-10
-0.0946546 0.00282963 2.92641e-10
-0.0956382 0.0028399 3.07866e-10
-0.0966209 0.00285011 3.19185e-10
-0.0976028 0.00286027 3.25746e-10
-0.0985838 0.00287038 3.28877e-10
-0.0995641 0.00288043 3.28509e-10
-0.100544 0.00289043 3.24495e-10
-0.101525 0.00290026 3.2584e-10
-0.102515 0.00290961 3.3099e-10
-0.10351 0.00291855 2.80407e-10
-0.10451 0.00292713 2.16122e-10
-0.105515 0.00293538 1.94687e-10
-0.106523 0.00294334 1.94668e-10
-0.107531 0.00295115 1.92932e-10
-0.10853 0.00295937 1.91239e-10
-0.10953 0.00296746 1.89422e-10
-0.110531 0.00297544 1.87847e-10
-0.111531 0.0029833 1.85856e-10
-0.112532 0.00299108 1.84952e-10
-0.113533 0.00299878 1.8259e-10
-0.114533 0.00300641 1.78372e-10
-0.115533 0.00301399 1.76838e-10
-0.116532 0.00302151 1.7474e-10
-0.117531 0.003029 1.76366e-10
-0.11853 0.00303644 1.75146e-10
-0.119527 0.00304386 1.73952e-10
-0.120524 0.00305125 1.73138e-10
-0.12152 0.00305862 1.72547e-10
-0.122516 0.00306597 1.70445e-10
-0.123511 0.00307329 1.69393e-10
-0.124505 0.0030806 1.67833e-10
-0.125498 0.00308789 1.67062e-10
-0.126525 0.00309697 1.78347e-10
-0.127564 0.00310659 1.60615e-10
-0.128605 0.00311619 1.77411e-10
-0.129648 0.00312575 1.69403e-10
-0.130692 0.00313523 1.7703e-10
-0.131739 0.00314463 1.69575e-10
-0.132786 0.00315393 1.7215e-10
-0.133836 0.00316309 1.57075e-10
-0.134887 0.00317211 1.66688e-10
-0.135939 0.00318098 1.65192e-10
-0.136993 0.00318968 1.6696e-10
-0.138048 0.0031982 1.6773e-10
-0.139105 0.00320654 1.65353e-10
-0.140161 0.00321474 1.6296e-10
-0.141218 0.00322278 1.6346e-10
-0.142276 0.00323068 1.64074e-10
-0.143334 0.00323844 1.57799e-10
-0.144393 0.00324605 1.61871e-10
-0.145451 0.00325352 1.62573e-10
-0.146511 0.00326085 1.57527e-10
-0.14757 0.00326806 1.619e-10
-0.14863 0.00327514 1.65467e-10
-0.14969 0.00328209 1.61611e-10
-0.150751 0.00328892 1.61151e-10
-0.151812 0.00329563 1.56366e-10
-0.152873 0.00330223 1.56603e-10
-0.153934 0.00330873 1.6232e-10
-0.155 0.00331492 1.63465e-10
-0.156071 0.00332071 1.62539e-10
-0.157146 0.00332613 1.59847e-10
-0.158224 0.00333119 1.57337e-10
-0.159306 0.00333591 1.60247e-10
-0.16039 0.00334032 1.62193e-10
-0.161477 0.00334444 1.62668e-10
-0.16256 0.00334869 1.5714e-10
-0.163642 0.00335296 1.5909e-10
-0.164724 0.00335705 1.64695e-10
-0.165807 0.00336098 1.74175e-10
-0.166891 0.00336474 1.6631e-10
-0.167976 0.00336837 1.74019e-10
-0.169061 0.00337187 1.66727e-10
-0.170146 0.00337526 1.14517e-10
-0.171232 0.00337854 1.85195e-10
-0.172318 0.00338174 1.45581e-10
-0.173404 0.00338485 1.66898e-10
-0.17449 0.0033879 1.4228e-10
-0.175576 0.00339088 1.43023e-10
-0.176663 0.00339381 1.78454e-10
-0.177749 0.0033967 1.73909e-10
-0.178835 0.00339955 1.56118e-10
-0.179922 0.00340236 1.587e-10
-0.181008 0.00340515 1.60494e-10
