0 0 0
-42.9198 2.68339 -6.34064e-17
-85.8353 5.36678 9.89329e-18
-128.746 8.05017 2.08139e-16
-171.653 10.7336 -1.82668e-17
-214.556 13.417 3.22495e-16
-257.454 16.1004 -9.09599e-16
-300.348 18.7838 -1.06732e-15
-343.238 21.4673 -5.43087e-18
-351.131 20.5769 4.8696e-12
-346.772 18.8321 -3.95502e-13
-339.08 17.0171 -1.46471e-13
-332.415 15.399 -2.08736e-12
-324.318 14.0238 -2.65709e-11
-315.784 12.8538 -6.68646e-11
-306.243 11.6916 2.99979e-12
-296.917 10.7178 -1.5671e-11
-288.235 9.93546 -2.4485e-13
-279.524 9.22809 1.79281e-11
-271.366 8.62492 -1.02376e-12
-264.071 8.13545 -1.56253e-10
-257.546 7.73444 -5.36662e-10
-251.701 7.40403 -8.51927e-10
-245.943 7.11691 -3.20107e-10
-240.577 6.84419 -2.03799e-10
-235.764 6.60702 -6.08731e-13
-231.427 6.40219 1.60136e-10
-227.501 6.22605 8.01399e-11
-223.937 6.07994 -2.44857e-10
-220.686 5.95705 -9.60496e-10
-217.7 5.84939 4.02529e-10
-214.946 5.75482 4.07278e-10
-212.137 5.7041 4.51733e-11
-209.498 5.66235 -9.31936e-10
-207.044 5.59372 3.36829e-10
-204.763 5.54424 1.68996e-09
-202.635 5.49062 2.88932e-09
-200.645 5.43401 5.57052e-09
-198.781 5.37658 9.72842e-09
-197.034 5.32055 2.21572e-08
-195.389 5.2622 5.71331e-08
-193.838 5.20285 2.1155e-07
-192.371 5.14332 9.1346e-08
-190.981 5.08416 -5.58783e-07
-189.663 5.02551 -8.00529e-07
-188.411 4.96765 -9.27441e-07
-187.218 4.9106 -1.06768e-06
-186.082 4.85436 -1.24949e-06
-184.996 4.79892 -1.4572e-06
-183.959 4.74424 -1.67802e-06
-182.966 4.69031 -3.30786e-06
-182.006 4.65439 -2.2719e-06
-181.025 4.71598 -1.46321e-06
-180.079 4.76005 2.41246e-07
-179.167 4.78749 1.09751e-07
-178.288 4.79988 1.17049e-07
-177.44 4.79921 1.10614e-07
-176.629 4.83793 1.08777e-07
-175.846 4.86803 1.07173e-07
-175.09 4.88975 1.04279e-07
-174.36 4.90369 1.00161e-07
-173.656 4.91259 7.27618e-08
-172.977 4.91676 5.50077e-08
-172.321 4.91433 -3.32666e-09
-171.686 4.90659 7.57584e-08
-171.072 4.89474 7.75612e-08
-170.478 4.8797 7.60496e-08
-169.902 4.86222 6.84426e-08
-169.344 4.84292 1.07542e-07
-168.803 4.8223 9.52434e-08
-168.278 4.80076 1.12456e-07
-167.768 4.7786 1.10919e-07
-167.273 4.75608 9.26262e-08
-166.792 4.73337 8.77323e-08
-166.325 4.71064 1.03918e-07
-165.87 4.68797 1.15739e-07
-165.428 4.66547 8.82045e-08
-164.997 4.64319 8.30299e-08
-164.577 4.62117 5.71696e-08
-164.168 4.59944 6.52882e-08
-163.77 4.57802 8.42788e-08
-163.381 4.55691 1.20524e-07
-163.002 4.53613 9.11405e-08
-162.632 4.51567 6.70337e-08
-162.27 4.49553 7.16401e-08
-161.917 4.47568 5.37517e-08
-161.572 4.45613 2.87675e-08
-161.231 4.44675 1.96838e-08
-160.882 4.47918 6.53587e-08
-160.54 4.51265 5.79786e-08
-160.205 4.54628 7.94817e-08
-159.877 4.57929 5.14316e-08
-159.555 4.611 2.25291e-08
-159.24 4.6409 1.58969e-08
-158.931 4.66853 3.48704e-08
-158.628 4.69353 2.69837e-08
-158.331 4.71565 -3.77039e-10
-158.039 4.73475 2.82031e-08
-157.753 4.75073 2.32368e-08
-157.473 4.76358 1.28096e-09
-157.198 4.77334 2.91264e-08
-156.928 4.78009 1.55879e-08
-156.663 4.78395 4.207e-08
-156.403 4.78508 3.71969e-08
-156.147 4.78365 -3.87656e-08
-155.896 4.77982 -1.18347e-08
-155.65 4.77379 -2.78416e-08
-155.408 4.76573 -2.11609e-08
-155.171 4.75582 -7.43374e-11
-154.938 4.74426 1.58866e-08
-154.708 4.73119 1.89032e-08
-154.483 4.71679 1.01071e-08
-154.261 4.70119 5.64161e-09
-154.044 4.68454 7.68418e-09
-153.83 4.66695 1.28266e-08
-153.619 4.64854 1.03091e-08
-153.412 4.62941 1.82324e-08
-153.208 4.60967 1.02302e-08
-153.007 4.58939 8.77465e-09
-152.81 4.56866 1.19464e-08
-152.616 4.54754 1.63776e-08
-152.424 4.5261 1.39642e-08
-152.236 4.50438 1.39436e-08
-152.051 4.48245 1.72412e-08
-151.868 4.46034 1.36817e-08
-151.688 4.4381 1.31231e-08
-151.511 4.41575 1.57315e-08
-151.336 4.39333 1.16292e-08
-151.164 4.37087 1.37736e-08
-150.994 4.3484 1.10978e-08
-150.827 4.32592 1.11147e-08
-150.662 4.30347 1.45752e-08
-150.499 4.28106 1.22959e-08
-150.339 4.2587 1.27158e-08
-150.18 4.23595 1.19879e-08
-150.024 4.20997 8.75594e-09
-149.869 4.18222 1.47877e-08
-149.715 4.15317 2.02233e-08
-149.564 4.12299 6.14118e-09
-149.414 4.09186 2.09464e-08
-149.267 4.05997 2.83927e-08
-149.121 4.0275 2.68512e-08
-148.976 3.99466 4.54181e-08
-148.834 3.9616 1.80274e-08
-148.693 3.9285 1.60883e-08
-148.554 3.89609 -4.02198e-10
-148.417 3.87023 7.5725e-09
-148.281 3.84424 8.16848e-09
-148.147 3.8182 2.36249e-08
-148.015 3.7922 2.09145e-08
-147.885 3.76627 4.85064e-09
-147.755 3.74051 1.00705e-08
-147.628 3.71494 9.79552e-09
-147.502 3.68962 3.57947e-08
-147.377 3.6646 -1.01625e-08
-147.254 3.63985 -2.94071e-09
-147.132 3.61542 3.35153e-08
-147.011 3.59134 8.1559e-08
-146.892 3.56762 2.79067e-08
-146.774 3.54427 1.99563e-08
-146.657 3.52127 1.16475e-08
-146.542 3.49866 -6.86921e-09
-146.428 3.47642 -4.98504e-08
-146.315 3.45455 2.47629e-08
-146.203 3.43305 2.14959e-08
-146.093 3.41191 5.00419e-08
-145.983 3.39109 2.10502e-08
-145.875 3.37065 1.81033e-08
-145.768 3.35055 -3.0698e-09
-145.662 3.33079 1.65862e-08
-145.557 3.31133 1.76709e-08
-145.453 3.2922 1.6357e-08
-145.35 3.27335 1.5949e-08
-145.248 3.2548 2.44017e-08
-145.146 3.25639 3.40082e-08
-145.045 3.26891 -2.5919e-07
-144.944 3.28248 -3.45548e-07
-144.844 3.29702 -3.37281e-07
-144.745 3.31245 2.36682e-07
-144.647 3.32865 3.53986e-07
-144.55 3.34553 2.85748e-07
-144.454 3.363 -4.59942e-07
-144.358 3.38095 -8.69569e-07
-144.263 3.39931 -1.79568e-06
-144.169 3.41798 1.50756e-07
-144.076 3.43686 -5.15534e-07
-143.984 3.4559 3.03636e-07
-143.892 3.475 -2.70876e-07
-143.801 3.49408 -1.00564e-06
-143.711 3.51305 -3.55244e-07
-143.621 3.53183 -1.91342e-07
-143.532 3.55036 3.55964e-07
-143.444 3.56854 -3.28469e-07
-143.357 3.5863 -2.53466e-07
-143.27 3.60358 -2.04799e-07
-143.184 3.62028 4.61342e-07
-143.098 3.63635 2.93581e-08
-143.013 3.65172 7.56069e-08
-142.929 3.66631 -4.03338e-07
-142.845 3.68007 -7.11238e-08
-142.762 3.69292 -9.2487e-08
