0 0
-0.000494736 1.25
-0.00197894 2.5
-0.00445263 3.75
-0.00791579 5
-0.0123684 6.25
-0.0178106 7.5
-0.0242422 8.75
-0.0316634 10
-0.0398983 11.25
-0.0492782 12.5
-0.0595991 13.75
-0.071128 15
-0.0832542 16.25
-0.0968045 17.5
-0.11138 18.75
-0.126979 20
-0.142195 21.25
-0.159724 22.5
-0.178283 23.75
-0.197594 25
-0.218192 26.25
-0.252421 27.5
-0.327666 28.75
-0.408224 30
-0.525532 31.25
-0.641297 32.5
-0.753671 33.75
-0.86312 35
-0.965388 36.25
-1.08045 37.5
-1.20634 38.75
-1.32833 40
-1.44803 41.25
-1.56472 42.5
-1.68392 43.75
-1.80321 45
-1.93433 46.25
-2.07105 47.5
-2.20708 48.75
-2.3422 50
-2.47963 51.25
-2.61992 52.5
-2.75937 53.75
-2.89772 55
-3.03585 56.25
-3.19285 57.5
-3.35049 58.75
-3.50808 60
-3.66509 61.25
-3.82485 62.5
-3.98833 63.75
-4.15338 65
-4.31743 66.25
-4.4821 67.5
-4.64722 68.75
-4.81267 70
-4.9784 71.25
-5.1444 72.5
-5.31066 73.75
-5.47724 75
-5.6425 76.25
-5.80702 77.5
-5.98393 78.75
-6.16248 80
-6.34194 81.25
-6.52409 82.5
-6.71134 83.75
-6.90252 85
-7.09431 86.25
-7.28635 87.5
-7.47972 88.75
-7.67417 90
-7.86948 91.25
-8.06551 92.5
-8.26214 93.75
-8.45932 95
-8.65701 96.25
-8.85522 97.5
-9.05396 98.75
-9.25324 100
-9.45311 101.25
-9.65358 102.5
-9.85468 103.75
-10.0564 105
-10.2589 106.25
-10.4621 107.5
-10.667 108.75
-10.8754 110
-11.0867 111.25
-11.3004 112.5
-11.5154 113.75
-11.7295 115
-11.9447 116.25
-12.161 117.5
-12.3782 118.75
-12.5964 120
-12.8153 121.25
-13.035 122.5
-13.2555 123.75
-13.4768 125
-13.6987 126.25
-13.9214 127.5
-14.1467 128.75
-14.3835 130
-14.6219 131.25
-14.8619 132.5
-15.1036 133.75
-15.3469 135
-15.5917 136.25
-15.8376 137.5
-16.0846 138.75
-16.3329 140
-16.5822 141.25
-16.8327 142.5
-17.0843 143.75
-17.337 145
-17.5908 146.25
-17.8456 147.5
-18.1016 148.75
-18.3587 150
-18.6169 151.25
-18.8764 152.5
-19.1389 153.75
-19.4038 155
-19.6708 156.25
-19.9397 157.5
-20.2095 158.75
-20.4796 160
-20.751 161.25
-21.0236 162.5
-21.2973 163.75
-21.5722 165
-21.8482 166.25
-22.1252 167.5
-22.4033 168.75
-22.6823 170
-22.9624 171.25
-23.2434 172.5
-23.5255 173.75
-23.8085 175
-24.0925 176.25
-24.3774 177.5
-24.6634 178.75
-24.9503 180
-25.2382 181.25
-25.5271 182.5
-25.8171 183.75
-26.108 185
-26.4 186.25
-26.6929 187.5
-26.9869 188.75
-27.2819 190
-27.578 191.25
-27.8751 192.5
-28.1732 193.75
-28.4724 195
-28.7727 196.25
-29.074 197.5
-29.3764 198.75
-29.6798 200
-29.9843 201.25
-30.2899 202.5
-30.5965 203.75
-30.9043 205
-31.2131 206.25
-31.523 207.5
-31.834 208.75
-32.146 210
-32.4592 211.25
-32.7735 212.5
-33.0889 213.75
-33.4053 215
-33.7229 216.25
-34.0416 217.5
-34.3614 218.75
-34.6823 220
-35.0043 221.25
-35.3274 222.5
-35.6516 223.75
-35.977 225
-36.3035 226.25
-36.6311 227.5
-36.9598 228.75
-37.2896 230
-37.6206 231.25
-37.9527 232.5
-38.2859 233.75
-38.6202 235
-38.9562 236.25
-39.2939 237.5
-39.6333 238.75
-39.9741 240
-40.3165 241.25
-40.6603 242.5
-41.0055 243.75
-41.352 245
-41.6999 246.25
-42.0485 247.5
-42.3978 248.75
-42.7483 250
