0 0 0
-0.000224687 3.65237e-05 2.21254e-22
-0.000449351 7.30475e-05 -1.96411e-21
-0.000673993 0.000109571 6.92936e-22
-0.000898612 0.000146095 -1.34036e-21
-0.00112321 0.000182619 -3.8842e-21
-0.00134778 0.000219143 8.18115e-21
-0.00157233 0.000255668 -6.77614e-21
-0.00179686 0.000292192 -9.79679e-22
-0.00204289 0.000329567 -5.61288e-19
-0.00235239 0.0003684 2.9987e-18
-0.00266788 0.000406591 -1.89856e-19
-0.00298986 0.000445203 -3.4987e-21
-0.00331345 0.00048158 7.03325e-18
-0.00364306 0.000520169 6.85346e-18
-0.00397317 0.000555857 -1.57042e-17
-0.0043033 0.000590815 8.068e-18
-0.00463236 0.000626585 3.56989e-18
-0.00496612 0.000663105 -2.46538e-18
-0.00529997 0.000698694 1.29841e-18
-0.0056339 0.00073338 -4.83475e-19
-0.0059679 0.000767187 5.02756e-19
-0.00630197 0.000800141 -7.59743e-20
-0.0066361 0.00083227 2.6599e-19
-0.00697028 0.000863627 8.22441e-19
-0.00729511 0.000895153 6.16495e-20
-0.00762793 0.000929172 -1.83835e-19
-0.00796254 0.00096304 5.54616e-20
-0.00829716 0.000996645 3.73686e-20
-0.00863177 0.00102998 8.489e-20
-0.00896639 0.00106304 -5.22555e-21
-0.00930085 0.0010958 -5.16123e-20
-0.00963526 0.00112827 -8.25801e-20
-0.00996955 0.00116044 -5.72334e-20
-0.0103036 0.00119231 6.07454e-20
-0.0106377 0.00122388 -2.42593e-20
-0.0109892 0.00125501 1.39493e-17
-0.0113884 0.00128474 5.73594e-17
-0.0118428 0.00131192 1.45191e-17
-0.0123224 0.00133663 -8.72023e-17
-0.0127897 0.00136004 1.82664e-16
-0.0132572 0.00138191 -4.62517e-16
-0.013747 0.00140362 4.9238e-17
-0.0142892 0.00142786 6.36492e-16
-0.0148431 0.00145026 -2.07383e-17
-0.015401 0.00147083 2.50776e-16
-0.0159488 0.00149024 1.02605e-15
-0.0164914 0.00150847 3.07704e-16
-0.0170301 0.00152566 8.13572e-16
-0.0175714 0.00154156 -1.7513e-15
-0.0181128 0.00155636 -9.1268e-15
-0.0186515 0.00157024 3.13495e-16
-0.0191799 0.00158379 5.5316e-16
-0.0197018 0.00159689 -3.43646e-16
-0.0202188 0.00160951 4.05546e-15
-0.020731 0.00162172 -2.17281e-15
-0.0212606 0.00163616 7.6338e-15
-0.0218226 0.00165315 3.11645e-16
-0.0223875 0.0016697 1.87862e-15
-0.0229535 0.00168577 2.21086e-15
-0.0235161 0.00170143 2.442e-15
-0.0240738 0.00171676 -3.35968e-14
-0.0246296 0.00173162 -2.9942e-14
-0.0251828 0.00174609 -2.62495e-13
-0.0257307 0.00176036 -6.29168e-13
-0.0262754 0.00177432 -1.26714e-12
-0.0268169 0.00178802 -2.59542e-12
-0.0273606 0.00180121 -5.12827e-12
-0.027907 0.00181384 -1.21137e-11
-0.0284548 0.00182598 -3.06548e-11
-0.0290027 0.00183767 -8.11864e-11
-0.0295496 0.00184899 -2.19676e-10
-0.0300876 0.00186048 3.26886e-12
-0.0306572 0.00187434 -2.38609e-11
-0.0312403 0.00188946 -1.68671e-11
-0.0318228 0.00190432 -3.15851e-12
-0.0324044 0.00191889 -3.00944e-12
-0.0329849 0.00193318 1.43816e-11
-0.033564 0.0019472 5.72222e-11
-0.0341417 0.00196096 1.44551e-10
-0.0347179 0.00197446 3.81738e-10
-0.0352926 0.00198771 9.60356e-10
-0.03587 0.00200061 2.32648e-09
-0.0364507 0.0020131 4.90345e-10
-0.0370339 0.00202519 8.31782e-10
-0.0376185 0.00203691 1.14743e-09
-0.0382036 0.00204828 4.86122e-10
-0.0387852 0.00205951 7.98578e-10
-0.0393631 0.00207063 3.83258e-09
-0.0399401 0.00208152 5.58562e-09
-0.0405161 0.00209217 5.39964e-09
-0.0410911 0.00210262 8.09319e-09
-0.0416651 0.00211288 2.08536e-09
-0.0422414 0.00212324 2.19352e-09
-0.0428581 0.00213639 2.74603e-09
-0.0434746 0.00214933 3.9794e-09
-0.0440906 0.00216208 2.23168e-09
-0.0447059 0.00217463 2.48034e-09
-0.0453203 0.00218699 3.14259e-09
-0.0459338 0.00219918 4.70684e-09
-0.0465462 0.00221121 2.74287e-09
-0.0471574 0.00222308 3.37578e-09
-0.0477675 0.00223481 4.76798e-09
-0.0483797 0.00224628 3.6359e-09
-0.0489984 0.00225731 1.70282e-09
-0.0496202 0.00226802 2.43883e-09
-0.0502442 0.00227841 2.4634e-09
-0.0508699 0.00228851 2.45228e-09
-0.0514965 0.00229831 2.51655e-09
-0.0521197 0.00230808 2.99175e-09
-0.0527411 0.00231771 5.50736e-09
-0.0533625 0.00232713 6.71522e-09
-0.0539838 0.00233636 1.07581e-08
-0.0546048 0.0023454 8.95691e-09
-0.0552255 0.00235427 5.61575e-09
-0.0558457 0.00236298 4.58972e-09
-0.0564655 0.00237154 4.40703e-09
-0.0570848 0.00237996 4.54702e-09
-0.0577035 0.00238824 4.35215e-09
-0.0583216 0.00239641 4.62921e-09
-0.0589392 0.00240445 5.09011e-09
-0.0595561 0.00241239 5.80984e-09
-0.0601724 0.00242022 6.6073e-09
-0.0607881 0.00242795 4.32026e-09
-0.0614032 0.00243558 4.48255e-09
-0.0620178 0.00244312 4.23045e-09
-0.0626281 0.00245093 4.27324e-09
-0.0632353 0.00245894 4.3278e-09
-0.0638415 0.00246693 4.53212e-09
-0.0644468 0.00247491 4.88732e-09
-0.0650511 0.00248289 5.47619e-09
-0.0656544 0.00249086 6.34684e-09
-0.0662569 0.00249883 4.11793e-09
-0.0668765 0.00250723 4.10514e-09
-0.0675097 0.00251701 4.17467e-09
-0.068143 0.00252679 4.14082e-09
-0.0687765 0.00253656 4.12729e-09
-0.0694102 0.00254633 4.12737e-09
-0.070044 0.00255607 4.1498e-09
-0.070678 0.0025658 4.211e-09
-0.0713161 0.00257547 4.39076e-09
-0.0719593 0.00258503 4.50885e-09
-0.0726069 0.00259446 5.1987e-09
-0.0732585 0.00260375 6.84631e-09
-0.0739134 0.00261286 4.44613e-09
-0.0745711 0.0026218 4.75742e-09
-0.0752309 0.00263055 4.94876e-09
-0.0758848 0.00263939 3.56903e-09
-0.0765389 0.00264813 5.09524e-09
-0.0771937 0.00265673 2.37534e-09
-0.0778493 0.00266521 2.72312e-09
-0.0785054 0.00267356 6.50981e-09
-0.0791619 0.00268179 4.64668e-09
-0.0798187 0.0026899 4.86445e-09
-0.0804758 0.00269791 4.99705e-09
-0.0811329 0.00270583 5.00013e-09
-0.08179 0.00271365 5.09767e-09
-0.082447 0.00272139 5.18131e-09
-0.0831038 0.00272904 5.22296e-09
-0.0837604 0.00273663 4.95633e-09
-0.0844167 0.00274415 5.23454e-09
-0.0850728 0.00275162 5.65398e-09
-0.0857285 0.00275903 6.27886e-09
-0.0863839 0.00276639 7.1337e-09
-0.0870389 0.00277371 5.18356e-09
-0.0876935 0.00278098 5.43155e-09
-0.0883478 0.00278822 5.7994e-09
-0.0890017 0.00279541 5.82517e-09
-0.0896552 0.00280258 6.407e-09
-0.0903084 0.00280971 5.2228e-09
-0.0909612 0.00281682 5.43266e-09
-0.0916137 0.0028239 6.12932e-09
-0.0922658 0.00283095 6.66476e-09
-0.0929176 0.00283797 6.5861e-09
-0.0935691 0.00284497 5.40355e-09
-0.0942203 0.00285194 5.58213e-09
-0.0948713 0.00285889 5.84011e-09
-0.0955219 0.00286582 6.20033e-09
-0.0961723 0.00287272 6.63384e-09
-0.0968225 0.0028796 5.4859e-09
-0.0974725 0.00288646 5.60738e-09
-0.0981222 0.00289329 5.77051e-09
-0.0987717 0.00290011 5.98071e-09
-0.0994211 0.00290689 6.24537e-09
-0.10007 0.00291366 6.57249e-09
-0.100719 0.0029204 6.90919e-09
-0.101368 0.00292712 5.63528e-09
-0.102018 0.00293376 5.72526e-09
-0.102672 0.00294017 5.86867e-09
-0.103329 0.00294639 6.10976e-09
-0.103989 0.00295245 6.50058e-09
-0.104651 0.00295834 7.13782e-09
-0.105315 0.00296408 8.13622e-09
-0.105981 0.00296967 6.71739e-09
-0.106648 0.00297514 5.17972e-09
-0.107317 0.00298049 5.46781e-09
-0.107987 0.00298574 5.4459e-09
-0.108651 0.00299127 5.4726e-09
-0.109315 0.00299682 5.44762e-09
-0.109979 0.00300231 5.42519e-09
-0.110643 0.00300774 5.4035e-09
