0 0 0
0.000224711 3.65239e-05 9.28124e-22
0.000449444 7.30478e-05 -3.04921e-21
0.000674201 0.000109572 2.13707e-21
0.000898982 0.000146096 1.53151e-20
0.00112379 0.00018262 3.27248e-21
0.00134861 0.000219144 -2.3854e-21
0.00157346 0.000255669 6.88124e-21
0.00179834 0.000292193 4.06902e-21
0.00205337 0.000330408 -5.93958e-19
0.00239142 0.000372442 1.06338e-17
0.00274118 0.000414415 1.48191e-18
0.00309664 0.00045649 1.96082e-18
0.00346116 0.000497217 6.6487e-18
0.00382819 0.000539299 5.76997e-18
0.00419575 0.000577989 -4.8601e-17
0.00456771 0.000616855 -1.0052e-17
0.00494123 0.000657747 1.77185e-18
0.00531483 0.000697476 -6.79404e-18
0.00568849 0.000736082 -2.45064e-18
0.00606222 0.000773598 -4.14786e-18
0.006436 0.000810062 -2.99167e-18
0.00680984 0.000845509 -3.19046e-18
0.00718371 0.000880015 -2.39618e-18
0.00757005 0.000917282 -3.17613e-18
0.00794632 0.000955173 -2.91137e-18
0.00832254 0.000992732 -2.65977e-18
0.0086987 0.00102995 -2.66332e-18
0.00907482 0.00106682 -2.47888e-18
0.00945091 0.00110333 -2.34785e-18
0.00982696 0.00113949 -2.41773e-18
0.010203 0.00117528 -2.1375e-18
0.010579 0.00121071 -2.22122e-18
0.0109486 0.00124573 6.9285e-17
0.0112754 0.0012794 2.18744e-16
0.0115461 0.00131011 5.16214e-17
0.0117937 0.00133787 3.28472e-16
0.01205 0.00136387 1.40225e-16
0.0123058 0.0013879 1.30113e-15
0.0125124 0.0014144 -1.0172e-14
0.012689 0.0014406 -8.59589e-16
0.0128589 0.00146442 -7.97719e-16
0.0130348 0.00148649 -1.04172e-15
0.013217 0.00150708 -1.09385e-15
0.0134023 0.00152631 -6.90239e-16
0.013585 0.00154392 -3.4718e-16
0.0137682 0.00156018 -1.0122e-15
0.0139568 0.00157555 -4.89782e-16
0.0141545 0.00159051 1.3525e-15
0.0143571 0.00160482 4.59599e-15
0.0145644 0.0016186 3.49118e-15
0.0147513 0.00163504 1.93374e-15
0.0149051 0.00165409 1.09252e-15
0.0150558 0.00167257 4.98542e-16
0.0152054 0.0016904 1.45406e-15
0.0153609 0.00170784 6.59144e-16
0.0155183 0.0017247 3.07073e-16
0.0156776 0.00174099 1.37297e-15
0.015842 0.00175697 1.04662e-15
0.0160105 0.00177261 7.03425e-17
0.0161819 0.00178788 -4.39498e-15
0.0163502 0.00180248 9.87521e-15
0.0165159 0.00181639 4.67282e-15
0.0166807 0.0018297 8.35593e-15
0.016846 0.00184251 1.35476e-14
0.017018 0.0018553 1.09174e-13
0.0171627 0.00187032 5.74751e-14
0.0172883 0.00188725 -4.43232e-14
0.0174145 0.00190384 -2.65839e-13
0.0175416 0.00192007 -5.77477e-13
0.0176699 0.00193594 -1.06435e-12
0.0177996 0.00195146 -2.41201e-12
0.017931 0.00196666 -5.59573e-12
0.0180641 0.00198155 -1.28233e-11
0.0181954 0.00199603 -3.26128e-11
0.0183228 0.00200999 -2.76806e-11
0.0184476 0.00202346 -1.13405e-10
0.0185711 0.00203646 -2.15087e-11
0.0186943 0.00204903 -2.84858e-11
0.018824 0.00206158 -9.31804e-11
0.018955 0.00207385 -3.26661e-10
0.019087 0.00208582 -5.08704e-10
0.0192203 0.00209753 -1.03736e-10
0.0193549 0.00210898 -9.14919e-11
0.0194783 0.00212125 -9.45187e-11
0.0195662 0.00213588 -1.09026e-10
0.0196545 0.00215026 -1.37117e-10
0.0197434 0.00216438 -2.02142e-10
0.0198334 0.00217825 -3.92802e-10
0.0199245 0.0021919 -1.50885e-10
0.0200168 0.00220532 -1.4797e-10
0.0201106 0.00221856 -2.46964e-10
0.0202059 0.00223162 -2.7299e-10
0.0202976 0.0022443 -3.494e-10
0.0203833 0.00225648 -1.36819e-10
0.0204662 0.00226825 -1.5893e-10
0.0205469 0.00227964 -1.0006e-10
0.0206265 0.00229067 9.02618e-11
0.0207082 0.00230152 -1.10846e-10
0.0207929 0.00231226 -6.84363e-11
0.0208778 0.00232276 -6.58144e-11
0.020963 0.002333 3.29761e-10
0.0210487 0.00234301 1.85492e-10
0.021135 0.00235281 9.45564e-11
0.0212219 0.00236242 4.24111e-12
0.0213095 0.00237185 -1.00542e-11
0.0213979 0.00238111 -7.79324e-12
0.0214871 0.00239021 2.29261e-13
0.0215771 0.00239917 1.40506e-11
0.021668 0.00240798 3.27779e-11
0.0217597 0.00241667 7.22031e-11
0.0218522 0.00242523 1.36968e-10
0.0219456 0.00243367 2.71742e-10
0.0220397 0.002442 2.38343e-11
0.0221393 0.00245071 1.91862e-11
0.0222419 0.00245958 1.89358e-11
0.0223457 0.00246844 2.25412e-11
0.0224509 0.00247729 2.81875e-11
0.0225572 0.00248613 3.65762e-11
0.0226647 0.00249497 4.83147e-11
0.022741 0.00250561 1.68929e-11
0.022815 0.0025165 4.91133e-11
0.022889 0.00252739 7.64051e-11
0.0229629 0.00253826 1.22147e-10
0.0230369 0.00254911 2.01215e-10
0.0231108 0.00255993 3.47892e-10
0.02318 0.00257066 6.67438e-11
0.0232437 0.00258126 6.95422e-11
0.0233026 0.00259168 8.0514e-11
0.0233575 0.00260191 1.09065e-10
0.0234091 0.0026119 1.8349e-10
0.0234583 0.00262167 -1.75777e-11
0.0235115 0.00263144 1.44291e-10
0.0235665 0.00264115 1.9629e-10
0.0236208 0.00265069 -7.10858e-11
0.0236744 0.00266006 2.29999e-10
0.0237277 0.00266928 3.94235e-10
0.0237808 0.00267835 8.6236e-10
0.0238339 0.00268729 6.20186e-10
0.023887 0.0026961 4.2171e-10
0.0239403 0.00270479 3.86254e-10
0.023994 0.00271337 3.75839e-10
0.0240481 0.00272186 4.16262e-10
0.0241027 0.00273026 4.79342e-10
0.0241578 0.00273858 6.12922e-10
0.0242135 0.00274683 3.19391e-10
0.0242698 0.00275501 3.37031e-10
0.0243267 0.00276314 3.62573e-10
0.0243843 0.00277121 3.96387e-10
0.0244426 0.00277923 3.69424e-10
0.0245015 0.0027872 4.11743e-10
0.0245611 0.00279514 5.20478e-10
0.0246213 0.00280304 3.67313e-10
0.0246821 0.00281089 3.87306e-10
0.0247436 0.00281872 3.66972e-10
0.0248057 0.00282651 3.916e-10
0.0248684 0.00283427 4.24508e-10
0.0249317 0.00284199 5.10261e-10
0.0249955 0.00284969 3.59559e-10
0.0250599 0.00285736 3.69101e-10
0.0251248 0.002865 3.81509e-10
0.0251902 0.00287261 3.96886e-10
0.0252561 0.00288019 4.15102e-10
0.0253226 0.00288775 4.36438e-10
0.0253894 0.00289527 4.60831e-10
0.0254568 0.00290277 5.28235e-10
0.0255245 0.00291024 3.82332e-10
0.0255927 0.00291768 3.85848e-10
0.02566 0.00292502 3.92027e-10
0.0257231 0.00293208 4.01353e-10
0.0257831 0.00293892 4.15993e-10
0.0258405 0.00294556 4.38505e-10
0.0258956 0.00295199 4.72792e-10
0.0259487 0.00295824 4.7962e-10
0.0260001 0.00296432 5.16457e-10
0.0260504 0.00297025 3.98906e-10
0.0260998 0.00297606 3.8457e-10
0.0261546 0.00298216 3.77269e-10
0.0262105 0.00298828 3.75031e-10
0.0262663 0.00299433 3.73272e-10
0.0263221 0.00300031 3.71766e-10
0.0263778 0.00300623 3.70316e-10
0.0264336 0.0030121 3.68785e-10
0.0264895 0.00301793 3.6737e-10
0.0265455 0.0030237 3.65924e-10
0.0266018 0.00302945 3.64522e-10
0.0266584 0.00303515 3.63067e-10
0.0267153 0.00304083 3.61842e-10
0.0267725 0.00304648 3.62136e-10
0.0268301 0.00305211 3.58321e-10
0.026888 0.00305771 3.57919e-10
0.0269465 0.0030633 3.56797e-10
0.0270053 0.00306887 3.55427e-10
0.0270646 0.00307442 3.54077e-10
0.0271244 0.00307996 3.53061e-10
0.0271847 0.00308549 3.51848e-10
0.0272454 0.00309101 3.50443e-10
0.0273066 0.00309651 3.49312e-10
0.0273683 0.00310201 3.47998e-10
0.0274304 0.00310749 3.46921e-10
0.027493 0.00311297 3.45808e-10
