0 0 0
0.000224711 3.65239e-05 6.70021e-22
0.000449444 7.30478e-05 1.52414e-21
0.000674201 0.000109572 7.05484e-21
0.000898982 0.000146096 -1.45944e-21
0.00112379 0.00018262 1.08423e-20
0.00134861 0.000219144 -5.00917e-21
0.00157346 0.000255669 1.80044e-20
0.00179834 0.000292193 1.22607e-20
0.00212924 0.000340045 3.74179e-18
0.00281637 0.000422513 2.9482e-18
0.00364121 0.000515075 4.51608e-18
0.00453193 0.000608235 -2.70756e-16
0.00548722 0.000709636 -9.08707e-17
0.00644067 0.000804249 6.61173e-17
0.00740307 0.000893701 -3.81706e-17
0.0083813 0.000992185 -3.99174e-17
0.00935679 0.00108793 -2.87846e-17
0.0103298 0.00118096 -2.70457e-17
0.0112671 0.00127246 7.86278e-16
0.0120595 0.00135348 -1.32236e-15
0.0127126 0.00143494 -2.78863e-16
0.0133042 0.00150134 -1.89944e-16
0.0138943 0.00155201 -1.65732e-16
0.0145103 0.0015948 2.30373e-17
0.0149839 0.00165058 -1.26261e-16
0.0154453 0.00170119 -4.2913e-16
0.0159256 0.00174685 -4.02233e-16
0.0164082 0.001788 -1.17795e-15
0.016886 0.00182459 -6.16404e-16
0.0172531 0.00187177 -5.39463e-16
0.0176136 0.00191654 -1.38631e-16
0.0179819 0.00195818 4.16665e-16
0.0183331 0.00199604 -1.22311e-15
0.018684 0.00203083 3.63054e-16
0.0190486 0.00206358 4.23603e-15
0.0193567 0.00209989 -4.70017e-14
0.0195965 0.00213857 -4.33301e-15
0.0198421 0.0021751 -6.15682e-15
0.02009 0.00220972 -6.63301e-15
0.0203133 0.00224119 -6.81623e-15
0.0205351 0.00227046 -2.45031e-15
0.0207647 0.00229815 1.51743e-14
0.0209974 0.00232418 -6.78699e-15
0.0212347 0.00234886 2.77945e-15
0.0214772 0.0023724 -4.4493e-16
0.0217251 0.00239497 2.14039e-14
0.021978 0.00241668 1.84221e-15
0.0222547 0.00243983 2.54112e-15
0.0224529 0.00246794 6.1649e-15
0.0226431 0.00249658 -6.48665e-17
0.0228267 0.00252477 2.73019e-14
0.0229766 0.00255168 7.9324e-14
0.0231061 0.00257699 1.89114e-14
0.0232463 0.00260172 -4.0315e-14
0.0233831 0.00262529 1.11017e-14
0.0235198 0.00264788 -6.29297e-15
0.0236585 0.0026697 1.08557e-14
0.0238008 0.00269092 2.01017e-14
0.0239473 0.00271169 -1.14718e-14
0.0240982 0.0027321 2.51204e-14
0.0242536 0.00275221 2.10659e-14
0.0244131 0.00277208 8.14533e-15
0.0245765 0.00279171 1.37682e-14
0.0247435 0.00281114 -9.10808e-15
0.0249139 0.00283035 2.33202e-14
0.0250872 0.00284936 2.25993e-14
0.0252551 0.00286772 8.68163e-15
0.0254022 0.0028845 1.15194e-14
0.0255351 0.0029 4.76377e-15
0.0256664 0.00291495 -6.43529e-14
0.0258086 0.00293022 -2.10548e-13
0.0259504 0.00294507 6.008e-14
0.0260931 0.0029596 1.52886e-14
0.0262374 0.00297389 -1.9662e-14
0.026384 0.00298799 1.57482e-14
0.0265334 0.00300196 -1.27996e-14
0.0266858 0.00301584 -2.03398e-15
0.0268412 0.00302962 3.81845e-14
0.0269582 0.00304566 2.21621e-13
0.0270208 0.00306368 -2.82872e-14
0.0270773 0.00308133 3.4246e-13
0.027128 0.00309843 2.98787e-14
0.0271775 0.00311504 7.97471e-14
0.027226 0.00313111 1.69929e-13
0.0272737 0.00314664 1.60662e-13
0.0273209 0.00316161 1.02359e-13
0.0273678 0.00317605 2.65778e-13
0.0274143 0.00318998 2.8484e-13
0.0274607 0.00320341 1.01768e-13
0.027507 0.00321639 -3.77793e-14
0.0275533 0.00322892 1.47836e-13
0.0275995 0.00324106 4.82956e-14
0.0276447 0.00325275 3.93958e-13
0.0276764 0.00326311 -3.95447e-13
0.027697 0.00327217 1.17324e-13
0.0277095 0.00328003 1.85598e-13
0.0277226 0.00328743 7.36371e-13
0.0277403 0.0032948 3.07073e-13
0.0277567 0.00330158 -1.06461e-12
0.0277723 0.00330787 -3.69452e-13
0.0277879 0.00331376 3.35711e-13
0.0278037 0.00331933 2.90379e-13
0.0278202 0.00332465 7.29827e-14
0.0278375 0.00332979 -1.41155e-13
0.0278559 0.00333479 5.23975e-13
0.0278755 0.00333969 1.04737e-12
0.0278962 0.00334452 9.75069e-13
0.027918 0.00334931 2.98506e-13
0.0279411 0.00335407 -2.9787e-13
0.0279652 0.00335881 8.05036e-13
0.0279904 0.00336356 1.41347e-13
0.0280167 0.0033683 4.37366e-13
0.0280438 0.00337305 -2.72942e-13
0.0280719 0.00337782 1.99344e-13
0.0281009 0.0033826 -1.67842e-13
0.0281306 0.0033874 -1.32111e-12
0.0281611 0.0033922 2.39711e-13
0.0281923 0.00339703 1.57263e-12
0.0282242 0.00340187 4.96221e-13
0.0282567 0.00340672 9.17046e-13
0.0282898 0.00341159 5.0602e-13
0.0283234 0.00341647 -1.27112e-13
0.0283576 0.00342135 8.14137e-13
0.0283922 0.00342625 5.08082e-13
0.0284274 0.00343115 3.6851e-13
0.0284629 0.00343606 -2.33524e-13
0.0284989 0.00344098 1.33669e-12
0.0285353 0.00344589 -5.55857e-13
0.028572 0.00345081 2.01702e-13
0.0286091 0.00345572 -7.06026e-14
0.0286466 0.00346064 4.83554e-13
0.0286844 0.00346555 -1.90162e-13
0.0287225 0.00347046 3.16243e-13
0.0287609 0.00347536 3.15029e-13
0.0287996 0.00348025 -3.23061e-14
0.0288386 0.00348514 -3.32527e-13
0.0288778 0.00349002 -4.42352e-13
0.0289173 0.00349488 7.25738e-13
0.028957 0.00349974 5.39908e-13
0.028997 0.00350458 -8.64421e-13
0.0290372 0.00350941 -1.93288e-14
0.0290776 0.00351423 -7.04473e-13
0.0291182 0.00351904 4.63948e-13
0.0291558 0.00352357 7.89306e-13
0.0291881 0.00352764 1.40352e-12
0.0292169 0.00353137 1.20567e-12
0.0292426 0.00353479 2.15214e-12
0.0292659 0.00353794 3.05608e-13
0.0292873 0.00354087 -9.60501e-14
0.0293074 0.00354362 1.36509e-12
0.0293313 0.00354669 5.13472e-13
0.0293571 0.00354987 -1.41422e-12
0.0293825 0.00355296 -3.12181e-12
0.0294077 0.00355598 -1.01661e-11
0.0294328 0.00355897 2.46909e-13
0.0294579 0.00356189 2.03942e-12
0.0294831 0.00356477 -1.47449e-12
0.0295085 0.00356762 -2.78472e-12
0.0295341 0.00357044 -1.09556e-12
0.02956 0.00357324 -1.67935e-12
0.0295863 0.00357605 -1.0629e-12
0.0296129 0.00357885 -4.25412e-13
0.0296399 0.00358165 -7.09594e-13
0.0296674 0.00358446 6.94471e-13
0.0296953 0.00358728 7.43221e-13
0.0297237 0.00359011 -1.63421e-12
0.0297526 0.00359295 -2.72984e-12
0.0297819 0.00359581 -8.00615e-13
0.0298118 0.00359868 -6.63254e-12
0.0298421 0.00360157 -1.93495e-13
0.0298729 0.00360448 2.03951e-12
0.0299041 0.0036074 3.17552e-12
0.0299359 0.00361034 -7.66762e-12
0.029968 0.00361329 3.43552e-12
0.0300007 0.00361626 3.16236e-12
0.0300337 0.00361924 -1.01603e-12
0.0300672 0.00362224 -1.77197e-12
0.030101 0.00362525 8.27444e-12
0.0301353 0.00362827 -2.79887e-13
0.03017 0.0036313 2.70569e-12
0.030205 0.00363434 -6.42316e-12
0.0302404 0.00363739 9.03067e-13
0.0302761 0.00364044 7.46163e-12
0.0303122 0.00364351 -2.84283e-12
0.0303486 0.00364658 -6.17959e-12
0.0303853 0.00364965 -5.04742e-12
0.0304223 0.00365273 -3.35459e-13
0.0304597 0.00365581 -4.90901e-12
0.0304973 0.00365889 1.96892e-13
0.0305352 0.00366198 -8.51582e-12
0.0305734 0.00366507 -2.02098e-12
0.0306118 0.00366816 -4.05687e-12
0.0306505 0.00367124 1.72084e-12
0.0306894 0.00367433 -5.54344e-12
0.0307286 0.00367742 -2.13769e-12
0.030768 0.0036805 3.59536e-12
0.0308077 0.00368358 -4.49897e-12
0.0308475 0.00368666 -7.05428e-12
0.0308876 0.00368973 -1.13189e-11
0.0309279 0.0036928 1.91559e-12
