0 0 0
42.9241 2.68337 -6.11756e-17
85.8527 5.36674 -3.74444e-17
128.786 8.05012 -4.70451e-16
171.723 10.7335 -2.03926e-17
214.665 13.4169 -8.01043e-17
257.612 16.1003 3.70063e-17
300.563 18.7837 -8.37981e-16
343.518 21.4671 -3.11517e-17
371.644 22.7136 -3.50013e-13
371.926 21.1659 -2.2119e-12
372.19 19.705 6.1324e-13
372.437 18.4496 1.76872e-13
372.686 17.3861 -3.03509e-12
372.961 16.4279 3.24892e-12
373.246 15.8205 5.3593e-13
373.584 15.2437 -2.74465e-13
373.978 14.6973 1.88691e-13
374.43 14.1796 -1.25796e-13
374.94 13.6896 9.34655e-13
375.487 13.5331 -3.51291e-14
376.083 13.4302 -3.75155e-14
376.738 13.312 -3.00805e-14
377.448 13.1838 -1.85296e-14
378.208 13.0494 -6.62161e-15
379.014 12.9116 -2.39883e-14
379.838 12.843 6.55578e-12
380.519 13.0971 1.55013e-12
381.138 13.2837 2.89456e-11
381.818 13.1531 5.74577e-09
382.309 13.6964 -3.88671e-10
382.724 14.264 -2.88112e-10
383.206 14.4175 -1.50141e-10
383.747 14.279 -2.45265e-10
384.307 13.9756 -2.17539e-10
384.898 13.5376 -2.52384e-10
385.535 13.012 -1.89207e-10
386.197 12.4538 -1.81406e-10
386.68 12.6961 -1.53745e-10
387.097 13.0985 -1.39424e-10
387.533 13.3455 -1.54563e-10
388.003 13.4349 -1.49352e-10
388.497 13.4072 -1.09734e-10
389.027 13.2771 -1.04336e-10
389.573 13.0914 -2.20491e-10
390.11 12.8811 -9.37312e-11
390.65 12.6359 -5.50823e-11
391.212 12.3519 1.26817e-10
391.605 12.724 -6.55343e-11
391.96 13.1793 -2.54573e-10
392.332 13.5124 -3.87765e-10
392.722 13.7353 -5.54591e-10
393.13 13.8623 -1.01233e-09
393.546 13.9258 -2.38342e-09
393.949 13.9652 -3.85627e-09
394.349 13.9639 -7.00498e-09
394.758 13.9042 -4.23365e-09
395.194 13.778 -1.0751e-08
395.639 13.6157 -2.29582e-08
396.093 13.4245 -2.68704e-08
396.437 13.6191 -1.65536e-08
396.664 14.1668 3.65972e-09
396.901 14.6193 9.04568e-10
397.153 14.9762 -2.79648e-11
397.421 15.2482 4.8542e-10
397.704 15.4446 5.137e-10
397.981 15.6144 2.4657e-10
398.235 15.7854 3.01661e-10
398.482 15.9288 -1.0028e-10
398.731 16.0276 4.00581e-09
399.005 16.0492 1.96851e-09
399.286 16.0301 3.14315e-09
399.573 15.9751 1.10543e-08
399.867 15.8881 7.31896e-09
400.168 15.7732 7.80916e-09
400.475 15.6345 7.77636e-09
400.787 15.4757 5.8165e-09
401.106 15.3003 1.50056e-08
401.429 15.1117 2.13993e-08
401.758 14.9127 2.32751e-08
402.09 14.7059 5.92533e-09
402.438 14.4955 9.53946e-09
402.801 14.2874 -1.59341e-09
403.169 14.0836 -1.34439e-09
403.416 14.2588 1.04141e-09
403.621 14.5869 2.7876e-09
403.828 14.8878 5.82586e-09
404.036 15.1624 8.02921e-09
404.241 15.4254 6.71462e-09
404.414 15.7407 1.26656e-08
404.558 16.0914 3.87402e-10
404.682 16.456 -2.34104e-09
404.796 16.8098 -3.28854e-09
404.941 17.0703 -1.14245e-08
405.085 17.3039 -5.47023e-08
405.23 17.5133 -1.78022e-08
405.377 17.6947 -7.42453e-07
405.528 17.8481 -7.22987e-07
405.683 17.9732 -7.38289e-07
405.844 18.0706 -7.82127e-07
406.011 18.1413 -5.36021e-07
406.184 18.1872 -6.14845e-07
406.363 18.21 -6.78259e-07
406.548 18.2117 -7.72843e-07
406.739 18.1943 -8.86002e-07
406.935 18.16 -9.95597e-07
407.136 18.1106 -1.10468e-06
407.343 18.048 -1.20312e-06
407.553 17.974 -1.29463e-06
407.768 17.89 -1.35528e-06
407.986 17.7976 -1.39938e-06
408.207 17.6979 -1.42286e-06
408.432 17.5923 -1.41977e-06
408.66 17.4816 -1.39567e-06
408.89 17.3668 -1.33131e-06
409.122 17.2487 -1.25839e-06
409.356 17.128 -1.16559e-06
409.591 17.0079 -1.07259e-06
409.805 16.9242 -1.0477e-06
410.001 16.8663 -9.01543e-07
410.184 16.8265 -3.93338e-07
410.356 16.7975 -2.18203e-07
410.521 16.7724 -2.2208e-07
410.687 16.7391 -2.08275e-07
410.875 16.6698 -1.96735e-07
411.063 16.5973 -1.83659e-07
411.251 16.5214 -1.74999e-07
411.439 16.4417 -1.75064e-07
411.628 16.3583 1.80579e-07
411.819 16.2713 -6.49782e-08
412.01 16.1803 -1.39496e-07
412.204 16.0852 -1.31403e-07
412.4 15.9865 -1.2562e-07
412.597 15.8845 -1.13405e-07
412.797 15.7796 -1.15964e-07
412.999 15.6718 -1.09886e-07
413.203 15.5616 -1.12458e-07
413.41 15.4493 -9.65855e-08
413.618 15.3353 -9.12293e-08
413.829 15.2199 -8.83158e-08
414.04 15.107 8.36041e-08
414.094 15.5107 -7.92432e-08
414.142 15.9138 1.36642e-07
414.185 16.3154 4.16176e-08
414.223 16.7143 2.97683e-08
414.256 17.1095 -6.68856e-08
414.285 17.4999 1.71344e-08
414.31 17.8844 -2.24244e-08
414.331 18.2622 4.15344e-08
414.348 18.632 2.7656e-08
414.362 18.993 -1.20437e-08
414.374 19.3436 5.55746e-09
414.387 19.6776 -4.19151e-08
414.401 19.9949 -2.055e-09
414.416 20.2962 -2.10566e-08
414.432 20.5811 2.54107e-09
414.45 20.8505 -1.95168e-10
414.469 21.1043 -1.88114e-07
414.491 21.3434 -1.63617e-08
414.513 21.5678 2.90329e-08
414.538 21.7782 3.56935e-08
414.565 21.975 1.39561e-08
414.593 22.1588 -3.36667e-08
414.624 22.3301 -7.15012e-09
414.656 22.4893 -9.22922e-09
414.69 22.637 -3.95899e-08
414.719 22.7907 -1.57605e-08
414.729 22.9773 2.6153e-08
414.727 23.1827 2.41096e-08
414.714 23.4012 3.37195e-08
414.693 23.6273 3.79336e-08
414.667 23.8559 2.90842e-08
414.636 24.0822 -1.70604e-08
414.622 24.2672 -3.12153e-08
414.615 24.4318 -2.71852e-08
414.607 24.5878 -2.6717e-09
414.601 24.7351 2.31294e-09
414.595 24.8735 -1.20384e-09
414.59 25.0029 -4.28833e-08
414.587 25.1232 -1.68373e-07
414.586 25.234 1.68279e-07
414.587 25.3353 1.06941e-07
414.59 25.4272 -1.32809e-09
414.595 25.5098 1.31125e-08
414.603 25.5831 3.98796e-08
414.613 25.6472 -9.75074e-09
414.626 25.7028 3.71347e-08
414.642 25.7498 2.82988e-09
414.659 25.7889 7.08759e-09
414.68 25.8201 3.5975e-08
414.702 25.8438 3.49478e-08
414.727 25.8605 2.26199e-08
414.755 25.8704 -2.19399e-08
414.784 25.8739 1.929e-08
414.816 25.8714 -2.04846e-08
414.849 25.8632 2.05062e-08
414.885 25.8496 6.64441e-08
414.922 25.831 3.15889e-08
414.961 25.8077 -6.40472e-09
415.002 25.78 6.23279e-09
415.044 25.7482 -2.65375e-08
