0 0 0
-0.000224687 3.65239e-05 -2.16201e-22
-0.000449352 7.30478e-05 1.35891e-22
-0.000673994 0.000109572 -3.50976e-21
-0.000898613 0.000146096 2.52627e-22
-0.00112321 0.00018262 3.99596e-21
-0.00134778 0.000219144 1.12245e-20
-0.00157234 0.000255669 8.25659e-21
-0.00179687 0.000292193 -2.07267e-20
-0.00206115 0.000331911 2.31103e-18
-0.00244474 0.000379383 2.4553e-18
-0.00285128 0.000427883 7.4878e-18
-0.00326465 0.000475106 1.08472e-16
-0.0036956 0.000525716 1.07447e-16
-0.00412727 0.000571419 -8.1306e-17
-0.00455855 0.000617149 9.2896e-17
-0.00500015 0.000665431 3.80301e-17
-0.00544181 0.000712081 1.26503e-17
-0.0058835 0.000757171 2.34088e-17
-0.00632522 0.000800757 1.52592e-17
-0.00676695 0.000842903 1.84829e-17
-0.0072073 0.000883832 4.72375e-18
-0.00764331 0.000928707 1.30293e-17
-0.0080876 0.00097359 1.30761e-17
-0.00853178 0.00101798 1.20938e-17
-0.00897587 0.00106188 1.18828e-17
-0.00941987 0.00110526 1.15081e-17
-0.00986377 0.00114813 1.12554e-17
-0.0103076 0.00119048 1.07957e-17
-0.010752 0.00123231 1.05152e-17
-0.011254 0.00127294 -5.98122e-17
-0.0118627 0.0013099 6.5902e-18
-0.0125128 0.00134301 4.44369e-16
-0.0131522 0.0013734 1.93401e-16
-0.0138317 0.0014037 -5.37876e-16
-0.0145895 0.00143599 -8.42303e-16
-0.0153627 0.00146476 -8.28671e-16
-0.0161186 0.00149103 -8.59418e-16
-0.0168616 0.00151516 9.99703e-16
-0.0176049 0.00153698 3.02414e-16
-0.018347 0.00155675 -1.69401e-15
-0.0190755 0.00157525 -1.33423e-14
-0.0197866 0.00159299 -4.0666e-14
-0.0204869 0.00160985 -9.54771e-14
-0.0211998 0.00162869 -7.3241e-14
-0.0219669 0.00165169 -3.09024e-14
-0.0227379 0.0016738 -2.76469e-14
-0.0235044 0.00169503 -2.44681e-14
-0.0242605 0.00171555 -2.60379e-14
-0.0250118 0.0017352 -2.35962e-14
-0.0257552 0.00175424 -2.15501e-14
-0.0264895 0.00177285 -2.03464e-14
-0.0272213 0.00179079 -2.3589e-14
-0.0279582 0.0018077 -3.10149e-14
-0.028697 0.00182371 -3.46811e-14
-0.0294343 0.00183899 -7.76162e-14
-0.0301588 0.00185426 -3.59368e-13
-0.0309417 0.00187442 -8.96763e-14
-0.0317268 0.00189444 -1.71893e-13
-0.0325096 0.00191393 3.30872e-14
-0.0332894 0.0019329 -4.64917e-14
-0.0340659 0.00195137 -1.23285e-14
-0.034839 0.00196937 6.57989e-14
-0.0356112 0.00198686 7.83751e-14
-0.0363898 0.00200362 2.73721e-13
-0.0371725 0.00201967 7.56274e-13
-0.0379569 0.00203506 1.9592e-12
-0.0387372 0.00205004 2.19736e-11
-0.0395105 0.00206481 4.19764e-11
-0.0402818 0.00207914 2.8178e-11
-0.0410509 0.00209309 5.73992e-11
-0.0418176 0.00210668 -2.04562e-12
-0.0426237 0.00212304 6.99309e-12
-0.0434491 0.0021403 1.70729e-11
-0.0442731 0.00215718 2.44312e-11
-0.0450951 0.00217371 3.96061e-11
-0.045915 0.0021899 7.2523e-11
-0.0467324 0.00220579 1.40792e-10
-0.0475473 0.00222142 2.80135e-10
-0.0483647 0.00223661 2.87141e-10
-0.0491916 0.00225108 9.13015e-11
-0.0500232 0.00226499 7.79072e-11
-0.0508578 0.00227836 8.55214e-11
-0.0516924 0.0022913 1.23984e-10
-0.0525204 0.00230416 3.05197e-10
-0.053348 0.00231663 3.9733e-10
-0.054175 0.00232875 3.50887e-09
-0.0550012 0.00234056 1.491e-09
-0.0558263 0.00235208 -1.66311e-09
-0.0566504 0.00236334 9.0207e-10
-0.0574731 0.00237435 9.45756e-10
-0.0582946 0.00238514 1.1631e-09
-0.0591147 0.00239572 1.60989e-09
-0.0599335 0.00240611 2.26646e-09
-0.0607509 0.00241632 3.1394e-09
-0.0615671 0.00242635 4.09012e-09
-0.0623819 0.00243622 1.125e-09
-0.0631913 0.00244638 1.13573e-09
-0.0639952 0.00245687 1.10969e-09
-0.0647971 0.00246735 1.10938e-09
-0.0655971 0.00247782 1.11486e-09
-0.0664151 0.00248874 1.10087e-09
-0.0672552 0.00250165 1.08292e-09
-0.0680954 0.00251454 1.09123e-09
-0.0689356 0.00252741 1.11248e-09
-0.0697758 0.00254024 1.15231e-09
-0.0706166 0.00255301 1.21732e-09
-0.071466 0.00256562 1.22927e-09
-0.0723235 0.00257801 1.40449e-09
-0.073188 0.00259011 1.42349e-09
-0.074058 0.00260188 8.68966e-10
-0.0749319 0.00261333 1.17133e-09
-0.075798 0.00262484 9.07583e-10
-0.0766645 0.00263614 8.21908e-10
-0.077532 0.00264721 4.7086e-10
-0.0784004 0.00265806 1.43402e-10
-0.0792692 0.0026687 -3.19173e-09
-0.0801381 0.00267915 -3.23026e-09
-0.081007 0.00268942 -1.15908e-09
-0.0818756 0.00269954 -1.27705e-09
-0.0827437 0.00270951 -1.54859e-09
-0.0836112 0.00271937 -1.91187e-09
-0.0844779 0.00272911 -2.35587e-09
-0.0853439 0.00273875 -2.87789e-09
-0.0862091 0.00274831 -2.42133e-09
-0.0870734 0.00275779 -3.01594e-09
-0.0879369 0.0027672 -1.40556e-09
-0.0887995 0.00277655 -1.27265e-09
-0.0896612 0.00278584 -1.42819e-09
-0.0905221 0.00279508 -1.61648e-09
-0.0913822 0.00280426 -1.83647e-09
-0.0922416 0.00281341 -2.08869e-09
-0.0931002 0.0028225 -2.37081e-09
-0.093958 0.00283156 -2.67649e-09
-0.0948152 0.00284057 -2.99979e-09
-0.0956718 0.00284954 -3.33356e-09
-0.0965277 0.00285847 -3.625e-09
-0.0973831 0.00286736 -1.98477e-09
-0.0982379 0.00287621 -2.02969e-09
-0.0990922 0.00288502 -2.07186e-09
-0.099946 0.00289379 -2.10613e-09
-0.100799 0.00290252 -2.13289e-09
-0.101654 0.00291112 -2.18111e-09
-0.102515 0.00291935 -2.25261e-09
-0.103381 0.00292727 -2.36589e-09
-0.104251 0.00293489 -2.17548e-09
-0.105125 0.00294226 -1.88231e-09
-0.106001 0.00294938 -1.6814e-09
-0.10688 0.0029563 -1.67247e-09
-0.107758 0.00296315 -1.66024e-09
-0.108629 0.00297035 -1.6483e-09
-0.109501 0.00297745 -1.63615e-09
-0.110373 0.00298446 -1.62482e-09
-0.111245 0.00299138 -1.61313e-09
-0.112118 0.00299823 -1.60217e-09
-0.11299 0.00300501 -1.59062e-09
-0.113863 0.00301174 -1.5798e-09
-0.114735 0.00301842 -1.5718e-09
-0.115607 0.00302506 -1.56094e-09
-0.116479 0.00303166 -1.54296e-09
-0.117351 0.00303822 -1.53847e-09
-0.118222 0.00304476 -1.52996e-09
-0.119093 0.00305127 -1.52346e-09
-0.119963 0.00305776 -1.5134e-09
-0.120833 0.00306423 -1.50446e-09
-0.121702 0.00307069 -1.49649e-09
-0.122571 0.00307713 -1.48794e-09
-0.123439 0.00308355 -1.47865e-09
-0.124307 0.00308996 -1.47022e-09
-0.125175 0.00309635 -1.46268e-09
-0.126042 0.00310273 -1.45422e-09
-0.126932 0.00311041 -1.49329e-09
-0.127838 0.00311884 -1.49175e-09
-0.128745 0.00312727 -1.47194e-09
-0.129653 0.00313568 -1.48015e-09
-0.130563 0.00314406 -1.47325e-09
-0.131474 0.0031524 -1.45928e-09
-0.132386 0.00316068 -1.43915e-09
-0.1333 0.0031689 -1.49375e-09
-0.134215 0.00317703 -1.44531e-09
-0.135131 0.00318508 -1.44429e-09
-0.136048 0.00319302 -1.45011e-09
-0.136967 0.00320086 -1.4441e-09
-0.137886 0.00320857 -1.44234e-09
-0.138807 0.00321617 -1.43994e-09
-0.139729 0.00322363 -1.43753e-09
-0.140651 0.00323096 -1.4345e-09
-0.141575 0.00323815 -1.43135e-09
-0.1425 0.00324521 -1.42875e-09
-0.143425 0.00325216 -1.42718e-09
-0.14435 0.00325899 -1.42783e-09
-0.145276 0.00326571 -1.42377e-09
-0.146202 0.00327233 -1.42083e-09
-0.147128 0.00327885 -1.41885e-09
-0.148055 0.00328526 -1.41325e-09
-0.148982 0.00329158 -1.41789e-09
-0.14991 0.00329779 -1.4129e-09
-0.150838 0.00330392 -1.40121e-09
-0.151766 0.00330995 -1.4079e-09
-0.152695 0.00331589 -1.4029e-09
-0.153624 0.00332175 -1.41129e-09
