0 0 0
-0.000224687 3.65237e-05 5.77115e-22
-0.000449351 7.30475e-05 1.14508e-21
-0.000673993 0.000109571 1.25154e-21
-0.000898612 0.000146095 -5.28029e-21
-0.00112321 0.000182619 -5.29118e-21
-0.00134778 0.000219143 1.6161e-20
-0.00157233 0.000255668 -2.11223e-21
-0.00179686 0.000292192 -2.3153e-22
-0.00205001 0.000330498 5.50647e-20
-0.00239024 0.00037286 -1.77612e-17
-0.00274154 0.000415214 -2.30968e-18
-0.00309965 0.00045764 -1.56589e-18
-0.003465 0.000498818 1.08323e-17
-0.00383489 0.000541253 9.80594e-18
-0.00420532 0.000580246 -1.5544e-16
-0.00457471 0.000619719 -4.30143e-17
-0.00495091 0.000660957 8.23978e-18
-0.00532719 0.00070101 -2.88024e-17
-0.00570354 0.000739918 -9.86089e-18
-0.00607996 0.000777718 -1.78828e-17
-0.00645643 0.000814446 -1.22304e-17
-0.00683295 0.00085014 -1.40945e-17
-0.00720758 0.000885054 -7.68602e-18
-0.00757667 0.000923144 -1.12708e-17
-0.00795437 0.000961393 -1.08513e-17
-0.00833204 0.000999302 -1.04481e-17
-0.00870969 0.00103686 -1.00908e-17
-0.0090873 0.00107406 -9.66373e-18
-0.00946489 0.00111089 -9.41892e-18
-0.00984245 0.00114736 -9.157e-18
-0.01022 0.00118346 -8.83502e-18
-0.0105975 0.00121918 -8.77904e-18
-0.0109929 0.00125438 -1.13697e-17
-0.0114511 0.00128783 4.74697e-17
-0.0119801 0.00131802 -2.91007e-17
-0.0125204 0.00134565 -2.01127e-16
-0.0130547 0.00137135 3.59008e-16
-0.0135919 0.001395 -3.05777e-17
-0.0142079 0.00142306 -2.46094e-16
-0.0148427 0.00144883 9.93047e-16
-0.0154822 0.00147225 -3.75714e-16
-0.016108 0.00149413 1.84737e-16
-0.0167265 0.00151452 4.6534e-16
-0.017344 0.00153338 1.69124e-16
-0.0179633 0.00155068 6.16621e-16
-0.0185796 0.00156671 -2.39839e-16
-0.0191835 0.00158216 -2.71639e-15
-0.019778 0.00159703 -1.37665e-15
-0.0203656 0.00161129 4.9599e-15
-0.0209465 0.00162504 4.08464e-15
-0.0215781 0.00164405 -1.01664e-16
-0.0222211 0.00166309 -5.68609e-15
-0.0228661 0.0016815 4.61425e-16
-0.0235074 0.00169935 -3.55454e-15
-0.0241419 0.00171673 -3.35712e-17
-0.0247736 0.00173352 -3.29111e-15
-0.0254008 0.00174983 6.8202e-16
-0.0260216 0.00176585 -1.47135e-14
-0.0266378 0.00178151 -7.71485e-15
-0.0272539 0.00179663 -8.30392e-15
-0.0278739 0.00181102 4.31687e-15
-0.0284958 0.00182476 1.50975e-14
-0.0291175 0.00183794 6.93047e-14
-0.0297348 0.00185083 3.92763e-13
-0.030353 0.00186427 2.94557e-12
-0.031015 0.00188156 2.03929e-12
-0.0316762 0.0018985 3.15374e-12
-0.0323362 0.00191508 5.46928e-12
-0.0329944 0.00193128 1.00395e-11
-0.0336508 0.00194714 2.22425e-11
-0.0343052 0.00196265 5.05148e-11
-0.0349573 0.00197783 1.15711e-10
-0.0356092 0.00199266 2.7193e-10
-0.0362658 0.00200696 6.35812e-10
-0.0369259 0.00202075 9.19958e-10
-0.037588 0.00203405 2.37273e-09
-0.0382507 0.0020469 5.03522e-10
-0.0389079 0.00205961 9.81823e-10
-0.0395616 0.00207211 3.81094e-09
-0.0402141 0.00208431 5.60997e-09
-0.0408652 0.00209623 8.25609e-09
-0.0415148 0.00210788 1.7333e-09
-0.0421674 0.00211968 1.0513e-09
-0.0428658 0.00213454 4.01677e-11
-0.0435637 0.00214913 -1.89005e-09
-0.0442608 0.00216346 9.13773e-10
-0.0449567 0.00217753 6.30853e-10
-0.0456513 0.00219137 4.49304e-10
-0.0463444 0.00220498 -3.65604e-10
-0.0470359 0.00221839 3.21696e-10
-0.0477257 0.00223162 1.28654e-10
-0.0484185 0.00224451 -8.3671e-10
-0.0491185 0.00225685 5.07746e-10
-0.0498221 0.00226879 6.59248e-10
-0.0505284 0.00228034 6.42402e-10
-0.0512362 0.0022915 5.77988e-10
-0.0519419 0.00230247 3.19789e-10
-0.0526439 0.00231335 -7.42764e-10
-0.0533458 0.00232396 -4.06278e-10
-0.0540473 0.00233432 -6.19349e-09
-0.0547484 0.00234445 -4.18697e-09
-0.055449 0.00235436 -2.65585e-09
-0.0561489 0.00236407 -8.32734e-10
-0.0568481 0.00237359 -7.26384e-10
-0.0575465 0.00238295 -7.46512e-10
-0.0582441 0.00239215 -8.26782e-10
-0.0589408 0.00240119 -9.5897e-10
-0.0596367 0.0024101 -1.24561e-09
-0.0603317 0.00241887 -1.73149e-09
-0.0610259 0.00242751 -2.50204e-09
-0.0617192 0.00243604 -3.53886e-09
-0.0624118 0.00244444 -1.01737e-09
-0.0630977 0.00245334 -9.85598e-10
-0.0637813 0.00246231 -9.76766e-10
-0.0644637 0.00247126 -9.86429e-10
-0.0651448 0.00248021 -1.00829e-09
-0.0658247 0.00248915 -1.04607e-09
-0.0665115 0.00249829 -9.08071e-10
-0.0672254 0.0025093 -1.13315e-09
-0.0679395 0.00252031 -1.31212e-09
-0.0686537 0.0025313 -1.64825e-09
-0.069368 0.00254228 -2.23781e-09
-0.0700824 0.00255323 -3.12969e-09
-0.0707976 0.00256414 -4.20501e-09
-0.0715193 0.00257494 -1.43699e-09
-0.0722469 0.0025856 -1.51329e-09
-0.0729799 0.00259606 -1.71892e-09
-0.0737173 0.00260631 -2.23265e-09
-0.0744582 0.00261633 -2.43956e-09
-0.0752018 0.0026261 1.01433e-11
-0.0759377 0.00263601 -1.18839e-09
-0.0766748 0.00264574 -1.30499e-09
-0.0774127 0.0026553 -1.29028e-09
-0.0781514 0.0026647 -1.26662e-09
-0.0788906 0.00267394 -1.20669e-09
-0.0796302 0.00268304 -1.16732e-09
-0.0803699 0.002692 -7.88939e-10
-0.0811097 0.00270083 -1.03557e-09
-0.0818493 0.00270955 -1.03756e-09
-0.0825888 0.00271817 -1.08686e-09
-0.0833279 0.00272669 -1.0544e-09
-0.0840666 0.00273512 -1.01102e-09
-0.0848049 0.00274348 -9.55845e-10
-0.0855428 0.00275176 -8.85581e-10
-0.0862801 0.00275999 -7.9377e-10
-0.0870168 0.00276816 -6.79123e-10
-0.0877531 0.00277627 -5.3328e-10
-0.0884888 0.00278434 -5.58515e-10
-0.0892239 0.00279236 -3.54299e-10
-0.0899586 0.00280035 2.90817e-10
-0.0906927 0.00280829 7.01266e-10
-0.0914263 0.0028162 5.81262e-10
-0.0921594 0.00282407 1.09826e-09
-0.0928921 0.00283191 -1.63272e-10
-0.0936243 0.00283972 -7.38998e-12
-0.094356 0.0028475 1.898e-10
-0.0950874 0.00285525 4.32872e-10
-0.0958184 0.00286297 7.29236e-10
-0.096549 0.00287066 1.0817e-09
-0.0972792 0.00287832 1.49475e-09
-0.0980091 0.00288595 1.90931e-09
-0.0987387 0.00289355 3.6922e-10
-0.099468 0.00290112 4.64123e-10
-0.100197 0.00290867 5.68784e-10
-0.100926 0.00291618 6.80127e-10
-0.101655 0.00292365 8.07659e-10
-0.102389 0.00293083 1.00837e-09
-0.103126 0.00293779 1.30643e-09
-0.103867 0.00294452 1.74472e-09
-0.104611 0.00295106 2.39318e-09
-0.105357 0.0029574 2.18774e-09
-0.106105 0.00296356 2.12732e-09
-0.106856 0.00296958 8.39952e-10
-0.107607 0.00297546 6.59779e-10
-0.108354 0.00298154 5.89099e-10
-0.109099 0.00298773 5.78612e-10
-0.109844 0.00299384 5.72709e-10
-0.110589 0.00299988 5.68163e-10
-0.111335 0.00300587 5.64398e-10
-0.112081 0.00301179 5.61371e-10
-0.112827 0.00301767 5.58355e-10
-0.113573 0.00302351 5.5527e-10
-0.114319 0.0030293 5.52024e-10
-0.115065 0.00303506 5.50696e-10
-0.115811 0.00304079 5.46815e-10
-0.116557 0.0030465 5.50134e-10
-0.117303 0.00305219 5.08288e-10
-0.118048 0.00305783 5.00607e-10
-0.118793 0.00306346 5.13996e-10
-0.119538 0.00306908 5.23366e-10
-0.120283 0.00307468 5.26252e-10
-0.121028 0.00308027 5.28265e-10
-0.121772 0.00308585 5.29071e-10
-0.122516 0.00309141 5.28301e-10
-0.123259 0.00309697 5.27345e-10
-0.124003 0.00310251 5.26748e-10
-0.124746 0.00310804 5.26121e-10
-0.125489 0.00311356 5.257e-10
-0.126231 0.00311908 5.25603e-10
-0.126974 0.00312458 5.24358e-10
