0 0 0
42.9242 2.68338 3.0391e-17
85.8528 5.36677 1.71894e-16
128.786 8.05016 1.9036e-17
171.723 10.7335 -2.64282e-16
214.666 13.417 -2.42085e-16
257.612 16.1004 5.84504e-16
300.563 18.7838 -4.16624e-16
343.519 21.4672 1.65006e-15
371.654 22.6601 3.28115e-13
371.967 20.9343 2.5289e-12
372.268 19.2939 8.47052e-12
372.555 17.9321 -5.94731e-12
372.865 16.7472 -1.1573e-10
373.202 15.9185 1.04868e-10
373.602 15.2365 1.2748e-10
374.083 14.5899 -1.01162e-10
374.643 13.9924 4.5808e-10
375.281 13.59 1.63594e-11
375.974 13.468 -3.60291e-11
376.752 13.3244 -2.69997e-11
377.609 13.1679 -2.18835e-11
378.538 13.0038 -1.81001e-11
379.532 12.8441 -1.53328e-11
380.416 13.0261 -1.29657e-11
381.184 13.2415 -4.06536e-11
382.023 13.0566 -1.36309e-11
382.543 13.9852 -4.87633e-12
383.114 14.3395 -2.84919e-11
383.778 14.2069 -8.56196e-11
384.476 13.8177 -6.94312e-11
385.227 13.2458 1.16437e-11
386.027 12.5902 -6.29067e-11
386.671 12.6727 3.2302e-11
387.184 13.1471 2.23826e-12
387.733 13.3824 5.10894e-12
388.323 13.4138 -5.54836e-11
388.956 13.2893 1.58691e-11
389.619 13.0706 1.00322e-11
390.272 12.811 -1.1623e-10
390.933 12.4985 -1.00887e-10
391.491 12.6184 -2.72009e-10
391.92 13.1826 2.16889e-10
392.373 13.5677 1.86988e-10
392.852 13.7967 6.81624e-10
393.355 13.9002 1.00551e-09
393.846 13.954 1.05648e-09
394.329 13.9537 -9.95783e-11
394.831 13.8667 2.20055e-10
395.361 13.6992 5.92556e-10
395.904 13.4844 4.62751e-10
396.34 13.6423 2.56993e-09
396.614 14.2882 2.0938e-10
396.902 14.7969 -7.22275e-10
397.21 15.177 -1.57487e-10
397.544 15.4359 -1.0823e-10
397.88 15.6326 3.76423e-10
398.186 15.8265 -1.52895e-09
398.483 15.9774 7.59747e-11
398.799 16.0428 3.74304e-10
399.135 16.0297 4.95838e-09
399.479 15.9641 1.74263e-09
399.834 15.853 1.95266e-09
400.197 15.7035 2.13896e-09
400.57 15.5225 2.16723e-09
400.95 15.3162 4.46043e-09
401.338 15.0904 6.01059e-09
401.733 14.8499 8.95503e-09
402.133 14.5992 2.79087e-09
402.558 14.3473 1.12305e-09
402.997 14.101 1.61754e-09
403.287 14.3306 -1.32157e-09
403.532 14.7127 -1.97149e-09
403.78 15.0562 -9.25273e-09
404.03 15.3634 -4.42787e-09
404.244 15.7236 -2.25121e-08
404.417 16.1379 7.17346e-09
404.561 16.5694 1.22986e-09
404.712 16.9421 -3.4691e-09
404.885 17.2319 -1.66175e-08
405.058 17.4849 -8.93779e-08
405.233 17.6991 -8.57985e-08
405.415 17.8731 -8.9755e-08
405.603 18.0068 -5.56481e-08
405.8 18.1019 -6.56947e-08
406.005 18.1609 -6.25946e-08
406.219 18.1868 -6.19713e-08
406.441 18.183 -6.36439e-08
406.671 18.1531 -6.36474e-08
406.909 18.1003 -6.31078e-08
407.154 18.028 -5.98772e-08
407.406 17.9392 -5.73271e-08
407.662 17.8365 -5.20442e-08
407.924 17.7223 -4.76074e-08
408.191 17.5986 -4.60057e-08
408.462 17.4674 -4.4712e-08
408.736 17.3303 -3.73686e-08
409.014 17.1885 -3.76487e-08
409.294 17.0432 -2.55172e-08
409.558 16.9273 -2.42042e-08
409.794 16.8542 -1.71161e-08
410.011 16.8071 -1.2961e-08
410.213 16.7734 -1.19216e-08
410.407 16.7422 -1.17039e-08
410.624 16.6698 -7.53716e-09
410.848 16.5832 -3.20897e-08
411.071 16.4919 -1.08608e-08
411.296 16.3958 -1.85391e-08
411.522 16.2937 4.48177e-10
411.749 16.1858 -6.14619e-09
411.98 16.0728 -9.30493e-09
412.213 15.9546 -2.54418e-09
412.449 15.8317 8.991e-09
412.688 15.7046 8.7289e-09
412.93 15.5738 -1.18785e-08
413.175 15.44 5.1072e-09
413.423 15.3037 -3.82962e-09
413.674 15.1654 1.13811e-08
413.775 15.5199 -6.37389e-09
413.825 16.013 7.94705e-08
413.868 16.5039 -1.48461e-08
413.903 16.9904 9.59194e-09
413.931 17.4708 -4.60995e-08
413.953 17.943 3.77238e-09
413.969 18.4052 6.15886e-09
413.982 18.8526 1.07024e-08
413.994 19.2767 -7.32319e-08
414.008 19.677 -3.17849e-09
414.023 20.0539 8.45673e-09
414.04 20.4075 -3.49716e-07
414.059 20.7387 8.38292e-09
414.081 21.0476 -4.50272e-09
414.104 21.3352 2.58434e-09
414.131 21.602 -2.25701e-08
414.16 21.8489 -2.8673e-08
414.191 22.0769 -2.7449e-08
414.226 22.2866 -8.16245e-08
414.263 22.4791 -5.05351e-08
414.302 22.6551 -4.44544e-08
414.339 22.8268 -5.04967e-08
414.352 23.0427 -4.44714e-08
414.347 23.2848 -4.65892e-09
414.328 23.544 -1.2747e-08
414.299 23.8109 -4.56915e-08
414.264 24.0773 -2.22494e-09
414.244 24.3 -3.07728e-08
414.235 24.4911 -3.24488e-08
414.226 24.6704 -6.19558e-08
414.218 24.8373 8.72721e-09
414.212 24.9923 -4.03602e-07
414.208 25.1339 6.21262e-08
414.206 25.2623 -1.6842e-08
414.208 25.3776 -9.05479e-08
414.212 25.4794 -3.00499e-08
414.22 25.5685 1.42158e-08
414.231 25.6449 1.78767e-08
414.246 25.7089 -4.10162e-09
414.265 25.7613 -1.7476e-09
414.286 25.8023 3.03192e-08
414.312 25.8327 -6.26234e-09
414.34 25.8529 -5.72577e-08
414.372 25.8637 -2.36252e-08
414.407 25.8655 -4.55835e-08
414.445 25.8589 -2.53789e-08
414.486 25.8446 5.86532e-08
414.529 25.8231 4.07668e-08
414.575 25.795 -5.57765e-08
414.623 25.7606 -1.77927e-08
414.673 25.7208 -1.63353e-08
414.725 25.6755 -1.21188e-07
414.779 25.6254 -1.35636e-08
414.835 25.5709 -4.21022e-08
414.893 25.5123 -9.27185e-08
414.952 25.4501 6.53363e-09
415.012 25.3844 8.66435e-08
415.074 25.3157 7.02978e-08
415.137 25.2442 6.64295e-08
415.201 25.1701 -8.39018e-09
415.266 25.0938 1.61399e-08
415.332 25.0153 -2.99893e-08
415.399 24.935 -4.17498e-08
415.466 24.8531 -4.19462e-08
415.535 24.7696 -2.38362e-08
415.604 24.6848 -1.21374e-08
415.674 24.5987 1.97857e-08
415.744 24.5117 -2.31097e-08
415.815 24.4237 2.23022e-08
415.886 24.3349 1.29424e-09
415.958 24.2454 -7.56959e-08
416.03 24.1553 -6.09164e-08
416.103 24.0647 -4.55141e-08
416.176 23.9737 -9.70284e-09
416.249 23.8823 3.81326e-08
416.323 23.7906 -9.6167e-08
416.397 23.6988 1.23911e-07
416.471 23.6068 -1.50726e-08
416.546 23.5147 1.95512e-08
416.62 23.4226 -1.30532e-07
416.695 23.3305 -3.44544e-08
416.77 23.2384 -9.77566e-08
416.846 23.1464 -1.15176e-07
