0 0 0
0.00022471 3.65237e-05 -8.32669e-22
0.000449443 7.30475e-05 -5.0966e-22
0.0006742 0.000109571 -6.40338e-21
0.00089898 0.000146095 -2.77567e-22
0.00112378 0.000182619 -1.09031e-21
0.00134861 0.000219143 5.03698e-22
0.00157346 0.000255668 -1.14059e-20
0.00179834 0.000292192 -4.24011e-22
0.00207986 0.000333779 -5.14348e-18
0.0025224 0.000387967 -3.84122e-17
0.0030092 0.000444927 2.77947e-18
0.00351562 0.000502347 -2.24168e-18
0.0040351 0.000559473 -5.96625e-17
0.00456031 0.000614351 4.17488e-17
0.00509799 0.000672734 7.42107e-18
0.00563563 0.000728728 -5.11648e-18
0.00617318 0.000782455 2.08976e-18
0.00671064 0.000834022 -2.92999e-18
0.00725035 0.000883795 1.63751e-17
0.00780058 0.000938574 2.74448e-18
0.00834438 0.000993027 2.31396e-18
0.00888786 0.00104672 2.09334e-18
0.00943064 0.0010996 2.02166e-18
0.00997181 0.00115158 2.04373e-18
0.010511 0.00120262 1.58858e-18
0.0110379 0.00125308 1.26682e-16
0.0114733 0.00130021 6.4312e-17
0.0118535 0.0013416 5.51466e-16
0.0122399 0.00137871 1.01674e-13
0.0125491 0.00141902 1.6296e-14
0.012814 0.00145651 1.64007e-14
0.0130864 0.00148952 1.74372e-14
0.0133684 0.00151911 1.50322e-14
0.0136471 0.00154507 1.44433e-14
0.0139319 0.00156845 1.29198e-14
0.0142324 0.00159054 1.29217e-14
0.0145423 0.00161125 1.22091e-14
0.0147962 0.00163846 1.20131e-14
0.0150227 0.00166627 1.17485e-14
0.0152502 0.00169264 1.10591e-14
0.015485 0.00171779 1.06602e-14
0.0157234 0.0017416 1.08382e-14
0.0159727 0.00176473 1.05608e-14
0.0162251 0.00178688 8.32345e-15
0.0164709 0.00180748 9.75883e-15
0.0167148 0.00182678 1.01059e-14
0.0169668 0.00184553 1.28907e-14
0.0171662 0.00186933 1.01029e-14
0.0173522 0.0018939 6.99828e-15
0.01754 0.00191765 4.39027e-15
0.0177305 0.00194059 9.86908e-16
0.0179244 0.00196279 -7.32454e-15
0.0181182 0.0019842 -3.08703e-14
0.0183042 0.00200449 -5.84585e-14
0.018486 0.00202373 -1.14683e-13
0.0186694 0.00204219 -8.48014e-14
0.0188609 0.00206029 -1.94876e-13
0.0190545 0.00207774 -4.07458e-13
0.0192507 0.00209463 -5.15098e-13
0.0194143 0.00211388 -4.01425e-13
0.019542 0.00213505 -1.19322e-13
0.0196704 0.0021556 -1.53742e-13
0.0198014 0.00217561 -1.64693e-13
0.0199352 0.00219514 -1.55268e-13
0.0200721 0.00221424 -1.52436e-13
0.0202044 0.00223263 -1.54161e-13
0.0203269 0.00225003 -1.51629e-13
0.0204446 0.0022666 -1.55947e-13
0.0205606 0.00228244 -9.38757e-14
0.0206836 0.00229809 -1.17838e-13
0.020807 0.00231317 -9.65982e-14
0.0209313 0.00232775 2.67526e-14
0.0210567 0.00234188 -1.3481e-14
0.0211835 0.0023556 4.42592e-15
0.0213119 0.00236896 1.51494e-14
0.021442 0.002382 -3.07464e-15
0.0215737 0.00239473 1.43296e-13
0.0217072 0.00240718 2.60666e-13
0.0218424 0.00241938 3.1922e-13
0.0219792 0.00243133 9.09372e-14
0.0221231 0.00244365 1.53812e-13
0.0222736 0.00245637 -1.27256e-15
0.0224267 0.00246907 -1.00659e-15
0.0225438 0.00248352 3.20801e-14
0.0226492 0.00249922 5.83635e-14
0.0227545 0.00251488 1.05618e-13
0.0228599 0.00253048 1.43927e-13
0.0229633 0.00254597 1.32692e-13
0.0230554 0.00256118 2.25407e-13
0.0231375 0.00257599 5.79492e-14
0.0232119 0.00259032 1.83593e-14
0.0232816 0.00260417 2.48291e-15
0.0233602 0.00261809 -1.18366e-13
0.0234372 0.00263161 -7.52655e-13
0.0235132 0.00264482 -2.64917e-13
0.0235887 0.0026577 -1.07232e-11
0.0236641 0.00267029 -1.10331e-11
0.02374 0.00268264 -1.18273e-11
0.0238166 0.00269476 -1.30466e-11
0.0238941 0.00270669 -1.01206e-11
0.0239728 0.00271846 -1.16861e-11
0.0240528 0.00273008 -1.30998e-11
0.0241341 0.00274159 -1.5024e-11
0.0242167 0.00275298 -1.73058e-11
0.0243007 0.00276428 -1.9643e-11
0.0243861 0.00277549 -2.20787e-11
0.0244728 0.00278663 -2.44668e-11
0.0245608 0.00279769 -2.68531e-11
0.02465 0.00280869 -2.88835e-11
0.0247404 0.00281962 -3.07375e-11
0.024832 0.00283049 -3.23398e-11
0.0249246 0.0028413 -3.3583e-11
0.0250183 0.00285205 -3.45212e-11
0.025113 0.00286274 -3.48519e-11
0.0252086 0.00287337 -3.49963e-11
0.0253051 0.00288394 -3.4779e-11
0.025402 0.00289442 -3.44616e-11
0.0254916 0.0029044 -3.49719e-11
0.0255752 0.00291392 -3.36425e-11
0.0256536 0.00292302 -2.69245e-11
0.025728 0.00293174 -2.45936e-11
0.0257996 0.00294014 -2.47015e-11
0.0258712 0.0029484 -2.45598e-11
0.0259506 0.00295706 -2.44462e-11
0.0260297 0.00296557 -2.43024e-11
0.0261088 0.00297395 -2.42133e-11
0.0261878 0.00298221 -2.42448e-11
0.0262672 0.00299038 -1.91417e-11
0.0263469 0.00299847 -2.24288e-11
0.0264272 0.00300649 -2.34524e-11
0.0265081 0.00301444 -2.33466e-11
0.0265899 0.00302235 -2.32692e-11
0.0266724 0.00303021 -2.30957e-11
0.0267558 0.00303804 -2.31274e-11
0.0268402 0.00304584 -2.30381e-11
0.0269255 0.00305361 -2.30708e-11
0.0270118 0.00306136 -2.28401e-11
0.027099 0.00306908 -2.27496e-11
0.0271872 0.00307678 -2.26915e-11
0.027276 0.00308448 -2.01764e-11
0.0273189 0.00309465 -2.2382e-11
0.0273602 0.0031048 -1.93399e-11
0.0273998 0.00311492 -2.0574e-11
0.0274377 0.00312497 -2.06837e-11
0.0274741 0.00313493 -2.19873e-11
0.027509 0.00314478 -2.08017e-11
0.0275423 0.00315448 -2.13142e-11
0.0275742 0.00316402 -2.03976e-11
0.0276047 0.00317339 -2.05473e-11
0.0276339 0.00318256 -2.10626e-11
0.027662 0.00319153 -2.07939e-11
0.0276899 0.00320033 -2.14254e-11
0.0277175 0.00320896 -2.08569e-11
0.0277449 0.00321743 -2.10955e-11
0.0277722 0.00322573 -2.07477e-11
0.0277994 0.00323387 -2.07596e-11
0.0278265 0.00324185 -2.33459e-11
0.0278534 0.00324968 -2.09878e-11
0.0278803 0.00325735 -2.0337e-11
0.0279072 0.00326488 -2.02118e-11
0.027934 0.00327226 -2.04796e-11
0.0279608 0.00327952 -2.11134e-11
0.0279876 0.00328663 -2.07308e-11
0.0280143 0.00329363 -2.07382e-11
0.0280411 0.0033005 -2.11393e-11
0.0280659 0.00330714 -2.07976e-11
0.0280854 0.0033133 -2.02048e-11
0.0281011 0.00331906 -2.02151e-11
0.0281136 0.00332441 -2.00691e-11
0.0281233 0.00332938 -1.99994e-11
0.0281308 0.003334 -2.01109e-11
0.0281369 0.0033383 -2.07349e-11
0.0281467 0.0033428 -2.09224e-11
0.0281576 0.00334725 -2.08614e-11
0.0281681 0.00335149 -2.05192e-11
0.0281781 0.00335555 -2.04427e-11
0.0281878 0.00335945 -2.04825e-11
0.0281974 0.00336319 -2.10462e-11
0.0282069 0.0033668 -2.27632e-11
0.0282163 0.00337029 -1.81562e-11
0.0282258 0.00337368 -1.89724e-11
0.0282355 0.00337697 -2.04382e-11
0.0282454 0.00338018 -2.02322e-11
0.0282555 0.00338332 -1.98554e-11
0.0282659 0.0033864 -2.05235e-11
0.0282766 0.00338943 -1.98725e-11
0.0282876 0.00339241 -2.03302e-11
0.028299 0.00339536 -2.02623e-11
0.0283107 0.00339828 -1.98554e-11
0.0283228 0.00340118 -1.98553e-11
0.0283352 0.00340405 -2.00103e-11
0.0283481 0.00340691 -2.06097e-11
0.0283612 0.00340976 -2.00355e-11
0.0283748 0.0034126 -2.05693e-11
0.0283887 0.00341543 -1.99976e-11
0.0284029 0.00341826 -1.93514e-11
0.0284175 0.00342108 -1.98099e-11
0.0284324 0.0034239 -2.03167e-11
0.0284476 0.00342672 -2.01321e-11
0.0284632 0.00342955 -2.05707e-11
