0 0 0
-42.9197 2.68337 1.22522e-17
-85.8351 5.36674 -6.8916e-17
-128.746 8.05012 -1.21357e-16
-171.653 10.7335 2.27784e-16
-214.555 13.4169 1.67895e-16
-257.453 16.1003 -1.99897e-16
-300.347 18.7837 -6.81462e-17
-343.237 21.4671 5.55389e-18
-371.644 22.7153 1.6729e-13
-371.953 21.0159 4.25697e-13
-372.242 19.4329 -6.70796e-14
-372.517 18.1044 -2.26246e-13
-372.807 16.9604 -2.72592e-12
-373.119 16.1282 1.5911e-13
-373.49 15.4442 -1.11976e-13
-373.935 14.7994 4.07479e-13
-374.453 14.2041 -9.38251e-13
-375.026 13.7574 2.11126e-13
-375.663 13.624 1.47115e-13
-376.38 13.475 1.36593e-13
-377.17 13.3166 7.06516e-14
-378.029 13.1528 7.38689e-14
-378.951 12.9862 7.79982e-14
-376.823 12.5022 1.10075e-12
-360.115 10.9179 1.67232e-13
-342.849 9.55998 -4.57588e-11
-323.2 8.63671 -1.01623e-12
-301.877 7.90721 1.99076e-12
-283.478 7.41422 2.15459e-12
-267.965 7.05218 1.2981e-12
-254.789 6.73891 -2.232e-11
-243.992 6.55279 1.40222e-10
-234.902 6.42111 2.01053e-10
-226.183 6.53872 6.53277e-11
-218.538 6.59784 2.02092e-11
-212.003 6.63589 -7.82659e-11
-206.303 6.64468 -3.29089e-11
-201.325 6.65728 5.59732e-11
-196.868 6.64393 -8.49647e-11
-192.812 6.59089 -3.87001e-11
-189.156 6.53367 2.39351e-10
-185.661 6.59389 -1.95752e-11
-182.399 6.67863 1.72688e-09
-179.432 6.73284 2.35748e-09
-176.724 6.76482 3.18069e-09
-174.238 6.77902 6.01468e-09
-171.911 6.75964 3.24497e-09
-169.736 6.71513 -8.54112e-10
-167.724 6.66839 -7.1655e-10
-165.863 6.62611 -1.51979e-09
-164.126 6.58048 -2.94881e-09
-162.459 6.57074 -7.52961e-09
-160.808 6.61113 -5.01536e-09
-159.261 6.63331 -7.64498e-10
-157.81 6.64343 -1.50153e-10
-156.448 6.64609 1.59554e-10
-155.159 6.63677 -1.89703e-10
-153.92 6.59931 7.48949e-10
-152.737 6.54558 4.95789e-10
-151.617 6.48904 7.90614e-09
-150.557 6.43678 1.38964e-08
-149.549 6.38139 2.09321e-08
-148.589 6.32503 3.63368e-08
-147.674 6.26924 4.23425e-08
-146.8 6.21495 3.50047e-08
-145.966 6.16281 5.15047e-08
-145.167 6.11305 7.68087e-08
-144.402 6.06572 1.13258e-07
-143.669 6.02078 3.56989e-08
-142.969 5.98992 2.16288e-08
-142.299 5.97752 -6.92891e-09
-141.641 5.97347 -4.24503e-09
-140.987 6.01483 2.2279e-08
-140.358 6.05159 2.71294e-08
-139.75 6.08372 5.23654e-08
-139.16 6.10826 2.88547e-08
-138.581 6.11844 1.1215e-07
-138.016 6.11465 -7.38878e-08
-137.465 6.09888 3.07275e-08
-136.938 6.08886 1.72814e-08
-136.427 6.07248 -1.37946e-08
-135.931 6.05114 4.48112e-09
-135.45 6.02652 3.52981e-08
-134.984 5.9999 9.47944e-09
-134.532 5.97252 1.41199e-08
-134.094 5.94526 1.68445e-08
-133.669 5.91879 1.98762e-08
-133.256 5.89357 2.10929e-08
-132.856 5.86985 2.58344e-08
-132.466 5.84776 3.34815e-08
-132.088 5.82732 2.38557e-08
-131.72 5.8085 3.19145e-08
-131.363 5.79118 2.80542e-08
-131.014 5.77525 3.06967e-08
-130.675 5.76056 1.98954e-08
-130.344 5.74698 3.53432e-08
-130.022 5.73437 1.94989e-08
-129.707 5.72258 1.14938e-08
-129.4 5.7115 1.85975e-08
-129.1 5.70101 4.73193e-09
-128.805 5.68276 8.20151e-09
-128.515 5.65527 -2.95621e-09
-128.229 5.62118 -1.01238e-08
-127.948 5.58262 -6.19554e-09
-127.672 5.54178 -8.16435e-09
-127.404 5.51265 -8.99884e-09
-127.142 5.48585 -3.60373e-09
-126.885 5.4593 -2.45615e-08
-126.634 5.43358 -1.96184e-08
-126.387 5.4088 -9.02656e-09
-126.146 5.38525 1.25858e-08
-125.909 5.3631 6.36789e-09
-125.678 5.34249 2.18616e-09
-125.451 5.32344 -3.40437e-09
-125.228 5.30591 -2.27743e-09
-125.01 5.28984 -4.5987e-09
-124.796 5.27518 -1.85257e-08
-124.586 5.26183 5.08532e-10
-124.38 5.24967 1.24037e-08
-124.172 5.25902 1.39602e-08
-123.964 5.28142 -7.50756e-08
-123.759 5.30091 1.0623e-08
-123.557 5.31714 6.14655e-08
-123.359 5.32979 8.10095e-08
-123.163 5.33869 -6.80348e-08
-122.971 5.34367 -5.64502e-08
-122.782 5.34469 -2.54731e-08
-122.596 5.3424 2.27991e-08
-122.412 5.33755 -7.46929e-08
-122.232 5.33016 1.17029e-08
-122.055 5.32056 -1.5259e-08
-121.881 5.30898 -1.11562e-07
-121.709 5.29572 1.56667e-09
-121.54 5.28091 -1.46055e-07
-121.374 5.26479 1.08788e-07
-121.21 5.24759 5.15511e-08
-121.049 5.22947 -2.69689e-08
-120.89 5.21064 1.08605e-08
-120.733 5.19123 -5.07951e-08
-120.579 5.17141 -4.66212e-08
-120.427 5.15129 -6.22786e-08
-120.277 5.12707 7.07009e-08
-120.128 5.09645 4.85754e-08
-119.981 5.06094 6.51444e-08
-119.835 5.02138 3.73965e-08
-119.691 4.97883 -4.42849e-10
-119.548 4.93446 -4.96135e-08
-119.409 4.89942 -7.92466e-08
-119.271 4.86379 -1.17009e-07
-119.135 4.82792 1.84341e-07
-119 4.79218 3.25883e-07
-118.868 4.75696 1.07871e-07
-118.737 4.72244 2.65449e-07
-118.608 4.68884 2.11173e-07
-118.48 4.65644 7.70813e-09
-118.354 4.62529 -2.99258e-08
-118.23 4.59561 -4.46238e-08
-118.107 4.56741 9.94492e-09
-117.986 4.54077 1.12614e-07
-117.866 4.51569 -8.09676e-08
-117.748 4.49217 4.37622e-08
-117.632 4.47019 -3.30738e-08
-117.516 4.4497 -4.34677e-08
-117.403 4.43066 -1.26912e-07
-117.29 4.41301 -9.14617e-08
-117.179 4.3967 4.44841e-08
-117.069 4.38164 -7.11239e-08
-116.96 4.36779 -5.81978e-08
-116.853 4.35506 -3.1346e-08
-116.747 4.3434 8.42696e-08
-116.642 4.33273 1.19139e-07
-116.539 4.32299 2.10316e-08
-116.436 4.31414 2.73347e-08
-116.335 4.30606 -1.24928e-07
-116.234 4.29873 -2.79544e-09
-116.135 4.29209 3.92235e-08
-116.037 4.28608 3.51239e-08
-115.94 4.28066 6.037e-10
-115.843 4.27579 1.13139e-07
-115.748 4.27141 1.88862e-08
-115.654 4.26748 1.4768e-08
-115.561 4.26397 -2.02442e-08
-115.469 4.26084 4.18662e-10
-115.377 4.25806 2.31533e-08
-115.287 4.2556 -8.226e-09
-115.197 4.25342 -4.07327e-08
-115.108 4.25151 -7.07978e-08
-115.02 4.24983 -5.42142e-08
-114.933 4.24836 -4.72038e-08
-114.847 4.24708 -8.64142e-08
-114.762 4.24598 -1.77948e-07
-114.677 4.24503 4.03525e-08
-114.593 4.24421 -4.31776e-08
-114.51 4.24352 3.11328e-08
-114.428 4.24293 -8.14297e-08
-114.346 4.24243 6.33893e-08
-114.265 4.24202 7.51508e-08
-114.185 4.24168 1.39599e-07
-114.105 4.2414 9.93847e-09
-114.027 4.24117 -1.3277e-07
