0 0 0
42.7427 2.67203 -2.92168e-17
85.4899 5.34406 1.63329e-17
128.241 8.0161 -2.57412e-16
170.998 10.6881 -5.51832e-16
213.758 13.3602 -6.71494e-16
256.523 16.0323 -3.52332e-16
299.293 18.7043 -1.00871e-15
342.067 21.3764 1.07905e-15
371.625 22.8177 2.84055e-14
371.88 21.4214 -4.42418e-13
372.115 20.1151 3.96098e-13
372.336 18.9304 1.38796e-12
372.529 18.0582 1.12974e-12
372.762 17.0829 -1.11781e-12
372.998 16.3163 5.71677e-13
373.241 15.8063 5.65121e-14
373.522 15.3171 -1.93029e-13
373.844 14.8493 -5.77808e-14
374.207 14.4022 -8.94837e-14
374.61 13.9786 1.13177e-14
375.064 13.5802 -6.64072e-14
375.522 13.5109 -6.31321e-14
376.025 13.4257 -5.3554e-14
376.57 13.3289 -5.48105e-14
377.156 13.2237 -2.22279e-14
377.78 13.1126 -4.37183e-14
378.441 12.9976 -4.42917e-14
379.136 12.8801 -3.55597e-14
379.834 12.8313 -5.52555e-12
380.421 13.0358 1.7041e-11
380.914 13.2972 -1.05006e-11
381.465 13.2818 6.17637e-10
382.039 13.1051 -3.5744e-11
382.386 13.7866 -1.63776e-11
382.724 14.2697 -7.95178e-11
383.106 14.4616 -7.31241e-11
383.539 14.4165 -7.41011e-11
383.994 14.2314 -5.00585e-11
384.461 13.9465 -1.1439e-10
384.955 13.5694 -1.0385e-10
385.481 13.13 4.78829e-11
386.027 12.6635 1.82931e-10
386.535 12.4275 -1.6091e-10
386.881 12.8288 1.02847e-11
387.228 13.1454 -4.77725e-10
387.592 13.3495 1.56593e-11
387.981 13.4412 -7.87576e-12
388.387 13.4475 1.54973e-10
388.817 13.3757 -3.30998e-11
389.269 13.2442 -8.4351e-12
389.724 13.0851 -5.29859e-11
390.173 12.9097 -5.34652e-11
390.624 12.7095 6.39957e-11
391.085 12.4814 -9.30502e-11
391.505 12.4379 9.02592e-10
391.795 12.8892 4.17164e-09
392.096 13.2501 4.61977e-09
392.408 13.5258 7.77121e-09
392.732 13.7235 1.16679e-08
393.07 13.8512 6.82332e-09
393.421 13.9187 1.30583e-08
393.766 13.9639 2.54725e-08
394.102 13.9901 5.02441e-08
394.438 13.9861 1.02867e-07
394.778 13.9438 5.94792e-07
395.142 13.8454 1.75731e-07
395.512 13.7193 1.35509e-06
395.89 13.5703 2.94042e-06
396.273 13.4026 -1.87535e-07
396.541 13.6418 -1.07631e-07
396.731 14.1091 2.8303e-08
396.929 14.5074 -3.70074e-09
397.136 14.8375 -6.78351e-09
397.355 15.1044 -7.18479e-09
397.584 15.3136 -6.64933e-09
397.825 15.4706 -5.74154e-09
398.061 15.6084 -4.86916e-09
398.278 15.7546 4.82817e-09
398.488 15.8851 -9.59535e-09
398.695 15.9902 -1.11214e-08
398.911 16.0532 -1.57257e-08
399.143 16.0653 -1.48388e-08
399.38 16.0484 -8.16556e-09
399.621 16.0057 -1.07508e-07
399.867 15.9397 -1.035e-07
400.118 15.8528 -2.55535e-08
400.373 15.7473 -2.57557e-08
400.633 15.6255 -2.62508e-08
400.897 15.4899 -2.85498e-08
401.166 15.3424 -3.48426e-08
401.438 15.1851 -3.95339e-08
401.713 15.0197 -4.67522e-08
401.991 14.8479 -5.5392e-08
402.273 14.6711 -3.52116e-08
402.575 14.4931 -2.05479e-08
402.881 14.3171 -1.46831e-08
403.191 14.144 -1.45385e-08
403.498 13.9922 -4.34323e-08
403.671 14.287 -4.73945e-09
403.846 14.5625 -2.80622e-08
404.021 14.819 -1.00681e-08
404.199 15.0567 -2.82901e-09
404.377 15.2759 1.09264e-08
404.536 15.5274 3.96491e-10
404.673 15.8119 1.19677e-08
404.791 16.1166 2.27682e-08
404.895 16.4287 -5.6487e-08
404.991 16.7356 6.80437e-09
405.111 16.9702 -2.45769e-09
405.233 17.1802 7.40722e-10
405.356 17.3719 -2.36551e-08
405.479 17.5452 2.17517e-08
405.605 17.6982 1.75546e-08
405.733 17.8308 1.21594e-08
405.864 17.9431 9.32925e-09
405.999 18.0354 1.66644e-08
406.138 18.1082 1.13525e-08
406.281 18.1624 1.59595e-08
406.429 18.199 1.02246e-08
406.581 18.2191 1.46479e-08
406.738 18.2238 1.40913e-08
406.899 18.2147 1.93302e-08
407.063 18.1929 1.06576e-08
407.232 18.1592 1.48347e-08
407.404 18.1153 1.38114e-08
407.579 18.0622 1.52644e-08
407.757 18.0007 1.57808e-08
407.939 17.932 2.07113e-08
408.123 17.8569 1.8957e-08
408.31 17.7762 1.62539e-08
408.499 17.6906 1.69702e-08
408.69 17.6009 1.78665e-08
408.883 17.5076 1.59342e-08
409.078 17.4113 1.62662e-08
409.275 17.3125 1.82281e-08
409.473 17.2116 1.5546e-08
409.673 17.109 1.85907e-08
409.87 17.0117 1.56389e-08
410.05 16.9434 1.68533e-08
410.218 16.8937 1.67587e-08
410.376 16.858 1.47721e-08
410.526 16.8315 1.56506e-08
410.669 16.8101 1.23879e-08
410.808 16.7899 1.24658e-08
410.952 16.7588 1.15857e-08
411.112 16.7008 5.29135e-09
411.271 16.6403 1.3877e-08
411.431 16.5773 1.39203e-08
411.591 16.5118 1.24245e-08
411.751 16.4436 1.01302e-08
411.912 16.3725 1.0444e-08
412.074 16.2987 5.01257e-08
412.237 16.2232 2.72767e-07
412.402 16.143 9.09531e-09
412.567 16.061 -4.17218e-08
412.734 15.9763 3.8525e-09
412.903 15.8894 3.5786e-09
413.073 15.8002 4.20129e-09
413.245 15.7091 -7.50227e-10
413.418 15.6162 4.60308e-09
413.593 15.5217 4.42959e-09
413.77 15.4259 4.11297e-09
413.948 15.3289 9.21633e-09
414.128 15.2309 2.83237e-09
414.309 15.1322 5.45585e-09
414.435 15.2173 -3.83971e-08
414.484 15.551 -1.30931e-07
414.53 15.8839 -7.47112e-08
414.572 16.2154 8.36594e-09
414.611 16.5451 -2.71016e-07
414.646 16.8721 1.98264e-07
414.678 17.1961 -1.08228e-07
414.708 17.5164 -4.3745e-08
414.735 17.8323 4.74199e-08
414.759 18.1433 1.05656e-11
414.781 18.4489 -3.45178e-08
414.8 18.7486 -2.20291e-08
414.818 19.0418 -7.62889e-09
414.834 19.3281 6.66981e-09
414.849 19.607 -1.91948e-08
414.863 19.878 -2.0207e-08
414.876 20.1395 -2.24865e-08
414.89 20.3893 -1.29361e-08
414.906 20.6274 -1.79781e-08
414.922 20.8543 -2.71793e-08
414.939 21.0701 -1.99982e-08
414.958 21.275 -7.48264e-09
414.978 21.4695 -6.70718e-08
414.999 21.6538 -2.02248e-07
415.022 21.828 2.0673e-07
415.046 21.9928 1.27545e-07
415.071 22.148 7.66047e-08
415.098 22.2943 1.28808e-07
415.126 22.4318 8.07111e-08
415.155 22.5609 1.04606e-08
415.18 22.6941 2.24846e-08
415.191 22.8538 1.179e-08
415.193 23.0279 -2.48896e-08
415.186 23.2131 -1.30702e-08
415.173 23.4058 1.70835e-08
