0 0 0
-42.9197 2.68337 -5.44712e-17
-85.8351 5.36674 2.09007e-16
-128.746 8.05012 -4.85306e-17
-171.653 10.7335 -4.04068e-16
-214.555 13.4169 5.04018e-17
-257.453 16.1003 2.92441e-16
-300.347 18.7837 3.3103e-17
-343.237 21.4671 -8.58379e-16
-371.62 22.8438 1.83868e-13
-371.857 21.5512 2.22808e-12
-372.071 20.3595 -2.6443e-12
-372.264 19.3235 -1.4913e-13
-372.458 18.3526 4.86175e-11
-372.649 17.5282 8.86742e-10
-372.855 16.7556 -6.4569e-10
-373.055 16.2309 -2.96885e-10
-373.279 15.773 3.46864e-10
-373.534 15.3336 -1.88041e-10
-373.82 14.9123 8.74642e-11
-374.138 14.5083 -6.11037e-11
-374.488 14.1209 2.51475e-11
-374.871 13.752 -1.64046e-10
-375.246 13.7026 -3.68854e-11
-375.668 13.6155 5.5485e-12
-376.124 13.5213 3.68571e-12
-376.612 13.4221 2.84308e-12
-377.132 13.3192 2.17907e-12
-377.681 13.2137 1.65101e-12
-378.258 13.1065 1.28787e-12
-378.861 12.9984 9.67871e-13
-379.198 12.854 7.15767e-13
-375.154 12.2919 -1.47111e-12
-365.279 11.2568 1.64738e-12
-353.535 10.2421 -9.92701e-12
-343.47 9.47978 2.26968e-12
-332.785 8.85753 -6.99163e-12
-320.342 8.43784 2.18934e-11
-307.921 8.02734 -9.17292e-13
-296.222 7.67612 2.28389e-11
-285.624 7.41451 -3.08079e-11
-276.017 7.20255 -2.27733e-11
-267.211 6.99911 6.40805e-12
-259.203 6.8125 -1.34018e-11
-252.008 6.66311 2.94273e-12
-245.576 6.55817 1.15805e-11
-239.753 6.47241 1.3643e-10
-234.463 6.40278 -6.73623e-11
-229.188 6.48412 -3.85244e-11
-224.237 6.55476 -3.38388e-10
-219.671 6.59913 1.5911e-11
-215.499 6.63291 -2.59771e-11
-211.671 6.65712 1.82005e-10
-208.133 6.66861 -6.16418e-11
-204.871 6.67898 -1.81169e-10
-201.852 6.68849 1.90293e-10
-199.037 6.69239 -4.60539e-10
-196.378 6.67597 -9.28721e-10
-193.866 6.64506 -2.60545e-09
-191.5 6.60598 -6.73855e-09
-189.281 6.57006 -3.71809e-08
-187.167 6.56222 -9.80136e-08
-185.038 6.63423 -2.51243e-07
-183.028 6.69106 -3.90831e-07
-181.13 6.7347 -7.10251e-07
-179.335 6.76739 -1.5339e-06
-177.635 6.79101 -3.38956e-06
-176.024 6.80725 -7.50697e-06
-174.493 6.81714 -1.66194e-05
-173.023 6.81334 -1.91683e-05
-171.611 6.79675 -4.55112e-05
-170.256 6.77032 -1.74282e-06
-168.958 6.73715 -5.00594e-06
-167.725 6.70867 -2.59736e-05
-166.549 6.68242 -0.000145659
-165.422 6.65408 4.57215e-06
-164.341 6.62447 2.85093e-05
-163.303 6.59447 4.0517e-05
-162.267 6.60017 2.9223e-05
-161.232 6.62868 8.48881e-05
-160.238 6.64968 5.65265e-06
-159.283 6.66427 5.95054e-06
-158.364 6.67379 1.10465e-05
-157.48 6.67923 2.22268e-05
-156.629 6.68156 4.65507e-05
-155.809 6.68157 2.40226e-05
-155.014 6.6738 5.1692e-05
-154.236 6.65263 -1.6836e-06
-153.48 6.6239 8.58434e-08
-152.745 6.58915 -4.63824e-06
-152.033 6.55005 -1.40223e-05
-151.347 6.51653 -0.00011824
-150.683 6.48294 2.55317e-06
-150.039 6.44777 4.35577e-05
-149.415 6.41172 3.32281e-05
-148.809 6.37533 3.9233e-05
-148.22 6.33893 2.50031e-06
-147.649 6.30294 1.57761e-06
-147.094 6.26756 1.80963e-06
-146.554 6.23298 2.60684e-06
-146.029 6.19928 3.82363e-06
-145.519 6.16657 6.45841e-06
-145.022 6.13486 1.07594e-05
-144.538 6.10416 1.75035e-05
-144.067 6.07445 2.76234e-05
-143.608 6.04695 4.28842e-05
-143.165 6.03555 5.63405e-05
-142.733 6.02583 4.82817e-05
-142.311 6.01781 -3.22372e-06
-141.9 6.01119 -4.29536e-06
-141.495 6.00751 -1.96145e-06
-141.082 6.03475 -2.4527e-06
-140.679 6.0603 -2.8509e-06
-140.284 6.08404 -3.51579e-06
-139.898 6.10601 -4.56295e-06
-139.521 6.12618 -6.17639e-06
-139.15 6.14355 -9.11609e-06
-138.784 6.15536 -9.90714e-06
-138.423 6.16172 -1.81757e-05
-138.066 6.16253 -1.94222e-05
-137.716 6.15807 9.0927e-06
-137.371 6.14892 -8.31867e-06
-137.036 6.14278 7.06429e-06
-136.708 6.13585 2.73418e-06
-136.386 6.12628 -5.65199e-05
-136.071 6.11447 -1.11453e-05
-135.761 6.10088 -1.67951e-05
-135.457 6.0859 -7.22382e-05
-135.159 6.06984 -7.21032e-05
-134.867 6.05304 -5.32125e-05
-134.58 6.03571 -2.64939e-05
-134.299 6.0183 -3.03936e-05
-134.023 6.00095 -3.65001e-05
-133.752 5.98382 -4.48645e-05
-133.486 5.96707 -5.48281e-05
-133.225 5.95079 -9.03574e-06
-132.969 5.93507 -1.09262e-05
-132.718 5.91993 -8.70101e-06
-132.471 5.90546 -1.17104e-05
-132.228 5.89169 -2.33439e-05
-131.99 5.87855 -2.85443e-05
-131.755 5.86601 -2.27504e-05
-131.525 5.85414 -2.92141e-05
-131.299 5.84286 -5.07722e-06
-131.076 5.83216 -6.73689e-06
-130.857 5.822 -8.76076e-06
-130.642 5.81233 -1.11116e-05
-130.43 5.80313 -1.37841e-05
-130.221 5.79436 -1.67179e-05
-130.016 5.78598 -1.99006e-05
-129.814 5.77796 -2.32109e-05
-129.615 5.77026 -2.65576e-05
-129.419 5.76286 -2.90879e-05
-129.226 5.75571 -3.41464e-06
-129.036 5.74879 -3.78749e-06
-128.848 5.7405 -4.53136e-06
-128.662 5.72707 -5.6321e-06
-128.477 5.71013 -7.46072e-06
-128.294 5.69016 -1.01781e-05
-128.113 5.66768 -7.21116e-06
-127.934 5.64331 -2.89086e-06
-127.757 5.61761 5.5033e-06
-127.583 5.59116 4.41619e-06
-127.411 5.56914 2.96169e-06
-127.242 5.5518 3.0361e-06
-127.076 5.53437 3.05544e-06
-126.911 5.51705 3.04481e-06
-126.749 5.49989 3.03648e-06
-126.589 5.48304 3.01958e-06
-126.431 5.46659 3.00367e-06
-126.275 5.45057 2.99269e-06
-126.121 5.43509 2.96308e-06
-125.969 5.42015 3.05489e-06
-125.818 5.40592 2.84354e-06
-125.67 5.39223 3.06577e-06
-125.524 5.3792 2.93894e-06
-125.379 5.36677 2.85799e-06
-125.236 5.35501 2.8e-06
-125.095 5.34387 2.76923e-06
-124.956 5.33331 2.73262e-06
-124.818 5.32337 2.70119e-06
-124.682 5.314 2.67344e-06
-124.548 5.30517 2.64321e-06
-124.415 5.29685 2.601e-06
-124.284 5.28901 2.57823e-06
-124.155 5.28162 2.54829e-06
-124.026 5.27464 2.52211e-06
-123.897 5.28163 1.91594e-06
-123.766 5.29756 1.88502e-06
-123.636 5.31262 1.79114e-06
-123.508 5.32668 1.79169e-06
-123.381 5.33969 1.70029e-06
-123.255 5.35157 1.83475e-06
-123.131 5.36223 1.77375e-06
-123.008 5.37165 1.62994e-06
-122.886 5.37976 1.40617e-06
-122.765 5.38653 1.57075e-06
-122.645 5.39192 1.53076e-06
-122.527 5.39593 1.51453e-06
-122.41 5.39855 1.42532e-06
-122.293 5.39979 1.3727e-06
