0 0
-0.000494736 1.25
-0.00197894 2.5
-0.00445263 3.75
-0.00791579 5
-0.0123684 6.25
-0.0178106 7.5
-0.0242422 8.75
-0.0316634 10
-0.0397343 11.25
-0.0492062 12.5
-0.0595063 13.75
-0.070641 15
-0.0831544 16.25
-0.0966897 17.5
-0.110339 18.75
-0.125862 20
-0.14241 21.25
-0.159983 22.5
-0.17858 23.75
-0.198202 25
-0.218363 26.25
-0.237156 27.5
-0.259637 28.75
-0.283148 30
-0.307688 31.25
-0.333256 32.5
-0.359852 33.75
-0.387473 35
-0.416312 36.25
-0.46252 37.5
-0.539779 38.75
-0.629144 40
-0.716686 41.25
-0.81725 42.5
-0.94152 43.75
-1.07111 45
-1.19728 46.25
-1.32115 47.5
-1.4464 48.75
-1.57252 50
-1.69609 51.25
-1.81607 52.5
-1.93421 53.75
-2.05772 55
-2.19918 56.25
-2.34303 57.5
-2.4869 58.75
-2.62911 60
-2.77116 61.25
-2.91208 62.5
-3.05142 63.75
-3.19115 65
-3.33358 66.25
-3.47767 67.5
-3.62246 68.75
-3.76454 70
-3.92627 71.25
-4.08988 72.5
-4.25394 73.75
-4.41829 75
-4.58279 76.25
-4.74737 77.5
-4.9128 78.75
-5.08121 80
-5.25198 81.25
-5.42435 82.5
-5.59655 83.75
-5.76774 85
-5.9394 86.25
-6.11145 87.5
-6.28385 88.75
-6.47002 90
-6.66348 91.25
-6.8576 92.5
-7.05222 93.75
-7.24725 95
-7.44261 96.25
-7.63826 97.5
-7.83579 98.75
-8.03727 100
-8.24124 101.25
-8.44717 102.5
-8.65415 103.75
-8.86021 105
-9.06721 106.25
-9.27508 107.5
-9.48374 108.75
-9.69316 110
-9.90328 111.25
-10.1141 112.5
-10.3255 113.75
-10.5376 115
-10.7503 116.25
-10.9636 117.5
-11.1776 118.75
-11.3923 120
-11.6062 121.25
-11.8194 122.5
-12.0331 123.75
-12.2472 125
-12.4682 126.25
-12.6974 127.5
-12.9278 128.75
-13.1592 130
-13.3916 131.25
-13.6253 132.5
-13.8628 133.75
-14.1038 135
-14.348 136.25
-14.5951 137.5
-14.8444 138.75
-15.0923 140
-15.3414 141.25
-15.5919 142.5
-15.8436 143.75
-16.0966 145
-16.3506 146.25
-16.6057 147.5
-16.8617 148.75
-17.1187 150
-17.3764 151.25
-17.635 152.5
-17.8944 153.75
-18.1546 155
-18.4156 156.25
-18.6773 157.5
-18.9398 158.75
-19.2031 160
-19.4672 161.25
-19.732 162.5
-19.9977 163.75
-20.2642 165
-20.5315 166.25
-20.7996 167.5
-21.0686 168.75
-21.3385 170
-21.6092 171.25
-21.8807 172.5
-22.1532 173.75
-22.4266 175
-22.7008 176.25
-22.9766 177.5
-23.2554 178.75
-23.5368 180
-23.8205 181.25
-24.1064 182.5
-24.3942 183.75
-24.6837 185
-24.9743 186.25
-25.2636 187.5
-25.5542 188.75
-25.8459 190
-26.1388 191.25
-26.4327 192.5
-26.7278 193.75
-27.0238 195
-27.3209 196.25
-27.619 197.5
-27.918 198.75
-28.2179 200
-28.5188 201.25
-28.8207 202.5
-29.1234 203.75
-29.4271 205
-29.7316 206.25
-30.0371 207.5
-30.3435 208.75
-30.6507 210
-30.9589 211.25
-31.2681 212.5
-31.5858 213.75
-31.9097 215
-32.2352 216.25
-32.5621 217.5
-32.8905 218.75
-33.2205 220
-33.5519 221.25
-33.8848 222.5
-34.2191 223.75
-34.5549 225
-34.8922 226.25
-35.2309 227.5
-35.5711 228.75
-35.9127 230
-36.2557 231.25
-36.6001 232.5
-36.9459 233.75
-37.293 235
-37.6413 236.25
-37.9908 237.5
-38.3415 238.75
-38.6934 240
-39.0465 241.25
-39.4008 242.5
-39.7563 243.75
-40.113 245
-40.4708 246.25
-40.8298 247.5
-41.19 248.75
-41.5514 250
