0 0 0
0.00022471 3.65237e-05 6.99731e-22
0.000449443 7.30475e-05 1.13175e-21
0.0006742 0.000109571 -1.98562e-21
0.00089898 0.000146095 9.29802e-21
0.00112378 0.000182619 6.00017e-21
0.00134861 0.000219143 -1.64839e-20
0.00157346 0.000255668 -2.27688e-21
0.00179834 0.000292192 -3.96201e-21
0.00205443 0.000330545 3.96984e-19
0.00239667 0.000373073 -4.78225e-18
0.00275155 0.000415622 -3.18006e-18
0.00311209 0.000458227 -6.51491e-18
0.00348268 0.000499635 -6.65743e-17
0.00385542 0.000542251 -6.12789e-17
0.0042287 0.000581398 5.51511e-16
0.00460707 0.000621181 1.57839e-16
0.00498665 0.000662595 -4.87408e-17
0.00536631 0.000702813 1.02984e-16
0.00574603 0.000741875 2.55534e-17
0.00612582 0.000779818 6.03723e-17
0.00650565 0.000816681 3.73782e-17
0.00688553 0.000852501 4.66194e-17
0.00726972 0.000887755 3.95584e-17
0.00765838 0.000926153 3.95051e-17
0.00804079 0.000964584 3.72815e-17
0.00842314 0.00100267 3.5956e-17
0.00880543 0.0010404 3.46877e-17
0.00918766 0.00107777 3.34661e-17
0.00956952 0.00111473 3.24127e-17
0.00995126 0.00115132 3.13093e-17
0.0103324 0.00118748 3.04697e-17
0.0107136 0.00122326 2.97632e-17
0.0110766 0.00125852 2.53052e-18
0.0113869 0.0012918 1.67206e-16
0.0116459 0.0013217 6.84594e-17
0.0119045 0.00134928 -1.57725e-17
0.0121651 0.00137484 1.66978e-16
0.0124136 0.00139927 -2.99262e-17
0.0126008 0.00142725 6.08777e-16
0.0127764 0.00145276 -4.39063e-17
0.0129509 0.001476 -1.05561e-15
0.0131342 0.00149771 -1.20035e-16
0.0133225 0.00151796 -5.41016e-16
0.0135095 0.00153659 8.96876e-16
0.0136955 0.00155371 -2.30641e-16
0.0138839 0.0015696 7.76858e-17
0.0140827 0.00158507 9.57241e-16
0.0142872 0.00159988 5.63456e-16
0.0144965 0.0016141 1.85688e-15
0.0147035 0.00162878 -6.57281e-16
0.0148617 0.00164835 5.99681e-16
0.0150158 0.00166735 4.71325e-16
0.0151682 0.00168569 2.86936e-16
0.0153247 0.00170353 3.44641e-17
0.0154845 0.00172085 5.64333e-16
0.0156461 0.00173756 2.64797e-15
0.0158125 0.00175389 7.16238e-15
0.0159832 0.00176989 1.65706e-15
0.0161574 0.00178551 9.01568e-15
0.0163293 0.00180049 4.41454e-15
0.0164981 0.00181474 3.05535e-15
0.0166658 0.00182837 5.65157e-15
0.0168338 0.00184146 1.17278e-14
0.017008 0.00185446 -3.52623e-13
0.0171581 0.00186941 5.85131e-13
0.0172858 0.00188666 -5.6214e-13
0.0174141 0.00190355 -1.33114e-12
0.0175433 0.00192006 -2.62522e-12
0.0176738 0.00193621 -4.85138e-12
0.0178058 0.001952 -1.0951e-11
0.0179395 0.00196745 -2.50423e-11
0.0180749 0.00198258 -5.71077e-11
0.0182081 0.00199726 -1.45391e-10
0.0183374 0.00201142 -1.7634e-10
0.0184642 0.00202507 -4.32762e-11
0.0185897 0.00203823 -5.32316e-11
0.0187155 0.00205099 -2.04093e-10
0.0188479 0.00206374 -1.07889e-10
0.0189813 0.00207616 -1.40057e-10
0.0191158 0.00208828 -1.74059e-10
0.0192517 0.00210013 -2.34081e-10
0.0193888 0.00211173 -1.04146e-10
0.0195009 0.00212519 -8.51761e-11
0.0195901 0.00214 -9.28491e-11
0.0196799 0.00215454 -1.06881e-10
0.0197705 0.00216881 -1.39822e-10
0.0198622 0.00218283 -2.13431e-10
0.0199552 0.00219662 -2.60638e-10
0.0200495 0.00221019 -1.60099e-10
0.0201453 0.00222357 -1.57326e-10
0.0202419 0.00223674 -2.86085e-10
0.0203319 0.00224938 -4.9114e-11
0.0204176 0.00226158 -1.22705e-10
0.0205008 0.00227337 -1.2327e-10
0.0205822 0.00228476 -1.09852e-10
0.0206628 0.00229579 -8.74147e-11
0.0207486 0.00230684 5.20771e-11
0.0208347 0.00231761 8.14829e-10
0.0209212 0.00232813 5.27123e-10
0.021008 0.00233841 2.1497e-10
0.0210954 0.00234846 1.79653e-10
0.0211835 0.0023583 1.09777e-10
0.0212722 0.00236794 1.07181e-10
0.0213617 0.00237741 1.1203e-10
0.021452 0.00238672 1.28046e-10
0.0215432 0.00239587 1.57711e-10
0.0216353 0.00240487 1.96551e-10
0.0217282 0.00241373 2.7791e-10
0.021822 0.00242246 4.35142e-10
0.0219166 0.00243107 1.39435e-10
0.0220121 0.00243956 1.14686e-10
0.0221111 0.00244822 2.10212e-10
0.022215 0.00245723 2.33852e-10
0.0223202 0.00246623 3.01032e-10
0.0224268 0.00247522 4.47813e-10
0.0225346 0.0024842 1.54176e-10
0.0226436 0.00249317 1.4856e-10
0.0227238 0.00250366 1.50073e-10
0.022799 0.00251472 1.40836e-10
0.0228741 0.00252578 1.32517e-10
0.0229492 0.00253682 1.19613e-10
0.0230242 0.00254783 9.63741e-11
0.0230993 0.00255882 5.96391e-11
0.0231699 0.00256972 4.86043e-11
0.0232347 0.00258048 -7.37879e-11
0.0232946 0.00259107 1.02069e-10
0.0233503 0.00260144 9.29245e-11
0.0234027 0.00261158 6.98891e-11
0.0234525 0.00262148 1.29904e-10
0.0235069 0.0026314 8.14679e-11
0.0235626 0.00264123 6.74513e-11
0.0236176 0.0026509 1.07646e-10
0.0236721 0.00266039 3.08856e-10
0.0237262 0.00266972 7.10886e-10
0.02378 0.00267891 1.03763e-09
0.0238339 0.00268795 5.63556e-10
0.0238879 0.00269687 4.80167e-10
0.0239421 0.00270567 4.50014e-10
0.0239967 0.00271435 4.45842e-10
0.0240517 0.00272294 4.90997e-10
0.0241072 0.00273144 5.9439e-10
0.0241633 0.00273986 3.53224e-10
0.02422 0.00274821 3.66097e-10
0.0242774 0.00275649 3.84768e-10
0.0243354 0.00276472 4.09808e-10
0.0243941 0.00277289 4.42475e-10
0.0244534 0.00278101 4.15311e-10
0.0245135 0.00278909 4.5536e-10
0.0245742 0.00279712 6.72433e-10
0.0246356 0.00280512 4.18611e-10
0.0246977 0.00281307 4.01946e-10
0.0247603 0.002821 4.19919e-10
0.0248237 0.00282888 4.4416e-10
0.0248876 0.00283674 4.75826e-10
0.0249521 0.00284457 5.57055e-10
0.0250172 0.00285236 4.10277e-10
0.0250828 0.00286013 4.18902e-10
0.025149 0.00286786 4.29863e-10
0.0252157 0.00287557 4.43119e-10
0.0252829 0.00288324 4.5854e-10
0.0253506 0.00289089 4.76295e-10
0.0254188 0.0028985 4.96069e-10
0.0254874 0.00290609 5.17675e-10
0.0255565 0.00291365 5.79028e-10
0.0256259 0.00292117 4.05904e-10
0.025691 0.00292841 4.4424e-10
0.0257529 0.00293542 4.53934e-10
0.0258119 0.00294221 4.6952e-10
0.0258684 0.00294879 4.93258e-10
0.0259228 0.00295518 4.98018e-10
0.0259754 0.00296138 5.13724e-10
0.0260267 0.00296744 4.42048e-10
0.026077 0.00297336 4.26245e-10
0.0261311 0.00297946 4.21216e-10
0.026188 0.00298568 4.18674e-10
0.0262446 0.00299182 4.16857e-10
0.0263012 0.0029979 4.15292e-10
0.0263578 0.00300392 4.13734e-10
0.0264144 0.00300987 4.12269e-10
0.0264711 0.00301578 4.10824e-10
0.026528 0.00302165 4.09396e-10
0.0265851 0.00302747 4.0791e-10
0.0266425 0.00303326 4.06496e-10
0.0267002 0.00303902 4.05072e-10
0.0267583 0.00304476 4.00894e-10
0.0268168 0.00305048 3.9313e-10
0.0268756 0.00305615 3.99412e-10
0.0269349 0.00306181 3.98845e-10
0.0269947 0.00306746 3.97861e-10
0.0270549 0.00307309 3.96727e-10
0.0271156 0.00307871 3.95582e-10
0.0271768 0.00308432 3.94648e-10
0.0272385 0.00308991 3.93062e-10
0.0273007 0.00309549 3.91917e-10
0.0273634 0.00310106 3.90557e-10
0.0274265 0.00310662 3.89386e-10
0.0274902 0.00311217 3.88543e-10
0.0275543 0.00311771 3.8704e-10
0.0276189 0.00312324 3.86148e-10
0.0276631 0.00312998 3.52169e-10
