0 0 0
-0.000224688 3.6524e-05 -8.63033e-22
-0.000449352 7.3048e-05 1.34659e-22
-0.000673994 0.000109572 2.83301e-21
-0.000898614 0.000146096 -2.48633e-22
-0.00112321 0.00018262 4.38953e-21
-0.00134779 0.000219145 -1.23807e-20
-0.00157234 0.000255669 -1.45274e-20
-0.00179687 0.000292194 -7.39204e-23
-0.00220363 0.000337311 7.98259e-17
-0.00273814 0.000392339 6.50737e-18
-0.0033535 0.000449404 9.19316e-18
-0.00400119 0.000504644 -2.76982e-17
-0.00471309 0.00056095 -5.42152e-16
-0.00543439 0.000612446 -1.57478e-15
-0.00624678 0.000662989 -3.12256e-16
-0.00707486 0.000709438 -7.65306e-16
-0.00789751 0.000751965 -4.51573e-16
-0.00879323 0.000794236 5.25758e-17
-0.00971546 0.000834304 -3.85121e-16
-0.0106263 0.000871348 -5.02711e-15
-0.0115252 0.000905887 -1.75905e-14
-0.0124119 0.000938344 -3.04609e-14
-0.0133748 0.00097239 -1.81115e-14
-0.0143664 0.00100516 -1.60944e-14
-0.0153468 0.001036 -1.02948e-14
-0.0163159 0.00106524 -4.68663e-15
-0.0172739 0.00109316 -6.67427e-15
-0.018219 0.00112009 -1.79987e-14
-0.0191525 0.00114611 -4.54812e-14
-0.020077 0.00117127 5.72365e-16
-0.0209934 0.00119566 2.67635e-15
-0.0219978 0.0012234 -9.26323e-15
-0.0230136 0.0012511 -4.75523e-14
-0.0240279 0.00127704 -1.53033e-15
-0.0250368 0.00130286 5.49886e-14
-0.026042 0.0013278 1.12507e-13
-0.0270434 0.00135191 2.37897e-13
-0.0280397 0.00137528 4.3923e-13
-0.0290297 0.00139797 1.01334e-12
-0.0300158 0.00141994 2.61969e-12
-0.0309981 0.00144125 9.59227e-12
-0.0319766 0.00146195 5.26042e-12
-0.0329518 0.00148211 -2.31801e-11
-0.0339236 0.00150173 -3.64566e-11
-0.0348922 0.00152087 -4.56618e-11
-0.035858 0.00153954 -5.60355e-11
-0.036821 0.00155778 -6.89355e-11
-0.0377813 0.00157559 -8.38321e-11
-0.0387393 0.001593 -1.00242e-10
-0.0396949 0.00161002 -1.84157e-10
-0.0406573 0.00162766 -1.48435e-10
-0.0416795 0.00165092 -1.1927e-10
-0.0427068 0.00167359 -4.25748e-11
-0.0437385 0.00169561 -4.79903e-11
-0.0447735 0.00171696 -4.71531e-11
-0.0458111 0.00173766 -4.69692e-11
-0.0468423 0.00176009 -4.65895e-11
-0.0478751 0.00178219 -4.62083e-11
-0.0489091 0.00180392 -4.59022e-11
-0.0499438 0.00182526 -4.56744e-11
-0.0509769 0.00184627 -4.66749e-11
-0.0520079 0.00186694 -4.72986e-11
-0.0530386 0.00188718 -5.0136e-11
-0.0540687 0.00190702 -4.59664e-11
-0.0550979 0.00192651 -4.55597e-11
-0.0561262 0.00194568 -4.53243e-11
-0.0571534 0.00196454 -4.54257e-11
-0.0581794 0.00198313 -4.30282e-11
-0.0592043 0.00200147 -4.32672e-11
-0.0602279 0.00201957 -4.19414e-11
-0.0612502 0.00203745 -4.15788e-11
-0.0622713 0.00205512 -4.21555e-11
-0.0632912 0.0020726 -4.20637e-11
-0.0643098 0.00208989 -4.08105e-11
-0.0653271 0.00210701 -3.97372e-11
-0.0663433 0.00212397 -4.08501e-11
-0.0673584 0.00214076 -4.08038e-11
-0.0683723 0.0021574 -4.1967e-11
-0.0693851 0.0021739 -4.12794e-11
-0.0703968 0.00219025 -3.99292e-11
-0.0714075 0.00220646 -3.74975e-11
-0.0724172 0.00222255 -3.87594e-11
-0.0734259 0.0022385 -3.98322e-11
-0.0744337 0.00225432 -3.93075e-11
-0.0754406 0.00227003 -4.01002e-11
-0.0764466 0.00228561 -4.13889e-11
-0.077463 0.00230185 -4.1825e-11
-0.0785243 0.00232127 -3.89895e-11
-0.0795874 0.00234088 -3.91808e-11
-0.0806524 0.00236063 -3.76425e-11
-0.0817191 0.00238046 -3.90494e-11
-0.0827875 0.00240034 -4.06268e-11
-0.0838576 0.00242022 -4.09487e-11
-0.0849292 0.00244008 -3.97081e-11
-0.0860024 0.00245986 -4.0064e-11
-0.0870768 0.00247956 -4.16734e-11
-0.0881526 0.00249913 -3.9876e-11
-0.0892294 0.00251857 -4.00801e-11
-0.0903074 0.00253785 -4.13837e-11
-0.0913862 0.00255697 -3.96034e-11
-0.0924659 0.00257591 -4.03573e-11
-0.0935463 0.00259467 -3.85945e-11
-0.0946273 0.00261324 -3.87463e-11
-0.0957089 0.00263162 -4.3526e-11
-0.0967909 0.00264981 -4.1923e-11
-0.0978734 0.00266781 -4.30142e-11
-0.0989562 0.00268563 -4.26831e-11
-0.100039 0.00270327 -4.13761e-11
-0.101123 0.00272072 -4.03215e-11
-0.102206 0.002738 -4.00607e-11
-0.10329 0.0027551 -4.05742e-11
-0.104373 0.00277204 -4.08341e-11
-0.105457 0.00278882 -4.06756e-11
-0.106541 0.00280543 -4.03002e-11
-0.107625 0.00282189 -4.04216e-11
-0.108709 0.0028382 -3.98454e-11
-0.109793 0.00285436 -4.03209e-11
-0.110878 0.00287038 -4.03817e-11
-0.111962 0.00288626 -4.01313e-11
-0.113046 0.00290201 -3.97817e-11
-0.11413 0.00291762 -3.98866e-11
-0.115214 0.0029331 -3.98357e-11
-0.116298 0.00294845 -3.95544e-11
-0.117382 0.00296368 -3.97379e-11
-0.118466 0.00297879 -3.97258e-11
-0.11955 0.00299378 -3.9494e-11
-0.120634 0.00300865 -3.9724e-11
-0.121718 0.0030234 -3.95294e-11
-0.122802 0.00303805 -3.96676e-11
-0.123886 0.00305259 -3.96253e-11
-0.12497 0.00306701 -3.93376e-11
-0.126054 0.00308133 -3.94465e-11
-0.127138 0.00309555 -3.9371e-11
-0.128223 0.00310964 -3.93764e-11
-0.129312 0.00312345 -3.95651e-11
-0.130403 0.00313704 -3.90963e-11
-0.131496 0.00315044 -3.86471e-11
-0.132591 0.00316364 -3.95969e-11
-0.133687 0.00317666 -3.84935e-11
-0.134785 0.00318951 -3.78706e-11
-0.135885 0.00320219 -3.78785e-11
-0.136985 0.00321471 -3.64116e-11
-0.138086 0.00322708 -3.82661e-11
-0.139188 0.00323931 -3.83429e-11
-0.14029 0.00325145 -3.95081e-11
-0.141388 0.00326388 -3.89157e-11
-0.142487 0.00327618 -3.88433e-11
-0.143585 0.00328837 -3.7656e-11
-0.144684 0.00330045 -3.77727e-11
-0.145783 0.00331243 -3.89052e-11
-0.146883 0.0033243 -3.84934e-11
-0.147982 0.00333608 -3.84773e-11
-0.149082 0.00334776 -3.64685e-11
-0.150182 0.00335936 -3.9834e-11
-0.151282 0.00337087 -3.93203e-11
-0.152382 0.0033823 -3.6543e-11
-0.153483 0.00339364 -3.2737e-11
-0.154583 0.00340491 -3.65639e-11
-0.155683 0.00341611 -3.70749e-11
-0.156784 0.00342723 -3.76442e-11
-0.157884 0.00343828 -3.90359e-11
-0.158984 0.00344926 -4.2398e-11
-0.160085 0.00346017 -3.67716e-11
-0.161185 0.00347101 -3.69367e-11
-0.162285 0.00348179 -3.46263e-11
-0.163386 0.0034925 -3.67181e-11
-0.164486 0.00350316 -3.68736e-11
-0.165586 0.00351375 -3.84761e-11
-0.166686 0.00352428 -3.69352e-11
-0.167787 0.00353474 -3.67895e-11
-0.168887 0.00354515 -3.68301e-11
-0.169987 0.0035555 -3.68037e-11
-0.171087 0.00356579 -3.60727e-11
-0.172197 0.00357771 -3.52166e-11
-0.173313 0.00359057 -5.85813e-11
-0.17443 0.00360356 -6.64592e-11
-0.175547 0.00361668 -6.70516e-11
-0.176665 0.00362992 -2.19787e-11
-0.177785 0.00364329 -1.16329e-11
-0.178905 0.00365677 -1.58742e-11
-0.180026 0.00367037 -7.53991e-11
-0.181149 0.00368407 -1.10418e-10
-0.182272 0.00369788 -1.89142e-10
-0.183396 0.00371179 -3.65244e-11
-0.184522 0.00372578 -9.05779e-11
-0.185648 0.00373987 -2.51763e-11
-0.186776 0.00375403 -7.13594e-11
-0.187905 0.00376827 -1.3296e-10
-0.189035 0.00378258 -8.28558e-11
-0.190166 0.00379695 -7.05717e-11
-0.191299 0.00381137 -2.58256e-11
-0.192433 0.00382584 -8.1479e-11
-0.193568 0.00384036 -7.6424e-11
-0.194705 0.0038549 -7.3283e-11
-0.195843 0.00386947 -1.82445e-11
-0.196982 0.00388406 -5.28113e-11
-0.198123 0.00389866 -4.88142e-11
-0.199265 0.00391326 -8.89022e-11
-0.200409 0.00392785 -6.23225e-11
-0.201554 0.00394243 -6.43912e-11
