0 0 0
-0.000224687 3.65239e-05 1.35604e-21
-0.000449352 7.30478e-05 2.81587e-21
-0.000673994 0.000109572 2.36944e-21
-0.000898613 0.000146096 -3.74874e-21
-0.00112321 0.00018262 -9.85892e-22
-0.00134778 0.000219144 6.90818e-21
-0.00157234 0.000255669 -4.07277e-21
-0.00179687 0.000292193 -4.28659e-21
-0.0020493 0.000330408 -2.98345e-19
-0.00238676 0.000372442 1.0674e-17
-0.00273468 0.000414415 1.95186e-18
-0.00308942 0.00045649 1.66305e-18
-0.00345076 0.000497217 -5.12318e-18
-0.00381688 0.000539299 -4.87786e-18
-0.00418352 0.000577989 4.90594e-17
-0.00454867 0.000616855 1.07618e-17
-0.00492086 0.000657747 -5.18048e-19
-0.00529313 0.000697476 7.70382e-18
-0.00566548 0.000736082 3.33888e-18
-0.00603788 0.000773598 5.059e-18
-0.00641035 0.000810062 3.88884e-18
-0.00678287 0.000845509 4.05255e-18
-0.00715543 0.000880015 4.4555e-18
-0.0075183 0.000917282 3.40088e-18
-0.00789194 0.000955173 3.32828e-18
-0.00826555 0.000992732 3.41525e-18
-0.00863913 0.00102995 3.15502e-18
-0.00901269 0.00106682 3.11698e-18
-0.00938622 0.00110333 3.06675e-18
-0.00975974 0.00113949 3.06206e-18
-0.0101332 0.00117528 2.76189e-18
-0.0105067 0.00121071 2.98948e-18
-0.0108881 0.00124573 1.58844e-17
-0.0113233 0.0012794 -1.61049e-17
-0.0118304 0.00131011 2.48039e-17
-0.0123699 0.00133787 2.24856e-16
-0.0128973 0.00136387 1.1643e-16
-0.013426 0.0013879 4.55757e-16
-0.0140115 0.0014144 -7.7787e-15
-0.0146344 0.0014406 -1.1286e-15
-0.0152663 0.00146442 -8.18285e-16
-0.0158893 0.00148649 -1.54157e-15
-0.0165032 0.00150708 -1.13218e-15
-0.0171123 0.00152631 -2.04982e-16
-0.0177242 0.00154392 2.03512e-15
-0.0183347 0.00156018 2.73567e-15
-0.0189378 0.00157555 9.92826e-15
-0.0195281 0.00159051 2.43539e-14
-0.0201117 0.00160482 4.75412e-14
-0.0206888 0.0016186 5.31857e-14
-0.0212869 0.00163504 4.10786e-14
-0.0219207 0.00165409 2.00117e-14
-0.0225577 0.00167257 1.72313e-14
-0.0231952 0.0016904 1.76966e-14
-0.0238243 0.00170784 2.22642e-14
-0.0244502 0.0017247 1.80023e-14
-0.0250733 0.00174099 2.35478e-14
-0.02569 0.00175697 1.9536e-14
-0.0263018 0.00177261 1.47687e-14
-0.0269098 0.00178788 2.04077e-14
-0.027521 0.00180248 7.8873e-14
-0.0281351 0.00181639 7.2405e-14
-0.0287501 0.0018297 1.30958e-13
-0.0293643 0.00184251 2.88054e-13
-0.0299705 0.0018553 1.34211e-12
-0.0306049 0.00187032 5.77629e-13
-0.0312593 0.00188725 -4.30721e-13
-0.0319127 0.00190384 -2.36824e-12
-0.0325648 0.00192007 -5.23737e-12
-0.0332151 0.00193594 -1.04403e-11
-0.0338636 0.00195146 -2.40243e-11
-0.0345099 0.00196666 -5.60672e-11
-0.0351541 0.00198155 -1.29578e-10
-0.0358003 0.00199603 -3.20253e-10
-0.0364509 0.00200999 -4.20098e-10
-0.0371044 0.00202346 -1.06071e-09
-0.0377595 0.00203646 -2.34493e-10
-0.0384148 0.00204903 -3.51756e-10
-0.0390627 0.00206158 -1.02067e-09
-0.0397089 0.00207385 -4.90297e-09
-0.0403539 0.00208582 -7.26431e-09
-0.0409975 0.00209753 -1.213e-09
-0.0416397 0.00210898 -1.15501e-09
-0.0422933 0.00212125 -1.24199e-09
-0.0429839 0.00213588 -1.36329e-09
-0.0436739 0.00215026 -1.62877e-09
-0.0443631 0.00216438 -2.2547e-09
-0.0450511 0.00217825 -3.62218e-09
-0.0457378 0.0021919 -1.69376e-09
-0.0464231 0.00220532 -1.75923e-09
-0.0471068 0.00221856 -2.67905e-09
-0.0477889 0.00223162 -3.06925e-09
-0.048475 0.0022443 -3.40659e-09
-0.0491678 0.00225648 -1.58119e-09
-0.049864 0.00226825 -1.68245e-09
-0.0505626 0.00227964 -9.84532e-10
-0.0512628 0.00229067 4.47372e-10
-0.0519605 0.00230152 -1.19564e-09
-0.0526549 0.00231226 -2.73905e-10
-0.0533491 0.00232276 -5.56244e-10
-0.0540431 0.002333 4.30633e-09
-0.0547366 0.00234301 3.27066e-09
-0.0554296 0.00235281 1.70711e-09
-0.0561219 0.00236242 -6.57514e-11
-0.0568136 0.00237185 -1.81502e-10
-0.0575045 0.00238111 -1.60948e-10
-0.0581946 0.00239021 -8.69584e-11
-0.0588839 0.00239917 4.314e-11
-0.0595723 0.00240798 2.39692e-10
-0.0602599 0.00241667 6.31535e-10
-0.0609467 0.00242523 1.27223e-09
-0.0616327 0.00243367 2.18846e-09
-0.0623179 0.002442 8.21466e-11
-0.0629975 0.00245071 1.38522e-10
-0.063674 0.00245958 1.46969e-10
-0.0643493 0.00246844 1.9019e-10
-0.0650233 0.00247729 2.55788e-10
-0.0656961 0.00248613 3.51923e-10
-0.0663677 0.00249497 4.84546e-10
-0.0670717 0.00250561 1.45522e-10
-0.067778 0.0025165 4.57556e-10
-0.0684844 0.00252739 7.52749e-10
-0.0691909 0.00253826 1.24624e-09
-0.0698976 0.00254911 2.05347e-09
-0.0706043 0.00255993 3.05211e-09
-0.0713166 0.00257066 6.00388e-10
-0.0720348 0.00258126 6.52748e-10
-0.0727585 0.00259168 8.04214e-10
-0.0734867 0.00260191 1.17731e-09
-0.0742187 0.0026119 1.33304e-09
-0.0749536 0.00262167 6.19373e-11
-0.0756841 0.00263144 1.48355e-09
-0.0764129 0.00264115 1.23209e-09
-0.0771426 0.00265069 -1.42791e-10
-0.0778732 0.00266006 2.2099e-09
-0.0786043 0.00266928 5.33908e-09
-0.0793359 0.00267835 9.05953e-09
-0.0800677 0.00268729 7.23045e-09
-0.0807996 0.0026961 5.6759e-09
-0.0815314 0.00270479 5.22004e-09
-0.0822631 0.00271337 3.8551e-09
-0.0829945 0.00272186 4.27582e-09
-0.0837256 0.00273026 4.91988e-09
-0.0844563 0.00273858 5.76304e-09
-0.0851865 0.00274683 3.24878e-09
-0.0859163 0.00275501 3.43496e-09
-0.0866455 0.00276314 3.69752e-09
-0.0873742 0.00277121 4.04692e-09
-0.0881024 0.00277923 3.95373e-09
-0.0888301 0.0027872 4.48053e-09
-0.0895573 0.00279514 5.14872e-09
-0.090284 0.00280304 3.74139e-09
-0.0910101 0.00281089 3.95538e-09
-0.0917358 0.00281872 3.86151e-09
-0.092461 0.00282651 4.17642e-09
-0.0931858 0.00283427 4.59551e-09
-0.0939102 0.00284199 5.08591e-09
-0.0946341 0.00284969 3.70168e-09
-0.0953576 0.00285736 3.82536e-09
-0.0960808 0.002865 3.98363e-09
-0.0968036 0.00287261 4.17865e-09
-0.0975261 0.00288019 4.40993e-09
-0.0982483 0.00288775 4.68007e-09
-0.0989702 0.00289527 4.988e-09
-0.0996918 0.00290277 5.27956e-09
-0.100413 0.00291024 3.91127e-09
-0.101134 0.00291768 3.95664e-09
-0.101857 0.00292502 4.03161e-09
-0.102584 0.00293208 4.14361e-09
-0.103314 0.00293892 4.32506e-09
-0.104048 0.00294556 4.60376e-09
-0.104785 0.00295199 5.02876e-09
-0.105524 0.00295824 4.89043e-09
-0.106265 0.00296432 4.90227e-09
-0.107007 0.00297025 3.94265e-09
-0.107751 0.00297606 3.80715e-09
-0.108489 0.00298216 3.73989e-09
-0.109226 0.00298828 3.71375e-09
-0.109964 0.00299433 3.69206e-09
-0.110702 0.00300031 3.67238e-09
-0.11144 0.00300623 3.65332e-09
-0.112178 0.0030121 3.63424e-09
-0.112916 0.00301793 3.6157e-09
-0.113654 0.0030237 3.59731e-09
-0.114393 0.00302945 3.57906e-09
-0.115131 0.00303515 3.56071e-09
-0.11587 0.00304083 3.54265e-09
-0.116608 0.00304648 3.52712e-09
-0.117346 0.00305211 3.50476e-09
-0.118083 0.00305771 3.49234e-09
-0.118821 0.0030633 3.47629e-09
-0.119558 0.00306887 3.45936e-09
-0.120295 0.00307442 3.44319e-09
-0.121032 0.00307996 3.42789e-09
-0.121769 0.00308549 3.41191e-09
-0.122505 0.00309101 3.39705e-09
-0.123241 0.00309651 3.38193e-09
-0.123977 0.00310201 3.3665e-09
-0.124713 0.00310749 3.35208e-09
-0.125448 0.00311297 3.33741e-09
