0 0 0
0.000224105 3.64254e-05 -3.56115e-22
0.000448233 7.28508e-05 2.72663e-21
0.000672384 0.000109276 6.04781e-22
0.000896559 0.000145702 2.91207e-23
0.00112076 0.000182127 -1.06041e-21
0.00134498 0.000218553 -1.16362e-20
0.00156922 0.000254979 -1.26921e-21
0.00179349 0.000291405 4.25214e-21
0.00205859 0.000331067 -2.83008e-18
0.00245327 0.000379816 -1.98119e-17
0.00287512 0.000429831 5.55823e-18
0.00330677 0.000478816 2.30399e-16
0.00375455 0.000529559 6.93715e-16
0.00419819 0.000577255 -1.93788e-16
0.00465021 0.000625008 2.26944e-16
0.00510851 0.000674738 5.85495e-16
0.00556484 0.000722374 1.40697e-16
0.00602058 0.000768373 1.60199e-16
0.0064762 0.000812786 1.33354e-16
0.00693168 0.000855748 1.62883e-16
0.00739851 0.000898903 1.30403e-16
0.00786104 0.00094566 1.23402e-16
0.00832325 0.000991888 1.17771e-16
0.00878517 0.00103757 1.12841e-16
0.00924682 0.0010827 1.08272e-16
0.00970821 0.00112727 1.0415e-16
0.0101694 0.00117127 1.00657e-16
0.0106303 0.00121471 9.74879e-17
0.0110748 0.00125766 2.48671e-16
0.0114448 0.00129779 -2.40772e-17
0.0117603 0.00133329 6.32101e-16
0.0120849 0.00136583 -3.87866e-15
0.0123954 0.00139633 8.07147e-15
0.0126274 0.0014308 -2.1104e-16
0.0128452 0.00146142 4.45632e-16
0.0130709 0.0014891 8.33261e-17
0.0133052 0.00151444 3.49944e-16
0.013538 0.00153727 3.19332e-16
0.0137705 0.00155786 3.35628e-16
0.0140124 0.00157714 -8.97141e-16
0.014265 0.00159554 7.10494e-16
0.0145246 0.00161301 2.02574e-15
0.0147545 0.00163429 1.81725e-15
0.0149466 0.00165809 2.06997e-16
0.0151351 0.00168086 4.71735e-16
0.0153287 0.00170279 -2.74288e-15
0.0155265 0.00172385 8.53991e-17
0.0157271 0.00174398 -2.00315e-17
0.0159361 0.00176368 1.10669e-15
0.0161499 0.0017828 -2.13662e-15
0.0163598 0.00180089 -4.95195e-16
0.0165663 0.00181793 4.12809e-16
0.0167723 0.00183411 8.08471e-15
0.0169855 0.00185 3.31802e-14
0.0171606 0.00186941 5.99404e-15
0.0173174 0.00189039 2.30908e-15
0.0174754 0.00191079 1.65466e-14
0.0176351 0.00193062 3.27247e-14
0.017797 0.00194989 1.59489e-14
0.0179614 0.00196866 2.41717e-14
0.0181262 0.00198688 4.11289e-14
0.0182851 0.0020043 8.77561e-14
0.0184401 0.00202096 1.68944e-13
0.0185935 0.00203691 3.76222e-13
0.0187515 0.00205249 2.00592e-12
0.0189141 0.00206777 4.12863e-12
0.0190784 0.00208259 6.42162e-12
0.0192445 0.002097 2.3914e-11
0.0194067 0.00211155 3.80705e-11
0.019515 0.00212975 1.06522e-12
0.0196237 0.00214752 6.69315e-12
0.0197337 0.00216488 6.35312e-12
0.0198455 0.00218187 6.22502e-12
0.0199592 0.0021985 6.12075e-12
0.0200751 0.00221483 6.06827e-12
0.0201919 0.00223083 6.00027e-12
0.0202994 0.00224604 5.9069e-12
0.0204022 0.00226064 5.83542e-12
0.0205019 0.00227464 5.74273e-12
0.0206 0.00228809 5.70009e-12
0.0207045 0.00230148 5.64264e-12
0.0208094 0.00231447 5.78244e-12
0.0209148 0.00232707 5.6095e-12
0.0210209 0.00233933 5.50484e-12
0.0211279 0.00235128 5.46055e-12
0.021236 0.00236294 5.38319e-12
0.0213452 0.00237435 5.26829e-12
0.0214557 0.00238551 5.25659e-12
0.0215674 0.00239645 5.18945e-12
0.0216804 0.00240719 5.09155e-12
0.0217946 0.00241773 4.93145e-12
0.0219101 0.00242809 4.84977e-12
0.0220268 0.00243827 4.96281e-12
0.022151 0.002449 4.93287e-12
0.0222789 0.00245987 4.95562e-12
0.0224087 0.00247073 4.93454e-12
0.0225403 0.00248158 4.89901e-12
0.022635 0.00249454 4.64649e-12
0.0227254 0.00250795 5.1655e-12
0.0228158 0.00252134 5.23117e-12
0.0229062 0.00253469 5.3116e-12
0.0229966 0.00254799 5.59549e-12
0.0230812 0.00256116 5.68625e-12
0.0231575 0.0025741 6.15288e-12
0.0232268 0.00258673 6.92063e-12
0.0232907 0.00259903 4.24943e-12
0.0233507 0.00261097 5.21452e-12
0.0234166 0.00262291 5.04105e-12
0.0234833 0.00263467 5.0705e-12
0.023549 0.00264617 4.14896e-12
0.0236141 0.00265744 4.53401e-12
0.0236788 0.00266848 3.97374e-12
0.0237436 0.00267932 4.18425e-12
0.0238087 0.00268996 4.47742e-12
0.0238741 0.00270044 4.52585e-12
0.0239403 0.00271078 4.36783e-12
0.0240071 0.00272098 4.36833e-12
0.0240749 0.00273107 4.35761e-12
0.0241435 0.00274105 4.36482e-12
0.0242132 0.00275095 4.24407e-12
0.0242838 0.00276076 4.11178e-12
0.0243554 0.0027705 4.25911e-12
0.024428 0.00278018 4.16935e-12
0.0245016 0.0027898 4.03929e-12
0.0245762 0.00279936 3.97612e-12
0.0246517 0.00280888 3.96926e-12
0.0247281 0.00281834 3.90491e-12
0.0248053 0.00282775 3.872e-12
0.0248835 0.00283712 3.87124e-12
0.0249624 0.00284645 3.7652e-12
0.0250421 0.00285573 3.80549e-12
0.0251226 0.00286496 3.74394e-12
0.0252039 0.00287416 3.81409e-12
0.0252858 0.0028833 3.72495e-12
0.0253683 0.00289241 3.79133e-12
0.0254516 0.00290147 3.70319e-12
0.025533 0.00291037 3.70475e-12
0.0256086 0.00291886 3.72045e-12
0.0256798 0.00292702 3.7157e-12
0.0257474 0.00293488 3.69501e-12
0.025812 0.00294245 3.86155e-12
0.0258742 0.00294978 3.86992e-12
0.0259348 0.0029569 3.86454e-12
0.0259993 0.00296417 3.85269e-12
0.0260675 0.00297161 3.72183e-12
0.0261354 0.00297893 3.97103e-12
0.0262033 0.00298616 3.85371e-12
0.0262712 0.0029933 3.82845e-12
0.0263393 0.00300037 3.83971e-12
0.0264076 0.00300737 3.81286e-12
0.0264763 0.00301432 6.35463e-12
0.0265454 0.00302123 4.11713e-12
0.026615 0.00302808 2.55592e-12
0.0266851 0.0030349 3.53486e-12
0.0267559 0.00304169 3.85194e-12
0.0268273 0.00304846 3.59562e-12
0.0268994 0.00305519 3.65467e-12
0.0269721 0.00306191 3.64695e-12
0.0270456 0.00306861 3.64751e-12
0.0271198 0.00307529 3.66048e-12
0.0271947 0.00308195 3.63017e-12
0.0272702 0.0030886 3.75232e-12
0.0273465 0.00309523 3.72109e-12
0.0274235 0.00310185 3.76077e-12
0.0274647 0.00311046 3.57132e-12
0.0275021 0.0031192 3.93066e-12
0.0275384 0.00312793 3.6484e-12
0.0275736 0.00313663 3.24063e-12
0.0276077 0.0031453 3.7501e-12
0.0276407 0.0031539 4.80581e-12
0.0276726 0.00316243 3.18781e-12
0.0277034 0.00317088 2.88237e-12
0.0277332 0.00317922 3.5275e-12
0.0277621 0.00318746 3.72356e-12
0.02779 0.00319557 3.1836e-12
0.0278171 0.00320356 3.59011e-12
0.0278433 0.00321141 3.49637e-12
0.0278686 0.00321911 3.54982e-12
0.0278933 0.00322667 3.46988e-12
0.0279174 0.00323408 3.55914e-12
0.0279413 0.00324137 4.86007e-12
0.0279651 0.00324854 3.62123e-12
0.0279889 0.00325559 3.30115e-12
0.0280125 0.00326252 6.69312e-12
0.0280361 0.00326934 5.4916e-12
0.0280596 0.00327605 4.57205e-12
0.0280831 0.00328265 3.42647e-12
0.0281065 0.00328914 1.05923e-11
0.0281299 0.00329553 2.55129e-13
0.0281533 0.00330182 -4.61372e-13
0.0281766 0.00330802 2.53375e-13
0.0282 0.00331411 1.21044e-12
0.0282233 0.00332012 1.81165e-12
0.028246 0.00332601 2.02296e-12
0.0282644 0.00333153 2.65242e-12
0.0282798 0.00333675 2.94871e-12
0.0282926 0.00334168 2.47816e-12
0.028303 0.00334631 3.20353e-12
0.0283116 0.00335067 2.98729e-12
0.0283185 0.00335476 2.87465e-12
