0 0
-0.000494736 1.25
-0.00197894 2.5
-0.00445263 3.75
-0.00791579 5
-0.0123684 6.25
-0.0178106 7.5
-0.0242422 8.75
-0.0316634 10
-0.0399618 11.25
-0.0493778 12.5
-0.059773 13.75
-0.0710518 15
-0.0836074 16.25
-0.0971872 17.5
-0.110965 18.75
-0.126513 20
-0.143091 21.25
-0.160694 22.5
-0.187831 23.75
-0.257487 25
-0.356228 26.25
-0.465103 27.5
-0.568541 28.75
-0.661125 30
-0.773268 31.25
-0.884334 32.5
-0.989909 33.75
-1.09427 35
-1.19907 36.25
-1.31868 37.5
-1.43858 38.75
-1.55693 40
-1.67828 41.25
-1.79991 42.5
-1.91966 43.75
-2.04712 45
-2.18382 46.25
-2.31996 47.5
-2.4563 48.75
-2.59707 50
-2.73869 51.25
-2.87974 52.5
-3.02102 53.75
-3.16235 55
-3.30366 56.25
-3.44498 57.5
-3.58638 58.75
-3.72566 60
-3.87555 61.25
-4.02723 62.5
-4.18068 63.75
-4.33972 65
-4.50248 66.25
-4.66461 67.5
-4.82809 68.75
-4.99251 70
-5.15758 71.25
-5.3231 72.5
-5.48898 73.75
-5.65522 75
-5.82182 76.25
-5.98882 77.5
-6.15628 78.75
-6.32425 80
-6.49276 81.25
-6.66188 82.5
-6.83271 83.75
-7.00732 85
-7.18483 86.25
-7.36358 87.5
-7.54188 88.75
-7.72125 90
-7.90154 91.25
-8.08263 92.5
-8.26445 93.75
-8.44694 95
-8.63006 96.25
-8.81382 97.5
-9.00325 98.75
-9.2003 100
-9.3991 101.25
-9.59961 102.5
-9.8013 103.75
-10.0041 105
-10.2081 106.25
-10.4131 107.5
-10.6193 108.75
-10.8265 110
-11.0347 111.25
-11.244 112.5
-11.4544 113.75
-11.6658 115
-11.8784 116.25
-12.0939 117.5
-12.312 118.75
-12.5322 120
-12.7534 121.25
-12.975 122.5
-13.1979 123.75
-13.4219 125
-13.647 126.25
-13.8732 127.5
-14.1003 128.75
-14.3284 130
-14.5574 131.25
-14.7873 132.5
-15.0181 133.75
-15.2499 135
-15.4825 136.25
-15.7161 137.5
-15.9506 138.75
-16.1861 140
-16.4225 141.25
-16.6598 142.5
-16.8981 143.75
-17.1374 145
-17.3777 146.25
-17.619 147.5
-17.8612 148.75
-18.1045 150
-18.3487 151.25
-18.594 152.5
-18.8403 153.75
-19.0876 155
-19.336 156.25
-19.5853 157.5
-19.8357 158.75
-20.0872 160
-20.3397 161.25
-20.5932 162.5
-20.8478 163.75
-21.1034 165
-21.3601 166.25
-21.6179 167.5
-21.8767 168.75
-22.1365 170
-22.3975 171.25
-22.6595 172.5
-22.9225 173.75
-23.1867 175
-23.4519 176.25
-23.7182 177.5
-23.9855 178.75
-24.2544 180
-24.5251 181.25
-24.7973 182.5
-25.071 183.75
-25.3461 185
-25.6226 186.25
-25.9004 187.5
-26.1788 188.75
-26.4581 190
-26.7385 191.25
-27.0201 192.5
-27.3028 193.75
-27.5866 195
-27.8715 196.25
-28.1575 197.5
-28.4447 198.75
-28.7328 200
-29.0221 201.25
-29.3124 202.5
-29.6038 203.75
-29.8963 205
-30.1898 206.25
-30.4844 207.5
-30.7801 208.75
-31.0768 210
-31.3746 211.25
-31.6734 212.5
-31.9733 213.75
-32.2743 215
-32.5764 216.25
-32.8795 217.5
-33.1837 218.75
-33.4889 220
-33.7953 221.25
-34.1027 222.5
-34.4112 223.75
-34.7208 225
-35.0315 226.25
-35.3433 227.5
-35.6562 228.75
-35.9702 230
-36.2852 231.25
-36.6014 232.5
-36.9186 233.75
-37.237 235
-37.5565 236.25
-37.8771 237.5
-38.1987 238.75
-38.5215 240
-38.8455 241.25
-39.1705 242.5
-39.4966 243.75
-39.8239 245
-40.1523 246.25
-40.4818 247.5
-40.8124 248.75
-41.1442 250
