0 0 0
-0.000224687 3.65239e-05 8.58134e-22
-0.000449352 7.30478e-05 1.19867e-21
-0.000673994 0.000109572 1.46739e-21
-0.000898613 0.000146096 2.10229e-21
-0.00112321 0.00018262 -1.34939e-20
-0.00134778 0.000219144 2.64824e-23
-0.00157234 0.000255669 3.69809e-21
-0.00179687 0.000292193 1.02853e-20
-0.00204239 0.0003295 6.88019e-19
-0.00234976 0.00036808 4.47886e-18
-0.00266283 0.000405996 1.51199e-16
-0.00298233 0.000444343 1.64784e-16
-0.00330316 0.000480394 1.15371e-17
-0.00363003 0.000518716 1.14948e-17
-0.0039574 0.000554172 7.75918e-17
-0.00428478 0.000588913 -1.1049e-17
-0.00461081 0.000624227 8.81576e-18
-0.0049417 0.0006605 2.78999e-17
-0.00527267 0.000695856 1.36738e-17
-0.00560372 0.000730321 1.86387e-17
-0.00593484 0.000763922 1.51341e-17
-0.00626604 0.000796681 1.55461e-17
-0.00659729 0.000828626 1.42956e-17
-0.0069286 0.00085981 1.5412e-17
-0.00725384 0.000890828 1.36369e-17
-0.00758036 0.000924397 1.31892e-17
-0.00791207 0.000958008 1.27251e-17
-0.00824377 0.000991363 1.23824e-17
-0.00857547 0.00102445 1.18913e-17
-0.00890718 0.00105727 1.17091e-17
-0.00923888 0.00108982 1.13604e-17
-0.00957059 0.00112208 1.11167e-17
-0.0099023 0.00115406 1.06901e-17
-0.010234 0.00118576 1.04918e-17
-0.0105657 0.00121717 1.03834e-17
-0.0109067 0.00124822 6.54538e-17
-0.0112907 0.00127808 -3.50176e-17
-0.0117303 0.00130558 2.21028e-17
-0.0122088 0.00133038 -2.56471e-17
-0.0126681 0.0013541 2.11631e-16
-0.0131319 0.00137612 -2.68546e-16
-0.0135987 0.00139655 -7.3273e-16
-0.0141297 0.00142097 3.78472e-15
-0.0146755 0.00144371 -9.92135e-15
-0.0152274 0.00146463 -1.35236e-15
-0.0157737 0.00148417 -1.01643e-15
-0.0163127 0.0015026 -1.94098e-15
-0.0168466 0.00152 -2.42583e-15
-0.017382 0.00153618 -7.68654e-16
-0.0179185 0.00155122 1.31329e-15
-0.0184532 0.00156528 -1.63925e-16
-0.0189811 0.00157878 4.97741e-15
-0.0195001 0.00159196 1.31728e-14
-0.0200141 0.00160465 2.18095e-14
-0.0205235 0.00161691 2.72134e-14
-0.0210288 0.00162887 1.30764e-14
-0.0215829 0.00164587 7.06218e-15
-0.0221414 0.00166247 9.58333e-15
-0.0227018 0.00167861 7.0655e-15
-0.0232624 0.00169426 8.90339e-15
-0.0238157 0.00170966 4.39034e-14
-0.0243673 0.00172461 -4.34146e-15
-0.0249169 0.00173912 -1.33513e-14
-0.0254621 0.00175338 -4.17208e-15
-0.0260034 0.00176737 -2.63457e-15
-0.0265415 0.00178109 -2.0754e-14
-0.0270783 0.00179447 -3.95376e-14
-0.0276184 0.00180728 -8.44282e-14
-0.0281607 0.00181957 -2.10941e-13
-0.0287037 0.00183139 -5.55534e-13
-0.0292463 0.00184282 -1.55112e-12
-0.0297845 0.00185411 -4.38629e-12
-0.0303175 0.00186543 -4.36367e-12
-0.0308953 0.0018806 -5.95021e-12
-0.0314727 0.00189552 -6.54848e-12
-0.0320495 0.00191016 1.22551e-10
-0.0326253 0.00192453 3.54552e-10
-0.0331999 0.00193863 6.73159e-10
-0.0337733 0.00195246 1.17204e-09
-0.0343452 0.00196603 2.1584e-09
-0.0349156 0.00197937 4.53989e-10
-0.0354853 0.00199244 5.90348e-10
-0.0360586 0.00200513 9.56019e-10
-0.0366349 0.00201742 1.96061e-09
-0.0372133 0.00202933 6.60351e-10
-0.0377928 0.00204088 7.37936e-10
-0.0383727 0.00205209 1.18077e-09
-0.0389473 0.00206326 7.55231e-09
-0.0395197 0.00207425 3.84565e-09
-0.0400913 0.00208502 4.99915e-09
-0.040662 0.00209556 4.06622e-09
-0.0412317 0.0021059 5.88668e-09
-0.0418002 0.00211605 8.76188e-09
-0.0423809 0.00212707 2.87622e-09
-0.0429921 0.00214008 3.56357e-09
-0.0436031 0.0021529 5.02956e-09
-0.0442135 0.00216552 2.94914e-09
-0.0448232 0.00217794 3.26178e-09
-0.0454321 0.00219018 4.09723e-09
-0.04604 0.00220226 6.07517e-09
-0.0466468 0.00221417 3.62883e-09
-0.0472525 0.00222593 4.49017e-09
-0.0478571 0.00223756 6.38927e-09
-0.0484647 0.0022489 5.16872e-09
-0.0490783 0.00225981 3.22585e-09
-0.0496948 0.0022704 3.30252e-09
-0.0503135 0.0022807 3.18453e-09
-0.0509338 0.00229069 3.5158e-09
-0.051555 0.0023004 4.06889e-09
-0.0521723 0.0023101 7.05018e-09
-0.0527884 0.00231964 4.54546e-09
-0.0534044 0.00232898 4.88996e-09
-0.0540202 0.00233813 6.21158e-09
-0.0546358 0.0023471 6.13584e-09
-0.055251 0.0023559 5.00022e-09
-0.0558659 0.00236454 4.33255e-09
-0.0564803 0.00237304 4.27115e-09
-0.0570942 0.0023814 4.35295e-09
-0.0577075 0.00238962 4.22458e-09
-0.0583203 0.00239773 4.39657e-09
-0.0589325 0.00240572 4.70471e-09
-0.0595441 0.0024136 5.23459e-09
-0.0601551 0.00242137 5.93558e-09
-0.0607656 0.00242905 4.21622e-09
-0.0613754 0.00243663 4.33676e-09
-0.0619847 0.00244412 4.15723e-09
-0.06259 0.00245187 5.05555e-09
-0.0631921 0.00245982 5.68145e-09
-0.0637932 0.00246775 6.83369e-09
-0.0643933 0.00247568 4.12379e-09
-0.0649925 0.0024836 4.0162e-09
-0.0655908 0.00249152 3.87385e-09
-0.0661882 0.00249943 3.66873e-09
-0.0667957 0.00250761 3.61263e-09
-0.0674234 0.00251731 3.52919e-09
-0.0680513 0.00252702 3.15086e-09
-0.0686794 0.00253673 2.31784e-09
-0.0693076 0.00254642 1.23686e-09
-0.069936 0.0025561 3.49491e-09
-0.0705645 0.00256575 3.38202e-09
-0.0711957 0.00257537 3.14685e-09
-0.0718322 0.00258488 2.96682e-09
-0.0724732 0.00259428 2.21276e-09
-0.0731183 0.00260353 3.28009e-09
-0.0737668 0.00261262 3.1127e-09
-0.0744181 0.00262154 2.68324e-09
-0.0750718 0.00263027 1.61473e-09
-0.0757222 0.002639 3.09342e-09
-0.0763703 0.00264771 3.47619e-09
-0.0770194 0.00265629 2.78009e-09
-0.0776691 0.00266474 2.88733e-09
-0.0783195 0.00267306 4.49151e-09
-0.0789703 0.00268126 3.19556e-09
-0.0796215 0.00268935 3.22624e-09
-0.0802729 0.00269734 3.29636e-09
-0.0809244 0.00270525 3.29349e-09
-0.0815759 0.00271302 3.2091e-09
-0.0822274 0.00272073 3.20568e-09
-0.0828787 0.00272835 3.19756e-09
-0.0835298 0.00273591 3.17493e-09
-0.0841807 0.0027434 3.18161e-09
-0.0848314 0.00275083 3.19556e-09
-0.0854817 0.0027582 3.22228e-09
-0.0861317 0.00276553 3.26414e-09
-0.0867813 0.00277281 3.33044e-09
-0.0874306 0.00278004 3.43032e-09
-0.0880795 0.00278724 3.57604e-09
-0.0887281 0.0027944 3.78829e-09
-0.0893763 0.00280153 3.80641e-09
-0.0900241 0.00280862 4.17541e-09
-0.0906716 0.00281569 4.73002e-09
-0.0913188 0.00282272 6.38778e-09
-0.0919656 0.00282973 4.15017e-09
-0.0926121 0.00283672 4.4283e-09
-0.0932583 0.00284367 4.41741e-09
-0.0939042 0.00285061 4.87468e-09
-0.0945499 0.00285752 5.45137e-09
-0.0951953 0.0028644 4.11569e-09
-0.0958404 0.00287127 4.30385e-09
-0.0964852 0.00287811 4.56414e-09
-0.0971299 0.00288493 4.91257e-09
-0.0977743 0.00289172 5.31069e-09
-0.0984186 0.0028985 4.17084e-09
-0.0990626 0.00290525 4.27673e-09
-0.0997065 0.00291198 4.41385e-09
-0.10035 0.00291868 4.58349e-09
-0.100994 0.00292537 4.78964e-09
-0.101637 0.00293203 5.03338e-09
-0.102283 0.00293853 5.49963e-09
-0.102933 0.00294482 6.04037e-09
-0.103585 0.00295095 5.09389e-09
-0.10424 0.0029569 5.61276e-09
-0.104898 0.0029627 6.41384e-09
-0.105557 0.00296835 6.07381e-09
-0.106218 0.00297386 5.63494e-09
-0.10688 0.00297925 3.93017e-09
-0.107544 0.00298453 4.26218e-09
-0.108207 0.00298977 4.2177e-09
-0.108865 0.00299532 4.27691e-09
-0.109523 0.00300081 4.26629e-09
