0 0 0
-0.000224295 3.646e-05 5.35642e-22
-0.000448568 7.29201e-05 -1.73948e-21
-0.000672817 0.00010938 -5.22146e-22
-0.000897044 0.00014584 -7.15145e-22
-0.00112125 0.000182301 -2.22694e-21
-0.00134543 0.000218761 -5.08028e-21
-0.00156959 0.000255222 -1.17255e-20
-0.00179373 0.000291682 -5.21936e-21
-0.00205808 0.000331521 3.48756e-18
-0.00245327 0.000380381 -5.50115e-18
-0.00287216 0.000430241 1.41917e-17
-0.00329453 0.00047851 3.548e-16
-0.00373758 0.000530335 2.97959e-16
-0.0041813 0.000577024 -6.07308e-16
-0.00462785 0.000624728 4.65734e-16
-0.00508623 0.000674526 2.28859e-16
-0.0055446 0.000722567 -1.29272e-17
-0.00600231 0.000768874 1.03167e-16
-0.00645827 0.000813422 3.36232e-17
-0.00691408 0.00085651 1.80412e-16
-0.00736151 0.000899851 7.59582e-17
-0.00782247 0.000946703 6.8375e-17
-0.00828312 0.000993022 6.50381e-17
-0.00874347 0.00103879 6.21289e-17
-0.00920352 0.001084 5.95296e-17
-0.0096633 0.00112864 5.67352e-17
-0.0101228 0.00117271 5.49443e-17
-0.0105821 0.0012162 5.30037e-17
-0.0110741 0.00125928 1.24987e-17
-0.0116759 0.00129935 8.58096e-17
-0.01236 0.00133482 3.78703e-17
-0.0130289 0.00136732 1.735e-15
-0.0137235 0.00139825 -1.71526e-14
-0.0145156 0.0014326 -6.09705e-15
-0.0153282 0.0014631 1.18048e-16
-0.0161233 0.00149072 -1.19129e-15
-0.0169032 0.00151598 -1.20139e-14
-0.0176838 0.00153869 -1.32742e-14
-0.0184618 0.00155919 7.3454e-16
-0.0192216 0.00157848 3.4227e-15
-0.0199643 0.00159685 1.79553e-14
-0.0206949 0.00161429 2.40402e-14
-0.0214657 0.00163635 1.3413e-14
-0.0222721 0.00166014 1.04522e-14
-0.0230803 0.00168287 6.72213e-15
-0.0238768 0.0017048 7.57376e-15
-0.024666 0.00172582 7.20039e-15
-0.0254491 0.00174593 9.04857e-15
-0.0262205 0.00176563 8.47021e-15
-0.0269855 0.00178471 7.33431e-15
-0.0277553 0.00180271 4.45413e-15
-0.028528 0.00181968 -1.77524e-14
-0.0292999 0.0018358 -3.7207e-14
-0.0300601 0.00185175 -1.34658e-14
-0.0308709 0.00187205 -5.48649e-15
-0.0316923 0.00189302 1.26651e-13
-0.032511 0.00191341 5.57855e-14
-0.0333264 0.00193323 1.01439e-13
-0.034138 0.0019525 7.20538e-14
-0.0349458 0.00197126 2.00246e-13
-0.0357539 0.00198943 3.36225e-13
-0.0365688 0.00200679 6.96255e-13
-0.0373877 0.00202339 1.51247e-12
-0.0382078 0.00203928 3.65962e-12
-0.0390196 0.00205491 3.45466e-11
-0.0398268 0.00207016 3.15868e-11
-0.0406317 0.00208496 5.51479e-10
-0.041434 0.00209935 9.0141e-10
-0.0422509 0.00211474 1.25848e-09
-0.0431141 0.00213293 7.83958e-10
-0.0439761 0.0021507 3.13564e-10
-0.0448359 0.00216806 3.06111e-10
-0.0456933 0.00218504 3.028e-10
-0.046548 0.00220169 3.02392e-10
-0.0473999 0.00221803 3.06324e-10
-0.0482526 0.00223397 3.00808e-10
-0.0491157 0.00224911 2.83773e-10
-0.0499841 0.00226364 2.79872e-10
-0.0508559 0.00227758 2.75983e-10
-0.0517272 0.00229106 2.72257e-10
-0.0525919 0.00230443 2.69175e-10
-0.053456 0.00231738 2.6605e-10
-0.0543194 0.00232995 2.63983e-10
-0.0551819 0.00234219 2.60816e-10
-0.0560431 0.00235412 2.56963e-10
-0.056903 0.00236577 2.539e-10
-0.0577615 0.00237717 2.5088e-10
-0.0586184 0.00238832 2.48044e-10
-0.0594739 0.00239926 2.45287e-10
-0.0603278 0.00240999 2.42811e-10
-0.0611803 0.00242053 2.3955e-10
-0.0620313 0.00243089 2.36847e-10
-0.0628806 0.0024411 2.33343e-10
-0.0637202 0.00245204 2.31926e-10
-0.0645576 0.00246295 2.29347e-10
-0.065393 0.00247386 2.26258e-10
-0.0662363 0.002485 2.29429e-10
-0.0671131 0.00249847 2.17688e-10
-0.0679898 0.00251192 2.14688e-10
-0.0688665 0.00252535 2.07901e-10
-0.0697432 0.00253873 2.00044e-10
-0.0706206 0.00255205 1.88737e-10
-0.0715073 0.00256519 1.86437e-10
-0.0724028 0.00257808 1.6327e-10
-0.0733057 0.00259065 1.63579e-10
-0.0742143 0.00260287 2.23339e-10
-0.0751253 0.00261477 1.54201e-10
-0.0760282 0.00262675 1.30874e-10
-0.0769326 0.00263845 3.66869e-11
-0.077838 0.00264991 3.18369e-11
-0.0787441 0.00266113 3.70822e-11
-0.0796506 0.00267213 -7.28878e-10
-0.0805571 0.00268293 -2.58552e-10
-0.0814633 0.00269354 -2.49872e-10
-0.082369 0.002704 -2.76327e-10
-0.0832742 0.00271431 -3.12824e-10
-0.0841785 0.0027245 -3.58255e-10
-0.085082 0.00273458 -4.04373e-10
-0.0859846 0.00274456 -3.11199e-10
-0.0868862 0.00275445 -3.66544e-10
-0.0877869 0.00276427 -6.02033e-10
-0.0886865 0.00277402 -4.75488e-10
-0.0895853 0.0027837 -5.50422e-10
-0.090483 0.00279333 -6.29261e-10
-0.0913799 0.0028029 -7.09994e-10
-0.092276 0.00281242 -7.90782e-10
-0.0931711 0.0028219 -8.6835e-10
-0.0940655 0.00283132 -9.40468e-10
-0.0949592 0.0028407 -1.00381e-09
-0.0958521 0.00285004 -1.0576e-09
-0.0967443 0.00285933 -1.09945e-09
-0.0976359 0.00286858 -1.12892e-09
-0.0985269 0.00287778 -1.14626e-09
-0.0994173 0.00288694 -1.15109e-09
-0.100307 0.00289606 -1.14445e-09
-0.101197 0.00290513 -1.12731e-09
-0.102092 0.00291385 -1.18823e-09
-0.102993 0.00292223 -1.2243e-09
-0.103898 0.00293028 -1.28823e-09
-0.104808 0.00293803 -1.00142e-09
-0.10572 0.00294551 -7.45506e-10
-0.106636 0.00295276 -7.27776e-10
-0.107553 0.00295982 -7.19223e-10
-0.108461 0.00296733 -7.12895e-10
-0.109369 0.00297474 -7.06755e-10
-0.110278 0.00298204 -7.01143e-10
-0.111187 0.00298925 -6.95275e-10
-0.112097 0.00299638 -6.90139e-10
-0.113006 0.00300343 -6.84966e-10
-0.113915 0.00301043 -6.81446e-10
-0.114824 0.00301739 -6.70728e-10
-0.115733 0.00302428 -6.68856e-10
-0.116642 0.00303114 -6.62046e-10
-0.11755 0.00303797 -6.60315e-10
-0.118457 0.00304477 -6.56228e-10
-0.119364 0.00305153 -6.51803e-10
-0.120271 0.00305828 -6.47152e-10
-0.121177 0.00306501 -6.43026e-10
-0.122083 0.00307172 -6.39125e-10
-0.122988 0.00307841 -6.34961e-10
-0.123892 0.00308509 -6.30839e-10
-0.124796 0.00309175 -6.27453e-10
-0.1257 0.00309839 -6.23258e-10
-0.126622 0.0031061 -6.32391e-10
-0.127566 0.00311488 -5.9776e-10
-0.128511 0.00312364 -6.28601e-10
-0.129458 0.00313239 -6.74499e-10
-0.130406 0.0031411 -6.10401e-10
-0.131356 0.00314976 -6.45205e-10
-0.132307 0.00315836 -6.56293e-10
-0.13326 0.00316687 -6.0797e-10
-0.134213 0.00317529 -6.22477e-10
-0.135168 0.00318359 -6.18941e-10
-0.136125 0.00319179 -6.20139e-10
-0.137082 0.00319985 -6.16374e-10
-0.138041 0.00320779 -6.16727e-10
-0.139001 0.00321557 -6.14149e-10
-0.139962 0.00322322 -6.15113e-10
-0.140924 0.0032307 -6.1354e-10
-0.141887 0.00323806 -6.12509e-10
-0.14285 0.0032453 -6.13147e-10
-0.143813 0.00325243 -6.10465e-10
-0.144777 0.00325943 -6.10536e-10
-0.145742 0.00326631 -6.24171e-10
-0.146706 0.00327308 -6.09913e-10
-0.147671 0.00327974 -6.08313e-10
-0.148636 0.0032863 -6.07485e-10
-0.149602 0.00329274 -6.05594e-10
-0.150568 0.00329909 -6.09832e-10
-0.151534 0.00330534 -6.13428e-10
-0.152501 0.00331149 -6.20268e-10
-0.153468 0.00331755 -6.11842e-10
-0.154435 0.00332351 -6.05973e-10
-0.155407 0.00332918 -6.03588e-10
-0.156383 0.00333452 -6.08936e-10
-0.157362 0.00333956 -6.14917e-10
-0.158345 0.00334431 -6.13304e-10
-0.15933 0.00334877 -6.01825e-10
-0.160318 0.00335296 -6.10039e-10
-0.161307 0.0033569 -6.05339e-10
