0 0 0
42.9242 2.68338 4.75059e-17
85.8528 5.36677 2.97638e-16
128.786 8.05016 1.71032e-16
171.723 10.7335 3.28291e-16
214.666 13.417 -4.95683e-16
257.612 16.1004 1.96085e-16
300.563 18.7838 -4.77682e-16
343.519 21.4672 9.64453e-16
371.634 22.7689 1.36748e-13
371.883 21.4021 6.57296e-13
372.113 20.1241 -8.43437e-14
372.33 18.9605 -5.12319e-12
372.517 18.106 -3.84262e-12
372.743 17.1526 6.82239e-12
372.974 16.3727 -4.97219e-12
373.205 15.8739 -6.32985e-13
373.472 15.3951 8.98508e-13
373.778 14.9366 1.263e-14
374.122 14.4978 4.41626e-13
374.505 14.0778 1.42682e-13
374.929 13.6759 7.55305e-13
375.377 13.5242 1.5353e-13
375.852 13.4483 1.30964e-13
376.368 13.3594 1.15543e-13
376.922 13.2611 1.01394e-13
377.514 13.1561 1.02097e-13
378.141 13.0465 1.01475e-13
378.801 12.9337 7.43241e-14
379.492 12.8216 7.56724e-14
380.126 12.8928 -6.23826e-12
380.638 13.1665 -3.11693e-12
381.133 13.3151 -4.59963e-11
381.674 13.237 1.84946e-11
382.148 13.3682 2.09311e-11
382.472 13.9863 -5.63239e-11
382.804 14.3728 -2.72925e-11
383.19 14.4814 -3.82574e-11
383.617 14.3944 5.4637e-12
384.058 14.1923 -3.46745e-12
384.513 13.8977 7.95403e-11
384.995 13.519 2.09358e-10
385.507 13.087 -2.3113e-11
386.037 12.6318 -3.30302e-10
386.518 12.4481 -7.35383e-11
386.853 12.8344 -2.29744e-11
387.188 13.1412 3.41709e-11
387.539 13.3436 1.22502e-10
387.915 13.4379 -4.46498e-11
388.306 13.4507 5.71569e-12
388.718 13.39 1.97094e-11
389.152 13.2691 5.24078e-11
389.595 13.1159 3.37672e-11
390.031 12.949 -6.17596e-11
390.467 12.7601 1.33501e-10
390.907 12.5464 1.12005e-10
391.373 12.3055 -1.27903e-09
391.664 12.7262 -1.06752e-10
391.951 13.1113 -8.81429e-10
392.248 13.4136 1.20153e-09
392.558 13.6393 3.43374e-10
392.879 13.7953 4.56166e-10
393.213 13.8895 7.62362e-10
393.553 13.9406 4.42811e-10
393.883 13.9783 1.37407e-09
394.209 13.9932 3.00458e-09
394.534 13.9767 6.79629e-09
394.872 13.9159 9.79835e-09
395.227 13.8115 8.0064e-08
395.589 13.6818 1.19359e-07
395.957 13.532 3.39123e-07
396.331 13.3653 -8.99053e-08
396.577 13.6459 -4.32511e-08
396.763 14.0946 2.82554e-08
396.957 14.4775 6.15377e-08
397.16 14.7976 1.27354e-07
397.373 15.0589 2.69892e-07
397.596 15.2659 5.61157e-07
397.83 15.4238 1.14997e-06
398.06 15.5617 1.99495e-06
398.271 15.7097 1.94524e-07
398.475 15.8435 7.28482e-08
398.676 15.954 1.04864e-07
398.881 16.0296 3.35227e-07
399.105 16.0508 8.72234e-07
399.334 16.044 2.68775e-07
399.567 16.0118 9.17026e-06
399.804 15.9567 9.86093e-06
400.046 15.8809 -1.52998e-05
400.293 15.7866 4.43538e-06
400.543 15.6761 4.20901e-06
400.798 15.5513 5.14968e-06
401.057 15.4144 7.53001e-06
401.319 15.2672 1.10375e-05
401.585 15.1114 1.56714e-05
401.854 14.9487 2.29104e-05
402.126 14.7806 9.85078e-07
402.409 14.6089 8.29767e-07
402.705 14.4372 6.23474e-07
403.004 14.2679 6.02799e-07
403.306 14.1014 6.11056e-07
403.552 14.0969 4.25889e-07
403.721 14.3775 2.84508e-07
403.891 14.64 3.81668e-07
404.062 14.8846 5.44191e-07
404.234 15.1114 8.08592e-07
404.406 15.3253 1.20839e-06
404.557 15.5752 1.13143e-06
404.687 15.8545 2.06472e-06
404.8 16.1516 3.71309e-06
404.901 16.4547 -1.74956e-06
404.993 16.7522 1.30084e-06
405.11 16.9778 -6.62168e-07
405.23 17.1817 -1.29356e-06
405.349 17.3685 -2.00084e-06
405.469 17.5376 -2.93841e-06
405.59 17.6879 -1.34919e-05
405.714 17.819 -1.31849e-05
405.841 17.9305 -1.13038e-05
405.972 18.0233 -1.14403e-05
406.106 18.0976 -1.26276e-05
406.245 18.1541 -1.43423e-05
406.387 18.1938 -1.64744e-05
406.534 18.2175 -1.89763e-05
406.685 18.2264 -1.39734e-05
406.839 18.2218 -1.95593e-05
406.998 18.2048 -7.51551e-06
407.16 18.1762 -6.05e-06
407.326 18.1375 -6.6296e-06
407.495 18.0895 -7.36366e-06
407.667 18.0334 -8.22928e-06
407.842 17.9699 -9.22832e-06
408.02 17.8999 -1.03384e-05
408.2 17.8243 -1.152e-05
408.382 17.7436 -1.27384e-05
408.567 17.6587 -1.3951e-05
408.753 17.5701 -1.74089e-05
408.942 17.4782 -5.56007e-06
409.132 17.3837 -5.57178e-06
409.323 17.2869 -5.57921e-06
409.516 17.1883 -5.54342e-06
409.711 17.0881 -5.47476e-06
409.902 16.9955 -5.54373e-06
410.076 16.9302 -5.78343e-06
410.24 16.8824 -6.22768e-06
410.393 16.8476 -6.10776e-06
410.539 16.8216 -3.82305e-06
410.678 16.8006 -2.09686e-06
410.814 16.7809 -2.03722e-06
410.951 16.7544 -1.95264e-06
411.107 16.6982 -1.87098e-06
411.262 16.6398 -1.78503e-06
411.418 16.5789 -1.71387e-06
411.573 16.5158 -1.64225e-06
411.729 16.4501 -1.57516e-06
411.886 16.3817 -1.50462e-06
412.043 16.3108 -1.44785e-06
412.201 16.2372 -1.47211e-06
412.36 16.1613 -1.35995e-06
412.521 16.0825 -1.27365e-06
412.683 16.0013 -1.23238e-06
412.847 15.9177 -1.17578e-06
413.012 15.8321 -1.17014e-06
413.178 15.7443 -1.10487e-06
413.346 15.6549 -1.06148e-06
413.515 15.5639 -1.03468e-06
413.686 15.4716 -9.99564e-07
413.859 15.378 -9.51053e-07
414.032 15.2834 -9.15106e-07
414.208 15.1879 -8.94498e-07
414.384 15.0918 -8.56552e-07
414.484 15.2521 1.70728e-07
414.533 15.5743 9.60934e-08
414.578 15.8954 1.50515e-07
414.62 16.2152 1.12147e-08
414.659 16.5332 -8.90808e-09
414.695 16.8488 -2.11451e-08
414.728 17.1616 2.13721e-07
414.758 17.4708 -4.45693e-07
414.786 17.7761 -3.84111e-08
414.811 18.0769 -8.64297e-08
414.834 18.3727 -1.89145e-07
414.855 18.6631 -1.82743e-07
414.874 18.9475 -2.06208e-07
414.892 19.2255 -2.2032e-07
414.908 19.4968 -2.28734e-07
414.923 19.7609 -2.29608e-07
414.937 20.0174 -2.18609e-07
414.951 20.2655 -2.22655e-07
414.966 20.5027 -2.68243e-07
414.981 20.729 -2.5675e-07
414.998 20.9447 -2.38791e-07
415.016 21.15 -2.2996e-07
415.035 21.3453 -2.30557e-07
415.055 21.5307 -1.92791e-07
415.076 21.7065 -3.03922e-07
415.099 21.873 -2.24105e-07
415.123 22.0304 -1.24999e-07
415.148 22.1793 -2.15677e-07
415.174 22.3196 -1.94107e-07
415.202 22.4517 -2.59305e-07
