0 0 0
42.9242 2.68339 1.51348e-16
85.8529 5.36678 -9.65368e-17
128.786 8.05017 1.90251e-16
171.724 10.7336 -3.09901e-16
214.666 13.417 -1.17222e-15
257.612 16.1004 1.88578e-15
300.563 18.7838 -1.24145e-15
343.519 21.4673 2.77952e-15
371.754 22.1199 -2.58636e-11
372.529 18.2227 1.95778e-14
373.779 15.4811 2.1558e-12
375.295 14.6079 -2.24572e-12
376.823 14.1658 -1.03967e-10
378.268 14.2771 5.28191e-12
379.599 14.628 -2.72226e-10
381.185 14.0484 -3.56014e-10
382.934 13.1368 -1.67672e-09
384.754 12.3498 3.25164e-10
385.842 14.0992 7.15088e-10
386.962 15.121 8.98154e-10
388.197 15.4903 -1.98861e-11
389.533 15.412 2.84138e-11
390.949 15.0908 -9.37093e-12
392.429 14.654 -6.43378e-13
393.96 14.1739 -1.62195e-10
395.533 13.6889 -2.11129e-10
396.98 13.6843 4.16404e-11
397.856 15.3181 2.57812e-11
398.703 16.6472 -3.77711e-11
399.548 17.6631 -4.25468e-11
400.41 18.3811 -1.48332e-10
401.299 18.8367 -2.61402e-10
402.217 19.0761 -1.77209e-10
403.162 19.1459 -1.69897e-10
404.13 19.0882 -2.91403e-12
405.117 18.9373 -7.35358e-11
406.118 18.7204 -9.13929e-11
407.129 18.4582 6.095e-12
408.086 18.2708 -1.63707e-10
408.986 18.1276 3.44479e-11
409.864 17.9685 3.20717e-10
410.78 17.7387 6.54411e-11
411.699 17.4727 -1.08554e-11
412.622 17.1799 -4.25311e-10
413.552 16.8674 1.23404e-10
414.488 16.541 1.89147e-10
415.431 16.2057 -1.12315e-10
416.38 15.8658 3.86108e-10
417.144 16.2841 2.50258e-09
417.777 17.1232 8.17056e-09
418.368 17.9823 -5.61158e-09
418.915 18.8642 6.13666e-09
419.413 19.7686 -1.27979e-09
419.86 20.6914 -1.18094e-08
420.253 21.6248 -2.07956e-09
420.595 22.5571 -8.611e-10
420.888 23.4745 2.63558e-09
421.137 24.3614 -6.05175e-10
421.35 25.2028 -1.76773e-09
421.533 25.9862 5.91476e-09
421.695 26.702 9.16977e-10
421.842 27.3441 -4.33589e-10
421.979 27.9096 8.7067e-09
422.118 28.3892 -1.31508e-09
422.275 28.7689 -8.77312e-09
422.448 29.0638 2.92567e-08
422.635 29.2867 -6.3129e-09
422.834 29.4483 1.68716e-09
423.043 29.5577 -1.30087e-09
423.261 29.6223 2.29605e-09
423.487 29.6484 -4.29749e-09
423.72 29.6413 -7.36387e-09
423.958 29.6054 -6.59516e-10
424.2 29.5444 -2.71002e-09
424.408 29.5415 -7.96193e-10
424.546 29.6549 -4.04544e-09
424.65 29.8042 1.68035e-09
424.754 29.9337 9.14595e-09
424.886 29.995 1.06692e-08
425.023 30.0194 1.28858e-08
425.168 30.0089 1.98989e-08
425.321 29.9649 2.28189e-09
425.483 29.8891 -1.16946e-08
425.655 29.7837 2.08404e-08
425.836 29.6511 -1.6249e-08
426.025 29.4943 -2.84154e-08
426.222 29.3162 4.60353e-08
426.427 29.1197 8.17237e-09
426.637 28.9074 -3.39563e-08
426.854 28.6819 1.98931e-08
427.075 28.4454 -4.22733e-08
427.3 28.1999 5.19844e-08
427.528 27.9474 -3.80549e-08
427.759 27.6893 9.56527e-09
427.993 27.427 5.59998e-08
428.229 27.1617 1.83919e-09
428.466 26.8944 1.20233e-09
428.704 26.6261 7.80981e-08
428.944 26.3574 2.24376e-08
429.184 26.089 -1.05891e-09
429.425 25.8214 3.44619e-08
429.666 25.5552 3.49511e-09
429.908 25.2906 3.28531e-08
430.149 25.028 -5.84217e-08
430.391 24.7676 4.09788e-08
430.633 24.5097 -1.38512e-07
430.874 24.2544 -5.98452e-08
431.116 24.0018 1.92597e-07
431.357 23.7521 -3.11304e-08
431.598 23.5053 -1.43355e-07
431.839 23.2615 5.15229e-08
432.079 23.0208 2.76658e-07
432.319 22.783 8.92341e-08
432.559 22.5483 3.34307e-08
432.798 22.3167 3.88584e-08
433.037 22.0881 2.29165e-07
433.276 21.8625 3.54832e-08
433.514 21.6399 9.93673e-08
433.752 21.4202 1.45385e-07
433.99 21.2035 -3.84446e-08
434.227 20.9896 -5.12248e-10
