0 0
-0.000494736 1.25
-0.00197894 2.5
-0.00445263 3.75
-0.00791579 5
-0.0123684 6.25
-0.0178106 7.5
-0.0242422 8.75
-0.0316634 10
-0.0396885 11.25
-0.0491575 12.5
-0.0594261 13.75
-0.0709281 15
-0.083006 16.25
-0.0965299 17.5
-0.111076 18.75
-0.125555 20
-0.14208 21.25
-0.159631 22.5
-0.178207 23.75
-0.197808 25
-0.218433 26.25
-0.240082 27.5
-0.258808 28.75
-0.282265 30
-0.306753 31.25
-0.33227 32.5
-0.358793 33.75
-0.386253 35
-0.414787 36.25
-0.444406 37.5
-0.476274 38.75
-0.527748 40
-0.608465 41.25
-0.701532 42.5
-0.79204 43.75
-0.884534 45
-1.00855 46.25
-1.14013 47.5
-1.27297 48.75
-1.40233 50
-1.53029 51.25
-1.6602 52.5
-1.79087 53.75
-1.91954 55
-2.04465 56.25
-2.16818 57.5
-2.29022 58.75
-2.43204 60
-2.58025 61.25
-2.73024 62.5
-2.87928 63.75
-3.02743 65
-3.17555 66.25
-3.32238 67.5
-3.4681 68.75
-3.61371 70
-3.76191 71.25
-3.9121 72.5
-4.06341 73.75
-4.21424 75
-4.36804 76.25
-4.53851 77.5
-4.70969 78.75
-4.8814 80
-5.05348 81.25
-5.22583 82.5
-5.39838 83.75
-5.57123 85
-5.74665 86.25
-5.92467 87.5
-6.10465 88.75
-6.286 90
-6.46641 91.25
-6.64644 92.5
-6.82699 93.75
-7.008 95
-7.18943 96.25
-7.3816 97.5
-7.5846 98.75
-7.78835 100
-7.99273 101.25
-8.19762 102.5
-8.40293 103.75
-8.60864 105
-8.81469 106.25
-9.02291 107.5
-9.23497 108.75
-9.44948 110
-9.66596 111.25
-9.88402 112.5
-10.1013 113.75
-10.319 115
-10.5378 116.25
-10.7573 117.5
-10.9777 118.75
-11.1989 120
-11.4208 121.25
-11.6434 122.5
-11.8667 123.75
-12.0907 125
-12.3153 126.25
-12.5406 127.5
-12.7667 128.75
-12.9934 130
-13.2206 131.25
-13.446 132.5
-13.6718 133.75
-13.8982 135
-14.1251 136.25
-14.3551 137.5
-14.5975 138.75
-14.8409 140
-15.0855 141.25
-15.3311 142.5
-15.5778 143.75
-15.8265 145
-16.079 146.25
-16.3349 147.5
-16.5938 148.75
-16.8554 150
-17.1193 151.25
-17.3821 152.5
-17.6457 153.75
-17.9107 155
-18.177 156.25
-18.4446 157.5
-18.7133 158.75
-18.9831 160
-19.2539 161.25
-19.5257 162.5
-19.7984 163.75
-20.072 165
-20.3464 166.25
-20.6217 167.5
-20.8978 168.75
-21.1748 170
-21.4525 171.25
-21.731 172.5
-22.0104 173.75
-22.2906 175
-22.5715 176.25
-22.8534 177.5
-23.136 178.75
-23.4195 180
-23.7039 181.25
-23.9891 182.5
-24.2751 183.75
-24.5621 185
-24.85 186.25
-25.1387 187.5
-25.4284 188.75
-25.7189 190
-26.0104 191.25
-26.3028 192.5
-26.5968 193.75
-26.8939 195
-27.1934 196.25
-27.4952 197.5
-27.7992 198.75
-28.1052 200
-28.413 201.25
-28.7223 202.5
-29.0316 203.75
-29.3405 205
-29.6507 206.25
-29.9621 207.5
-30.2746 208.75
-30.5882 210
-30.903 211.25
-31.2187 212.5
-31.5356 213.75
-31.8534 215
-32.1722 216.25
-32.492 217.5
-32.8128 218.75
-33.1346 220
-33.4573 221.25
-33.7809 222.5
-34.1055 223.75
-34.431 225
-34.7574 226.25
-35.0848 227.5
-35.4131 228.75
-35.7424 230
-36.0726 231.25
-36.4038 232.5
-36.7431 233.75
-37.0893 235
-37.437 236.25
-37.7862 237.5
-38.1369 238.75
-38.489 240
-38.8427 241.25
-39.1978 242.5
-39.5544 243.75
-39.9124 245
-40.2719 246.25
-40.6329 247.5
-40.9953 248.75
-41.3591 250
