0 0 0
-1.60664e-10 -25194.5 -3.84217e+07
-6.80316e-10 -50389.2 -7.68434e+07
-1.44368e-09 -75583.9 -1.15265e+08
-2.51646e-09 -100779 -1.53687e+08
-3.8533e-09 -125974 -1.92109e+08
-5.38739e-09 -151170 -2.30531e+08
-7.16284e-09 -176365 -2.68953e+08
-8.99718e-09 -201562 -3.07375e+08
-8.40285e-06 -222538 -3.39362e+08
-0.000132969 -230994 -3.52254e+08
-6.86032e-05 -236069 -3.5999e+08
-0.000484774 -239146 -3.6468e+08
-0.000893566 -241529 -3.68311e+08
-0.00135555 -243112 -3.70722e+08
-0.00344748 -243984 -3.72048e+08
-0.00270406 -244886 -3.73421e+08
-0.00233369 -245821 -3.74842e+08
-0.0013523 -246789 -3.76313e+08
5.70667e-07 -247329 -3.77132e+08
-1.37297e-08 -247766 -3.77795e+08
-1.39962e-08 -248240 -3.78512e+08
-1.33232e-08 -248748 -3.79281e+08
-1.20699e-08 -249289 -3.801e+08
-1.17552e-08 -249861 -3.80966e+08
-0.000326005 -249426 -3.80294e+08
-2.44351e-06 -245816 -3.74772e+08
0.000273048 -242231 -3.69286e+08
0.0180855 -237797 -3.62503e+08
0.000555811 -231764 -3.53279e+08
0.000124556 -226193 -3.4476e+08
0.000809015 -221340 -3.37339e+08
-6.90306e-05 -216693 -3.30231e+08
-0.00388692 -212657 -3.24056e+08
-0.00175789 -209284 -3.18894e+08
-0.00128658 -206140 -3.1408e+08
0.0427555 -202519 -3.08537e+08
0.0154249 -199090 -3.03286e+08
0.0107753 -196168 -2.9881e+08
0.0198918 -193550 -2.94798e+08
9.6357e-05 -191216 -2.91218e+08
1.77135e-05 -189048 -2.87894e+08
0.000606533 -186908 -2.8461e+08
0.00067671 -184867 -2.8148e+08
-0.0834792 -182947 -2.78531e+08
0.00862937 -180835 -2.7529e+08
0.00439193 -178881 -2.72288e+08
0.00282573 -177083 -2.69526e+08
0.00213316 -175436 -2.66994e+08
0.00562322 -173880 -2.64601e+08
0.000514623 -172294 -2.62161e+08
0.000933382 -170723 -2.59746e+08
-0.000795337 -169280 -2.57524e+08
-4.84255e-06 -167970 -2.55506e+08
0.000237773 -166741 -2.53611e+08
-0.00145253 -165560 -2.51791e+08
-0.0074725 -164207 -2.49705e+08
0.00237628 -162936 -2.47745e+08
0.000453575 -161748 -2.45911e+08
0.00145703 -160639 -2.44198e+08
0.0010691 -159606 -2.42599e+08
0.000477763 -158566 -2.40992e+08
0.0658841 -157474 -2.39304e+08
0.00182719 -156368 -2.37595e+08
-0.000314837 -155338 -2.36003e+08
-0.000248511 -154388 -2.34532e+08
0.000729578 -153478 -2.33121e+08
0.000109003 -152609 -2.31775e+08
0.000137204 -151783 -2.30493e+08
0.000162645 -151001 -2.29277e+08
0.00017774 -150261 -2.28126e+08
0.000185289 -149562 -2.27038e+08
0.000187571 -148903 -2.2601e+08
0.000408805 -148281 -2.2504e+08
-0.00639425 -147695 -2.24123e+08
0.00999871 -147138 -2.23251e+08
0.00221014 -146611 -2.22425e+08
5.7022e-07 -146069 -2.21574e+08
0.00115612 -145501 -2.20685e+08
0.00109904 -144959 -2.19834e+08
0.00102859 -144441 -2.1902e+08
0.00285523 -143922 -2.18204e+08
0.00146596 -143345 -2.17299e+08
0.00275808 -142724 -2.16329e+08
0.000347524 -142079 -2.15322e+08
3.01042e-05 -141472 -2.14372e+08
-1.05232e-05 -140902 -2.13478e+08
0.00217223 -140341 -2.12598e+08
0.00037242 -139792 -2.11736e+08
0.00052903 -139256 -2.10895e+08
0.000719718 -138737 -2.10079e+08
0.00164506 -138236 -2.09289e+08
0.00196181 -137752 -2.08527e+08
0.00155017 -137287 -2.07793e+08
0.00173048 -136839 -2.07086e+08
0.00185164 -136410 -2.06406e+08
0.001927 -135998 -2.05753e+08
0.00196612 -135603 -2.05125e+08
0.00197679 -135224 -2.04521e+08
0.001963 -134860 -2.0394e+08
0.00192865 -134510 -2.03381e+08
0.00188143 -134173 -2.02843e+08
0.00182513 -133850 -2.02324e+08
0.00176307 -133539 -2.01824e+08
0.00169927 -133239 -2.01341e+08
0.0016316 -132951 -2.00874e+08
0.00156466 -132673 -2.00424e+08
0.00149844 -132404 -1.99988e+08
0.00322758 -132122 -1.99532e+08
0.000370477 -131818 -1.99041e+08
0.00033641 -131497 -1.98526e+08
0.000582714 -131166 -1.97994e+08
0.000412007 -130829 -1.97454e+08
0.000386561 -130505 -1.96933e+08
-0.0012199 -130208 -1.96454e+08
-5.52116e-05 -129915 -1.9598e+08
6.19329e-05 -129626 -1.95513e+08
-0.0040552 -129343 -1.95054e+08
-0.00654007 -129065 -1.94604e+08
0.000103099 -128793 -1.94162e+08
1.69601e-05 -128528 -1.93731e+08
0.00148105 -128270 -1.93309e+08
0.00122053 -128018 -1.92898e+08
0.00114126 -127773 -1.92498e+08
0.0011365 -127536 -1.92108e+08
0.00057546 -127305 -1.91728e+08
0.000605676 -127081 -1.91359e+08
0.000627895 -126864 -1.91e+08
0.000643224 -126653 -1.9065e+08
0.00291402 -126423 -1.9027e+08
0.000693193 -126192 -1.89889e+08
-0.0022107 -125967 -1.89516e+08
0.000339086 -125747 -1.89151e+08
-0.00222754 -125532 -1.88794e+08
0.000539624 -125323 -1.88445e+08
0.00053188 -125119 -1.88104e+08
0.00070818 -124920 -1.87769e+08
0.000903326 -124725 -1.87442e+08
-0.00871488 -124536 -1.87122e+08
1.51149e-06 -124350 -1.86809e+08
-7.18401e-07 -124170 -1.86503e+08
-0.00133499 -123994 -1.86203e+08
-0.00380909 -123822 -1.8591e+08
0.0155049 -123655 -1.85623e+08
-0.000179564 -123491 -1.85343e+08
0.000682637 -123332 -1.85068e+08
0.000726622 -123177 -1.84799e+08
0.000776287 -123025 -1.84536e+08
0.000823566 -122877 -1.84278e+08
0.000873477 -122733 -1.84026e+08
0.000917381 -122592 -1.83779e+08
0.000963311 -122455 -1.83537e+08
0.00138474 -122314 -1.83289e+08
0.00179841 -122150 -1.83007e+08
0.00229883 -121970 -1.82701e+08
0.00284343 -121777 -1.82375e+08
0.00415501 -121574 -1.82034e+08
-0.00253252 -121365 -1.81683e+08
0.000757927 -121157 -1.81335e+08
-0.000114929 -120973 -1.81022e+08
0.000432957 -120789 -1.80709e+08
0.000946852 -120605 -1.80397e+08
9.93488e-05 -120423 -1.80086e+08
0.00588726 -120242 -1.79778e+08
-0.0035666 -120063 -1.79472e+08
1.91389e-05 -119886 -1.7917e+08
2.18482e-06 -119712 -1.78872e+08
-2.00037e-05 -119541 -1.78579e+08
0.00217156 -119373 -1.7829e+08
0.00239219 -119208 -1.78006e+08
0.00262623 -119047 -1.77727e+08
0.00142406 -118890 -1.77454e+08
0.0015497 -118736 -1.77185e+08
0.00164732 -118585 -1.76922e+08
0.00174975 -118438 -1.76665e+08
0.00183007 -118295 -1.76413e+08
0.0019039 -118155 -1.76165e+08
0.00196596 -118019 -1.75923e+08
0.00203388 -117886 -1.75686e+08
0.00207042 -117756 -1.75454e+08
0.0021 -117629 -1.75226e+08
0.00212098 -117506 -1.75003e+08
0.00214506 -117385 -1.74784e+08
0.00216103 -117267 -1.74569e+08
0.00397853 -117153 -1.74359e+08
0.00404123 -117040 -1.74153e+08
0.00402649 -116931 -1.7395e+08
0.00399121 -116824 -1.73752e+08
0.00398525 -116720 -1.73557e+08
0.00402956 -116618 -1.73365e+08
0.00402101 -116518 -1.73177e+08
0.00396085 -116420 -1.72992e+08
0.00391402 -116325 -1.72811e+08
0.00395179 -116232 -1.72632e+08
0.0038894 -116141 -1.72457e+08
0.00381334 -116052 -1.72284e+08
0.00376931 -115965 -1.72114e+08
0.00373933 -115880 -1.71947e+08
0.00366818 -115796 -1.71783e+08
0.00360642 -115715 -1.71621e+08
0.00355741 -115635 -1.71462e+08
