0 0 0
-0.000224688 3.6524e-05 -8.63033e-22
-0.000449352 7.3048e-05 1.34659e-22
-0.000673994 0.000109572 2.83301e-21
-0.000898614 0.000146096 -2.48633e-22
-0.00112321 0.00018262 4.38953e-21
-0.00134779 0.000219145 -1.23807e-20
-0.00157234 0.000255669 -1.45274e-20
-0.00179687 0.000292194 -7.39204e-23
-0.00208 0.000334314 -7.20238e-18
-0.00253944 0.000390721 -2.92159e-17
-0.0030475 0.000449923 -2.48154e-17
-0.00357936 0.000510444 -1.04741e-17
-0.0041244 0.000569849 7.75402e-17
-0.00467499 0.000628637 -7.89128e-17
-0.00524044 0.000689477 -4.93299e-17
-0.0058058 0.000747678 1.12365e-17
-0.00637103 0.000803401 -2.62226e-17
-0.0069361 0.000856774 1.72769e-18
-0.00749555 0.000911729 1.80026e-18
-0.00806675 0.000969538 -5.86543e-18
-0.00863759 0.0010265 -5.10419e-18
-0.00920809 0.00108261 -4.76515e-18
-0.00977828 0.00113785 -4.74189e-18
-0.0103482 0.00119221 -4.90193e-18
-0.0109308 0.00124575 1.65233e-16
-0.0116624 0.00129631 5.43797e-17
-0.0125266 0.00134054 5.86072e-16
-0.0133781 0.0013799 9.48163e-15
-0.0143574 0.00142306 9.3237e-16
-0.0154046 0.00146217 -4.44093e-15
-0.0164182 0.00149657 -5.92239e-15
-0.0174133 0.001527 5.9793e-14
-0.0184071 0.00155349 9.94852e-15
-0.0193703 0.00157779 1.20391e-14
-0.020304 0.00160053 1.45067e-14
-0.0212481 0.00162555 -1.18702e-15
-0.0222693 0.00165573 2.02885e-15
-0.0232911 0.0016842 4.66181e-15
-0.0242903 0.00171131 5.10532e-15
-0.0252784 0.00173687 8.46999e-15
-0.0262496 0.00176144 4.27964e-15
-0.0272096 0.00178504 7.67977e-15
-0.0281767 0.00180692 5.27469e-15
-0.0291442 0.00182734 4.49616e-15
-0.0300963 0.0018472 6.2945e-15
-0.031121 0.00187335 -8.06373e-15
-0.0321481 0.00189922 4.16191e-14
-0.0331692 0.00192414 1.21418e-13
-0.0341833 0.00194818 2.44861e-13
-0.0351902 0.0019714 5.0569e-13
-0.0362029 0.00199352 1.25754e-13
-0.0372234 0.00201443 9.75556e-14
-0.0382462 0.00203422 1.03787e-13
-0.0392552 0.00205359 8.71411e-14
-0.0402587 0.00207227 1.27471e-13
-0.0412576 0.00209028 4.99553e-13
-0.042278 0.00210974 4.34449e-13
-0.0433526 0.00213223 3.71491e-13
-0.0444246 0.00215401 2.42351e-13
-0.0454923 0.00217517 1.23108e-13
-0.0465549 0.00219579 1.61166e-13
-0.0476124 0.00221594 1.64378e-13
-0.048678 0.00223516 1.77923e-13
-0.0497549 0.00225336 1.40187e-13
-0.0508374 0.00227063 1.35517e-13
-0.051917 0.0022873 2.05976e-13
-0.0529893 0.00230359 6.49528e-13
-0.0540603 0.00231928 6.7441e-13
-0.0551295 0.00233444 3.83216e-14
-0.0561964 0.00234912 4.30632e-13
-0.0572608 0.00236338 4.99146e-13
-0.0583226 0.00237725 1.16774e-12
-0.0593817 0.00239078 1.55433e-12
-0.060438 0.002404 1.71771e-12
-0.0614918 0.00241692 1.94467e-12
-0.062543 0.00242956 1.00587e-12
-0.0635865 0.00244252 9.89238e-13
-0.0646214 0.00245594 6.93048e-13
-0.065653 0.00246935 4.66843e-13
-0.0667306 0.00248527 1.12003e-12
-0.0678146 0.00250185 5.72277e-12
-0.0688983 0.00251838 8.62965e-12
-0.0699816 0.00253482 1.23351e-11
-0.0710714 0.00255109 1.89556e-11
-0.0721761 0.00256698 1.60128e-11
-0.0732925 0.00258236 7.82444e-13
-0.0744173 0.00259719 -5.21836e-12
-0.0755374 0.00261182 1.88009e-11
-0.0766541 0.00262623 5.1067e-11
-0.0777723 0.00264025 4.4005e-11
-0.0788912 0.00265391 1.87793e-10
-0.0800102 0.00266724 1.91154e-10
-0.0811287 0.00268028 1.96203e-10
-0.0822464 0.00269308 2.06672e-10
-0.0833628 0.00270566 1.61102e-10
-0.0844777 0.00271805 1.75298e-10
-0.085591 0.00273029 1.88883e-10
-0.0867027 0.00274239 2.06797e-10
-0.0878126 0.00275438 2.25566e-10
-0.0889208 0.00276626 2.42399e-10
-0.0900274 0.00277805 2.5706e-10
-0.0911323 0.00278976 2.70228e-10
-0.0922357 0.00280139 2.80312e-10
-0.0933377 0.00281294 2.86933e-10
-0.0944382 0.00282442 2.90588e-10
-0.0955375 0.00283584 2.91554e-10
-0.0966355 0.00284718 2.88078e-10
-0.0977324 0.00285846 2.84321e-10
-0.0988282 0.00286968 2.77813e-10
-0.099923 0.00288083 2.70305e-10
-0.101017 0.0028919 2.61592e-10
-0.10212 0.00290245 2.03677e-10
-0.10323 0.00291249 2.00776e-10
-0.104347 0.00292205 1.98036e-10
-0.105469 0.0029312 1.95849e-10
-0.106595 0.00294 1.94111e-10
-0.107718 0.00294881 1.92474e-10
-0.108835 0.00295788 1.90469e-10
-0.109952 0.0029668 1.88696e-10
-0.111069 0.00297557 1.8823e-10
-0.112186 0.00298423 1.88568e-10
-0.113303 0.0029928 1.8342e-10
-0.11442 0.00300127 1.84468e-10
-0.115536 0.00300967 1.80201e-10
-0.116652 0.00301801 1.79602e-10
-0.117766 0.00302631 1.80615e-10
-0.11888 0.00303456 1.77865e-10
-0.119993 0.00304277 1.77271e-10
-0.121105 0.00305096 1.76481e-10
-0.122216 0.00305911 1.74363e-10
-0.123326 0.00306724 1.74155e-10
-0.124435 0.00307535 1.72329e-10
-0.125556 0.00308418 1.78423e-10
-0.126716 0.00309488 1.87154e-10
-0.127878 0.00310556 1.7652e-10
-0.129042 0.00311617 1.81919e-10
-0.130208 0.00312668 1.79751e-10
-0.131376 0.00313707 1.75844e-10
-0.132546 0.00314731 1.812e-10
-0.133718 0.00315737 1.67471e-10
-0.134892 0.00316723 1.75543e-10
-0.136068 0.00317687 1.76208e-10
-0.137245 0.00318631 1.7232e-10
-0.138422 0.00319557 1.78455e-10
-0.1396 0.00320463 1.70317e-10
-0.140778 0.00321351 1.67495e-10
-0.141957 0.00322221 1.71788e-10
-0.143136 0.00323072 1.70213e-10
-0.144315 0.00323906 1.84342e-10
-0.145495 0.00324724 1.12509e-10
-0.146675 0.00325524 1.22592e-10
-0.147856 0.00326309 1.38371e-10
-0.149037 0.00327078 1.49242e-10
-0.150218 0.00327832 1.54975e-10
-0.151399 0.00328572 1.47829e-10
-0.152581 0.00329298 1.54474e-10
-0.153763 0.0033001 1.53811e-10
-0.154952 0.00330675 1.55689e-10
-0.156146 0.00331293 1.55287e-10
-0.157345 0.00331866 1.53273e-10
-0.158549 0.00332396 1.54505e-10
-0.159755 0.00332886 1.5771e-10
-0.160964 0.0033334 1.55069e-10
-0.16217 0.00333803 1.54614e-10
-0.163374 0.00334269 1.5749e-10
-0.164579 0.00334712 1.51066e-10
-0.165785 0.00335135 1.37298e-10
-0.166992 0.0033554 1.44829e-10
-0.168199 0.00335928 1.35481e-10
-0.169406 0.00336302 1.04223e-10
-0.170614 0.00336663 2.82186e-11
-0.171822 0.00337013 7.83788e-11
-0.17303 0.00337353 1.24878e-10
-0.174238 0.00337684 1.29488e-10
-0.175447 0.00338008 1.27803e-10
-0.176655 0.00338326 1.37906e-10
-0.177863 0.00338639 1.32413e-10
-0.179071 0.00338948 1.36749e-10
-0.180279 0.00339253 1.37047e-10
-0.181487 0.00339555 1.49045e-10
-0.182695 0.00339856 1.37501e-10
-0.183902 0.00340154 1.51439e-10
-0.18511 0.00340451 1.37856e-10
-0.186317 0.00340747 1.43724e-10
-0.187524 0.00341042 1.35669e-10
-0.188731 0.00341337 1.43769e-10
-0.189939 0.00341631 1.41181e-10
-0.191146 0.00341925 1.32185e-10
-0.192353 0.0034222 1.31219e-10
-0.19356 0.00342515 1.35577e-10
-0.194767 0.00342809 1.31734e-10
-0.195973 0.00343104 1.40256e-10
-0.19718 0.003434 1.45783e-10
-0.198387 0.00343696 1.46106e-10
-0.199594 0.00343992 1.44315e-10
-0.200801 0.00344289 1.55738e-10
-0.202008 0.00344587 1.42405e-10
-0.203216 0.00344885 1.4451e-10
-0.204423 0.00345183 1.37044e-10
-0.20563 0.00345482 1.41141e-10
