0 0
-0.000494736 1.25
-0.00197894 2.5
-0.00445263 3.75
-0.00791579 5
-0.0123684 6.25
-0.0178106 7.5
-0.0242422 8.75
-0.0316634 10
-0.03986 11.25
-0.0492177 12.5
-0.0596682 13.75
-0.0709583 15
-0.0834957 16.25
-0.0965099 17.5
-0.111062 18.75
-0.126638 20
-0.143202 21.25
-0.159052 22.5
-0.177557 23.75
-0.197091 25
-0.217653 26.25
-0.239139 27.5
-0.26175 28.75
-0.293005 30
-0.364108 31.25
-0.443599 32.5
-0.54053 33.75
-0.661296 35
-0.778522 36.25
-0.89311 37.5
-1.00817 38.75
-1.11672 40
-1.22147 41.25
-1.34669 42.5
-1.47672 43.75
-1.60396 45
-1.72978 46.25
-1.85272 47.5
-1.97556 48.75
-2.10103 50
-2.2265 51.25
-2.36192 52.5
-2.50526 53.75
-2.64844 55
-2.7912 56.25
-2.93365 57.5
-3.07902 58.75
-3.22697 60
-3.37496 61.25
-3.52156 62.5
-3.66822 63.75
-3.8183 65
-3.98447 66.25
-4.15118 67.5
-4.31805 68.75
-4.48466 70
-4.65186 71.25
-4.82334 72.5
-4.99761 73.75
-5.17299 75
-5.34755 76.25
-5.52286 77.5
-5.69878 78.75
-5.87521 80
-6.05209 81.25
-6.22938 82.5
-6.40707 83.75
-6.58517 85
-6.76372 86.25
-6.94218 87.5
-7.11898 88.75
-7.29672 90
-7.48721 91.25
-7.6787 92.5
-7.87116 93.75
-8.06524 95
-8.26389 96.25
-8.46661 97.5
-8.67252 98.75
-8.87819 100
-9.08449 101.25
-9.29214 102.5
-9.50096 103.75
-9.71077 105
-9.92143 106.25
-10.1328 107.5
-10.3449 108.75
-10.5577 110
-10.771 111.25
-10.985 112.5
-11.1996 113.75
-11.4148 115
-11.6306 116.25
-11.8471 117.5
-12.0643 118.75
-12.2822 120
-12.5008 121.25
-12.7202 122.5
-12.9403 123.75
-13.1612 125
-13.3838 126.25
-13.6096 127.5
-13.8383 128.75
-14.0694 130
-14.3025 131.25
-14.536 132.5
-14.7691 133.75
-15.0034 135
-15.2388 136.25
-15.4751 137.5
-15.7124 138.75
-15.9507 140
-16.1898 141.25
-16.4297 142.5
-16.6704 143.75
-16.912 145
-17.1543 146.25
-17.3974 147.5
-17.6413 148.75
-17.8864 150
-18.1444 151.25
-18.4039 152.5
-18.6651 153.75
-18.9278 155
-19.1921 156.25
-19.458 157.5
-19.7254 158.75
-19.9942 160
-20.2643 161.25
-20.5355 162.5
-20.8078 163.75
-21.0813 165
-21.356 166.25
-21.6318 167.5
-21.9087 168.75
-22.1867 170
-22.4659 171.25
-22.7462 172.5
-23.0276 173.75
-23.3101 175
-23.5937 176.25
-23.8786 177.5
-24.1661 178.75
-24.456 180
-24.7481 181.25
-25.0422 182.5
-25.3379 183.75
-25.6346 185
-25.9315 186.25
-26.2296 187.5
-26.529 188.75
-26.8297 190
-27.1314 191.25
-27.4344 192.5
-27.7384 193.75
-28.0435 195
-28.3497 196.25
-28.657 197.5
-28.9653 198.75
-29.2746 200
-29.5849 201.25
-29.8963 202.5
-30.2087 203.75
-30.5221 205
-30.8365 206.25
-31.1519 207.5
-31.4684 208.75
-31.7858 210
-32.1044 211.25
-32.4239 212.5
-32.7445 213.75
-33.0662 215
-33.3888 216.25
-33.7126 217.5
-34.0374 218.75
-34.3633 220
-34.6902 221.25
-35.0182 222.5
-35.3473 223.75
-35.6774 225
-36.0086 226.25
-36.341 227.5
-36.6744 228.75
-37.0089 230
-37.3445 231.25
-37.6812 232.5
-38.019 233.75
-38.3579 235
-38.6979 236.25
-39.039 237.5
-39.3813 238.75
-39.7246 240
-40.0691 241.25
-40.4147 242.5
-40.7614 243.75
-41.1093 245
-41.4582 246.25
-41.8083 247.5
-42.1596 248.75
-42.5119 250
