-2.60471e-05 8.41831e-11 -3.45259e-27
-5.20943e-05 1.67062e-10 -6.85168e-27
-7.81415e-05 2.48627e-10 -1.01969e-26
-0.000104189 3.28872e-10 -1.3488e-26
-0.000130236 4.07787e-10 -1.67245e-26
-0.000156283 4.85363e-10 -1.99061e-26
-0.000182331 5.61593e-10 -2.30325e-26
-0.000208378 6.36467e-10 -2.61033e-26
-0.000234426 7.09976e-10 -2.91182e-26
-0.000260473 7.82113e-10 -3.20767e-26
-0.000260473 9.60137e-10 -3.9378e-26
-0.000260473 1.74669e-09 -7.16368e-26
-0.000260473 3.52042e-09 -1.44383e-25
-0.000260473 6.52176e-09 -2.67476e-25
-0.000260473 1.07546e-08 -4.41077e-25
-0.000260473 1.57484e-08 -6.45886e-25
-0.000260473 2.07792e-08 -8.52215e-25
-0.000260473 2.51267e-08 -1.03052e-24
-0.000260473 2.79849e-08 -1.14774e-24
-0.000260473 2.83618e-08 -1.1632e-24
-0.000260473 2.51833e-08 -1.03284e-24
-0.000260473 1.74087e-08 -7.1398e-25
-0.000260473 4.17656e-09 -1.71293e-25
-0.000260473 -1.50422e-08 6.16926e-25
-0.000260473 -4.05759e-08 1.66414e-24
-0.000260473 -7.27039e-08 2.9818e-24
-0.000260473 -1.11477e-07 4.57201e-24
-0.000260473 -1.56524e-07 6.4195e-24
-0.000260473 -2.07231e-07 8.49915e-24
-0.000260473 -2.62956e-07 1.07846e-23
-0.000260473 -3.22709e-07 1.32352e-23
-0.000260473 -3.84804e-07 1.57819e-23
-0.000260473 -4.47206e-07 1.83412e-23
-0.000260473 -5.079e-07 2.08305e-23
-0.000260473 -5.65037e-07 2.31738e-23
-0.000260473 -6.17059e-07 2.53074e-23
-0.000260473 -6.62607e-07 2.71754e-23
-0.000260473 -7.00404e-07 2.87256e-23
-0.000260473 -7.29342e-07 2.99124e-23
-0.000260473 -7.48574e-07 3.07012e-23
-0.000260473 -7.5744e-07 3.10648e-23
-0.000260473 -7.55383e-07 3.09804e-23
-0.000260473 -7.42108e-07 3.0436e-23
-0.000260473 -7.17757e-07 2.94373e-23
-0.000260473 -6.8274e-07 2.80011e-23
-0.000260473 -6.37549e-07 2.61477e-23
-0.000260473 -5.828e-07 2.39023e-23
-0.000260473 -5.19281e-07 2.12972e-23
-0.000260473 -4.47888e-07 1.83692e-23
-0.000260473 -3.69547e-07 1.51562e-23
-0.000260473 -2.85097e-07 1.16927e-23
-0.000260473 -1.95164e-07 8.00425e-24
-0.000260473 -1.00255e-07 4.11175e-24
-0.000260473 -8.62417e-10 3.53702e-26
-0.000260473 1.02286e-07 -4.19504e-24
-0.000260473 2.07962e-07 -8.52911e-24
-0.000260473 3.14699e-07 -1.29067e-23
-0.000260473 4.21092e-07 -1.72702e-23
-0.000260473 5.25711e-07 -2.15609e-23
-0.000260473 6.26995e-07 -2.57149e-23
-0.000260473 7.23371e-07 -2.96675e-23
-0.000260473 8.13375e-07 -3.33588e-23
-0.000260473 8.95604e-07 -3.67313e-23
-0.000260473 9.68671e-07 -3.9728e-23
-0.000260473 1.03126e-06 -4.22949e-23
-0.000260473 1.08218e-06 -4.43833e-23
-0.000260473 1.12064e-06 -4.59607e-23
-0.000260473 1.14649e-06 -4.7021e-23
-0.000260473 1.16e-06 -4.75748e-23
-0.000260473 1.16151e-06 -4.7637e-23
-0.000260473 1.15169e-06 -4.72342e-23
-0.000260473 1.13164e-06 -4.64118e-23
-0.000260473 1.10273e-06 -4.52262e-23
-0.000260473 1.06638e-06 -4.37353e-23
-0.000260473 1.02415e-06 -4.20035e-23
-0.000260473 9.77925e-07 -4.01075e-23
-0.000260473 9.29697e-07 -3.81296e-23
-0.000260473 8.81421e-07 -3.61496e-23
-0.000260473 8.34859e-07 -3.424e-23
-0.000260473 7.91442e-07 -3.24593e-23
-0.000260473 7.52367e-07 -3.08568e-23
-0.000260473 7.18724e-07 -2.94769e-23
-0.000260473 6.91304e-07 -2.83524e-23
-0.000260473 6.70415e-07 -2.74957e-23
-0.000260473 6.5605e-07 -2.69065e-23
-0.000260473 6.48088e-07 -2.658e-23
-0.000260473 6.46147e-07 -2.65003e-23
-0.000260473 6.49427e-07 -2.66349e-23
-0.000260473 6.5688e-07 -2.69405e-23
-0.000260473 6.67389e-07 -2.73716e-23
-0.000260473 6.80104e-07 -2.7893e-23
-0.000260473 6.94781e-07 -2.8495e-23
-0.000260473 7.11495e-07 -2.91805e-23
-0.000260473 7.30305e-07 -2.99519e-23
-0.000260473 7.51273e-07 -3.08119e-23
-0.000260473 7.74495e-07 -3.17643e-23
-0.000260473 8.00088e-07 -3.28139e-23
-0.000260473 8.28175e-07 -3.39658e-23
-0.000260473 8.58666e-07 -3.52164e-23
-0.000260473 8.91023e-07 -3.65434e-23
-0.000260473 9.24485e-07 -3.79158e-23
-0.000260473 9.58326e-07 -3.93037e-23
-0.000260473 9.91904e-07 -4.06809e-23
-0.000260473 1.02471e-06 -4.20262e-23
-0.000260473 1.05632e-06 -4.33228e-23
-0.000260473 1.08638e-06 -4.45557e-23
-0.000260473 1.11465e-06 -4.57149e-23
-0.000260473 1.14108e-06 -4.67989e-23
-0.000260473 1.16576e-06 -4.78111e-23
-0.000260473 1.18881e-06 -4.87566e-23
-0.000260473 1.21048e-06 -4.96451e-23
-0.000260473 1.23118e-06 -5.04944e-23
-0.000260473 1.25148e-06 -5.13266e-23
-0.000260473 1.27189e-06 -5.2164e-23
-0.000260473 1.29269e-06 -5.30169e-23
-0.000260473 1.31351e-06 -5.3871e-23
-0.000260473 1.3337e-06 -5.46987e-23
-0.000260473 1.35254e-06 -5.54718e-23
-0.000260473 1.36919e-06 -5.61544e-23
-0.000260473 1.38238e-06 -5.66953e-23
-0.000260473 1.39067e-06 -5.70355e-23
-0.000260473 1.39264e-06 -5.71162e-23
-0.000260473 1.3871e-06 -5.68889e-23
-0.000260473 1.37336e-06 -5.63253e-23
-0.000260473 1.35101e-06 -5.54088e-23
-0.000260473 1.31968e-06 -5.41241e-23
-0.000260473 1.27933e-06 -5.24688e-23
-0.000260473 1.2305e-06 -5.04664e-23
-0.000260473 1.17412e-06 -4.81542e-23
-0.000260473 1.11114e-06 -4.55709e-23
-0.000260473 1.04269e-06 -4.27639e-23
-0.000260473 9.70386e-07 -3.97983e-23
-0.000260473 8.96028e-07 -3.67487e-23
-0.000260473 8.21423e-07 -3.36889e-23
-0.000260473 7.48206e-07 -3.06861e-23
-0.000260473 6.77677e-07 -2.77935e-23
-0.000260473 6.10937e-07 -2.50563e-23
-0.000260473 5.49055e-07 -2.25183e-23
-0.000260473 4.92876e-07 -2.02143e-23
-0.000260473 4.42821e-07 -1.81614e-23
-0.000260473 3.99071e-07 -1.63671e-23
-0.000260473 3.6178e-07 -1.48376e-23
-0.000260473 3.3109e-07 -1.35789e-23
-0.000260473 3.07142e-07 -1.25968e-23
-0.000260473 2.90075e-07 -1.18968e-23
-0.000260473 2.80013e-07 -1.14841e-23
-0.000260473 2.77065e-07 -1.13632e-23
-0.000260473 2.81324e-07 -1.15379e-23
-0.000260473 2.92868e-07 -1.20113e-23
-0.000260473 3.11768e-07 -1.27865e-23
-0.000260473 3.37937e-07 -1.38598e-23
-0.000260473 3.7097e-07 -1.52145e-23
-0.000260473 4.10291e-07 -1.68272e-23
-0.000260473 4.55321e-07 -1.8674e-23
-0.000260473 5.05466e-07 -2.07306e-23
-0.000260473 5.60099e-07 -2.29713e-23
-0.000260473 6.18579e-07 -2.53697e-23
-0.000260473 6.80263e-07 -2.78996e-23
-0.000260473 7.44629e-07 -3.05394e-23
-0.000260473 8.11394e-07 -3.32776e-23
-0.000260473 8.804e-07 -3.61077e-23
-0.000260473 9.51476e-07 -3.90228e-23
-0.000260473 1.02451e-06 -4.20179e-23
-0.000260473 1.09949e-06 -4.50934e-23
-0.000260473 1.1765e-06 -4.82516e-23
-0.000260473 1.25554e-06 -5.14933e-23
-0.000260473 1.33644e-06 -5.48113e-23
-0.000260473 1.41865e-06 -5.81831e-23
-0.000260473 1.50142e-06 -6.15774e-23
-0.000260473 1.58393e-06 -6.49615e-23
-0.000260473 1.66525e-06 -6.82968e-23
-0.000260473 1.74419e-06 -7.15342e-23
-0.000260473 1.81941e-06 -7.46192e-23
-0.000260473 1.88957e-06 -7.74968e-23
-0.000260473 1.95351e-06 -8.0119e-23
-0.000260473 2.01038e-06 -8.24515e-23
-0.000260473 2.05955e-06 -8.44679e-23
-0.000260473 2.1004e-06 -8.61435e-23
-0.000260473 2.13257e-06 -8.74627e-23
-0.000260473 2.15612e-06 -8.84287e-23
-0.000260473 2.1714e-06 -8.90552e-23
-0.000260473 2.17878e-06 -8.9358e-23
-0.000260473 2.17878e-06 -8.93579e-23
-0.000260473 2.17214e-06 -8.90856e-23
-0.000260473 2.15974e-06 -8.85772e-23
-0.000260473 2.14251e-06 -8.78704e-23
-0.000260473 2.12121e-06 -8.69971e-23
-0.000260473 2.09631e-06 -8.59757e-23
-0.000260473 2.06808e-06 -8.48181e-23
-0.000260473 2.03686e-06 -8.35374e-23
-0.000260473 2.00301e-06 -8.21494e-23
-0.000260473 1.96703e-06 -8.06735e-23
-0.000260473 1.92944e-06 -7.91321e-23
-0.000260473 1.89082e-06 -7.75481e-23
-0.000260473 1.8517e-06 -7.59434e-23
-0.000260473 1.81251e-06 -7.43364e-23
-0.000260473 1.77367e-06 -7.27433e-23
-0.000260473 1.73558e-06 -7.1181e-23
-0.000260473 1.69868e-06 -6.96679e-23
-0.000260473 1.6635e-06 -6.82248e-23
-0.000260473 1.63055e-06 -6.68737e-23
-0.000260473 1.60038e-06 -6.56361e-23
-0.000260473 1.57332e-06 -6.45263e-23
-0.000260473 1.54936e-06 -6.35436e-23
-0.000260473 1.52828e-06 -6.26792e-23
-0.000260473 1.50985e-06 -6.19233e-23
-0.000260473 1.49386e-06 -6.12675e-23
-0.000260473 1.48021e-06 -6.07077e-23
-0.000260473 1.46884e-06 -6.02414e-23
-0.000260473 1.45966e-06 -5.98648e-23
-0.000260473 1.45245e-06 -5.95693e-23
-0.000260473 1.44679e-06 -5.93371e-23
-0.000260473 1.44211e-06 -5.91452e-23
-0.000260473 1.43782e-06 -5.89692e-23
-0.000260473 1.43323e-06 -5.87809e-23
-0.000260473 1.42746e-06 -5.85441e-23
-0.000260473 1.41952e-06 -5.82185e-23
-0.000260473 1.40842e-06 -5.77636e-23
-0.000260473 1.39348e-06 -5.71508e-23
-0.000260473 1.37462e-06 -5.63772e-23
-0.000260473 1.3521e-06 -5.54535e-23
-0.000260473 1.32617e-06 -5.43902e-23
-0.000260473 1.29718e-06 -5.3201e-23
-0.000260473 1.26561e-06 -5.19065e-23
-0.000260473 1.23207e-06 -5.05309e-23
-0.000260473 1.19713e-06 -4.90976e-23
-0.000260473 1.16139e-06 -4.7632e-23
-0.000260473 1.1256e-06 -4.6164e-23
-0.000260473 1.09052e-06 -4.47253e-23
-0.000260473 1.0569e-06 -4.33466e-23
-0.000260473 1.02514e-06 -4.20441e-23
-0.000260473 9.94921e-07 -4.08046e-23
-0.000260473 9.65527e-07 -3.95991e-23
-0.000260473 9.36256e-07 -3.83986e-23
-0.000260473 9.06365e-07 -3.71726e-23
-0.000260473 8.7503e-07 -3.58875e-23
-0.000260473 8.41406e-07 -3.45085e-23
-0.000260473 8.04693e-07 -3.30028e-23
-0.000260473 7.64336e-07 -3.13476e-23
-0.000260473 7.20243e-07 -2.95392e-23
-0.000260473 6.72601e-07 -2.75853e-23
-0.000260473 6.21659e-07 -2.5496e-23
-0.000260473 5.6777e-07 -2.32859e-23
-0.000260473 5.11456e-07 -2.09763e-23
-0.000260473 4.53344e-07 -1.85929e-23
-0.000260473 3.94107e-07 -1.61635e-23
-0.000260473 3.3449e-07 -1.37184e-23
-0.000260473 2.75328e-07 -1.1292e-23
-0.000260473 2.17513e-07 -8.92082e-24
-0.000260473 1.6195e-07 -6.64203e-24
-0.000260473 1.09606e-07 -4.49527e-24
-0.000260473 6.15614e-08 -2.52481e-24
-0.000260473 1.89392e-08 -7.76753e-25
-0.000260473 -1.71659e-08 7.04025e-25
-0.000260473 -4.56955e-08 1.8741e-24
-0.000260473 -6.56295e-08 2.69166e-24
-0.000260473 -7.60039e-08 3.11714e-24
-0.000260473 -7.59266e-08 3.11397e-24
-0.000260473 -6.48268e-08 2.65873e-24
-0.000260473 -4.27198e-08 1.75206e-24
-0.000260473 -9.97149e-09 4.0896e-25
-0.000260473 3.29727e-08 -1.35231e-24
-0.000260473 8.51391e-08 -3.4918e-24
-0.000260473 1.44538e-07 -5.9279e-24
-0.000260473 2.08629e-07 -8.55647e-24
-0.000260473 2.74852e-07 -1.12725e-23
-0.000260473 3.40641e-07 -1.39707e-23
-0.000260473 4.03423e-07 -1.65455e-23
-0.000260473 4.60656e-07 -1.88928e-23
-0.000260473 5.09865e-07 -2.0911e-23
-0.000260473 5.48868e-07 -2.25106e-23
-0.000260473 5.76019e-07 -2.36242e-23
-0.000260473 5.90015e-07 -2.41982e-23
-0.000260473 5.89667e-07 -2.41839e-23
-0.000260473 5.7447e-07 -2.35607e-23
-0.000260473 5.45215e-07 -2.23608e-23
-0.000260473 5.03421e-07 -2.06467e-23
-0.000260473 4.50691e-07 -1.84841e-23
-0.000260473 3.88908e-07 -1.59502e-23
-0.000260473 3.20471e-07 -1.31434e-23
-0.000260473 2.48039e-07 -1.01728e-23
-0.000260473 1.7426e-07 -7.1469e-24
-0.000260473 1.01592e-07 -4.16658e-24
-0.000260473 3.21255e-08 -1.31756e-24
-0.000260473 -3.22929e-08 1.32443e-24
-0.000260473 -8.99134e-08 3.68761e-24
-0.000260473 -1.39281e-07 5.71233e-24
-0.000260473 -1.79451e-07 7.35981e-24
-0.000260473 -2.09808e-07 8.60484e-24
-0.000260473 -2.29864e-07 9.42737e-24
-0.000260473 -2.39569e-07 9.82543e-24
-0.000260473 -2.39659e-07 9.82912e-24
-0.000260473 -2.31325e-07 9.48732e-24
-0.000260473 -2.15846e-07 8.85246e-24
-0.000260473 -1.94423e-07 7.97384e-24
-0.000260473 -1.68015e-07 6.89077e-24
-0.000260473 -1.37459e-07 5.6376e-24
-0.000260473 -1.03619e-07 4.2497e-24
-0.000260473 -6.73304e-08 2.76141e-24
-0.000260473 -2.93508e-08 1.20376e-24
-0.000260473 9.61851e-09 -3.94483e-25
-0.000260473 4.89017e-08 -2.0056e-24
-0.000260473 8.77614e-08 -3.59935e-24
-0.000260473 1.25305e-07 -5.13911e-24
-0.000260473 1.60589e-07 -6.5862e-24
-0.000260473 1.92738e-07 -7.90473e-24
-0.000260473 2.21386e-07 -9.07969e-24
-0.000260473 2.47149e-07 -1.01363e-23
-0.000260473 2.7119e-07 -1.11223e-23
-0.000260473 2.94733e-07 -1.20879e-23
-0.000260473 3.19048e-07 -1.30851e-23
-0.000260473 3.45454e-07 -1.4168e-23
-0.000260473 3.75295e-07 -1.53919e-23
-0.000260473 4.09921e-07 -1.68121e-23
-0.000260473 4.50255e-07 -1.84662e-23
-0.000260473 4.9633e-07 -2.03559e-23
-0.000260473 5.47702e-07 -2.24628e-23
-0.000260473 6.03906e-07 -2.47679e-23
-0.000260473 6.63977e-07 -2.72316e-23
-0.000260473 7.25913e-07 -2.97718e-23
-0.000260473 7.87178e-07 -3.22844e-23
-0.000260473 8.45262e-07 -3.46666e-23
-0.000260473 8.97767e-07 -3.682e-23
-0.000260473 9.42469e-07 -3.86534e-23
-0.000260473 9.77292e-07 -4.00815e-23
-0.000260473 1.00024e-06 -4.10229e-23
-0.000260473 1.00991e-06 -4.14195e-23
-0.000260473 1.00598e-06 -4.12582e-23
-0.000260473 9.8876e-07 -4.05519e-23
-0.000260473 9.58651e-07 -3.9317e-23
-0.000260473 9.16576e-07 -3.75914e-23
-0.000260473 8.64439e-07 -3.54532e-23
-0.000260473 8.04677e-07 -3.30021e-23
-0.000260473 7.3975e-07 -3.03393e-23
-0.000260473 6.71863e-07 -2.7555e-23
-0.000260473 6.02685e-07 -2.47178e-23
-0.000260473 5.33574e-07 -2.18834e-23
-0.000260473 4.65843e-07 -1.91056e-23
-0.000260473 4.00526e-07 -1.64267e-23
-0.000260473 3.38126e-07 -1.38675e-23
-0.000260473 2.78831e-07 -1.14356e-23
-0.000260473 2.2277e-07 -9.13642e-24
-0.000260473 1.69708e-07 -6.96023e-24
-0.000260473 1.1872e-07 -4.86903e-24
-0.000260473 6.84968e-08 -2.80925e-24
-0.000260473 1.77091e-08 -7.26303e-25
-0.000260473 -3.48642e-08 1.42988e-24
-0.000260473 -9.01998e-08 3.69935e-24
-0.000260473 -1.49131e-07 6.11628e-24
-0.000260473 -2.12469e-07 8.71396e-24
-0.000260473 -2.80815e-07 1.1517e-23
-0.000260473 -3.54355e-07 1.45331e-23
-0.000260473 -4.33038e-07 1.77601e-23
-0.000260473 -5.16778e-07 2.11946e-23
-0.000260473 -6.05473e-07 2.48322e-23
-0.000260473 -6.99017e-07 2.86687e-23
-0.000260473 -7.9729e-07 3.26992e-23
-0.000260473 -9.00151e-07 3.69178e-23
-0.000260473 -1.00742e-06 4.13173e-23
-0.000260473 -1.11888e-06 4.58886e-23
-0.000260473 -1.23429e-06 5.06216e-23
-0.000260473 -1.35338e-06 5.5506e-23
-0.000260473 -1.47576e-06 6.05251e-23
-0.000260473 -1.6007e-06 6.56493e-23
-0.000260473 -1.72733e-06 7.08427e-23
-0.000260473 -1.8548e-06 7.60708e-23
-0.000260473 -1.98221e-06 8.1296e-23
-0.000260473 -2.10844e-06 8.64732e-23
-0.000260473 -2.23234e-06 9.15547e-23
-0.000260473 -2.35282e-06 9.64961e-23
-0.000260473 -2.46876e-06 1.01251e-22
-0.000260473 -2.57886e-06 1.05767e-22
-0.000260473 -2.68179e-06 1.09988e-22
-0.000260473 -2.77632e-06 1.13865e-22
-0.000260473 -2.86146e-06 1.17357e-22
-0.000260473 -2.93656e-06 1.20437e-22
-0.000260473 -3.00119e-06 1.23087e-22
-0.000260473 -3.05504e-06 1.25296e-22
-0.000260473 -3.09824e-06 1.27068e-22
-0.000260473 -3.13172e-06 1.28441e-22
-0.000260474 -3.15706e-06 1.2948e-22
-0.000260474 -3.17557e-06 1.30239e-22
-0.000260475 -3.18855e-06 1.30772e-22
-0.000260476 -3.19774e-06 1.31148e-22
-0.000260477 -3.20472e-06 1.31435e-22
-0.000260478 -3.21116e-06 1.31699e-22
-0.000260478 -3.21864e-06 1.32006e-22
-0.000260479 -3.22879e-06 1.32422e-22
-0.00026048 -3.24319e-06 1.33012e-22
-0.00026048 -3.26327e-06 1.33836e-22
-0.000260481 -3.28979e-06 1.34924e-22
-0.000260481 -3.32218e-06 1.36252e-22
-0.000260482 -3.35909e-06 1.37766e-22
-0.000260482 -3.39907e-06 1.39406e-22
-0.000260483 -3.44037e-06 1.41099e-22
-0.000260483 -3.48073e-06 1.42755e-22
-0.000260483 -3.51764e-06 1.44269e-22
-0.000260484 -3.54853e-06 1.45535e-22
-0.000260484 -3.5712e-06 1.46465e-22
-0.000260484 -3.58427e-06 1.47001e-22
-0.000260484 -3.58679e-06 1.47104e-22
-0.000260484 -3.57784e-06 1.46738e-22
-0.000260484 -3.55688e-06 1.45878e-22
-0.000260483 -3.52407e-06 1.44532e-22
-0.000260483 -3.48001e-06 1.42725e-22
-0.000260483 -3.42531e-06 1.40482e-22
-0.000260482 -3.36052e-06 1.37825e-22
-0.000260482 -3.28588e-06 1.34764e-22
-0.000260481 -3.20156e-06 1.31305e-22
-0.000260481 -3.10774e-06 1.27457e-22
-0.00026048 -3.00427e-06 1.23214e-22
-0.000260479 -2.8902e-06 1.18535e-22
-0.000260479 -2.7642e-06 1.13368e-22
-0.000260478 -2.62502e-06 1.0766e-22
-0.000260477 -2.47187e-06 1.01378e-22
-0.000260476 -2.30482e-06 9.45272e-23
-0.000260475 -2.12442e-06 8.71288e-23
-0.000260474 -1.93134e-06 7.92098e-23
-0.000260474 -1.72705e-06 7.08313e-23
-0.000260474 -1.51367e-06 6.20802e-23
-0.000260474 -1.29376e-06 5.30609e-23
-0.000260474 -1.07025e-06 4.3894e-23
-0.000260474 -8.45637e-07 3.4682e-23
-0.000260474 -6.22019e-07 2.55108e-23
-0.000260474 -4.01148e-07 1.64522e-23
-0.000260474 -1.8472e-07 7.57591e-24
-0.000260473 2.59586e-08 -1.06464e-24
-0.000260473 2.30366e-07 -9.44796e-24
-0.000260473 4.28409e-07 -1.75703e-23
-0.000260473 6.20092e-07 -2.54318e-23
-0.000260473 8.05734e-07 -3.30455e-23
-0.000260473 9.86264e-07 -4.04495e-23
-0.000260473 1.16294e-06 -4.76956e-23
-0.000260473 1.33708e-06 -5.48374e-23
-0.000260473 1.50951e-06 -6.19094e-23
-0.000260473 1.6801e-06 -6.89056e-23
-0.000260473 1.84816e-06 -7.57986e-23
-0.000260473 2.01307e-06 -8.25616e-23
-0.000260473 2.17398e-06 -8.91613e-23
-0.000260473 2.32972e-06 -9.55486e-23
-0.000260473 2.4789e-06 -1.01667e-22
-0.000260473 2.62019e-06 -1.07462e-22
-0.000260473 2.75263e-06 -1.12893e-22
-0.000260473 2.876e-06 -1.17953e-22
-0.000260473 2.99051e-06 -1.2265e-22
-0.000260473 3.0964e-06 -1.26992e-22
-0.000260473 3.1941e-06 -1.30999e-22
-0.000260473 3.28448e-06 -1.34706e-22
-0.000260473 3.36858e-06 -1.38155e-22
-0.000260473 3.44748e-06 -1.41391e-22
-0.000260473 3.5225e-06 -1.44468e-22
-0.000260473 3.5956e-06 -1.47466e-22
-0.000260473 3.66898e-06 -1.50475e-22
-0.000260473 3.74481e-06 -1.53585e-22
-0.000260473 3.82484e-06 -1.56868e-22
-0.000260474 3.91028e-06 -1.60372e-22
-0.000260475 4.00155e-06 -1.64115e-22
-0.000260475 4.09895e-06 -1.6811e-22
-0.000260476 4.20229e-06 -1.72348e-22
-0.000260477 4.3098e-06 -1.76757e-22
-0.000260478 4.41906e-06 -1.81238e-22
-0.000260479 4.52755e-06 -1.85688e-22
-0.00026048 4.63263e-06 -1.89998e-22
-0.000260481 4.73128e-06 -1.94043e-22
-0.000260481 4.82033e-06 -1.97695e-22
-0.000260482 4.89673e-06 -2.00829e-22
-0.000260483 4.9581e-06 -2.03346e-22
-0.000260484 5.00331e-06 -2.052e-22
-0.000260484 5.03197e-06 -2.06375e-22
-0.000260485 5.04386e-06 -2.06863e-22
-0.000260486 5.03944e-06 -2.06682e-22
-0.000260486 5.02044e-06 -2.05903e-22
-0.000260487 4.98926e-06 -2.04624e-22
-0.000260487 4.94846e-06 -2.02951e-22
-0.000260488 4.90048e-06 -2.00983e-22
-0.000260489 4.8475e-06 -1.9881e-22
-0.000260489 4.79154e-06 -1.96515e-22
-0.00026049 4.73466e-06 -1.94182e-22
-0.00026049 4.67835e-06 -1.91872e-22
-0.000260491 4.6229e-06 -1.89598e-22
-0.000260491 4.56798e-06 -1.87346e-22
-0.000260492 4.51324e-06 -1.85101e-22
-0.000260492 4.45816e-06 -1.82842e-22
-0.000260493 4.40193e-06 -1.80536e-22
-0.000260495 4.3435e-06 -1.78139e-22
-0.000260497 4.28193e-06 -1.75614e-22
-0.000260499 4.21669e-06 -1.72939e-22
-0.000260501 4.14816e-06 -1.70128e-22
-0.000260503 4.07723e-06 -1.67219e-22
-0.000260505 4.00475e-06 -1.64247e-22
-0.000260507 3.93168e-06 -1.6125e-22
-0.000260509 3.85912e-06 -1.58274e-22
-0.000260512 3.78829e-06 -1.55369e-22
-0.000260516 3.72031e-06 -1.52581e-22
-0.000260519 3.65618e-06 -1.49951e-22
-0.000260523 3.59666e-06 -1.47509e-22
-0.000260526 3.54234e-06 -1.45281e-22
-0.000260529 3.49373e-06 -1.43288e-22
-0.000260532 3.45114e-06 -1.41541e-22
-0.000260535 3.4145e-06 -1.40038e-22
-0.000260539 3.38349e-06 -1.38767e-22
-0.000260542 3.35778e-06 -1.37712e-22
-0.000260545 3.33701e-06 -1.36861e-22
-0.000260548 3.32089e-06 -1.36199e-22
-0.000260551 3.30916e-06 -1.35718e-22
-0.000260554 3.30152e-06 -1.35405e-22
-0.000260557 3.29796e-06 -1.35259e-22
-0.000260559 3.29909e-06 -1.35305e-22
-0.000260562 3.30583e-06 -1.35582e-22
-0.000260564 3.31907e-06 -1.36125e-22
-0.000260566 3.33986e-06 -1.36977e-22
-0.000260568 3.36963e-06 -1.38198e-22
-0.00026057 3.40995e-06 -1.39852e-22
-0.000260572 3.46236e-06 -1.42002e-22
-0.000260573 3.52759e-06 -1.44677e-22
-0.000260575 3.6048e-06 -1.47843e-22
-0.000260576 3.6923e-06 -1.51432e-22
-0.000260578 3.78836e-06 -1.55371e-22
-0.000260579 3.89048e-06 -1.5956e-22
-0.00026058 3.99464e-06 -1.63832e-22
-0.000260581 4.09606e-06 -1.67991e-22
-0.000260582 4.19e-06 -1.71844e-22
-0.000260582 4.27183e-06 -1.752e-22
-0.000260583 4.33703e-06 -1.77874e-22
-0.000260583 4.3812e-06 -1.79686e-22
-0.000260583 4.40017e-06 -1.80464e-22
-0.000260582 4.3902e-06 -1.80055e-22
-0.000260582 4.34826e-06 -1.78335e-22
-0.000260581 4.27183e-06 -1.752e-22
-0.00026058 4.15863e-06 -1.70557e-22
-0.000260578 4.00733e-06 -1.64352e-22
-0.000260577 3.81834e-06 -1.56601e-22
-0.000260574 3.59303e-06 -1.4736e-22
-0.000260572 3.33297e-06 -1.36695e-22
-0.000260569 3.04052e-06 -1.24701e-22
-0.000260566 2.71954e-06 -1.11536e-22
-0.000260563 2.37465e-06 -9.73911e-23
-0.000260559 2.01046e-06 -8.24547e-23
-0.000260555 1.63178e-06 -6.69242e-23
-0.00026055 1.24385e-06 -5.10138e-23
-0.000260545 8.51987e-07 -3.49425e-23
-0.00026054 4.61322e-07 -1.89202e-23
-0.000260535 7.65642e-08 -3.14012e-24
-0.00026053 -2.98189e-07 1.22296e-23
-0.000260525 -6.59333e-07 2.70411e-23
-0.00026052 -1.00361e-06 4.11609e-23
-0.000260514 -1.32847e-06 5.44842e-23
-0.00026051 -1.63169e-06 6.69201e-23
-0.000260508 -1.91285e-06 7.84516e-23
-0.000260504 -2.17221e-06 8.90887e-23
-0.000260501 -2.40958e-06 9.8824e-23
-0.000260497 -2.626e-06 1.077e-22
-0.000260493 -2.82276e-06 1.1577e-22
-0.000260489 -3.00149e-06 1.231e-22
-0.000260486 -3.16387e-06 1.29759e-22
-0.000260483 -3.31152e-06 1.35815e-22
-0.00026048 -3.44607e-06 1.41333e-22
-0.000260479 -3.56931e-06 1.46388e-22
-0.00026048 -3.68255e-06 1.51032e-22
-0.000260479 -3.78653e-06 1.55296e-22
-0.00026048 -3.88163e-06 1.59197e-22
-0.000260479 -3.96816e-06 1.62746e-22
-0.000260482 -4.04693e-06 1.65976e-22
-0.000260485 -4.1171e-06 1.68854e-22
-0.000260487 -4.17738e-06 1.71326e-22
-0.00026049 -4.22725e-06 1.73372e-22
-0.000260492 -4.26568e-06 1.74948e-22
-0.000260494 -4.29174e-06 1.76017e-22
-0.000260496 -4.30435e-06 1.76534e-22
-0.000260498 -4.3024e-06 1.76454e-22
-0.0002605 -4.28494e-06 1.75738e-22
-0.000260502 -4.25134e-06 1.7436e-22
-0.000260503 -4.20118e-06 1.72303e-22
-0.000260505 -4.13402e-06 1.69548e-22
-0.000260509 -4.04964e-06 1.66087e-22
-0.000260515 -3.94865e-06 1.61946e-22
-0.000260519 -3.83197e-06 1.5716e-22
-0.000260523 -3.70043e-06 1.51765e-22
-0.000260527 -3.55524e-06 1.45811e-22
-0.000260531 -3.3981e-06 1.39366e-22
-0.000260535 -3.2311e-06 1.32517e-22
-0.000260538 -3.05624e-06 1.25345e-22
-0.000260541 -2.87566e-06 1.17939e-22
-0.000260544 -2.69174e-06 1.10396e-22
-0.000260546 -2.50694e-06 1.02817e-22
-0.000260551 -2.32365e-06 9.52994e-23
-0.000260556 -2.14398e-06 8.79307e-23
-0.000260561 -1.96967e-06 8.07817e-23
-0.000260565 -1.80212e-06 7.391e-23
-0.000260569 -1.6426e-06 6.73679e-23
-0.000260573 -1.49203e-06 6.11925e-23
-0.000260576 -1.35068e-06 5.53951e-23
-0.00026058 -1.21842e-06 4.99708e-23
-0.000260584 -1.09497e-06 4.49078e-23
-0.000260588 -9.79776e-07 4.01834e-23
-0.000260592 -8.71871e-07 3.5758e-23
-0.000260596 -7.70017e-07 3.15806e-23
-0.0002606 -6.72836e-07 2.75949e-23
-0.000260603 -5.793e-07 2.37588e-23
-0.000260606 -4.89234e-07 2.00649e-23
-0.000260609 -4.02864e-07 1.65226e-23
-0.000260611 -3.20301e-07 1.31365e-23
-0.000260613 -2.42124e-07 9.93019e-24
-0.000260615 -1.70015e-07 6.97281e-24
-0.000260616 -1.06176e-07 4.35457e-24
-0.000260618 -5.26659e-08 2.15998e-24
-0.000260618 -1.14207e-08 4.68397e-25
-0.000260619 1.57049e-08 -6.44102e-25
-0.000260619 2.69822e-08 -1.10662e-24
-0.00026062 2.0844e-08 -8.54872e-25
-0.000260619 -3.76268e-09 1.54318e-25
-0.000260619 -4.7007e-08 1.92789e-24
-0.000260619 -1.08535e-07 4.45133e-24
-0.000260618 -1.87883e-07 7.70564e-24
-0.000260617 -2.84153e-07 1.16539e-23
-0.000260616 -3.9565e-07 1.62268e-23
-0.000260614 -5.2027e-07 2.13378e-23
-0.000260613 -6.55924e-07 2.69014e-23
-0.000260611 -8.00235e-07 3.28199e-23
-0.000260609 -9.50178e-07 3.89695e-23
-0.000260607 -1.10248e-06 4.52158e-23
-0.000260605 -1.25404e-06 5.14319e-23
-0.000260603 -1.40171e-06 5.74882e-23
-0.0002606 -1.54197e-06 6.32405e-23
-0.000260598 -1.67127e-06 6.85438e-23
-0.000260595 -1.78642e-06 7.32661e-23
-0.000260592 -1.8849e-06 7.73053e-23
-0.000260589 -1.96536e-06 8.06051e-23
-0.000260585 -2.0272e-06 8.31414e-23
-0.000260582 -2.07019e-06 8.49044e-23
-0.000260578 -2.09514e-06 8.59276e-23
-0.000260574 -2.10465e-06 8.63177e-23
-0.00026057 -2.10239e-06 8.6225e-23
-0.000260566 -2.09223e-06 8.58083e-23
-0.000260562 -2.07846e-06 8.52436e-23
-0.000260558 -2.06602e-06 8.47336e-23
-0.000260553 -2.06018e-06 8.4494e-23
-0.000260548 -2.06615e-06 8.47388e-23
-0.000260544 -2.08907e-06 8.56789e-23
-0.000260539 -2.13399e-06 8.75211e-23
-0.000260536 -2.20573e-06 9.04635e-23
-0.000260533 -2.30885e-06 9.46926e-23
-0.00026053 -2.44732e-06 1.00372e-22
-0.00026053 -2.6243e-06 1.0763e-22
-0.00026053 -2.84226e-06 1.16569e-22
-0.00026053 -3.10327e-06 1.27274e-22
-0.000260531 -3.40881e-06 1.39805e-22
-0.000260531 -3.75977e-06 1.54199e-22
-0.000260531 -4.15649e-06 1.7047e-22
-0.000260531 -4.59883e-06 1.88611e-22
-0.000260532 -5.08594e-06 2.08589e-22
-0.000260532 -5.6161e-06 2.30333e-22
-0.000260532 -6.18696e-06 2.53745e-22
-0.000260532 -6.79576e-06 2.78714e-22
-0.000260532 -7.43902e-06 3.05096e-22
-0.000260532 -8.11224e-06 3.32706e-22
-0.000260533 -8.81019e-06 3.61331e-22
-0.000260536 -9.52761e-06 3.90755e-22
-0.000260538 -1.02588e-05 4.20744e-22
-0.00026054 -1.09975e-05 4.51037e-22
-0.000260543 -1.1737e-05 4.81367e-22
-0.000260545 -1.24708e-05 5.11464e-22
-0.000260547 -1.31925e-05 5.41062e-22
-0.00026055 -1.38951e-05 5.69877e-22
-0.000260552 -1.45718e-05 5.9763e-22
-0.000260555 -1.52161e-05 6.24055e-22
-0.000260558 -1.58222e-05 6.48915e-22
-0.000260561 -1.63855e-05 6.72016e-22
-0.000260564 -1.69019e-05 6.93197e-22
-0.000260568 -1.73682e-05 7.12318e-22
-0.000260573 -1.77817e-05 7.29279e-22
-0.000260577 -1.81416e-05 7.44039e-22
-0.00026058 -1.84479e-05 7.56601e-22
-0.000260583 -1.8701e-05 7.66984e-22
-0.000260587 -1.89023e-05 7.75238e-22
-0.000260589 -1.90538e-05 7.81451e-22
-0.000260591 -1.91583e-05 7.85736e-22
-0.000260593 -1.92188e-05 7.88219e-22
-0.000260595 -1.92383e-05 7.8902e-22
-0.000260596 -1.92191e-05 7.8823e-22
-0.000260597 -1.9163e-05 7.85931e-22
-0.000260598 -1.90722e-05 7.82205e-22
-0.000260598 -1.89487e-05 7.77141e-22
-0.000260598 -1.87947e-05 7.70826e-22
-0.000260597 -1.86123e-05 7.63344e-22
-0.000260596 -1.84035e-05 7.54782e-22
-0.000260594 -1.81703e-05 7.45216e-22
-0.000260592 -1.79139e-05 7.347e-22
-0.000260591 -1.76354e-05 7.23278e-22
-0.000260591 -1.73358e-05 7.10992e-22
-0.00026059 -1.70162e-05 6.97883e-22
-0.00026059 -1.66775e-05 6.83994e-22
-0.000260591 -1.63209e-05 6.69369e-22
-0.000260593 -1.59475e-05 6.54052e-22
-0.000260594 -1.55582e-05 6.38088e-22
-0.000260596 -1.51541e-05 6.21513e-22
-0.000260597 -1.47361e-05 6.04369e-22
-0.000260598 -1.43051e-05 5.86692e-22
-0.000260599 -1.38621e-05 5.68524e-22
-0.0002606 -1.34081e-05 5.49904e-22
-0.000260601 -1.29441e-05 5.30875e-22
-0.000260601 -1.24712e-05 5.11481e-22
-0.000260602 -1.19907e-05 4.91771e-22
-0.000260602 -1.15038e-05 4.71804e-22
-0.000260603 -1.10123e-05 4.51644e-22
-0.000260603 -1.05176e-05 4.31357e-22
-0.000260603 -1.00211e-05 4.10995e-22
-0.000260602 -9.52326e-06 3.90576e-22
-0.000260602 -9.02404e-06 3.70102e-22
-0.000260602 -8.52356e-06 3.49576e-22
-0.000260605 -8.02172e-06 3.28994e-22
-0.000260608 -7.5179e-06 3.08331e-22
-0.000260611 -7.01129e-06 2.87553e-22
-0.000260614 -6.50111e-06 2.66629e-22
-0.000260617 -5.98653e-06 2.45525e-22
-0.00026062 -5.46651e-06 2.24197e-22
-0.000260624 -4.9399e-06 2.026e-22
-0.000260629 -4.40564e-06 1.80688e-22
-0.000260633 -3.86322e-06 1.58442e-22
-0.000260637 -3.31338e-06 1.35891e-22
-0.000260641 -2.75742e-06 1.1309e-22
-0.000260644 -2.19666e-06 9.00912e-23
-0.000260647 -1.63264e-06 6.69592e-23
-0.00026065 -1.06751e-06 4.37815e-23
-0.000260652 -5.03635e-07 2.06555e-23
-0.000260654 5.67642e-08 -2.32806e-24
-0.000260656 6.11911e-07 -2.50962e-23
-0.000260657 1.16073e-06 -4.76051e-23
-0.000260657 1.70265e-06 -6.98305e-23
-0.000260658 2.2373e-06 -9.1758e-23
-0.000260657 2.76458e-06 -1.13383e-22
-0.00026066 3.28377e-06 -1.34677e-22
-0.000260663 3.79574e-06 -1.55674e-22
-0.000260665 4.30194e-06 -1.76435e-22
-0.000260667 4.80251e-06 -1.96965e-22
-0.000260668 5.29778e-06 -2.17277e-22
-0.000260669 5.7876e-06 -2.37366e-22
-0.000260669 6.27204e-06 -2.57235e-22
-0.000260669 6.7507e-06 -2.76866e-22
-0.000260669 7.22201e-06 -2.96195e-22
-0.000260668 7.68387e-06 -3.15138e-22
-0.000260667 8.13422e-06 -3.33608e-22
-0.000260668 8.57194e-06 -3.5156e-22
-0.00026067 8.99407e-06 -3.68873e-22
-0.00026067 9.39724e-06 -3.85408e-22
-0.000260671 9.77936e-06 -4.0108e-22
-0.00026067 1.01376e-05 -4.15774e-22
-0.000260669 1.04695e-05 -4.29385e-22
-0.000260667 1.07721e-05 -4.41797e-22
-0.000260665 1.10429e-05 -4.529e-22
-0.000260662 1.12793e-05 -4.62597e-22
-0.000260658 1.14797e-05 -4.70814e-22
-0.000260653 1.16425e-05 -4.77491e-22
-0.000260648 1.17663e-05 -4.8257e-22
-0.000260642 1.18496e-05 -4.85988e-22
-0.000260635 1.18906e-05 -4.87666e-22
-0.000260628 1.18869e-05 -4.87517e-22
-0.00026062 1.18368e-05 -4.8546e-22
-0.000260611 1.17385e-05 -4.81432e-22
-0.000260602 1.15914e-05 -4.75399e-22
-0.000260595 1.13953e-05 -4.67353e-22
-0.000260588 1.11498e-05 -4.57284e-22
-0.000260581 1.08555e-05 -4.45215e-22
-0.000260573 1.05144e-05 -4.31224e-22
-0.000260565 1.0129e-05 -4.15419e-22
-0.000260556 9.70224e-06 -3.97917e-22
-0.000260547 9.2372e-06 -3.78844e-22
-0.000260537 8.73743e-06 -3.58347e-22
-0.000260534 8.20674e-06 -3.36582e-22
-0.000260533 7.6491e-06 -3.13712e-22
-0.000260531 7.06846e-06 -2.89898e-22
-0.000260529 6.46878e-06 -2.65303e-22
-0.000260527 5.85402e-06 -2.4009e-22
-0.000260525 5.22818e-06 -2.14423e-22
-0.000260522 4.59504e-06 -1.88456e-22
-0.000260524 3.95767e-06 -1.62315e-22
-0.000260526 3.31912e-06 -1.36127e-22
-0.000260527 2.68232e-06 -1.1001e-22
-0.000260529 2.04982e-06 -8.40692e-23
-0.000260536 1.42364e-06 -5.83878e-23
-0.000260545 8.05311e-07 -3.30281e-23
-0.000260552 1.96464e-07 -8.05757e-24
-0.000260562 -4.01432e-07 1.64639e-23
-0.000260573 -9.86929e-07 4.04768e-23
-0.000260585 -1.55813e-06 6.39034e-23
-0.000260597 -2.114e-06 8.67011e-23
-0.000260608 -2.65369e-06 1.08835e-22
-0.00026062 -3.17554e-06 1.30238e-22
-0.00026063 -3.6782e-06 1.50854e-22
-0.000260641 -4.16031e-06 1.70626e-22
-0.000260651 -4.62053e-06 1.89501e-22
-0.000260661 -5.05733e-06 2.07416e-22
-0.00026067 -5.46916e-06 2.24306e-22
-0.000260679 -5.85468e-06 2.40117e-22
-0.000260688 -6.21237e-06 2.54787e-22
-0.000260696 -6.54034e-06 2.68238e-22
-0.000260703 -6.83651e-06 2.80385e-22
-0.00026071 -7.09909e-06 2.91154e-22
-0.000260717 -7.32667e-06 3.00488e-22
-0.000260722 -7.51836e-06 3.0835e-22
-0.000260728 -7.67371e-06 3.14721e-22
-0.000260732 -7.79253e-06 3.19594e-22
-0.000260737 -7.875e-06 3.22977e-22
-0.00026074 -7.92174e-06 3.24893e-22
-0.000260743 -7.93373e-06 3.25385e-22
-0.000260746 -7.91216e-06 3.24501e-22
-0.000260748 -7.85871e-06 3.22308e-22
-0.000260749 -7.77579e-06 3.18908e-22
-0.000260749 -7.66627e-06 3.14416e-22
-0.000260749 -7.5331e-06 3.08954e-22
-0.000260749 -7.37929e-06 3.02646e-22
-0.000260748 -7.2078e-06 2.95613e-22
-0.000260746 -7.02159e-06 2.87976e-22
-0.000260744 -6.82354e-06 2.79853e-22
-0.000260741 -6.61636e-06 2.71356e-22
-0.000260737 -6.4024e-06 2.62581e-22
-0.000260733 -6.18374e-06 2.53613e-22
-0.000260729 -5.96232e-06 2.44532e-22
-0.000260724 -5.73968e-06 2.35401e-22
-0.000260718 -5.51668e-06 2.26255e-22
-0.000260712 -5.29371e-06 2.1711e-22
-0.000260705 -5.07104e-06 2.07978e-22
-0.000260698 -4.84864e-06 1.98857e-22
-0.000260691 -4.62609e-06 1.89729e-22
-0.000260683 -4.40271e-06 1.80568e-22
-0.000260674 -4.17772e-06 1.7134e-22
-0.000260666 -3.95027e-06 1.62012e-22
-0.000260656 -3.71944e-06 1.52545e-22
-0.000260647 -3.4843e-06 1.42901e-22
-0.000260637 -3.2439e-06 1.33042e-22
-0.000260627 -2.99741e-06 1.22933e-22
-0.000260616 -2.74422e-06 1.12548e-22
-0.000260605 -2.48383e-06 1.01869e-22
-0.000260595 -2.21572e-06 9.08732e-23
-0.000260585 -1.93976e-06 7.9555e-23
-0.000260574 -1.65675e-06 6.79482e-23
-0.000260564 -1.36776e-06 5.60958e-23
-0.000260556 -1.07386e-06 4.40421e-23
-0.000260548 -7.76348e-07 3.18403e-23
-0.00026054 -4.76626e-07 1.95478e-23
-0.000260536 -1.76269e-07 7.22932e-24
-0.000260534 1.22957e-07 -5.04283e-24
-0.000260531 4.19375e-07 -1.71998e-23
-0.000260528 7.11486e-07 -2.91801e-23
-0.000260524 9.97856e-07 -4.0925e-23
-0.00026052 1.27692e-06 -5.23701e-23
-0.00026052 1.54698e-06 -6.34463e-23
-0.00026052 1.80681e-06 -7.41025e-23
-0.000260519 2.0551e-06 -8.42855e-23
-0.000260519 2.29039e-06 -9.39357e-23
-0.000260518 2.5109e-06 -1.02979e-22
-0.000260519 2.71397e-06 -1.11308e-22
-0.000260521 2.89664e-06 -1.18799e-22
-0.000260526 3.05585e-06 -1.25329e-22
-0.000260532 3.18874e-06 -1.30779e-22
-0.000260536 3.29258e-06 -1.35038e-22
-0.000260541 3.3649e-06 -1.38004e-22
-0.000260546 3.40385e-06 -1.39602e-22
-0.000260553 3.40706e-06 -1.39734e-22
-0.00026056 3.37236e-06 -1.3831e-22
-0.00026057 3.29847e-06 -1.3528e-22
-0.00026058 3.18383e-06 -1.30578e-22
-0.00026059 3.02735e-06 -1.24161e-22
-0.000260599 2.82814e-06 -1.1599e-22
-0.000260608 2.58553e-06 -1.0604e-22
-0.000260617 2.2991e-06 -9.42926e-23
-0.000260625 1.96791e-06 -8.07095e-23
-0.000260633 1.58989e-06 -6.52061e-23
-0.000260641 1.16244e-06 -4.7675e-23
-0.000260652 6.81906e-07 -2.79669e-23
-0.000260665 1.46625e-07 -6.01351e-24
-0.000260677 -4.44701e-07 1.82385e-23
-0.000260689 -1.09486e-06 4.49035e-23
-0.0002607 -1.80544e-06 7.40465e-23
-0.000260712 -2.57808e-06 1.05734e-22
-0.000260723 -3.41369e-06 1.40005e-22
-0.000260735 -4.31285e-06 1.76882e-22
-0.000260746 -5.27579e-06 2.16375e-22
-0.000260757 -6.30272e-06 2.58493e-22
-0.000260768 -7.39422e-06 3.03258e-22
-0.000260779 -8.55086e-06 3.50696e-22
-0.00026079 -9.77297e-06 4.00818e-22
-0.000260801 -1.10604e-05 4.5362e-22
-0.000260811 -1.24128e-05 5.09084e-22
-0.000260822 -1.38292e-05 5.67175e-22
-0.000260832 -1.53086e-05 6.27851e-22
-0.000260843 -1.68492e-05 6.91035e-22
-0.000260853 -1.84479e-05 7.56602e-22
-0.000260863 -2.0101e-05 8.24399e-22
-0.000260874 -2.18045e-05 8.94264e-22
-0.000260884 -2.35533e-05 9.6599e-22
-0.000260895 -2.53403e-05 1.03928e-21
-0.000260906 -2.71569e-05 1.11378e-21
-0.000260916 -2.89949e-05 1.18916e-21
-0.000260927 -3.08456e-05 1.26507e-21
-0.000260939 -3.26995e-05 1.3411e-21
-0.00026095 -3.4547e-05 1.41687e-21
-0.000260962 -3.63787e-05 1.49199e-21
-0.000260975 -3.8185e-05 1.56608e-21
-0.000260987 -3.99558e-05 1.6387e-21
-0.000261 -4.16807e-05 1.70945e-21
-0.000261014 -4.33501e-05 1.77791e-21
-0.000261028 -4.49557e-05 1.84376e-21
-0.000261042 -4.64921e-05 1.90678e-21
-0.000261057 -4.79556e-05 1.9668e-21
-0.000261073 -4.9343e-05 2.0237e-21
-0.000261088 -5.06525e-05 2.07741e-21
-0.000261104 -5.18849e-05 2.12795e-21
-0.00026112 -5.30419e-05 2.1754e-21
-0.000261137 -5.41262e-05 2.21987e-21
-0.000261154 -5.51403e-05 2.26146e-21
-0.000261171 -5.60873e-05 2.3003e-21
-0.000261188 -5.69702e-05 2.33651e-21
-0.000261205 -5.77923e-05 2.37023e-21
-0.000261223 -5.85566e-05 2.40158e-21
-0.00026124 -5.92658e-05 2.43066e-21
-0.000261258 -5.99222e-05 2.45758e-21
-0.000261276 -6.05279e-05 2.48242e-21
-0.000261294 -6.10846e-05 2.50525e-21
-0.000261312 -6.15919e-05 2.52606e-21
-0.000261331 -6.20488e-05 2.5448e-21
-0.00026135 -6.2454e-05 2.56142e-21
-0.000261368 -6.28058e-05 2.57585e-21
-0.000261387 -6.31011e-05 2.58796e-21
-0.000261406 -6.33364e-05 2.59761e-21
-0.000261426 -6.35079e-05 2.60464e-21
-0.000261445 -6.36126e-05 2.60894e-21
-0.000261464 -6.36482e-05 2.6104e-21
-0.000261484 -6.36131e-05 2.60896e-21
-0.000261503 -6.35057e-05 2.60455e-21
-0.000261522 -6.33249e-05 2.59714e-21
-0.000261542 -6.30704e-05 2.5867e-21
-0.000261561 -6.27421e-05 2.57324e-21
-0.000261579 -6.23404e-05 2.55676e-21
-0.000261598 -6.1866e-05 2.5373e-21
-0.000261616 -6.13201e-05 2.51492e-21
-0.000261633 -6.07047e-05 2.48967e-21
-0.00026165 -6.00215e-05 2.46166e-21
-0.000261667 -5.92728e-05 2.43095e-21
-0.000261683 -5.84607e-05 2.39764e-21
-0.000261699 -5.75876e-05 2.36183e-21
-0.000261714 -5.66558e-05 2.32362e-21
-0.000261728 -5.56676e-05 2.28309e-21
-0.000261741 -5.4625e-05 2.24033e-21
-0.000261754 -5.35301e-05 2.19543e-21
-0.000261766 -5.23848e-05 2.14845e-21
-0.000261777 -5.11906e-05 2.09948e-21
-0.000261787 -4.99488e-05 2.04854e-21
-0.000261796 -4.866e-05 1.99569e-21
-0.000261804 -4.73251e-05 1.94094e-21
-0.000261812 -4.59451e-05 1.88434e-21
-0.000261818 -4.4522e-05 1.82598e-21
-0.000261823 -4.30584e-05 1.76595e-21
-0.000261827 -4.15565e-05 1.70435e-21
-0.000261829 -4.00191e-05 1.6413e-21
-0.000261831 -3.84497e-05 1.57693e-21
-0.000261831 -3.68525e-05 1.51143e-21
-0.00026183 -3.52312e-05 1.44493e-21
-0.000261827 -3.35907e-05 1.37765e-21
-0.000261823 -3.19381e-05 1.30988e-21
-0.000261818 -3.02817e-05 1.24194e-21
-0.000261811 -2.86294e-05 1.17417e-21
-0.000261803 -2.69895e-05 1.10692e-21
-0.000261794 -2.53721e-05 1.04058e-21
-0.000261784 -2.37874e-05 9.75591e-22
-0.000261772 -2.22456e-05 9.12356e-22
-0.000261759 -2.07569e-05 8.513e-22
-0.000261745 -1.93328e-05 7.92892e-22
-0.000261731 -1.7985e-05 7.37618e-22
-0.000261715 -1.67249e-05 6.85935e-22
-0.000261698 -1.5563e-05 6.38283e-22
-0.000261681 -1.45097e-05 5.95085e-22
-0.000261663 -1.35748e-05 5.56741e-22
-0.000261645 -1.27674e-05 5.23626e-22
-0.000261626 -1.20953e-05 4.96064e-22
-0.000261606 -1.15647e-05 4.74302e-22
-0.000261586 -1.11804e-05 4.58541e-22
-0.000261566 -1.09466e-05 4.48953e-22
-0.000261546 -1.0866e-05 4.45648e-22
-0.000261525 -1.09388e-05 4.48634e-22
-0.000261504 -1.11637e-05 4.57855e-22
-0.000261483 -1.15389e-05 4.73242e-22
-0.000261461 -1.20612e-05 4.94665e-22
-0.00026144 -1.27251e-05 5.21893e-22
-0.000261418 -1.35235e-05 5.54638e-22
-0.000261396 -1.44494e-05 5.92612e-22
-0.000261374 -1.54954e-05 6.35512e-22
-0.000261352 -1.66536e-05 6.83014e-22
-0.00026133 -1.79159e-05 7.34784e-22
-0.000261308 -1.92744e-05 7.90499e-22
-0.000261285 -2.07213e-05 8.49842e-22
-0.000261263 -2.2249e-05 9.12494e-22
-0.000261241 -2.38497e-05 9.78145e-22
-0.000261219 -2.55164e-05 1.0465e-21
-0.000261196 -2.72427e-05 1.1173e-21
-0.000261174 -2.90234e-05 1.19034e-21
-0.000261152 -3.08544e-05 1.26543e-21
-0.000261131 -3.27316e-05 1.34242e-21
-0.000261109 -3.46519e-05 1.42118e-21
-0.000261088 -3.66133e-05 1.50162e-21
-0.000261066 -3.86145e-05 1.58369e-21
-0.000261046 -4.06543e-05 1.66735e-21
-0.000261025 -4.27311e-05 1.75253e-21
-0.000261005 -4.48416e-05 1.83908e-21
-0.000260985 -4.69818e-05 1.92686e-21
-0.000260966 -4.91477e-05 2.01569e-21
-0.000260947 -5.1334e-05 2.10536e-21
-0.000260937 -5.35322e-05 2.19551e-21
-0.000260942 -5.57323e-05 2.28574e-21
-0.000260951 -5.79243e-05 2.37564e-21
-0.000260958 -6.00969e-05 2.46475e-21
-0.000260967 -6.22358e-05 2.55247e-21
-0.000260984 -6.43252e-05 2.63816e-21
-0.000261005 -6.63497e-05 2.72119e-21
-0.000261036 -6.82937e-05 2.80092e-21
-0.00026107 -7.01406e-05 2.87667e-21
-0.000261101 -7.18737e-05 2.94775e-21
-0.000261135 -7.3477e-05 3.0135e-21
-0.000261167 -7.49353e-05 3.07331e-21
-0.000261199 -7.6235e-05 3.12662e-21
-0.000261231 -7.73633e-05 3.17289e-21
-0.000261262 -7.83085e-05 3.21166e-21
-0.000261292 -7.90606e-05 3.2425e-21
-0.000261321 -7.96116e-05 3.2651e-21
-0.000261349 -7.99553e-05 3.2792e-21
-0.000261375 -8.00865e-05 3.28458e-21
-0.0002614 -8.0002e-05 3.28111e-21
-0.000261422 -7.97022e-05 3.26882e-21
-0.000261442 -7.91893e-05 3.24778e-21
-0.00026146 -7.84665e-05 3.21814e-21
-0.000261474 -7.75387e-05 3.18008e-21
-0.000261486 -7.64132e-05 3.13393e-21
-0.000261494 -7.50992e-05 3.08004e-21
-0.000261499 -7.36061e-05 3.0188e-21
-0.000261501 -7.1944e-05 2.95063e-21
-0.000261498 -7.01243e-05 2.876e-21
-0.000261492 -6.81589e-05 2.79539e-21
-0.000261482 -6.60596e-05 2.70929e-21
-0.000261468 -6.38375e-05 2.61816e-21
-0.000261451 -6.1503e-05 2.52241e-21
-0.000261429 -5.90654e-05 2.42244e-21
-0.000261404 -5.65338e-05 2.31861e-21
-0.000261375 -5.3916e-05 2.21125e-21
-0.000261343 -5.12191e-05 2.10064e-21
-0.000261307 -4.84491e-05 1.98704e-21
-0.000261268 -4.56112e-05 1.87065e-21
-0.000261225 -4.27098e-05 1.75165e-21
-0.000261191 -3.97477e-05 1.63017e-21
-0.00026116 -3.67273e-05 1.50629e-21
-0.000261122 -3.36499e-05 1.38008e-21
-0.000261085 -3.05166e-05 1.25157e-21
-0.000261066 -2.73284e-05 1.12082e-21
-0.000261053 -2.40861e-05 9.87842e-22
-0.000261034 -2.07905e-05 8.52678e-22
-0.000261016 -1.74422e-05 7.15354e-22
-0.000261004 -1.40427e-05 5.75932e-22
-0.000260995 -1.05941e-05 4.34496e-22
-0.000260981 -7.09841e-06 2.91126e-22
-0.000260968 -3.55774e-06 1.45913e-22
-0.000260952 2.5478e-08 -1.04493e-24
-0.000260936 3.64848e-06 -1.49635e-22
-0.000260942 7.30078e-06 -2.99426e-22
-0.000260956 1.09822e-05 -4.50411e-22
-0.000260987 1.47029e-05 -6.0301e-22
-0.000261029 1.84518e-05 -7.5676e-22
-0.000261061 2.22193e-05 -9.11278e-22
-0.000261097 2.60033e-05 -1.06647e-21
-0.000261127 2.9797e-05 -1.22206e-21
-0.000261158 3.35961e-05 -1.37787e-21
-0.000261185 3.73941e-05 -1.53364e-21
-0.000261211 4.11844e-05 -1.68909e-21
-0.000261235 4.49587e-05 -1.84388e-21
-0.000261256 4.87075e-05 -1.99764e-21
-0.000261276 5.24213e-05 -2.14995e-21
-0.000261293 5.60898e-05 -2.30041e-21
-0.000261309 5.97026e-05 -2.44857e-21
-0.000261322 6.32486e-05 -2.59401e-21
-0.000261333 6.6717e-05 -2.73626e-21
-0.000261349 7.00971e-05 -2.87489e-21
-0.000261367 7.33786e-05 -3.00947e-21
-0.00026138 7.65512e-05 -3.13959e-21
-0.000261393 7.96055e-05 -3.26485e-21
-0.000261403 8.25323e-05 -3.38489e-21
-0.000261412 8.5324e-05 -3.49938e-21
-0.000261419 8.79733e-05 -3.60804e-21
-0.000261433 9.04738e-05 -3.71059e-21
-0.000261449 9.28205e-05 -3.80684e-21
-0.000261461 9.50104e-05 -3.89665e-21
-0.000261472 9.70416e-05 -3.97996e-21
-0.000261482 9.89131e-05 -4.05671e-21
-0.000261491 0.000100625 -4.12691e-21
-0.000261497 0.000102177 -4.19058e-21
-0.000261503 0.000103573 -4.24781e-21
-0.000261507 0.000104813 -4.29869e-21
-0.00026151 0.000105902 -4.34335e-21
-0.000261511 0.000106842 -4.38191e-21
-0.000261511 0.000107638 -4.41454e-21
-0.00026151 0.000108293 -4.4414e-21
-0.000261508 0.000108812 -4.4627e-21
-0.000261504 0.000109201 -4.47866e-21
-0.000261499 0.000109466 -4.48952e-21
-0.000261494 0.000109613 -4.49553e-21
-0.000261487 0.000109647 -4.49696e-21
-0.000261501 0.000109576 -4.49403e-21
-0.000261522 0.000109405 -4.48701e-21
-0.000261548 0.000109139 -4.47612e-21
-0.000261605 0.000108786 -4.46161e-21
-0.000261665 0.00010835 -4.44373e-21
-0.000261733 0.000107837 -4.42269e-21
-0.000261807 0.000107253 -4.39874e-21
-0.000261879 0.000106604 -4.37214e-21
-0.000261953 0.000105898 -4.34319e-21
-0.000262026 0.000105142 -4.3122e-21
-0.0002621 0.000104345 -4.27949e-21
-0.000262173 0.000103513 -4.24537e-21
-0.000262247 0.000102652 -4.21007e-21
-0.00026232 0.000101768 -4.17379e-21
-0.000262394 0.000100865 -4.13676e-21
-0.000262467 9.99488e-05 -4.09919e-21
-0.00026254 9.90229e-05 -4.06121e-21
-0.000262613 9.80905e-05 -4.02298e-21
-0.000262685 9.71553e-05 -3.98462e-21
-0.000262758 9.62205e-05 -3.94628e-21
-0.000262829 9.52879e-05 -3.90803e-21
-0.000262901 9.43587e-05 -3.86992e-21
-0.000262971 9.34346e-05 -3.83202e-21
-0.000263041 9.25179e-05 -3.79442e-21
-0.00026311 9.16106e-05 -3.75722e-21
-0.000263178 9.07156e-05 -3.72051e-21
-0.000263245 8.98358e-05 -3.68442e-21
-0.000263311 8.8974e-05 -3.64908e-21
-0.000263376 8.81325e-05 -3.61457e-21
-0.000263439 8.73134e-05 -3.58097e-21
-0.000263501 8.65187e-05 -3.54838e-21
-0.000263561 8.57507e-05 -3.51689e-21
-0.000263619 8.5012e-05 -3.48659e-21
-0.000263676 8.4305e-05 -3.45759e-21
-0.00026373 8.3632e-05 -3.42999e-21
-0.000263783 8.29961e-05 -3.40391e-21
-0.000263833 8.24019e-05 -3.37954e-21
-0.000263881 8.18546e-05 -3.3571e-21
-0.000263927 8.13591e-05 -3.33677e-21
-0.00026397 8.09205e-05 -3.31878e-21
-0.00026401 8.05464e-05 -3.30344e-21
-0.000264048 8.02447e-05 -3.29107e-21
-0.000264083 8.00224e-05 -3.28195e-21
-0.000264114 7.98865e-05 -3.27638e-21
-0.000264143 7.98447e-05 -3.27466e-21
-0.000264169 7.99046e-05 -3.27712e-21
-0.000264191 8.00726e-05 -3.28401e-21
-0.000264211 8.03541e-05 -3.29555e-21
-0.000264227 8.07541e-05 -3.31196e-21
-0.00026424 8.12768e-05 -3.3334e-21
-0.000264251 8.1925e-05 -3.35998e-21
-0.000264258 8.27003e-05 -3.39178e-21
-0.000264262 8.36039e-05 -3.42884e-21
-0.000264264 8.46358e-05 -3.47116e-21
-0.000264262 8.5795e-05 -3.5187e-21
-0.000264258 8.70786e-05 -3.57135e-21
-0.000264251 8.84825e-05 -3.62892e-21
-0.000264241 9.0001e-05 -3.6912e-21
-0.000264229 9.16276e-05 -3.75791e-21
-0.000264215 9.33556e-05 -3.82878e-21
-0.000264198 9.51793e-05 -3.90358e-21
-0.000264178 9.70932e-05 -3.98207e-21
-0.000264157 9.90914e-05 -4.06403e-21
-0.000264133 0.000101168 -4.14917e-21
-0.000264108 0.000103315 -4.23726e-21
-0.00026408 0.000105529 -4.32803e-21
-0.000264051 0.000107801 -4.42122e-21
-0.00026402 0.000110125 -4.51655e-21
-0.000263987 0.000112495 -4.61376e-21
-0.000263953 0.000114905 -4.71259e-21
-0.000263918 0.000117348 -4.81279e-21
-0.000263881 0.000119818 -4.91409e-21
-0.000263843 0.000122307 -5.01618e-21
-0.000263805 0.000124808 -5.11874e-21
-0.000263765 0.000127313 -5.22146e-21
-0.000263725 0.000129814 -5.32405e-21
-0.000263684 0.000132306 -5.42623e-21
-0.000263643 0.000134781 -5.52774e-21
-0.000263601 0.000137233 -5.62834e-21
-0.00026356 0.000139658 -5.72779e-21
-0.000263517 0.000142051 -5.82593e-21
-0.000263475 0.000144408 -5.9226e-21
-0.000263433 0.000146726 -6.01766e-21
-0.00026339 0.000149001 -6.11098e-21
-0.000263348 0.000151231 -6.2024e-21
-0.000263306 0.00015341 -6.29177e-21
-0.000263933 0.00015556 -1.23028e-20
-0.000264567 0.000157678 -1.23923e-20
-0.000265183 0.000159734 -1.24792e-20
-0.000265778 0.000161723 -1.25632e-20
-0.000266353 0.000163642 -1.26443e-20
-0.000266904 0.000165487 -1.27222e-20
-0.000267431 0.000167251 -1.27967e-20
-0.000267932 0.00016893 -1.28676e-20
-0.00026838 0.00017032 -1.42559e-20
-0.00027062 0.000171891 -1.36392e-20
-0.000272344 0.000173297 -1.08755e-20
-0.000273914 0.000174611 -7.42887e-21
-0.000275342 0.000175808 -1.37158e-20
-0.000276616 0.00017688 -1.23821e-20
-0.000277728 0.000177819 -9.56868e-21
-0.000278668 0.000178618 -7.36963e-21
-0.000279428 0.000179301 -7.38072e-21
-0.000279997 0.000179821 -7.38938e-21
-0.000280365 0.00018017 -7.39659e-21
-0.000280524 0.000180343 -7.39986e-21
-0.000280512 0.000180258 -1.12568e-20
-0.000280501 0.000180083 -1.12497e-20
-0.000280497 0.000179736 -1.12354e-20
-0.000280496 0.000179214 -1.1214e-20
-0.000280494 0.000178518 -1.11855e-20
-0.000280495 0.000177645 -1.11497e-20
-0.000280495 0.000176599 -1.11068e-20
-0.000280496 0.000175383 -1.10569e-20
-0.000280496 0.000173998 -1.10001e-20
-0.000280497 0.000172451 -1.09366e-20
-0.000280498 0.000170745 -1.08667e-20
-0.000280498 0.000168887 -1.07905e-20
-0.000280498 0.000166882 -1.07082e-20
-0.000280498 0.000164737 -1.06203e-20
-0.000280497 0.000162461 -1.05269e-20
-0.000280495 0.000160063 -1.04286e-20
-0.000280492 0.000157551 -1.03256e-20
-0.000280488 0.000154936 -1.02183e-20
-0.000280483 0.000152226 -1.01072e-20
-0.000280477 0.000149428 -9.99243e-21
-0.00028047 0.000146552 -9.87445e-21
-0.000280462 0.000143602 -9.7535e-21
-0.000280453 0.000140587 -9.62981e-21
-0.000280448 0.000137509 -9.50359e-21
-0.000280444 0.000134374 -9.37501e-21
-0.000280439 0.000131184 -9.2442e-21
-0.000280434 0.000127943 -9.11126e-21
-0.000280427 0.000124652 -8.97627e-21
-0.000280421 0.000121311 -8.83926e-21
-0.000280414 0.000117922 -8.70028e-21
-0.000280406 0.000114486 -8.55935e-21
-0.000280398 0.000111003 -8.41648e-21
-0.000280389 0.000107472 -8.27168e-21
-0.000280379 0.000103895 -8.12499e-21
-0.000280369 0.000100274 -7.97648e-21
-0.000280358 9.66112e-05 -7.82625e-21
-0.000280345 9.29092e-05 -7.67442e-21
-0.000280332 8.91708e-05 -7.5211e-21
-0.000280318 8.53988e-05 -7.36639e-21
-0.000280303 8.15961e-05 -7.21044e-21
-0.000280287 7.77661e-05 -7.05336e-21
-0.00028027 7.3913e-05 -6.89533e-21
-0.000280252 7.00422e-05 -6.73658e-21
-0.000280232 6.616e-05 -6.57736e-21
-0.000280212 6.22734e-05 -6.41796e-21
-0.000280191 5.83894e-05 -6.25866e-21
-0.000280168 5.45146e-05 -6.09975e-21
-0.000280145 5.06558e-05 -5.94148e-21
-0.000280121 4.68202e-05 -5.78418e-21
-0.000280095 4.30158e-05 -5.62815e-21
-0.000280069 3.9252e-05 -5.47378e-21
-0.000280042 3.55386e-05 -5.32149e-21
-0.000280014 3.18859e-05 -5.17168e-21
-0.000279985 2.83039e-05 -5.02477e-21
-0.000279955 2.48014e-05 -4.88112e-21
-0.000279925 2.13867e-05 -4.74107e-21
-0.000279894 1.8068e-05 -4.60496e-21
-0.000279862 1.48538e-05 -4.47314e-21
-0.00027983 1.17533e-05 -4.34598e-21
-0.000279797 8.77556e-06 -4.22386e-21
-0.000279763 5.92958e-06 -4.10713e-21
-0.000279729 3.22318e-06 -3.99614e-21
-0.000279694 6.62668e-07 -3.89112e-21
-0.000279659 -1.74683e-06 -3.7923e-21
-0.000279624 -4.00083e-06 -3.69986e-21
-0.000279588 -6.09584e-06 -3.61394e-21
-0.000279551 -8.02971e-06 -3.53462e-21
-0.000279514 -9.80133e-06 -3.46196e-21
-0.000279476 -1.14104e-05 -3.39597e-21
-0.000279438 -1.28577e-05 -3.33661e-21
-0.000279399 -1.41452e-05 -3.28381e-21
-0.000279368 -1.52734e-05 -3.23754e-21
-0.000279339 -1.62474e-05 -3.19759e-21
-0.000279306 -1.70741e-05 -3.16369e-21
-0.000279274 -1.77571e-05 -3.13568e-21
-0.000279239 -1.83026e-05 -3.1133e-21
-0.000279203 -1.87166e-05 -3.09632e-21
-0.000279171 -1.90073e-05 -3.0844e-21
-0.000279139 -1.91804e-05 -3.0773e-21
-0.000279103 -1.92413e-05 -3.0748e-21
-0.000279067 -1.91982e-05 -3.07657e-21
-0.000279029 -1.90583e-05 -3.08231e-21
-0.000278989 -1.88302e-05 -3.09166e-21
-0.000278947 -1.85224e-05 -3.10429e-21
-0.000278905 -1.81439e-05 -3.11981e-21
-0.000278861 -1.77039e-05 -3.13786e-21
-0.000278815 -1.72123e-05 -3.15802e-21
-0.000278769 -1.6679e-05 -3.17989e-21
-0.000278722 -1.61141e-05 -3.20306e-21
-0.000278674 -1.5528e-05 -3.22709e-21
-0.000278625 -1.49315e-05 -3.25156e-21
-0.000278576 -1.43353e-05 -3.27601e-21
-0.000278542 -1.37507e-05 -3.29999e-21
-0.000278541 -1.3188e-05 -3.32307e-21
-0.000278547 -1.26577e-05 -3.34482e-21
-0.000278555 -1.21702e-05 -3.36481e-21
-0.000278605 -1.17355e-05 -3.38264e-21
-0.000278663 -1.13642e-05 -3.39787e-21
-0.000278717 -1.1066e-05 -3.4101e-21
-0.000278775 -1.08507e-05 -3.41893e-21
-0.00027883 -1.07275e-05 -3.42398e-21
-0.000278887 -1.07047e-05 -3.42491e-21
-0.000278943 -1.07894e-05 -3.42144e-21
-0.000279 -1.09876e-05 -3.41331e-21
-0.000279056 -1.13048e-05 -3.4003e-21
-0.000279113 -1.17467e-05 -3.38218e-21
-0.000279169 -1.23184e-05 -3.35873e-21
-0.000279225 -1.3025e-05 -3.32975e-21
-0.000279281 -1.38712e-05 -3.29505e-21
-0.000279337 -1.48606e-05 -3.25447e-21
-0.000279393 -1.59951e-05 -3.20794e-21
-0.000279448 -1.72753e-05 -3.15544e-21
-0.000279502 -1.87015e-05 -3.09694e-21
-0.000279556 -2.02741e-05 -3.03245e-21
-0.000279609 -2.19935e-05 -2.96193e-21
-0.000279662 -2.38601e-05 -2.88537e-21
-0.000279714 -2.5874e-05 -2.80278e-21
-0.000279764 -2.80348e-05 -2.71416e-21
-0.000279814 -3.03405e-05 -2.61959e-21
-0.000279863 -3.27886e-05 -2.51919e-21
-0.000279911 -3.53765e-05 -2.41305e-21
-0.000279957 -3.81012e-05 -2.30131e-21
-0.000280003 -4.09603e-05 -2.18404e-21
-0.000280047 -4.39515e-05 -2.06137e-21
-0.00028009 -4.7072e-05 -1.93339e-21
-0.000280132 -5.03182e-05 -1.80025e-21
-0.000280172 -5.3685e-05 -1.66217e-21
-0.000280211 -5.7166e-05 -1.5194e-21
-0.000280249 -6.0755e-05 -1.37221e-21
-0.000280285 -6.44452e-05 -1.22086e-21
-0.00028032 -6.82303e-05 -1.06562e-21
-0.000280354 -7.21036e-05 -9.06766e-22
-0.000280387 -7.60585e-05 -7.44564e-22
-0.000280418 -8.00878e-05 -5.79313e-22
-0.000280449 -8.41836e-05 -4.11331e-22
-0.000280478 -8.83378e-05 -2.40955e-22
-0.000280507 -9.25421e-05 -6.85256e-23
-0.000280535 -9.67878e-05 1.05601e-22
-0.000280561 -0.000101065 2.8104e-22
-0.000280588 -0.000105365 4.5739e-22
-0.000280614 -0.000109678 6.34255e-22
-0.000280639 -0.000113993 8.11234e-22
-0.000280665 -0.000118301 9.87911e-22
-0.00028069 -0.000122591 1.16387e-21
-0.000280715 -0.000126854 1.33871e-21
-0.000280741 -0.00013108 1.51204e-21
-0.000280767 -0.000135261 1.68349e-21
-0.000280793 -0.000139387 1.85271e-21
-0.000280819 -0.000143451 2.01938e-21
-0.000280846 -0.000147444 2.18318e-21
-0.000280874 -0.000151362 2.34384e-21
-0.00028118 -0.000155207 8.11741e-21
-0.000282493 -0.000159048 8.28019e-21
-0.000283814 -0.000162798 8.43905e-21
-0.000285095 -0.000166295 9.38151e-21
-0.000286335 -0.000169823 9.52613e-21
-0.000291311 -0.00017337 9.41927e-21
-0.000295917 -0.000176753 1.30641e-20
-0.000300378 -0.000180066 1.2611e-20
-0.000304695 -0.00018326 1.23824e-20
-0.000308732 -0.000186278 1.22227e-20
-0.000312666 -0.000189188 1.69085e-20
-0.000316463 -0.000191982 1.04933e-20
-0.00032182 -0.000194721 1.37275e-20
-0.000327804 -0.000196781 -9.48936e-19
-0.000332518 -0.000198364 2.05843e-19
-0.000337093 -0.000199957 1.45466e-20
-0.000341465 -0.000201466 1.44819e-20
-0.000345647 -0.000202907 1.77351e-20
-0.000349495 -0.000204235 -5.36437e-19
-0.000353174 -0.000205503 1.56398e-20
-0.000356674 -0.000206707 1.71595e-20
-0.000359971 -0.000207838 1.67839e-20
-0.000363053 -0.000208892 1.40071e-20
-0.000365862 -0.000209851 1.6249e-20
-0.000368416 -0.000210721 1.76039e-20
-0.000370739 -0.000211503 1.88063e-20
-0.000372811 -0.000212192 2.05839e-20
-0.000374625 -0.000212785 3.07599e-19
-0.000376173 -0.000213279 1.97539e-20
-0.000377446 -0.000213668 1.59071e-20
-0.000378433 -0.00021395 1.89018e-20
-0.000379128 -0.000214123 1.74768e-20
-0.000379526 -0.000214199 1.74833e-20
-0.00037962 -0.000214143 1.74813e-20
-0.000379673 -0.00021396 1.95283e-20
-0.000379724 -0.000213665 1.95162e-20
-0.000379774 -0.000213214 1.94978e-20
-0.000379825 -0.000212606 1.94728e-20
-0.000379875 -0.000211841 1.94414e-20
-0.000379924 -0.000210922 1.94037e-20
-0.000379972 -0.000209853 1.93599e-20
-0.000380019 -0.000208638 1.93101e-20
-0.000380065 -0.000207283 1.92545e-20
-0.000380109 -0.000205795 1.91935e-20
-0.000380152 -0.000204181 1.91273e-20
-0.000380192 -0.00020245 1.90563e-20
-0.00038023 -0.000200611 1.89808e-20
-0.000380267 -0.000198671 1.89013e-20
-0.000380301 -0.000196642 1.88181e-20
-0.000380332 -0.000194531 1.87315e-20
-0.000380361 -0.000192349 1.8642e-20
-0.000380388 -0.000190104 1.85499e-20
-0.000380412 -0.000187805 1.84556e-20
-0.000380434 -0.000185459 1.83594e-20
-0.000380453 -0.000183075 1.82616e-20
-0.00038047 -0.00018066 1.81626e-20
-0.000380485 -0.000178219 1.80625e-20
-0.000380497 -0.000175758 1.79616e-20
-0.000380507 -0.000173284 1.78601e-20
-0.000380514 -0.000170803 1.77583e-20
-0.000380519 -0.000168322 1.76566e-20
-0.000380521 -0.000165847 1.75551e-20
-0.000380521 -0.000163384 1.74541e-20
-0.000380518 -0.000160941 1.73539e-20
-0.000380513 -0.000158524 1.72547e-20
-0.000380505 -0.00015614 1.71569e-20
-0.000380494 -0.000153794 1.70608e-20
-0.000380481 -0.000151495 1.69665e-20
-0.000380465 -0.000149249 1.68743e-20
-0.000380447 -0.000147062 1.67847e-20
-0.000380426 -0.000144942 1.66977e-20
-0.000380402 -0.000142895 1.66137e-20
-0.000380376 -0.000140928 1.65331e-20
-0.000380348 -0.000139048 1.6456e-20
-0.000380317 -0.000137261 1.63827e-20
-0.000380283 -0.000135572 1.63134e-20
-0.000380248 -0.000133987 1.62484e-20
-0.00038021 -0.000132511 1.61879e-20
-0.000380169 -0.000131146 1.61319e-20
-0.000380127 -0.000129898 1.60807e-20
-0.000380082 -0.000128769 1.60344e-20
-0.000380036 -0.000127762 1.59931e-20
-0.000379987 -0.000126879 1.59569e-20
-0.000379937 -0.00012612 1.59257e-20
-0.000379885 -0.000125485 1.58997e-20
-0.000379831 -0.000124975 1.58788e-20
-0.000379776 -0.000124587 1.58629e-20
-0.000379719 -0.000124316 1.58518e-20
-0.000379662 -0.000124156 1.58452e-20
-0.000379603 -0.000124101 1.5843e-20
-0.000379543 -0.000124144 1.58447e-20
-0.000379482 -0.000124275 1.58501e-20
-0.000379421 -0.000124486 1.58587e-20
-0.000379359 -0.000124768 1.58703e-20
-0.000379296 -0.00012511 1.58844e-20
-0.000379233 -0.000125504 1.59005e-20
-0.00037917 -0.000125938 1.59183e-20
-0.000379106 -0.000126401 1.59373e-20
-0.000379042 -0.000126883 1.59571e-20
-0.000378979 -0.000127373 1.59771e-20
-0.000378915 -0.00012786 1.59971e-20
-0.000378851 -0.000128335 1.60166e-20
-0.000378788 -0.000128786 1.60351e-20
-0.000378725 -0.000129204 1.60523e-20
-0.000378662 -0.00012958 1.60677e-20
-0.0003786 -0.000129905 1.6081e-20
-0.000378538 -0.00013017 1.60918e-20
-0.000378476 -0.000130368 1.61e-20
-0.000378415 -0.000130493 1.61051e-20
-0.000378354 -0.000130539 1.6107e-20
-0.000378294 -0.000130501 1.61054e-20
-0.000378234 -0.000130375 1.61003e-20
-0.000378175 -0.00013016 1.60914e-20
-0.000378116 -0.000129852 1.60788e-20
-0.000378058 -0.000129451 1.60624e-20
-0.000378 -0.000128955 1.6042e-20
-0.000377942 -0.00012836 1.60176e-20
-0.000377885 -0.000127667 1.59892e-20
-0.000377828 -0.000126873 1.59566e-20
-0.000377772 -0.000125979 1.592e-20
-0.000377716 -0.000124987 1.58793e-20
-0.000377661 -0.000123897 1.58346e-20
-0.000377606 -0.00012271 1.57859e-20
-0.000377552 -0.000121427 1.57333e-20
-0.000377506 -0.000120046 1.56766e-20
-0.000377463 -0.000118567 1.5616e-20
-0.000377419 -0.000116989 1.55513e-20
-0.000377376 -0.000115309 1.54824e-20
-0.00037734 -0.00011352 1.5409e-20
-0.000377306 -0.00011162 1.53311e-20
-0.00037727 -0.000109603 1.52483e-20
-0.000377248 -0.000107463 1.51606e-20
-0.000377229 -0.000105193 1.50675e-20
-0.000377206 -0.000102788 1.49688e-20
-0.000377183 -0.000100242 1.48644e-20
-0.000377157 -9.75487e-05 1.4754e-20
-0.000377131 -9.47041e-05 1.46373e-20
-0.000377112 -9.17031e-05 1.45142e-20
-0.000377093 -8.85424e-05 1.43846e-20
-0.000377068 -8.52197e-05 1.42483e-20
-0.000377042 -8.17341e-05 1.41054e-20
-0.000377012 -7.80853e-05 1.39557e-20
-0.000376979 -7.42736e-05 1.37994e-20
-0.000376942 -7.03008e-05 1.36365e-20
-0.000376902 -6.61696e-05 1.3467e-20
-0.000376858 -6.18831e-05 1.32912e-20
-0.00037681 -5.74451e-05 1.31092e-20
-0.000376759 -5.28607e-05 1.29212e-20
-0.000376703 -4.81353e-05 1.27274e-20
-0.000376644 -4.3275e-05 1.2528e-20
-0.000376581 -3.82857e-05 1.23234e-20
-0.000376514 -3.31736e-05 1.21138e-20
-0.000376444 -2.79446e-05 1.18993e-20
-0.00037637 -2.2605e-05 1.16803e-20
-0.000376309 -1.71604e-05 1.1457e-20
-0.000376249 -1.16172e-05 1.12297e-20
-0.000376183 -5.98124e-06 1.09985e-20
-0.000376127 -2.58603e-07 1.07638e-20
-0.000376119 5.53494e-06 1.05262e-20
-0.000376158 1.14073e-05 1.02854e-20
-0.000376196 1.73547e-05 1.00414e-20
-0.000376231 2.33579e-05 9.79524e-21
-0.000376267 2.94151e-05 9.54681e-21
-0.0003763 3.55122e-05 9.29675e-21
-0.000376334 4.16384e-05 9.0455e-21
-0.000376366 4.77812e-05 8.79357e-21
-0.000376398 5.39278e-05 8.54148e-21
-0.000376434 6.00637e-05 8.28982e-21
-0.00037647 6.61731e-05 8.03926e-21
-0.000376506 7.22413e-05 7.79039e-21
-0.000376543 7.82526e-05 7.54385e-21
-0.00037658 8.41913e-05 7.30028e-21
-0.000376618 9.00412e-05 7.06036e-21
-0.000376657 9.57867e-05 6.82472e-21
-0.000376698 0.000101413 6.59398e-21
-0.00037674 0.000106904 6.36876e-21
-0.000376783 0.000112247 6.14966e-21
-0.000376829 0.000117426 5.93725e-21
-0.000376877 0.000122428 5.73208e-21
-0.000376928 0.00012724 5.53472e-21
-0.000376981 0.00013185 5.34567e-21
-0.000377036 0.000136244 5.16545e-21
-0.000377093 0.000140412 4.99452e-21
-0.000377152 0.000144342 4.83331e-21
-0.000377214 0.000148026 4.68224e-21
-0.000377278 0.000151453 4.54167e-21
-0.000377346 0.000154617 4.41193e-21
-0.000377415 0.000157511 4.29324e-21
-0.000377487 0.000160131 4.18578e-21
-0.000377472 0.000162476 -1.04415e-20
-0.000376856 0.00016431 -1.05261e-20
-0.000376955 0.000165512 -7.13968e-21
-0.000377045 0.000166484 -7.18752e-21
-0.000377133 0.000167248 -7.22544e-21
-0.000377221 0.000167782 -7.25252e-21
-0.000377314 0.000168105 -7.26965e-21
-0.000377407 0.000168229 -7.27733e-21
-0.000377498 0.000168167 -7.27621e-21
-0.000377588 0.000167933 -7.26696e-21
-0.000377669 0.000167418 -8.6598e-21
-0.000377751 0.000166903 -8.63868e-21
-0.000377832 0.000166273 -8.61284e-21
-0.000377911 0.000165544 -8.58294e-21
-0.000377988 0.000164732 -8.54963e-21
-0.000378064 0.000163852 -8.51356e-21
-0.000378137 0.00016292 -8.47532e-21
-0.000378209 0.000161943 -8.43523e-21
-0.000378279 0.000160914 -8.39302e-21
-0.000378346 0.000159842 -8.34908e-21
-0.000378412 0.000158744 -8.30405e-21
-0.000378476 0.000157629 -8.25833e-21
-0.000378537 0.000156509 -8.21239e-21
-0.000378598 0.000155392 -8.16656e-21
-0.000378656 0.000154286 -8.12122e-21
-0.000378712 0.000153199 -8.07664e-21
-0.000378767 0.000152138 -8.03312e-21
-0.00037882 0.000151109 -7.9909e-21
-0.000378871 0.000150116 -7.9502e-21
-0.000378921 0.000149166 -7.91122e-21
-0.000378969 0.000148262 -7.87413e-21
-0.000379015 0.000147407 -7.8391e-21
-0.000379059 0.000146607 -7.80626e-21
-0.000379102 0.000145864 -7.77578e-21
-0.000379143 0.000145182 -7.74784e-21
-0.000379182 0.000144567 -7.72262e-21
-0.00037922 0.000144023 -7.70031e-21
-0.000379255 0.000143555 -7.68111e-21
-0.000379289 0.000143168 -7.66522e-21
-0.00037932 0.000142866 -7.65282e-21
-0.00037935 0.000142654 -7.64413e-21
-0.000379378 0.000142536 -7.63931e-21
-0.000379404 0.000142517 -7.63851e-21
-0.000379428 0.000142597 -7.64183e-21
-0.00037945 0.000142782 -7.64938e-21
-0.00037947 0.000143071 -7.66124e-21
-0.000379488 0.000143463 -7.67732e-21
-0.000379505 0.000143955 -7.69752e-21
-0.000379521 0.000144545 -7.72172e-21
-0.000379535 0.000145229 -7.74976e-21
-0.000379547 0.000146001 -7.7814e-21
-0.000379559 0.000146853 -7.81635e-21
-0.000379568 0.000147779 -7.85433e-21
-0.000379577 0.000148771 -7.89503e-21
-0.000379585 0.00014982 -7.93803e-21
-0.000379591 0.000150913 -7.98287e-21
-0.000379597 0.00015204 -8.02911e-21
-0.000379602 0.000153192 -8.07636e-21
-0.000379603 0.000154129 -8.11476e-21
-0.000379603 0.000154902 -8.14645e-21
-0.000379604 0.00015571 -8.17961e-21
-0.000379603 0.000156491 -8.21163e-21
-0.000379601 0.00015726 -8.24318e-21
-0.000379597 0.000158012 -8.27404e-21
-0.000379592 0.000158753 -8.3044e-21
-0.000379584 0.000159479 -8.3342e-21
-0.000379575 0.000160194 -8.36352e-21
-0.000379564 0.000160903 -8.39259e-21
-0.00037955 0.000161637 -8.42268e-21
-0.000379666 0.000162403 -6.77377e-21
-0.000379657 0.000163207 -6.81316e-21
-0.000379642 0.000164028 -6.85327e-21
-0.000379626 0.000164867 -6.89418e-21
-0.000379607 0.000165731 -6.93616e-21
-0.000379586 0.000166532 -6.97539e-21
-0.000379563 0.000167242 -7.01054e-21
-0.000379539 0.000167967 -7.0464e-21
-0.000379515 0.000168763 -7.08541e-21
-0.000379488 0.000169626 -7.1274e-21
-0.00037946 0.000170548 -7.17197e-21
-0.000379418 0.000171224 -7.04296e-21
-0.000379379 0.000172213 -6.59917e-21
-0.00037935 0.00017329 -6.65093e-21
-0.000379319 0.000174421 -6.705e-21
-0.000379693 0.000175536 -8.63306e-21
-0.000380893 0.000176778 -6.37534e-21
-0.00038213 0.000178067 -8.4006e-21
-0.000383384 0.000179396 -1.18475e-20
-0.000384641 0.000180759 -5.59715e-21
-0.000385897 0.000182149 -2.92305e-21
-0.000387144 0.000183562 -9.12799e-21
-0.000388376 0.000184988 6.37545e-20
-0.000389575 0.000186401 -9.02222e-21
-0.000390718 0.000187771 -9.95303e-21
-0.00039076 0.000189143 -7.30203e-21
-0.000392251 0.000190555 -1.24248e-21
-0.000393588 0.000191814 -6.43795e-21
-0.000394816 0.000193026 -1.11662e-20
-0.000395907 0.00019413 -1.16682e-20
-0.000396848 0.000195119 -7.98495e-21
-0.000397624 0.000195978 -7.02565e-21
-0.000398175 0.000196673 -9.96493e-21
-0.000398583 0.000197235 -9.49016e-21
-0.000398773 0.000197626 -7.70297e-21
-0.000398754 0.000197836 -7.24986e-21
-0.000398728 0.000197876 -7.25149e-21
-0.000398703 0.000197735 -7.24571e-21
-0.00039868 0.000197401 -7.23203e-21
-0.000398658 0.000196864 -7.20998e-21
-0.000398639 0.000196111 -7.17912e-21
-0.000398621 0.000195134 -7.13906e-21
-0.000398604 0.000193924 -7.08941e-21
-0.000398589 0.000192473 -7.02989e-21
-0.000398574 0.000190775 -6.96025e-21
-0.000398561 0.000188826 -6.88035e-21
-0.000398548 0.000186626 -6.79011e-21
-0.000398535 0.000184174 -6.68952e-21
-0.000398521 0.000181471 -6.57868e-21
-0.000398508 0.000178523 -6.45779e-21
-0.000398493 0.000175339 -6.32719e-21
-0.000398477 0.000171927 -6.18725e-21
-0.00039846 0.000168298 -6.03842e-21
-0.000398441 0.000164465 -5.88121e-21
-0.00039842 0.000160441 -5.71619e-21
-0.000398398 0.000156242 -5.54397e-21
-0.000398373 0.000151883 -5.36521e-21
-0.000398347 0.000147381 -5.18055e-21
-0.000398318 0.000142751 -4.99067e-21
-0.000398287 0.000138011 -4.79626e-21
-0.000398254 0.000133177 -4.59801e-21
-0.000398219 0.000128266 -4.39661e-21
-0.000398182 0.000123294 -4.19269e-21
-0.000398143 0.000118277 -3.98691e-21
-0.000398102 0.00011323 -3.77991e-21
-0.00039806 0.000108168 -3.57231e-21
-0.000398016 0.000103105 -3.36466e-21
-0.00039797 9.8055e-05 -3.15755e-21
-0.000397922 9.30311e-05 -2.95151e-21
-0.000397874 8.8045e-05 -2.74701e-21
-0.000397824 8.31075e-05 -2.54451e-21
-0.000397773 7.82287e-05 -2.34442e-21
-0.000397721 7.34179e-05 -2.14711e-21
-0.000397668 6.86826e-05 -1.95291e-21
-0.000397614 6.40292e-05 -1.76206e-21
-0.000397559 5.94633e-05 -1.5748e-21
-0.000397504 5.49898e-05 -1.39132e-21
-0.000397448 5.06123e-05 -1.21179e-21
-0.000397391 4.6334e-05 -1.03633e-21
-0.000397334 4.21571e-05 -8.65016e-22
-0.000397276 3.80826e-05 -6.9791e-22
-0.000397218 3.41102e-05 -5.34991e-22
-0.000397159 3.02386e-05 -3.76203e-22
-0.0003971 2.64655e-05 -2.21459e-22
-0.00039704 2.27884e-05 -7.06513e-23
-0.000396979 1.92043e-05 7.63425e-23
-0.000396918 1.57098e-05 2.19662e-22
-0.000396856 1.23009e-05 3.59471e-22
-0.000396793 8.97306e-06 4.95957e-22
-0.00039673 5.72088e-06 6.29338e-22
-0.000396666 2.53852e-06 7.59855e-22
-0.000396601 -5.80284e-07 8.87767e-22
-0.000396536 -3.64203e-06 1.01334e-21
-0.000396469 -6.65322e-06 1.13684e-21
-0.000396402 -9.62047e-06 1.25853e-21
-0.000396333 -1.25506e-05 1.3787e-21
-0.000396263 -1.54505e-05 1.49764e-21
-0.000396216 -1.83199e-05 1.61532e-21
-0.000396183 -2.11706e-05 1.73223e-21
-0.000396163 -2.40199e-05 1.84909e-21
-0.000396149 -2.68673e-05 1.96587e-21
-0.000396129 -2.97176e-05 2.08277e-21
-0.00039611 -3.25785e-05 2.20011e-21
-0.000396088 -3.54557e-05 2.31811e-21
-0.000396067 -3.83554e-05 2.43703e-21
-0.000396063 -4.12817e-05 2.55705e-21
-0.000396066 -4.42371e-05 2.67826e-21
-0.000396062 -4.72238e-05 2.80075e-21
-0.000396081 -5.02437e-05 2.92461e-21
-0.000396104 -5.32985e-05 3.04989e-21
-0.000396121 -5.63894e-05 3.17666e-21
-0.000396139 -5.95165e-05 3.30491e-21
-0.000396154 -6.268e-05 3.43465e-21
-0.000396169 -6.58776e-05 3.5658e-21
-0.000396199 -6.91071e-05 3.69825e-21
-0.000396233 -7.23654e-05 3.83188e-21
-0.000396263 -7.56491e-05 3.96656e-21
-0.000396295 -7.89544e-05 4.10212e-21
-0.000396351 -8.22769e-05 4.23838e-21
-0.000396417 -8.56119e-05 4.37516e-21
-0.000396476 -8.89552e-05 4.51228e-21
-0.00039654 -9.23026e-05 4.64956e-21
-0.00039661 -9.56499e-05 4.78685e-21
-0.000396686 -9.89931e-05 4.92396e-21
-0.000396758 -0.000102329 5.06075e-21
-0.000396834 -0.000105653 5.19712e-21
-0.000396908 -0.000108965 5.33294e-21
-0.000396984 -0.000112262 5.46815e-21
-0.000397059 -0.000115541 5.60263e-21
-0.000397135 -0.000118799 5.73626e-21
-0.000397212 -0.000122033 5.8689e-21
-0.000397289 -0.00012524 6.00042e-21
-0.000397366 -0.000128417 6.1307e-21
-0.000397444 -0.00013156 6.25961e-21
-0.000397522 -0.000134667 6.38703e-21
-0.000397601 -0.000137735 6.51287e-21
-0.000397679 -0.000140762 6.63701e-21
-0.000397759 -0.000143744 6.75932e-21
-0.000397839 -0.000146678 6.87966e-21
-0.000397919 -0.000149561 6.99791e-21
-0.000397999 -0.000152391 7.11398e-21
-0.00039808 -0.000155166 7.22776e-21
-0.000398161 -0.000157882 7.33918e-21
-0.000398243 -0.00016054 7.44816e-21
-0.000398324 -0.000163137 7.5547e-21
-0.000398406 -0.000165676 7.6588e-21
-0.000398488 -0.000168155 7.7605e-21
-0.000398564 -0.000170133 7.84162e-21
-0.00039864 -0.000171598 7.90169e-21
-0.000398719 -0.000173002 7.95928e-21
-0.000398797 -0.00017436 8.01498e-21
-0.000398875 -0.00017567 8.06869e-21
-0.000398943 -0.000176951 1.34203e-20
-0.000399047 -0.000178262 1.34716e-20
-0.000399151 -0.000179547 1.3522e-20
-0.000399254 -0.00018081 1.35716e-20
-0.000399355 -0.000182061 1.36207e-20
-0.000399455 -0.00018331 1.36699e-20
-0.000399554 -0.000184566 1.37194e-20
-0.000399652 -0.000185841 1.37696e-20
-0.000399747 -0.000187177 1.38224e-20
-0.000399839 -0.000188614 1.38794e-20
-0.000399929 -0.000190142 1.394e-20
-0.000400015 -0.000191792 1.40057e-20
-0.000400098 -0.000193529 1.40749e-20
-0.000400182 -0.000195305 1.41458e-20
-0.000400266 -0.000197139 1.42191e-20
-0.000400343 -0.00019888 1.42887e-20
-0.000400415 -0.000200488 1.4353e-20
-0.000400489 -0.000202116 1.44181e-20
-0.000400594 -0.00020288 1.6684e-20
-0.000401795 -0.000204706 1.59727e-20
-0.000402522 -0.000206447 -1.6523e-17
-0.000403461 -0.000208282 6.6929e-18
-0.000411638 -0.000210561 -2.95572e-18
-0.000420614 -0.000212978 4.22681e-18
-0.000429736 -0.000215404 2.21118e-18
-0.000438896 -0.000217834 4.60533e-19
-0.00044836 -0.000220276 3.50874e-17
-0.000458029 -0.000222721 1.17641e-17
-0.000467708 -0.000225166 -1.85936e-17
-0.000477357 -0.000228235 -3.01116e-15
-0.000486817 -0.000229975 3.46071e-17
-0.000496237 -0.000232319 -1.75469e-18
-0.000508451 -0.000234842 9.78856e-18
-0.00052435 -0.000238563 -2.20057e-16
-0.000539885 -0.000240324 -9.88031e-18
-0.000555078 -0.000242905 1.07582e-17
-0.000569887 -0.000245392 1.62917e-17
-0.000584238 -0.000247773 2.09664e-17
-0.000598085 -0.00025004 1.63715e-17
-0.000611382 -0.000252191 8.50405e-18
-0.000624082 -0.000254223 1.32352e-17
-0.000635901 -0.000256229 2.27767e-17
-0.00064568 -0.000258302 1.5765e-17
-0.000654464 -0.000260233 8.53896e-18
-0.000662625 -0.000261997 9.32268e-18
-0.000670138 -0.000263637 9.03363e-18
-0.000677009 -0.000265125 2.3684e-17
-0.000683227 -0.000266448 1.39697e-17
-0.000688784 -0.000267605 1.19787e-17
-0.000695899 -0.000268798 8.56976e-18
-0.000703254 -0.000269906 8.69281e-18
-0.000709564 -0.000270876 8.75166e-18
-0.000714712 -0.000271639 7.41066e-18
-0.0007187 -0.0002722 8.41429e-18
-0.000721548 -0.000272566 8.9954e-18
-0.00072328 -0.000272743 8.99519e-18
-0.000723919 -0.000272736 8.43467e-18
-0.000724002 -0.000272617 8.56599e-18
-0.000724033 -0.000272422 8.56598e-18
-0.000724037 -0.000272121 8.56597e-18
-0.000724026 -0.000271701 8.56595e-18
-0.000724005 -0.000271171 8.56593e-18
-0.000723975 -0.000270537 8.56591e-18
-0.000723936 -0.000269807 8.56588e-18
-0.000723888 -0.000268982 8.56585e-18
-0.000723831 -0.000268066 8.56581e-18
-0.000723765 -0.000267063 8.56578e-18
-0.000723691 -0.000265973 8.56574e-18
-0.000723609 -0.000264798 8.56569e-18
-0.000723519 -0.000263539 8.56564e-18
-0.00072342 -0.000262195 8.56559e-18
-0.000723314 -0.000260764 8.56554e-18
-0.000723199 -0.000259245 8.56548e-18
-0.000723077 -0.000257638 8.56542e-18
-0.000722946 -0.00025594 8.56536e-18
-0.000722806 -0.00025415 8.56529e-18
-0.000722658 -0.000252266 8.56522e-18
-0.000722502 -0.000250284 8.56514e-18
-0.000722337 -0.000248202 8.56506e-18
-0.000722163 -0.000246015 8.56498e-18
-0.000721979 -0.000243719 8.56489e-18
-0.000721786 -0.000241314 8.5648e-18
-0.000721584 -0.000238795 8.56471e-18
-0.000721371 -0.000236163 8.56461e-18
-0.000721148 -0.000233414 8.5645e-18
-0.000720915 -0.000230548 8.5644e-18
-0.000720672 -0.000227564 8.56428e-18
-0.000720418 -0.000224459 8.56416e-18
-0.000720153 -0.000221234 8.56404e-18
-0.000719878 -0.00021789 8.56392e-18
-0.000719591 -0.000214427 8.56379e-18
-0.000719294 -0.000210848 8.56365e-18
-0.000718986 -0.000207153 8.56351e-18
-0.000718667 -0.000203345 8.56337e-18
-0.000718337 -0.000199426 8.56322e-18
-0.000717997 -0.000195396 8.56306e-18
-0.000717646 -0.000191259 8.56291e-18
-0.000717284 -0.000187018 8.56275e-18
-0.000716913 -0.000182678 8.56258e-18
-0.000716531 -0.000178243 8.56242e-18
-0.000716139 -0.000173718 8.56224e-18
-0.000715738 -0.000169108 8.56207e-18
-0.000715328 -0.000164418 8.56189e-18
-0.000714909 -0.000159653 8.56171e-18
-0.000714481 -0.000154818 8.56153e-18
-0.000714045 -0.000149922 8.56134e-18
-0.000713602 -0.00014497 8.56116e-18
-0.000713152 -0.000139969 8.56097e-18
-0.000712695 -0.000134928 8.56078e-18
-0.000712232 -0.000129855 8.56058e-18
-0.000711764 -0.000124761 8.56039e-18
-0.000711291 -0.000119654 8.5602e-18
-0.000710815 -0.000114545 8.56e-18
-0.000710336 -0.000109442 8.55981e-18
-0.000709854 -0.000104355 8.55962e-18
-0.000709372 -9.92934e-05 8.55943e-18
-0.000708888 -9.42652e-05 8.55924e-18
-0.000708405 -8.92791e-05 8.55905e-18
-0.000707923 -8.43435e-05 8.55886e-18
-0.000707442 -7.94662e-05 8.55868e-18
-0.000706964 -7.46549e-05 8.55849e-18
-0.000706488 -6.99174e-05 8.55832e-18
-0.000706017 -6.52616e-05 8.55814e-18
-0.00070555 -6.06947e-05 8.55797e-18
-0.000705088 -5.62238e-05 8.5578e-18
-0.000704632 -5.18559e-05 8.55763e-18
-0.000704182 -4.76088e-05 8.55747e-18
-0.000703741 -4.34885e-05 8.55732e-18
-0.000703307 -3.949e-05 8.55717e-18
-0.000702881 -3.56203e-05 8.55702e-18
-0.000702465 -3.18856e-05 8.55688e-18
-0.000702093 -2.82808e-05 8.55674e-18
-0.000701743 -2.48153e-05 8.55661e-18
-0.000701393 -2.14993e-05 8.55649e-18
-0.000701059 -1.83275e-05 8.55637e-18
-0.000700731 -1.53017e-05 8.55625e-18
-0.000700422 -1.24185e-05 8.55615e-18
-0.000700154 -9.67467e-06 8.55604e-18
-0.000699905 -7.06313e-06 8.55594e-18
-0.000699734 -4.57627e-06 8.55585e-18
-0.00069963 -2.21657e-06 8.55576e-18
-0.000699523 3.0261e-08 8.55568e-18
-0.000699462 2.18329e-06 8.5556e-18
-0.000699418 4.25014e-06 8.55552e-18
-0.000699376 6.24493e-06 8.55544e-18
-0.00069934 8.17989e-06 8.55537e-18
-0.000699306 1.00685e-05 8.5553e-18
-0.000699274 1.1924e-05 8.55523e-18
-0.000699242 1.37585e-05 8.55516e-18
-0.00069921 1.55843e-05 8.55509e-18
-0.000699178 1.74125e-05 8.55502e-18
-0.000699144 1.9254e-05 8.55496e-18
-0.000699107 2.11186e-05 8.55489e-18
-0.000699067 2.30164e-05 8.55481e-18
-0.000699024 2.49563e-05 8.55474e-18
-0.000698975 2.69466e-05 8.55467e-18
-0.000698922 2.89944e-05 8.55459e-18
-0.000698863 3.11053e-05 8.55451e-18
-0.000698798 3.32837e-05 8.55443e-18
-0.000698727 3.55331e-05 8.55434e-18
-0.000698649 3.7856e-05 8.55425e-18
-0.000698564 4.02537e-05 8.55416e-18
-0.000698472 4.27285e-05 8.55407e-18
-0.000698367 4.53746e-05 8.55397e-18
-0.000698251 4.81414e-05 8.55387e-18
-0.000698131 5.09455e-05 8.55376e-18
-0.000698005 5.38078e-05 8.55365e-18
-0.000697875 5.67042e-05 8.55354e-18
-0.000697741 5.96344e-05 8.55343e-18
-0.000697603 6.25828e-05 8.55332e-18
-0.000697478 6.50401e-05 8.55323e-18
-0.000697369 6.70106e-05 8.55315e-18
-0.00069726 6.89889e-05 8.55308e-18
-0.00069715 7.09436e-05 8.55301e-18
-0.00069704 7.28674e-05 8.55293e-18
-0.000696931 7.47504e-05 8.55286e-18
-0.000696823 7.65845e-05 8.5528e-18
-0.000696717 7.83628e-05 8.55273e-18
-0.000696614 8.00796e-05 8.55267e-18
-0.000696512 8.17302e-05 8.55261e-18
-0.000696414 8.33112e-05 8.55255e-18
-0.000696318 8.48205e-05 8.55249e-18
-0.000696225 8.62573e-05 8.55244e-18
-0.000696135 8.76218e-05 8.55239e-18
-0.000696048 8.89157e-05 8.55234e-18
-0.000696199 9.01559e-05 8.55989e-18
-0.00069665 9.13524e-05 8.59245e-18
-0.000697096 9.24942e-05 8.62358e-18
-0.000697526 9.35873e-05 8.65345e-18
-0.000697944 9.46415e-05 8.68225e-18
-0.00069835 9.56675e-05 8.71019e-18
-0.000698748 9.66762e-05 8.73747e-18
-0.000699139 9.76784e-05 8.76426e-18
-0.000699525 9.86853e-05 8.79075e-18
-0.000699911 9.97077e-05 8.81714e-18
-0.000700299 0.000100756 8.84358e-18
-0.000700691 0.000101841 8.87023e-18
-0.00070109 0.000102972 8.89724e-18
-0.000701496 0.000104158 8.92473e-18
-0.000701913 0.000105408 8.95282e-18
-0.000702342 0.000106728 8.9816e-18
-0.000702824 0.000108126 9.00793e-18
-0.00070331 0.000109634 9.05501e-18
-0.000703813 0.000111227 9.1033e-18
-0.00070395 0.000112828 9.10063e-18
-0.000703864 0.00011464 9.12971e-18
-0.00070377 0.000116404 9.1467e-18
-0.000703673 0.000118384 9.17659e-18
-0.000704894 0.000120415 9.14746e-18
-0.000707091 0.000122616 9.45841e-18
-0.000709393 0.000124926 8.90341e-18
-0.000709842 0.000127433 9.72918e-18
-0.000709864 0.000129943 8.79759e-18
-0.000709888 0.000132562 6.35518e-18
-0.000709925 0.000135235 1.26361e-17
-0.000709972 0.000137952 8.77094e-18
-0.000710029 0.000140701 8.65062e-18
-0.000710097 0.00014347 1.02614e-17
-0.000710175 0.000146248 1.06396e-17
-0.000710262 0.00014902 5.6947e-18
-0.000710358 0.000151775 4.61339e-19
-0.000710461 0.0001545 5.96861e-18
-0.00071057 0.000157182 1.06937e-17
-0.000710684 0.000159808 1.08048e-17
-0.000710802 0.000162366 1.08889e-17
-0.000710945 0.000164808 -8.73829e-18
-0.000711017 0.000167142 1.05974e-17
-0.000708422 0.000169524 1.09754e-17
-0.000705878 0.00017177 1.00901e-17
-0.000703521 0.000173889 1.09057e-17
-0.00070211 0.000175969 -4.66051e-18
-0.00070223 0.000177969 1.13066e-17
-0.00070241 0.000179837 1.1517e-17
-0.00070258 0.00018153 1.11295e-17
-0.000702732 0.000183039 1.37987e-17
-0.000702867 0.000184334 1.11644e-17
-0.000702958 0.000185368 1.23954e-17
-0.000703048 0.000186159 1.12224e-17
-0.000703103 0.000186688 1.1274e-17
-0.000703127 0.000186952 1.17665e-17
-0.00070313 0.000186961 1.14744e-17
-0.000703132 0.000186743 1.14744e-17
-0.000703136 0.000186295 1.14744e-17
-0.000703143 0.000185612 1.14744e-17
-0.000703152 0.000184693 1.14745e-17
-0.000703164 0.000183536 1.14745e-17
-0.000703178 0.000182139 1.14746e-17
-0.000703193 0.000180502 1.14747e-17
-0.000703211 0.000178628 1.14747e-17
-0.00070323 0.000176519 1.14748e-17
-0.00070325 0.00017418 1.14749e-17
-0.000703271 0.000171617 1.1475e-17
-0.000703292 0.000168837 1.14751e-17
-0.000703314 0.000165847 1.14753e-17
-0.000703336 0.000162656 1.14754e-17
-0.000703358 0.000159276 1.14755e-17
-0.000703379 0.000155716 1.14757e-17
-0.0007034 0.00015199 1.14758e-17
-0.00070342 0.000148113 1.1476e-17
-0.000703438 0.0001441 1.14762e-17
-0.000703455 0.000139968 1.14763e-17
-0.000703471 0.000135732 1.14765e-17
-0.000703485 0.000131408 1.14767e-17
-0.000703497 0.000127012 1.14769e-17
-0.000703507 0.000122562 1.1477e-17
-0.000703515 0.000118072 1.14772e-17
-0.000703521 0.000113561 1.14774e-17
-0.000703525 0.000109046 1.14776e-17
-0.000703527 0.000104541 1.14778e-17
-0.000703527 0.000100063 1.1478e-17
-0.000703524 9.56277e-05 1.14781e-17
-0.000703519 9.12487e-05 1.14783e-17
-0.000703512 8.69405e-05 1.14785e-17
-0.000703503 8.27176e-05 1.14787e-17
-0.000703491 7.85944e-05 1.14788e-17
-0.000703477 7.4584e-05 1.1479e-17
-0.000703461 7.0698e-05 1.14792e-17
-0.000703443 6.6947e-05 1.14793e-17
-0.000703423 6.33402e-05 1.14795e-17
-0.000703401 5.98852e-05 1.14796e-17
-0.000703378 5.65881e-05 1.14797e-17
-0.000703352 5.34539e-05 1.14799e-17
-0.000703325 5.04865e-05 1.148e-17
-0.000703296 4.7688e-05 1.14801e-17
-0.000703266 4.50592e-05 1.14802e-17
-0.000703234 4.25994e-05 1.14803e-17
-0.000703201 4.03063e-05 1.14804e-17
-0.000703167 3.8177e-05 1.14805e-17
-0.000703131 3.62073e-05 1.14806e-17
-0.000703095 3.43931e-05 1.14807e-17
-0.000703057 3.27297e-05 1.14807e-17
-0.000703018 3.12118e-05 1.14808e-17
-0.000702979 2.98339e-05 1.14808e-17
-0.000702939 2.85899e-05 1.14809e-17
-0.000702898 2.74739e-05 1.14809e-17
-0.000702856 2.64799e-05 1.1481e-17
-0.000702814 2.56015e-05 1.1481e-17
-0.000702771 2.48308e-05 1.1481e-17
-0.000702728 2.416e-05 1.14811e-17
-0.000702685 2.35817e-05 1.14811e-17
-0.000702641 2.30891e-05 1.14811e-17
-0.000702598 2.26764e-05 1.14811e-17
-0.000702554 2.23386e-05 1.14811e-17
-0.00070251 2.20718e-05 1.14812e-17
-0.000702466 2.18718e-05 1.14812e-17
-0.000702422 2.17332e-05 1.14812e-17
-0.000702378 2.16505e-05 1.14812e-17
-0.000702334 2.16191e-05 1.14812e-17
-0.000702291 2.16353e-05 1.14812e-17
-0.000702248 2.16952e-05 1.14812e-17
-0.000702205 2.17959e-05 1.14812e-17
-0.000702162 2.19351e-05 1.14812e-17
-0.000702119 2.21107e-05 1.14812e-17
-0.000702077 2.23194e-05 1.14811e-17
-0.000702036 2.25575e-05 1.14811e-17
-0.000701994 2.28223e-05 1.14811e-17
-0.000701954 2.31112e-05 1.14811e-17
-0.000701913 2.34213e-05 1.14811e-17
-0.000701873 2.37498e-05 1.14811e-17
-0.000701834 2.40941e-05 1.14811e-17
-0.000701795 2.44525e-05 1.14811e-17
-0.000701757 2.48243e-05 1.1481e-17
-0.000701719 2.52092e-05 1.1481e-17
-0.000701682 2.5607e-05 1.1481e-17
-0.000701657 2.60177e-05 1.1481e-17
-0.000701653 2.64419e-05 1.1481e-17
-0.000701653 2.68802e-05 1.1481e-17
-0.000701662 2.73329e-05 1.14809e-17
-0.000701675 2.78002e-05 1.14809e-17
-0.0007017 2.8282e-05 1.14809e-17
-0.000701732 2.87782e-05 1.14809e-17
-0.000701758 2.92877e-05 1.14809e-17
-0.000701785 2.98095e-05 1.14808e-17
-0.000701808 3.03422e-05 1.14808e-17
-0.000701831 3.08842e-05 1.14808e-17
-0.000701851 3.14333e-05 1.14808e-17
-0.00070187 3.1987e-05 1.14808e-17
-0.000701886 3.25438e-05 1.14807e-17
-0.0007019 3.31018e-05 1.14807e-17
-0.000701911 3.36588e-05 1.14807e-17
-0.00070192 3.42117e-05 1.14807e-17
-0.000701927 3.47573e-05 1.14806e-17
-0.000701932 3.52916e-05 1.14806e-17
-0.000701934 3.58102e-05 1.14806e-17
-0.000701934 3.63085e-05 1.14806e-17
-0.000701932 3.6782e-05 1.14806e-17
-0.000701927 3.72265e-05 1.14805e-17
-0.000701921 3.7637e-05 1.14805e-17
-0.000701912 3.80085e-05 1.14805e-17
-0.000701901 3.83352e-05 1.14805e-17
-0.000701889 3.86112e-05 1.14805e-17
-0.000701875 3.88306e-05 1.14805e-17
-0.000701859 3.89876e-05 1.14805e-17
-0.000701843 3.90772e-05 1.14805e-17
-0.000701824 3.90952e-05 1.14805e-17
-0.000701805 3.90372e-05 1.14805e-17
-0.000701791 3.88994e-05 1.14805e-17
-0.000701777 3.86777e-05 1.14805e-17
-0.000701761 3.83684e-05 1.14805e-17
-0.000701745 3.79684e-05 1.14805e-17
-0.000701727 3.74746e-05 1.14805e-17
-0.000701709 3.68842e-05 1.14805e-17
-0.000701691 3.61947e-05 1.14806e-17
-0.000701672 3.54041e-05 1.14806e-17
-0.000701652 3.45109e-05 1.14806e-17
-0.000701632 3.35138e-05 1.14807e-17
-0.000701612 3.2412e-05 1.14807e-17
-0.000701592 3.12055e-05 1.14808e-17
-0.000701571 2.98948e-05 1.14808e-17
-0.000701551 2.84802e-05 1.14809e-17
-0.00070153 2.69626e-05 1.1481e-17
-0.00070151 2.5344e-05 1.1481e-17
-0.000701497 2.36273e-05 1.14811e-17
-0.000701486 2.18166e-05 1.14812e-17
-0.000701473 1.99176e-05 1.14812e-17
-0.000701462 1.79366e-05 1.14813e-17
-0.000701462 1.58807e-05 1.14814e-17
-0.000701468 1.37579e-05 1.14815e-17
-0.000701472 1.15767e-05 1.14816e-17
-0.00070149 9.34663e-06 1.14817e-17
-0.000701512 7.07763e-06 1.14818e-17
-0.000701545 4.78019e-06 1.14819e-17
-0.000701584 2.46553e-06 1.1482e-17
-0.000701619 1.45405e-07 1.14821e-17
-0.000701657 -2.16783e-06 1.14822e-17
-0.000701693 -4.46154e-06 1.14822e-17
-0.000701731 -6.72261e-06 1.14823e-17
-0.000701768 -8.93777e-06 1.14824e-17
-0.000701805 -1.10937e-05 1.14825e-17
-0.000701842 -1.31774e-05 1.14826e-17
-0.000701879 -1.51763e-05 1.14827e-17
-0.000701915 -1.70777e-05 1.14828e-17
-0.000701951 -1.88692e-05 1.14828e-17
-0.000701986 -2.05381e-05 1.14829e-17
-0.000702021 -2.20722e-05 1.1483e-17
-0.000702055 -2.34597e-05 1.1483e-17
-0.000702088 -2.46899e-05 1.14831e-17
-0.000702121 -2.57538e-05 1.14831e-17
-0.000702152 -2.66439e-05 1.14832e-17
-0.000702182 -2.73533e-05 1.14832e-17
-0.000702211 -2.78767e-05 1.14832e-17
-0.000702238 -2.82103e-05 1.14832e-17
-0.000702264 -2.83521e-05 1.14832e-17
-0.000702288 -2.8301e-05 1.14832e-17
-0.000702311 -2.80572e-05 1.14832e-17
-0.000702332 -2.76227e-05 1.14832e-17
-0.000702351 -2.70009e-05 1.14832e-17
-0.000702369 -2.61961e-05 1.14831e-17
-0.000702384 -2.52141e-05 1.14831e-17
-0.000702397 -2.40619e-05 1.1483e-17
-0.000702409 -2.27479e-05 1.1483e-17
-0.000702418 -2.12814e-05 1.14829e-17
-0.000702426 -1.96724e-05 1.14829e-17
-0.000702432 -1.79325e-05 1.14828e-17
-0.000702436 -1.60739e-05 1.14827e-17
-0.000702438 -1.41093e-05 1.14826e-17
-0.000702439 -1.20522e-05 1.14826e-17
-0.000702438 -9.91575e-06 1.14825e-17
-0.000702435 -7.7133e-06 1.14824e-17
-0.000702432 -5.45856e-06 1.14823e-17
-0.000702427 -3.16522e-06 1.14822e-17
-0.000702421 -8.46672e-07 1.14821e-17
-0.000702414 1.48384e-06 1.1482e-17
-0.000702407 3.81319e-06 1.14819e-17
-0.000702399 6.12931e-06 1.14818e-17
-0.000702391 8.42231e-06 1.14817e-17
-0.000702382 1.06836e-05 1.14816e-17
-0.000702373 1.29049e-05 1.14815e-17
-0.000702363 1.50783e-05 1.14814e-17
-0.000702354 1.7196e-05 1.14814e-17
-0.000702345 1.92504e-05 1.14813e-17
-0.000702335 2.12345e-05 1.14812e-17
-0.000702326 2.31425e-05 1.14811e-17
-0.000702318 2.49701e-05 1.1481e-17
-0.000702309 2.67141e-05 1.1481e-17
-0.000702301 2.83721e-05 1.14809e-17
-0.000702293 2.9942e-05 1.14808e-17
-0.000702286 3.14224e-05 1.14808e-17
-0.000702279 3.28124e-05 1.14807e-17
-0.000702273 3.41117e-05 1.14807e-17
-0.000702266 3.53206e-05 1.14806e-17
-0.000702261 3.64405e-05 1.14806e-17
-0.000702255 3.74734e-05 1.14805e-17
-0.000702251 3.84218e-05 1.14805e-17
-0.000702246 3.92878e-05 1.14805e-17
-0.000702242 4.00725e-05 1.14804e-17
-0.000702238 4.07766e-05 1.14804e-17
-0.000702235 4.14011e-05 1.14804e-17
-0.000702232 4.19472e-05 1.14803e-17
-0.000702229 4.24165e-05 1.14803e-17
-0.000702227 4.28112e-05 1.14803e-17
-0.000702225 4.31331e-05 1.14803e-17
-0.000702224 4.33855e-05 1.14803e-17
-0.000702222 4.35728e-05 1.14803e-17
-0.000702221 4.37008e-05 1.14803e-17
-0.00070222 4.37748e-05 1.14803e-17
-0.000702219 4.37997e-05 1.14803e-17
-0.000702218 4.37786e-05 1.14803e-17
-0.000702217 4.37138e-05 1.14803e-17
-0.000702216 4.36075e-05 1.14803e-17
-0.000702215 4.34619e-05 1.14803e-17
-0.000702214 4.32801e-05 1.14803e-17
-0.000702214 4.30651e-05 1.14803e-17
-0.000702213 4.28199e-05 1.14803e-17
-0.000702212 4.25462e-05 1.14803e-17
-0.000702211 4.22442e-05 1.14803e-17
-0.000702211 4.19131e-05 1.14803e-17
-0.00070221 4.15515e-05 1.14804e-17
-0.00070221 4.11583e-05 1.14804e-17
-0.000702209 4.07335e-05 1.14804e-17
-0.000702209 4.02773e-05 1.14804e-17
-0.000702208 3.97894e-05 1.14804e-17
-0.000702208 3.92686e-05 1.14805e-17
-0.000702207 3.87114e-05 1.14805e-17
-0.000702207 3.81134e-05 1.14805e-17
-0.000702207 3.74698e-05 1.14805e-17
-0.000702207 3.67761e-05 1.14806e-17
-0.000702208 3.60286e-05 1.14806e-17
-0.000702208 3.52239e-05 1.14806e-17
-0.000702209 3.43587e-05 1.14807e-17
-0.00070221 3.34292e-05 1.14807e-17
-0.000702211 3.24304e-05 1.14807e-17
-0.000702212 3.13566e-05 1.14808e-17
-0.000702214 3.02028e-05 1.14808e-17
-0.000702216 2.89648e-05 1.14809e-17
-0.000702217 2.76406e-05 1.14809e-17
-0.000702219 2.62291e-05 1.1481e-17
-0.000702221 2.47301e-05 1.1481e-17
-0.000702223 2.31432e-05 1.14811e-17
-0.000702225 2.14676e-05 1.14812e-17
-0.000702226 1.97026e-05 1.14813e-17
-0.000702228 1.7848e-05 1.14813e-17
-0.000702229 1.59046e-05 1.14814e-17
-0.00070223 1.38741e-05 1.14815e-17
-0.000702231 1.17592e-05 1.14816e-17
-0.000702231 9.56306e-06 1.14817e-17
-0.000702231 7.28939e-06 1.14818e-17
-0.000702231 4.94163e-06 1.14819e-17
-0.000702229 2.52353e-06 1.1482e-17
-0.000702228 3.93879e-08 1.14821e-17
-0.000702225 -2.50602e-06 1.14822e-17
-0.000702222 -5.10756e-06 1.14823e-17
-0.000702218 -7.7597e-06 1.14824e-17
-0.000702213 -1.04565e-05 1.14825e-17
-0.000702207 -1.3192e-05 1.14826e-17
-0.0007022 -1.59605e-05 1.14827e-17
-0.000702192 -1.87561e-05 1.14828e-17
-0.000702183 -2.15731e-05 1.14829e-17
-0.000702173 -2.44058e-05 1.14831e-17
-0.000702161 -2.72495e-05 1.14832e-17
-0.000702149 -3.00996e-05 1.14833e-17
-0.000702151 -3.29568e-05 1.14834e-17
-0.000702157 -3.58146e-05 1.14835e-17
-0.000702158 -3.86657e-05 1.14836e-17
-0.00070216 -4.15092e-05 1.14838e-17
-0.000702159 -4.43412e-05 1.14839e-17
-0.000702158 -4.71592e-05 1.1484e-17
-0.000702155 -4.99603e-05 1.14841e-17
-0.000702152 -5.27418e-05 1.14842e-17
-0.00070214