-2.60474e-05 8.41831e-11 -3.45259e-27
-5.20949e-05 1.67062e-10 -6.85168e-27
-7.81423e-05 2.48627e-10 -1.01969e-26
-0.00010419 3.28872e-10 -1.3488e-26
-0.000130237 4.07787e-10 -1.67245e-26
-0.000156285 4.85363e-10 -1.99061e-26
-0.000182333 5.61593e-10 -2.30325e-26
-0.00020838 6.36467e-10 -2.61033e-26
-0.000234428 7.09976e-10 -2.91182e-26
-0.000260476 7.82113e-10 -3.20767e-26
-0.000260475 9.60137e-10 -3.9378e-26
-0.000260473 1.74669e-09 -7.16368e-26
-0.000260468 3.52042e-09 -1.44383e-25
-0.000260459 6.52176e-09 -2.67476e-25
-0.000260447 1.07546e-08 -4.41077e-25
-0.000260433 1.57484e-08 -6.45886e-25
-0.000260418 2.07792e-08 -8.52215e-25
-0.000260406 2.51267e-08 -1.03052e-24
-0.000260398 2.79849e-08 -1.14774e-24
-0.000260397 2.83618e-08 -1.1632e-24
-0.000260406 2.51833e-08 -1.03284e-24
-0.000260428 1.74087e-08 -7.1398e-25
-0.000260465 4.17656e-09 -1.71293e-25
-0.00026052 -1.50422e-08 6.16926e-25
-0.000260593 -4.05759e-08 1.66414e-24
-0.000260685 -7.27039e-08 2.9818e-24
-0.000260796 -1.11477e-07 4.57201e-24
-0.000260925 -1.56524e-07 6.4195e-24
-0.00026107 -2.07231e-07 8.49915e-24
-0.00026123 -2.62956e-07 1.07846e-23
-0.000261402 -3.22709e-07 1.32352e-23
-0.000261581 -3.84804e-07 1.57819e-23
-0.000261761 -4.47206e-07 1.83412e-23
-0.000261937 -5.079e-07 2.08305e-23
-0.000262104 -5.65037e-07 2.31738e-23
-0.000262256 -6.17059e-07 2.53074e-23
-0.000262391 -6.62607e-07 2.71754e-23
-0.000262504 -7.00404e-07 2.87256e-23
-0.000262593 -7.29342e-07 2.99124e-23
-0.000262654 -7.48574e-07 3.07012e-23
-0.000262687 -7.5744e-07 3.10648e-23
-0.000262688 -7.55383e-07 3.09804e-23
-0.000262659 -7.42108e-07 3.0436e-23
-0.000262597 -7.17757e-07 2.94373e-23
-0.000262506 -6.8274e-07 2.80011e-23
-0.000262386 -6.37549e-07 2.61477e-23
-0.000262238 -5.828e-07 2.39023e-23
-0.000262065 -5.19281e-07 2.12972e-23
-0.000261869 -4.47888e-07 1.83692e-23
-0.000261652 -3.69547e-07 1.51562e-23
-0.000261418 -2.85097e-07 1.16927e-23
-0.000261166 -1.95164e-07 8.00425e-24
-0.0002609 -1.00255e-07 4.11175e-24
-0.000260619 -8.62417e-10 3.53702e-26
-0.000260326 1.02286e-07 -4.19504e-24
-0.000260025 2.07962e-07 -8.52911e-24
-0.000259719 3.14699e-07 -1.29067e-23
-0.000259413 4.21092e-07 -1.72702e-23
-0.000259109 5.25711e-07 -2.15609e-23
-0.000258814 6.26995e-07 -2.57149e-23
-0.000258531 7.23371e-07 -2.96675e-23
-0.000258265 8.13375e-07 -3.33588e-23
-0.000258019 8.95604e-07 -3.67313e-23
-0.000257797 9.68671e-07 -3.9728e-23
-0.000257604 1.03126e-06 -4.22949e-23
-0.000257443 1.08218e-06 -4.43833e-23
-0.000257316 1.12064e-06 -4.59607e-23
-0.000257225 1.14649e-06 -4.7021e-23
-0.000257167 1.16e-06 -4.75748e-23
-0.000257144 1.16151e-06 -4.7637e-23
-0.000257152 1.15169e-06 -4.72342e-23
-0.000257189 1.13164e-06 -4.64118e-23
-0.000257252 1.10273e-06 -4.52262e-23
-0.000257336 1.06638e-06 -4.37353e-23
-0.000257437 1.02415e-06 -4.20035e-23
-0.00025755 9.77925e-07 -4.01075e-23
-0.000257671 9.29697e-07 -3.81296e-23
-0.000257792 8.81421e-07 -3.61496e-23
-0.00025791 8.34859e-07 -3.424e-23
-0.00025802 7.91442e-07 -3.24593e-23
-0.000258119 7.52367e-07 -3.08568e-23
-0.000258205 7.18724e-07 -2.94769e-23
-0.000258274 6.91304e-07 -2.83524e-23
-0.000258326 6.70415e-07 -2.74957e-23
-0.000258362 6.5605e-07 -2.69065e-23
-0.00025838 6.48088e-07 -2.658e-23
-0.000258383 6.46147e-07 -2.65003e-23
-0.000258372 6.49427e-07 -2.66349e-23
-0.00025835 6.5688e-07 -2.69405e-23
-0.000258321 6.67389e-07 -2.73716e-23
-0.000258287 6.80104e-07 -2.7893e-23
-0.000258247 6.94781e-07 -2.8495e-23
-0.000258202 7.11495e-07 -2.91805e-23
-0.000258152 7.30305e-07 -2.99519e-23
-0.000258095 7.51273e-07 -3.08119e-23
-0.000258032 7.74495e-07 -3.17643e-23
-0.000257962 8.00088e-07 -3.28139e-23
-0.000257885 8.28175e-07 -3.39658e-23
-0.000257801 8.58666e-07 -3.52164e-23
-0.000257711 8.91023e-07 -3.65434e-23
-0.000257618 9.24485e-07 -3.79158e-23
-0.000257522 9.58326e-07 -3.93037e-23
-0.000257427 9.91904e-07 -4.06809e-23
-0.000257334 1.02471e-06 -4.20262e-23
-0.000257243 1.05632e-06 -4.33228e-23
-0.000257156 1.08638e-06 -4.45557e-23
-0.000257073 1.11465e-06 -4.57149e-23
-0.000256995 1.14108e-06 -4.67989e-23
-0.000256922 1.16576e-06 -4.78111e-23
-0.000256853 1.18881e-06 -4.87566e-23
-0.000256787 1.21048e-06 -4.96451e-23
-0.000256724 1.23118e-06 -5.04944e-23
-0.000256662 1.25148e-06 -5.13266e-23
-0.000256599 1.27189e-06 -5.2164e-23
-0.000256536 1.29269e-06 -5.30169e-23
-0.000256472 1.31351e-06 -5.3871e-23
-0.00025641 1.3337e-06 -5.46987e-23
-0.000256353 1.35254e-06 -5.54718e-23
-0.000256302 1.36919e-06 -5.61544e-23
-0.000256261 1.38238e-06 -5.66953e-23
-0.000256234 1.39067e-06 -5.70355e-23
-0.000256226 1.39264e-06 -5.71162e-23
-0.00025624 1.3871e-06 -5.68889e-23
-0.000256278 1.37336e-06 -5.63253e-23
-0.00025634 1.35101e-06 -5.54088e-23
-0.000256429 1.31968e-06 -5.41241e-23
-0.000256544 1.27933e-06 -5.24688e-23
-0.000256683 1.2305e-06 -5.04664e-23
-0.000256844 1.17412e-06 -4.81542e-23
-0.000257024 1.11114e-06 -4.55709e-23
-0.00025722 1.04269e-06 -4.27639e-23
-0.000257427 9.70386e-07 -3.97983e-23
-0.00025764 8.96028e-07 -3.67487e-23
-0.000257854 8.21423e-07 -3.36889e-23
-0.000258064 7.48206e-07 -3.06861e-23
-0.000258267 6.77677e-07 -2.77935e-23
-0.000258459 6.10937e-07 -2.50563e-23
-0.000258637 5.49055e-07 -2.25183e-23
-0.000258798 4.92876e-07 -2.02143e-23
-0.000258942 4.42821e-07 -1.81614e-23
-0.000259067 3.99071e-07 -1.63671e-23
-0.000259174 3.6178e-07 -1.48376e-23
-0.000259262 3.3109e-07 -1.35789e-23
-0.000259329 3.07142e-07 -1.25968e-23
-0.000259377 2.90075e-07 -1.18968e-23
-0.000259404 2.80013e-07 -1.14841e-23
-0.000259411 2.77065e-07 -1.13632e-23
-0.000259396 2.81324e-07 -1.15379e-23
-0.000259359 2.92868e-07 -1.20113e-23
-0.000259301 3.11768e-07 -1.27865e-23
-0.000259222 3.37937e-07 -1.38598e-23
-0.000259123 3.7097e-07 -1.52145e-23
-0.000259005 4.10291e-07 -1.68272e-23
-0.00025887 4.55321e-07 -1.8674e-23
-0.00025872 5.05466e-07 -2.07306e-23
-0.000258558 5.60099e-07 -2.29713e-23
-0.000258383 6.18579e-07 -2.53697e-23
-0.0002582 6.80263e-07 -2.78996e-23
-0.000258009 7.44629e-07 -3.05394e-23
-0.00025781 8.11394e-07 -3.32776e-23
-0.000257606 8.804e-07 -3.61077e-23
-0.000257396 9.51476e-07 -3.90228e-23
-0.00025718 1.02451e-06 -4.20179e-23
-0.000256959 1.09949e-06 -4.50934e-23
-0.000256733 1.1765e-06 -4.82516e-23
-0.000256501 1.25554e-06 -5.14933e-23
-0.000256265 1.33644e-06 -5.48113e-23
-0.000256026 1.41865e-06 -5.81831e-23
-0.000255786 1.50142e-06 -6.15774e-23
-0.000255547 1.58393e-06 -6.49615e-23
-0.000255312 1.66525e-06 -6.82968e-23
-0.000255085 1.74419e-06 -7.15342e-23
-0.000254869 1.81941e-06 -7.46192e-23
-0.000254668 1.88957e-06 -7.74968e-23
-0.000254485 1.95351e-06 -8.0119e-23
-0.000254323 2.01038e-06 -8.24515e-23
-0.000254183 2.05955e-06 -8.44679e-23
-0.000254068 2.1004e-06 -8.61435e-23
-0.000253977 2.13257e-06 -8.74627e-23
-0.000253912 2.15612e-06 -8.84287e-23
-0.00025387 2.1714e-06 -8.90552e-23
-0.000253851 2.17878e-06 -8.9358e-23
-0.000253853 2.17878e-06 -8.93579e-23
-0.000253874 2.17214e-06 -8.90856e-23
-0.000253911 2.15974e-06 -8.85772e-23
-0.000253962 2.14251e-06 -8.78704e-23
-0.000254024 2.12121e-06 -8.69971e-23
-0.000254097 2.09631e-06 -8.59757e-23
-0.000254179 2.06808e-06 -8.48181e-23
-0.000254269 2.03686e-06 -8.35374e-23
-0.000254366 2.00301e-06 -8.21494e-23
-0.000254469 1.96703e-06 -8.06735e-23
-0.000254577 1.92944e-06 -7.91321e-23
-0.000254687 1.89082e-06 -7.75481e-23
-0.000254798 1.8517e-06 -7.59434e-23
-0.00025491 1.81251e-06 -7.43364e-23
-0.00025502 1.77367e-06 -7.27433e-23
-0.000255128 1.73558e-06 -7.1181e-23
-0.000255232 1.69868e-06 -6.96679e-23
-0.000255332 1.6635e-06 -6.82248e-23
-0.000255425 1.63055e-06 -6.68737e-23
-0.00025551 1.60038e-06 -6.56361e-23
-0.000255587 1.57332e-06 -6.45263e-23
-0.000255654 1.54936e-06 -6.35436e-23
-0.000255714 1.52828e-06 -6.26792e-23
-0.000255767 1.50985e-06 -6.19233e-23
-0.000255813 1.49386e-06 -6.12675e-23
-0.000255852 1.48021e-06 -6.07077e-23
-0.000255886 1.46884e-06 -6.02414e-23
-0.000255914 1.45966e-06 -5.98648e-23
-0.000255937 1.45245e-06 -5.95693e-23
-0.000255956 1.44679e-06 -5.93371e-23
-0.000255973 1.44211e-06 -5.91452e-23
-0.00025599 1.43782e-06 -5.89692e-23
-0.000256008 1.43323e-06 -5.87809e-23
-0.00025603 1.42746e-06 -5.85441e-23
-0.000256059 1.41952e-06 -5.82185e-23
-0.000256097 1.40842e-06 -5.77636e-23
-0.000256148 1.39348e-06 -5.71508e-23
-0.00025621 1.37462e-06 -5.63772e-23
-0.000256283 1.3521e-06 -5.54535e-23
-0.000256367 1.32617e-06 -5.43902e-23
-0.00025646 1.29718e-06 -5.3201e-23
-0.00025656 1.26561e-06 -5.19065e-23
-0.000256667 1.23207e-06 -5.05309e-23
-0.000256779 1.19713e-06 -4.90976e-23
-0.000256893 1.16139e-06 -4.7632e-23
-0.000257007 1.1256e-06 -4.6164e-23
-0.000257119 1.09052e-06 -4.47253e-23
-0.000257228 1.0569e-06 -4.33466e-23
-0.000257331 1.02514e-06 -4.20441e-23
-0.00025743 9.94921e-07 -4.08046e-23
-0.000257527 9.65527e-07 -3.95991e-23
-0.000257622 9.36256e-07 -3.83986e-23
-0.00025772 9.06365e-07 -3.71726e-23
-0.00025782 8.7503e-07 -3.58875e-23
-0.000257927 8.41406e-07 -3.45085e-23
-0.000258042 8.04693e-07 -3.30028e-23
-0.000258167 7.64336e-07 -3.13476e-23
-0.000258302 7.20243e-07 -2.95392e-23
-0.000258446 6.72601e-07 -2.75853e-23
-0.000258598 6.21659e-07 -2.5496e-23
-0.000258758 5.6777e-07 -2.32859e-23
-0.000258924 5.11456e-07 -2.09763e-23
-0.000259095 4.53344e-07 -1.85929e-23
-0.000259267 3.94107e-07 -1.61635e-23
-0.00025944 3.3449e-07 -1.37184e-23
-0.000259611 2.75328e-07 -1.1292e-23
-0.000259777 2.17513e-07 -8.92082e-24
-0.000259937 1.6195e-07 -6.64203e-24
-0.000260086 1.09606e-07 -4.49527e-24
-0.000260223 6.15614e-08 -2.52481e-24
-0.000260344 1.89392e-08 -7.76753e-25
-0.000260446 -1.71659e-08 7.04025e-25
-0.000260526 -4.56955e-08 1.8741e-24
-0.000260582 -6.56295e-08 2.69166e-24
-0.00026061 -7.60039e-08 3.11714e-24
-0.000260609 -7.59266e-08 3.11397e-24
-0.000260575 -6.48268e-08 2.65873e-24
-0.000260511 -4.27198e-08 1.75206e-24
-0.000260416 -9.97149e-09 4.0896e-25
-0.000260292 3.29727e-08 -1.35231e-24
-0.000260142 8.51391e-08 -3.4918e-24
-0.000259971 1.44538e-07 -5.9279e-24
-0.000259786 2.08629e-07 -8.55647e-24
-0.000259596 2.74852e-07 -1.12725e-23
-0.000259407 3.40641e-07 -1.39707e-23
-0.000259226 4.03423e-07 -1.65455e-23
-0.00025906 4.60656e-07 -1.88928e-23
-0.000258918 5.09865e-07 -2.0911e-23
-0.000258804 5.48868e-07 -2.25106e-23
-0.000258724 5.76019e-07 -2.36242e-23
-0.000258682 5.90015e-07 -2.41982e-23
-0.00025868 5.89667e-07 -2.41839e-23
-0.00025872 5.7447e-07 -2.35607e-23
-0.000258801 5.45215e-07 -2.23608e-23
-0.000258917 5.03421e-07 -2.06467e-23
-0.000259065 4.50691e-07 -1.84841e-23
-0.000259239 3.88908e-07 -1.59502e-23
-0.000259433 3.20471e-07 -1.31434e-23
-0.000259638 2.48039e-07 -1.01728e-23
-0.000259849 1.7426e-07 -7.1469e-24
-0.000260057 1.01592e-07 -4.16658e-24
-0.000260257 3.21255e-08 -1.31756e-24
-0.000260443 -3.22929e-08 1.32443e-24
-0.000260612 -8.99134e-08 3.68761e-24
-0.000260758 -1.39281e-07 5.71233e-24
-0.000260879 -1.79451e-07 7.35981e-24
-0.000260973 -2.09808e-07 8.60484e-24
-0.000261039 -2.29864e-07 9.42737e-24
-0.000261077 -2.39569e-07 9.82543e-24
-0.000261088 -2.39659e-07 9.82912e-24
-0.000261076 -2.31325e-07 9.48732e-24
-0.000261044 -2.15846e-07 8.85246e-24
-0.000260996 -1.94423e-07 7.97384e-24
-0.000260934 -1.68015e-07 6.89077e-24
-0.00026086 -1.37459e-07 5.6376e-24
-0.000260778 -1.03619e-07 4.2497e-24
-0.000260688 -6.73304e-08 2.76141e-24
-0.000260592 -2.93508e-08 1.20376e-24
-0.000260494 9.61851e-09 -3.94483e-25
-0.000260394 4.89017e-08 -2.0056e-24
-0.000260295 8.77614e-08 -3.59935e-24
-0.000260198 1.25305e-07 -5.13911e-24
-0.000260107 1.60589e-07 -6.5862e-24
-0.000260024 1.92738e-07 -7.90473e-24
-0.000259949 2.21386e-07 -9.07969e-24
-0.000259882 2.47149e-07 -1.01363e-23
-0.000259819 2.7119e-07 -1.11223e-23
-0.000259755 2.94733e-07 -1.20879e-23
-0.000259689 3.19048e-07 -1.30851e-23
-0.000259615 3.45454e-07 -1.4168e-23
-0.00025953 3.75295e-07 -1.53919e-23
-0.000259431 4.09921e-07 -1.68121e-23
-0.000259315 4.50255e-07 -1.84662e-23
-0.000259181 4.9633e-07 -2.03559e-23
-0.000259031 5.47702e-07 -2.24628e-23
-0.000258866 6.03906e-07 -2.47679e-23
-0.00025869 6.63977e-07 -2.72316e-23
-0.000258508 7.25913e-07 -2.97718e-23
-0.000258327 7.87178e-07 -3.22844e-23
-0.000258154 8.45262e-07 -3.46666e-23
-0.000257996 8.97767e-07 -3.682e-23
-0.000257861 9.42469e-07 -3.86534e-23
-0.000257753 9.77292e-07 -4.00815e-23
-0.000257678 1.00024e-06 -4.10229e-23
-0.000257641 1.00991e-06 -4.14195e-23
-0.000257642 1.00598e-06 -4.12582e-23
-0.000257681 9.8876e-07 -4.05519e-23
-0.000257756 9.58651e-07 -3.9317e-23
-0.000257866 9.16576e-07 -3.75914e-23
-0.000258004 8.64439e-07 -3.54532e-23
-0.000258165 8.04677e-07 -3.30021e-23
-0.00025834 7.3975e-07 -3.03393e-23
-0.000258524 6.71863e-07 -2.7555e-23
-0.000258712 6.02685e-07 -2.47178e-23
-0.000258901 5.33574e-07 -2.18834e-23
-0.000259086 4.65843e-07 -1.91056e-23
-0.000259266 4.00526e-07 -1.64267e-23
-0.000259437 3.38126e-07 -1.38675e-23
-0.000259601 2.78831e-07 -1.14356e-23
-0.000259757 2.2277e-07 -9.13642e-24
-0.000259904 1.69708e-07 -6.96023e-24
-0.000260047 1.1872e-07 -4.86903e-24
-0.000260188 6.84968e-08 -2.80925e-24
-0.000260332 1.77091e-08 -7.26303e-25
-0.000260482 -3.48642e-08 1.42988e-24
-0.00026064 -9.01998e-08 3.69935e-24
-0.000260809 -1.49131e-07 6.11628e-24
-0.000260991 -2.12469e-07 8.71396e-24
-0.000261188 -2.80815e-07 1.1517e-23
-0.000261401 -3.54355e-07 1.45331e-23
-0.000261629 -4.33038e-07 1.77601e-23
-0.000261872 -5.16778e-07 2.11946e-23
-0.00026213 -6.05473e-07 2.48322e-23
-0.000262403 -6.99017e-07 2.86687e-23
-0.00026269 -7.9729e-07 3.26992e-23
-0.00026299 -9.00151e-07 3.69178e-23
-0.000263305 -1.00742e-06 4.13173e-23
-0.000263632 -1.11888e-06 4.58886e-23
-0.000263971 -1.23429e-06 5.06216e-23
-0.000264323 -1.35338e-06 5.5506e-23
-0.000264685 -1.47576e-06 6.05251e-23
-0.000265055 -1.6007e-06 6.56493e-23
-0.000265432 -1.72733e-06 7.08427e-23
-0.000265813 -1.8548e-06 7.60708e-23
-0.000266195 -1.98221e-06 8.1296e-23
-0.000266575 -2.10844e-06 8.64732e-23
-0.00026695 -2.23234e-06 9.15547e-23
-0.000267317 -2.35282e-06 9.64961e-23
-0.000267673 -2.46876e-06 1.01251e-22
-0.000268014 -2.57886e-06 1.05767e-22
-0.000268335 -2.68179e-06 1.09988e-22
-0.000268634 -2.77632e-06 1.13865e-22
-0.000268908 -2.86146e-06 1.17357e-22
-0.000269154 -2.93656e-06 1.20437e-22
-0.000269372 -3.00119e-06 1.23087e-22
-0.000269559 -3.05504e-06 1.25296e-22
-0.000269717 -3.09824e-06 1.27068e-22
-0.000269847 -3.13172e-06 1.28441e-22
-0.000269955 -3.15706e-06 1.2948e-22
-0.000270043 -3.17557e-06 1.30239e-22
-0.000270115 -3.18855e-06 1.30772e-22
-0.000270175 -3.19774e-06 1.31148e-22
-0.000270229 -3.20472e-06 1.31435e-22
-0.000270279 -3.21116e-06 1.31699e-22
-0.000270331 -3.21864e-06 1.32006e-22
-0.000270389 -3.22879e-06 1.32422e-22
-0.000270457 -3.24319e-06 1.33012e-22
-0.00027054 -3.26327e-06 1.33836e-22
-0.000270639 -3.28979e-06 1.34924e-22
-0.000270752 -3.32218e-06 1.36252e-22
-0.000270876 -3.35909e-06 1.37766e-22
-0.000271006 -3.39907e-06 1.39406e-22
-0.000271138 -3.44037e-06 1.41099e-22
-0.000271264 -3.48073e-06 1.42755e-22
-0.000271379 -3.51764e-06 1.44269e-22
-0.000271474 -3.54853e-06 1.45535e-22
-0.000271543 -3.5712e-06 1.46465e-22
-0.000271584 -3.58427e-06 1.47001e-22
-0.000271592 -3.58679e-06 1.47104e-22
-0.000271566 -3.57784e-06 1.46738e-22
-0.000271504 -3.55688e-06 1.45878e-22
-0.000271407 -3.52407e-06 1.44532e-22
-0.000271276 -3.48001e-06 1.42725e-22
-0.000271114 -3.42531e-06 1.40482e-22
-0.000270922 -3.36052e-06 1.37825e-22
-0.000270701 -3.28588e-06 1.34764e-22
-0.000270451 -3.20156e-06 1.31305e-22
-0.000270173 -3.10774e-06 1.27457e-22
-0.000269867 -3.00427e-06 1.23214e-22
-0.000269529 -2.8902e-06 1.18535e-22
-0.000269157 -2.7642e-06 1.13368e-22
-0.000268747 -2.62502e-06 1.0766e-22
-0.000268296 -2.47187e-06 1.01378e-22
-0.000267805 -2.30482e-06 9.45272e-23
-0.000267275 -2.12442e-06 8.71288e-23
-0.000266708 -1.93134e-06 7.92098e-23
-0.000266109 -1.72705e-06 7.08313e-23
-0.000265484 -1.51367e-06 6.20802e-23
-0.000264839 -1.29376e-06 5.30609e-23
-0.000264184 -1.07025e-06 4.3894e-23
-0.000263524 -8.45637e-07 3.4682e-23
-0.000262866 -6.22019e-07 2.55108e-23
-0.000262215 -4.01148e-07 1.64522e-23
-0.000261576 -1.8472e-07 7.57591e-24
-0.000260952 2.59586e-08 -1.06464e-24
-0.000260345 2.30366e-07 -9.44796e-24
-0.000259756 4.28409e-07 -1.75703e-23
-0.000259183 6.20092e-07 -2.54318e-23
-0.000258627 8.05734e-07 -3.30455e-23
-0.000258084 9.86264e-07 -4.04495e-23
-0.000257552 1.16294e-06 -4.76956e-23
-0.000257026 1.33708e-06 -5.48374e-23
-0.000256504 1.50951e-06 -6.19094e-23
-0.000255987 1.6801e-06 -6.89056e-23
-0.000255477 1.84816e-06 -7.57986e-23
-0.000254976 2.01307e-06 -8.25616e-23
-0.000254486 2.17398e-06 -8.91613e-23
-0.00025401 2.32972e-06 -9.55486e-23
-0.000253553 2.4789e-06 -1.01667e-22
-0.000253119 2.62019e-06 -1.07462e-22
-0.00025271 2.75263e-06 -1.12893e-22
-0.000252328 2.876e-06 -1.17953e-22
-0.00025197 2.99051e-06 -1.2265e-22
-0.000251638 3.0964e-06 -1.26992e-22
-0.00025133 3.1941e-06 -1.30999e-22
-0.000251043 3.28448e-06 -1.34706e-22
-0.000250774 3.36858e-06 -1.38155e-22
-0.000250521 3.44748e-06 -1.41391e-22
-0.00025028 3.5225e-06 -1.44468e-22
-0.000250045 3.5956e-06 -1.47466e-22
-0.000249809 3.66898e-06 -1.50475e-22
-0.000249568 3.74481e-06 -1.53585e-22
-0.000249315 3.82484e-06 -1.56868e-22
-0.000249048 3.91028e-06 -1.60372e-22
-0.000248765 4.00155e-06 -1.64115e-22
-0.000248464 4.09895e-06 -1.6811e-22
-0.000248148 4.20229e-06 -1.72348e-22
-0.000247819 4.3098e-06 -1.76757e-22
-0.000247486 4.41906e-06 -1.81238e-22
-0.000247154 4.52755e-06 -1.85688e-22
-0.000246832 4.63263e-06 -1.89998e-22
-0.000246528 4.73128e-06 -1.94043e-22
-0.00024625 4.82033e-06 -1.97695e-22
-0.000246007 4.89673e-06 -2.00829e-22
-0.000245807 4.9581e-06 -2.03346e-22
-0.000245651 5.00331e-06 -2.052e-22
-0.000245542 5.03197e-06 -2.06375e-22
-0.000245479 5.04386e-06 -2.06863e-22
-0.000245461 5.03944e-06 -2.06682e-22
-0.000245484 5.02044e-06 -2.05903e-22
-0.000245541 4.98926e-06 -2.04624e-22
-0.000245624 4.94846e-06 -2.02951e-22
-0.000245727 4.90048e-06 -2.00983e-22
-0.000245843 4.8475e-06 -1.9881e-22
-0.000245967 4.79154e-06 -1.96515e-22
-0.000246094 4.73466e-06 -1.94182e-22
-0.000246219 4.67835e-06 -1.91872e-22
-0.000246341 4.6229e-06 -1.89598e-22
-0.000246462 4.56798e-06 -1.87346e-22
-0.000246582 4.51324e-06 -1.85101e-22
-0.000246704 4.45816e-06 -1.82842e-22
-0.00024683 4.40193e-06 -1.80536e-22
-0.000246964 4.3435e-06 -1.78139e-22
-0.000247108 4.28193e-06 -1.75614e-22
-0.000247263 4.21669e-06 -1.72939e-22
-0.000247429 4.14816e-06 -1.70128e-22
-0.000247602 4.07723e-06 -1.67219e-22
-0.00024778 4.00475e-06 -1.64247e-22
-0.000247961 3.93168e-06 -1.6125e-22
-0.000248142 3.85912e-06 -1.58274e-22
-0.00024832 3.78829e-06 -1.55369e-22
-0.000248492 3.72031e-06 -1.52581e-22
-0.000248653 3.65618e-06 -1.49951e-22
-0.000248803 3.59666e-06 -1.47509e-22
-0.000248938 3.54234e-06 -1.45281e-22
-0.000249059 3.49373e-06 -1.43288e-22
-0.000249163 3.45114e-06 -1.41541e-22
-0.000249251 3.4145e-06 -1.40038e-22
-0.000249325 3.38349e-06 -1.38767e-22
-0.000249384 3.35778e-06 -1.37712e-22
-0.00024943 3.33701e-06 -1.36861e-22
-0.000249463 3.32089e-06 -1.36199e-22
-0.000249484 3.30916e-06 -1.35718e-22
-0.000249494 3.30152e-06 -1.35405e-22
-0.000249492 3.29796e-06 -1.35259e-22
-0.000249477 3.29909e-06 -1.35305e-22
-0.000249447 3.30583e-06 -1.35582e-22
-0.000249398 3.31907e-06 -1.36125e-22
-0.000249327 3.33986e-06 -1.36977e-22
-0.000249232 3.36963e-06 -1.38198e-22
-0.000249105 3.40995e-06 -1.39852e-22
-0.000248945 3.46236e-06 -1.42002e-22
-0.000248748 3.52759e-06 -1.44677e-22
-0.000248516 3.6048e-06 -1.47843e-22
-0.000248256 3.6923e-06 -1.51432e-22
-0.00024797 3.78836e-06 -1.55371e-22
-0.000247668 3.89048e-06 -1.5956e-22
-0.000247359 3.99464e-06 -1.63832e-22
-0.000247058 4.09606e-06 -1.67991e-22
-0.000246779 4.19e-06 -1.71844e-22
-0.000246534 4.27183e-06 -1.752e-22
-0.000246336 4.33703e-06 -1.77874e-22
-0.000246199 4.3812e-06 -1.79686e-22
-0.000246133 4.40017e-06 -1.80464e-22
-0.000246151 4.3902e-06 -1.80055e-22
-0.00024626 4.34826e-06 -1.78335e-22
-0.000246469 4.27183e-06 -1.752e-22
-0.000246784 4.15863e-06 -1.70557e-22
-0.000247209 4.00733e-06 -1.64352e-22
-0.000247743 3.81834e-06 -1.56601e-22
-0.000248383 3.59303e-06 -1.4736e-22
-0.000249125 3.33297e-06 -1.36695e-22
-0.000249962 3.04052e-06 -1.24701e-22
-0.000250885 2.71954e-06 -1.11536e-22
-0.000251879 2.37465e-06 -9.73911e-23
-0.000252933 2.01046e-06 -8.24547e-23
-0.000254034 1.63178e-06 -6.69242e-23
-0.000255166 1.24385e-06 -5.10138e-23
-0.000256314 8.51987e-07 -3.49425e-23
-0.000257465 4.61322e-07 -1.89202e-23
-0.000258606 7.65642e-08 -3.14012e-24
-0.000259725 -2.98189e-07 1.22296e-23
-0.000260811 -6.59333e-07 2.70411e-23
-0.000261855 -1.00361e-06 4.11609e-23
-0.000262849 -1.32847e-06 5.44842e-23
-0.000263791 -1.63169e-06 6.69201e-23
-0.000264677 -1.91285e-06 7.84516e-23
-0.000265506 -2.17221e-06 8.90887e-23
-0.000266277 -2.40958e-06 9.8824e-23
-0.000266992 -2.626e-06 1.077e-22
-0.000267655 -2.82276e-06 1.1577e-22
-0.00026827 -3.00149e-06 1.231e-22
-0.000268842 -3.16387e-06 1.29759e-22
-0.000269374 -3.31152e-06 1.35815e-22
-0.00026987 -3.44607e-06 1.41333e-22
-0.000270338 -3.56931e-06 1.46388e-22
-0.000270778 -3.68255e-06 1.51032e-22
-0.000271192 -3.78653e-06 1.55296e-22
-0.000271579 -3.88163e-06 1.59197e-22
-0.000271941 -3.96816e-06 1.62746e-22
-0.000272281 -4.04693e-06 1.65976e-22
-0.000272594 -4.1171e-06 1.68854e-22
-0.000272877 -4.17738e-06 1.71326e-22
-0.000273127 -4.22725e-06 1.73372e-22
-0.000273342 -4.26568e-06 1.74948e-22
-0.000273518 -4.29174e-06 1.76017e-22
-0.000273653 -4.30435e-06 1.76534e-22
-0.000273742 -4.3024e-06 1.76454e-22
-0.000273784 -4.28494e-06 1.75738e-22
-0.000273776 -4.25134e-06 1.7436e-22
-0.000273717 -4.20118e-06 1.72303e-22
-0.000273605 -4.13402e-06 1.69548e-22
-0.000273444 -4.04964e-06 1.66087e-22
-0.000273233 -3.94865e-06 1.61946e-22
-0.000272972 -3.83197e-06 1.5716e-22
-0.000272665 -3.70043e-06 1.51765e-22
-0.000272315 -3.55524e-06 1.45811e-22
-0.000271927 -3.3981e-06 1.39366e-22
-0.000271507 -3.2311e-06 1.32517e-22
-0.00027106 -3.05624e-06 1.25345e-22
-0.000270592 -2.87566e-06 1.17939e-22
-0.000270111 -2.69174e-06 1.10396e-22
-0.000269623 -2.50694e-06 1.02817e-22
-0.000269137 -2.32365e-06 9.52994e-23
-0.000268658 -2.14398e-06 8.79307e-23
-0.000268189 -1.96967e-06 8.07817e-23
-0.000267736 -1.80212e-06 7.391e-23
-0.0002673 -1.6426e-06 6.73679e-23
-0.000266885 -1.49203e-06 6.11925e-23
-0.000266492 -1.35068e-06 5.53951e-23
-0.000266121 -1.21842e-06 4.99708e-23
-0.000265771 -1.09497e-06 4.49078e-23
-0.000265441 -9.79776e-07 4.01834e-23
-0.000265126 -8.71871e-07 3.5758e-23
-0.000264825 -7.70017e-07 3.15806e-23
-0.000264533 -6.72836e-07 2.75949e-23
-0.000264248 -5.793e-07 2.37588e-23
-0.000263968 -4.89234e-07 2.00649e-23
-0.000263695 -4.02864e-07 1.65226e-23
-0.000263429 -3.20301e-07 1.31365e-23
-0.000263172 -2.42124e-07 9.93019e-24
-0.000262929 -1.70015e-07 6.97281e-24
-0.000262708 -1.06176e-07 4.35457e-24
-0.000262513 -5.26659e-08 2.15998e-24
-0.000262351 -1.14207e-08 4.68397e-25
-0.000262227 1.57049e-08 -6.44102e-25
-0.000262147 2.69822e-08 -1.10662e-24
-0.000262115 2.0844e-08 -8.54872e-25
-0.000262136 -3.76268e-09 1.54318e-25
-0.00026221 -4.7007e-08 1.92789e-24
-0.000262336 -1.08535e-07 4.45133e-24
-0.000262514 -1.87883e-07 7.70564e-24
-0.000262741 -2.84153e-07 1.16539e-23
-0.000263014 -3.9565e-07 1.62268e-23
-0.000263327 -5.2027e-07 2.13378e-23
-0.000263674 -6.55924e-07 2.69014e-23
-0.000264049 -8.00235e-07 3.28199e-23
-0.000264444 -9.50178e-07 3.89695e-23
-0.00026485 -1.10248e-06 4.52158e-23
-0.000265259 -1.25404e-06 5.14319e-23
-0.000265662 -1.40171e-06 5.74882e-23
-0.000266048 -1.54197e-06 6.32405e-23
-0.000266409 -1.67127e-06 6.85438e-23
-0.000266734 -1.78642e-06 7.32661e-23
-0.000267018 -1.8849e-06 7.73053e-23
-0.000267255 -1.96536e-06 8.06051e-23
-0.000267444 -2.0272e-06 8.31414e-23
-0.000267584 -2.07019e-06 8.49044e-23
-0.000267677 -2.09514e-06 8.59276e-23
-0.00026773 -2.10465e-06 8.63177e-23
-0.000267753 -2.10239e-06 8.6225e-23
-0.000267755 -2.09223e-06 8.58083e-23
-0.00026775 -2.07846e-06 8.52436e-23
-0.00026775 -2.06602e-06 8.47336e-23
-0.00026777 -2.06018e-06 8.4494e-23
-0.000267823 -2.06615e-06 8.47388e-23
-0.000267924 -2.08907e-06 8.56789e-23
-0.000268086 -2.13399e-06 8.75211e-23
-0.000268325 -2.20573e-06 9.04635e-23
-0.000268651 -2.30885e-06 9.46926e-23
-0.000269075 -2.44732e-06 1.00372e-22
-0.000269608 -2.6243e-06 1.0763e-22
-0.000270255 -2.84226e-06 1.16569e-22
-0.000271021 -3.10327e-06 1.27274e-22
-0.00027191 -3.40881e-06 1.39805e-22
-0.000272924 -3.75977e-06 1.54199e-22
-0.000274064 -4.15649e-06 1.7047e-22
-0.000275331 -4.59883e-06 1.88611e-22
-0.000276722 -5.08594e-06 2.08589e-22
-0.000278232 -5.6161e-06 2.30333e-22
-0.000279855 -6.18696e-06 2.53745e-22
-0.000281584 -6.79576e-06 2.78714e-22
-0.000283409 -7.43902e-06 3.05096e-22
-0.000285318 -8.11224e-06 3.32706e-22
-0.000287299 -8.81019e-06 3.61331e-22
-0.000289336 -9.52761e-06 3.90755e-22
-0.000291412 -1.02588e-05 4.20744e-22
-0.000293511 -1.09975e-05 4.51037e-22
-0.000295614 -1.1737e-05 4.81367e-22
-0.000297703 -1.24708e-05 5.11464e-22
-0.000299761 -1.31925e-05 5.41062e-22
-0.000301767 -1.38951e-05 5.69877e-22
-0.000303704 -1.45718e-05 5.9763e-22
-0.000305552 -1.52161e-05 6.24055e-22
-0.000307297 -1.58222e-05 6.48915e-22
-0.000308923 -1.63855e-05 6.72016e-22
-0.00031042 -1.69019e-05 6.93197e-22
-0.000311779 -1.73682e-05 7.12318e-22
-0.000312993 -1.77817e-05 7.29279e-22
-0.000314057 -1.81416e-05 7.44039e-22
-0.000314971 -1.84479e-05 7.56601e-22
-0.000315737 -1.8701e-05 7.66984e-22
-0.000316358 -1.89023e-05 7.75238e-22
-0.000316839 -1.90538e-05 7.81451e-22
-0.000317187 -1.91583e-05 7.85736e-22
-0.00031741 -1.92188e-05 7.88219e-22
-0.000317517 -1.92383e-05 7.8902e-22
-0.000317512 -1.92191e-05 7.8823e-22
-0.000317402 -1.9163e-05 7.85931e-22
-0.000317191 -1.90722e-05 7.82205e-22
-0.000316884 -1.89487e-05 7.77141e-22
-0.000316489 -1.87947e-05 7.70826e-22
-0.000316009 -1.86123e-05 7.63344e-22
-0.000315451 -1.84035e-05 7.54782e-22
-0.000314819 -1.81703e-05 7.45216e-22
-0.000314118 -1.79139e-05 7.347e-22
-0.000313351 -1.76354e-05 7.23278e-22
-0.000312521 -1.73358e-05 7.10992e-22
-0.00031163 -1.70162e-05 6.97883e-22
-0.000310681 -1.66775e-05 6.83994e-22
-0.000309679 -1.63209e-05 6.69369e-22
-0.000308627 -1.59475e-05 6.54052e-22
-0.000307526 -1.55582e-05 6.38088e-22
-0.00030638 -1.51541e-05 6.21513e-22
-0.000305192 -1.47361e-05 6.04369e-22
-0.000303964 -1.43051e-05 5.86692e-22
-0.000302699 -1.38621e-05 5.68524e-22
-0.000301401 -1.34081e-05 5.49904e-22
-0.000300073 -1.29441e-05 5.30875e-22
-0.000298719 -1.24712e-05 5.11481e-22
-0.000297341 -1.19907e-05 4.91771e-22
-0.000295944 -1.15038e-05 4.71804e-22
-0.000294533 -1.10123e-05 4.51644e-22
-0.000293112 -1.05176e-05 4.31357e-22
-0.000291685 -1.00211e-05 4.10995e-22
-0.000290254 -9.52326e-06 3.90576e-22
-0.000288819 -9.02404e-06 3.70102e-22
-0.000287379 -8.52356e-06 3.49576e-22
-0.000285939 -8.02172e-06 3.28994e-22
-0.000284492 -7.5179e-06 3.08331e-22
-0.000283037 -7.01129e-06 2.87553e-22
-0.00028157 -6.50111e-06 2.66629e-22
-0.000280089 -5.98653e-06 2.45525e-22
-0.000278591 -5.46651e-06 2.24197e-22
-0.000277075 -4.9399e-06 2.026e-22
-0.000275535 -4.40564e-06 1.80688e-22
-0.000273968 -3.86322e-06 1.58442e-22
-0.000272378 -3.31338e-06 1.35891e-22
-0.000270767 -2.75742e-06 1.1309e-22
-0.000269139 -2.19666e-06 9.00912e-23
-0.000267498 -1.63264e-06 6.69592e-23
-0.000265849 -1.06751e-06 4.37815e-23
-0.000264199 -5.03635e-07 2.06555e-23
-0.000262555 5.67642e-08 -2.32806e-24
-0.00026092 6.11911e-07 -2.50962e-23
-0.000259299 1.16073e-06 -4.76051e-23
-0.000257693 1.70265e-06 -6.98305e-23
-0.000256102 2.2373e-06 -9.1758e-23
-0.000254527 2.76458e-06 -1.13383e-22
-0.000252973 3.28377e-06 -1.34677e-22
-0.000251435 3.79574e-06 -1.55674e-22
-0.000249909 4.30194e-06 -1.76435e-22
-0.000248396 4.80251e-06 -1.96965e-22
-0.000246894 5.29778e-06 -2.17277e-22
-0.000245404 5.7876e-06 -2.37366e-22
-0.000243927 6.27204e-06 -2.57235e-22
-0.000242465 6.7507e-06 -2.76866e-22
-0.000241021 7.22201e-06 -2.96195e-22
-0.000239603 7.68387e-06 -3.15138e-22
-0.000238217 8.13422e-06 -3.33608e-22
-0.000236871 8.57194e-06 -3.5156e-22
-0.000235571 8.99407e-06 -3.68873e-22
-0.000234324 9.39724e-06 -3.85408e-22
-0.000233139 9.77936e-06 -4.0108e-22
-0.000232023 1.01376e-05 -4.15774e-22
-0.000230984 1.04695e-05 -4.29385e-22
-0.00023003 1.07721e-05 -4.41797e-22
-0.000229169 1.10429e-05 -4.529e-22
-0.000228408 1.12793e-05 -4.62597e-22
-0.000227752 1.14797e-05 -4.70814e-22
-0.000227206 1.16425e-05 -4.77491e-22
-0.000226774 1.17663e-05 -4.8257e-22
-0.000226461 1.18496e-05 -4.85988e-22
-0.000226271 1.18906e-05 -4.87666e-22
-0.000226211 1.18869e-05 -4.87517e-22
-0.000226287 1.18368e-05 -4.8546e-22
-0.000226503 1.17385e-05 -4.81432e-22
-0.00022686 1.15914e-05 -4.75399e-22
-0.000227364 1.13953e-05 -4.67353e-22
-0.000228012 1.11498e-05 -4.57284e-22
-0.000228801 1.08555e-05 -4.45215e-22
-0.000229726 1.05144e-05 -4.31224e-22
-0.000230779 1.0129e-05 -4.15419e-22
-0.000231952 9.70224e-06 -3.97917e-22
-0.000233237 9.2372e-06 -3.78844e-22
-0.000234621 8.73743e-06 -3.58347e-22
-0.000236103 8.20674e-06 -3.36582e-22
-0.000237666 7.6491e-06 -3.13712e-22
-0.000239294 7.06846e-06 -2.89898e-22
-0.000240979 6.46878e-06 -2.65303e-22
-0.000242708 5.85402e-06 -2.4009e-22
-0.000244469 5.22818e-06 -2.14423e-22
-0.000246253 4.59504e-06 -1.88456e-22
-0.000248053 3.95767e-06 -1.62315e-22
-0.000249859 3.31912e-06 -1.36127e-22
-0.00025166 2.68232e-06 -1.1001e-22
-0.00025345 2.04982e-06 -8.40692e-23
-0.000255228 1.42364e-06 -5.83878e-23
-0.000256986 8.05311e-07 -3.30281e-23
-0.000258716 1.96464e-07 -8.05757e-24
-0.000260419 -4.01432e-07 1.64639e-23
-0.000262088 -9.86929e-07 4.04768e-23
-0.000263718 -1.55813e-06 6.39034e-23
-0.000265307 -2.114e-06 8.67011e-23
-0.000266849 -2.65369e-06 1.08835e-22
-0.000268342 -3.17554e-06 1.30238e-22
-0.000269781 -3.6782e-06 1.50854e-22
-0.000271161 -4.16031e-06 1.70626e-22
-0.000272481 -4.62053e-06 1.89501e-22
-0.000273734 -5.05733e-06 2.07416e-22
-0.000274917 -5.46916e-06 2.24306e-22
-0.000276026 -5.85468e-06 2.40117e-22
-0.000277056 -6.21237e-06 2.54787e-22
-0.000278003 -6.54034e-06 2.68238e-22
-0.00027886 -6.83651e-06 2.80385e-22
-0.000279622 -7.09909e-06 2.91154e-22
-0.000280285 -7.32667e-06 3.00488e-22
-0.000280847 -7.51836e-06 3.0835e-22
-0.000281306 -7.67371e-06 3.14721e-22
-0.000281661 -7.79253e-06 3.19594e-22
-0.000281912 -7.875e-06 3.22977e-22
-0.000282062 -7.92174e-06 3.24893e-22
-0.000282112 -7.93373e-06 3.25385e-22
-0.000282066 -7.91216e-06 3.24501e-22
-0.000281928 -7.85871e-06 3.22308e-22
-0.000281706 -7.77579e-06 3.18908e-22
-0.000281406 -7.66627e-06 3.14416e-22
-0.000281036 -7.5331e-06 3.08954e-22
-0.000280606 -7.37929e-06 3.02646e-22
-0.000280124 -7.2078e-06 2.95613e-22
-0.000279596 -7.02159e-06 2.87976e-22
-0.000279033 -6.82354e-06 2.79853e-22
-0.00027844 -6.61636e-06 2.71356e-22
-0.000277824 -6.4024e-06 2.62581e-22
-0.000277193 -6.18374e-06 2.53613e-22
-0.00027655 -5.96232e-06 2.44532e-22
-0.0002759 -5.73968e-06 2.35401e-22
-0.000275246 -5.51668e-06 2.26255e-22
-0.00027459 -5.29371e-06 2.1711e-22
-0.000273931 -5.07104e-06 2.07978e-22
-0.000273271 -4.84864e-06 1.98857e-22
-0.000272608 -4.62609e-06 1.89729e-22
-0.000271941 -4.40271e-06 1.80568e-22
-0.000271268 -4.17772e-06 1.7134e-22
-0.000270588 -3.95027e-06 1.62012e-22
-0.000269897 -3.71944e-06 1.52545e-22
-0.000269193 -3.4843e-06 1.42901e-22
-0.000268476 -3.2439e-06 1.33042e-22
-0.000267742 -2.99741e-06 1.22933e-22
-0.00026699 -2.74422e-06 1.12548e-22
-0.00026622 -2.48383e-06 1.01869e-22
-0.000265432 -2.21572e-06 9.08732e-23
-0.000264625 -1.93976e-06 7.9555e-23
-0.000263802 -1.65675e-06 6.79482e-23
-0.000262966 -1.36776e-06 5.60958e-23
-0.000262123 -1.07386e-06 4.40421e-23
-0.000261274 -7.76348e-07 3.18403e-23
-0.000260424 -4.76626e-07 1.95478e-23
-0.000259583 -1.76269e-07 7.22932e-24
-0.000258752 1.22957e-07 -5.04283e-24
-0.000257934 4.19375e-07 -1.71998e-23
-0.000257134 7.11486e-07 -2.91801e-23
-0.000256356 9.97856e-07 -4.0925e-23
-0.000255605 1.27692e-06 -5.23701e-23
-0.000254889 1.54698e-06 -6.34463e-23
-0.000254209 1.80681e-06 -7.41025e-23
-0.000253567 2.0551e-06 -8.42855e-23
-0.000252968 2.29039e-06 -9.39357e-23
-0.000252417 2.5109e-06 -1.02979e-22
-0.000251923 2.71397e-06 -1.11308e-22
-0.000251492 2.89664e-06 -1.18799e-22
-0.000251138 3.05585e-06 -1.25329e-22
-0.000250864 3.18874e-06 -1.30779e-22
-0.000250677 3.29258e-06 -1.35038e-22
-0.000250584 3.3649e-06 -1.38004e-22
-0.000250592 3.40385e-06 -1.39602e-22
-0.000250707 3.40706e-06 -1.39734e-22
-0.000250935 3.37236e-06 -1.3831e-22
-0.000251281 3.29847e-06 -1.3528e-22
-0.000251747 3.18383e-06 -1.30578e-22
-0.000252334 3.02735e-06 -1.24161e-22
-0.000253047 2.82814e-06 -1.1599e-22
-0.000253885 2.58553e-06 -1.0604e-22
-0.000254851 2.2991e-06 -9.42926e-23
-0.000255947 1.96791e-06 -8.07095e-23
-0.000257178 1.58989e-06 -6.52061e-23
-0.000258553 1.16244e-06 -4.7675e-23
-0.000260084 6.81906e-07 -2.79669e-23
-0.000261773 1.46625e-07 -6.01351e-24
-0.000263624 -4.44701e-07 1.82385e-23
-0.000265646 -1.09486e-06 4.49035e-23
-0.000267841 -1.80544e-06 7.40465e-23
-0.000270216 -2.57808e-06 1.05734e-22
-0.000272773 -3.41369e-06 1.40005e-22
-0.000275513 -4.31285e-06 1.76882e-22
-0.000278437 -5.27579e-06 2.16375e-22
-0.000281547 -6.30272e-06 2.58493e-22
-0.000284843 -7.39422e-06 3.03258e-22
-0.000288329 -8.55086e-06 3.50696e-22
-0.000292004 -9.77297e-06 4.00818e-22
-0.00029587 -1.10604e-05 4.5362e-22
-0.000299924 -1.24128e-05 5.09084e-22
-0.000304165 -1.38292e-05 5.67175e-22
-0.00030859 -1.53086e-05 6.27851e-22
-0.000313195 -1.68492e-05 6.91035e-22
-0.00031797 -1.84479e-05 7.56602e-22
-0.000322905 -2.0101e-05 8.24399e-22
-0.00032799 -2.18045e-05 8.94264e-22
-0.000333211 -2.35533e-05 9.6599e-22
-0.000338546 -2.53403e-05 1.03928e-21
-0.000343972 -2.71569e-05 1.11378e-21
-0.000349465 -2.89949e-05 1.18916e-21
-0.000355002 -3.08456e-05 1.26507e-21
-0.000360555 -3.26995e-05 1.3411e-21
-0.000366097 -3.4547e-05 1.41687e-21
-0.0003716 -3.63787e-05 1.49199e-21
-0.000377038 -3.8185e-05 1.56608e-21
-0.000382382 -3.99558e-05 1.6387e-21
-0.000387601 -4.16807e-05 1.70945e-21
-0.000392668 -4.33501e-05 1.77791e-21
-0.000397558 -4.49557e-05 1.84376e-21
-0.000402256 -4.64921e-05 1.90678e-21
-0.00040675 -4.79556e-05 1.9668e-21
-0.000411031 -4.9343e-05 2.0237e-21
-0.000415092 -5.06525e-05 2.07741e-21
-0.000418935 -5.18849e-05 2.12795e-21
-0.000422564 -5.30419e-05 2.1754e-21
-0.000425984 -5.41262e-05 2.21987e-21
-0.000429203 -5.51403e-05 2.26146e-21
-0.000432228 -5.60873e-05 2.3003e-21
-0.000435066 -5.69702e-05 2.33651e-21
-0.000437726 -5.77923e-05 2.37023e-21
-0.000440216 -5.85566e-05 2.40158e-21
-0.000442541 -5.92658e-05 2.43066e-21
-0.000444709 -5.99222e-05 2.45758e-21
-0.000446723 -6.05279e-05 2.48242e-21
-0.000448589 -6.10846e-05 2.50525e-21
-0.000450304 -6.15919e-05 2.52606e-21
-0.000451866 -6.20488e-05 2.5448e-21
-0.00045327 -6.2454e-05 2.56142e-21
-0.00045451 -6.28058e-05 2.57585e-21
-0.000455578 -6.31011e-05 2.58796e-21
-0.000456463 -6.33364e-05 2.59761e-21
-0.000457155 -6.35079e-05 2.60464e-21
-0.000457645 -6.36126e-05 2.60894e-21
-0.000457925 -6.36482e-05 2.6104e-21
-0.000457992 -6.36131e-05 2.60896e-21
-0.000457841 -6.35057e-05 2.60455e-21
-0.000457468 -6.33249e-05 2.59714e-21
-0.000456873 -6.30704e-05 2.5867e-21
-0.000456055 -6.27421e-05 2.57324e-21
-0.000455016 -6.23404e-05 2.55676e-21
-0.000453756 -6.1866e-05 2.5373e-21
-0.000452279 -6.13201e-05 2.51492e-21
-0.000450591 -6.07047e-05 2.48967e-21
-0.000448697 -6.00215e-05 2.46166e-21
-0.000446603 -5.92728e-05 2.43095e-21
-0.000444314 -5.84607e-05 2.39764e-21
-0.000441837 -5.75876e-05 2.36183e-21
-0.000439179 -5.66558e-05 2.32362e-21
-0.000436346 -5.56676e-05 2.28309e-21
-0.000433343 -5.4625e-05 2.24033e-21
-0.000430176 -5.35301e-05 2.19543e-21
-0.000426851 -5.23848e-05 2.14845e-21
-0.000423371 -5.11906e-05 2.09948e-21
-0.000419739 -4.99488e-05 2.04854e-21
-0.000415959 -4.866e-05 1.99569e-21
-0.000412032 -4.73251e-05 1.94094e-21
-0.000407961 -4.59451e-05 1.88434e-21
-0.000403752 -4.4522e-05 1.82598e-21
-0.000399413 -4.30584e-05 1.76595e-21
-0.000394949 -4.15565e-05 1.70435e-21
-0.000390369 -4.00191e-05 1.6413e-21
-0.000385683 -3.84497e-05 1.57693e-21
-0.000380904 -3.68525e-05 1.51143e-21
-0.000376042 -3.52312e-05 1.44493e-21
-0.000371112 -3.35907e-05 1.37765e-21
-0.000366136 -3.19381e-05 1.30988e-21
-0.000361136 -3.02817e-05 1.24194e-21
-0.000356137 -2.86294e-05 1.17417e-21
-0.000351163 -2.69895e-05 1.10692e-21
-0.000346243 -2.53721e-05 1.04058e-21
-0.000341409 -2.37874e-05 9.75591e-22
-0.000336689 -2.22456e-05 9.12356e-22
-0.000332114 -2.07569e-05 8.513e-22
-0.000327719 -1.93328e-05 7.92892e-22
-0.000323537 -1.7985e-05 7.37618e-22
-0.000319603 -1.67249e-05 6.85935e-22
-0.000315949 -1.5563e-05 6.38283e-22
-0.000312605 -1.45097e-05 5.95085e-22
-0.0003096 -1.35748e-05 5.56741e-22
-0.000306963 -1.27674e-05 5.23626e-22
-0.000304718 -1.20953e-05 4.96064e-22
-0.000302883 -1.15647e-05 4.74302e-22
-0.000301474 -1.11804e-05 4.58541e-22
-0.000300505 -1.09466e-05 4.48953e-22
-0.000299986 -1.0866e-05 4.45648e-22
-0.000299917 -1.09388e-05 4.48634e-22
-0.000300297 -1.11637e-05 4.57855e-22
-0.000301122 -1.15389e-05 4.73242e-22
-0.000302386 -1.20612e-05 4.94665e-22
-0.000304072 -1.27251e-05 5.21893e-22
-0.000306163 -1.35235e-05 5.54638e-22
-0.000308639 -1.44494e-05 5.92612e-22
-0.000311479 -1.54954e-05 6.35512e-22
-0.000314663 -1.66536e-05 6.83014e-22
-0.000318168 -1.79159e-05 7.34784e-22
-0.00032197 -1.92744e-05 7.90499e-22
-0.000326049 -2.07213e-05 8.49842e-22
-0.000330383 -2.2249e-05 9.12494e-22
-0.000334948 -2.38497e-05 9.78145e-22
-0.000339726 -2.55164e-05 1.0465e-21
-0.000344696 -2.72427e-05 1.1173e-21
-0.000349843 -2.90234e-05 1.19034e-21
-0.000355155 -3.08544e-05 1.26543e-21
-0.000360619 -3.27316e-05 1.34242e-21
-0.000366225 -3.46519e-05 1.42118e-21
-0.000371966 -3.66133e-05 1.50162e-21
-0.000377837 -3.86145e-05 1.58369e-21
-0.000383833 -4.06543e-05 1.66735e-21
-0.000389949 -4.27311e-05 1.75253e-21
-0.000396172 -4.48416e-05 1.83908e-21
-0.000402492 -4.69818e-05 1.92686e-21
-0.000408894 -4.91477e-05 2.01569e-21
-0.000415363 -5.1334e-05 2.10536e-21
-0.000421881 -5.35322e-05 2.19551e-21
-0.000428426 -5.57323e-05 2.28574e-21
-0.000434955 -5.79243e-05 2.37564e-21
-0.00044143 -6.00969e-05 2.46475e-21
-0.000447813 -6.22358e-05 2.55247e-21
-0.000454064 -6.43252e-05 2.63816e-21
-0.000460135 -6.63497e-05 2.72119e-21
-0.000465984 -6.82937e-05 2.80092e-21
-0.00047156 -7.01406e-05 2.87667e-21
-0.000476806 -7.18737e-05 2.94775e-21
-0.00048168 -7.3477e-05 3.0135e-21
-0.000486136 -7.49353e-05 3.07331e-21
-0.000490134 -7.6235e-05 3.12662e-21
-0.000493637 -7.73633e-05 3.17289e-21
-0.00049661 -7.83085e-05 3.21166e-21
-0.000499022 -7.90606e-05 3.2425e-21
-0.00050085 -7.96116e-05 3.2651e-21
-0.000502075 -7.99553e-05 3.2792e-21
-0.000502678 -8.00865e-05 3.28458e-21
-0.000502651 -8.0002e-05 3.28111e-21
-0.00050199 -7.97022e-05 3.26882e-21
-0.000500702 -7.91893e-05 3.24778e-21
-0.000498792 -7.84665e-05 3.21814e-21
-0.000496273 -7.75387e-05 3.18008e-21
-0.000493163 -7.64132e-05 3.13393e-21
-0.000489487 -7.50992e-05 3.08004e-21
-0.00048527 -7.36061e-05 3.0188e-21
-0.000480537 -7.1944e-05 2.95063e-21
-0.000475321 -7.01243e-05 2.876e-21
-0.000469653 -6.81589e-05 2.79539e-21
-0.000463567 -6.60596e-05 2.70929e-21
-0.000457092 -6.38375e-05 2.61816e-21
-0.000450257 -6.1503e-05 2.52241e-21
-0.000443088 -5.90654e-05 2.42244e-21
-0.000435611 -5.65338e-05 2.31861e-21
-0.000427849 -5.3916e-05 2.21125e-21
-0.000419821 -5.12191e-05 2.10064e-21
-0.000411545 -4.84491e-05 1.98704e-21
-0.000403038 -4.56112e-05 1.87065e-21
-0.000394312 -4.27098e-05 1.75165e-21
-0.00038539 -3.97477e-05 1.63017e-21
-0.000376271 -3.67273e-05 1.50629e-21
-0.000366956 -3.36499e-05 1.38008e-21
-0.000357453 -3.05166e-05 1.25157e-21
-0.000347788 -2.73284e-05 1.12082e-21
-0.000337952 -2.40861e-05 9.87842e-22
-0.000327935 -2.07905e-05 8.52678e-22
-0.000317753 -1.74422e-05 7.15354e-22
-0.000307414 -1.40427e-05 5.75932e-22
-0.000296925 -1.05941e-05 4.34496e-22
-0.000286286 -7.09841e-06 2.91126e-22
-0.000275512 -3.55774e-06 1.45913e-22
-0.000264608 2.5478e-08 -1.04493e-24
-0.000253587 3.64848e-06 -1.49635e-22
-0.000242497 7.30078e-06 -2.99426e-22
-0.000231329 1.09822e-05 -4.50411e-22
-0.000220078 1.47029e-05 -6.0301e-22
-0.000208766 1.84518e-05 -7.5676e-22
-0.000197395 2.22193e-05 -9.11278e-22
-0.000185991 2.60033e-05 -1.06647e-21
-0.000174562 2.9797e-05 -1.22206e-21
-0.00016313 3.35961e-05 -1.37787e-21
-0.000151708 3.73941e-05 -1.53364e-21
-0.00014032 4.11844e-05 -1.68909e-21
-0.000128988 4.49587e-05 -1.84388e-21
-0.00011774 4.87075e-05 -1.99764e-21
-0.000106604 5.24213e-05 -2.14995e-21
-9.56079e-05 5.60898e-05 -2.30041e-21
-8.47833e-05 5.97026e-05 -2.44857e-21
-7.41604e-05 6.32486e-05 -2.59401e-21
-6.37704e-05 6.6717e-05 -2.73626e-21
-5.36504e-05 7.00971e-05 -2.87489e-21
-4.38256e-05 7.33786e-05 -3.00947e-21
-3.43195e-05 7.65512e-05 -3.13959e-21
-2.51623e-05 7.96055e-05 -3.26485e-21
-1.63771e-05 8.25323e-05 -3.38489e-21
-7.987e-06 8.5324e-05 -3.49938e-21
-1.07865e-08 8.79733e-05 -3.60804e-21
7.52391e-06 9.04738e-05 -3.71059e-21
1.46097e-05 9.28205e-05 -3.80684e-21
2.12428e-05 9.50104e-05 -3.89665e-21
2.7415e-05 9.70416e-05 -3.97996e-21
3.31259e-05 9.89131e-05 -4.05671e-21
3.83737e-05 0.000100625 -4.12691e-21
4.31624e-05 0.000102177 -4.19058e-21
4.74968e-05 0.000103573 -4.24781e-21
5.13845e-05 0.000104813 -4.29869e-21
5.4834e-05 0.000105902 -4.34335e-21
5.78551e-05 0.000106842 -4.38191e-21
6.04587e-05 0.000107638 -4.41454e-21
6.26573e-05 0.000108293 -4.4414e-21
6.44651e-05 0.000108812 -4.4627e-21
6.58978e-05 0.000109201 -4.47866e-21
6.69725e-05 0.000109466 -4.48952e-21
6.77078e-05 0.000109613 -4.49553e-21
6.81222e-05 0.000109647 -4.49696e-21
6.82111e-05 0.000109576 -4.49403e-21
6.80053e-05 0.000109405 -4.48701e-21
6.75245e-05 0.000109139 -4.47612e-21
6.6762e-05 0.000108786 -4.46161e-21
6.57617e-05 0.00010835 -4.44373e-21
6.45352e-05 0.000107837 -4.42269e-21
6.31029e-05 0.000107253 -4.39874e-21
6.14925e-05 0.000106604 -4.37214e-21
5.97202e-05 0.000105898 -4.34319e-21
5.78125e-05 0.000105142 -4.3122e-21
5.57906e-05 0.000104345 -4.27949e-21
5.36781e-05 0.000103513 -4.24537e-21
5.14907e-05 0.000102652 -4.21007e-21
4.92446e-05 0.000101768 -4.17379e-21
4.69551e-05 0.000100865 -4.13676e-21
4.46376e-05 9.99488e-05 -4.09919e-21
4.23027e-05 9.90229e-05 -4.06121e-21
3.99603e-05 9.80905e-05 -4.02298e-21
3.7621e-05 9.71553e-05 -3.98462e-21
3.52943e-05 9.62205e-05 -3.94628e-21
3.2985e-05 9.52879e-05 -3.90803e-21
3.06967e-05 9.43587e-05 -3.86992e-21
2.84341e-05 9.34346e-05 -3.83202e-21
2.62026e-05 9.25179e-05 -3.79442e-21
2.40084e-05 9.16106e-05 -3.75722e-21
2.1858e-05 9.07156e-05 -3.72051e-21
1.97591e-05 8.98358e-05 -3.68442e-21
1.77187e-05 8.8974e-05 -3.64908e-21
1.57421e-05 8.81325e-05 -3.61457e-21
1.38333e-05 8.73134e-05 -3.58097e-21
1.19972e-05 8.65187e-05 -3.54838e-21
1.02385e-05 8.57507e-05 -3.51689e-21
8.56258e-06 8.5012e-05 -3.48659e-21
6.97483e-06 8.4305e-05 -3.45759e-21
5.48e-06 8.3632e-05 -3.42999e-21
4.08494e-06 8.29961e-05 -3.40391e-21
2.80119e-06 8.24019e-05 -3.37954e-21
1.64186e-06 8.18546e-05 -3.3571e-21
6.18511e-07 8.13591e-05 -3.33677e-21
-2.5518e-07 8.09205e-05 -3.31878e-21
-9.59584e-07 8.05464e-05 -3.30344e-21
-1.47342e-06 8.02447e-05 -3.29107e-21
-1.77817e-06 8.00224e-05 -3.28195e-21
-1.85535e-06 7.98865e-05 -3.27638e-21
-1.68362e-06 7.98447e-05 -3.27466e-21
-1.24206e-06 7.99046e-05 -3.27712e-21
-5.13484e-07 8.00726e-05 -3.28401e-21
5.17106e-07 8.03541e-05 -3.29555e-21
1.86411e-06 8.07541e-05 -3.31196e-21
3.53959e-06 8.12768e-05 -3.3334e-21
5.55149e-06 8.1925e-05 -3.35998e-21
7.90502e-06 8.27003e-05 -3.39178e-21
1.06041e-05 8.36039e-05 -3.42884e-21
1.36503e-05 8.46358e-05 -3.47116e-21
1.7041e-05 8.5795e-05 -3.5187e-21
2.07698e-05 8.70786e-05 -3.57135e-21
2.48258e-05 8.84825e-05 -3.62892e-21
2.91948e-05 9.0001e-05 -3.6912e-21
3.38595e-05 9.16276e-05 -3.75791e-21
3.88026e-05 9.33556e-05 -3.82878e-21
4.40097e-05 9.51793e-05 -3.90358e-21
4.9467e-05 9.70932e-05 -3.98207e-21
5.5159e-05 9.90914e-05 -4.06403e-21
6.10694e-05 0.000101168 -4.14917e-21
6.71818e-05 0.000103315 -4.23726e-21
7.34797e-05 0.000105529 -4.32803e-21
7.99459e-05 0.000107801 -4.42122e-21
8.65631e-05 0.000110125 -4.51655e-21
9.33138e-05 0.000112495 -4.61376e-21
0.000100181 0.000114905 -4.71259e-21
0.000107148 0.000117348 -4.81279e-21
0.000114196 0.000119818 -4.91409e-21
0.000121304 0.000122307 -5.01618e-21
0.000128451 0.000124808 -5.11874e-21
0.000135615 0.000127313 -5.22146e-21
0.000142775 0.000129814 -5.32405e-21
0.000149913 0.000132306 -5.42623e-21
0.000157009 0.000134781 -5.52774e-21
0.000164046 0.000137233 -5.62834e-21
0.000171008 0.000139658 -5.72779e-21
0.000177883 0.000142051 -5.82593e-21
0.000184658 0.000144408 -5.9226e-21
0.000191325 0.000146726 -6.01766e-21
0.000197871 0.000149001 -6.11098e-21
0.000204286 0.000151231 -6.2024e-21
0.000210559 0.00015341 -6.29177e-21
0.000216459 0.00015556 -1.33442e-20
0.000222181 0.000157678 -1.34325e-20
0.000227733 0.000159734 -1.35182e-20
0.000233103 0.000161723 -1.36011e-20
0.000238279 0.000163642 -1.36811e-20
0.000243251 0.000165487 -1.37579e-20
0.000248002 0.000167251 -1.38314e-20
0.000252519 0.00016893 -1.39014e-20
0.00025676 0.00017032 -1.34179e-20
0.000260042 0.000171891 -1.40392e-20
0.000263206 0.000173297 -1.19256e-20
0.000266127 0.000174611 -5.89424e-21
0.000268778 0.000175808 -1.36633e-20
0.000271145 0.00017688 -1.09115e-20
0.000273209 0.000177819 -7.08379e-21
0.000274954 0.000178618 -6.87185e-21
0.000276361 0.000179301 -6.87125e-21
0.000277416 0.000179821 -6.8671e-21
0.000278105 0.00018017 -6.86802e-21
0.000278414 0.000180343 -6.86744e-21
0.000278313 0.000180258 -9.37495e-21
0.000277723 0.000180083 -9.36777e-21
0.000276626 0.000179736 -9.35353e-21
0.00027502 0.000179214 -9.33216e-21
0.000272903 0.000178518 -9.30358e-21
0.000270273 0.000177645 -9.26781e-21
0.000267135 0.000176599 -9.22492e-21
0.000263494 0.000175383 -9.17501e-21
0.000259363 0.000173998 -9.11823e-21
0.000254749 0.000172451 -9.05476e-21
0.000249669 0.000170745 -8.98481e-21
0.000244135 0.000168887 -8.9086e-21
0.000238165 0.000166882 -8.82637e-21
0.000231776 0.000164737 -8.7384e-21
0.000224992 0.000162461 -8.64505e-21
0.00021784 0.000160063 -8.54669e-21
0.000210343 0.000157551 -8.4437e-21
0.000202527 0.000154936 -8.33644e-21
0.000194417 0.000152226 -8.22528e-21
0.000186035 0.000149428 -8.11055e-21
0.000177404 0.000146552 -7.99256e-21
0.000168544 0.000143602 -7.87161e-21
0.00015947 0.000140587 -7.74793e-21
0.000150191 0.000137509 -7.62171e-21
0.000140725 0.000134374 -7.49312e-21
0.000131084 0.000131184 -7.36231e-21
0.000121274 0.000127943 -7.22938e-21
0.000111302 0.000124652 -7.09438e-21
0.000101173 0.000121311 -6.95738e-21
9.08906e-05 0.000117922 -6.8184e-21
8.04589e-05 0.000114486 -6.67746e-21
6.98808e-05 0.000111003 -6.5346e-21
5.9159e-05 0.000107472 -6.3898e-21
4.82978e-05 0.000103895 -6.24311e-21
3.73046e-05 0.000100274 -6.0946e-21
2.61893e-05 9.66112e-05 -5.94437e-21
1.49614e-05 9.29092e-05 -5.79253e-21
3.6313e-06 8.91708e-05 -5.63921e-21
-7.79128e-06 8.53988e-05 -5.48451e-21
-1.92959e-05 8.15961e-05 -5.32855e-21
-3.08712e-05 7.77661e-05 -5.17148e-21
-4.25034e-05 7.3913e-05 -5.01345e-21
-5.41754e-05 7.00422e-05 -4.85469e-21
-6.58674e-05 6.616e-05 -4.69548e-21
-7.75584e-05 6.22734e-05 -4.53607e-21
-8.92275e-05 5.83894e-05 -4.37678e-21
-0.000100855 5.45146e-05 -4.21786e-21
-0.00011242 5.06558e-05 -4.0596e-21
-0.000123902 4.68202e-05 -3.90229e-21
-0.000135277 4.30158e-05 -3.74626e-21
-0.000146519 3.9252e-05 -3.5919e-21
-0.0001576 3.55386e-05 -3.4396e-21
-0.000168489 3.18859e-05 -3.2898e-21
-0.00017916 2.83039e-05 -3.14289e-21
-0.000189587 2.48014e-05 -2.99924e-21
-0.000199747 2.13867e-05 -2.85919e-21
-0.000209618 1.8068e-05 -2.72308e-21
-0.000219175 1.48538e-05 -2.59126e-21
-0.000228393 1.17533e-05 -2.4641e-21
-0.000237247 8.77556e-06 -2.34197e-21
-0.000245712 5.92958e-06 -2.22525e-21
-0.000253766 3.22318e-06 -2.11425e-21
-0.000261393 6.62668e-07 -2.00924e-21
-0.000268579 -1.74683e-06 -1.91042e-21
-0.000275311 -4.00083e-06 -1.81798e-21
-0.00028158 -6.09584e-06 -1.73205e-21
-0.000287382 -8.02971e-06 -1.65274e-21
-0.000292712 -9.80133e-06 -1.58008e-21
-0.000297571 -1.14104e-05 -1.51409e-21
-0.000301961 -1.28577e-05 -1.45473e-21
-0.000305889 -1.41452e-05 -1.40193e-21
-0.000309367 -1.52734e-05 -1.35565e-21
-0.000312403 -1.62474e-05 -1.31571e-21
-0.000315009 -1.70741e-05 -1.2818e-21
-0.000317201 -1.77571e-05 -1.25379e-21
-0.000318993 -1.83026e-05 -1.23142e-21
-0.000320405 -1.87166e-05 -1.21444e-21
-0.000321463 -1.90073e-05 -1.20252e-21
-0.00032218 -1.91804e-05 -1.19542e-21
-0.000322572 -1.92413e-05 -1.19292e-21
-0.000322662 -1.91982e-05 -1.19469e-21
-0.00032247 -1.90583e-05 -1.20043e-21
-0.000322023 -1.88302e-05 -1.20978e-21
-0.000321344 -1.85224e-05 -1.2224e-21
-0.000320461 -1.81439e-05 -1.23793e-21
-0.000319399 -1.77039e-05 -1.25597e-21
-0.000318187 -1.72123e-05 -1.27614e-21
-0.000316854 -1.6679e-05 -1.29801e-21
-0.000315431 -1.61141e-05 -1.32117e-21
-0.000313947 -1.5528e-05 -1.34521e-21
-0.000312434 -1.49315e-05 -1.36968e-21
-0.000310923 -1.43353e-05 -1.39413e-21
-0.000309462 -1.37507e-05 -1.4181e-21
-0.000308101 -1.3188e-05 -1.44118e-21
-0.000306843 -1.26577e-05 -1.46293e-21
-0.000305716 -1.21702e-05 -1.48293e-21
-0.000304787 -1.17355e-05 -1.50076e-21
-0.000304056 -1.13642e-05 -1.51598e-21
-0.000303537 -1.1066e-05 -1.52821e-21
-0.000303267 -1.08507e-05 -1.53704e-21
-0.000303268 -1.07275e-05 -1.5421e-21
-0.000303569 -1.07047e-05 -1.54303e-21
-0.000304187 -1.07894e-05 -1.53956e-21
-0.000305143 -1.09876e-05 -1.53143e-21
-0.000306452 -1.13048e-05 -1.51842e-21
-0.000308133 -1.17467e-05 -1.5003e-21
-0.000310198 -1.23184e-05 -1.47685e-21
-0.000312665 -1.3025e-05 -1.44787e-21
-0.000315547 -1.38712e-05 -1.41317e-21
-0.000318855 -1.48606e-05 -1.37259e-21
-0.000322595 -1.59951e-05 -1.32606e-21
-0.000326768 -1.72753e-05 -1.27355e-21
-0.000331376 -1.87015e-05 -1.21506e-21
-0.000336421 -2.02741e-05 -1.15056e-21
-0.000341903 -2.19935e-05 -1.08005e-21
-0.000347823 -2.38601e-05 -1.00349e-21
-0.000354182 -2.5874e-05 -9.20893e-22
-0.000360978 -2.80348e-05 -8.32275e-22
-0.000368205 -3.03405e-05 -7.37712e-22
-0.000375857 -3.27886e-05 -6.37305e-22
-0.000383923 -3.53765e-05 -5.31171e-22
-0.000392398 -3.81012e-05 -4.19423e-22
-0.000401271 -4.09603e-05 -3.02161e-22
-0.000410537 -4.39515e-05 -1.79485e-22
-0.000420187 -4.7072e-05 -5.15037e-23
-0.000430209 -5.03182e-05 8.16335e-23
-0.000440589 -5.3685e-05 2.19713e-22
-0.000451308 -5.7166e-05 3.62482e-22
-0.000462346 -6.0755e-05 5.09675e-22
-0.000473686 -6.44452e-05 6.61023e-22
-0.000485306 -6.82303e-05 8.1626e-22
-0.000497188 -7.21036e-05 9.75117e-22
-0.000509312 -7.60585e-05 1.13732e-21
-0.000521657 -8.00878e-05 1.30257e-21
-0.0005342 -8.41836e-05 1.47055e-21
-0.000546916 -8.83378e-05 1.64093e-21
-0.000559782 -9.25421e-05 1.81336e-21
-0.000572772 -9.67878e-05 1.98748e-21
-0.000585858 -0.000101065 2.16292e-21
-0.000599013 -0.000105365 2.33927e-21
-0.000612207 -0.000109678 2.51614e-21
-0.000625412 -0.000113993 2.69312e-21
-0.000638599 -0.000118301 2.86979e-21
-0.000651738 -0.000122591 3.04576e-21
-0.000664799 -0.000126854 3.22059e-21
-0.000677756 -0.00013108 3.39392e-21
-0.000690581 -0.000135261 3.56537e-21
-0.000703249 -0.000139387 3.7346e-21
-0.000715736 -0.000143451 3.90126e-21
-0.00072802 -0.000147444 4.06506e-21
-0.00074008 -0.000151362 4.22572e-21
-0.000752363 -0.000155207 8.1924e-21
-0.000766066 -0.000159048 8.35728e-21
-0.00077949 -0.000162798 8.51816e-21
-0.000792547 -0.000166295 7.26304e-21
-0.00080518 -0.000169823 7.40716e-21
-0.000823526 -0.00017337 1.07593e-20
-0.000840901 -0.000176753 1.40764e-20
-0.000857721 -0.000180066 1.33171e-20
-0.000873965 -0.00018326 1.3393e-20
-0.000889238 -0.000186278 1.32464e-20
-0.00090399 -0.000189188 1.82756e-20
-0.000918192 -0.000191982 9.33612e-21
-0.00093434 -0.000194721 1.27401e-20
-0.000950258 -0.000196781 -6.59414e-20
-0.000964044 -0.000198364 -3.72974e-19
-0.0009775 -0.000199957 1.88273e-20
-0.000990327 -0.000201466 1.74428e-20
-0.00100258 -0.000202907 2.3381e-20
-0.00101389 -0.000204235 1.24377e-19
-0.00102463 -0.000205503 1.36237e-20
-0.00103483 -0.000206707 1.84043e-20
-0.00104441 -0.000207838 1.71866e-20
-0.00105336 -0.000208892 1.38122e-20
-0.00106151 -0.000209851 1.97039e-20
-0.00106889 -0.000210721 1.99356e-20
-0.00107558 -0.000211503 2.1505e-20
-0.00108152 -0.000212192 2.43376e-20
-0.0010867 -0.000212785 6.50636e-20
-0.00109108 -0.000213279 1.95645e-20
-0.00109465 -0.000213668 1.84869e-20
-0.00109738 -0.00021395 2.12265e-20
-0.00109925 -0.000214123 2.08738e-20
-0.00110025 -0.000214199 2.08837e-20
-0.00110036 -0.000214143 2.08818e-20
-0.00110004 -0.00021396 2.24637e-20
-0.00109929 -0.000213665 2.24516e-20
-0.00109807 -0.000213214 2.24331e-20
-0.00109639 -0.000212606 2.24081e-20
-0.00109424 -0.000211841 2.23768e-20
-0.00109164 -0.000210922 2.23391e-20
-0.00108858 -0.000209853 2.22952e-20
-0.0010851 -0.000208638 2.22454e-20
-0.0010812 -0.000207283 2.21899e-20
-0.0010769 -0.000205795 2.21288e-20
-0.00107223 -0.000204181 2.20626e-20
-0.0010672 -0.00020245 2.19916e-20
-0.00106185 -0.000200611 2.19162e-20
-0.00105621 -0.000198671 2.18367e-20
-0.00105028 -0.000196642 2.17534e-20
-0.00104412 -0.000194531 2.16669e-20
-0.00103773 -0.000192349 2.15774e-20
-0.00103116 -0.000190104 2.14853e-20
-0.00102441 -0.000187805 2.1391e-20
-0.00101752 -0.000185459 2.12948e-20
-0.00101051 -0.000183075 2.1197e-20
-0.0010034 -0.00018066 2.10979e-20
-0.0009962 -0.000178219 2.09978e-20
-0.000988937 -0.000175758 2.08969e-20
-0.000981626 -0.000173284 2.07955e-20
-0.000974286 -0.000170803 2.06937e-20
-0.000966935 -0.000168322 2.05919e-20
-0.000959593 -0.000165847 2.04904e-20
-0.000952279 -0.000163384 2.03894e-20
-0.000945011 -0.000160941 2.02892e-20
-0.00093781 -0.000158524 2.01901e-20
-0.000930694 -0.00015614 2.00923e-20
-0.000923683 -0.000153794 1.99961e-20
-0.000916795 -0.000151495 1.99018e-20
-0.000910051 -0.000149249 1.98097e-20
-0.00090347 -0.000147062 1.972e-20
-0.000897071 -0.000144942 1.96331e-20
-0.000890874 -0.000142895 1.95491e-20
-0.000884898 -0.000140928 1.94684e-20
-0.000879163 -0.000139048 1.93913e-20
-0.000873685 -0.000137261 1.9318e-20
-0.000868481 -0.000135572 1.92488e-20
-0.000863565 -0.000133987 1.91838e-20
-0.000858951 -0.000132511 1.91232e-20
-0.000854651 -0.000131146 1.90673e-20
-0.000850674 -0.000129898 1.90161e-20
-0.000847032 -0.000128769 1.89698e-20
-0.000843729 -0.000127762 1.89285e-20
-0.000840773 -0.000126879 1.88922e-20
-0.000838166 -0.00012612 1.88611e-20
-0.000835908 -0.000125485 1.88351e-20
-0.000833999 -0.000124975 1.88142e-20
-0.000832432 -0.000124587 1.87982e-20
-0.000831196 -0.000124316 1.87871e-20
-0.000830273 -0.000124156 1.87806e-20
-0.000829646 -0.000124101 1.87783e-20
-0.000829293 -0.000124144 1.87801e-20
-0.000829192 -0.000124275 1.87854e-20
-0.000829317 -0.000124486 1.87941e-20
-0.000829643 -0.000124768 1.88057e-20
-0.000830144 -0.00012511 1.88197e-20
-0.00083079 -0.000125504 1.88359e-20
-0.000831552 -0.000125938 1.88536e-20
-0.0008324 -0.000126401 1.88726e-20
-0.000833303 -0.000126883 1.88924e-20
-0.000834233 -0.000127373 1.89125e-20
-0.000835157 -0.00012786 1.89325e-20
-0.000836049 -0.000128335 1.89519e-20
-0.000836878 -0.000128786 1.89705e-20
-0.000837616 -0.000129204 1.89876e-20
-0.000838238 -0.00012958 1.9003e-20
-0.000838716 -0.000129905 1.90163e-20
-0.000839027 -0.00013017 1.90272e-20
-0.000839151 -0.000130368 1.90353e-20
-0.000839068 -0.000130493 1.90405e-20
-0.000838762 -0.000130539 1.90423e-20
-0.000838217 -0.000130501 1.90408e-20
-0.000837423 -0.000130375 1.90356e-20
-0.000836372 -0.00013016 1.90268e-20
-0.000835058 -0.000129852 1.90142e-20
-0.000833473 -0.000129451 1.89978e-20
-0.000831612 -0.000128955 1.89774e-20
-0.000829468 -0.00012836 1.8953e-20
-0.000827036 -0.000127667 1.89245e-20
-0.000824312 -0.000126873 1.8892e-20
-0.000821296 -0.000125979 1.88553e-20
-0.00081799 -0.000124987 1.88147e-20
-0.000814396 -0.000123897 1.877e-20
-0.000810516 -0.00012271 1.87213e-20
-0.000806348 -0.000121427 1.86686e-20
-0.0008019 -0.000120046 1.8612e-20
-0.000797162 -0.000118567 1.85514e-20
-0.000792126 -0.000116989 1.84866e-20
-0.000786784 -0.000115309 1.84177e-20
-0.000781128 -0.00011352 1.83444e-20
-0.00077514 -0.00011162 1.82664e-20
-0.0007688 -0.000109603 1.81837e-20
-0.000762109 -0.000107463 1.80959e-20
-0.000755035 -0.000105193 1.80028e-20
-0.000747556 -0.000102788 1.79042e-20
-0.000739657 -0.000100242 1.77998e-20
-0.000731322 -9.75487e-05 1.76893e-20
-0.000722537 -9.47041e-05 1.75727e-20
-0.000713296 -9.17031e-05 1.74496e-20
-0.000703584 -8.85424e-05 1.732e-20
-0.000693387 -8.52197e-05 1.71837e-20
-0.000682708 -8.17341e-05 1.70407e-20
-0.000671542 -7.80853e-05 1.68911e-20
-0.000659891 -7.42736e-05 1.67347e-20
-0.000647759 -7.03008e-05 1.65718e-20
-0.000635155 -6.61696e-05 1.64024e-20
-0.000622086 -6.18831e-05 1.62266e-20
-0.000608564 -5.74451e-05 1.60446e-20
-0.000594601 -5.28607e-05 1.58565e-20
-0.000580215 -4.81353e-05 1.56627e-20
-0.000565422 -4.3275e-05 1.54634e-20
-0.000550238 -3.82857e-05 1.52588e-20
-0.000534682 -3.31736e-05 1.50491e-20
-0.000518771 -2.79446e-05 1.48347e-20
-0.000502522 -2.2605e-05 1.46157e-20
-0.000485968 -1.71604e-05 1.43924e-20
-0.000469117 -1.16172e-05 1.4165e-20
-0.000451978 -5.98124e-06 1.39339e-20
-0.000434584 -2.58603e-07 1.36992e-20
-0.000417011 5.53494e-06 1.34616e-20
-0.000399248 1.14073e-05 1.32207e-20
-0.000381263 1.73547e-05 1.29768e-20
-0.000363098 2.33579e-05 1.27306e-20
-0.000344767 2.94151e-05 1.24822e-20
-0.000326309 3.55122e-05 1.22321e-20
-0.000307756 4.16384e-05 1.19809e-20
-0.000289146 4.77812e-05 1.17289e-20
-0.000270516 5.39278e-05 1.14768e-20
-0.000251912 6.00637e-05 1.12252e-20
-0.00023338 6.61731e-05 1.09746e-20
-0.000214961 7.22413e-05 1.07257e-20
-0.000196702 7.82526e-05 1.04792e-20
-0.00017865 8.41913e-05 1.02356e-20
-0.000160853 9.00412e-05 9.99572e-21
-0.000143356 9.57867e-05 9.76008e-21
-0.000126207 0.000101413 9.52934e-21
-0.000109449 0.000106904 9.30412e-21
-9.31258e-05 0.000112247 9.08502e-21
-7.72802e-05 0.000117426 8.87261e-21
-6.19525e-05 0.000122428 8.66744e-21
-4.71841e-05 0.00012724 8.47008e-21
-3.30128e-05 0.00013185 8.28103e-21
-1.94747e-05 0.000136244 8.10081e-21
-6.6047e-06 0.000140412 7.92988e-21
5.56514e-06 0.000144342 7.76867e-21
1.70043e-05 0.000148026 7.6176e-21
2.76842e-05 0.000151453 7.47703e-21
3.75813e-05 0.000154617 7.34729e-21
4.66786e-05 0.000157511 7.2286e-21
5.49617e-05 0.000160131 7.12114e-21
6.25664e-05 0.000162476 -8.57007e-21
6.98993e-05 0.00016431 -8.65828e-21
7.54645e-05 0.000165512 -5.48349e-21
8.00573e-05 0.000166484 -5.53247e-21
8.3859e-05 0.000167248 -5.57133e-21
8.68365e-05 0.000167782 -5.59914e-21
8.90351e-05 0.000168105 -5.61682e-21
9.0496e-05 0.000168229 -5.62486e-21
9.12663e-05 0.000168167 -5.62394e-21
9.13898e-05 0.000167933 -5.61472e-21
9.098e-05 0.000167418 -7.3335e-21
9.01038e-05 0.000166903 -7.31237e-21
8.88119e-05 0.000166273 -7.28653e-21
8.71517e-05 0.000165544 -7.25664e-21
8.51723e-05 0.000164732 -7.22333e-21
8.29217e-05 0.000163852 -7.18725e-21
8.04466e-05 0.00016292 -7.14902e-21
7.77794e-05 0.000161943 -7.10893e-21
7.49287e-05 0.000160914 -7.06672e-21
7.19273e-05 0.000159842 -7.02277e-21
6.88189e-05 0.000158744 -6.97775e-21
6.56349e-05 0.000157629 -6.93202e-21
6.24088e-05 0.000156509 -6.88608e-21
5.91674e-05 0.000155392 -6.84025e-21
5.59379e-05 0.000154286 -6.79491e-21
5.27437e-05 0.000153199 -6.75033e-21
4.96069e-05 0.000152138 -6.70682e-21
4.6547e-05 0.000151109 -6.66459e-21
4.35825e-05 0.000150116 -6.62389e-21
4.07301e-05 0.000149166 -6.58491e-21
3.80049e-05 0.000148262 -6.54782e-21
3.54204e-05 0.000147407 -6.51279e-21
3.29896e-05 0.000146607 -6.47996e-21
3.07261e-05 0.000145864 -6.44948e-21
2.86449e-05 0.000145182 -6.42153e-21
2.67617e-05 0.000144567 -6.39631e-21
2.50922e-05 0.000144023 -6.374e-21
2.36519e-05 0.000143555 -6.35481e-21
2.24565e-05 0.000143168 -6.33891e-21
2.15214e-05 0.000142866 -6.32652e-21
2.08625e-05 0.000142654 -6.31782e-21
2.04937e-05 0.000142536 -6.313e-21
2.04256e-05 0.000142517 -6.3122e-21
2.06669e-05 0.000142597 -6.31552e-21
2.12269e-05 0.000142782 -6.32308e-21
2.21105e-05 0.000143071 -6.33493e-21
2.33138e-05 0.000143463 -6.35102e-21
2.48289e-05 0.000143955 -6.37121e-21
2.66484e-05 0.000144545 -6.39541e-21
2.8762e-05 0.000145229 -6.42345e-21
3.11523e-05 0.000146001 -6.45509e-21
3.3799e-05 0.000146853 -6.49004e-21
3.66828e-05 0.000147779 -6.52802e-21
3.97814e-05 0.000148771 -6.56872e-21
4.30648e-05 0.00014982 -6.61172e-21
4.65001e-05 0.000150913 -6.65656e-21
5.00558e-05 0.00015204 -6.7028e-21
5.37034e-05 0.000153192 -6.75005e-21
5.70341e-05 0.000154129 -6.78845e-21
6.01193e-05 0.000154902 -6.82015e-21
6.32828e-05 0.00015571 -6.85331e-21
6.6411e-05 0.000156491 -6.88532e-21
6.95246e-05 0.00015726 -6.91687e-21
7.26098e-05 0.000158012 -6.94773e-21
7.56701e-05 0.000158753 -6.97809e-21
7.86999e-05 0.000159479 -7.0079e-21
8.17028e-05 0.000160194 -7.03721e-21
8.46912e-05 0.000160903 -7.06628e-21
8.77226e-05 0.000161637 -7.09637e-21
9.0861e-05 0.000162403 -3.88362e-21
9.44083e-05 0.000163207 -3.92321e-21
9.79971e-05 0.000164028 -3.96351e-21
0.000101628 0.000164867 -4.0046e-21
0.000105314 0.000165731 -4.04678e-21
0.000108897 0.000166532 -4.08621e-21
0.00011232 0.000167242 -4.12154e-21
0.000115788 0.000167967 -4.1576e-21
0.000119405 0.000168763 -4.1968e-21
0.000123164 0.000169626 -4.239e-21
0.000127042 0.000170548 -4.28379e-21
0.000131016 0.000171224 -2.51186e-21
0.00013505 0.000172213 -3.25047e-21
0.00013918 0.00017329 -3.30219e-21
0.000143394 0.000174421 -3.35624e-21
0.000147546 0.000175536 -2.31204e-21
0.000151431 0.000176778 -1.07653e-22
0.000155298 0.000178067 -5.61265e-21
0.00015918 0.000179396 -7.43187e-21
0.000163065 0.000180759 -1.60737e-21
0.000166935 0.000182149 3.18123e-21
0.000170772 0.000183562 -7.11232e-21
0.000174545 0.000184988 6.20403e-20
0.000178194 0.000186401 -4.57516e-21
0.000181681 0.000187771 -5.85511e-21
0.000186846 0.000189143 -1.60756e-21
0.00019125 0.000190555 1.13345e-21
0.00019527 0.000191814 -3.46845e-21
0.000198933 0.000193026 -8.75182e-21
0.000202196 0.00019413 -7.32302e-21
0.000205018 0.000195119 -4.213e-21
0.000207359 0.000195978 -5.57773e-21
0.000209111 0.000196673 -7.33155e-21
0.000210339 0.000197235 -8.56114e-21
0.000210976 0.000197626 -5.01608e-21
0.000210966 0.000197836 -4.72149e-21
0.000210464 0.000197876 -4.72311e-21
0.000209432 0.000197735 -4.71734e-21
0.000207837 0.000197401 -4.70366e-21
0.000205649 0.000196864 -4.68161e-21
0.000202839 0.000196111 -4.65075e-21
0.000199382 0.000195134 -4.61068e-21
0.000195255 0.000193924 -4.56104e-21
0.000190438 0.000192473 -4.50151e-21
0.000184918 0.000190775 -4.43188e-21
0.000178684 0.000188826 -4.35198e-21
0.000171735 0.000186626 -4.26174e-21
0.000164069 0.000184174 -4.16115e-21
0.000155695 0.000181471 -4.0503e-21
0.000146629 0.000178523 -3.92942e-21
0.000136894 0.000175339 -3.79882e-21
0.000126516 0.000171927 -3.65887e-21
0.000115527 0.000168298 -3.51004e-21
0.000103963 0.000164465 -3.35284e-21
9.1862e-05 0.000160441 -3.18781e-21
7.92675e-05 0.000156242 -3.0156e-21
6.62238e-05 0.000151883 -2.83684e-21
5.27754e-05 0.000147381 -2.65218e-21
3.89682e-05 0.000142751 -2.46229e-21
2.485e-05 0.000138011 -2.26788e-21
1.04683e-05 0.000133177 -2.06964e-21
-4.13165e-06 0.000128266 -1.86824e-21
-1.89056e-05 0.000123294 -1.66431e-21
-3.38087e-05 0.000118277 -1.45853e-21
-4.87972e-05 0.00011323 -1.25154e-21
-6.383e-05 0.000108168 -1.04393e-21
-7.88679e-05 0.000103105 -8.3629e-22
-9.38721e-05 9.8055e-05 -6.29179e-22
-0.000108806 9.30311e-05 -4.23134e-22
-0.000123637 8.8045e-05 -2.18639e-22
-0.000138335 8.31075e-05 -1.61361e-23
-0.00015287 7.82287e-05 1.83956e-22
-0.000167218 7.34179e-05 3.81261e-22
-0.000181357 6.86826e-05 5.75468e-22
-0.000195268 6.40292e-05 7.66318e-22
-0.000208937 5.94633e-05 9.53578e-22
-0.000222349 5.49898e-05 1.13705e-21
-0.000235493 5.06123e-05 1.31658e-21
-0.000248362 4.6334e-05 1.49205e-21
-0.000260948 4.21571e-05 1.66336e-21
-0.000273247 3.80826e-05 1.83046e-21
-0.000285262 3.41102e-05 1.99338e-21
-0.000296995 3.02386e-05 2.15217e-21
-0.000308453 2.64655e-05 2.30691e-21
-0.000319642 2.27884e-05 2.45772e-21
-0.000330571 1.92043e-05 2.60472e-21
-0.000341249 1.57098e-05 2.74804e-21
-0.000351687 1.23009e-05 2.88784e-21
-0.000361897 8.97306e-06 3.02433e-21
-0.000371896 5.72088e-06 3.15771e-21
-0.000381698 2.53852e-06 3.28823e-21
-0.000391323 -5.80284e-07 3.41614e-21
-0.000400786 -3.64203e-06 3.54171e-21
-0.000410108 -6.65322e-06 3.66521e-21
-0.000419307 -9.62047e-06 3.7869e-21
-0.000428401 -1.25506e-05 3.90708e-21
-0.00043741 -1.54505e-05 4.02601e-21
-0.000446363 -1.83199e-05 4.14369e-21
-0.000455282 -2.11706e-05 4.26061e-21
-0.000464202 -2.40199e-05 4.37747e-21
-0.000473123 -2.68673e-05 4.49425e-21
-0.000482047 -2.97176e-05 4.61114e-21
-0.000491004 -3.25785e-05 4.72848e-21
-0.000500005 -3.54557e-05 4.84648e-21
-0.000509069 -3.83554e-05 4.96541e-21
-0.000518227 -4.12817e-05 5.08542e-21
-0.000527474 -4.42371e-05 5.20663e-21
-0.000536804 -4.72238e-05 5.32913e-21
-0.00054625 -5.02437e-05 5.45298e-21
-0.000555798 -5.32985e-05 5.57827e-21
-0.000565443 -5.63894e-05 5.70503e-21
-0.000575191 -5.95165e-05 5.83329e-21
-0.000585038 -6.268e-05 5.96303e-21
-0.000594981 -6.58776e-05 6.09417e-21
-0.000605027 -6.91071e-05 6.22662e-21
-0.00061516 -7.23654e-05 6.36025e-21
-0.000625358 -7.56491e-05 6.49493e-21
-0.000635619 -7.89544e-05 6.63049e-21
-0.000645952 -8.22769e-05 6.76675e-21
-0.000656328 -8.56119e-05 6.90353e-21
-0.000666721 -8.89552e-05 7.04065e-21
-0.00067713 -9.23026e-05 7.17794e-21
-0.000687545 -9.56499e-05 7.31522e-21
-0.000697953 -9.89931e-05 7.45233e-21
-0.000708337 -0.000102329 7.58913e-21
-0.000718694 -0.000105653 7.72549e-21
-0.000729015 -0.000108965 7.86132e-21
-0.000739297 -0.000112262 7.99653e-21
-0.000749529 -0.000115541 8.13101e-21
-0.000759707 -0.000118799 8.26464e-21
-0.000769821 -0.000122033 8.39728e-21
-0.000779861 -0.00012524 8.5288e-21
-0.000789821 -0.000128417 8.65907e-21
-0.000799692 -0.00013156 8.78798e-21
-0.000809467 -0.000134667 8.91541e-21
-0.00081914 -0.000137735 9.04124e-21
-0.000828703 -0.000140762 9.16538e-21
-0.000838148 -0.000143744 9.28769e-21
-0.000847465 -0.000146678 9.40803e-21
-0.000856648 -0.000149561 9.52629e-21
-0.000865689 -0.000152391 9.64235e-21
-0.000874582 -0.000155166 9.75614e-21
-0.000883321 -0.000157882 9.86755e-21
-0.000891902 -0.00016054 9.97654e-21
-0.000900323 -0.000163137 1.00831e-20
-0.000908586 -0.000165676 1.01872e-20
-0.000916691 -0.000168155 1.02889e-20
-0.000923898 -0.000170133 1.037e-20
-0.000930189 -0.000171598 1.04301e-20
-0.00093633 -0.000173002 1.04877e-20
-0.000942342 -0.00017436 1.05434e-20
-0.000948223 -0.00017567 1.05971e-20
-0.000954305 -0.000176951 1.58143e-20
-0.00096088 -0.000178262 1.58631e-20
-0.000967371 -0.000179547 1.5911e-20
-0.000973796 -0.00018081 1.59582e-20
-0.000980182 -0.000182061 1.6005e-20
-0.000986559 -0.00018331 1.60518e-20
-0.000992957 -0.000184566 1.6099e-20
-0.000999406 -0.000185841 1.61469e-20
-0.001006 -0.000187177 1.61974e-20
-0.00101283 -0.000188614 1.62519e-20
-0.00101988 -0.000190142 1.63101e-20
-0.00102721 -0.000191792 1.63732e-20
-0.00103476 -0.000193529 1.64399e-20
-0.00104244 -0.000195305 1.65082e-20
-0.00105029 -0.000197139 1.65788e-20
-0.00105801 -0.00019888 1.66459e-20
-0.00106553 -0.000200488 1.67077e-20
-0.00107314 -0.000202116 1.67704e-20
-0.00108085 -0.00020288 1.82928e-20
-0.00109233 -0.000204706 1.84462e-20
-0.00110393 -0.000206447 -2.24154e-18
-0.00111587 -0.000208282 4.16524e-18
-0.00113936 -0.000210561 1.69335e-19
-0.00116415 -0.000212978 -9.85367e-19
-0.00118928 -0.000215404 1.76427e-18
-0.00121444 -0.000217834 -3.81034e-19
-0.00123999 -0.000220276 -8.25895e-19
-0.00126577 -0.000222721 -1.41998e-19
-0.00129159 -0.000225166 4.37911e-18
-0.00131732 -0.000228235 -3.52311e-16
-0.00134251 -0.000229975 4.05989e-17
-0.00136752 -0.000232319 1.61294e-17
-0.00139667 -0.000234842 2.26731e-17
-0.00143121 -0.000238563 -8.82308e-17
-0.00146473 -0.000240324 3.44463e-18
-0.00149744 -0.000242905 2.4794e-17
-0.00152927 -0.000245392 2.60402e-17
-0.00156006 -0.000247773 2.30285e-17
-0.00158974 -0.00025004 2.40725e-17
-0.00161819 -0.000252191 2.32445e-17
-0.00164533 -0.000254223 2.30347e-17
-0.00167048 -0.000256229 2.53057e-17
-0.001695 -0.000258302 2.29318e-17
-0.00171752 -0.000260233 2.19907e-17
-0.00173838 -0.000261997 2.14431e-17
-0.00175751 -0.000263637 2.10023e-17
-0.00177495 -0.000265125 2.40997e-17
-0.00179067 -0.000266448 2.12021e-17
-0.00180466 -0.000267605 2.05053e-17
-0.00182027 -0.000268798 2.08796e-17
-0.00183549 -0.000269906 2.03322e-17
-0.0018484 -0.000270876 2.04421e-17
-0.00185886 -0.000271639 1.99719e-17
-0.00186688 -0.0002722 1.99559e-17
-0.00187251 -0.000272566 2.01589e-17
-0.00187581 -0.000272743 1.97469e-17
-0.00187683 -0.000272736 2.08267e-17
-0.00187669 -0.000272617 2.00667e-17
-0.0018762 -0.000272422 2.00667e-17
-0.00187534 -0.000272121 2.00667e-17
-0.0018741 -0.000271701 2.00667e-17
-0.00187251 -0.000271171 2.00667e-17
-0.00187057 -0.000270537 2.00667e-17
-0.00186832 -0.000269807 2.00666e-17
-0.00186575 -0.000268982 2.00666e-17
-0.00186287 -0.000268066 2.00666e-17
-0.0018597 -0.000267063 2.00665e-17
-0.00185624 -0.000265973 2.00665e-17
-0.00185249 -0.000264798 2.00665e-17
-0.00184846 -0.000263539 2.00664e-17
-0.00184414 -0.000262195 2.00664e-17
-0.00183953 -0.000260764 2.00663e-17
-0.00183463 -0.000259245 2.00662e-17
-0.00182943 -0.000257638 2.00662e-17
-0.00182393 -0.00025594 2.00661e-17
-0.00181813 -0.00025415 2.0066e-17
-0.00181202 -0.000252266 2.0066e-17
-0.00180559 -0.000250284 2.00659e-17
-0.00179883 -0.000248202 2.00658e-17
-0.00179174 -0.000246015 2.00657e-17
-0.00178429 -0.000243719 2.00657e-17
-0.00177649 -0.000241314 2.00656e-17
-0.00176834 -0.000238795 2.00655e-17
-0.00175981 -0.000236163 2.00654e-17
-0.00175092 -0.000233414 2.00653e-17
-0.00174166 -0.000230548 2.00652e-17
-0.00173201 -0.000227564 2.0065e-17
-0.00172199 -0.000224459 2.00649e-17
-0.00171159 -0.000221234 2.00648e-17
-0.00170081 -0.00021789 2.00647e-17
-0.00168966 -0.000214427 2.00645e-17
-0.00167814 -0.000210848 2.00644e-17
-0.00166625 -0.000207153 2.00643e-17
-0.001654 -0.000203345 2.00641e-17
-0.0016414 -0.000199426 2.0064e-17
-0.00162845 -0.000195396 2.00638e-17
-0.00161516 -0.000191259 2.00637e-17
-0.00160154 -0.000187018 2.00635e-17
-0.0015876 -0.000182678 2.00633e-17
-0.00157336 -0.000178243 2.00632e-17
-0.00155883 -0.000173718 2.0063e-17
-0.00154403 -0.000169108 2.00628e-17
-0.00152897 -0.000164418 2.00627e-17
-0.00151366 -0.000159653 2.00625e-17
-0.00149813 -0.000154818 2.00623e-17
-0.00148239 -0.000149922 2.00621e-17
-0.00146647 -0.00014497 2.00619e-17
-0.00145038 -0.000139969 2.00617e-17
-0.00143416 -0.000134928 2.00615e-17
-0.00141782 -0.000129855 2.00613e-17
-0.00140141 -0.000124761 2.00612e-17
-0.00138493 -0.000119654 2.0061e-17
-0.00136844 -0.000114545 2.00608e-17
-0.00135195 -0.000109442 2.00606e-17
-0.00133549 -0.000104355 2.00604e-17
-0.00131909 -9.92934e-05 2.00602e-17
-0.00130278 -9.42652e-05 2.006e-17
-0.00128658 -8.92791e-05 2.00598e-17
-0.00127052 -8.43435e-05 2.00596e-17
-0.00125463 -7.94662e-05 2.00594e-17
-0.00123892 -7.46549e-05 2.00593e-17
-0.00122343 -6.99174e-05 2.00591e-17
-0.00120817 -6.52616e-05 2.00589e-17
-0.00119317 -6.06947e-05 2.00587e-17
-0.00117845 -5.62238e-05 2.00586e-17
-0.00116404 -5.18559e-05 2.00584e-17
-0.00114996 -4.76088e-05 2.00582e-17
-0.00113626 -4.34885e-05 2.00581e-17
-0.00112291 -3.949e-05 2.00579e-17
-0.00110996 -3.56203e-05 2.00578e-17
-0.0010974 -3.18856e-05 2.00576e-17
-0.00108529 -2.82808e-05 2.00575e-17
-0.00107361 -2.48153e-05 2.00574e-17
-0.00106237 -2.14993e-05 2.00572e-17
-0.00105157 -1.83275e-05 2.00571e-17
-0.00104122 -1.53017e-05 2.0057e-17
-0.0010313 -1.24185e-05 2.00569e-17
-0.00102185 -9.67467e-06 2.00568e-17
-0.00101281 -7.06313e-06 2.00567e-17
-0.00100422 -4.57627e-06 2.00566e-17
-0.000996083 -2.21657e-06 2.00565e-17
-0.00098828 3.0261e-08 2.00564e-17
-0.000980817 2.18329e-06 2.00564e-17
-0.00097364 4.25014e-06 2.00563e-17
-0.000966695 6.24493e-06 2.00562e-17
-0.000959952 8.17989e-06 2.00561e-17
-0.000953368 1.00685e-05 2.00561e-17
-0.000946907 1.1924e-05 2.0056e-17
-0.000940531 1.37585e-05 2.00559e-17
-0.000934206 1.55843e-05 2.00559e-17
-0.000927899 1.74125e-05 2.00558e-17
-0.000921577 1.9254e-05 2.00557e-17
-0.000915212 2.11186e-05 2.00556e-17
-0.000908773 2.30164e-05 2.00556e-17
-0.000902233 2.49563e-05 2.00555e-17
-0.000895568 2.69466e-05 2.00554e-17
-0.000888755 2.89944e-05 2.00553e-17
-0.000881778 3.11053e-05 2.00553e-17
-0.000874622 3.32837e-05 2.00552e-17
-0.000867276 3.55331e-05 2.00551e-17
-0.000859731 3.7856e-05 2.0055e-17
-0.000851982 4.02537e-05 2.00549e-17
-0.000844024 4.27285e-05 2.00548e-17
-0.000835675 4.53746e-05 2.00547e-17
-0.000827033 4.81414e-05 2.00546e-17
-0.000818267 5.09455e-05 2.00545e-17
-0.000809344 5.38078e-05 2.00544e-17
-0.000800316 5.67042e-05 2.00543e-17
-0.000791194 5.96344e-05 2.00542e-17
-0.000782016 6.25828e-05 2.00541e-17
-0.000773663 6.50401e-05 2.0054e-17
-0.000766148 6.70106e-05 2.00539e-17
-0.000758627 6.89889e-05 2.00538e-17
-0.000751166 7.09436e-05 2.00538e-17
-0.00074379 7.28674e-05 2.00537e-17
-0.000736526 7.47504e-05 2.00536e-17
-0.0007294 7.65845e-05 2.00536e-17
-0.000722432 7.83628e-05 2.00535e-17
-0.000715639 8.00796e-05 2.00534e-17
-0.000709037 8.17302e-05 2.00534e-17
-0.000702637 8.33112e-05 2.00533e-17
-0.000696446 8.48205e-05 2.00532e-17
-0.000690469 8.62573e-05 2.00532e-17
-0.000684708 8.76218e-05 2.00531e-17
-0.000679158 8.89157e-05 2.00531e-17
-0.000673886 9.01559e-05 2.00586e-17
-0.000668898 9.13524e-05 2.00783e-17
-0.000664084 9.24942e-05 2.00972e-17
-0.000659417 9.35873e-05 2.01153e-17
-0.000654872 9.46415e-05 2.01327e-17
-0.000650419 9.56675e-05 2.01496e-17
-0.00064603 9.66762e-05 2.01661e-17
-0.000641675 9.76784e-05 2.01824e-17
-0.000637324 9.86853e-05 2.01984e-17
-0.00063295 9.97077e-05 2.02144e-17
-0.000628524 0.000100756 2.02304e-17
-0.000624019 0.000101841 2.02465e-17
-0.000619408 0.000102972 2.02629e-17
-0.000614664 0.000104158 2.02795e-17
-0.000609765 0.000105408 2.02965e-17
-0.000604692 0.000106728 2.0314e-17
-0.000599441 0.000108126 2.03259e-17
-0.000593985 0.000109634 2.03544e-17
-0.000588319 0.000111227 2.03836e-17
-0.000581775 0.000112828 2.03788e-17
-0.000574595 0.00011464 2.03778e-17
-0.000567192 0.000116404 2.03843e-17
-0.000559544 0.000118384 2.03829e-17
-0.000552141 0.000120415 2.01853e-17
-0.000544852 0.000122616 2.06471e-17
-0.000537386 0.000124926 1.97622e-17
-0.000526282 0.000127433 1.92154e-17
-0.00051417 0.000129943 1.86566e-17
-0.000501828 0.000132562 1.55632e-17
-0.000489312 0.000135235 2.35906e-17
-0.000476661 0.000137952 1.88844e-17
-0.000463924 0.000140701 1.76762e-17
-0.000451152 0.00014347 2.07049e-17
-0.000438401 0.000146248 2.14067e-17
-0.000425725 0.00014902 1.41585e-17
-0.000413182 0.000151775 7.55484e-18
-0.000400826 0.0001545 1.4248e-17
-0.000388714 0.000157182 2.07264e-17
-0.0003769 0.000159808 2.07787e-17
-0.000365442 0.000162366 2.07991e-17
-0.000354744 0.000164808 -1.87394e-17
-0.000344605 0.000167142 2.38702e-17
-0.000330592 0.000169524 2.05513e-17
-0.000317384 0.00017177 1.87214e-17
-0.000305034 0.000173889 2.03963e-17
-0.000293699 0.000175969 -1.20273e-17
-0.000283541 0.000177969 2.07874e-17
-0.000274361 0.000179837 2.11045e-17
-0.000266162 0.00018153 2.02757e-17
-0.000258979 0.000183039 2.37929e-17
-0.000252917 0.000184334 1.87249e-17
-0.000248135 0.000185368 2.22512e-17
-0.000244633 0.000186159 2.03422e-17
-0.000242438 0.000186688 2.03412e-17
-0.000241584 0.000186952 2.12629e-17
-0.000241835 0.000186961 2.07191e-17
-0.000242748 0.000186743 2.07151e-17
-0.000244334 0.000186295 2.07151e-17
-0.000246604 0.000185612 2.07152e-17
-0.000249563 0.000184693 2.07152e-17
-0.000253216 0.000183536 2.07152e-17
-0.000257566 0.000182139 2.07153e-17
-0.00026261 0.000180502 2.07154e-17
-0.000268344 0.000178628 2.07154e-17
-0.000274758 0.000176519 2.07155e-17
-0.000281837 0.00017418 2.07156e-17
-0.000289564 0.000171617 2.07157e-17
-0.00029792 0.000168837 2.07158e-17
-0.00030688 0.000165847 2.0716e-17
-0.000316421 0.000162656 2.07161e-17
-0.000326512 0.000159276 2.07162e-17
-0.000337123 0.000155716 2.07164e-17
-0.000348213 0.00015199 2.07165e-17
-0.000359743 0.000148113 2.07167e-17
-0.000371667 0.0001441 2.07169e-17
-0.000383943 0.000139968 2.0717e-17
-0.000396524 0.000135732 2.07172e-17
-0.000409367 0.000131408 2.07174e-17
-0.000422426 0.000127012 2.07176e-17
-0.000435654 0.000122562 2.07177e-17
-0.000449006 0.000118072 2.07179e-17
-0.000462433 0.000113561 2.07181e-17
-0.000475889 0.000109046 2.07183e-17
-0.00048933 0.000104541 2.07185e-17
-0.00050271 0.000100063 2.07187e-17
-0.000515987 9.56277e-05 2.07189e-17
-0.000529121 9.12487e-05 2.0719e-17
-0.000542072 8.69405e-05 2.07192e-17
-0.000554798 8.27176e-05 2.07194e-17
-0.000567257 7.85944e-05 2.07196e-17
-0.000579413 7.4584e-05 2.07197e-17
-0.000591231 7.0698e-05 2.07199e-17
-0.000602682 6.6947e-05 2.072e-17
-0.000613737 6.33402e-05 2.07202e-17
-0.000624373 5.98852e-05 2.07203e-17
-0.000634573 5.65881e-05 2.07205e-17
-0.000644319 5.34539e-05 2.07206e-17
-0.000653599 5.04865e-05 2.07207e-17
-0.000662405 4.7688e-05 2.07208e-17
-0.000670731 4.50592e-05 2.07209e-17
-0.000678578 4.25994e-05 2.0721e-17
-0.000685948 4.03063e-05 2.07211e-17
-0.000692848 3.8177e-05 2.07212e-17
-0.000699286 3.62073e-05 2.07213e-17
-0.00070527 3.43931e-05 2.07214e-17
-0.000710812 3.27297e-05 2.07214e-17
-0.000715923 3.12118e-05 2.07215e-17
-0.000720615 2.98339e-05 2.07216e-17
-0.000724903 2.85899e-05 2.07216e-17
-0.0007288 2.74739e-05 2.07216e-17
-0.000732322 2.64799e-05 2.07217e-17
-0.000735484 2.56015e-05 2.07217e-17
-0.000738305 2.48308e-05 2.07218e-17
-0.000740805 2.416e-05 2.07218e-17
-0.000743005 2.35817e-05 2.07218e-17
-0.000744921 2.30891e-05 2.07218e-17
-0.000746569 2.26764e-05 2.07218e-17
-0.000747961 2.23386e-05 2.07219e-17
-0.000749109 2.20718e-05 2.07219e-17
-0.000750022 2.18718e-05 2.07219e-17
-0.000750718 2.17332e-05 2.07219e-17
-0.000751211 2.16505e-05 2.07219e-17
-0.000751515 2.16191e-05 2.07219e-17
-0.000751641 2.16353e-05 2.07219e-17
-0.000751602 2.16952e-05 2.07219e-17
-0.000751407 2.17959e-05 2.07219e-17
-0.000751064 2.19351e-05 2.07219e-17
-0.000750581 2.21107e-05 2.07219e-17
-0.00074997 2.23194e-05 2.07219e-17
-0.000749243 2.25575e-05 2.07219e-17
-0.00074841 2.28223e-05 2.07218e-17
-0.000747482 2.31112e-05 2.07218e-17
-0.000746469 2.34213e-05 2.07218e-17
-0.000745383 2.37498e-05 2.07218e-17
-0.000744233 2.40941e-05 2.07218e-17
-0.000743028 2.44525e-05 2.07218e-17
-0.000741772 2.48243e-05 2.07218e-17
-0.000740469 2.52092e-05 2.07217e-17
-0.000739123 2.5607e-05 2.07217e-17
-0.000737748 2.60177e-05 2.07217e-17
-0.000736354 2.64419e-05 2.07217e-17
-0.000734925 2.68802e-05 2.07217e-17
-0.000733468 2.73329e-05 2.07217e-17
-0.000731979 2.78002e-05 2.07216e-17
-0.000730471 2.8282e-05 2.07216e-17
-0.000728938 2.87782e-05 2.07216e-17
-0.000727374 2.92877e-05 2.07216e-17
-0.000725791 2.98095e-05 2.07216e-17
-0.000724188 3.03422e-05 2.07215e-17
-0.000722577 3.08842e-05 2.07215e-17
-0.000720961 3.14333e-05 2.07215e-17
-0.000719349 3.1987e-05 2.07215e-17
-0.000717747 3.25438e-05 2.07214e-17
-0.00071616 3.31018e-05 2.07214e-17
-0.000714595 3.36588e-05 2.07214e-17
-0.000713061 3.42117e-05 2.07214e-17
-0.000711566 3.47573e-05 2.07213e-17
-0.000710123 3.52916e-05 2.07213e-17
-0.000708743 3.58102e-05 2.07213e-17
-0.00070744 3.63085e-05 2.07213e-17
-0.000706225 3.6782e-05 2.07213e-17
-0.000705109 3.72265e-05 2.07212e-17
-0.000704106 3.7637e-05 2.07212e-17
-0.000703231 3.80085e-05 2.07212e-17
-0.000702497 3.83352e-05 2.07212e-17
-0.000701921 3.86112e-05 2.07212e-17
-0.000701518 3.88306e-05 2.07212e-17
-0.000701305 3.89876e-05 2.07212e-17
-0.000701293 3.90772e-05 2.07212e-17
-0.000701494 3.90952e-05 2.07212e-17
-0.000701919 3.90372e-05 2.07212e-17
-0.000702583 3.88994e-05 2.07212e-17
-0.000703493 3.86777e-05 2.07212e-17
-0.000704653 3.83684e-05 2.07212e-17
-0.000706075 3.79684e-05 2.07212e-17
-0.000707763 3.74746e-05 2.07212e-17
-0.000709725 3.68842e-05 2.07213e-17
-0.000711966 3.61947e-05 2.07213e-17
-0.000714492 3.54041e-05 2.07213e-17
-0.000717304 3.45109e-05 2.07214e-17
-0.000720405 3.35138e-05 2.07214e-17
-0.000723796 3.2412e-05 2.07214e-17
-0.000727476 3.12055e-05 2.07215e-17
-0.000731442 2.98948e-05 2.07215e-17
-0.000735692 2.84802e-05 2.07216e-17
-0.000740222 2.69626e-05 2.07217e-17
-0.000745027 2.5344e-05 2.07217e-17
-0.000750102 2.36273e-05 2.07218e-17
-0.000755431 2.18166e-05 2.07219e-17
-0.000760993 1.99176e-05 2.0722e-17
-0.000766772 1.79366e-05 2.0722e-17
-0.000772758 1.58807e-05 2.07221e-17
-0.000778921 1.37579e-05 2.07222e-17
-0.000785229 1.15767e-05 2.07223e-17
-0.000791672 9.34663e-06 2.07224e-17
-0.000798208 7.07763e-06 2.07225e-17
-0.000804818 4.78019e-06 2.07226e-17
-0.000811463 2.46553e-06 2.07227e-17
-0.000818099 1.45405e-07 2.07228e-17
-0.0008247 -2.16783e-06 2.07229e-17
-0.000831225 -4.46154e-06 2.0723e-17
-0.00083764 -6.72261e-06 2.07231e-17
-0.000843905 -8.93777e-06 2.07231e-17
-0.000849985 -1.10937e-05 2.07232e-17
-0.000855842 -1.31774e-05 2.07233e-17
-0.000861441 -1.51763e-05 2.07234e-17
-0.000866748 -1.70777e-05 2.07235e-17
-0.000871728 -1.88692e-05 2.07236e-17
-0.000876344 -2.05381e-05 2.07236e-17
-0.000880565 -2.20722e-05 2.07237e-17
-0.000884356 -2.34597e-05 2.07237e-17
-0.000887688 -2.46899e-05 2.07238e-17
-0.000890537 -2.57538e-05 2.07238e-17
-0.000892881 -2.66439e-05 2.07239e-17
-0.000894703 -2.73533e-05 2.07239e-17
-0.000895987 -2.78767e-05 2.07239e-17
-0.000896725 -2.82103e-05 2.07239e-17
-0.00089691 -2.83521e-05 2.07239e-17
-0.00089654 -2.8301e-05 2.07239e-17
-0.000895617 -2.80572e-05 2.07239e-17
-0.000894147 -2.76227e-05 2.07239e-17
-0.000892139 -2.70009e-05 2.07239e-17
-0.000889606 -2.61961e-05 2.07239e-17
-0.000886566 -2.52141e-05 2.07238e-17
-0.000883038 -2.40619e-05 2.07238e-17
-0.000879047 -2.27479e-05 2.07237e-17
-0.000874619 -2.12814e-05 2.07236e-17
-0.000869783 -1.96724e-05 2.07236e-17
-0.000864571 -1.79325e-05 2.07235e-17
-0.00085902 -1.60739e-05 2.07234e-17
-0.000853165 -1.41093e-05 2.07234e-17
-0.000847044 -1.20522e-05 2.07233e-17
-0.000840694 -9.91575e-06 2.07232e-17
-0.000834155 -7.7133e-06 2.07231e-17
-0.000827465 -5.45856e-06 2.0723e-17
-0.000820663 -3.16522e-06 2.07229e-17
-0.000813788 -8.46672e-07 2.07228e-17
-0.000806876 1.48384e-06 2.07227e-17
-0.000799966 3.81319e-06 2.07226e-17
-0.000793091 6.12931e-06 2.07225e-17
-0.000786281 8.42231e-06 2.07224e-17
-0.00077956 1.06836e-05 2.07223e-17
-0.000772951 1.29049e-05 2.07222e-17
-0.000766478 1.50783e-05 2.07222e-17
-0.000760163 1.7196e-05 2.07221e-17
-0.000754028 1.92504e-05 2.0722e-17
-0.000748093 2.12345e-05 2.07219e-17
-0.000742375 2.31425e-05 2.07218e-17
-0.000736887 2.49701e-05 2.07218e-17
-0.000731639 2.67141e-05 2.07217e-17
-0.000726638 2.83721e-05 2.07216e-17
-0.00072189 2.9942e-05 2.07215e-17
-0.0007174 3.14224e-05 2.07215e-17
-0.000713171 3.28124e-05 2.07214e-17
-0.000709206 3.41117e-05 2.07214e-17
-0.000705502 3.53206e-05 2.07213e-17
-0.000702059 3.64405e-05 2.07213e-17
-0.000698869 3.74734e-05 2.07212e-17
-0.000695927 3.84218e-05 2.07212e-17
-0.000693228 3.92878e-05 2.07212e-17
-0.00069077 4.00725e-05 2.07211e-17
-0.00068855 4.07766e-05 2.07211e-17
-0.000686568 4.14011e-05 2.07211e-17
-0.000684821 4.19472e-05 2.07211e-17
-0.000683303 4.24165e-05 2.0721e-17
-0.000682012 4.28112e-05 2.0721e-17
-0.000680941 4.31331e-05 2.0721e-17
-0.000680082 4.33855e-05 2.0721e-17
-0.000679422 4.35728e-05 2.0721e-17
-0.000678948 4.37008e-05 2.0721e-17
-0.000678642 4.37748e-05 2.0721e-17
-0.000678493 4.37997e-05 2.0721e-17
-0.000678493 4.37786e-05 2.0721e-17
-0.000678634 4.37138e-05 2.0721e-17
-0.000678912 4.36075e-05 2.0721e-17
-0.000679319 4.34619e-05 2.0721e-17
-0.000679849 4.32801e-05 2.0721e-17
-0.000680492 4.30651e-05 2.0721e-17
-0.00068124 4.28199e-05 2.0721e-17
-0.000682088 4.25462e-05 2.0721e-17
-0.000683036 4.22442e-05 2.0721e-17
-0.000684085 4.19131e-05 2.07211e-17
-0.000685241 4.15515e-05 2.07211e-17
-0.000686504 4.11583e-05 2.07211e-17
-0.000687875 4.07335e-05 2.07211e-17
-0.000689354 4.02773e-05 2.07211e-17
-0.000690939 3.97894e-05 2.07211e-17
-0.000692634 3.92686e-05 2.07212e-17
-0.000694448 3.87114e-05 2.07212e-17
-0.000696394 3.81134e-05 2.07212e-17
-0.000698483 3.74698e-05 2.07212e-17
-0.000700728 3.67761e-05 2.07213e-17
-0.000703138 3.60286e-05 2.07213e-17
-0.000705722 3.52239e-05 2.07213e-17
-0.000708489 3.43587e-05 2.07214e-17
-0.000711447 3.34292e-05 2.07214e-17
-0.000714611 3.24304e-05 2.07214e-17
-0.000717995 3.13566e-05 2.07215e-17
-0.000721614 3.02028e-05 2.07215e-17
-0.000725476 2.89648e-05 2.07216e-17
-0.000729588 2.76406e-05 2.07216e-17
-0.000733952 2.62291e-05 2.07217e-17
-0.000738566 2.47301e-05 2.07218e-17
-0.000743432 2.31432e-05 2.07218e-17
-0.000748551 2.14676e-05 2.07219e-17
-0.000753925 1.97026e-05 2.0722e-17
-0.000759553 1.7848e-05 2.0722e-17
-0.000765433 1.59046e-05 2.07221e-17
-0.000771559 1.38741e-05 2.07222e-17
-0.000777923 1.17592e-05 2.07223e-17
-0.000784516 9.56306e-06 2.07224e-17
-0.000791328 7.28939e-06 2.07225e-17
-0.000798349 4.94163e-06 2.07226e-17
-0.000805567 2.52353e-06 2.07227e-17
-0.000812971 3.93879e-08 2.07228e-17
-0.000820548 -2.50602e-06 2.07229e-17
-0.000828283 -5.10756e-06 2.0723e-17
-0.000836161 -7.7597e-06 2.07231e-17
-0.000844166 -1.04565e-05 2.07232e-17
-0.00085228 -1.3192e-05 2.07233e-17
-0.000860489 -1.59605e-05 2.07234e-17
-0.000868776 -1.87561e-05 2.07235e-17
-0.000877125 -2.15731e-05 2.07237e-17
-0.000885522 -2.44058e-05 2.07238e-17
-0.000893953 -2.72495e-05 2.07239e-17
-0.000902407 -3.00996e-05 2.0724e-17
-0.000910897 -3.29568e-05 2.07241e-17
-0.000919397 -3.58146e-05 2.07242e-17
-0.000927882 -3.86657e-05 2.07244e-17
-0.000936355 -4.15092e-05 2.07245e-17
-0.000944801 -4.43412e-05 2.07246e-17
-0.000953218 -4.71592e-05 2.07247e-17
-0.000961596 -4.99603e-05 2.07248e-17
-0.000969929 -5.27418e-05 2.07249e-17
-0.000978211 -5.55013e-05 2.07251e-17
-0.000986434 -5.82362e-05 2.07252e-17
-0.00099459 -6.09432e-05 2.07253e-17
-0.00100267 -6.36183e-05 2.07254e-17
-0.00101066 -6.62586e-05 2.07255e-17
-0.00101856 -6.88613e-05 2.07256e-17
-0.00102637 -7.14241e-05 2.07257e-17
-0.00103406 -7.3945e-05 2.07258e-17
-0.00104165 -7.64228e-05 2.07259e-17
-0.00104913 -7.88569e-05 2.0726e-17
-0.00105651 -8.12409e-05 2.07261e-17
-0.00106378 -8.35771e-05 2.07262e-17
-0.00107094 -8.58699e-05 2.07263e-17
-0.00107801 -8.81182e-05 2.07264e-17
-0.00108496 -9.03237e-05 2.07265e-1