-5.33975 6.63751e-06 -2.72224e-22
-10.6795 1.31722e-05 -5.40229e-22
-16.0193 1.96033e-05 -8.03989e-22
-21.359 2.59303e-05 -1.06348e-21
-26.6988 3.21524e-05 -1.31866e-21
-32.0386 3.8269e-05 -1.56952e-21
-37.3784 4.42794e-05 -1.81603e-21
-42.7182 5.0183e-05 -2.05815e-21
-48.058 5.59789e-05 -2.29586e-21
-53.3978 6.16666e-05 -2.52913e-21
-53.3977 7.57031e-05 -3.1048e-21
-53.397 0.00013772 -5.64828e-21
-53.3954 0.000277572 -1.1384e-20
-53.3928 0.000514216 -2.10895e-20
-53.3891 0.000847957 -3.47772e-20
-53.3847 0.0012417 -5.09256e-20
-53.3803 0.00163836 -6.71939e-20
-53.3765 0.00198114 -8.12524e-20
-53.374 0.0022065 -9.0495e-20
-53.3737 0.00223622 -9.17137e-20
-53.3764 0.00198561 -8.14355e-20
-53.3832 0.00137261 -5.62946e-20
-53.3947 0.000329306 -1.35058e-20
-53.4114 -0.00118602 4.86422e-20
-53.4336 -0.00319926 1.31211e-19
-53.4616 -0.00573242 2.35103e-19
-53.4954 -0.00878957 3.60485e-19
-53.5348 -0.0123413 5.06153e-19
-53.5791 -0.0163394 6.70126e-19
-53.6279 -0.0207331 8.50324e-19
-53.6804 -0.0254443 1.04355e-18
-53.735 -0.0303404 1.24435e-18
-53.79 -0.0352604 1.44613e-18
-53.8436 -0.040046 1.6424e-18
-53.8944 -0.044551 1.82717e-18
-53.9409 -0.0486528 1.99539e-18
-53.982 -0.052244 2.14268e-18
-54.0165 -0.0552242 2.2649e-18
-54.0436 -0.0575058 2.35848e-18
-54.0623 -0.0590222 2.42067e-18
-54.0722 -0.0597212 2.44934e-18
-54.0728 -0.059559 2.44269e-18
-54.0637 -0.0585124 2.39976e-18
-54.045 -0.0565924 2.32102e-18
-54.0172 -0.0538314 2.20778e-18
-53.9804 -0.0502683 2.06165e-18
-53.9353 -0.0459515 1.8846e-18
-53.8825 -0.0409433 1.6792e-18
-53.8227 -0.0353143 1.44834e-18
-53.7567 -0.0291374 1.19501e-18
-53.6851 -0.0224788 9.21921e-19
-53.6084 -0.0153879 6.31104e-19
-53.5271 -0.00790473 3.24196e-19
-53.4415 -6.79982e-05 2.7888e-21
-53.3522 0.00806485 -3.30763e-19
-53.2603 0.016397 -6.72487e-19
-53.167 0.0248128 -1.01764e-18
-53.0735 0.0332015 -1.36169e-18
-52.981 0.0414503 -1.69999e-18
-52.8909 0.0494361 -2.02752e-18
-52.8046 0.057035 -2.33917e-18
-52.7233 0.0641315 -2.63022e-18
-52.6482 0.0706149 -2.89612e-18
-52.5807 0.076376 -3.1324e-18
-52.5218 0.0813107 -3.33479e-18
-52.4727 0.0853257 -3.49946e-18
-52.434 0.0883582 -3.62382e-18
-52.4061 0.0903966 -3.70742e-18
-52.3886 0.0914612 -3.75109e-18
-52.3813 0.0915809 -3.756e-18
-52.3838 0.0908065 -3.72424e-18
-52.3952 0.0892255 -3.65939e-18
-52.4142 0.0869461 -3.56591e-18
-52.4399 0.0840798 -3.44836e-18
-52.4708 0.0807505 -3.31181e-18
-52.5054 0.0771056 -3.16232e-18
-52.5421 0.073303 -3.00637e-18
-52.5791 0.0694967 -2.85026e-18
-52.615 0.0658254 -2.69969e-18
-52.6487 0.0624021 -2.55929e-18
-52.679 0.0593213 -2.43294e-18
-52.705 0.0566686 -2.32414e-18
-52.7262 0.0545067 -2.23548e-18
-52.7421 0.0528597 -2.16793e-18
-52.7529 0.0517271 -2.12148e-18
-52.7585 0.0510992 -2.09573e-18
-52.7593 0.0509462 -2.08945e-18
-52.756 0.0512048 -2.10006e-18
-52.7494 0.0517924 -2.12416e-18
-52.7405 0.0526211 -2.15814e-18
-52.73 0.0536236 -2.19926e-18
-52.7179 0.0547808 -2.24672e-18
-52.7042 0.0560987 -2.30077e-18
-52.6888 0.0575818 -2.36159e-18
-52.6715 0.059235 -2.4294e-18
-52.6524 0.061066 -2.50449e-18
-52.6311 0.0630839 -2.58725e-18
-52.6076 0.0652984 -2.67808e-18
-52.5819 0.0677025 -2.77668e-18
-52.5544 0.0702538 -2.88131e-18
-52.5259 0.0728921 -2.98952e-18
-52.4968 0.0755603 -3.09895e-18
-52.4678 0.0782078 -3.20753e-18
-52.4392 0.0807943 -3.31361e-18
-52.4115 0.0832869 -3.41584e-18
-52.385 0.085657 -3.51304e-18
-52.3598 0.0878857 -3.60444e-18
-52.336 0.0899696 -3.68991e-18
-52.3136 0.0919156 -3.76972e-18
-52.2925 0.0937333 -3.84427e-18
-52.2725 0.0954414 -3.91433e-18
-52.2533 0.0970741 -3.98129e-18
-52.2343 0.0986741 -4.04691e-18
-52.2152 0.100284 -4.11293e-18
-52.1958 0.101924 -4.18018e-18
-52.1764 0.103566 -4.24752e-18
-52.1576 0.105157 -4.31278e-18
-52.14 0.106643 -4.37373e-18
-52.1245 0.107955 -4.42756e-18
-52.112 0.108995 -4.47021e-18
-52.104 0.109649 -4.49703e-18
-52.1015 0.109804 -4.50339e-18
-52.1057 0.109367 -4.48547e-18
-52.1172 0.108284 -4.44104e-18
-52.1363 0.106522 -4.36877e-18
-52.1633 0.104052 -4.26748e-18
-52.1982 0.10087 -4.13696e-18
-52.2407 0.0970202 -3.97908e-18
-52.2898 0.0925752 -3.79678e-18
-52.3447 0.0876089 -3.59309e-18
-52.4045 0.0822124 -3.37177e-18
-52.4677 0.0765112 -3.13795e-18
-52.5328 0.0706483 -2.89749e-18
-52.5981 0.064766 -2.65624e-18
-52.6622 0.0589932 -2.41948e-18
-52.724 0.0534322 -2.19141e-18
-52.7825 0.0481701 -1.97559e-18
-52.8367 0.0432909 -1.77548e-18
-52.886 0.0388614 -1.59382e-18
-52.9298 0.0349147 -1.43195e-18
-52.9681 0.0314652 -1.29048e-18
-53.0007 0.028525 -1.16989e-18
-53.0274 0.0261051 -1.07065e-18
-53.0481 0.024217 -9.93208e-19
-53.0627 0.0228713 -9.38019e-19
-53.071 0.0220779 -9.0548e-19
-53.0729 0.0218455 -8.95948e-19
-53.0683 0.0221813 -9.09718e-19
-53.0573 0.0230915 -9.47048e-19
-53.0396 0.0245817 -1.00817e-18
-53.0154 0.026645 -1.09279e-18
-52.9851 0.0292495 -1.19961e-18
-52.9491 0.0323499 -1.32676e-18
-52.908 0.0359003 -1.47238e-18
-52.8623 0.039854 -1.63453e-18
-52.8126 0.0441617 -1.8112e-18
-52.7595 0.0487726 -2.0003e-18
-52.7035 0.0536362 -2.19977e-18
-52.6452 0.0587111 -2.40791e-18
-52.5847 0.0639753 -2.62381e-18
-52.5223 0.0694162 -2.84696e-18
-52.4582 0.0750203 -3.0768e-18
-52.3924 0.0807783 -3.31295e-18
-52.325 0.0866909 -3.55544e-18
-52.256 0.0927624 -3.80445e-18
-52.1854 0.0989945 -4.06005e-18
-52.1134 0.105373 -4.32166e-18
-52.0404 0.111855 -4.58751e-18
-51.9671 0.118381 -4.85514e-18
-51.8942 0.124887 -5.12197e-18
-51.8226 0.131299 -5.38494e-18
-51.7532 0.137523 -5.6402e-18
-51.6873 0.143453 -5.88343e-18
-51.626 0.148985 -6.11032e-18
-51.5703 0.154027 -6.31707e-18
-51.5208 0.158511 -6.50098e-18
-51.4782 0.162387 -6.65997e-18
-51.443 0.165608 -6.79208e-18
-51.4154 0.168145 -6.8961e-18
-51.3954 0.170002 -6.97226e-18
-51.3826 0.171206 -7.02166e-18
-51.3768 0.171788 -7.04553e-18
-51.3774 0.171788 -7.04553e-18
-51.3838 0.171265 -7.02406e-18
-51.3951 0.170287 -6.98397e-18
-51.4107 0.168928 -6.92825e-18
-51.4297 0.16725 -6.85939e-18
-51.4518 0.165286 -6.77885e-18
-51.4768 0.16306 -6.68758e-18
-51.5043 0.160598 -6.5866e-18
-51.534 0.15793 -6.47716e-18
-51.5655 0.155093 -6.3608e-18
-51.5983 0.152129 -6.23926e-18
-51.6319 0.149084 -6.11437e-18
-51.6659 0.145999 -5.98785e-18
-51.6999 0.14291 -5.86114e-18
-51.7335 0.139847 -5.73553e-18
-51.7664 0.136843 -5.61235e-18
-51.7983 0.133935 -5.49305e-18
-51.8286 0.13116 -5.37926e-18
-51.857 0.128563 -5.27273e-18
-51.883 0.126184 -5.17515e-18
-51.9063 0.12405 -5.08765e-18
-51.927 0.122161 -5.01017e-18
-51.9452 0.120499 -4.94202e-18
-51.9613 0.119046 -4.88241e-18
-51.9753 0.117785 -4.8307e-18
-51.9874 0.116709 -4.78657e-18
-51.9977 0.115812 -4.7498e-18
-52.0062 0.115088 -4.72011e-18
-52.0132 0.11452 -4.69681e-18
-52.019 0.114074 -4.6785e-18
-52.0242 0.113705 -4.66337e-18
-52.0292 0.113367 -4.6495e-18
-52.0348 0.113005 -4.63465e-18
-52.0415 0.112549 -4.61598e-18
-52.0504 0.111924 -4.59031e-18
-52.0622 0.111049 -4.55443e-18
-52.0775 0.109871 -4.50612e-18
-52.0965 0.108384 -4.44513e-18
-52.1188 0.106608 -4.3723e-18
-52.1443 0.104564 -4.28846e-18
-52.1727 0.102277 -4.19469e-18
-52.2034 0.0997888 -4.09263e-18
-52.236 0.0971442 -3.98416e-18
-52.27 0.0943887 -3.87115e-18
-52.3047 0.0915712 -3.7556e-18
-52.3396 0.088749 -3.63985e-18
-52.3739 0.0859831 -3.52641e-18
-52.407 0.0833327 -3.41772e-18
-52.4386 0.0808287 -3.31502e-18
-52.4687 0.0784457 -3.21728e-18
-52.4981 0.0761281 -3.12223e-18
-52.5273 0.0738202 -3.02758e-18
-52.557 0.0714634 -2.93092e-18
-52.5878 0.0689927 -2.82959e-18
-52.6204 0.0663417 -2.72086e-18
-52.6555 0.063447 -2.60214e-18
-52.6936 0.0602649 -2.47164e-18
-52.7346 0.0567884 -2.32906e-18
-52.7785 0.053032 -2.175e-18
-52.8251 0.0490154 -2.01026e-18
-52.8739 0.0447665 -1.836e-18
-52.9245 0.0403264 -1.6539e-18
-52.9764 0.0357444 -1.46598e-18
-53.0291 0.0310738 -1.27443e-18
-53.0819 0.0263732 -1.08164e-18
-53.134 0.0217086 -8.9033e-19
-53.1847 0.01715 -7.03372e-19
-53.2333 0.0127691 -5.23698e-19
-53.279 0.00864204 -3.54435e-19
-53.3207 0.00485388 -1.99072e-19
-53.3576 0.00149329 -6.1244e-20
-53.3888 -0.00135347 5.55097e-20
-53.4133 -0.00360291 1.47766e-19
-53.4302 -0.00517463 2.12227e-19
-53.4388 -0.00599262 2.45774e-19
-53.4383 -0.00598652 2.45525e-19
-53.4282 -0.00511134 2.09631e-19
-53.4085 -0.00336829 1.38143e-19
-53.3795 -0.000786214 3.22449e-20
-53.3417 0.00259977 -1.06624e-19
-53.2959 0.00671289 -2.75315e-19
-53.2438 0.0113962 -4.67392e-19
-53.1875 0.0164496 -6.74645e-19
-53.1294 0.021671 -8.88792e-19
-53.0717 0.0268582 -1.10153e-18
-53.0165 0.0318083 -1.30455e-18
-52.9661 0.036321 -1.48963e-18
-52.9226 0.0402009 -1.64875e-18
-52.8879 0.0432761 -1.77488e-18
-52.8635 0.0454169 -1.86268e-18
-52.8505 0.0465204 -1.90794e-18
-52.8499 0.046493 -1.90681e-18
-52.8622 0.0452947 -1.85767e-18
-52.8868 0.0429881 -1.76307e-18
-52.9223 0.0396928 -1.62792e-18
-52.9675 0.0355352 -1.4574e-18
-53.0206 0.0306639 -1.25762e-18
-53.0796 0.0252679 -1.03631e-18
-53.1424 0.0195569 -8.02085e-19
-53.2065 0.0137397 -5.63506e-19
-53.27 0.00801013 -3.28518e-19
-53.331 0.00253297 -1.03885e-19
-53.3879 -0.00254617 1.04426e-19
-53.4393 -0.00708932 2.90754e-19
-53.4838 -0.0109818 4.50395e-19
-53.5207 -0.014149 5.80292e-19
-53.5495 -0.0165426 6.78458e-19
-53.5696 -0.0181239 7.43312e-19
-53.5811 -0.0188891 7.74697e-19
-53.5845 -0.0188962 7.74989e-19
-53.5808 -0.0182391 7.48038e-19
-53.5711 -0.0170186 6.97982e-19
-53.5565 -0.0153295 6.28706e-19
-53.5376 -0.0132473 5.43311e-19
-53.5151 -0.0108381 4.44503e-19
-53.4899 -0.00816994 3.35073e-19
-53.4624 -0.00530874 2.17727e-19
-53.4334 -0.0023142 9.49121e-20
-53.4034 0.000758383 -3.11035e-20
-53.3729 0.00385571 -1.58134e-19
-53.3425 0.00691965 -2.83795e-19
-53.3131 0.00987979 -4.05199e-19
-53.2853 0.0126618 -5.19297e-19
-53.2599 0.0151966 -6.23258e-19
-53.2372 0.0174555 -7.15899e-19
-53.2167 0.0194867 -7.99208e-19
-53.1974 0.0213823 -8.76951e-19
-53.1781 0.0232386 -9.53081e-19
-53.1577 0.0251557 -1.03171e-18
-53.1353 0.0272377 -1.1171e-18
-53.1094 0.0295906 -1.21359e-18
-53.0791 0.0323207 -1.32557e-18
-53.0436 0.0355008 -1.45599e-18
-53.0027 0.0391337 -1.60499e-18
-52.957 0.0431842 -1.77111e-18
-52.9068 0.0476157 -1.95286e-18
-52.853 0.052352 -2.14711e-18
-52.7974 0.0572354 -2.34739e-18
-52.7422 0.0620659 -2.5455e-18
-52.6895 0.0666457 -2.73333e-18
-52.6415 0.0707854 -2.90312e-18
-52.6001 0.0743101 -3.04767e-18
-52.5671 0.0770557 -3.16028e-18
-52.5443 0.0788654 -3.2345e-18
-52.533 0.0796278 -3.26577e-18
-52.5334 0.0793178 -3.25305e-18
-52.5452 0.0779599 -3.19736e-18
-52.5683 0.0755859 -3.1e-18
-52.6017 0.0722685 -2.96394e-18
-52.6439 0.0681577 -2.79534e-18
-52.6927 0.0634457 -2.60209e-18
-52.7462 0.0583264 -2.39214e-18
-52.8024 0.0529738 -2.17261e-18
-52.8598 0.0475194 -1.94891e-18
-52.9174 0.0420702 -1.72542e-18
-52.9739 0.0367299 -1.5064e-18
-53.0287 0.0315799 -1.29518e-18
-53.0811 0.0266599 -1.0934e-18
-53.131 0.0219847 -9.01657e-19
-53.1785 0.0175645 -7.20372e-19
-53.2235 0.0133809 -5.48787e-19
-53.267 0.00936058 -3.83904e-19
-53.3102 0.00540071 -2.21499e-19
-53.354 0.0013963 -5.72662e-20
-53.3996 -0.00274891 1.12741e-19
-53.4479 -0.0071119 2.9168e-19
-53.4994 -0.0117584 4.82245e-19
-53.5551 -0.0167523 6.87062e-19
-53.6152 -0.0221412 9.08073e-19
-53.6801 -0.0279395 1.14588e-18
-53.7497 -0.0341434 1.40032e-18
-53.8238 -0.040746 1.67111e-18
-53.9025 -0.0477392 1.95792e-18
-53.9856 -0.0551148 2.26042e-18
-54.0731 -0.0628633 2.5782e-18
-54.1649 -0.0709735 2.91083e-18
-54.2608 -0.0794314 3.25771e-18
-54.3606 -0.0882197 3.61814e-18
-54.4642 -0.0973187 3.99132e-18
-54.5714 -0.106709 4.37643e-18
-54.6818 -0.116358 4.77217e-18
-54.7948 -0.126209 5.1762e-18
-54.9098 -0.136193 5.58568e-18
-55.0259 -0.146244 5.99789e-18
-55.1424 -0.156289 6.40988e-18
-55.2584 -0.166242 6.81808e-18
-55.3729 -0.176011 7.21874e-18
-55.4849 -0.185511 7.60834e-18
-55.5934 -0.194652 7.98326e-18
-55.6973 -0.203333 8.33929e-18
-55.7954 -0.211448 8.67211e-18
-55.8867 -0.218902 8.9778e-18
-55.9702 -0.225615 9.25314e-18
-56.0453 -0.231537 9.49598e-18
-56.1116 -0.236632 9.70497e-18
-56.1687 -0.240878 9.8791e-18
-56.2168 -0.244285 1.00188e-17
-56.2566 -0.246924 1.01271e-17
-56.2894 -0.248922 1.0209e-17
-56.3162 -0.250381 1.02689e-17
-56.3381 -0.251405 1.03108e-17
-56.3564 -0.252129 1.03405e-17
-56.3726 -0.25268 1.03631e-17
-56.388 -0.253187 1.03839e-17
-56.4038 -0.253777 1.04081e-17
-56.4214 -0.254578 1.0441e-17
-56.4422 -0.255713 1.04875e-17
-56.4673 -0.257296 1.05525e-17
-56.4973 -0.259387 1.06382e-17
-56.5318 -0.261941 1.0743e-17
-56.5695 -0.264852 1.08623e-17
-56.6092 -0.268004 1.09916e-17
-56.6493 -0.27126 1.11251e-17
-56.6879 -0.274442 1.12557e-17
-56.7228 -0.277353 1.1375e-17
-56.7518 -0.279788 1.14749e-17
-56.773 -0.281576 1.15482e-17
-56.7853 -0.282606 1.15905e-17
-56.7879 -0.282804 1.15986e-17
-56.7799 -0.282099 1.15697e-17
-56.7611 -0.280446 1.15019e-17
-56.7314 -0.277859 1.13958e-17
-56.6916 -0.274385 1.12533e-17
-56.6422 -0.270073 1.10765e-17
-56.5836 -0.264964 1.08669e-17
-56.5161 -0.259079 1.06256e-17
-56.44 -0.252431 1.03529e-17
-56.3553 -0.245033 1.00495e-17
-56.2619 -0.236875 9.71493e-18
-56.1591 -0.227881 9.34605e-18
-56.0456 -0.217946 8.9386e-18
-55.9205 -0.206972 8.48854e-18
-55.7831 -0.194897 7.9933e-18
-55.6333 -0.181726 7.45311e-18
-55.4718 -0.167503 6.86977e-18
-55.299 -0.152279 6.24539e-18
-55.1163 -0.136171 5.58478e-18
-54.9256 -0.119347 4.89478e-18
-54.7289 -0.102008 4.18365e-18
-54.5289 -0.084385 3.46087e-18
-54.3277 -0.0666753 2.73455e-18
-54.127 -0.0490438 2.01143e-18
-53.9285 -0.031629 1.29719e-18
-53.7335 -0.0145645 5.97331e-19
-53.5432 0.00204674 -8.39426e-20
-53.358 0.0181634 -7.44935e-19
-53.1781 0.0337784 -1.38535e-18
-53.0034 0.0488919 -2.0052e-18
-52.8337 0.063529 -2.60551e-18
-52.6681 0.0777631 -3.18929e-18
-52.5057 0.0916935 -3.76062e-18
-52.3453 0.105423 -4.32372e-18
-52.1861 0.119019 -4.88132e-18
-52.0285 0.132469 -5.43294e-18
-51.8729 0.145721 -5.97642e-18
-51.7199 0.158723 -6.50967e-18
-51.5704 0.17141 -7.03003e-18
-51.4254 0.18369 -7.53364e-18
-51.286 0.195452 -8.01605e-18
-51.1536 0.206592 -8.47294e-18
-51.0289 0.217034 -8.9012e-18
-50.9121 0.226762 -9.30015e-18
-50.8032 0.23579 -9.67045e-18
-50.7018 0.244139 -1.00128e-17
-50.6078 0.251843 -1.03288e-17
-50.5202 0.258968 -1.0621e-17
-50.4383 0.2656 -1.0893e-17
-50.3611 0.27182 -1.11481e-17
-50.2875 0.277736 -1.13907e-17
-50.2158 0.283499 -1.16271e-17
-50.144 0.289285 -1.18644e-17
-50.0702 0.295264 -1.21096e-17
-49.993 0.301574 -1.23684e-17
-49.9115 0.30831 -1.26447e-17
-49.8251 0.315507 -1.29399e-17
-49.7334 0.323186 -1.32548e-17
-49.6367 0.331334 -1.3589e-17
-49.5364 0.339811 -1.39366e-17
-49.4346 0.348426 -1.42899e-17
-49.3333 0.35698 -1.46408e-17
-49.235 0.365265 -1.49806e-17
-49.142 0.373043 -1.52996e-17
-49.0572 0.380064 -1.55875e-17
-48.9832 0.386088 -1.58346e-17
-48.9219 0.390927 -1.60331e-17
-48.8744 0.394492 -1.61792e-17
-48.8409 0.396751 -1.62719e-17
-48.8217 0.397689 -1.63104e-17
-48.8162 0.397341 -1.62961e-17
-48.8232 0.395842 -1.62346e-17
-48.8403 0.393384 -1.61338e-17
-48.8656 0.390167 -1.60019e-17
-48.8969 0.386384 -1.58467e-17
-48.9323 0.382206 -1.56754e-17
-48.9702 0.377795 -1.54944e-17
-49.0088 0.37331 -1.53105e-17
-49.0468 0.36887 -1.51284e-17
-49.084 0.364498 -1.49491e-17
-49.1209 0.360168 -1.47715e-17
-49.1576 0.355852 -1.45945e-17
-49.1948 0.351509 -1.44164e-17
-49.2331 0.347075 -1.42346e-17
-49.2738 0.342468 -1.40456e-17
-49.3175 0.337614 -1.38465e-17
-49.3646 0.33247 -1.36356e-17
-49.4149 0.327066 -1.34139e-17
-49.4674 0.321474 -1.31846e-17
-49.5216 0.315759 -1.29502e-17
-49.5767 0.309998 -1.27139e-17
-49.6316 0.304277 -1.24793e-17
-49.6856 0.298692 -1.22502e-17
-49.7376 0.293332 -1.20304e-17
-49.7865 0.288276 -1.1823e-17
-49.8318 0.283583 -1.16306e-17
-49.8729 0.2793 -1.14549e-17
-49.9093 0.275467 -1.12977e-17
-49.9408 0.272109 -1.116e-17
-49.9674 0.26922 -1.10415e-17
-49.9895 0.266775 -1.09412e-17
-50.0072 0.264748 -1.08581e-17
-50.0209 0.263111 -1.07909e-17
-50.0307 0.26184 -1.07388e-17
-50.0368 0.260915 -1.07009e-17
-50.0395 0.260312 -1.06762e-17
-50.0387 0.260032 -1.06647e-17
-50.034 0.260121 -1.06683e-17
-50.0244 0.260652 -1.06901e-17
-50.0093 0.261696 -1.07329e-17
-49.9876 0.263335 -1.08001e-17
-49.9581 0.265682 -1.08964e-17
-49.9195 0.268862 -1.10268e-17
-49.8703 0.272994 -1.11963e-17
-49.81 0.278137 -1.14072e-17
-49.7393 0.284225 -1.16569e-17
-49.6596 0.291124 -1.19398e-17
-49.5725 0.298697 -1.22504e-17
-49.48 0.306749 -1.25807e-17
-49.3858 0.314962 -1.29175e-17
-49.2939 0.322959 -1.32455e-17
-49.2086 0.330366 -1.35492e-17
-49.1338 0.336818 -1.38139e-17
-49.0735 0.341958 -1.40247e-17
-49.0315 0.345441 -1.41675e-17
-49.0116 0.346937 -1.42289e-17
-49.017 0.34615 -1.41966e-17
-49.0504 0.342844 -1.4061e-17
-49.1141 0.336817 -1.38139e-17
-49.2102 0.327892 -1.34478e-17
-49.34 0.315963 -1.29586e-17
-49.5031 0.301061 -1.23474e-17
-49.6986 0.283296 -1.16188e-17
-49.9252 0.262792 -1.07778e-17
-50.1809 0.239734 -9.83217e-18
-50.4626 0.214425 -8.79421e-18
-50.7664 0.187232 -7.67892e-18
-51.0883 0.158517 -6.50124e-18
-51.4244 0.12866 -5.27672e-18
-51.7702 0.0980727 -4.02224e-18
-52.1211 0.0671759 -2.75508e-18
-52.4727 0.0363735 -1.49178e-18
-52.8212 0.00603679 -2.47586e-19
-53.163 -0.0235111 9.64256e-19
-53.4948 -0.0519859 2.13209e-18
-53.8138 -0.0791308 3.24538e-18
-54.1178 -0.104744 4.29587e-18
-54.4056 -0.128652 5.27639e-18
-54.6761 -0.150821 6.18561e-18
-54.9292 -0.171271 7.0243e-18
-55.1646 -0.189987 7.7919e-18
-55.3832 -0.20705 8.49173e-18
-55.5858 -0.222564 9.128e-18
-55.7738 -0.236656 9.70594e-18
-55.9486 -0.249459 1.0231e-17
-56.1113 -0.2611 1.07085e-17
-56.263 -0.27171 1.11436e-17
-56.4057 -0.281426 1.15421e-17
-56.54 -0.290355 1.19083e-17
-56.6661 -0.298553 1.22445e-17
-56.7844 -0.306052 1.25521e-17
-56.8947 -0.312875 1.28319e-17
-56.9982 -0.319085 1.30866e-17
-57.0935 -0.324617 1.33135e-17
-57.1795 -0.32937 1.35084e-17
-57.2556 -0.333303 1.36697e-17
-57.3209 -0.336332 1.3794e-17
-57.3745 -0.338387 1.38782e-17
-57.4153 -0.339381 1.3919e-17
-57.4424 -0.339228 1.39127e-17
-57.4549 -0.337851 1.38562e-17
-57.4522 -0.335202 1.37476e-17
-57.434 -0.331247 1.35854e-17
-57.3999 -0.325951 1.33682e-17
-57.3503 -0.319298 1.30953e-17
-57.2853 -0.311336 1.27688e-17
-57.2053 -0.302136 1.23915e-17
-57.1113 -0.291765 1.19661e-17
-57.0041 -0.280317 1.14966e-17
-56.8854 -0.267927 1.09885e-17
-56.7568 -0.25476 1.04485e-17
-56.6201 -0.240973 9.883e-18
-56.4772 -0.226735 9.29906e-18
-56.3301 -0.212233 8.70429e-18
-56.1809 -0.197662 8.10671e-18
-56.0323 -0.18321 7.51399e-18
-55.8856 -0.169044 6.933e-18
-55.7422 -0.155301 6.36932e-18
-55.6033 -0.14209 5.82752e-18
-55.47 -0.129513 5.3117e-18
-55.3431 -0.117641 4.82479e-18
-55.2229 -0.106496 4.36769e-18
-55.1091 -0.0960675 3.94e-18
-55.002 -0.086334 3.54081e-18
-54.9008 -0.0772516 3.16831e-18
-54.8046 -0.0687437 2.81938e-18
-54.7124 -0.0607129 2.49001e-18
-54.6229 -0.0530505 2.17575e-18
-54.5354 -0.0456756 1.87329e-18
-54.4497 -0.0385742 1.58204e-18
-54.3661 -0.0317643 1.30274e-18
-54.2848 -0.0252545 1.03576e-18
-54.2063 -0.0190905 7.82957e-19
-54.1321 -0.013405 5.49779e-19
-54.0643 -0.00837154 3.43341e-19
-54.0047 -0.0041525 1.70306e-19
-53.9552 -0.000900481 3.69313e-20
-53.9174 0.00123827 -5.07849e-20
-53.8929 0.00212745 -8.72527e-20
-53.8833 0.00164347 -6.74034e-20
-53.8896 -0.000296673 1.21674e-20
-53.9121 -0.00370632 1.52007e-19
-53.9506 -0.00855757 3.50971e-19
-54.005 -0.0148139 6.0756e-19
-54.0745 -0.0224044 9.18868e-19
-54.1578 -0.0311955 1.27942e-18
-54.2533 -0.0410213 1.6824e-18
-54.3594 -0.0517171 2.12107e-18
-54.474 -0.0630954 2.58773e-18
-54.5947 -0.0749179 3.0726e-18
-54.7188 -0.0869262 3.56509e-18
-54.8438 -0.0988765 4.05521e-18
-54.9668 -0.110519 4.53272e-18
-55.085 -0.121578 4.98627e-18
-55.1953 -0.131773 5.40441e-18
-55.2949 -0.140852 5.77675e-18
-55.3816 -0.148617 6.09522e-18
-55.4543 -0.154961 6.35541e-18
-55.5123 -0.159837 6.55538e-18
-55.5554 -0.163226 6.69438e-18
-55.5841 -0.165193 6.77506e-18
-55.6006 -0.165943 6.80582e-18
-55.6079 -0.165765 6.79851e-18
-55.6092 -0.164964 6.76565e-18
-55.608 -0.163879 6.72113e-18
-55.6084 -0.162898 6.68092e-18
-55.6148 -0.162437 6.66202e-18
-55.6315 -0.162908 6.68132e-18
-55.6628 -0.164715 6.75545e-18
-55.7128 -0.168257 6.9007e-18
-55.786 -0.173914 7.1327e-18
-55.8857 -0.182044 7.46615e-18
-56.0153 -0.192962 7.91392e-18
-56.178 -0.206916 8.48622e-18
-56.3754 -0.224101 9.19105e-18
-56.609 -0.244681 1.00351e-17
-56.8801 -0.268771 1.10231e-17
-57.1894 -0.296443 1.2158e-17
-57.5373 -0.327724 1.34409e-17
-57.9237 -0.3626 1.48713e-17
-58.3479 -0.401007 1.64464e-17
-58.8086 -0.442808 1.81608e-17
-59.3037 -0.487818 2.00068e-17
-59.8311 -0.535819 2.19755e-17
-60.3879 -0.586538 2.40556e-17
-60.9703 -0.639619 2.62326e-17
-61.5744 -0.69465 2.84896e-17
-62.1955 -0.751216 3.08095e-17
-62.8287 -0.808868 3.3174e-17
-63.4688 -0.867107 3.55626e-17
-64.1101 -0.925414 3.79539e-17
-64.7473 -0.983276 4.0327e-17
-65.3747 -1.04018 4.26606e-17
-65.9865 -1.09557 4.49326e-17
-66.577 -1.14893 4.71208e-17
-67.1406 -1.19973 4.92043e-17
-67.6724 -1.24752 5.11645e-17
-68.1681 -1.29193 5.29859e-17
-68.6245 -1.33265 5.46559e-17
-69.0388 -1.36941 5.61635e-17
-69.4086 -1.40202 5.75008e-17
-69.7328 -1.4304 5.86646e-17
-70.0115 -1.45454 5.96551e-17
-70.2448 -1.47451 6.04737e-17
-70.4339 -1.49037 6.11245e-17
-70.5802 -1.50232 6.16144e-17
-70.6861 -1.51056 6.19523e-17
-70.7541 -1.51533 6.2148e-17
-70.7865 -1.51687 6.22112e-17
-70.785 -1.51535 6.21489e-17
-70.7512 -1.51093 6.19676e-17
-70.6868 -1.50377 6.16739e-17
-70.5933 -1.49403 6.12746e-17
-70.4726 -1.48189 6.07766e-17
-70.3263 -1.46751 6.01867e-17
-70.1561 -1.45105 5.95117e-17
-69.9636 -1.43266 5.87574e-17
-69.7498 -1.41244 5.79282e-17
-69.516 -1.39048 5.70277e-17
-69.2628 -1.36686 5.6059e-17
-68.991 -1.34166 5.50254e-17
-68.7016 -1.31496 5.39303e-17
-68.396 -1.28684 5.27771e-17
-68.0748 -1.2574 5.15695e-17
-67.7389 -1.22671 5.03108e-17
-67.3891 -1.19484 4.90039e-17
-67.0264 -1.16188 4.76522e-17
-66.6517 -1.1279 4.62584e-17
-66.2658 -1.09297 4.48259e-17
-65.8698 -1.05718 4.33578e-17
-65.4646 -1.02059 4.18574e-17
-65.0513 -0.983308 4.03283e-17
-64.6309 -0.945417 3.87743e-17
-64.2047 -0.907031 3.72e-17
-63.7742 -0.868274 3.56104e-17
-63.3408 -0.829273 3.40109e-17
-62.9057 -0.790127 3.24054e-17
-62.4691 -0.750872 3.07954e-17
-62.0312 -0.711511 2.91811e-17
-61.5921 -0.67205 2.75627e-17
-61.1523 -0.632482 2.59399e-17
-60.7108 -0.592757 2.43107e-17
-60.2664 -0.552813 2.26725e-17
-59.8187 -0.512587 2.10227e-17
-59.3666 -0.472015 1.93587e-17
-58.9094 -0.431013 1.76771e-17
-58.4463 -0.389492 1.59742e-17
-57.9761 -0.347368 1.42466e-17
-57.4978 -0.3046 1.24925e-17
-57.0123 -0.261247 1.07145e-17
-56.5205 -0.217412 8.91669e-18
-56.0235 -0.173198 7.10334e-18
-55.5224 -0.128727 5.27947e-18
-55.0192 -0.0841688 3.452e-18
-54.5157 -0.0397097 1.62861e-18
-54.0139 0.00447564 -1.83559e-19
-53.5152 0.0482468 -1.97874e-18
-53.0205 0.0915194 -3.75348e-18
-52.5303 0.134247 -5.50587e-18
-52.045 0.176402 -7.23476e-18
-51.5646 0.217977 -8.93985e-18
-51.0903 0.258913 -1.06188e-17
-50.6209 0.299279 -1.22743e-17
-50.1553 0.339191 -1.39112e-17
-49.6934 0.37866 -1.55299e-17
-49.235 0.41771 -1.71315e-17
-48.7805 0.45633 -1.87154e-17
-48.3299 0.494527 -2.0282e-17
-47.8837 0.532267 -2.18298e-17
-47.4433 0.569427 -2.33539e-17
-47.0108 0.605844 -2.48474e-17
-46.5882 0.641352 -2.63037e-17
-46.1774 0.675865 -2.77192e-17
-45.7807 0.709148 -2.90842e-17
-45.4003 0.740936 -3.03879e-17
-45.0388 0.771065 -3.16236e-17
-44.6983 0.799314 -3.27822e-17
-44.3814 0.82548 -3.38553e-17
-44.0905 0.849342 -3.4834e-17
-43.828 0.870688 -3.57094e-17
-43.5962 0.889331 -3.6474e-17
-43.3966 0.905127 -3.71219e-17
-43.2306 0.917963 -3.76483e-17
-43.0993 0.927727 -3.80488e-17
-43.0043 0.934299 -3.83183e-17
-42.9471 0.937525 -3.84506e-17
-42.9296 0.937239 -3.84389e-17
-42.9535 0.933284 -3.82767e-17
-43.0202 0.925539 -3.7959e-17
-43.1303 0.913941 -3.74834e-17
-43.2846 0.898473 -3.6849e-17
-43.4829 0.879116 -3.60551e-17
-43.7243 0.855914 -3.51035e-17
-44.0073 0.829017 -3.40004e-17
-44.3294 0.798632 -3.27542e-17
-44.6882 0.764984 -3.13742e-17
-45.0809 0.728318 -2.98704e-17
-45.5043 0.688913 -2.82543e-17
-45.9567 0.64707 -2.65382e-17
-46.4335 0.603102 -2.4735e-17
-46.9304 0.557321 -2.28573e-17
-47.4446 0.510038 -2.09181e-17
-47.9721 0.461567 -1.89302e-17
-48.5098 0.412222 -1.69064e-17
-49.0541 0.362301 -1.4859e-17
-49.6031 0.312047 -1.27979e-17
-50.1538 0.2617 -1.07331e-17
-50.703 0.21149 -8.67383e-18
-51.2488 0.161621 -6.62854e-18
-51.7905 0.112249 -4.60365e-18
-52.3259 0.0634957 -2.60414e-18
-52.853 0.0154905 -6.35308e-19
-53.3716 -0.0316514 1.29812e-18
-53.8795 -0.0778155 3.19144e-18
-54.3758 -0.122852 5.03853e-18
-54.8592 -0.166681 6.83605e-18
-55.3286 -0.209233 8.58126e-18
-55.7828 -0.250379 1.02688e-17
-56.2206 -0.290012 1.18942e-17
-56.6407 -0.328024 1.34532e-17
-57.0421 -0.364311 1.49414e-17
-57.4235 -0.398751 1.63539e-17
-57.7834 -0.431223 1.76857e-17
-58.1208 -0.461619 1.89323e-17
-58.4344 -0.489822 2.0089e-17
-58.7224 -0.515681 2.11496e-17
-58.9831 -0.539033 2.21073e-17
-59.2149 -0.559736 2.29564e-17
-59.4166 -0.577679 2.36923e-17
-59.5873 -0.592794 2.43122e-17
-59.7267 -0.605043 2.48145e-17
-59.8345 -0.614411 2.51988e-17
-59.9108 -0.620913 2.54655e-17
-59.956 -0.624599 2.56166e-17
-59.9711 -0.625544 2.56554e-17
-59.9568 -0.623843 2.55856e-17
-59.9147 -0.619629 2.54128e-17
-59.8466 -0.613091 2.51446e-17
-59.755 -0.604456 2.47905e-17
-59.6424 -0.593956 2.43599e-17
-59.5113 -0.581829 2.38625e-17
-59.3641 -0.568308 2.33079e-17
-59.2034 -0.553625 2.27058e-17
-59.0316 -0.53801 2.20653e-17
-58.8511 -0.521675 2.13954e-17
-58.6637 -0.504805 2.07035e-17
-58.4714 -0.487564 1.99964e-17
-58.2757 -0.470106 1.92804e-17
-58.0781 -0.452552 1.85605e-17
-57.8792 -0.434969 1.78393e-17
-57.6795 -0.417389 1.71183e-17
-57.4793 -0.399832 1.63983e-17
-57.2786 -0.382297 1.56791e-17
-57.0772 -0.36475 1.49594e-17
-56.8745 -0.347137 1.42371e-17
-56.6701 -0.329397 1.35095e-17
-56.4632 -0.311464 1.2774e-17
-56.2533 -0.293264 1.20276e-17
-56.0398 -0.274723 1.12672e-17
-55.8218 -0.255769 1.04898e-17
-55.5989 -0.236335 9.69277e-18
-55.3707 -0.216371 8.87399e-18
-55.137 -0.195841 8.03199e-18
-54.8975 -0.174701 7.16501e-18
-54.6524 -0.152942 6.2726e-18
-54.4023 -0.130629 5.35745e-18
-54.1483 -0.107843 4.42294e-18
-53.8919 -0.0846696 3.47255e-18
-53.6339 -0.061212 2.51048e-18
-53.3755 -0.0375801 1.54127e-18
-53.1192 -0.0138982 5.70004e-19
-52.8659 0.00969471 -3.97608e-19
-52.6166 0.0330661 -1.35614e-18
-52.373 0.056098 -2.30074e-18
-52.136 0.0786771 -3.22678e-18
-51.9073 0.10068 -4.12918e-18
-51.6888 0.121974 -5.00249e-18
-51.4813 0.14246 -5.8427e-18
-51.2855 0.162037 -6.64559e-18
-51.1029 0.180589 -7.40647e-18
-50.9348 0.197975 -8.11951e-18
-50.7839 0.213986 -8.7762e-18
-50.6525 0.228389 -9.36688e-18
-50.5439 0.240942 -9.88173e-18
-50.4599 0.25142 -1.03114e-17
-50.4022 0.259607 -1.06472e-17
-50.3735 0.265309 -1.08811e-17
-50.3753 0.268381 -1.10071e-17
-50.4098 0.268634 -1.10175e-17
-50.4785 0.265898 -1.09052e-17
-50.5832 0.260072 -1.06663e-17
-50.7242 0.251033 -1.02956e-17
-50.9025 0.238695 -9.78958e-18
-51.1189 0.222988 -9.14539e-18
-51.3738 0.203859 -8.36086e-18
-51.6675 0.181275 -7.43461e-18
-52.001 0.155162 -6.36363e-18
-52.3758 0.125357 -5.14125e-18
-52.7944 0.0916539 -3.75899e-18
-53.2602 0.0537657 -2.20509e-18
-53.7745 0.0115608 -4.74142e-19
-54.338 -0.0350629 1.43803e-18
-54.9534 -0.0863257 3.54047e-18
-55.622 -0.142352 5.83828e-18
-56.3453 -0.203272 8.33675e-18
-57.124 -0.269156 1.10389e-17
-57.9588 -0.340051 1.39465e-17
-58.8498 -0.415976 1.70604e-17
-59.7973 -0.496945 2.03811e-17
-60.8018 -0.583005 2.39107e-17
-61.864 -0.674203 2.7651e-17
-62.9842 -0.770561 3.16029e-17
-64.1623 -0.872072 3.57662e-17
-65.398 -0.978699 4.01393e-17
-66.6908 -1.09038 4.47196e-17
-68.0397 -1.20703 4.95036e-17
-69.4433 -1.32849 5.44854e-17
-70.8989 -1.45455 5.96552e-17
-72.4035 -1.58489 6.50007e-17
-73.9537 -1.7192 7.05093e-17
-75.5451 -1.85709 7.61646e-17
-77.1716 -1.99798 8.1943e-17
-78.8258 -2.14122 8.78175e-17
-80.5006 -2.28614 9.3761e-17
-82.1885 -2.43206 9.97456e-17
-83.8814 -2.57823 1.05741e-16
-85.5707 -2.7239 1.11715e-16
-87.2484 -2.86832 1.17638e-16
-88.9062 -3.01074 1.23479e-16
-90.535 -3.15036 1.29205e-16
-92.1258 -3.28636 1.34783e-16
-93.6701 -3.41799 1.40182e-16
-95.1605 -3.54458 1.45374e-16
-96.5923 -3.66573 1.50342e-16
-97.9618 -3.78111 1.55074e-16
-99.2661 -3.8905 1.59561e-16
-100.504 -3.99376 1.63796e-16
-101.674 -4.09092 1.67781e-16
-102.779 -4.18215 1.71522e-16
-103.821 -4.26764 1.75028e-16
-104.802 -4.3476 1.78308e-16
-105.723 -4.42227 1.8137e-16
-106.587 -4.49188 1.84225e-16
-107.396 -4.5567 1.86883e-16
-108.154 -4.61696 1.89355e-16
-108.862 -4.67288 1.91648e-16
-109.521 -4.72463 1.93771e-16
-110.134 -4.77239 1.9573e-16
-110.701 -4.81628 1.9753e-16
-111.223 -4.85628 1.9917e-16
-111.697 -4.89231 2.00648e-16
-112.124 -4.92426 2.01958e-16
-112.5 -4.95199 2.03096e-16
-112.824 -4.97528 2.04051e-16
-113.092 -4.99383 2.04811e-16
-113.301 -5.00736 2.05366e-16
-113.449 -5.01561 2.05705e-16
-113.532 -5.01842 2.0582e-16
-113.551 -5.01565 2.05706e-16
-113.503 -5.00718 2.05359e-16
-113.387 -4.99293 2.04774e-16
-113.204 -4.97286 2.03951e-16
-112.952 -4.94698 2.0289e-16
-112.633 -4.9153 2.01591e-16
-112.247 -4.87789 2.00057e-16
-111.795 -4.83486 1.98291e-16
-111.278 -4.78633 1.96301e-16
-110.699 -4.73247 1.94092e-16
-110.058 -4.67343 1.91671e-16
-109.358 -4.6094 1.89045e-16
-108.601 -4.54056 1.86221e-16
-107.789 -4.46709 1.83208e-16
-106.923 -4.38917 1.80013e-16
-106.006 -4.30697 1.76641e-16
-105.038 -4.22065 1.73101e-16
-104.023 -4.13034 1.69397e-16
-102.96 -4.03618 1.65536e-16
-101.851 -3.93827 1.6152e-16
-100.697 -3.83665 1.57352e-16
-99.4983 -3.7314 1.53035e-16
-98.2557 -3.62259 1.48573e-16
-96.9711 -3.51039 1.43971e-16
-95.6467 -3.39499 1.39238e-16
-94.2846 -3.27657 1.34382e-16
-92.8871 -3.15535 1.2941e-16
-91.4576 -3.03161 1.24335e-16
-89.9996 -2.90568 1.1917e-16
-88.5166 -2.77784 1.13927e-16
-87.0131 -2.6485 1.08623e-16
-85.4953 -2.5182 1.03279e-16
-83.9707 -2.3876 9.79223e-17
-82.4463 -2.25732 9.25791e-17
-80.9297 -2.12802 8.72763e-17
-79.4299 -2.00049 8.20459e-17
-77.9561 -1.87555 7.69216e-17
-76.5174 -1.75398 7.19358e-17
-75.1231 -1.6366 6.71217e-17
-73.7836 -1.52431 6.25165e-17
-72.5095 -1.41805 5.81583e-17
-71.311 -1.31869 5.40834e-17
-70.1978 -1.22708 5.03262e-17
-69.1793 -1.14403 4.69201e-17
-68.2646 -1.07032 4.38969e-17
-67.4621 -1.00666 4.12859e-17
-66.779 -0.953669 3.91127e-17
-66.2212 -0.911833 3.73969e-17
-65.7935 -0.881532 3.61542e-17
-65.4999 -0.863099 3.53982e-17
-65.3433 -0.856745 3.51376e-17
-65.3244 -0.862486 3.5373e-17
-65.4425 -0.880214 3.61001e-17
-65.6964 -0.909794 3.73133e-17
-66.084 -0.950979 3.90024e-17
-66.6006 -1.00332 4.11492e-17
-67.2405 -1.06628 4.37311e-17
-67.998 -1.13928 4.67252e-17
-68.8668 -1.22176 5.01077e-17
-69.8403 -1.31308 5.3853e-17
-70.9115 -1.4126 5.79349e-17
-72.0738 -1.51971 6.23278e-17
-73.3204 -1.6338 6.70068e-17
-74.6445 -1.75424 7.19466e-17
-76.0395 -1.88046 7.71229e-17
-77.4991 -2.01187 8.25125e-17
-79.0175 -2.14798 8.80949e-17
-80.59 -2.28839 9.38534e-17
-82.2127 -2.43275 9.97741e-17
-83.8817 -2.58076 1.05845e-16
-85.5941 -2.73217 1.12054e-16
-87.3476 -2.88682 1.18397e-16
-89.1407 -3.04461 1.24868e-16
-90.972 -3.20544 1.31464e-16
-92.8395 -3.36918 1.3818e-16
-94.7401 -3.53558 1.45005e-16
-96.6699 -3.70433 1.51925e-16
-98.6251 -3.87511 1.58929e-16
-100.6 -4.04749 1.65999e-16
-102.59 -4.22081 1.73108e-16
-104.586 -4.39428 1.80222e-16
-106.576 -4.56711 1.8731e-16
-108.551 -4.73841 1.94336e-16
-110.497 -4.90705 2.01252e-16
-112.403 -5.07179 2.08009e-16
-114.252 -5.23142 2.14556e-16
-116.034 -5.38469 2.20842e-16
-117.731 -5.53032 2.26814e-16
-119.328 -5.66697 2.32419e-16
-120.812 -5.79338 2.37603e-16
-122.168 -5.90836 2.42319e-16
-123.385 -6.01083 2.46522e-16
-124.45 -6.09979 2.5017e-16
-125.354 -6.17432 2.53227e-16
-126.087 -6.23362 2.55659e-16
-126.642 -6.27707 2.57441e-16
-127.012 -6.30417 2.58552e-16
-127.194 -6.31451 2.58976e-16
-127.183 -6.30785 2.58703e-16
-126.979 -6.28421 2.57734e-16
-126.584 -6.24377 2.56075e-16
-126 -6.18678 2.53738e-16
-125.23 -6.11363 2.50737e-16
-124.28 -6.02489 2.47098e-16
-123.158 -5.92129 2.42849e-16
-121.871 -5.80356 2.38021e-16
-120.427 -5.67251 2.32646e-16
-118.836 -5.52903 2.26761e-16
-117.107 -5.37407 2.20406e-16
-115.252 -5.20854 2.13617e-16
-113.278 -5.03334 2.06432e-16
-111.194 -4.84927 1.98883e-16
-109.01 -4.65708 1.91e-16
-106.731 -4.45747 1.82814e-16
-104.366 -4.25107 1.74349e-16
-101.92 -4.03843 1.65628e-16
-99.3995 -3.82002 1.5667e-16
-96.8082 -3.59627 1.47493e-16
-94.1505 -3.3675 1.38111e-16
-91.4321 -3.13396 1.28533e-16
-88.6537 -2.89581 1.18766e-16
-85.8157 -2.65317 1.08814e-16
-82.9206 -2.40611 9.86817e-17
-79.9739 -2.15474 8.8372e-17
-76.9745 -1.8991 7.78875e-17
-73.9208 -1.63925 6.72304e-17
-70.8163 -1.37525 5.64029e-17
-67.6636 -1.10721 4.541e-17
-64.4647 -0.835306 3.42583e-17
-61.2207 -0.559682 2.29542e-17
-57.9352 -0.280514 1.15047e-17
-54.6105 0.00200884 -8.23885e-20
-51.25 0.287669 -1.17981e-17
-47.8662 0.575638 -2.36086e-17
-44.4579 0.865903 -3.55132e-17
-41.0226 1.15927 -4.75451e-17
-37.5676 1.45485 -5.96676e-17
-34.0957 1.75191 -7.18508e-17
-30.6131 2.05026 -8.40871e-17
-27.1236 2.34938 -9.63548e-17
-23.6329 2.64892 -1.0864e-16
-20.1459 2.94838 -1.20922e-16
-16.6692 3.24723 -1.33178e-16
-13.2099 3.54482 -1.45383e-16
-9.77647 3.8404 -1.57506e-16
-6.37727 4.13322 -1.69515e-16
-3.02123 4.42247 -1.81378e-16
0.282474 4.70732 -1.93061e-16
3.5244 4.98691 -2.04527e-16
6.69509 5.26038 -2.15743e-16
9.78392 5.52689 -2.26674e-16
12.7828 5.78562 -2.37285e-16
15.6841 6.03577 -2.47544e-16
18.4789 6.27659 -2.57421e-16
21.1599 6.50736 -2.66886e-16
23.7203 6.72747 -2.75913e-16
26.1542 6.93636 -2.8448e-16
28.4541 7.13351 -2.92566e-16
30.6173 7.31854 -3.00155e-16
32.6419 7.49121 -3.07236e-16
34.526 7.65136 -3.13804e-16
36.2691 7.79892 -3.19856e-16
37.8709 7.93387 -3.25391e-16
39.3324 8.05628 -3.30411e-16
40.6552 8.1663 -3.34924e-16
41.8416 8.26412 -3.38935e-16
42.8942 8.34996 -3.42456e-16
43.8159 8.4241 -3.45497e-16
44.6102 8.48683 -3.48069e-16
45.2808 8.53848 -3.50188e-16
45.832 8.57943 -3.51867e-16
46.2687 8.61011 -3.53125e-16
46.5961 8.63098 -3.53981e-16
46.8199 8.64253 -3.54455e-16
46.9456 8.64527 -3.54568e-16
46.9741 8.63966 -3.54337e-16
46.9134 8.62615 -3.53783e-16
46.7694 8.60521 -3.52925e-16
46.5425 8.57733 -3.51781e-16
46.2433 8.54294 -3.50371e-16
45.876 8.50249 -3.48712e-16
45.4465 8.45645 -3.46824e-16
44.9624 8.40532 -3.44726e-16
44.4291 8.34966 -3.42444e-16
43.8544 8.29008 -3.4e-16
43.245 8.2272 -3.37421e-16
42.6079 8.1616 -3.34731e-16
41.948 8.09374 -3.31947e-16
41.2701 8.024 -3.29087e-16
40.5791 7.95282 -3.26168e-16
39.8794 7.88058 -3.23205e-16
39.1745 7.80757 -3.20211e-16
38.4672 7.73406 -3.17196e-16
37.7608 7.66032 -3.14172e-16
37.0583 7.58662 -3.11149e-16
36.361 7.51308 -3.08133e-16
35.67 7.43982 -3.05128e-16
34.9869 7.36696 -3.0214e-16
34.3131 7.29468 -2.99176e-16
33.6507 7.22315 -2.96242e-16
33.0015 7.15258 -2.93348e-16
32.3679 7.0832 -2.90503e-16
31.752 7.01526 -2.87716e-16
31.1555 6.94891 -2.84995e-16
30.5796 6.88432 -2.82346e-16
30.0256 6.82167 -2.79776e-16
29.4951 6.76112 -2.77293e-16
28.9897 6.70287 -2.74904e-16
28.511 6.64712 -2.72618e-16
28.0605 6.59406 -2.70442e-16
27.6402 6.54392 -2.68385e-16
27.2536 6.49707 -2.66464e-16
26.9047 6.45392 -2.64694e-16
26.5971 6.41485 -2.63091e-16
26.3349 6.38027 -2.61673e-16
26.124 6.35077 -2.60464e-16
25.971 6.32698 -2.59488e-16
25.8815 6.30946 -2.58769e-16
25.8612 6.29874 -2.5833e-16
25.9164 6.29544 -2.58194e-16
26.0537 6.30017 -2.58388e-16
26.2782 6.31342 -2.58932e-16
26.5945 6.33561 -2.59842e-16
27.0071 6.36715 -2.61135e-16
27.5196 6.40836 -2.62825e-16
28.1343 6.45947 -2.64922e-16
28.853 6.5206 -2.67429e-16
29.6768 6.59184 -2.70351e-16
30.6062 6.67321 -2.73688e-16
31.6404 6.76461 -2.77436e-16
32.7775 6.86582 -2.81587e-16
34.0142 6.9765 -2.86127e-16
35.346 7.09623 -2.91037e-16
36.7678 7.22448 -2.96297e-16
38.2743 7.36073 -3.01885e-16
39.8611 7.50452 -3.07782e-16
41.524 7.65543 -3.13971e-16
43.2582 7.81298 -3.20433e-16
45.0589 7.97667 -3.27146e-16
46.921 8.14602 -3.34092e-16
48.8395 8.32052 -3.41249e-16
50.8091 8.49967 -3.48596e-16
52.8246 8.68293 -3.56112e-16
54.8807 8.86982 -3.63777e-16
56.9722 9.05982 -3.7157e-16
59.0939 9.25246 -3.7947e-16
61.2403 9.4472 -3.87457e-16
63.405 9.64347 -3.95506e-16
65.5813 9.84063 -4.03593e-16
67.7627 10.0381 -4.11692e-16
69.9431 10.2353 -4.19781e-16
72.1164 10.4318 -4.27838e-16
74.277 10.6269 -4.35841e-16
76.4196 10.8203 -4.43773e-16
78.5393 11.0115 -4.51614e-16
80.6323 11.2002 -4.59352e-16
82.695 11.386 -4.66974e-16
84.7244 11.5688 -4.74469e-16
86.7172 11.7482 -4.81827e-16
88.67 11.9239 -4.89035e-16
90.5792 12.0958 -4.96082e-16
92.4418 12.2653 -1.09222e-15
94.2509 12.4323 -1.09913e-15
96.0061 12.5944 -1.10584e-15
97.7039 12.7513 -1.11234e-15
99.3405 12.9026 -1.1186e-15
100.912 13.048 -1.12462e-15
102.414 13.1871 -1.13038e-15
103.843 13.3195 -1.13586e-15
105.181 13.429 -1.0257e-15
106.406 13.553 -1.12234e-15
107.544 13.6638 -9.80697e-16
108.592 13.7674 -4.05679e-16
109.544 13.8618 -1.07527e-15
110.393 13.9463 -8.03736e-16
111.134 14.0204 -4.629e-16
111.761 14.0833 -5.22662e-16
112.266 14.1372 -5.22165e-16
112.645 14.1782 -5.21345e-16
112.892 14.2057 -5.21175e-16
113.002 14.2193 -5.20981e-16
112.97 14.2126 -6.66756e-16
112.789 14.1988 -6.66189e-16
112.454 14.1715 -6.65067e-16
111.964 14.1304 -6.63381e-16
111.318 14.0754 -6.61128e-16
110.515 14.0067 -6.58308e-16
109.558 13.9242 -6.54926e-16
108.448 13.8282 -6.50991e-16
107.187 13.7191 -6.46514e-16
105.78 13.5971 -6.4151e-16
104.23 13.4626 -6.35994e-16
102.542 13.3161 -6.29985e-16
100.721 13.158 -6.23502e-16
98.772 12.9889 -6.16566e-16
96.7025 12.8094 -6.09206e-16
94.5202 12.6203 -6.0145e-16
92.233 12.4223 -5.9333e-16
89.8484 12.2161 -5.84873e-16
87.3738 12.0024 -5.76109e-16
84.8163 11.7818 -5.67062e-16
82.1825 11.555 -5.5776e-16
79.4787 11.3225 -5.48223e-16
76.7097 11.0847 -5.38471e-16
73.8788 10.8421 -5.28519e-16
70.9907 10.5949 -5.18381e-16
68.049 10.3434 -5.08067e-16
65.0558 10.0878 -4.97586e-16
62.0132 9.8283 -4.86942e-16
58.9225 9.56491 -4.76139e-16
55.7851 9.29772 -4.65181e-16
52.6021 9.02678 -4.54069e-16
49.3743 8.75212 -4.42805e-16
46.1026 8.47376 -4.31388e-16
42.7883 8.19175 -4.19822e-16
39.4337 7.90623 -4.08112e-16
36.0417 7.61742 -3.96267e-16
32.6154 7.32553 -3.84296e-16
29.1577 7.03077 -3.72207e-16
25.6717 6.73336 -3.60009e-16
22.1606 6.43354 -3.47713e-16
18.6278 6.13156 -3.35328e-16
15.0776 5.82776 -3.22868e-16
11.5151 5.52256 -3.10351e-16
7.94645 5.21646 -2.97797e-16
4.37795 4.91002 -2.85229e-16
0.81605 4.60378 -2.72669e-16
-2.73314 4.29827 -2.60139e-16
-6.26354 3.99401 -2.47661e-16
-9.76866 3.69159 -2.35257e-16
-13.2414 3.39163 -2.22955e-16
-16.6735 3.09487 -2.10784e-16
-20.0565 2.80208 -1.98776e-16
-23.3813 2.51408 -1.86965e-16
-26.6394 2.23166 -1.75381e-16
-29.8232 1.9555 -1.64055e-16
-32.9257 1.68626 -1.53013e-16
-35.9399 1.42459 -1.42281e-16
-38.8585 1.17116 -1.31888e-16
-41.6738 0.926699 -1.21861e-16
-44.378 0.691919 -1.12232e-16
-46.9637 0.467525 -1.03029e-16
-49.4243 0.254136 -9.42775e-17
-51.7544 0.0522488 -8.59976e-17
-53.95 -0.137731 -7.8206e-17
-56.0073 -0.31545 -7.09172e-17
-57.9234 -0.480634 -6.41425e-17
-59.6967 -0.633111 -5.7889e-17
-61.3265 -0.772797 -5.21601e-17
-62.8125 -0.899668 -4.69567e-17
-64.1557 -1.01378 -4.22766e-17
-65.3578 -1.1153 -3.81132e-17
-66.422 -1.20425 -3.44649e-17
-67.3511 -1.28105 -3.13152e-17
-68.1493 -1.34622 -2.86422e-17
-68.8211 -1.40008 -2.64336e-17
-69.3714 -1.44309 -2.46695e-17
-69.8056 -1.47573 -2.33307e-17
-70.1316 -1.49865 -2.23907e-17
-70.3537 -1.5123 -2.18309e-17
-70.4766 -1.5171 -2.16339e-17
-70.5077 -1.5137 -2.17734e-17
-70.4531 -1.50267 -2.22258e-17
-70.3207 -1.48469 -2.29634e-17
-70.1178 -1.46042 -2.39587e-17
-69.8525 -1.43058 -2.51827e-17
-69.5329 -1.39589 -2.66053e-17
-69.1677 -1.35712 -2.81952e-17
-68.7659 -1.31507 -2.99198e-17
-68.3364 -1.27054 -3.17463e-17
-67.8885 -1.22433 -3.36415e-17
-67.4317 -1.17729 -3.55707e-17
-66.9758 -1.13028 -3.74986e-17
-66.5336 -1.08419 -3.93889e-17
-66.1185 -1.03982 -4.12086e-17
-65.7342 -0.998009 -4.29235e-17
-65.3894 -0.95957 -4.45e-17
-65.1013 -0.925297 -4.59056e-17
-64.8723 -0.896021 -4.71063e-17
-64.7086 -0.872513 -4.80704e-17
-64.6205 -0.855537 -4.87667e-17
-64.6152 -0.845818 -4.91653e-17
-64.7013 -0.844026 -4.92388e-17
-64.8843 -0.850703 -4.89649e-17
-65.1703 -0.866326 -4.83242e-17
-65.564 -0.891342 -4.72982e-17
-66.0709 -0.926181 -4.58694e-17
-66.6954 -0.971258 -4.40206e-17
-67.4424 -1.02697 -4.17358e-17
-68.3159 -1.09369 -3.89994e-17
-69.3195 -1.1717 -3.57998e-17
-70.4548 -1.26115 -3.21312e-17
-71.7224 -1.36209 -2.79915e-17
-73.1227 -1.47454 -2.33795e-17
-74.6561 -1.59853 -1.82942e-17
-76.323 -1.7341 -1.27342e-17
-78.1238 -1.88128 -6.69813e-18
-80.0585 -2.04007 -1.8562e-19
-82.1266 -2.21043 6.8015e-18
-84.3264 -2.39223 1.42575e-17
-86.6556 -2.58526 2.21742e-17
-89.1118 -2.7893 3.05424e-17
-91.6922 -3.00413 3.93533e-17
-94.3947 -3.22956 4.8599e-17
-97.2169 -3.4654 5.82715e-17
-100.156 -3.71144 6.83623e-17
-103.21 -3.9674 7.88597e-17
-106.372 -4.23285 8.97468e-17
-109.638 -4.50732 1.01004e-16
-113.002 -4.79029 1.12609e-16
-116.457 -5.08126 1.24542e-16
-119.998 -5.3797 1.36782e-16
-123.62 -5.6851 1.49307e-16
-127.315 -5.99692 1.62096e-16
-131.078 -6.31462 1.75126e-16
-134.901 -6.63756 1.88371e-16
-138.777 -6.9651 2.01804e-16
-142.699 -7.29659 2.15399e-16
-146.659 -7.63134 2.29129e-16
-150.649 -7.96862 2.42961e-16
-154.659 -8.30765 2.56866e-16
-158.681 -8.64767 2.70811e-16
-162.707 -8.9879 2.84765e-16
-166.727 -9.32756 2.98695e-16
-170.733 -9.66584 3.12569e-16
-174.715 -10.002 3.26355e-16
-178.665 -10.3352 3.40021e-16
-182.575 -10.6648 3.53539e-16
-186.437 -10.9901 3.66882e-16
-190.244 -11.3105 3.80023e-16
-193.988 -11.6254 3.92938e-16
-197.664 -11.9343 4.05605e-16
-201.381 -12.2375 6.48825e-16
-205.43 -12.5404 6.61905e-16
-209.393 -12.836 6.74668e-16
-213.248 -13.1117 4.91134e-16
-216.977 -13.3899 5.02479e-16
-222.076 -13.6696 8.99905e-16
-226.916 -13.9363 1.14883e-15
-231.6 -14.1975 1.07718e-15
-236.124 -14.4493 1.09488e-15
-240.379 -14.6873 1.08383e-15
-244.486 -14.9168 1.49358e-15
-248.438 -15.137 6.91585e-16
-252.828 -15.353 9.6651e-16
-257.085 -15.5155 2.87823e-14
-260.819 -15.6403 -5.1683e-14
-264.466 -15.7659 1.6492e-15
-267.942 -15.8849 1.48925e-15
-271.261 -15.9985 2.06078e-15
-274.326 -16.1031 3.52377e-14
-277.235 -16.2031 9.96594e-16
-279.995 -16.298 1.49901e-15
-282.59 -16.3872 1.3706e-15
-285.009 -16.4704 1.08154e-15
-287.215 -16.546 1.68653e-15
-289.213 -16.6146 1.66158e-15
-291.02 -16.6762 1.79944e-15
-292.625 -16.7305 2.06339e-15
-294.022 -16.7773 -4.20382e-15
-295.205 -16.8162 1.5353e-15
-296.166 -16.8469 1.5569e-15
-296.9 -16.8692 1.7631e-15
-297.402 -16.8828 1.77655e-15
-297.667 -16.8888 1.77746e-15
-297.691 -16.8844 1.77731e-15
-297.586 -16.8699 1.88414e-15
-297.353 -16.8467 1.88319e-15
-296.977 -16.8111 1.88173e-15
-296.459 -16.7631 1.87976e-15
-295.799 -16.7028 1.87729e-15
-294.999 -16.6304 1.87432e-15
-294.063 -16.5461 1.87086e-15
-292.995 -16.4503 1.86693e-15
-291.801 -16.3435 1.86255e-15
-290.485 -16.2261 1.85774e-15
-289.055 -16.0989 1.85252e-15
-287.519 -15.9624 1.84692e-15
-285.883 -15.8174 1.84097e-15
-284.156 -15.6645 1.8347e-15
-282.346 -15.5045 1.82814e-15
-280.462 -15.338 1.82131e-15
-278.512 -15.166 1.81426e-15
-276.502 -14.989 1.807e-15
-274.442 -14.8077 1.79956e-15
-272.338 -14.6227 1.79198e-15
-270.197 -14.4348 1.78427e-15
-268.026 -14.2443 1.77646e-15
-265.829 -14.0518 1.76856e-15
-263.612 -13.8578 1.76061e-15
-261.381 -13.6628 1.75261e-15
-259.141 -13.4672 1.74458e-15
-256.898 -13.2715 1.73656e-15
-254.658 -13.0764 1.72856e-15
-252.427 -12.8822 1.72059e-15
-250.21 -12.6896 1.71269e-15
-248.014 -12.499 1.70488e-15
-245.844 -12.311 1.69717e-15
-243.706 -12.1261 1.68958e-15
-241.606 -11.9448 1.68215e-15
-239.551 -11.7677 1.67488e-15
-237.545 -11.5953 1.66781e-15
-235.595 -11.4281 1.66096e-15
-233.707 -11.2667 1.65434e-15
-231.886 -11.1117 1.64798e-15
-230.14 -10.9634 1.6419e-15
-228.472 -10.8225 1.63612e-15
-226.887 -10.6894 1.63066e-15
-225.391 -10.5644 1.62553e-15
-223.988 -10.448 1.62076e-15
-222.68 -10.3404 1.61635e-15
-221.471 -10.242 1.61231e-15
-220.364 -10.153 1.60866e-15
-219.362 -10.0736 1.6054e-15
-218.465 -10.0039 1.60255e-15
-217.674 -9.94405 1.60009e-15
-216.991 -9.89403 1.59804e-15
-216.413 -9.8538 1.59639e-15
-215.941 -9.82318 1.59513e-15
-215.57 -9.80183 1.59426e-15
-215.294 -9.78925 1.59374e-15
-215.109 -9.78492 1.59356e-15
-215.007 -9.78824 1.5937e-15
-214.982 -9.79858 1.59412e-15
-215.026 -9.81522 1.59481e-15
-215.132 -9.83744 1.59572e-15
-215.291 -9.86448 1.59683e-15
-215.495 -9.89552 1.5981e-15
-215.733 -9.92972 1.5995e-15
-215.998 -9.96624 1.601e-15
-216.28 -10.0042 1.60256e-15
-216.57 -10.0429 1.60414e-15
-216.859 -10.0813 1.60572e-15
-217.137 -10.1187 1.60725e-15
-217.396 -10.1543 1.60871e-15
-217.628 -10.1873 1.61007e-15
-217.824 -10.2169 1.61128e-15
-217.976 -10.2425 1.61233e-15
-218.077 -10.2634 1.61319e-15
-218.121 -10.279 1.61383e-15
-218.102 -10.2889 1.61423e-15
-218.014 -10.2925 1.61438e-15
-217.854 -10.2895 1.61426e-15
-217.618 -10.2796 1.61385e-15
-217.303 -10.2626 1.61316e-15
-216.908 -10.2384 1.61216e-15
-216.431 -10.2068 1.61087e-15
-215.869 -10.1676 1.60926e-15
-215.221 -10.1207 1.60734e-15
-214.484 -10.066 1.60509e-15
-213.659 -10.0034 1.60253e-15
-212.744 -9.93299 1.59964e-15
-211.741 -9.85475 1.59643e-15
-210.651 -9.76881 1.5929e-15
-209.472 -9.67525 1.58907e-15
-208.207 -9.57405 1.58492e-15
-206.854 -9.46518 1.58045e-15
-205.413 -9.34858 1.57567e-15
-203.881 -9.22417 1.57057e-15
-202.256 -9.09164 1.56513e-15
-200.534 -8.95064 1.55935e-15
-198.711 -8.8008 1.5532e-15
-196.78 -8.64175 1.54668e-15
-194.741 -8.47301 1.53976e-15
-192.585 -8.29405 1.53242e-15
-190.306 -8.10443 1.52464e-15
-187.899 -7.90367 1.51641e-15
-185.359 -7.69134 1.5077e-15
-182.681 -7.46705 1.4985e-15
-179.864 -7.23044 1.4888e-15
-176.903 -6.98123 1.47858e-15
-173.795 -6.71925 1.46783e-15
-170.54 -6.44442 1.45656e-15
-167.137 -6.15672 1.44476e-15
-163.586 -5.85619 1.43244e-15
-159.889 -5.54295 1.41959e-15
-156.047 -5.21722 1.40623e-15
-152.065 -4.87924 1.39237e-15
-147.945 -4.52933 1.37802e-15
-143.691 -4.16786 1.36319e-15
-139.307 -3.79528 1.34791e-15
-134.8 -3.41206 1.3322e-15
-130.175 -3.01868 1.31606e-15
-125.436 -2.61561 1.29953e-15
-120.589 -2.20333 1.28262e-15
-115.64 -1.78232 1.26535e-15
-110.596 -1.35303 1.24775e-15
-105.461 -0.915968 1.22982e-15
-100.239 -0.471598 1.2116e-15
-94.939 -0.0203899 1.19309e-15
-89.5788 0.436409 1.17436e-15
-84.1562 0.899424 1.15537e-15
-78.6658 1.36835 1.13614e-15
-73.1209 1.84168 1.11672e-15
-67.5255 2.31927 1.09714e-15
-61.8911 2.8 1.07742e-15
-56.2282 3.28302 1.05761e-15
-50.5477 3.76736 1.03775e-15
-44.8612 4.252 1.01787e-15
-39.1825 4.73579 9.98028e-16
-33.5255 5.2175 9.78272e-16
-27.9029 5.69595 9.5865e-16
-22.3292 6.16992 9.39211e-16
-16.8184 6.63816 9.20007e-16
-11.3854 7.0994 9.0109e-16
-6.0441 7.55242 8.8251e-16
-0.8084 7.99601 8.64318e-16
4.30808 8.42899 8.4656e-16
9.29186 8.85021 8.29284e-16
14.1303 9.25856 8.12537e-16
18.8109 9.65298 7.9636e-16
23.3212 10.0324 7.80799e-16
27.6496 10.3958 7.65893e-16
31.7851 10.7423 7.51683e-16
35.7169 11.0709 7.38206e-16
39.4354 11.3808 7.25496e-16
42.9312 11.6713 7.13584e-16
46.1956 11.9415 7.02501e-16
49.2216 12.1909 6.92271e-16
52.0037 12.4191 6.82913e-16
54.5377 12.6257 6.7444e-16
56.8562 12.8106 -6.03695e-16
59.0315 12.9552 -6.10789e-16
60.7392 13.05 -3.68615e-16
62.1491 13.1266 -3.7252e-16
63.3177 13.1869 -3.7562e-16
64.2348 13.229 -3.77842e-16
64.9148 13.2545 -3.79256e-16
65.3699 13.2642 -3.79904e-16
65.614 13.2593 -3.79839e-16
65.6606 13.2409 -3.79113e-16
65.5437 13.2003 -5.27176e-16
65.2846 13.1597 -5.2551e-16
64.8986 13.11 -5.23473e-16
64.4 13.0525 -5.21116e-16
63.804 12.9885 -5.18489e-16
63.1249 12.9191 -5.15645e-16
62.3773 12.8456 -5.1263e-16
61.5708 12.7686 -5.09469e-16
60.7081 12.6874 -5.06141e-16
59.7993 12.6029 -5.02676e-16
58.8576 12.5164 -4.99126e-16
57.8926 12.4285 -4.95521e-16
56.9147 12.3402 -4.91899e-16
55.9319 12.252 -4.88286e-16
54.9525 12.1649 -4.8471e-16
53.9837 12.0792 -4.81196e-16
53.0323 11.9955 -4.77765e-16
52.1041 11.9143 -4.74435e-16
51.2049 11.8361 -4.71226e-16
50.3398 11.7612 -4.68153e-16
49.5132 11.6899 -4.65229e-16
48.7294 11.6225 -4.62466e-16
47.9923 11.5594 -4.59877e-16
47.3061 11.5008 -4.57474e-16
46.6753 11.4471 -4.55271e-16
46.1047 11.3986 -4.53282e-16
45.5991 11.3557 -4.51523e-16
45.1633 11.3188 -4.5001e-16
44.802 11.2882 -4.48757e-16
44.5199 11.2644 -4.47779e-16
44.3219 11.2477 -4.47094e-16
44.2122 11.2384 -4.46714e-16
44.194 11.2369 -4.46651e-16
44.27 11.2433 -4.46912e-16
44.443 11.2578 -4.47508e-16
44.7146 11.2806 -4.48443e-16
45.0835 11.3115 -4.49711e-16
45.5474 11.3503 -4.51303e-16
46.104 11.3968 -4.53211e-16
46.7502 11.4508 -4.55422e-16
47.4806 11.5116 -4.57917e-16
48.2891 11.5788 -4.60673e-16
49.1699 11.6518 -4.63667e-16
50.116 11.73 -4.66876e-16
51.1184 11.8127 -4.70267e-16
52.167 11.8989 -4.73802e-16
53.2523 11.9878 -4.77448e-16
54.3655 12.0786 -4.81173e-16
55.3817 12.1525 -4.84201e-16
56.3229 12.2134 -4.867e-16
57.288 12.2771 -4.89315e-16
58.2422 12.3387 -4.91839e-16
59.1918 12.3993 -4.94326e-16
60.1326 12.4587 -4.9676e-16
61.0657 12.517 -4.99154e-16
61.9892 12.5743 -5.01503e-16
62.9043 12.6307 -5.03815e-16
63.8149 12.6866 -5.06107e-16
64.7382 12.7444 -5.0848e-16
65.7072 12.8048 -1.94983e-16
66.7885 12.8682 -1.98111e-16
67.8818 12.933 -2.01296e-16
68.9876 12.9991 -2.04544e-16
70.1103 13.0672 -2.07877e-16
71.2013 13.1304 -2.10993e-16
72.2433 13.1864 -2.13786e-16
73.2989 13.2436 -2.16637e-16
74.3997 13.3063 -2.19735e-16
75.5437 13.3744 -2.2307e-16
76.724 13.447 -2.2661e-16
77.9321 13.5003 -2.3673e-17
79.1589 13.5784 -1.27414e-16
80.4156 13.6633 -1.31491e-16
81.6981 13.7524 -1.35752e-16
83.0023 13.8404 6.09652e-17
84.3074 13.9382 2.3272e-16
85.611 14.0399 -3.35243e-16
86.9205 14.1447 -4.16042e-16
88.2314 14.2521 2.68093e-17
89.5376 14.3618 4.85748e-16
90.8331 14.4732 -4.83207e-16
92.1073 14.5856 4.82567e-15
93.3406 14.697 -1.89592e-16
94.5184 14.805 -3.03946e-16
96.0982 14.9132 9.23985e-17
97.591 15.0246 1.80804e-16
98.9513 15.1238 -1.59195e-16
100.192 15.2193 -5.97131e-16
101.296 15.3064 -4.10169e-16
102.251 15.3844 -1.87017e-16
103.043 15.4521 -3.84059e-16
103.632 15.5069 -4.7672e-16
104.048 15.5513 -6.3926e-16
104.261 15.5821 -2.92095e-16
104.256 15.5986 -2.74968e-16
104.101 15.6017 -2.75096e-16
103.783 15.5906 -2.74641e-16
103.294 15.5643 -2.73562e-16
102.625 15.5219 -2.71824e-16
101.766 15.4626 -2.69391e-16
100.709 15.3856 -2.66232e-16
99.4485 15.2902 -2.62317e-16
97.9776 15.1757 -2.57624e-16
96.2921 15.0418 -2.52134e-16
94.3892 14.8882 -2.45834e-16
92.2677 14.7148 -2.38718e-16
89.9279 14.5214 -2.30787e-16
87.3721 14.3083 -2.22048e-16
84.605 14.0759 -2.12517e-16
81.6337 13.8248 -2.02219e-16
78.4662 13.5558 -1.91185e-16
75.1123 13.2696 -1.7945e-16
71.5826 12.9674 -1.67055e-16
67.8891 12.6502 -1.54044e-16
64.0448 12.3191 -1.40465e-16
60.0632 11.9754 -1.26371e-16
55.958 11.6204 -1.11811e-16
51.7431 11.2554 -9.68393e-17
47.4331 10.8816 -8.15107e-17
43.0426 10.5005 -6.58802e-17
38.5852 10.1133 -5.00002e-17
34.0746 9.72128 -3.39217e-17
29.5244 9.32568 -1.76968e-17
24.9479 8.92773 -1.37606e-18
20.3577 8.52861 1.4993e-17
15.7659 8.12943 3.13648e-17
11.1841 7.73126 4.76947e-17
6.6236 7.33515 6.39405e-17
2.09441 6.94201 8.00642e-17
-2.39422 6.5527 9.60308e-17
-6.83353 6.16803 1.11807e-16
-11.2156 5.78872 1.27364e-16
-15.5341 5.41536 1.42676e-16
-19.7834 5.04846 1.57724e-16
-23.9586 4.68846 1.72489e-16
-28.0556 4.33573 1.86955e-16
-32.0711 3.99059 2.01111e-16
-36.0024 3.65326 2.14945e-16
-39.8475 3.32392 2.28452e-16
-43.6055 3.00267 2.41628e-16
-47.2765 2.68946 2.54474e-16
-50.8617 2.38419 2.66993e-16
-54.3629 2.0867 2.79194e-16
-57.7823 1.79678 2.91085e-16
-61.1223 1.51419 3.02675e-16
-64.3858 1.23866 3.13975e-16
-67.5761 0.969882 3.24998e-16
-70.6973 0.707491 3.3576e-16
-73.7537 0.451069 3.46276e-16
-76.7505 0.200153 3.56567e-16
-79.6929 -0.0457531 3.66653e-16
-82.5865 -0.28716 3.76553e-16
-85.437 -0.524581 3.86291e-16
-88.2498 -0.758537 3.95886e-16
-91.0309 -0.989567 4.05361e-16
-93.7862 -1.21822 4.14739e-16
-96.5222 -1.44445 4.24017e-16
-99.2461 -1.66922 4.33236e-16
-101.969 -1.89388 4.4245e-16
-104.692 -2.11838 4.51657e-16
-107.417 -2.34312 4.60874e-16
-110.151 -2.56869 4.70126e-16
-112.899 -2.79555 4.7943e-16
-115.666 -3.02418 4.88806e-16
-118.46 -3.25491 4.98269e-16
-121.281 -3.48793 5.07826e-16
-124.127 -3.72342 5.17484e-16
-127.007 -3.96153 5.2725e-16
-129.918 -4.20238 5.37128e-16
-132.858 -4.44609 5.47123e-16
-135.83 -4.69265 5.57235e-16
-138.832 -4.94207 5.67465e-16
-141.864 -5.1942 5.77805e-16
-144.926 -5.44883 5.88248e-16
-148.013 -5.70573 5.98785e-16
-151.122 -5.96464 6.09403e-16
-154.249 -6.22525 6.20092e-16
-157.395 -6.48722 6.30836e-16
-160.554 -6.75017 6.4162e-16
-163.718 -7.01378 6.52431e-16
-166.887 -7.2777 6.63256e-16
-170.058 -7.54162 6.7408e-16
-173.225 -7.80523 6.84891e-16
-176.386 -8.06821 6.95677e-16
-179.538 -8.33036 7.06428e-16
-182.679 -8.59149 7.17138e-16
-185.807 -8.85142 7.27798e-16
-188.922 -9.10996 7.38402e-16
-192.019 -9.36686 7.48938e-16
-195.096 -9.62185 7.59396e-16
-198.152 -9.8747 7.69766e-16
-201.182 -10.1252 7.80038e-16
-204.186 -10.373 7.90202e-16
-207.16 -10.6179 8.00249e-16
-210.103 -10.8599 8.1017e-16
-213.012 -11.0985 8.19958e-16
-215.885 -11.3336 8.29602e-16
-218.72 -11.565 8.3909e-16
-221.513 -11.7923 8.48414e-16
-224.263 -12.0155 8.57566e-16
-226.968 -12.2342 8.66537e-16
-229.626 -12.4484 8.75321e-16
-232.235 -12.6579 8.83915e-16
-234.796 -12.8628 8.92315e-16
-237.308 -13.0629 9.00522e-16
-239.773 -13.2584 9.08541e-16
-241.964 -13.4143 9.14937e-16
-243.875 -13.5298 9.19673e-16
-245.741 -13.6406 9.24215e-16
-247.567 -13.7476 9.28606e-16
-249.353 -13.8509 9.32841e-16
-251.202 -13.9519 1.33902e-15
-253.197 -14.0553 1.34278e-15
-255.167 -14.1566 1.34646e-15
-257.116 -14.2562 1.35009e-15
-259.055 -14.3548 1.35369e-15
-260.99 -14.4533 1.35729e-15
-262.932 -14.5523 1.36092e-15
-264.889 -14.6528 1.36461e-15
-266.892 -14.7582 1.3685e-15
-268.965 -14.8715 1.3727e-15
-271.107 -14.992 1.3772e-15
-273.335 -15.1221 1.38208e-15
-275.631 -15.259 1.38723e-15
-277.965 -15.399 1.39252e-15
-280.35 -15.5436 1.39799e-15
-282.697 -15.6809 1.40318e-15
-284.984 -15.8077 1.40795e-15
-287.299 -15.9361 1.4128e-15
-289.639 -15.9963 1.50423e-15
-293.021 -16.1403 1.5496e-15
-296.489 -16.2776 3.72878e-13
-300.038 -16.4222 2.31138e-13
-306.385 -16.6019 1.33617e-13
-313.05 -16.7925 -2.7828e-13
-319.802 -16.9838 1.21907e-13
-326.561 -17.1753 -6.24304e-14
-333.409 -17.3679 -1.44722e-12
-340.306 -17.5607 -4.69397e-13
-347.214 -17.7535 1.22937e-12
-354.096 -17.9955 7.4546e-11
-360.835 -18.1326 3.43166e-12
-367.522 -18.3174 1.96e-12
-371.264 -18.3338 2.26103e-12
-371.257 -18.2136 -1.86359e-12
-371.245 -17.9571 7.86879e-13
-371.205 -17.7776 2.44489e-12
-371.149 -17.6042 2.32926e-12
-371.078 -17.4372 1.76018e-12
-370.996 -17.2769 2.01987e-12
-370.904 -17.1239 2.18434e-12
-370.805 -16.9787 1.9427e-12
-370.702 -16.8557 1.81175e-12
-370.59 -16.7392 1.77339e-12
-370.478 -16.6347 1.91156e-12
-370.368 -16.5375 1.79155e-12
-370.261 -16.451 1.72828e-12
-370.16 -16.3726 1.50984e-12
-370.065 -16.3012 1.52725e-12
-369.978 -16.2368 1.50767e-12
-369.881 -16.1618 1.66535e-12
-369.785 -16.0866 1.58042e-12
-369.701 -16.026 1.57755e-12
-369.632 -15.9756 1.56317e-12
-369.578 -15.9354 1.51465e-12
-369.54 -15.9053 1.51051e-12
-369.518 -15.885 1.45902e-12
-369.513 -15.8744 1.60628e-12
-369.462 -15.865 1.51205e-12
-369.31 -15.8496 1.51205e-12
-369.047 -15.8259 1.51205e-12
-368.67 -15.7928 1.51205e-12
-368.185 -15.751 1.51205e-12
-367.598 -15.701 1.51205e-12
-366.914 -15.6434 1.51205e-12
-366.134 -15.5784 1.51204e-12
-365.263 -15.5062 1.51204e-12
-364.303 -15.4271 1.51204e-12
-363.254 -15.3411 1.51203e-12
-362.119 -15.2485 1.51203e-12
-360.898 -15.1493 1.51203e-12
-359.591 -15.0432 1.51202e-12
-358.195 -14.9304 1.51202e-12
-356.711 -14.8107 1.51201e-12
-355.138 -14.6839 1.51201e-12
-353.473 -14.5501 1.512e-12
-351.718 -14.4089 1.512e-12
-349.868 -14.2604 1.51199e-12
-347.922 -14.1042 1.51199e-12
-345.877 -13.94 1.51198e-12
-343.73 -13.7675 1.51198e-12
-341.477 -13.5865 1.51197e-12
-339.118 -13.3968 1.51196e-12
-336.649 -13.1983 1.51195e-12
-334.07 -12.9907 1.51195e-12
-331.38 -12.774 1.51194e-12
-328.577 -12.5481 1.51193e-12
-325.66 -12.3127 1.51192e-12
-322.629 -12.0679 1.51191e-12
-319.482 -11.8137 1.5119e-12
-316.221 -11.55 1.51189e-12
-312.848 -11.277 1.51188e-12
-309.362 -10.9947 1.51187e-12
-305.767 -10.7034 1.51186e-12
-302.062 -10.4032 1.51185e-12
-298.251 -10.0941 1.51184e-12
-294.335 -9.7764 1.51182e-12
-290.316 -9.4502 1.51181e-12
-286.197 -9.11582 1.5118e-12
-281.982 -8.77362 1.51179e-12
-277.676 -8.42394 1.51177e-12
-273.283 -8.06717 1.51176e-12
-268.807 -7.70368 1.51175e-12
-264.253 -7.33389 1.51173e-12
-259.626 -6.9582 1.51172e-12
-254.931 -6.57704 1.5117e-12
-250.173 -6.19095 1.51169e-12
-245.361 -5.80049 1.51167e-12
-240.499 -5.40621 1.51166e-12
-235.595 -5.00874 1.51164e-12
-230.658 -4.60877 1.51163e-12
-225.696 -4.2071 1.51161e-12
-220.719 -3.80446 1.5116e-12
-215.734 -3.4016 1.51158e-12
-210.751 -2.99927 1.51157e-12
-205.778 -2.5982 1.51155e-12
-200.824 -2.1991 1.51154e-12
-195.897 -1.80264 1.51152e-12
-191.004 -1.40951 1.51151e-12
-186.153 -1.02036 1.51149e-12
-181.353 -0.635804 1.51148e-12
-176.609 -0.256449 1.51146e-12
-171.93 0.117082 1.51145e-12
-167.322 0.484175 1.51144e-12
-162.793 0.844258 1.51142e-12
-158.349 1.19678 1.51141e-12
-153.998 1.54117 1.5114e-12
-149.75 1.87603 1.51138e-12
-145.613 2.2009 1.51137e-12
-141.586 2.51616 1.51136e-12
-137.676 2.82128 1.51135e-12
-133.888 3.11575 1.51134e-12
-130.229 3.39997 1.51133e-12
-126.702 3.67321 1.51132e-12
-123.308 3.93467 1.51131e-12
-120.048 4.18475 1.5113e-12
-116.921 4.42332 1.51129e-12
-113.928 4.65065 1.51128e-12
-111.07 4.86699 1.51127e-12
-108.337 5.0729 1.51126e-12
-105.736 5.26898 1.51125e-12
-103.263 5.45504 1.51125e-12
-100.893 5.63219 1.51124e-12
-98.6225 5.80195 1.51123e-12
-96.4375 5.96491 1.51123e-12
-94.3232 6.12219 1.51122e-12
-92.2698 6.27476 1.51122e-12
-90.2647 6.42367 1.51121e-12
-88.2968 6.56997 1.51121e-12
-86.3551 6.71461 1.5112e-12
-84.4288 6.85856 1.5112e-12
-82.5079 7.00271 1.51119e-12
-80.5829 7.1479 1.51118e-12
-78.6446 7.29492 1.51118e-12
-76.6843 7.44456 1.51117e-12
-74.6937 7.59751 1.51117e-12
-72.6652 7.75444 1.51116e-12
-70.5924 7.9159 1.51116e-12
-68.4698 8.08234 1.51115e-12
-66.2933 8.25409 1.51114e-12
-64.0595 8.43145 1.51114e-12
-61.7657 8.6146 1.51113e-12
-59.4103 8.80366 1.51112e-12
-56.9915 8.99878 1.51111e-12
-54.4551 9.20742 1.51111e-12
-51.8306 9.42557 1.5111e-12
-49.1684 9.64666 1.51109e-12
-46.4589 9.87234 1.51108e-12
-43.7179 10.1007 1.51107e-12
-40.9486 10.3317 1.51106e-12
-38.1624 10.5642 1.51106e-12
-35.6268 10.758 1.51105e-12
-33.3451 10.9133 1.51104e-12
-31.0618 11.0693 1.51104e-12
-28.7967 11.2234 1.51103e-12
-26.5574 11.3751 1.51102e-12
-24.3526 11.5236 1.51102e-12
-22.1895 11.6682 1.51101e-12
-20.0744 11.8084 1.51101e-12
-18.0127 11.9438 1.511e-12
-16.0088 12.0739 1.511e-12
-14.0662 12.1986 1.51099e-12
-12.1872 12.3176 1.51099e-12
-10.3731 12.4309 1.51099e-12
-8.62447 12.5384 1.51098e-12
-6.94033 12.6405 1.51098e-12
-5.31674 12.7383 1.51133e-12
-3.75006 12.8326 1.51239e-12
-2.237 12.9226 1.51341e-12
-0.770277 13.0088 1.51438e-12
0.658138 13.0919 1.51532e-12
2.05718 13.1728 1.51623e-12
3.43593 13.2524 1.51712e-12
4.80359 13.3314 1.51799e-12
6.16947 13.4108 1.51885e-12
7.54253 13.4914 1.51971e-12
8.93148 13.574 1.52057e-12
10.345 13.6596 1.52144e-12
11.7916 13.7487 1.52232e-12
13.2793 13.8422 1.52322e-12
14.8154 13.9408 1.52413e-12
16.406 14.0449 1.52507e-12
18.0561 14.1551 1.52545e-12
19.7691 14.274 1.52698e-12
21.548 14.3996 1.52856e-12
23.5579 14.5258 1.5281e-12
25.7398 14.6687 1.52686e-12
27.9887 14.8078 1.52697e-12
30.3122 14.9639 1.52565e-12
32.6926 15.124 1.50359e-12
35.1359 15.2976 1.5458e-12
37.6438 15.4797 1.46334e-12
41.0763 15.6774 1.3674e-12
44.7732 15.8753 1.33769e-12
48.5409 16.0818 1.06873e-12
52.3627 16.2926 1.76887e-12
56.2266 16.5068 1.36545e-12
60.1178 16.7235 1.22831e-12
64.0208 16.9419 1.52168e-12
67.9185 17.1609 1.58947e-12
71.794 17.3795 9.29339e-13
75.6301 17.5967 3.55928e-13
79.4097 17.8115 9.29299e-13
83.1156 18.023 1.50756e-12
86.7307 18.23 1.50943e-12
90.238 18.4317 1.50859e-12
93.5158 18.6243 -2.37515e-12
96.616 18.8083 1.88014e-12
100.631 18.9961 1.47618e-12
104.406 19.1732 1.29555e-12
107.938 19.3402 1.46068e-12
111.254 19.5043 -1.74454e-12
114.365 19.662 1.49113e-12
117.183 19.8093 1.52025e-12
119.702 19.9427 1.43792e-12
121.908 20.0617 1.74787e-12
123.771 20.1638 1.25461e-12
125.239 20.2453 1.62098e-12
126.316 20.3077 1.44214e-12
126.991 20.3495 1.44004e-12
127.254 20.3703 1.52922e-12
127.178 20.371 1.47667e-12
126.9 20.3538 1.4762e-12
126.416 20.3184 1.4762e-12
125.724 20.2646 1.4762e-12
124.823 20.1922 1.47621e-12
123.709 20.1009 1.47621e-12
122.384 19.9907 1.47621e-12
120.846 19.8617 1.47622e-12
119.099 19.7139 1.47623e-12
117.144 19.5476 1.47623e-12
114.987 19.3632 1.47624e-12
112.632 19.1611 1.47625e-12
110.085 18.9419 1.47626e-12
107.354 18.7062 1.47627e-12
104.445 18.4546 1.47628e-12
101.369 18.1881 1.47629e-12
98.1345 17.9074 1.4763e-12
94.7532 17.6136 1.47631e-12
91.238 17.3079 1.47632e-12
87.6021 16.9916 1.47634e-12
83.8592 16.6658 1.47635e-12
80.0227 16.3318 1.47636e-12
76.1062 15.9908 1.47638e-12
72.1238 15.6442 1.47639e-12
68.0892 15.2933 1.47641e-12
64.0171 14.9393 1.47642e-12
59.9216 14.5837 1.47644e-12
55.817 14.2276 1.47645e-12
51.717 13.8724 1.47646e-12
47.6351 13.5194 1.47648e-12
43.5845 13.1697 1.47649e-12
39.5774 12.8244 1.47651e-12
35.6259 12.4847 1.47652e-12
31.7429 12.1518 1.47654e-12
27.9409 11.8267 1.47655e-12
24.2313 11.5105 1.47656e-12
20.6244 11.2041 1.47657e-12
17.1296 10.9083 1.47659e-12
13.7551 10.6239 1.4766e-12
10.5081 10.3515 1.47661e-12
7.39423 10.0916 1.47662e-12
4.41851 9.84444 1.47663e-12
1.58481 9.61047 1.47664e-12
-1.10426 9.38982 1.47665e-12
-3.64731 9.18255 1.47666e-12
-6.0442 8.9886 1.47667e-12
-8.29587 8.8078 1.47667e-12
-10.4042 8.63991 1.47668e-12
-12.3717 8.48461 1.47669e-12
-14.201 8.34157 1.47669e-12
-15.8953 8.21041 1.4767e-12
-17.4582 8.09073 1.4767e-12
-18.8936 7.98209 1.47671e-12
-20.2057 7.88401 1.47671e-12
-21.3988 7.79602 1.47671e-12
-22.4773 7.71765 1.47672e-12
-23.4459 7.64838 1.47672e-12
-24.3107 7.58762 1.47672e-12
-25.078 7.53473 1.47673e-12
-25.7534 7.48913 1.47673e-12
-26.3423 7.45029 1.47673e-12
-26.8493 7.41775 1.47673e-12
-27.2784 7.39112 1.47673e-12
-27.6328 7.37008 1.47673e-12
-27.916 7.35431 1.47673e-12
-28.1325 7.34339 1.47673e-12
-28.2873 7.33686 1.47673e-12
-28.3844 7.33439 1.47673e-12
-28.4274 7.33566 1.47673e-12
-28.4197 7.34039 1.47673e-12
-28.3645 7.34833 1.47673e-12
-28.2641 7.3593 1.47673e-12
-28.1211 7.37315 1.47673e-12
-27.9388 7.3896 1.47673e-12
-27.7211 7.40838 1.47673e-12
-27.4713 7.42925 1.47673e-12
-27.1922 7.45203 1.47673e-12
-26.8873 7.47649 1.47673e-12
-26.56 7.50238 1.47673e-12
-26.2132 7.52953 1.47673e-12
-25.8494 7.55779 1.47672e-12
-25.47 7.5871 1.47672e-12
-25.0764 7.61745 1.47672e-12
-24.6694 7.64881 1.47672e-12
-24.2524 7.6812 1.47672e-12
-23.8276 7.71465 1.47672e-12
-23.3918 7.7492 1.47672e-12
-22.9463 7.7849 1.47671e-12
-22.4909 7.82174 1.47671e-12
-22.0281 7.85973 1.47671e-12
-21.5574 7.89885 1.47671e-12
-21.0776 7.93903 1.47671e-12
-20.592 7.98016 1.47671e-12
-20.1009 8.02217 1.47671e-12
-19.6069 8.0649 1.4767e-12
-19.1119 8.1082 1.4767e-12
-18.6185 8.15186 1.4767e-12
-18.1282 8.19575 1.4767e-12
-17.6426 8.23975 1.4767e-12
-17.164 8.28367 1.47669e-12
-16.695 8.32727 1.47669e-12
-16.2384 8.37028 1.47669e-12
-15.7977 8.41241 1.47669e-12
-15.3766 8.4533 1.47669e-12
-14.979 8.49259 1.47669e-12
-14.6084 8.52992 1.47668e-12
-14.2686 8.56497 1.47668e-12
-13.9634 8.59734 1.47668e-12
-13.6971 8.62662 1.47668e-12
-13.4743 8.65238 1.47668e-12
-13.2998 8.67415 1.47668e-12
-13.1784 8.69145 1.47668e-12
-13.1149 8.70382 1.47668e-12
-13.113 8.71089 1.47668e-12
-13.1761 8.71231 1.47668e-12
-13.3076 8.70774 1.47668e-12
-13.5117 8.69687 1.47668e-12
-13.7906 8.67939 1.47668e-12
-14.1462 8.655 1.47668e-12
-14.5814 8.62346 1.47668e-12
-15.0981 8.58453 1.47668e-12
-15.6984 8.53798 1.47668e-12
-16.3841 8.48362 1.47669e-12
-17.1565 8.42128 1.47669e-12
-18.0163 8.35086 1.47669e-12
-18.9643 8.27224 1.47669e-12
-20.0008 8.18537 1.4767e-12
-21.1255 8.09024 1.4767e-12
-22.3374 7.98689 1.47671e-12
-23.636 7.87536 1.47671e-12
-25.02 7.7557 1.47672e-12
-26.4876 7.62808 1.47672e-12
-28.0372 7.49272 1.47673e-12
-29.664 7.34996 1.47673e-12
-31.362 7.20023 1.47674e-12
-33.1262 7.04403 1.47675e-12
-34.9522 6.88193 1.47675e-12
-36.8317 6.71456 1.47676e-12
-38.7556 6.54258 1.47677e-12
-40.7191 6.36675 1.47677e-12
-42.711 6.18785 1.47678e-12
-44.7241 6.0067 1.47679e-12
-46.7471 5.8242 1.4768e-12
-48.7683 5.64127 1.4768e-12
-50.7781 5.45888 1.47681e-12
-52.7649 5.27803 1.47682e-12
-54.718 5.09975 1.47682e-12
-56.6255 4.92509 1.47683e-12
-58.4765 4.75511 1.47684e-12
-60.2595 4.59081 1.47685e-12
-61.9641 4.43321 1.47685e-12
-63.5794 4.28329 1.47686e-12
-65.0948 4.14204 1.47686e-12
-66.4997 4.01045 1.47687e-12
-67.7836 3.88949 1.47687e-12
-68.9367 3.7801 1.47688e-12
-69.9499 3.6831 1.47688e-12
-70.8157 3.59921 1.47689e-12
-71.5278 3.52903 1.47689e-12
-72.0806 3.4731 1.47689e-12
-72.4695 3.43184 1.47689e-12
-72.6918 3.40553 1.47689e-12
-72.7457 3.39435 1.47689e-12
-72.6304 3.39838 1.47689e-12
-72.3465 3.4176 1.47689e-12
-71.8958 3.45186 1.47689e-12
-71.2813 3.50089 1.47689e-12
-70.507 3.56434 1.47689e-12
-69.578 3.64177 1.47688e-12
-68.5005 3.73261 1.47688e-12
-67.2818 3.83622 1.47688e-12
-65.93 3.95185 1.47687e-12
-64.4539 4.07871 1.47687e-12
-62.8636 4.21589 1.47686e-12
-61.1697 4.36244 1.47686e-12
-59.3833 4.51734 1.47685e-12
-57.5159 4.67953 1.47684e-12
-55.5792 4.84798 1.47684e-12
-53.5846 5.02164 1.47683e-12
-51.5441 5.19942 1.47682e-12
-49.4696 5.38024 1.47681e-12
-47.3726 5.56305 1.47681e-12
-45.2648 5.7468 1.4768e-12
-43.1575 5.93046 1.47679e-12
-41.0612 6.11308 1.47678e-12
-38.9846 6.29387 1.47678e-12
-36.9351 6.47216 1.47677e-12
-34.9199 6.64731 1.47676e-12
-32.9462 6.81867 1.47675e-12
-31.0206 6.98564 1.47675e-12
-29.15 7.14762 1.47674e-12
-27.3403 7.30406 1.47673e-12
-25.597 7.4545 1.47673e-12
-23.9239 7.5986 1.47672e-12
-22.3236 7.73611 1.47672e-12
-20.7988 7.86683 1.47671e-12
-19.3512 7.99061 1.47671e-12
-17.9822 8.10734 1.4767e-12
-16.6929 8.21694 1.4767e-12
-15.4838 8.31938 1.47669e-12
-14.3547 8.4147 1.47669e-12
-13.3047 8.503 1.47669e-12
-12.3322 8.58444 1.47668e-12
-11.4353 8.65921 1.47668e-12
-10.6124 8.72749 1.47668e-12
-9.86282 8.78937 1.47667e-12
-9.18614 8.84488 1.47667e-12
-8.58182 8.89412 1.47667e-12
-8.04898 8.93718 1.47667e-12
-7.5864 8.97418 1.47667e-12
-7.19259 9.0053 1.47666e-12
-6.86596 9.03069 1.47666e-12
-6.6041 9.05058 1.47666e-12
-6.40313 9.06535 1.47666e-12
-6.25842 9.07544 1.47666e-12
-6.16539 9.08128 1.47666e-12
-6.12012 9.08324 1.47666e-12
-6.12 9.08158 1.47666e-12
-6.16318 9.07647 1.47666e-12
-6.24796 9.06809 1.47666e-12
-6.37245 9.05661 1.47666e-12
-6.53414 9.04227 1.47666e-12
-6.73033 9.02532 1.47666e-12
-6.95859 9.00599 1.47666e-12
-7.21735 8.98441 1.47667e-12
-7.50649 8.9606 1.47667e-12
-7.82677 8.93449 1.47667e-12
-8.17923 8.90598 1.47667e-12
-8.56466 8.87498 1.47667e-12
-8.98305 8.84149 1.47667e-12
-9.4341 8.80551 1.47667e-12
-9.91773 8.76704 1.47667e-12
-10.4349 8.72598 1.47668e-12
-10.9884 8.68205 1.47668e-12
-11.5819 8.6349 1.47668e-12
-12.2193 8.58415 1.47668e-12
-12.9041 8.52946 1.47668e-12
-13.6393 8.47052 1.47669e-12
-14.4276 8.40708 1.47669e-12
-15.2714 8.33886 1.47669e-12
-16.1738 8.26557 1.4767e-12
-17.1389 8.18681 1.4767e-12
-18.1712 8.10215 1.4767e-12
-19.2748 8.01118 1.47671e-12
-20.4529 7.91357 1.47671e-12
-21.7072 7.80916 1.47671e-12
-23.0381 7.69787 1.47672e-12
-24.4456 7.57968 1.47672e-12
-25.9299 7.45456 1.47673e-12
-27.4914 7.32244 1.47673e-12
-29.1305 7.18328 1.47674e-12
-30.8472 7.03705 1.47675e-12
-32.6407 6.88382 1.47675e-12
-34.5094 6.72372 1.47676e-12
-36.4508 6.55697 1.47677e-12
-38.4622 6.38381 1.47677e-12
-40.5402 6.20454 1.47678e-12
-42.6819 6.01943 1.47679e-12
-44.8841 5.82877 1.4768e-12
-47.143 5.63291 1.4768e-12
-49.4547 5.43221 1.47681e-12
-51.8146 5.22709 1.47682e-12
-54.2183 5.01798 1.47683e-12
-56.6606 4.80535 1.47684e-12
-59.1366 4.58966 1.47685e-12
-61.6414 4.37138 1.47685e-12
-64.1702 4.15096 1.47686e-12
-66.7182 3.92885 1.47687e-12
-69.2807 3.7055 1.47688e-12
-71.8538 3.48129 1.47689e-12
-74.434 3.25656 1.4769e-12
-77.0237 3.03129 1.47691e-12
-79.6161 2.80596 1.47692e-12
-82.2046 2.58116 1.47693e-12
-84.789 2.35696 1.47694e-12
-87.3658 2.13367 1.47695e-12
-89.9336 1.91148 1.47696e-12
-92.4896 1.69062 1.47696e-12
-95.0321 1.47132 1.47697e-12
-97.5589 1.25374 1.47698e-12
-100.068 1.0381 1.47699e-12
-102.557 0.824668 1.477e-12
-105.023 0.613744 1.47701e-12
-107.462 0.405566 1.47702e-12
-109.874 0.200354 1.47703e-12
-112.255 -0.00170934 1.47703e-12
-114.605 -0.200472 1.47704e-12
-116.922 -0.395843 1.47705e-12
-119.206 -0.587757 1.47706e-12
-121.456 -0.775733 1.47707e-12
-123.672 -0.959931 1.47707e-12
-125.858 -1.14071 1.47708e-12
-128.011 -1.31798 1.47709e-12
-130.131 -1.49187 1.4771e-12
-132.219 -1.66239 1.4771e-12
-134.276 -1.82968 1.47711e-12
-136.303 -1.99385 1.47712e-12
-138.302 -2.15501 1.47712e-12
-140.279 -2.31335 1.47713e-12
-142.233 -2.469 1.47714e-12
-144.161 -2.62214 1.47714e-12
-146.07 -2.77307 1.47715e-12
-147.96 -2.92208 1.47715e-12
-149.839 -3.06951 1.47716e-12
-151.708 -3.21573 1.47717e-12
-153.57 -3.36118 1.47717e-12
-155.43 -3.5063 1.47718e-12
-157.293 -3.65155 1.47718e-12
-159.165 -3.79743 1.47719e-12
-161.05 -3.94447 1.4772e-12
-162.955 -4.09322 1.4772e-12
-164.886 -4.24421 1.47721e-12
-166.846 -4.39796 1.47721e-12
-168.844 -4.55502 1.47722e-12
-170.883 -4.71591 1.47723e-12
-172.968 -4.88111 1.47723e-12
-175.107 -5.05114 1.47724e-12
-177.305 -5.22669 1.47725e-12
-179.571 -5.40845 1.47726e-12
-181.911 -5.59709 1.47726e-12
-184.333 -5.