0.1 56.9098 0.0678369 -56.9776
0.2 113.811 0.135856 -113.947
0.3 170.704 0.204059 -170.908
0.4 227.589 0.272448 -227.862
0.5 284.465 0.341022 -284.806
0.6 341.334 0.409785 -341.743
0.7 398.193 0.478737 -398.672
0.8 455.045 0.54788 -455.592
0.9 511.888 0.617214 -512.505
1 568.722 0.686743 -569.409
0.0025 568.849 0.825923 -569.282
0.005 569.407 1.44111 -568.723
0.0075 570.66 2.82875 -567.47
0.01 572.775 5.177 -565.356
0.0125 575.75 8.48897 -562.381
0.015 579.247 12.3966 -558.884
0.0175 582.754 16.3332 -555.377
0.02 585.763 19.7348 -552.368
0.0225 587.703 21.9707 -550.427
0.025 587.877 22.2646 -550.253
0.0275 585.531 19.776 -552.599
0.03 579.939 13.6903 -558.192
0.0325 570.504 3.33375 -567.627
0.035 556.869 -11.7078 -581.261
0.0375 538.82 -31.6906 -599.311
0.04 516.178 -56.8328 -621.954
0.0425 488.932 -87.1739 -649.2
0.045 457.373 -122.422 -680.759
0.0475 421.96 -162.096 -716.172
0.05 383.173 -205.693 -754.959
0.0525 341.744 -252.436 -796.388
0.055 298.891 -301.007 -839.241
0.0575 256.075 -349.81 -882.057
0.06 214.733 -397.269 -923.399
0.0625 176.183 -441.936 -961.947
0.065 141.532 -482.59 -996.599
0.0675 111.738 -518.167 -1026.39
0.07 87.6949 -547.668 -1050.43
0.0725 70.1692 -570.227 -1067.96
0.075 59.7332 -585.18 -1078.4
0.0775 56.82 -592.012 -1081.31
0.08 61.7819 -590.289 -1076.35
0.0825 74.7765 -579.781 -1063.35
0.085 95.6462 -560.599 -1042.48
0.0875 124.04 -533.068 -1014.09
0.09 159.544 -497.575 -978.585
0.0925 201.653 -454.602 -936.477
0.095 249.738 -404.771 -888.393
0.0975 303.093 -348.784 -835.039
0.1 360.994 -287.369 -777.139
0.1025 422.779 -221.183 -715.356
0.105 487.939 -150.722 -650.197
0.1075 556.056 -76.3813 -582.082
0.11 626.722 1.44951 -511.417
0.1125 699.373 82.1996 -438.768
0.115 773.095 164.906 -365.047
0.1175 846.821 248.421 -291.322
0.12 919.539 331.643 -218.604
0.1225 990.227 413.45 -147.917
0.125 1057.78 492.624 -80.3596
0.1275 1121.11 567.931 -17.03
0.13 1179.21 638.225 41.0644
0.1325 1231.11 702.412 92.9731
0.135 1275.9 759.404 137.767
0.1375 1312.71 808.173 174.58
0.14 1340.78 847.793 202.652
0.1425 1359.64 877.642 221.509
0.145 1369.27 897.609 231.148
0.1475 1369.97 907.898 231.851
0.15 1362.1 908.799 223.985
0.1525 1346.23 900.818 208.117
0.155 1323.25 884.829 185.145
0.1575 1294.26 861.909 156.152
0.16 1260.34 833.168 122.24
0.1625 1222.72 799.838 84.6223
0.165 1182.81 763.387 44.7155
0.1675 1142.11 725.384 4.01575
0.17 1102.06 687.36 -36.0293
0.1725 1063.97 650.697 -74.1206
0.175 1028.88 616.515 -109.208
0.1775 997.67 585.756 -140.419
0.18 971.11 559.269 -166.978
0.1825 949.755 537.678 -188.333
0.185 933.795 521.221 -204.292
0.1875 923.188 509.894 -214.898
0.19 917.797 503.6 -220.288
0.1925 917.288 502.039 -220.797
0.195 921.019 504.585 -217.064
0.1975 928.17 510.413 -209.913
0.2 937.866 518.649 -200.216
0.2025 949.419 528.624 -188.662
0.205 962.569 540.144 -175.512
0.2075 977.274 553.266 -160.805
0.21 993.484 568.034 -144.594
0.2125 1011.16 584.494 -126.92
0.215 1030.27 602.718 -107.799
0.2175 1050.85 622.796 -87.2237
0.22 1072.89 644.823 -65.1743
0.2225 1096.29 668.727 -41.7751
0.225 1120.61 694.085 -17.4569
0.2275 1145.27 720.3 7.20717
0.23 1169.73 746.804 31.6809
0.2325 1193.55 773.093 55.4997
0.235 1216.35 798.766 78.3027
0.2375 1237.84 823.498 99.8074
0.24 1257.81 847.005 119.779
0.2425 1276.11 869.098 138.083
0.245 1292.75 889.747 154.733
0.2475 1307.85 909.018 169.839
0.25 1321.55 927.01 183.545
0.2525 1334.08 943.908 196.08
0.255 1345.81 960.055 207.817
0.2575 1357.18 975.873 219.202
0.26 1368.66 991.788 230.681
0.2625 1380.46 1008 242.493
0.265 1392.41 1024.23 254.448
0.2675 1404.08 1039.97 266.125
0.27 1415.03 1054.67 277.09
0.2725 1424.7 1067.64 286.767
0.275 1432.24 1077.92 294.31
0.2775 1436.66 1084.37 298.734
0.28 1436.97 1085.87 299.053
0.2825 1432.36 1081.5 294.451
0.285 1422.37 1070.72 284.458
0.2875 1406.7 1053.22 268.79
0.29 1385.09 1028.69 247.181
0.2925 1357.5 997.094 219.587
0.295 1324.32 958.881 186.401
0.2975 1286.17 914.761 148.246
0.3 1243.69 865.471 105.759
0.3025 1197.67 811.916 59.7282
0.305 1149.19 755.34 11.2415
0.3075 1099.5 697.161 -38.4635
0.31 1049.82 638.791 -88.1603
0.3125 1001.24 581.509 -136.748
0.315 954.629 526.332 -183.369
0.3175 910.707 474.12 -227.301
0.32 870.165 425.708 -267.852
0.3225 833.538 381.758 -304.488
0.325 801.058 342.599 -336.976
0.3275 772.794 308.37 -365.248
0.33 748.797 279.191 -389.251
0.3325 729.113 255.172 -408.94
0.335 713.794 236.423 -424.262
0.3375 702.895 223.051 -435.164
0.34 696.465 215.154 -441.595
0.3425 694.554 212.815 -443.506
0.345 697.204 216.107 -440.855
0.3475 704.458 225.092 -433.598
0.35 716.361 239.824 -421.691
0.3525 732.854 260.236 -405.193
0.355 753.663 286.012 -384.378
0.3575 778.402 316.701 -359.63
0.36 806.695 351.85 -331.328
0.3625 838.161 390.996 -299.853
0.365 872.403 433.649 -265.6
0.3675 909.021 479.309 -228.971
0.37 947.621 527.473 -190.358
0.3725 987.899 577.734 -150.068
0.375 1029.72 629.872 -108.232
0.3775 1073.05 683.764 -64.8925
0.38 1117.83 739.28 -20.1019
0.3825 1164.04 796.327 26.1254
0.385 1211.76 854.913 73.8607
0.3875 1261.09 915.083 123.205
0.39 1312.1 976.854 174.23
0.3925 1364.71 1040.09 226.858
0.395 1418.59 1104.36 280.744
0.3975 1473.21 1169.07 335.386
0.4 1528.06 1233.6 390.246
0.4025 1582.48 1297.2 444.681
0.405 1635.65 1358.95 497.856
0.4075 1686.61 1417.79 548.836
0.41 1734.44 1472.69 596.674
0.4125 1778.29 1522.73 640.533
0.415 1817.56 1567.24 679.811
0.4175 1851.78 1605.73 714.033
0.42 1880.49 1637.72 742.744
0.4225 1903.4 1662.91 765.651
0.425 1920.52 1681.37 782.777
0.4275 1932.07 1693.35 794.325
0.43 1938.27 1699.15 800.523
0.4325 1939.45 1699.18 801.696
0.435 1936.09 1694.01 798.331
0.4375 1928.78 1684.34 791.01
0.44 1918.12 1670.88 780.341
0.4425 1904.62 1654.24 766.832
0.445 1888.55 1634.77 750.761
0.4475 1870.1 1612.7 732.3
0.45 1849.45 1588.28 711.645
0.4525 1826.86 1561.8 689.037
0.455 1802.62 1533.65 664.793
0.4575 1777.11 1504.24 639.274
0.46 1750.71 1474.01 612.864
0.4625 1723.78 1443.39 585.931
0.465 1696.64 1412.72 558.782
0.4675 1669.57 1382.31 531.703
0.47 1642.86 1352.48 504.989
0.4725 1616.85 1323.6 478.97
0.475 1591.9 1296.05 454.018
0.4775 1568.42 1270.25 430.532
0.48 1546.8 1246.62 408.907
0.4825 1527.31 1225.43 389.41
0.485 1509.96 1206.67 372.059
0.4875 1494.64 1190.17 356.732
0.49 1481.2 1175.75 343.293
0.4925 1469.54 1163.24 331.635
0.495 1459.63 1152.57 321.721
0.4975 1451.45 1143.69 313.541
0.5 1444.98 1136.53 307.063
0.5025 1440.09 1130.92 302.169
0.505 1436.5 1126.54 298.581
0.5075 1433.85 1122.93 295.929
0.51 1431.74 1119.63 293.821
0.5125 1429.71 1116.11 291.788
0.515 1427.15 1111.68 289.226
0.5175 1423.38 1105.56 285.459
0.52 1417.73 1096.98 279.801
0.5225 1409.71 1085.4 271.775
0.525 1399.28 1070.76 261.34
0.5275 1386.62 1053.27 248.68
0.53 1371.92 1033.12 233.971
0.5325 1355.39 1010.58 217.442
0.535 1337.4 986.035 199.439
0.5375 1318.32 959.95 180.356
0.54 1298.55 932.771 160.576
0.5425 1278.49 904.981 140.508
0.545 1258.62 877.149 120.631
0.5475 1239.45 849.88 101.454
0.55 1221.46 823.759 83.4627
0.5525 1204.89 799.092 66.8802
0.555 1189.44 775.626 51.4241
0.5575 1174.56 752.807 36.5448
0.56 1159.71 730.081 21.69
0.5625 1144.31 706.864 6.2809
0.565 1127.72 682.51 -10.3161
0.5675 1109.3 656.358 -28.7458
0.57 1088.43 627.779 -49.6193
0.5725 1064.69 596.336 -73.3662
0.575 1037.98 561.959 -100.083
0.5775 1008.4 524.791 -129.666
0.58 976.111 485.028 -161.963
0.5825 941.343 442.946 -196.738
0.585 904.455 398.953 -233.632
0.5875 865.892 353.539 -272.202
0.59 826.134 307.233 -311.966
0.5925 785.717 260.617 -352.388
0.595 745.251 214.346 -392.859
0.5975 705.387 169.12 -432.729
0.6 666.791 125.647 -471.33
0.6025 630.174 84.6851 -507.95
0.605 596.332 47.0809 -541.796
0.6075 566.089 13.7149 -572.042
0.61 540.25 -14.5552 -597.883
0.6125 519.592 -36.9 -618.543
0.615 504.862 -52.5202 -633.274
0.6175 496.766 -60.6604 -641.37
0.62 495.953 -60.6219 -642.183
0.6225 502.837 -51.9571 -635.297
0.625 517.416 -34.6776 -620.716
0.6275 539.436 -9.06965 -598.694
0.63 568.584 24.5181 -569.543
0.6325 604.164 65.3235 -533.959
0.635 644.759 111.789 -493.36
0.6375 688.569 161.927 -449.546
0.64 733.782 213.732 -404.328
0.6425 778.58 265.196 -359.527
0.645 821.142 314.304 -316.96
0.6475 859.677 359.067 -278.422
0.65 892.442 397.547 -245.654
0.6525 917.912 428.036 -220.181
0.655 934.95 449.247 -203.142
0.6575 942.661 460.16 -195.43
0.66 940.242 459.846 -197.849
0.6625 927.386 447.909 -210.707
0.665 904.706 424.97 -233.389
0.6675 873.328 392.22 -264.769
0.67 834.438 350.915 -303.663
0.6725 789.426 302.53 -348.677
0.675 740.046 248.945 -398.061
0.6775 688.23 192.243 -449.88
0.68 635.897 134.499 -502.216
0.6825 584.824 77.6374 -553.292
0.685 536.52 23.2969 -601.598
0.6875 492.317 -27.0766 -645.804
0.69 453.464 -72.1125 -684.658
0.6925 420.99 -110.672 -717.134
0.695 395.551 -142.014 -742.573
0.6975 377.56 -165.66 -760.565
0.7 367.33 -181.225 -770.795
0.7025 364.846 -188.675 -773.28
0.705 369.53 -188.585 -768.596
0.7075 380.48 -181.889 -757.646
0.71 396.723 -169.589 -741.404
0.7125 417.337 -152.63 -720.79
0.715 441.568 -131.764 -696.56
0.7175 468.743 -107.649 -669.385
0.72 498.171 -80.9628 -639.958
0.7225 529.182 -52.3625 -608.948
0.725 561.165 -22.4433 -576.966
0.7275 593.553 8.24364 -544.579
0.73 625.804 39.1672 -512.329
0.7325 657.338 69.7482 -480.796
0.735 687.475 99.2865 -450.66
0.7375 715.513 127.042 -422.624
0.74 740.805 152.33 -397.333
0.7425 763.081 174.861 -375.057
0.745 782.774 195.116 -355.365
0.7475 800.707 214.007 -337.433
0.75 817.751 232.49 -320.39
0.7525 834.819 251.56 -303.322
0.755 852.864 272.249 -285.277
0.7575 872.863 295.612 -265.279
0.76 895.797 322.703 -242.346
0.7625 922.344 354.246 -215.8
0.765 952.555 390.27 -185.589
0.7675 986.151 430.426 -151.995
0.77 1022.84 474.352 -115.311
0.7725 1061.96 521.292 -76.1911
0.775 1102.13 569.681 -36.0228
0.7775 1141.59 617.535 3.43767
0.78 1178.6 662.89 40.4551
0.7825 1211.52 703.869 73.3714
0.785 1238.81 738.734 100.657
0.7875 1259.03 765.857 120.882
0.79 1270.83 783.684 132.686
0.7925 1273.27 791.11 135.121
0.795 1266.16 787.885 128.014
0.7975 1249.77 774.255 111.63
0.8 1224.44 750.537 86.3012
0.8025 1190.87 717.453 52.7308
0.805 1150.45 676.495 12.314
0.8075 1104.95 629.571 -33.1882
0.81 1056.13 578.609 -82.0033
0.8125 1005.59 525.337 -132.545
0.815 954.515 471.063 -183.613
0.8175 903.896 416.85 -234.231
0.82 854.668 363.727 -283.458
0.8225 807.561 312.505 -330.564
0.825 762.922 263.577 -375.201
0.8275 720.876 217.092 -417.247
0.83 681.494 173.151 -456.628
0.8325 644.585 131.57 -493.536
0.835 609.463 91.623 -528.658
0.8375 575.178 52.2882 -562.944
0.84 540.759 12.523 -597.363
0.8425 505.317 -28.6286 -632.805
0.845 468.135 -71.9315 -669.987
0.8475 428.601 -118.038 -709.521
0.85 386.121 -167.584 -752.002
0.8525 340.256 -221.04 -797.868
0.855 290.869 -278.551 -847.256
0.8575 237.991 -340.078 -900.134
0.86 181.687 -405.554 -956.44
0.8625 122.038 -474.896 -1016.09
0.865 59.1363 -548.022 -1078.99
0.8675 -6.91033 -624.838 -1145.04
0.87 -75.972 -705.232 -1214.1
0.8725 -147.889 -789.063 -1286.02
0.875 -222.464 -876.158 -1360.6
0.8775 -299.481 -966.321 -1437.61
0.88 -378.716 -1059.36 -1516.85
0.8825 -459.835 -1154.94 -1597.97
0.885 -542.279 -1252.52 -1680.41
0.8875 -625.385 -1351.39 -1763.52
0.89 -708.519 -1450.9 -1846.65
0.8925 -790.997 -1550.34 -1929.12
0.895 -872.011 -1648.83 -2010.13
0.8975 -950.718 -1745.48 -2088.84
0.9 -1026.34 -1839.43 -2164.45
0.9025 -1098.07 -1929.79 -2236.18
0.905 -1165.02 -2015.57 -2303.11
0.9075 -1226.25 -2095.7 -2364.33
0.91 -1280.94 -2169.25 -2419.01
0.9125 -1328.44 -2235.43 -2466.5
0.915 -1368.34 -2293.73 -2506.39
0.9175 -1400.43 -2343.82 -2538.46
0.92 -1424.56 -2385.47 -2562.58
0.9225 -1440.94 -2418.77 -2578.94
0.925 -1450.31 -2444.46 -2588.31
0.9275 -1454.82 -2463.78 -2591.7
0.93 -1454.77 -2477.75 -2590.26
0.9325 -1450.82 -2487.41 -2585.22
0.935 -1444.62 -2494.1 -2577.8
0.9375 -1437.19 -2499.08 -2569.3
0.94 -1429.97 -2503.66 -2560.98
0.9425 -1424.07 -2509.07 -2554.08
0.945 -1420.82 -2516.59 -2549.83
0.9475 -1421.36 -2527.46 -2549.42
0.95 -1426.82 -2542.82 -2553.95
0.9525 -1437.74 -2563.24 -2564
0.955 -1453.77 -2588.29 -2579.18
0.9575 -1473.96 -2616.91 -2598.59
0.96 -1497.31 -2647.97 -2621.21
0.9625 -1522.55 -2680.09 -2645.79
0.965 -1548.08 -2711.52 -2670.75
0.9675 -1572.09 -2740.27 -2694.28
0.97 -1592.72 -2764.34 -2714.53
0.9725 -1608.38 -2782.02 -2729.94
0.975 -1618.05 -2792.2 -2739.47
0.9775 -1621.01 -2794.15 -2742.42
0.98 -1616.57 -2787.16 -2738.09
0.9825 -1604.28 -2770.78 -2726.02
0.985 -1584.23 -2745.15 -2706.31
0.9875 -1556.77 -2710.74 -2679.3
0.99 -1522.31 -2668.02 -2645.38
0.9925 -1481.16 -2617.41 -2604.88
0.995 -1433.46 -2559.12 -2557.91
0.9975 -1379.28 -2493.25 -2504.55
1 -1318.72 -2419.97 -2444.89
1.0025 -1251.62 -2339.15 -2378.78
1.005 -1177.27 -2250.04 -2305.5
1.0075 -1094.71 -2151.6 -2224.11
1.01 -1003.03 -2042.86 -2133.7
1.0125 -901.672 -1923.2 -2033.72
1.015 -790.685 -1792.66 -1924.2
1.0175 -670.471 -1651.69 -1805.56
1.02 -541.499 -1500.8 -1678.26
1.0225 -406.033 -1341.15 -1543.1
1.025 -264.788 -1174.4 -1401.7
1.0275 -119 -1002.54 -1256.1
1.03 28.7974 -827.883 -1108.28
1.0325 177.129 -652.376 -960.07
1.035 324.297 -477.66 -812.93
1.0375 469.201 -305.107 -668.114
1.04 610.537 -136.047 -526.828
1.0425 747.462 28.4982 -389.976
1.045 879.571 188.12 -257.924
1.0475 1006.85 342.747 -130.711
1.05 1129.3 492.382 -8.31836
1.0525 1247.19 637.274 109.517
1.055 1361.22 778.153 223.489
1.0575 1472.31 916.006 334.526
1.06 1581.42 1051.86 443.584
1.0625 1689.2 1186.37 551.305
1.065 1795.56 1319.43 657.622
1.0675 1900.1 1450.51 762.117
1.07 2002.41 1579.11 864.381
1.0725 2101.95 1704.59 963.887
1.075 2197.94 1826.01 1059.84
1.0775 2289.46 1942.31 1151.32
1.08 2375.6 2052.42 1237.44
1.0825 2455.75 2155.61 1317.57
1.085 2529.82 2251.71 1391.63
1.0875 2597.99 2340.88 1459.78
1.09 2660.47 2423.3 1522.26
1.0925 2717.61 2499.33 1579.41
1.095 2770.06 2569.63 1631.86
1.0975 2818.59 2635.03 1680.4
1.1 2863.97 2696.36 1725.8
1.1025 2907.16 2754.67 1769.01
1.105 2949.54 2811.48 1811.41
1.1075 2992.66 2868.53 1854.56
1.11 3038.03 2927.5 1899.96
1.1125 3086.86 2989.77 1948.83
1.115 3139.76 3056.28 2002.8
1.1175 3197.07 3127.37 2061.5
1.12 3259.09 3203.25 2124.71
1.1225 3325.51 3283.79 2192.5
1.125 3395.07 3367.6 2263.34
1.1275 3465.94 3452.77 2335.58
1.13 3536.28 3537.34 2407.24
1.1325 3604.14 3619.23 2476.45
1.135 3667.31 3696.08 2540.93
1.1375 3723.49 3765.41 2598.41
1.14 3770.48 3824.83 2646.64
1.1425 3806.55 3872.47 2683.92
1.145 3830.87 3907.45 2709.38
1.1475 3843.16 3929.46 2722.76
1.15 3843.24 3938.32 2723.88
1.1525 3831.45 3934.41 2713.08
1.155 3809.03 3919.07 2691.6
1.1575 3777.71 3894.18 2661.18
1.16 3739.31 3861.74 2623.67
1.1625 3695.61 3823.68 2580.85
1.165 3648.2 3781.69 2534.3
1.1675 3598.55 3737.37 2485.51
1.17 3548.17 3692.31 2436.01
1.1725 3498.18 3647.7 2386.89
1.175 3448.82 3603.77 2338.42
1.1775 3399.93 3560.25 2290.4
1.18 3351.3 3516.88 2242.65
1.1825 3302.65 3473.25 2194.84
1.185 3253.43 3428.71 2146.45
1.1875 3203.02 3382.47 2096.47
1.19 3150.75 3333.79 2044.53
1.1925 3096.27 3282.24 1990.39
1.195 3039.91 3228.12 1934.26
1.1975 2982.31 3172.15 1876.89
1.2 2924.09 3114.98 1818.83
1.2025 2865.94 3057.35 1760.82
1.205 2808.65 3000.15 1703.62
1.2075 2753.07 2944.31 1648.18
1.21 2699.99 2890.72 1595.2
1.2125 2650.09 2840.17 1545.4
1.215 2603.88 2793.23 1499.28
1.2175 2561.73 2750.38 1457.23
1.22 2523.99 2712.03 1419.58
1.2225 2490.81 2678.39 1386.52
1.225 2462.1 2649.43 1357.93
1.2275 2437.59 2624.89 1333.54
1.23 2416.98 2604.51 1313.08
1.2325 2399.98 2588.01 1296.23
1.235 2386.32 2575.15 1282.74
1.2375 2375.77 2565.74 1272.39
1.24 2368.07 2559.54 1264.9
1.2425 2363.16 2556.54 1260.24
1.245 2361.45 2557.22 1258.81
1.2475 2363.53 2562.29 1261.2
1.25 2369.99 2572.45 1268.04
1.2525 2381.55 2588.53 1280.03
1.255 2399.19 2611.63 1298.17
1.2575 2423.99 2643 1323.56
1.26 2457 2683.82 1357.25
1.2625 2498.72 2734.68 1399.75
1.265 2548.53 2794.92 1450.43
1.2675 2605.24 2863.22 1508.08
1.27 2667.62 2938.2 1571.47
1.2725 2733.91 3017.94 1638.83
1.275 2801.29 3099.28 1707.29
1.2775 2866.41 3178.47 1773.49
1.28 2925.98 3251.8 1834.08
1.2825 2976.8 3315.67 1885.84
1.285 3015.74 3366.51 1925.62
1.2875 3039.8 3400.91 1950.37
1.29 3046.15 3415.59 1957.23
1.2925 3032.28 3407.63 1943.65
1.295 2996.2 3374.66 1907.63
1.2975 2936.3 3314.72 1847.52
1.3 2851.13 3226.02 1761.86
1.3025 2739.98 3107.54 1649.9
1.305 2603.32 2959.58 1512.12
1.3075 2442.33 2783.24 1349.7
1.31 2258.34 2579.75 1163.95
1.3125 2053.22 2350.97 956.767
1.315 1829.89 2099.91 731.078
1.3175 1591.81 1830.19 490.352
1.32 1342.41 1545.45 238.05
1.3225 1085.24 1249.45 -22.2616
1.325 824.114 946.289 -286.744
1.3275 562.892 640.137 -551.502
1.33 305.26 335.012 -812.824
1.3325 54.5782 34.6036 -1067.34
1.335 -186.272 -257.88 -1312.14
1.3375 -414.79 -539.617 -1544.68
1.34 -628.747 -808.059 -1762.71
1.3425 -826.465 -1061.21 -1964.53
1.345 -1007.18 -1297.33 -2145.76
1.3475 -1170.52 -1516.09 -2308.36
1.35 -1316.3 -1717.71 -2454.19
1.3525 -1444.92 -1902.05 -2582.24
1.355 -1557.22 -2069.92 -2694.28
1.3575 -1654.45 -2222.35 -2790.95
1.36 -1738.03 -2360.61 -2874.06
1.3625 -1809.41 -2486.04 -2944.78
1.365 -1870.06 -2599.91 -3004.78
1.3675 -1921.39 -2703.51 -3055.37
1.37 -1964.84 -2798.22 -3098.72
1.3725 -2001.68 -2885.13 -3135.58
1.375 -2032.71 -2964.77 -3166.48
1.3775 -2058.38 -3037.48 -3192.12
1.38 -2079.15 -3103.5 -3212.75
1.3825 -2098.54 -3163.48 -3228.63
1.385 -2113.87 -3216.76 -3239.53
1.3875 -2123.09 -3262.33 -3245.26
1.39 -2126.95 -3299.8 -3245.21
1.3925 -2124.01 -3328.35 -3238.92
1.395 -2114.22 -3347.28 -3225.68
1.3975 -2096.42 -3355.71 -3204.79
1.4 -2070.12 -3352.81 -3175.47
1.4025 -2034.4 -3337.82 -3137.04
1.405 -1988.96 -3310.25 -3089.03
1.4075 -1933.33 -3269.77 -3031.09
1.41 -1867.24 -3216.05 -2962.88
1.4125 -1789.75 -3148.89 -2884.3
1.415 -1701.83 -3068.8 -2795.64
1.4175 -1604.29 -2976.48 -2697.41
1.42 -1497.46 -2872.58 -2590.21
1.4225 -1382.31 -2758.06 -2474.78
1.425 -1259.89 -2634.25 -2352.31
1.4275 -1131.72 -2502.77 -2224.2
1.43 -999.096 -2365.2 -2091.83
1.4325 -863.594 -2223.21 -1956.67
1.435 -726.812 -2078.66 -1820.38
1.4375 -590.54 -1933.5 -1684.68
1.44 -456.504 -1789.57 -1551.24
1.4425 -326.149 -1648.53 -1421.55
1.445 -200.658 -1511.76 -1296.81
1.4475 -81.076 -1380.34 -1178.01
1.45 31.7261 -1255.27 -1066.07
1.4525 137.065 -1137.26 -961.615
1.455 234.773 -1026.53 -864.855
1.4575 324.897 -922.99 -775.71
1.46 407.695 -826.404 -693.998
1.4625 483.506 -736.342 -619.326
1.465 553.02 -652.046 -551.014
1.4675 617.107 -572.546 -488.19
1.47 676.752 -496.762 -429.882
1.4725 732.686 -423.888 -375.359
1.475 785.042 -353.783 -324.485
1.4775 833.681 -286.623 -277.392
1.48 878.562 -222.492 -234.119
1.4825 919.309 -161.838 -195.03
1.485 954.773 -105.975 -161.253
1.4875 983.465 -56.6217 -134.258
1.49 1004.01 -15.3864 -115.395
1.4925 1015.14 16.2213 -105.915
1.495 1015.66 36.7548 -106.99
1.4975 1004.47 44.8668 -119.686
1.5 980.633 39.3369 -144.935
1.5025 943.566 19.3473 -183.289
1.505 893.348 -15.2277 -234.658
1.5075 830.432 -64.1038 -298.578
1.51 755.357 -126.911 -374.495
1.5125 668.987 -202.937 -461.538
1.515 572.753 -290.85 -558.271
1.5175 468.376 -388.994 -662.972
1.52 357.556 -495.728 -773.939
1.5225 242.2 -609.183 -889.267
1.525 124.658 -726.986 -1006.61
1.5275 7.43635 -846.569 -1123.48
1.53 -107.109 -965.504 -1237.52
1.5325 -216.597 -1081.31 -1346.37
1.535 -318.429 -1191.24 -1447.45
1.5375 -410.02 -1292.53 -1538.18
1.54 -489.06 -1382.64 -1616.28
1.5425 -553.788 -1459.64 -1680.01
1.545 -603.288 -1522.45 -1728.45
1.5475 -637.223 -1570.61 -1761.29
1.55 -655.552 -1603.94 -1778.48
1.5525 -659.025 -1623.09 -1780.79
1.555 -649.697 -1630.1 -1770.26
1.5575 -630.389 -1627.84 -1749.71
1.56 -604.101 -1619.35 -1722.13
1.5625 -574.149 -1608.02 -1690.84
1.565 -544.324 -1597.7 -1659.6
1.5675 -518.647 -1592.52 -1632.42
1.57 -501.108 -1596.59 -1613.3
1.5725 -495.642 -1613.93 -1606.15
1.575 -506.091 -1648.51 -1614.8
1.5775 -536.092 -1704.11 -1642.95
1.58 -589.137 -1784.29 -1694.02
1.5825 -668.262 -1892.19 -1771.02
1.585 -775.961 -2030.28 -1876.37
1.5875 -914.035 -2200.5 -2011.96
1.59 -1084 -2404.45 -2179.31
1.5925 -1287.02 -2643.33 -2379.54
1.595 -1523.68 -2917.81 -2613.29
1.5975 -1794.23 -3228.17 -2880.76
1.6 -2098.47 -3574.28 -3181.79
1.6025 -2435.72 -3955.49 -3515.66
1.605 -2804.6 -4370.45 -3881.03
1.6075 -3203.28 -4817.3 -4276.04
1.61 -3629.59 -5293.87 -4698.54
1.6125 -4080.86 -5797.46 -5145.88
1.615 -4553.64 -6324.5 -5614.6
1.6175 -5043.64 -6870.91 -6100.84
1.62 -5547.14 -7432.56 -6600.59
1.6225 -6060.01 -8004.99 -7109.54
1.625 -6577.39 -8583.22 -7623.01
1.6275 -7094.51 -9162.1 -8136.1
1.63 -7606.47 -9736.53 -8644.04
1.6325 -8108.51 -10301.4 -9142.02
1.635 -8595.59 -10851.2 -9625.05
1.6375 -9062.77 -11380.8 -10088.2
1.64 -9505.38 -11884.9 -10526.9
1.6425 -9919.34 -12359.1 -10937
1.645 -10301.3 -12799.7 -11315.1
1.6475 -10648.6 -13203.6 -11658.7
1.65 -10958.8 -13568.1 -11965.4
1.6525 -11230.4 -13891.3 -12233.6
1.655 -11463 -14172.4 -12462.9
1.6575 -11656.7 -14411.6 -12653.5
1.66 -11812.2 -14609.1 -12806.2
1.6625 -11930.6 -14766 -12921.8
1.665 -12013.7 -14883.8 -13002.5
1.6675 -12063.8 -14964.9 -13050.2
1.67 -12083.3 -15011.6 -13067.7
1.6725 -12074.6 -15026.1 -13057.1
1.675 -12039.6 -15010.3 -13020.4
1.6775 -11979.8 -14965.7 -12959.3
1.68 -11897.2 -14893.9 -12875.5
1.6825 -11793.3 -14796.6 -12770.7
1.685 -11669.8 -14675.4 -12646.5
1.6875 -11528.4 -14532.1 -12504.7
1.69 -11370.7 -14368.1 -12346.9
1.6925 -11198.1 -14185 -12174.3
1.695 -11011.5 -13983.9 -11988.1
1.6975 -10811.8 -13765.5 -11789
1.7 -10599.5 -13530.7 -11577.6
1.7025 -10375.4 -13280.3 -11354.6
1.705 -10140.2 -13015 -11120.6
1.7075 -9893.85 -12735.7 -10876.4
1.71 -9637.51 -12443.2 -10622.5
1.7125 -9371.85 -12138.5 -10359.4
1.715 -9097.22 -11822.1 -10087.6
1.7175 -8814.22 -11494.9 -9807.51
1.72 -8523.19 -11157.6 -9519.65
1.7225 -8224.69 -10810.9 -9224.41
1.725 -7919.13 -10455.7 -8922.29
1.7275 -7607.1 -10092.6 -8613.77
1.73 -7289.12 -9722.63 -8299.42
1.7325 -6965.89 -9346.63 -7979.89
1.735 -6638.23 -8965.74 -7656
1.7375 -6307.13 -8581.17 -7328.69
1.74 -5973.58 -8194.2 -6998.98
1.7425 -5638.39 -7805.79 -6667.64
1.745 -5301.79 -7416.31 -6334.91
1.7475 -4963.76 -7025.77 -6000.76
1.75 -4624.36 -6634.26 -5665.24
1.7525 -4283.63 -6241.68 -5328.31
1.755 -3941.06 -5847.57 -4989.58
1.7575 -3596.12 -5451.28 -4648.51
1.76 -3248.38 -5052.22 -4304.68
1.7625 -2897.32 -4649.73 -3957.62
1.765 -2542.37 -4243 -3606.74
1.7675 -2182.79 -3831.15 -3251.41
1.77 -1818.06 -3413.33 -2891.06
1.7725 -1448.02 -2989.16 -2525.54
1.775 -1073.39 -2559.22 -2155.56
1.7775 -695.286 -2124.54 -1782.26
1.78 -314.837 -1686.15 -1406.75
1.7825 66.6795 -1245.26 -1030.32
1.785 447.568 -803.564 -654.658
1.7875 825.995 -362.91 -281.582
1.79 1200.27 74.9623 87.2191
1.7925 1569.02 508.658 450.395
1.795 1931.43 937.337 807.123
1.7975 2287.05 1360.54 1156.96
1.8 2635.62 1777.99 1499.65
1.8025 2977.09 2189.61 1835.16
1.805 3307.22 2594.82 2163.87
1.8075 3629.41 2994.3 2486.18
1.81 3946.7 3389.22 2802.51
1.8125 4257.91 3779.69 3113.52
1.815 4564.46 4165.96 3419.42
1.8175 4865.75 4547.91 3720.42
1.82 5162.57 4925.63 4016.78
1.8225 5454.53 5298.8 4308.47
1.825 5741.01 5666.19 4594.64
1.8275 6020.65 6026.18 4874.1
1.83 6292.38 6377.15 5145.67
1.8325 6554.72 6718.26 5412.88
1.835 6806.35 7047.18 5670.73
1.8375 7045.87 7361.26 5915.29
1.84 7271.69 7658.91 6146.82
1.8425 7482.28 7937.92 6362.48
1.845 7675.97 8196.28 6561.45
1.8475 7851.02 8431.81 6741.36
1.85 8005.73 8642.41 6900.92
1.8525 8138.58 8826.23 7038.28
1.855 8248.46 8981.83 7152.53
1.8575 8334.43 9108.11 7242.56
1.86 8395.61 9203.94 7307.58
1.8625 8430.94 9268.15 7346.46
1.865 8439.11 9299.19 7357.89
1.8675 8418.61 9295.43 7340.34
1.87 8368.05 9255.31 7292.4
1.8725 8286.27 9177.61 7212.91
1.875 8172.67 9061.72 7101.25
1.8775 8027.68 8907.47 6957.06
1.88 7850.54 8714.66 6780.14
1.8825 7641.23 8483.72 6570.83
1.885 7401.22 8216.15 6330.33
1.8875 7132.02 7913.99 6060.38
1.89 6835.65 7579.49 5762.85
1.8925 6514.02 7215.06 5439.78
1.895 6169.57 6823.47 5093.55
1.8975 5804.61 6407.71 4726.66
1.9 5421.96 5970.88 4341.77
1.9025 5024.23 5516.08 3941.57
1.905 4614.03 5046.4 3528.69
1.9075 4194.02 4564.94 3105.81
1.91 3766.84 4074.83 2675.62
1.9125 3335.03 3579.01 2240.63
1.915 2900.74 3079.9 1802.17
1.9175 2465.9 2579.89 1362.88
1.92 2032.38 2081.26 925.03
1.9225 1601.95 1586.01 490.082
1.925 1175.88 1095.72 59.7767
1.9275 755.232 611.578 -365.232
1.93 341.015 134.877 -783.731
1.9325 -65.7359 -333.242 -1194.87
1.935 -464.059 -791.642 -1597.54
1.9375 -853.128 -1238.83 -1988.26
1.94 -1232 -1674 -2367.9
1.9425 -1599.65 -2096.5 -2736.97
1.945 -1955.12 -2505.02 -3093.44
1.9475 -2297.33 -2898.5 -3436.91
1.95 -2625.33 -3275.89 -3765.98
1.9525 -2938.13 -3636.12 -4079.95
1.955 -3234.62 -3978.01 -4377.5
1.9575 -3513.67 -4300.33 -4657.62
1.96 -3774.29 -4602.03 -4919.25
1.9625 -4015.41 -4881.94 -5161.34
1.965 -4235.63 -5138.56 -5382.46
1.9675 -4433.5 -5370.28 -5581.18
1.97 -4607.75 -5575.68 -5756.21
1.9725 -4757.4 -5753.67 -5906.56
1.975 -4881.86 -5903.56 -6031.65
1.9775 -4980.85 -6024.99 -6131.18
1.98 -5054.3 -6117.81 -6205.08
1.9825 -5102.4 -6182.17 -6253.54
1.985 -5125.69 -6218.56 -6277.1
1.9875 -5124.95 -6227.75 -6276.55
1.99 -5101.15 -6210.67 -6252.85
1.9925 -5055.6 -6168.65 -6207.31
1.995 -4990.12 -6103.57 -6141.76
1.9975 -4906.87 -6017.68 -6058.35
2 -4808.07 -5913.3 -5959.33
2.0025 -4695.97 -5792.79 -5846.94
2.005 -4572.79 -5658.47 -5723.4
2.0075 -4440.7 -5512.65 -5590.91
2.01 -4301.86 -5357.61 -5451.62
2.0125 -4158.26 -5195.45 -5307.52
2.015 -4011.61 -5028.03 -5160.33
2.0175 -3863.42 -4856.96 -5011.57
2.02 -3715.07 -4683.78 -4862.64
2.0225 -3567.65 -4509.68 -4714.6
2.025 -3421.72 -4335.33 -4568.03
2.0275 -3277.51 -4161.05 -4423.16
2.03 -3135.1 -3987.03 -4280.08
2.0325 -2994.37 -3813.26 -4138.66
2.035 -2854.89 -3639.39 -3998.48
2.0375 -2716.02 -3464.9 -3858.89
2.04 -2577.03 -3289.15 -3719.17
2.0425 -2437.12 -3111.49 -3578.52
2.045 -2295.45 -2931.19 -3436.09
2.0475 -2151.13 -2747.5 -3291
2.05 -2003.26 -2559.69 -3142.35
2.0525 -1851.03 -2367.09 -2989.32
2.055 -1693.75 -2169.21 -2831.23
2.0575 -1530.86 -1965.67 -2667.52
2.06 -1361.91 -1756.04 -2496.86
2.0625 -1186.67 -1540.2 -2318.68
2.065 -1005.3 -1318.79 -2134.35
2.0675 -818.231 -1092.64 -1944.52
2.07 -626.076 -862.579 -1749.75
2.0725 -429.548 -629.617 -1550.81
2.075 -229.494 -394.847 -1348.47
2.0775 -26.8539 -159.499 -1143.58
2.08 177.265 75.0489 -937.412
2.0825 381.742 307.486 -731.126
2.085 585.622 536.642 -525.626
2.0875 787.964 761.395 -321.944
2.09 987.697 980.517 -121.082
2.0925 1183.81 1192.69 75.0404
2.095 1375.33 1396.94 266.107
2.0975 1561.28 1592.24 451.466
2.1 1740.66 1777.47 629.849
2.1025 1912.13 1951.2 800.107
2.105 2073.85 2111.38 960.189
2.1075 2223.6 2255.66 1108.03
2.11 2359.01 2381.66 1241.33
2.1125 2478.15 2487.14 1358.05
2.115 2579.03 2569.95 1456.18
2.1175 2659.82 2628.16 1533.92
2.12 2718.67 2660.32 1592.15
2.1225 2753.96 2664.58 1627.75
2.125 2764.93 2639.22 1637.94
2.1275 2750.53 2583.24 1622.57
2.13 2709.21 2495.42 1580.02
2.1325 2640.02 2374.9 1509.88
2.135 2542.38 2220.99 1411.2
2.1375 2415.71 2033.15 1283.69
2.14 2259.73 1811.05 1126.87
2.1425 2073.72 1553.97 940.165
2.145 1856.21 1260.28 722.034
2.1475 1605.34 927.929 470.685
2.15 1313.26 554.055 184.686
2.1525 982.597 137.357 -137.586
2.155 614.689 -323.163 -497.96
2.1575 205.742 -829.7 -897.834
2.16 -243.967 -1383.49 -1338.56
2.1625 -736.565 -1985.8 -1821.08
2.165 -1271.9 -2637.37 -2346.05
2.1675 -1850.88 -3338.63 -2913.78
2.17 -2473.18 -4089.78 -3524.34
2.1725 -3139.2 -4890.95 -4177.82
2.175 -3849.05 -5742.62 -4874.52
2.1775 -4603.23 -6645.22 -5614.78
2.18 -5401.74 -7599 -6398.68
2.1825 -6244.53 -8603.87 -7226.07
2.185 -7131.1 -9659.47 -8096.52
2.1875 -8060.86 -10765.1 -9009.34
2.19 -9032.89 -11920.1 -9963.67
2.1925 -10045.8 -13122.8 -10958.1
2.195 -11097.5 -14370.9 -11990.5
2.1975 -12185 -15661.5 -13057.9
2.2 -13305.6 -16991.4 -14157.7
2.2025 -14455.7 -18356.8 -15286.2
2.205 -15629.9 -19751.9 -16438.1
2.2075 -16822.4 -21170.1 -17607.6
2.21 -18027.1 -22604.9 -18788.9
2.2125 -19238.1 -24049.6 -19975.7
2.215 -20448.6 -25496.7 -21161.6
2.2175 -21651.8 -26938.7 -22339.8
2.22 -22841.1 -28368.1 -23503.9
2.2225 -24010.1 -29777.7 -24647.4
2.225 -25151.6 -31159.3 -25763.2
2.2275 -26258.5 -32505 -26844.4
2.23 -27324.2 -33807.1 -27884.5
2.2325 -28343.3 -35059.2 -28878
2.235 -29312.1 -36257.1 -29821.6
2.2375 -30228.5 -37397.8 -30713.1
2.24 -31090.5 -38478.9 -31550.5
2.2425 -31897.5 -39499.1 -32333.4
2.245 -32650.3 -40458.8 -33062.5
2.2475 -33350.8 -41359.6 -33739.7
2.25 -34001.1 -42203.5 -34367.3
2.2525 -34603.7 -42992.5 -34947.8
2.255 -35161.1 -43729 -35483.6
2.2575 -35675.9 -44415.4 -35977.3
2.26 -36150.9 -45054.2 -36431.8
2.2625 -36588.5 -45647.9 -36849.7
2.265 -36991.1 -46198.6 -37233
2.2675 -37360.5 -46708.1 -37583.8
2.27 -37698.5 -47178.1 -37903.9
2.2725 -38006.5 -47609.7 -38194.6
2.275 -38284.5 -48002.9 -38456
2.2775 -38531.8 -48356.8 -38687.5
2.28 -38747.5 -48670.5 -38888.2
2.2825 -38930.6 -48942.5 -39057
2.285 -39078.8 -49170.4 -39191.8
2.2875 -39189.5 -49351.6 -39290.1
2.29 -39260.2 -49483 -39349.3
2.2925 -39288.4 -49562.3 -39367.2
2.295 -39272.7 -49587.7 -39342.1
2.2975 -39211.7 -49557.9 -39272.9
2.3 -39104.2 -49471.7 -39158.3
2.3025 -38949.4 -49328.3 -38997.6
2.305 -38747 -49127.4 -38790.4
2.3075 -38496.8 -48868.9 -38536.8
2.31 -38199.1 -48553.2 -38236.8
2.3125 -37854.2 -48180.7 -37890.9
2.315 -37463.1 -47752.5 -37500.1
2.3175 -37027.1 -47270.1 -37065.7
2.32 -36547.6 -46734.9 -36589
2.3225 -36026 -46148.5 -36071.5
2.325 -35464 -45512.8 -35514.9
2.3275 -34863.2 -44829.5 -34920.8
2.33 -34225.4 -44100.4 -34290.9
2.3325 -33552.3 -43327.5 -33627
2.335 -32845.4 -42512.2 -32930.6
2.3375 -32106.2 -41656.2 -32203.1
2.34 -31336 -40760.9 -31446
2.3425 -30536.2 -39827.6 -30660.5
2.345 -29707.4 -38857.2 -29847.4
2.3475 -28850.5 -37850.4 -29007.3
2.35 -27965.8 -36807.6 -28140.8
2.3525 -27054.3 -35729.7 -27248.6
2.355 -26117.3 -34618.5 -26332.2
2.3575 -25156.6 -33475.6 -25393.3
2.36 -24173.7 -32303.1 -24433.4
2.3625 -23170.5 -31102.9 -23454.3
2.365 -22149.4 -29877.9 -22458.4
2.3675 -21113.3 -28631.3 -21448.3
2.37 -20064.7 -27366.1 -20426.7
2.3725 -19006.8 -26086 -19396.6
2.375 -17944.5 -24796.7 -18362.7
2.3775 -16883.3 -23504.5 -17330.5
2.38 -15828.6 -22215.6 -16305.1
2.3825 -14786.1 -20936.6 -15292.1
2.385 -13762.2 -19675.3 -14297.9
2.3875 -12764.1 -18439.8 -13329.3
2.39 -11798.4 -17237.9 -12392.7
2.3925 -10871.9 -16077.6 -11494.9
2.395 -9992.23 -14967.9 -10643.2
2.3975 -9167.14 -13918.1 -9845.22
2.4 -8403.98 -12936.8 -9108.09
2.4025 -7709.68 -12032.4 -8438.58
2.405 -7090.89 -11212.9 -7843.16
2.4075 -6553.85 -10486.1 -7327.9
2.41 -6104.29 -9858.94 -6898.39
2.4125 -5747.05 -9337.64 -6559.34
2.415 -5485.68 -8926.93 -6314.2
2.4175 -5322.85 -8630.56 -6165.54
2.42 -5260.8 -8451.81 -6115.53
2.4225 -5300.7 -8392.78 -6165.28
2.425 -5441.91 -8453.58 -6314.15
2.4275 -5682.82 -8633.13 -6560.51
2.43 -6021.54 -8930.06 -6902.49
2.4325 -6455.25 -9341.91 -7337.29
2.435 -6979.39 -9864.23 -7860.4
2.4375 -7588.51 -10491.5 -8466.47
2.44 -8277.22 -11218.3 -9150.19
2.4425 -9040 -12038.7 -9906.11
2.445 -9871.01 -12946.6 -10728.5
2.4475 -10764.3 -13935.5 -11611.5
2.45 -11714.4 -14999.4 -12549.7
2.4525 -12715.7 -16132.2 -13537.8
2.455 -13763 -17327.7 -14570.5
2.4575 -14851.2 -18580.1 -15642.7
2.46 -15975.4 -19883.8 -16750
2.4625 -17131.7 -21233.8 -17888.4
2.465 -18317 -22626.2 -19054.7
2.4675 -19528.7 -24057.4 -20246.8
2.47 -20764.8 -25524.6 -21462.4
2.4725 -22023.6 -27025.3 -22700.2
2.475 -23304.6 -28557.8 -23959.5
2.4775 -24607.5 -30121.3 -25240.2
2.48 -25932.3 -31714.7 -26542.3
2.4825 -27278.4 -33336.9 -27865.5
2.485 -28644.5 -34985.3 -29208.3
2.4875 -30028.4 -36656.8 -30568.6
2.49 -31428 -38348.3 -31944.4
2.4925 -32840 -40055.6 -33332.6
2.495 -34259 -41772.2 -34727.9
2.4975 -35679 -43490.1 -36124.1
2.5 -37093.2 -45201.5 -37514.5
2.5025 -38493.7 -46897.7 -38891.7
2.505 -39871.2 -48567.5 -40246.1
2.5075 -41214.5 -50198.5 -41567.4
2.51 -42513.5 -51778.7 -42844.8
2.5125 -43757.1 -53295.8 -44067.4
2.515 -44934.1 -54737 -45224.3
2.5175 -46033 -56089.1 -46304.1
2.52 -47042.8 -57339.7 -47295.9
2.5225 -47953.2 -58476.9 -48189.6
2.525 -48754.9 -59489.9 -48975.8
2.5275 -49439.1 -60369 -49646.1
2.53 -49998.3 -61104.9 -50192.7
2.5325 -50425.5 -61689.8 -50609.1
2.535 -50715.9 -62117.4 -50890.3
2.5375 -50865.5 -62383 -51032.5
2.54 -50871.3 -62482.5 -51032.6
2.5425 -50731.7 -62413.5 -50889.3
2.545 -50447.6 -62176.2 -50603.5
2.5475 -50021.4 -61772.4 -50177.4
2.55 -49455.9 -61204.7 -49614.1
2.5525 -48755.4 -60476.8 -48917.9
2.555 -47926 -59594.7 -48094.8
2.5575 -46974.8 -58565.4 -47152
2.56 -45909.1 -57396.4 -46096.7
2.5625 -44736.7 -56095.6 -44936.9
2.565 -43466.5 -54671.9 -43681.2
2.5675 -42107.4 -53134.7 -42338.7
2.57 -40668.1 -51493.3 -40918
2.5725 -39157 -49756.2 -39427.5
2.575 -37581.7 -47931.7 -37874.7
2.5775 -35948.9 -46027.2 -36266.5
2.58 -34265.2 -44049.5 -34609.2
2.5825 -32536.1 -42005 -32908.3
2.585 -30766.4 -39899.1 -31168.7
2.5875 -28960 -37736.5 -29394.3
2.59 -27120.4 -35521.4 -27588.3
2.5925 -25250 -33256.9 -25753.2
2.595 -23350.4 -30945.5 -23890
2.5975 -21422.2 -28588.9 -22000
2.6 -19465.8 -26188 -20083.3
2.6025 -17481.1 -23743.8 -18139.6
2.605 -15468.3 -21257 -16169
2.6075 -13426.5 -18728.2 -14170.7
2.61 -11355 -16157.9 -12144
2.6125 -9253.47 -13546.7 -10088.2
2.615 -7121.38 -10895.6 -8003.09
2.6175 -4959.42 -8206.3 -5888.95
2.62 -2767.83 -5480.25 -3745.91
2.6225 -547.123 -2719.13 -1574.28
2.625 1702.11 75.2109 625.411
2.6275 3978.91 2900.65 2852.39
2.63 6247.07 5748.9 5106.89
2.6325 8528.83 8619.87 7387.06
2.635 10840.5 11521.8 9726.05
2.6375 13166.8 14445.8 12096
2.64 15515.4 17384.5 14476.4
2.6425 17876.8 20336.2 16877.9
2.645 20252.2 23295.6 19288
2.6475 22635.7 26259.3 21710.1
2.65 25025.2 29222.4 24135.8
2.6525 27415.3 32179.7 26564
2.655 29800.8 35124.5 28986.8
2.6575 32175.1 38049.7 31399.3
2.66 34531.6 40947.6 33793.8
2.6625 36863 43810.3 36164
2.665 39162.1 46629.5 38501.9
2.6675 41421 49396.7 40800.2
2.67 43631.9 52103.4 43050.8
2.6725 45788.9 54741.2 45246.2
2.675 47883.2 57301.9 47378.8
2.6775 49906.8 59777.7 49441.7
2.68 51853.6 62161 51427.8
2.6825 53716.4 64444.7 53330.8
2.685 55490.1 66622.8 55144.9
2.6875 57169.4 68689.7 56865.1
2.69 58749.9 70640.2 58484.9
2.6925 60227.8 72470.5 60002
2.695 61600.9 74178.3 61415
2.6975 62867.9 75761.9 62721.9
2.7 64028 77220.7 63922.3
2.7025 65081 78554.5 65015.7
2.705 66027.7 79764 66002.9
2.7075 66869.2 80850.5 66885.1
2.71 67607.4 81816 67664
2.7125 68244.4 82662.9 68341.6
2.715 68782.5 83393.7 68920.2
2.7175 69224.2 84011.2 69402.3
2.72 69572.6 84519 69790.8
2.7225 69830.9 84920.6 70089
2.725 70002.9 85220.4 70300.5
2.7275 70092.5 85422.9 70429.2
2.73 70104 85533 70479.4
2.7325 70041.6 85555.6 70455.2
2.735 69908.4 85495.3 70360.3
2.7375 69708.9 85356.5 70198.5
2.74 69447.3 85144 69973.5
2.7425 69127.1 84862.3 69690.4
2.745 68751.9 84516 69351.5
2.7475 68324.9 84109.5 68960
2.75 67849.9 83647.4 68519.8
2.7525 67330.6 83134.8 68034.9
2.755 66771.6 82577.2 67509.7
2.7575 66177.5 81980.5 66949
2.76 65553.5 81351 66357.9
2.7625 64903.9 80694.4 65740.9
2.765 64232.3 80015.3 65101.6
2.7675 63541.4 79317.4 64442.8
2.77 62834.6 78605.1 63767.9
2.7725 62114.8 77882.1 63079.8
2.775 61384.1 77151.4 62380.7
2.7775 60644.3 76415.5 61672.4
2.78 59897.7 75677.2 60957.2
2.7825 59146.1 74939.1 60237
2.785 58390.6 74202.5 59512.9
2.7875 57631.9 73468.4 58785.6
2.79 56871.3 72738.3 58056.3
2.7925 56110.2 72013.6 57326.4
2.795 55350.4 71296.4 56597.7
2.7975 54593.9 70588.5 55872.3
2.8 53843.1 69892.5 55152.5
2.8025 53100.6 69210.5 54440.7
2.805 52368.2 68544.3 53739
2.8075 51648 67895.6 53049.3
2.81 50942.1 67266 52373.6
2.8125 50252.7 66657.4 51714.1
2.815 49582.4 66071.6 51073.4
2.8175 48933.7 65510.8 50453.8
2.82 48309 64976.7 49857.8
2.8225 47711.3 64471.7 49288.3
2.825 47144.6 63999.5 48749.3
2.8275 46613.5 63564.3 48245.5
2.83 46122 63169.7 47780.8
2.8325 45674.7 62820 47359.8
2.835 45277.5 62520.9 46988.6
2.8375 44936.6 62278.8 46673.5
2.84 44657.5 62099.3 46420
2.8425 44445.5 61987.5 46233.5
2.845 44306.6 61949.8 46120.2
2.8475 44246.3 61992.1 46085.7
2.85 44269.2 62119.3 46134.8
2.8525 44379.2 62335.7 46271.5
2.855 44579.9 62645.2 46499.4
2.8575 44874.2 63051.1 46821.6
2.86 45263.5 63555.6 47239.6
2.8625 45748.9 64159.9 47754.5
2.865 46330.6 64864.9 48366.6
2.8675 47008.4 65670.7 49075.6
2.87 47780.6 66576.4 49880.2
2.8725 48644.8 67579.7 50777.6
2.875 49597.4 68677.5 51764.4
2.8775 50633.6 69865.2 52835.6
2.88 51748.2 71137.7 53985.9
2.8825 52935.6 72489.8 55209.8
2.885 54191.2 73916.9 56502.3
2.8875 55510.4 75414.8 57859
2.89 56888.2 76978.8 59274.8
2.8925 58319.5 78603.9 60744.5
2.895 59799.3 80285.1 62262.9
2.8975 61322.7 82017.6 63825.1
2.9 62884.5 83796.1 65425.7
2.9025 64479.8 85615.6 67059.8
2.905 66103.6 87471 68722.3
2.9075 67751.4 89357.3 70408.5
2.91 69418.6 91269.7 72113.7
2.9125 71100.5 93203 73833.1
2.915 72792 95151.4 75561.3
2.9175 74487.5 97108.6 77292.8
2.92 76182.1 99068.9 79022.3
2.9225 77871 101027 80745.1
2.925 79549.8 102977 82456.5
2.9275 81214.5 104914 84152.2
2.93 82861.3 106833 85828.5
2.9325 84486.9 108731 87482
2.935 86088.9 110603 89110.1
2.9375 87665.2 112448 90710.7
2.94 89214 114261 92281.9
2.9425 90733.5 116042 93821.9
2.945 92221.8 117786 95328.7
2.9475 93676.7 119492 96800.1
2.95 95096.3 121128 98233.8
2.9525 96478.4 122723 99627.7
2.955 97821 124270 100980
2.9575 99121.6 125768 102288
2.96 100378 127212 103549
2.9625 101587 128600 104762
2.965 102746 129928 105922
2.9675 103852 131191 107026
2.97 104900 132378 108071
2.9725 105887 133432 109052
2.975 106809 134432 109965
2.9775 107662 135353 110807
2.98 108442 136191 111574
2.9825 109144 136942 112260
2.985 109762 137601 112862
2.9875 110292 138162 113373
2.99 110729 138620 113788
2.9925 111068 138969 114103
2.995 111304 139206 114314
2.9975 111434 139326 114416
3 111454 139323 114406
3.0025 111360 139187 114281
3.005 111152 138917 114039
3.0075 110828 138511 113678
3.01 110386 137968 113198
3.0125 109828 137288 112599
3.015 109155 136472 111883
3.0175 108369 135522 111052
3.02 107473 134442 110109
3.0225 106471 133234 109058
3.025 105366 131902 107903
3.0275 104164 130452 106648
3.03 102868 128887 105297
3.0325 101484 127213 103857
3.035 100018 125436 102334
3.0375 98477.5 123564 100734
3.04 96869.2 121604 99064.7
3.0425 95199.7 119563 97332.9
3.045 93475.1 117448 95544.7
3.0475 91701.5 115266 93706.2
3.05 89884.4 113021 91823
3.0525 88028.6 110721 89900
3.055 86138.1 108368 87941.1
3.0575 84216 105968 85949.4
3.06 82264.8 103522 83927.7
3.0625 80286.6 101035 81877.9
3.065 78282.5 98507.2 79801.4
3.0675 76253.1 95940.5 77698.6
3.07 74198.4 93335.7 75569.6
3.0725 72118.4 90693.5 73414.5
3.075 70012.4 88014.2 71232.7
3.0775 67879.9 85298.2 69023.6
3.08 65720.1 82545.6 66786.5
3.0825 63532.4 79756.9 64520.9
3.085 61317.1 76933.5 62227.2
3.0875 59074.9 74077.5 59906.3
3.09 56806.6 71190.9 57559
3.0925 54513.2 68275.8 55186.4
3.095 52195.5 65334.4 52789.4
3.0975 49854.6 62369 50369.2
3.1 47491.8 59382.1 47927.3
3.1025 45109.2 56376.9 45465.9
3.105 42709.6 53357.7 42988
3.1075 40296.9 50329.5 40497.4
3.11 37875 47297.6 37998.4
3.1125 35448.3 44267.5 35495.5
3.115 33020.8 41244.4 32992.9
3.1175 30596.9 38233.5 30494.9
3.12 28181.1 35240.6 28006.4
3.1225 25778.8 32271.9 25532.8
3.125 23396.3 29334.6 23080.6
3.1275 21040.4 26436.5 20656.6
3.13 18718.2 23585.7 18268.3
3.1325 16436.6 20790 15922.6
3.135 14201.9 18056.1 13625.9
3.1375 12019.9 15390.7 11384.1
3.14 9896.56 12800.2 9203.37
3.1425 7838.07 10291.3 7089.9
3.145 5851.01 7871.11 5050.39
3.1475 3942.07 5546.82 3091.63
3.15 2117.7 3325.4 1220.15
3.1525 383.691 1213.02 -558.201
3.155 -1255.29 -785.365 -2238.71
3.1575 -2795.39 -2665.74 -3817.51
3.16 -4233.2 -4424.58 -5291.18
3.1625 -5566.06 -6059.15 -6657.06
3.165 -6792.2 -7567.74 -7913.43
3.1675 -7910.68 -8949.49 -9059.37
3.17 -8921.08 -10204.2 -10094.5
3.1725 -9823.75 -11332.3 -11019.3
3.175 -10620 -12335.5 -11835.1
3.1775 -11312.1 -13214.1 -12531.8
3.18 -11902.6 -13972.1 -13121.4
3.1825 -12394 -14614.9 -13613.7
3.185 -12789.8 -15145.3 -14007.4
3.1875 -13093.9 -15568.2 -14309.5
3.19 -13310.4 -15888.3 -14522.3
3.1925 -13451.4 -16112 -14651.5
3.195 -13515.2 -16243.7 -14700.8
3.1975 -13502.5 -16287.6 -14676
3.2 -13421.5 -16250.2 -14581.4
3.2025 -13275.2 -16137.1 -14422.8
3.205 -13070.9 -15955 -14205.7
3.2075 -12813.3 -15710.6 -13936
3.21 -12509.2 -15410.9 -13619.8
3.2125 -12164.5 -15063.2 -13263.4
3.215 -11786 -14674.9 -12873.3
3.2175 -11380.2 -14254.1 -12456.2
3.22 -10954.1 -13808.6 -12019
3.2225 -10514.3 -13346.5 -11568.4
3.225 -10068.3 -12876.2 -11111.5
3.2275 -9623.07 -12406.1 -10655.5
3.23 -9185.57 -11945.1 -10210.8
3.2325 -8762.77 -11501 -9781.3
3.235 -8361.91 -11082.3 -9372.87
3.2375 -7988.33 -10697 -8993.66
3.24 -7648.55 -10352.9 -8649.29
3.2425 -7350.67 -10058.2 -8347
3.245 -7101.4 -9820.75 -8092.08
3.2475 -6906.82 -9647.95 -7891.29
3.25 -6772.98 -9547.03 -7749.95
3.2525 -6705.29 -9524.62 -7673.65
3.255 -6708.09 -9586.09 -7666.34
3.2575 -6785.15 -9736.16 -7731.77
3.26 -6939.99 -9979.23 -7873.17
3.2625 -7176.06 -10319.6 -8093.89
3.265 -7496.63 -10761.3 -8397
3.2675 -7904.95 -11308.3 -8785.57
3.27 -8404.01 -11964.4 -9262.4
3.2725 -8996.15 -12732.2 -9829.68
3.275 -9682.35 -13613.3 -10488.2
3.2775 -10462.9 -14608.1 -11238.3
3.28 -11338 -15716.9 -12079.7
3.2825 -12307.7 -16940 -13012.7
3.285 -13372.4 -18277.6 -14037.3
3.2875 -14532.4 -19730.2 -15153.9
3.29 -15787.8 -21297.7 -16362.4
3.2925 -17138.4 -22979.8 -17662.5
3.295 -18583.2 -24775.1 -19053.1
3.2975 -20120.5 -26681.5 -20532.5
3.3 -21748.6 -28697 -22099
3.3025 -23465.8 -30819.2 -23750.8
3.305 -25270.8 -33046.5 -25486.6
3.3075 -27162.1 -35376.7 -27304.9
3.31 -29138.3 -37807.9 -29204.3
3.3125 -31197.1 -40337.2 -31182.4
3.315 -33335.3 -42960.7 -33236
3.3175 -35548.8 -45673.3 -35361.3
3.32 -37833.4 -48470.1 -37554
3.3225 -40185 -51346 -39810
3.325 -42599.2 -54295.9 -42125.2
3.3275 -45071.8 -57314.7 -44495.3
3.33 -47598.4 -60397.1 -46916.2
3.3325 -50174.4 -63537.6 -49383.1
3.335 -52794.4 -66730 -51891.1
3.3375 -55453.1 -69967.9 -54434.7
3.34 -58144.8 -73244.9 -57008.6
3.3425 -60863.8 -76554.2 -59607.1
3.345 -63603.7 -79888.3 -62224.1
3.3475 -66357.9 -83239.8 -64853
3.35 -69119.7 -86601 -67487.6
3.3525 -71882.7 -89964.2 -70121.4
3.355 -74639.9 -93321.7 -72747.8
3.3575 -77384.4 -96665.5 -75360.1
3.36 -80109.6 -99987.8 -77952
3.3625 -82809.1 -103281 -80517.2
3.365 -85477 -106539 -83049.9
3.3675 -88107.5 -109754 -85544.9
3.37 -90695.4 -112920 -87996.9
3.3725 -93235.8 -116032 -90401.4
3.375 -95724.4 -119084 -92754.4
3.3775 -98157.4 -122061 -95052.1
3.38 -100531 -124930 -97291.4
3.3825 -102842 -127730 -99469.3
3.385 -105088 -130452 -101584
3.3875 -107269 -133085 -103634
3.39 -109379 -135505 -105616
3.3925 -111418 -137868 -107531
3.395 -113388 -140150 -109347
3.3975 -115289 -142349 -111092
3.4 -117120 -144430 -112771
3.4025 -118881 -146431 -114384
3.405 -120574 -148353 -115930
3.4075 -122192 -150086 -117398
3.41 -123685 -151265 -118675
3.4125 -125065 -152055 -119857
3.415 -126392 -152867 -120990
3.4175 -127662 -153635 -122074
3.42 -128874 -154370 -123105
3.4225 -130011 -155052 -124086
3.425 -131090 -155699 -125009
3.4275 -132111 -156316 -125868
3.43 -133071 -156898 -126668
3.4325 -133969 -157442 -127414
3.435 -134799 -157938 -128100
3.4375 -135561 -158385 -128727
3.44 -136250 -158788 -129289
3.4425 -136864 -159141 -129784
3.445 -137399 -159444 -130211
3.4475 -137853 -159694 -130515
3.45 -138223 -159887 -130771
3.4525 -138506 -160023 -130954
3.455 -138700 -160098 -131063
3.4575 -138803 -160112 -131097
3.46 -138811 -160063 -131053
3.4625 -138723 -159931 -130931
3.465 -138535 -159699 -130716
3.4675 -138243 -159345 -130402
3.47 -137846 -158868 -129989
3.4725 -137344 -158269 -129477
3.475 -136739 -157549 -128868
3.4775 -136033 -156713 -128163
3.48 -135230 -155763 -127367
3.4825 -134332 -154704 -126481
3.485 -133344 -153540 -125511
3.4875 -132272 -152279 -124461
3.49 -131120 -150926 -123338
3.4925 -129897 -149488 -122147
3.495 -128606 -147973 -120894
3.4975 -127255 -146387 -119585
3.5 -125850 -144738 -118226
3.5025 -124397 -143034 -116823
3.505 -122902 -141280 -115383
3.5075 -121372 -139484 -113910
3.51 -119811 -137652 -112409
3.5125 -118225 -135790 -110887
3.515 -116619 -133904 -109347
3.5175 -114996 -131998 -107793
3.52 -113360 -130077 -106229
3.5225 -111716 -128145 -104659
3.525 -110068 -126208 -103086
3.5275 -108419 -124271 -101515
3.53 -106775 -122339 -99949.5
3.5325 -105140 -120417 -98394.8
3.535 -103519 -118511 -96854.6
3.5375 -101915 -116624 -95333.3
3.54 -100334 -114764 -93835.1
3.5425 -98779.9 -112934 -92364.3
3.545 -97257.7 -111140 -90925.6
3.5475 -95772.2 -109388 -89523.5
3.55 -94328.1 -107682 -88162.6
3.5525 -92930 -106029 -86847.2
3.555 -91582.9 -104433 -85582.2
3.5575 -90291.7 -102900 -84372.2
3.56 -89061.1 -101434 -83221.7
3.5625 -87895.4 -100042 -82134.8
3.565 -86798.6 -98726.3 -81115.5
3.5675 -85774.6 -97492 -80167.3
3.57 -84826.6 -96342.6 -79293.5
3.5725 -83957.5 -95281.2 -78496.8
3.575 -83170.2 -94310.8 -77780
3.5775 -82466.9 -93433.8 -77145.1
3.58 -81849.3 -92652.2 -76594
3.5825 -81318.7 -91967.3 -76127.8
3.585 -80875.7 -91379.9 -75747.2
3.5875 -80520.5 -90890.1 -75452.2
3.59 -80252.5 -90497.5 -75242.5
3.5925 -80070.2 -90200.4 -75116.3
3.595 -79970.2 -89995.1 -75070.7
3.5975 -79948 -89877.1 -75101.1
3.6 -79998.7 -89840.9 -75202.9
3.6025 -80116.9 -89880.8 -75370.8
3.605 -80296.5 -89990.2 -75598.9
3.6075 -80531.1 -90162.2 -75881
3.61 -80813.9 -90389.6 -76210.5
3.6125 -81137.9 -90664.7 -76580.6
3.615 -81495.7 -90979.6 -76984
3.6175 -81879.5 -91325.8 -77413.3
3.62 -82281.8 -91695 -77861.1
3.6225 -82694.9 -92078.9 -78319.8
3.625 -83111 -92468.9 -78782
3.6275 -83522.7 -92856.9 -79240.2
3.63 -83922.7 -93234.7 -79687.5
3.6325 -84303.9 -93594.3 -80116.7
3.635 -84659.5 -93928.2 -80521.3
3.6375 -84982.8 -94228.8 -80894.8
3.64 -85267.9 -94489.1 -81231.2
3.6425 -85509.1 -94702.8 -81525
3.645 -85701.6 -94864.2 -81771.4
3.6475 -85841.3 -94968.2 -81966.4
3.65 -85924.5 -95010.4 -82106.2
3.6525 -85948.1 -94986.9 -82187.8
3.655 -85910.1 -94894.9 -82209.3
3.6575 -85809.4 -94732.7 -82169.2
3.66 -85644.9 -94498.5 -82066.8
3.6625 -85416 -94191 -81901.1
3.665 -85121.7 -93808.6 -81671.2
3.6675 -84761.3 -93349.9 -81376.3
3.67 -84334.1 -92813.6 -81015.7
3.6725 -83840.2 -92199.1 -80589.4
3.675 -83280.3 -91506.6 -80097.9
3.6775 -82655.4 -90736.9 -79542.3
3.68 -81967.1 -89891 -78923.9
3.6825 -81216.2 -88969.6 -78243.6
3.685 -80403.2 -87972.5 -77501.7
3.6875 -79527.7 -86899.3 -76698
3.69 -78590.1 -85749.6 -75832.5
3.6925 -77589.5 -84522.5 -74904.5
3.695 -76523.7 -83215.2 -73911.5
3.6975 -75389.5 -81823.8 -72850.7
3.7 -74183.8 -80345 -71718.7
3.7025 -72903.5 -78774.9 -70512.3
3.705 -71544.9 -77108.7 -69227.1
3.7075 -70102.8 -75341.4 -67858.8
3.71 -68573.1 -73468.4 -66403.1
3.7125 -66951.8 -71485.2 -64855.8
3.715 -65235 -69387.4 -63213.3
3.7175 -63419.2 -67171.1 -61471.8
3.72 -61501.2 -64832.7 -59628
3.7225 -59478.7 -62369.5 -57679.6
3.725 -57350.2 -59779.8 -55625.2
3.7275 -55115.3 -57062.8 -53464.2
3.73 -52773.6 -54218.4 -51196.3
3.7325 -50325.7 -51246.8 -48821.8
3.735 -47772.9 -48149.4 -46342.1
3.7375 -45117.3 -44928.2 -43759.1
3.74 -42361.1 -41585.8 -41075
3.7425 -39507.3 -38125 -38292.6
3.745 -36559.4 -34549.9 -35415.4
3.7475 -33521.6 -30864.8 -32447.3
3.75 -30398.1 -27074.3 -29392.6
3.7525 -27193.3 -23183.1 -26255.5
3.755 -23911.4 -19196 -23040.2
3.7575 -20556.8 -15117.8 -19750.9
3.76 -17133.8 -10953.1 -16391.7
3.7625 -13643.1 -6706.41 -12967.2
3.765 -10091.5 -2382.78 -9481.15
3.7675 -6484.49 2013.17 -5937.19
3.77 -2824.45 6476.81 -2341.83
3.7725 829.379 10995.6 1312.07
3.775 4507.44 15575.9 5063.63
3.7775 8235.16 20214.8 8867.62
3.78 11989.1 24897.1 12700.6
3.7825 15776.5 29621.4 16572
3.785 19581.8 34376.8 20464.1
3.7875 23402.6 39154.7 24376.4
3.79 27227.4 43945.4 28295.5
3.7925 31050.4 48738.9 32217.1
3.795 34860.1 53524 36128.3
3.7975 38647.8 58288.2 40021.1
3.8 42402.8 63020 43884.1
3.8025 46115.8 67707.2 47708.3
3.805 49776.1 72337.5 51482.5
3.8075 53373.6 76898.3 55196.5
3.81 56898.2 81377.4 58839.9
3.8125 60340.4 85763 62403
3.815 63690.6 90043.3 65875.8
3.8175 66939.6 94206.9 69249
3.82 70078.6 98243 72513.3
3.8225 73099.4 102141 75660.3
3.825 75993.6 105890 78681.2
3.8275 78753.3 109481 81567.7
3.83 81371 112903 84311.9
3.8325 83839.9 116149 86906.8
3.835 86153.5 119209 89345.4
3.8375 88306 122076 91621.4
3.84 90292 124743 93729.1
3.8425 92107.3 127203 95663.7
3.845 93748.7 129454 97421.8
3.8475 95214.2 131490 99000.9
3.85 96502.1 133306 100399
3.8525 97588.3 134666 101589
3.855 98462.9 135527 102560
3.8575 99160 136179 103350
3.86 99696.3 136684 103974
3.8625 100073 137026 104434
3.865 100299 137218 104740
3.8675 100384 137270 104900
3.87 100338 137190 104924
3.8725 100170 136989 104822
3.875 99892.8 136676 104606
3.8775 99518.6 136262 104289
3.88 99059.2 135759 103883
3.8825 98526.5 135180 103399
3.885 97932.6 134538 102850
3.8875 97289.3 133844 102248
3.89 96607.7 133110 101604
3.8925 95897.7 132341 100929
3.895 95166.5 131533 100229
3.8975 94422 130692 99513.4
3.9 93672.5 129831 98789.7
3.9025 92924.6 128957 98065.1
3.905 92184.3 128079 97346
3.9075 91456.8 127204 96637.6
3.91 90746.5 126339 95944.8
3.9125 90057.3 125488 95271.6
3.915 89392.4 124658 94621.5
3.9175 88754.7 123853 93997.7
3.92 88146.6 123077 93402.7
3.9225 87570.2 122335 92838.8
3.925 87026.9 121628 92307.9
3.9275 86518.3 120961 91811.5
3.93 86045.5 120336 91351.1
3.9325 85610.1 119755 90928.3
3.935 85213.7 119223 90545.3
3.9375 84858.8 118743 90204.4
3.94 84547.4 118318 89908.2
3.9425 84281.9 117953 89659.1
3.945 84064.7 117650 89459.9
3.9475 83898.5 117414 89313.4
3.95 83785.8 117248 89222.4
3.9525 83729.2 117156 89189.5
3.955 83730.3 117140 89216.7
3.9575 83790.4 117203 89305.4
3.96 83911.1 117346 89457.3
3.9625 84093.1 117570 89673.2
3.965 84335 117875 89951.8
3.9675 84634.6 118259 90290.7
3.97 84989.9 118718 90687.9
3.9725 85398.1 119250 91140.6
3.975 85855.1 119850 91644.4
3.9775 86356 120513 92194.4
3.98 86896.4 121234 92785.8
3.9825 87471.1 122006 93413.3
3.985 88073.3 122822 94069.8
3.9875 88695.7 123672 94747.4
3.99 89331.3 124549 95438.9
3.9925 89973.8 125444 96137.8
3.995 90597.8 126167 96815.4
3.9975 91198.3 126758 97467.8
4 91793.8 127378 98115.2
4.0025 92377.9 127975 98749.9
4.005 92948.5 128563 99370
4.0075 93505.9 129138 99975.5
4.01 94048.7 129703 100565
4.0125 94578.7 130257 101140
4.015 95098.7 130802 101702
4.0175 95613.5 131342 102259
4.02 96129.7 131902 102813
4.0225 96651 132469 103371
4.025 97179.5 133022 103933
4.0275 97720.2 133588 104507
4.03 98277.7 134168 105096
4.0325 98856.1 134766 105704
4.035 99452 135316 106326
4.0375 100064 135795 106963
4.04 100705 136287 107626
4.0425 101366 136832 108325
4.045 102069 137428 109058
4.0475 102810 138068 109828
4.05 103588 138748 110624
4.0525 104402 139465 111451
4.055 105251 140226 112310
4.0575 106133 141028 113200
4.06 107044 141856 114116
4.0625 107980 142686 115054
4.065 108939 143547 116012
4.0675 109913 144441 116986
4.07 110901 145362 117972
4.0725 111900 146307 118965
4.075 112905 147271 119961
4.0775 113871 148249 120955
4.08 114839 149223 121939
4.0825 115794 150169 122905
4.085 116728 151029 123845
4.0875 117637 151799 124754
4.09 118515 152530 125626
4.0925 119357 153217 126455
4.095 120156 153851 127234
4.0975 120905 154427 127956
4.1 121594 154937 128611
4.1025 122217 155367 129192
4.105 122765 155723 129690
4.1075 123229 155993 130096
4.11 123599 156167 130400
4.1125 123861 156208 130593
4.115 124006 156108 130664
4.1175 124023 155857 130604
4.12 123904 155447 130404
4.1225 123641 154869 130055
4.125 123226 154115 129551
4.1275 122653 153179 128884
4.13 121915 152054 128048
4.1325 121007 150736 127039
4.135 119928 149222 125855
4.1375 118674 147511 124492
4.14 117246 145603 122952
4.1425 115644 143498 121235
4.145 113873 141202 119345
4.1475 111936 138721 117288
4.15 109841 136062 115070
4.1525 107596 133232 112699
4.155 105208 130243 110184
4.1575 102688 127105 107535
4.16 100046 123829 104764
4.1625 97293 120429 101880
4.165 94440.4 116916 98896.7
4.1675 91499.8 113303 95825
4.17 88483 109603 92677.3
4.1725 85402.1 105831 89465.9
4.175 82268.5 101998 86202.4
4.1775 79093.3 98117.7 82898.4
4.18 75887.9 94201.5 79565.2
4.1825 72663.2 90262.2 76214.1
4.185 69429.4 86311.2 72855.6
4.1875 66196.5 82359.6 69499.7
4.19 62974 78418.2 66156.2
4.1925 59771 74497.1 62834.4
4.195 56595.7 70605.7 59542.5
4.1975 53455.3 66752.4 56288.1
4.2 50357 62945.1 53078.2
4.2025 47307 59191.1 49919.3
4.205 44310.4 55496.2 46816.5
4.2075 41371.3 51865.5 43774
4.21 38493.7 48303.3 40795.8
4.2125 35680.6 44813.4 37884.9
4.215 32934.4 41398.9 35043.9
4.2175 30257.1 38062 32274.6
4.22 27650.1 34804.5 29578.4
4.2225 25113.8 31627.2 26956
4.225 22647.9 28529.9 24406.7
4.2275 20251.3 25511.5 21929.6
4.23 17922.4 22570.3 19522.8
4.2325 15659.1 19704.2 17184.4
4.235 13459.4 16911 14912.3
4.2375 11320.8 14187.9 12703.8
4.24 9240.48 11531.9 10556.1
4.2425 7215.18 8939.29 8465.98
4.245 5241.19 6405.97 6429.56
4.2475 3314.45 3927.32 4442.72
4.25 1430.58 1498.42 2501.03
4.2525 -414.892 -885.798 599.949
4.255 -2226.46 -3230.43 -1265.06
4.2575 -4008.67 -5540.67 -3098.6
4.26 -5766.24 -7821.85 -4905.44
4.2625 -7503.94 -10079.4 -6690.37
4.265 -9227.68 -12312.9 -8424.31
4.2675 -10951.3 -14531.8 -10134.6
4.27 -12696.3 -16749.7 -11844
4.2725 -14445.1 -18966 -13544.7
4.275 -16193.4 -21184.6 -15250.6
4.2775 -17952.8 -23411.6 -16960.1
4.28 -19722.9 -25651.3 -18681.8
4.2825 -21511 -27908.6 -20416.8
4.285 -23317.4 -30186.8 -22174.3
4.2875 -25145.7 -32487.6 -23951.6
4.29 -26997 -34813 -25748.9
4.2925 -28868.8 -37164.3 -27569.6
4.295 -30765.7 -39543 -29413.2
4.2975 -32690.3 -41949.9 -31281.1
4.3 -34641.3 -44385.1 -33173.1
4.3025 -36620.2 -46848.8 -35089.5
4.305 -38624.5 -49339.3 -37028.7
4.3075 -40653.4 -51854.6 -38988.6
4.31 -42704.3 -54392.5 -40967.7
4.3125 -44775.5 -56950.3 -42963.8
4.315 -46863.9 -59525 -44974
4.3175 -48967.5 -62113 -46995.8
4.32 -51082.3 -64710.8 -49025.8
4.3225 -53205.3 -67315 -51060.8
4.325 -55333.6 -69922.4 -53097.9
4.3275 -57464.1 -72529.6 -55134.3
4.33 -59594.2 -75133.6 -57167.1
4.3325 -61721.1 -77731.4 -59193.6
4.335 -63842.8 -80320.9 -61211.9
4.3375 -65957.6 -82900.2 -63220.2
4.34 -68063.9 -85467.5 -65216.8
4.3425 -70159.5 -88020.9 -67199.9
4.345 -72242.2 -90558 -69166.9
4.3475 -74309.4 -93076 -71115.5
4.35 -76358.5 -95572.6 -73043.1
4.3525 -78387.2 -98045.3 -74947.4
4.355 -80393 -100492 -76826.1
4.3575 -82373.5 -102910 -78676.7
4.36 -84326.7 -105297 -80497.2
4.3625 -86250.2 -107652 -82285.6
4.365 -88141.5 -109972 -84039.2
4.3675 -89997.8 -112254 -85755.4
4.37 -91816.8 -114497 -87431.9
4.3725 -93596.3 -116697 -89066.7
4.375 -95334.5 -118853 -90658.1
4.3775 -97029.4 -120965 -92204.3
4.38 -98680.1 -123029 -93704.3
4.3825 -100286 -125047 -95157.6
4.385 -101847 -127018 -96564.5
4.3875 -103364 -128943 -97925.6
4.39 -104794 -130467 -99203.4
4.3925 -106127 -131581 -100388
4.395 -107416 -132648 -101525
4.3975 -108668 -133679 -102625
4.4 -109881 -134672 -103686
4.4025 -111062 -135612 -104713
4.405 -112214 -136493 -105710
4.4075 -113343 -137355 -106683
4.41 -114455 -138201 -107638
4.4125 -115558 -139038 -108583
4.415 -116659 -139874 -109525
4.4175 -117765 -140716 -110471
4.42 -118884 -141572 -111428
4.4225 -120024 -142474 -112406
4.425 -121194 -143452 -113415
4.4275 -122397 -144498 -114458
4.43 -123620 -145637 -115538
4.4325 -124873 -146840 -116633
4.435 -126167 -148072 -117767
4.4375 -127504 -149347 -118942
4.44 -128868 -150548 -120145
4.4425 -130253 -151646 -121370
4.445 -131677 -152759 -122632
4.4475 -133147 -153897 -123874
4.45 -134673 -154893 -124804
4.4525 -136251 -155865 -125442
4.455 -137862 -156837 -126141
4.4575 -139499 -157573 -126861
4.46 -141129 -158341 -127612
4.4625 -142763 -159127 -128390
4.465 -144333 -159924 -129191
4.4675 -145806 -160731 -130038
4.47 -147296 -161544 -130931
4.4725 -148791 -162363 -131827
4.475 -150286 -163186 -132663
4.4775 -151774 -163993 -133454
4.48 -153252 -164795 -134242
4.4825 -154706 -165526 -135022
4.485 -156121 -166163 -135792
4.4875 -157497 -166773 -136544
4.49 -158833 -167368 -137230
4.4925 -160100 -167939 -137885
4.495 -161212 -168485 -138514
4.4975 -162289 -169004 -139114
4.5 -163244 -169494 -139680
4.5025 -164110 -169960 -140188
4.505 -164926 -170387 -140664
4.5075 -165686 -170690 -141100
4.51 -166388 -170970 -141439
4.5125 -167029 -171223 -141728
4.515 -167610 -171447 -141980
4.5175 -168131 -171641 -142193
4.52 -168590 -171807 -142372
4.5225 -168990 -171945 -142516
4.525 -169329 -172014 -142625
4.5275 -169608 -172044 -142696
4.53 -169830 -172057 -142717
4.5325 -169996 -172054 -142718
4.535 -170107 -172036 -142697
4.5375 -170166 -172005 -142656
4.54 -170175 -171962 -142596
4.5425 -170135 -171907 -142514
4.545 -170028 -171811 -142386
4.5475 -169851 -171658 -142215
4.55 -169604 -171424 -141988
4.5525 -169289 -171098 -141698
4.555 -168910 -170688 -141351
4.5575 -168468 -170197 -140949
4.56 -167967 -169632 -140495
4.5625 -167408 -168994 -139992
4.565 -166795 -168287 -139440
4.5675 -166128 -167511 -138843
4.57 -165409 -166670 -138201
4.5725 -164640 -165763 -137514
4.575 -163820 -164792 -136784
4.5775 -162948 -163755 -136008
4.58 -162024 -162651 -135187
4.5825 -161046 -161480 -134319
4.585 -160014 -160240 -133402
4.5875 -158926 -158930 -132435
4.59 -157780 -157550 -131418
4.5925 -156576 -156098 -130347
4.595 -155310 -154570 -129222
4.5975 -153980 -152964 -128037
4.6 -152583 -151278 -126792
4.6025 -151116 -149508 -125483
4.605 -149578 -147653 -124108
4.6075 -147967 -145711 -122666
4.61 -146281 -143681 -121155
4.6125 -144520 -141561 -119574
4.615 -142682 -139351 -117921
4.6175 -140766 -137049 -116196
4.62 -138773 -134654 -114397
4.6225 -136700 -132167 -112524
4.625 -134550 -129587 -110578
4.6275 -132322 -126916 -108558
4.63 -130019 -124154 -106467
4.6325 -127641 -121304 -104304
4.635 -125189 -118366 -102072
4.6375 -122666 -115341 -99770.7
4.64 -120072 -112232 -97401.6
4.6425 -117409 -109039 -94966.2
4.645 -114680 -105767 -92467.1
4.6475 -111889 -102418 -89906.9
4.65 -109038 -98995.4 -87288.6
4.6525 -106131 -95503.4 -84615.3
4.655 -103172 -91945.7 -81890
4.6575 -100164 -88326.3 -79116.1
4.66 -97110.1 -84649 -76296.6
4.6625 -94015.2 -80918.3 -73435.2
4.665 -90883.5 -77139.3 -70536
4.6675 -87720 -73317.5 -67603.7
4.67 -84529.6 -69458.4 -64642.6
4.6725 -81317.7 -65568 -61657.6
4.675 -78090.4 -61653.3 -58654.6
4.6775 -74854.5 -57721.9 -55639.8
4.68 -71616.4 -53781.3 -52619.3
4.6825 -68382.5 -49838.6 -49599.1
4.685 -65159.2 -45901.2 -46585.1
4.6875 -61952.8 -41976.3 -43583.2
4.69 -58769 -38070.8 -40599.1
4.6925 -55613.7 -34191.5 -37638.1
4.695 -52492.5 -30344.9 -34705.7
4.6975 -49410.9 -26537.6 -31806.9
4.7 -46373.7 -22775.4 -28946.6
4.7025 -43386.2 -19064.4 -26129.7
4.705 -40453.2 -15410.7 -23361
4.7075 -37579.9 -11820.3 -20645.4
4.71 -34770.9 -8298.79 -17987.5
4.7125 -32030.6 -4851.66 -15391.6
4.715 -29363.7 -1484.39 -12862.3
4.7175 -26775.5 1789 -10404.8
4.72 -24270.2 4964.06 -8023.36
4.7225 -21850.5 8044.66 -5720.8
4.725 -19520.4 11025.6 -3501.14
4.7275 -17284 13901.9 -1368.55
4.73 -15146.8 16678 724.231
4.7325 -13110.2 19346.2 2736.6
4.735 -11172.9 21898.6 4642.88
4.7375 -9335.29 24339.3 6462.56
4.74 -7595.58 26667 8183.11
4.7425 -5951.89 28884.3 9814.34
4.745 -4400.05 30993.8 11347
4.7475 -2935.74 33000.9 12796.8
4.75 -1547.21 34911.7 14166
4.7525 -274.402 36724.1 15462.5
4.755 914.967 38449 16693.7
4.7575 2055.33 40101.6 17866.8
4.76 3136.65 41687.5 18990
4.7625 4179.77 43217.9 20071.5
4.765 5185.71 44702.1 21121.1
4.7675 6169.54 46150.8 22147.7
4.77 7136.52 47574 23160.9
4.7725 8097.96 48981.2 24169.1
4.775 9060.4 50382.1 25180.9
4.7775 10032.9 51785.2 26203.9
4.78 11021.8 53199 27245.7
4.7825 12034.6 54631.1 28313.1
4.785 13077.2 56089.2 29412.7
4.7875 14156.2 57580.4 30550.6
4.79 15276.5 59111.1 31732.4
4.7925 16442.7 60686.7 32962.6
4.795 17658.3 62311.5 34244.8
4.7975 18925.9 63989.1 35581.7
4.8 20247.2 65722 36975.2
4.8025 21623.4 67512.2 38426.5
4.805 23054.9 69360.8 39936.1
4.8075 24541.5 71269.3 41503.9
4.81 26088.3 73312.7 43133.9
4.8125 27687.6 75450.6 44818.3
4.815 29328.3 77617.2 46547.3
4.8175 31006.6 79829.3 48316.6
4.82 32713.7 82067.7 50117
4.8225 34443.2 84332.5 51942.3
4.825 36187.1 86611.3 53784.1
4.8275 37893.3 88499.7 55586.6
4.83 39544.2 90001.5 57332.9
4.8325 41183.6 91509.5 59069.8
4.835 42808.7 92999.2 60793
4.8375 44407.8 94464.7 62491
4.84 45976.6 95898.5 64159
4.8425 47506.7 97294.2 65788.2
4.845 48994.1 98646.5 67374.6
4.8475 50433.4 99951.1 68912.3
4.85 51821.6 101204 70398.2
4.8525 53155.6 102403 71828.7
4.855 54434 103547 73202.5
4.8575 55656 104634 74518.4
4.86 56821.8 105665 75776.3
4.8625 57932.4 106642 76977.4
4.865 58991.2 107558 78124.7
4.8675 60002.4 108416 79222.1
4.87 60970.6 109233 80274.5
4.8725 61901.8 110014 81288
4.875 62803.3 110767 82269.9
4.8775 63683.5 111499 83228.6
4.88 64550.5 112218 84168.6
4.8825 65413 112934 85086.2
4.885 66279.3 113653 86007.7
4.8875 67148.3 114385 86940.2
4.89 68028.5 115137 87891.8
4.8925 68937.1 115917 88870.2
4.895 69880.8 116732 89882.9
4.8975 70866.6 117590 90937.2
4.9 71900.8 118497 92039.4
4.9025 72988.7 119458 93195.1
4.905 74134.6 120475 94408.7
4.9075 75341.7 121555 95683.3
4.91 76612.4 122699 97021.5
4.9125 77944.4 123892 98425
4.915 79344.8 125143 99894.3
4.9175 80810.4 126454 101429
4.92 82340.6 127827 103029
4.9225 83933.5 129204 104683
4.925 85577.9 130612 106395
4.9275 87277.3 132080 108131
4.93 89027.8 133516 109867
4.9325 90775.4 134991 111651
4.935 92529 136509 113474
4.9375 94317.1 138063 115329
4.94 96130.8 139647 117208
4.9425 97962.8 141255 119105
4.945 99805.2 142879 121011
4.9475 101650 144512 122917
4.95 103488 146147 124815
4.9525 105312 147775 126696
4.955 107113 149389 128552
4.9575 108883 150981 130369
4.96 110603 152544 132140
4.9625 112267 154070 133853
4.965 113839 155520 135476
4.9675 115345 156902 137018
4.97 116782 158117 138490
4.9725 118144 159275 139882
4.975 119426 160373 141189
4.9775 120623 161376 142407
4.98 121732 162260 143530
4.9825 122747 163083 144554
4.985 123664 163838 145475
4.9875 124480 164522 146290
4.99 125188 165119 146992
4.9925 125784 165600 147574
4.995 126262 165976 148034
4.9975 126620 166241 148367
5 126854 166392 148571
5.0025 126952 166403 148632
5.005 126905 166238 148541
5.0075 126706 165892 148295
5.01 126355 165364 147889
5.0125 125848 164651 147323
5.015 125184 163753 146594
5.0175 124362 162667 145702
5.02 123380 161394 144645
5.0225 122241 159936 143425
5.025 120944 158295 142043
5.0275 119494 156475 140503
5.03 117893 154479 138809
5.0325 116146 152314 136964
5.035 114259 149985 134975
5.0375 112236 147500 132847
5.04 110085 144866 130587
5.0425 107813 142093 128204
5.045 105430 139190 125707
5.0475 102946 136169 123107
5.05 100371 133042 120414
5.0525 97717.5 129822 117640
5.055 94995.4 126522 114797
5.0575 92216.3 123152 111896
5.06 89391.8 119727 108948
5.0625 86533.7 116259 105967
5.065 83653.9 112762 102963
5.0675 80764.5 109247 99950.4
5.07 77877.2 105729 96940.1
5.0725 75003.6 102221 93944.1
5.075 72155 98733 90973.9
5.0775 69342.2 95278.7 88040.8
5.08 66575.4 91868.9 85155
5.0825 63864.4 88514.6 82326.6
5.085 61219.8 85227.3 79566.4
5.0875 58651.3 82018.2 76884.5
5.09 56168 78897.4 74290
5.0925 53777.9 75874.2 71791.2
5.095 51487.9 72956.6 69395.2
5.0975 49304.1 70152 67108.1
5.1 47231.2 67466.1 64934.9
5.1025 45272.8 64903.8 62879.4
5.105 43431.8 62469 60944.5
5.1075 41709.9 60164.6 59132
5.11 40107.7 57992.2 57442.6
5.1125 38624.8 55952.5 55875.8
5.115 37259.3 54044.8 54430
5.1175 36008.9 52267.4 53102.7
5.12 34869.8 50617.7 51890.2
5.1225 33838.2 49092.8 50788.7
5.125 32909.6 47689.1 49793.8
5.1275 32079.6 46403 48900.8
5.13 31343.2 45230.3 48104.9
5.1325 30695 44166.7 47400.7
5.135 30129.8 43207.3 46782.7
5.1375 29641.9 42347.6 46245.5
5.14 29226.2 41582.7 45783.7
5.1425 28876.9 40907.5 45391.6
5.145 28587.7 40316.1 45062.7
5.1475 28352.1 39802.1 44790.5
5.15 28164.1 39359.7 44568.9
5.1525 28018.4 38983.7 44392.4
5.155 27910.3 38669.5 44256.4
5.1575 27836.1 38413.2 44156.9
5.16 27792.5 38211.6 44090.8
5.1625 27776.8 38061.6 44055
5.165 27784.9 37958.8 44045.5
5.1675 27813.3 37899 44058.6
5.17 27859 37878.6 44091.2
5.1725 27919.9 37894.7 44141
5.175 27993.9 37944.4 44205.9
5.1775 28079.4 38025.3 44284.2
5.18 28175.9 38135.7 44375
5.1825 28282.6 38273.9 44477.7
5.185 28398.2 38437.4 44590.8
5.1875 28521.2 38623.5 44712.6
5.19 28650.9 38829.9 44842.1
5.1925 28786.6 39054.7 44978.7
5.195 28927.5 39295.7 45121.4
5.1975 29072.8 39550.7 45269.2
5.2 29222.3 39817.7 45421.8
5.2025 29375.8 40095.6 45578.9
5.205 29534.3 40383.7 45741.3
5.2075 29698.7 40681.9 45910
5.21 29870.2 40990 46086
5.2125 30050.2 41308.2 46270.1
5.215 30240.2 41636.8 46464.8
5.2175 30441.7 41976.4 46671
5.22 30656.4 42327.4 46889.7
5.2225 30884.9 42689.7 47122
5.225 31127.6 43063.5 47368.8
5.2275 31385.7 43448.8 47630.7
5.23 31659.4 43844.6 47907.6
5.2325 31948.4 44250.2 48199.6
5.235 32252.5 44664.6 48506.2
5.2375 32571 45086.6 48826.8
5.24 32902.8 45514.4 49160
5.2425 33246.5 45946.2 49504.7
5.245 33601.1 46380.6 49859.8
5.2475 33965.8 46816.3 50224.3
5.25 34338.8 47251.6 50596.7
5.2525 34718.3 47684.1 50975
5.255 35101.7 48111.1 51356.7
5.2575 35486.2 48529.7 51739
5.26 35868.7 48936.3 52118.7
5.2625 36245.6 49327.4 52492.3
5.265 36613.7 49699.5 52856.5
5.2675 36969.5 50049.2 53208.1
5.27 37309.5 50372.7 53543.3
5.2725 37629.6 50665.9 53858.1
5.275 37925.4 50924.4 54148.3
5.2775 38192.6 51143.6 54409.2
5.28 38426.3 51318.7 54636.4
5.2825 38622.3 51445.3 54825.2
5.285 38776.6 51519.5 54972
5.2875 38885.7 51537.8 55073.2
5.29 38946.3 51497 55125.4
5.2925 38956.3 51393.8 55125.2
5.295 38911.4 51225.2 55069.4
5.2975 38808 50988.2 54955.2
5.3 38644.1 50680.4 54779.8
5.3025 38416.5 50299.4 54540.7
5.305 38123.1 49842.9 54235.3
5.3075 37761.4 49308.8 53861.4
5.31 37329.7 48695.8 53417.3
5.3125 36826.3 48002.5 52901.2
5.315 36250 47227.9 52311.9
5.3175 35599.7 46371.4 51648.3
5.32 34874.8 45432.9 50909.9
5.3225 34075.2 44412.9 50096.5
5.325 33200.7 43311.5 49208
5.3275 32251.4 42129.4 48244.5
5.33 31228.3 40868.2 47206.8
5.3325 30133 39530 46096.6
5.335 28968.2 38118.2 44916.4
5.3375 27736.9 36637.1 43669.7
5.34 26443.5 35091.6 42360.6
5.3425 25092 33487.3 40993.8
5.345 23688.2 31830.5 39574.4
5.3475 22237.7 30127.6 38108.2
5.35 20748.5 28386.3 36601.3
5.3525 19226.3 26614.3 35060.7
5.355 17677.4 24819.7 33494.3
5.3575 16110.2 23011.4 31909.1
5.36 14532.2 21198.5 30313.5
5.3625 12952.3 19390.6 28716
5.365 11379 17597.8 27125.4
5.3675 9821.6 15830.1 25551
5.37 8289.31 14098.1 24002.2
5.3725 6791.56 12412.1 22488.5
5.375 5337.37 10782.2 21019
5.3775 3935.78 9218.39 19602.9
5.38 2595.67 7730.5 18249.2
5.3825 1325.98 6328.32 16966.9
5.385 135.652 5021.67 15765.1
5.3875 -966.481 3820.2 14652.8
5.39 -1971.99 2733.11 13638.4
5.3925 -2873.2 1768.75 12730
5.395 -3663.6 934.156 11933.9
5.3975 -4337.6 235.3 11256
5.4 -4890.26 -322.524 10701.2
5.4025 -5317.55 -735.082 10273.7
5.405 -5616.7 -999.51 9976.35
5.4075 -5785.96 -1114.11 9810.92
5.41 -5824.37 -1078.02 9778.44
5.4125 -5731.9 -891.461 9878.95
5.415 -5509.73 -555.94 10111.3
5.4175 -5160 -74.0612 10473.4
5.42 -4685.65 550.708 10962.2
5.4225 -4090.5 1313.92 11574
5.425 -3379.36 2210.03 12303.8
5.4275 -2557.88 3232.57 13146
5.43 -1632.39 4374.33 14094.1
5.4325 -609.95 5627.29 15141
5.435 501.621 6982.59 16278.8
5.4375 1693.87 8430.65 17498.9
5.44 2957.88 9961.4 18792.2
5.4425 4284.5 11564.5 20149.6
5.445 5664.58 13229.6 21561.6
5.4475 7088.86 14946.2 23018.8
5.45 8547.89 16703.6 24511.8
5.4525 10032.2 18491.2 26030.7
5.455 11532.6 20298.5 27566.3
5.4575 13040 22115.1 29109.2
5.46 14545.2 23930.8 30650.3
5.4625 16040.2 25736.1 32181
5.465 17518 27523.3 33694.7
5.4675 18973 29285.7 35185.2
5.47 20399.5 31016.9 36646.9
5.4725 21792.1 32710.7 38074.4
5.475 23145.7 34360.9 39462.2
5.4775 24455.2 35961.6 40805.1
5.48 25715.9 37507.5 42098.5
5.4825 26924 38993.8 43338.4
5.485 28076.7 40417.3 44521.9
5.4875 29172.2 41775.6 45647
5.49 30208.8 43066.7 46712.2
5.4925 31185.6 44289 47716.4
5.495 32101.7 45441.5 48658.6
5.4975 32956.8 46523.4 49538.6
5.5 33750.9 47534.4 50356.3
5.5025 34484.6 48474.9 51112.2
5.505 35158.9 49345.9 51807.6
5.5075 35775.8 50149.1 52444
5.51 36337 50886.4 53023.6
5.5125 36844.4 51559.4 53548
5.515 37299 52169 54018.3
5.5175 37701.5 52715.8 54435.1
5.52 38052.7 53200.6 54799.4
5.5225 38353.9 53624.2 55112.2
5.525 38606.5 53988.2 55375.1
5.5275 38811.9 54293.9 55589.6
5.53 38972 54543 55757.4
5.5325 39089.1 54738 55880.9
5.535 39166.7 54882.5 55963.7
5.5375 39208.9 54980.7 56009.8
5.54 39219.8 55037.1 56023.4
5.5425 39202.8 55055.3 56008.1
5.545 39160.4 55037.9 55966.3
5.5475 39094.4 54986.7 55899.8
5.55 39006.3 54903.2 55810.3
5.5525 38898 54789.4 55699.4
5.555 38771.7 54647.5 55569.5
5.5575 38629.6 54480.1 55422.9
5.56 38473.9 54289.3 55261.6
5.5625 38305.7 54076.6 55087
5.565 38125.3 53842 54899.3
5.5675 37931.9 53585 54697.6
5.57 37724.7 53304.5 54481.2
5.5725 37502.7 52999.6 54249.1
5.575 37265.9 52670.3 54001.1
5.5775 37014.1 52316.6 53737.4
5.58 36747.1 51938.5 53457.5
5.5825 36463.8 51535 53160.4
5.585 36161.5 51103.3 52843.4
5.5875 35836.7 50639.9 52503
5.59 35485.8 50141 52135.6
5.5925 35105.5 49603.3 51737.7
5.595 34692.7 49023.7 51306.4
5.5975 34244.6 48399.6 50838.8
5.6 33758.7 47728.4 50332.4
5.6025 33231.8 47007.1 49784
5.605 32660 46231.7 49189.7
5.6075 32039.1 45397.9 48545.3
5.61 31365 44501.6 47846.6
5.6125 30634.5 43539.7 47090.4
5.615 29845.7 42510.4 46275
5.6175 28997.7 41413 45399.3
5.62 28089.8 40247.3 44462.8
5.6225 27121.5 39012.9 43465
5.625 26091.9 37709.2 42404.9
5.6275 25000.2 36335.6 41281.9
5.63 23846.1 34892 40095.7
5.6325 22629.9 33379 38846.6
5.635 21352.6 31798 37535.6
5.6375 20015.9 30151 36164.6
5.64 18622 28440.5 34735.8
5.6425 17173.2 26669.4 33251.6
5.645 15672 24840.4 31714.5
5.6475 14120.9 22956.4 30127.2
5.65 12523 21020.7 28