-2.87404 0.00561967 -2.30479e-19
-5.74807 0.0112402 -4.60993e-19
-8.6221 0.0168616 -6.91543e-19
-11.4961 0.0224839 -9.22128e-19
-14.3701 0.028107 -1.15275e-18
-17.2442 0.033731 -1.3834e-18
-20.1182 0.0393558 -1.61409e-18
-22.9922 0.0449815 -1.84482e-18
-25.8662 0.0506081 -2.07558e-18
-28.7402 0.0562355 -2.30638e-18
-28.7402 0.0562482 -2.3069e-18
-28.7402 0.056304 -2.30919e-18
-28.7403 0.0564292 -2.31432e-18
-28.7403 0.0566406 -2.32299e-18
-28.7404 0.0569378 -2.33519e-18
-28.7405 0.0572873 -2.34952e-18
-28.7406 0.0576379 -2.36389e-18
-28.7408 0.0579386 -2.37623e-18
-28.7408 0.0581327 -2.38419e-18
-28.7409 0.0581502 -2.38491e-18
-28.7409 0.057916 -2.3753e-18
-28.7408 0.0573573 -2.35239e-18
-28.7405 0.0564147 -2.31373e-18
-28.7402 0.0550524 -2.25786e-18
-28.7397 0.0532489 -2.18389e-18
-28.739 0.0509863 -2.09109e-18
-28.7382 0.0482635 -1.97942e-18
-28.7372 0.0451094 -1.85007e-18
-28.7361 0.0415699 -1.7049e-18
-28.7347 0.0376929 -1.5459e-18
-28.7332 0.0335514 -1.37604e-18
-28.7316 0.029267 -1.20032e-18
-28.7298 0.0249856 -1.02473e-18
-28.7279 0.0208508 -8.55151e-19
-28.726 0.0169943 -6.96986e-19
-28.724 0.0135265 -5.54759e-19
-28.722 0.0105432 -4.32405e-19
-28.72 0.00813373 -3.33588e-19
-28.718 0.0063747 -2.61445e-19
-28.7161 0.00532335 -2.18326e-19
-28.7142 0.00502301 -2.06008e-19
-28.7124 0.00550902 -2.25941e-19
-28.7108 0.00679721 -2.78773e-19
-28.7093 0.008872 -3.63866e-19
-28.7079 0.0116984 -4.79787e-19
-28.7066 0.0152354 -6.24849e-19
-28.7055 0.0194327 -7.9699e-19
-28.7046 0.0242275 -9.93638e-19
-28.7039 0.0295496 -1.21191e-18
-28.7034 0.0353267 -1.44885e-18
-28.7032 0.041493 -1.70175e-18
-28.7031 0.0479979 -1.96853e-18
-28.7033 0.0547996 -2.24749e-18
-28.7038 0.0618578 -2.53697e-18
-28.7045 0.069116 -2.83465e-18
-28.7055 0.0764831 -3.13679e-18
-28.7068 0.0838528 -3.43905e-18
-28.7084 0.0911238 -3.73725e-18
-28.7102 0.0981941 -4.02722e-18
-28.7123 0.104954 -4.30446e-18
-28.7146 0.111293 -4.56445e-18
-28.717 0.117111 -4.80308e-18
-28.7197 0.122314 -5.01644e-18
-28.7224 0.126807 -5.20072e-18
-28.7252 0.130505 -5.35237e-18
-28.7281 0.13333 -5.46826e-18
-28.7311 0.135237 -5.54644e-18
-28.734 0.136223 -5.5869e-18
-28.7369 0.136317 -5.59077e-18
-28.7397 0.135556 -5.55954e-18
-28.7425 0.133995 -5.49554e-18
-28.7452 0.131725 -5.40243e-18
-28.7479 0.128853 -5.28463e-18
-28.7504 0.125489 -5.14665e-18
-28.7529 0.121753 -4.99345e-18
-28.7553 0.117788 -4.83081e-18
-28.7576 0.113742 -4.66488e-18
-28.7599 0.10976 -4.50156e-18
-28.7622 0.105971 -4.34617e-18
-28.7644 0.10248 -4.20301e-18
-28.7666 0.0993749 -4.07565e-18
-28.7688 0.0967324 -3.96728e-18
-28.7711 0.0946077 -3.88014e-18
-28.7734 0.0930201 -3.81502e-18
-28.7757 0.0919653 -3.77176e-18
-28.7781 0.0914297 -3.7498e-18
-28.7805 0.0913801 -3.74776e-18
-28.783 0.0917526 -3.76304e-18
-28.7856 0.0924653 -3.79227e-18
-28.7882 0.0934312 -3.83188e-18
-28.7909 0.0945816 -3.87906e-18
-28.7937 0.0958907 -3.93276e-18
-28.7966 0.0973548 -3.9928e-18
-28.7996 0.098969 -4.059e-18
-28.8028 0.100729 -4.13119e-18
-28.8062 0.102634 -4.20932e-18
-28.8098 0.104685 -4.29342e-18
-28.8137 0.106883 -4.38357e-18
-28.8177 0.109217 -4.47929e-18
-28.822 0.111643 -4.5788e-18
-28.8266 0.114105 -4.67976e-18
-28.8313 0.116548 -4.77998e-18
-28.8363 0.118927 -4.87756e-18
-28.8415 0.121206 -4.97101e-18
-28.8468 0.123356 -5.05919e-18
-28.8523 0.125354 -5.14112e-18
-28.8579 0.127186 -5.21625e-18
-28.8637 0.128853 -5.28464e-18
-28.8695 0.130367 -5.34674e-18
-28.8755 0.131742 -5.40311e-18
-28.8814 0.133 -5.45472e-18
-28.8875 0.134179 -5.50306e-18
-28.8935 0.135323 -5.54997e-18
-28.8996 0.136476 -5.59727e-18
-28.9057 0.137662 -5.64593e-18
-28.9117 0.138863 -5.69517e-18
-28.9176 0.140035 -5.74325e-18
-28.9235 0.141136 -5.7884e-18
-28.9292 0.142108 -5.82824e-18
-28.9347 0.142865 -5.85933e-18
-28.94 0.143311 -5.8776e-18
-28.945 0.143346 -5.87902e-18
-28.9498 0.142888 -5.86025e-18
-28.9541 0.141891 -5.81936e-18
-28.9582 0.140326 -5.75519e-18
-28.9618 0.138167 -5.66664e-18
-28.9651 0.13541 -5.55355e-18
-28.9681 0.132093 -5.4175e-18
-28.9706 0.128279 -5.26108e-18
-28.9728 0.124031 -5.08688e-18
-28.9747 0.119429 -4.89814e-18
-28.9763 0.114581 -4.69931e-18
-28.9777 0.109611 -4.49548e-18
-28.9788 0.104642 -4.29167e-18
-28.9797 0.0997832 -4.0924e-18
-28.9805 0.0951209 -3.90118e-18
-28.9812 0.0907271 -3.72098e-18
-28.9818 0.0866712 -3.55464e-18
-28.9823 0.0830067 -3.40434e-18
-28.9827 0.079757 -3.27106e-18
-28.9832 0.076929 -3.15508e-18
-28.9836 0.074528 -3.05661e-18
-28.984 0.0725587 -2.97584e-18
-28.9844 0.0710265 -2.913e-18
-28.9849 0.0699368 -2.86831e-18
-28.9853 0.0692948 -2.84198e-18
-28.9858 0.0691053 -2.83421e-18
-28.9864 0.0693726 -2.84517e-18
-28.987 0.0701012 -2.87505e-18
-28.9877 0.0712955 -2.92403e-18
-28.9885 0.0729495 -2.99187e-18
-28.9893 0.0750358 -3.07744e-18
-28.9902 0.077516 -3.17916e-18
-28.9911 0.0803522 -3.29548e-18
-28.992 0.0835063 -3.42483e-18
-28.9929 0.0869385 -3.5656e-18
-28.9937 0.0906088 -3.71613e-18
-28.9946 0.0944777 -3.8748e-18
-28.9954 0.0985145 -4.04036e-18
-28.9961 0.102706 -4.21227e-18
-28.9967 0.107048 -4.39034e-18
-28.9972 0.111534 -4.57434e-18
-28.9976 0.116164 -4.76423e-18
-28.9978 0.120944 -4.96027e-18
-28.998 0.125885 -5.16289e-18
-28.998 0.130992 -5.37237e-18
-28.9979 0.136259 -5.58839e-18
-28.9976 0.141651 -5.80953e-18
-28.9972 0.147118 -6.03373e-18
-28.9966 0.152605 -6.25878e-18
-28.9958 0.158049 -6.48206e-18
-28.9949 0.163366 -6.70013e-18
-28.9937 0.168463 -6.90917e-18
-28.9923 0.173245 -7.10529e-18
-28.9907 0.177629 -7.28508e-18
-28.9889 0.181554 -7.44606e-18
-28.9868 0.184973 -7.5863e-18
-28.9845 0.187841 -7.70392e-18
-28.982 0.190129 -7.79774e-18
-28.9793 0.191839 -7.86785e-18
-28.9765 0.19299 -7.91509e-18
-28.9735 0.193607 -7.94039e-18
-28.9704 0.193722 -7.94509e-18
-28.9672 0.193383 -7.93119e-18
-28.964 0.192649 -7.90108e-18
-28.9607 0.19158 -7.85725e-18
-28.9575 0.190227 -7.80178e-18
-28.9543 0.188619 -7.73582e-18
-28.9511 0.186772 -7.66008e-18
-28.948 0.184707 -7.57535e-18
-28.945 0.182446 -7.48263e-18
-28.9421 0.180022 -7.38323e-18
-28.9393 0.177471 -7.27861e-18
-28.9367 0.174832 -7.17035e-18
-28.9342 0.17214 -7.05997e-18
-28.9318 0.169428 -6.94872e-18
-28.9296 0.166722 -6.83776e-18
-28.9276 0.164054 -6.72832e-18
-28.9258 0.161455 -6.62173e-18
-28.9241 0.158963 -6.51952e-18
-28.9226 0.156617 -6.42332e-18
-28.9212 0.154458 -6.33475e-18
-28.9201 0.152511 -6.2549e-18
-28.9191 0.150778 -6.18384e-18
-28.9182 0.149247 -6.12107e-18
-28.9175 0.147905 -6.06602e-18
-28.9169 0.14674 -6.01825e-18
-28.9165 0.14575 -5.97761e-18
-28.9161 0.144932 -5.94406e-18
-28.9157 0.144283 -5.91746e-18
-28.9155 0.143792 -5.89733e-18
-28.9153 0.143431 -5.88251e-18
-28.9151 0.143162 -5.8715e-18
-28.9149 0.142947 -5.86269e-18
-28.9146 0.142739 -5.85415e-18
-28.9144 0.142477 -5.84341e-18
-28.914 0.142094 -5.82769e-18
-28.9136 0.141521 -5.80418e-18
-28.913 0.14071 -5.77094e-18
-28.9123 0.139658 -5.72779e-18
-28.9115 0.138383 -5.67548e-18
-28.9105 0.136902 -5.61475e-18
-28.9094 0.135239 -5.54652e-18
-28.9082 0.133427 -5.47222e-18
-28.9068 0.131507 -5.39347e-18
-28.9054 0.129516 -5.31184e-18
-28.9038 0.127496 -5.22899e-18
-28.9022 0.125495 -5.14692e-18
-28.9006 0.123564 -5.0677e-18
-28.8989 0.12175 -4.99332e-18
-28.8972 0.120077 -4.92471e-18
-28.8955 0.118517 -4.86071e-18
-28.8938 0.117014 -4.79909e-18
-28.892 0.115514 -4.73757e-18
-28.8902 0.113959 -4.6738e-18
-28.8884 0.112286 -4.60518e-18
-28.8866 0.110431 -4.52908e-18
-28.8847 0.108332 -4.44299e-18
-28.8828 0.105946 -4.34517e-18
-28.8808 0.103265 -4.23521e-18
-28.8787 0.100299 -4.11356e-18
-28.8766 0.0970626 -3.98082e-18
-28.8745 0.0935797 -3.83797e-18
-28.8723 0.0898863 -3.6865e-18
-28.8702 0.0860264 -3.52819e-18
-28.868 0.0820483 -3.36504e-18
-28.8658 0.0780055 -3.19923e-18
-28.8635 0.0739588 -3.03326e-18
-28.8613 0.0699731 -2.8698e-18
-28.8591 0.0661149 -2.71156e-18
-28.8569 0.0624554 -2.56148e-18
-28.8547 0.0590737 -2.42278e-18
-28.8526 0.0560523 -2.29887e-18
-28.8505 0.0534713 -2.19301e-18
-28.8484 0.0514085 -2.10841e-18
-28.8464 0.0499384 -2.04812e-18
-28.8445 0.0491313 -2.01502e-18
-28.8427 0.0490522 -2.01177e-18
-28.841 0.0497423 -2.04008e-18
-28.8394 0.0512014 -2.09992e-18
-28.8379 0.0534042 -2.19026e-18
-28.8365 0.0563192 -2.30981e-18
-28.8352 0.059877 -2.45573e-18
-28.8339 0.0639361 -2.6222e-18
-28.8327 0.0683166 -2.80186e-18
-28.8315 0.0728374 -2.98727e-18
-28.8303 0.0773169 -3.17099e-18
-28.829 0.0815733 -3.34555e-18
-28.8275 0.0854274 -3.50363e-18
-28.8259 0.0887053 -3.63806e-18
-28.8241 0.0912546 -3.74262e-18
-28.822 0.0929614 -3.81262e-18
-28.8197 0.0937365 -3.8444e-18
-28.8171 0.0934993 -3.83468e-18
-28.8142 0.0922192 -3.78218e-18
-28.811 0.0899574 -3.68941e-18
-28.8076 0.0868261 -3.56099e-18
-28.8038 0.0829438 -3.40176e-18
-28.7998 0.0784492 -3.21743e-18
-28.7956 0.0735173 -3.01516e-18
-28.7912 0.0683411 -2.80287e-18
-28.7867 0.0631122 -2.58841e-18
-28.782 0.0580079 -2.37907e-18
-28.7773 0.0531791 -2.18103e-18
-28.7725 0.0487585 -1.99973e-18
-28.7677 0.044871 -1.84029e-18
-28.7628 0.0416194 -1.70693e-18
-28.758 0.0390692 -1.60234e-18
-28.7533 0.0372618 -1.52822e-18
-28.7485 0.0362284 -1.48583e-18
-28.7439 0.0359677 -1.47514e-18
-28.7393 0.0364221 -1.49377e-18
-28.7348 0.0375014 -1.53804e-18
-28.7304 0.0391089 -1.60397e-18
-28.7261 0.0411525 -1.68778e-18
-28.7219 0.0435571 -1.7864e-18
-28.7177 0.0462556 -1.89708e-18
-28.7137 0.0491794 -2.01699e-18
-28.7098 0.0522616 -2.1434e-18
-28.7061 0.0554413 -2.27381e-18
-28.7025 0.0586623 -2.40591e-18
-28.6991 0.0618703 -2.53748e-18
-28.6958 0.0650078 -2.66616e-18
-28.6927 0.068007 -2.78916e-18
-28.6898 0.0707975 -2.90361e-18
-28.6871 0.0733152 -3.00687e-18
-28.6845 0.075533 -3.09782e-18
-28.6822 0.0774941 -3.17826e-18
-28.68 0.0792809 -3.25154e-18
-28.6781 0.0809804 -3.32124e-18
-28.6765 0.0826838 -3.3911e-18
-28.6751 0.0844863 -3.46503e-18
-28.6741 0.0864853 -3.54701e-18
-28.6734 0.088779 -3.64108e-18
-28.6731 0.0914348 -3.75e-18
-28.6731 0.0944579 -3.87399e-18
-28.6735 0.0978202 -4.01189e-18
-28.6742 0.101492 -4.16249e-18
-28.6752 0.105409 -4.32311e-18
-28.6765 0.109431 -4.48807e-18
-28.678 0.113383 -4.65015e-18
-28.6797 0.117091 -4.80225e-18
-28.6815 0.120391 -4.93757e-18
-28.6833 0.123128 -5.04984e-18
-28.6852 0.125161 -5.1332e-18
-28.687 0.126352 -5.18206e-18
-28.6888 0.126608 -5.19254e-18
-28.6905 0.12591 -5.16393e-18
-28.6921 0.124285 -5.0973e-18
-28.6936 0.121767 -4.99401e-18
-28.695 0.118425 -4.85694e-18
-28.6963 0.114398 -4.6918e-18
-28.6975 0.109863 -4.50581e-18
-28.6987 0.104996 -4.30621e-18
-28.7 0.0999565 -4.09951e-18
-28.7012 0.0948631 -3.89061e-18
-28.7026 0.0898139 -3.68353e-18
-28.7039 0.0849026 -3.4821e-18
-28.7054 0.0802022 -3.28932e-18
-28.7069 0.0757474 -3.10662e-18
-28.7084 0.0715505 -2.93449e-18
-28.7101 0.0676188 -2.77324e-18
-28.7118 0.0639331 -2.62208e-18
-28.7136 0.0604249 -2.4782e-18
-28.7154 0.0569993 -2.33771e-18
-28.7171 0.0535595 -2.19663e-18
-28.7189 0.0500166 -2.05132e-18
-28.7206 0.0462991 -1.89886e-18
-28.7222 0.0423458 -1.73672e-18
-28.7237 0.0380974 -1.56248e-18
-28.7251 0.0335101 -1.37435e-18
-28.7264 0.0285703 -1.17175e-18
-28.7276 0.023281 -9.5482e-19
-28.7286 0.0176486 -7.23819e-19
-28.7294 0.0116813 -4.79083e-19
-28.7301 0.00538824 -2.20987e-19
-28.7305 -0.00121993 5.00327e-20
-28.7307 -0.00813027 3.33446e-19
-28.7307 -0.0153269 6.28601e-19
-28.7304 -0.0227903 9.34697e-19
-28.7297 -0.0304989 1.25085e-18
-28.7288 -0.0384304 1.57614e-18
-28.7274 -0.0465516 1.90922e-18
-28.7257 -0.0548068 2.24779e-18
-28.7236 -0.0631299 2.58914e-18
-28.7211 -0.0714573 2.93067e-18
-28.7181 -0.0797211 3.26959e-18
-28.7148 -0.0878405 3.60259e-18
-28.7109 -0.0957313 3.92622e-18
-28.7067 -0.103316 4.23727e-18
-28.702 -0.110514 4.53248e-18
-28.6968 -0.117235 4.80813e-18
-28.6913 -0.123387 5.06044e-18
-28.6854 -0.128887 5.28603e-18
-28.6791 -0.13367 5.48221e-18
-28.6724 -0.137696 5.64732e-18
-28.6654 -0.140942 5.78044e-18
-28.6581 -0.143394 5.88101e-18
-28.6505 -0.145072 5.94982e-18
-28.6427 -0.146051 5.98997e-18
-28.6343 -0.146542 6.0101e-18
-28.6257 -0.146577 6.01153e-18
-28.6168 -0.146222 5.99697e-18
-28.6076 -0.145641 5.97316e-18
-28.5982 -0.144935 5.94422e-18
-28.5885 -0.14425 5.91611e-18
-28.5785 -0.143695 5.89333e-18
-28.5683 -0.143403 5.88136e-18
-28.5578 -0.143486 5.88477e-18
-28.547 -0.144058 5.90825e-18
-28.5359 -0.145174 5.95401e-18
-28.5246 -0.146797 6.02059e-18
-28.5131 -0.148834 6.1041e-18
-28.5014 -0.151182 6.20043e-18
-28.4896 -0.153717 6.30439e-18
-28.4778 -0.156278 6.40943e-18
-28.4659 -0.158684 6.50811e-18
-28.4541 -0.16075 6.59284e-18
-28.4424 -0.162318 6.65711e-18
-28.4308 -0.163284 6.69675e-18
-28.4193 -0.163579 6.70883e-18
-28.408 -0.163131 6.69048e-18
-28.3969 -0.161898 6.6399e-18
-28.3859 -0.159887 6.55743e-18
-28.3752 -0.157135 6.44457e-18
-28.3646 -0.153682 6.30295e-18
-28.3542 -0.14956 6.13387e-18
-28.3439 -0.144782 5.93793e-18
-28.3339 -0.139356 5.71538e-18
-28.3241 -0.133291 5.46664e-18
-28.3145 -0.126572 5.19107e-18
-28.3053 -0.119128 4.88578e-18
-28.2963 -0.110863 4.54682e-18
-28.2878 -0.101687 4.17048e-18
-28.2797 -0.0915434 3.75446e-18
-28.2721 -0.0804373 3.29897e-18
-28.265 -0.0684088 2.80564e-18
-28.2585 -0.0555049 2.27642e-18
-28.2524 -0.0419497 1.72048e-18
-28.2468 -0.0278159 1.14081e-18
-28.2418 -0.0132278 5.42511e-19
-28.2374 0.00156211 -6.40667e-20
-28.2335 0.0164062 -6.72867e-19
-28.2302 0.0311352 -1.27695e-18
-28.2275 0.0456392 -1.87179e-18
-28.2254 0.0597877 -2.45207e-18
-28.2239 0.0734968 -3.01432e-18
-28.223 0.0867259 -3.55688e-18
-28.2228 0.0994737 -4.0797e-18
-28.2232 0.11174 -4.58278e-18
-28.2244 0.123553 -5.06725e-18
-28.2264 0.13498 -5.5359e-18
-28.2292 0.146114 -5.99257e-18
-28.2328 0.157052 -6.44115e-18
-28.2373 0.167856 -6.88427e-18
-28.2428 0.178521 -7.32166e-18
-28.2491 0.189004 -7.75159e-18
-28.2563 0.199264 -8.17237e-18
-28.2644 0.209248 -8.58186e-18
-28.2734 0.218877 -8.97677e-18
-28.2832 0.228059 -9.35335e-18
-28.2938 0.236704 -9.70792e-18
-28.3052 0.244751 -1.00379e-17
-28.3174 0.252189 -1.0343e-17
-28.3304 0.259038 -1.06239e-17
-28.3441 0.265317 -1.08814e-17
-28.3586 0.271064 -1.11171e-17
-28.374 0.27634 -1.13335e-17
-28.3901 0.281224 -1.15338e-17
-28.407 0.285792 -1.17211e-17
-28.4247 0.29014 -1.18995e-17
-28.4432 0.294407 -1.20745e-17
-28.4627 0.298747 -1.22525e-17
-28.483 0.303311 -1.24397e-17
-28.5043 0.30822 -1.2641e-17
-28.5266 0.313534 -1.2859e-17
-28.5498 0.319289 -1.3095e-17
-28.5741 0.325514 -1.33503e-17
-28.5992 0.332179 -1.36236e-17
-28.6254 0.339157 -1.39098e-17
-28.6525 0.346266 -1.42014e-17
-28.6804 0.353323 -1.44908e-17
-28.7092 0.360133 -1.47701e-17
-28.7386 0.366475 -1.50302e-17
-28.7688 0.37212 -1.52617e-17
-28.7996 0.376848 -1.54556e-17
-28.8309 0.380486 -1.56048e-17
-28.8628 0.382951 -1.57059e-17
-28.8951 0.384215 -1.57578e-17
-28.9278 0.384261 -1.57597e-17
-28.9609 0.383123 -1.5713e-17
-28.9943 0.380923 -1.56227e-17
-29.0281 0.377834 -1.54961e-17
-29.0623 0.37404 -1.53405e-17
-29.0968 0.369717 -1.51632e-17
-29.1316 0.365024 -1.49707e-17
-29.1668 0.360108 -1.4769e-17
-29.2022 0.355119 -1.45645e-17
-29.2378 0.350168 -1.43614e-17
-29.2735 0.345281 -1.4161e-17
-29.3094 0.340441 -1.39625e-17
-29.3453 0.335627 -1.3765e-17
-29.3811 0.330809 -1.35674e-17
-29.4167 0.325934 -1.33675e-17
-29.4521 0.320939 -1.31626e-17
-29.4872 0.315757 -1.29501e-17
-29.5219 0.310354 -1.27285e-17
-29.5561 0.30476 -1.24991e-17
-29.5899 0.299042 -1.22646e-17
-29.6231 0.29326 -1.20274e-17
-29.6557 0.287483 -1.17905e-17
-29.6878 0.281791 -1.15571e-17
-29.7192 0.276268 -1.13305e-17
-29.7499 0.270993 -1.11142e-17
-29.78 0.266035 -1.09109e-17
-29.8094 0.261443 -1.07225e-17
-29.838 0.257257 -1.05509e-17
-29.8659 0.253509 -1.03971e-17
-29.8931 0.250216 -1.02621e-17
-29.9194 0.247368 -1.01453e-17
-29.9449 0.24494 -1.00457e-17
-29.9696 0.242901 -9.96205e-18
-29.9933 0.24122 -9.89314e-18
-30.0162 0.239874 -9.83791e-18
-30.0381 0.238837 -9.79539e-18
-30.0591 0.238085 -9.76454e-18
-30.0791 0.237612 -9.74514e-18
-30.0981 0.237457 -9.7388e-18
-30.1162 0.237682 -9.74801e-18
-30.1334 0.238345 -9.7752e-18
-30.1495 0.239517 -9.8233e-18
-30.1648 0.241298 -9.89631e-18
-30.1792 0.243794 -9.9987e-18
-30.1926 0.247112 -1.01348e-17
-30.2053 0.251301 -1.03066e-17
-30.217 0.256299 -1.05115e-17
-30.2279 0.261986 -1.07448e-17
-30.2378 0.268241 -1.10013e-17
-30.2467 0.274887 -1.12739e-17
-30.2545 0.281643 -1.1551e-17
-30.2612 0.288173 -1.18188e-17
-30.2667 0.294148 -1.20638e-17
-30.2708 0.299247 -1.2273e-17
-30.2735 0.303159 -1.24334e-17
-30.2746 0.305583 -1.25329e-17
-30.274 0.306236 -1.25596e-17
-30.2717 0.304865 -1.25034e-17
-30.2675 0.301272 -1.2356e-17
-30.2614 0.295295 -1.21109e-17
-30.2533 0.286791 -1.17621e-17
-30.243 0.275685 -1.13066e-17
-30.2306 0.262025 -1.07464e-17
-30.2159 0.24593 -1.00863e-17
-30.199 0.22753 -9.33165e-18
-30.1798 0.207012 -8.49017e-18
-30.1584 0.184669 -7.57383e-18
-30.1347 0.160845 -6.59673e-18
-30.1088 0.135883 -5.57297e-18
-30.0807 0.110138 -4.51706e-18
-30.0505 0.0839891 -3.44463e-18
-30.0182 0.057824 -2.37153e-18
-29.9839 0.0320104 -1.31284e-18
-29.9476 0.00688406 -2.82335e-19
-29.9095 -0.017267 7.0817e-19
-29.8696 -0.0401926 1.64842e-18
-29.828 -0.06167 2.52927e-18
-29.7848 -0.081531 3.34382e-18
-29.74 -0.0996991 4.08895e-18
-29.6936 -0.116136 4.76309e-18
-29.6459 -0.130824 5.36546e-18
-29.5969 -0.1438 5.89767e-18
-29.5465 -0.155151 6.36318e-18
-29.495 -0.164998 6.76706e-18
-29.4424 -0.173484 7.11507e-18
-29.3887 -0.180753 7.41322e-18
-29.3341 -0.18695 7.66737e-18
-29.2785 -0.192217 7.88337e-18
-29.2221 -0.196696 8.06708e-18
-29.1649 -0.200513 8.22362e-18
-29.1071 -0.203748 8.35627e-18
-29.0487 -0.206445 8.4669e-18
-28.9899 -0.208649 8.55731e-18
-28.9303 -0.210707 8.64172e-18
-28.8702 -0.212355 8.7093e-18
-28.8101 -0.213389 8.7517e-18
-28.7498 -0.213883 8.77195e-18
-28.6896 -0.213693 8.76416e-18
-28.6294 -0.212814 8.72812e-18
-28.5695 -0.21113 8.65903e-18
-28.5097 -0.208592 8.55495e-18
-28.4503 -0.205108 8.41208e-18
-28.3914 -0.200649 8.2292e-18
-28.3328 -0.195168 8.00439e-18
-28.2748 -0.188636 7.73651e-18
-28.2168 -0.180962 7.42179e-18
-28.1592 -0.172243 7.06419e-18
-28.1024 -0.162558 6.66698e-18
-28.0462 -0.151942 6.23156e-18
-27.9909 -0.140491 5.76192e-18
-27.9363 -0.128308 5.2623e-18
-27.8827 -0.115549 4.739e-18
-27.8298 -0.102341 4.19732e-18
-27.7779 -0.0888425 3.64369e-18
-27.7269 -0.0752121 3.08467e-18
-27.677 -0.061629 2.52758e-18
-27.6275 -0.0482654 1.9795e-18
-27.579 -0.0352656 1.44635e-18
-27.5317 -0.022748 9.32963e-19
-27.4855 -0.0108167 4.43624e-19
-27.4407 0.000441366 -1.81017e-20
-27.3971 0.0109581 -4.49421e-19
-27.355 0.0207165 -8.49644e-19
-27.3143 0.0297216 -1.21897e-18
-27.275 0.037999 -1.55845e-18
-27.2373 0.0455826 -1.86947e-18
-27.2014 0.0525412 -2.15487e-18
-27.1674 0.0589617 -2.41819e-18
-27.1354 0.0649425 -2.66348e-18
-27.1055 0.0705562 -2.89372e-18
-27.0777 0.0758162 -3.10944e-18
-27.0522 0.0807085 -3.31009e-18
-27.0289 0.0852286 -3.49547e-18
-27.0079 0.0893391 -3.66405e-18
-26.9892 0.0929249 -3.81112e-18
-26.9728 0.0958372 -3.93056e-18
-26.9586 0.0979383 -4.01673e-18
-26.9467 0.0991014 -4.06443e-18
-26.937 0.0992065 -4.06875e-18
-26.9295 0.0981447 -4.0252e-18
-26.9241 0.09582 -3.92986e-18
-26.9207 0.0921753 -3.78037e-18
-26.9194 0.0872173 -3.57703e-18
-26.92 0.0809907 -3.32166e-18
-26.9225 0.073549 -3.01646e-18
-26.9269 0.0649775 -2.66492e-18
-26.9331 0.0554188 -2.27288e-18
-26.9411 0.0450438 -1.84738e-18
-26.9508 0.0340218 -1.39533e-18
-26.9622 0.0225424 -9.24529e-19
-26.9753 0.0108399 -4.44574e-19
-26.9899 -0.000836068 3.42896e-20
-27.0062 -0.0122508 5.02439e-19
-27.0241 -0.0231668 9.50138e-19
-27.0436 -0.0333249 1.36675e-18
-27.0646 -0.0424674 1.74171e-18
-27.0873 -0.0503635 2.06555e-18
-27.1115 -0.0568375 2.33107e-18
-27.1372 -0.0617977 2.5345e-18
-27.1646 -0.0652103 2.67446e-18
-27.1934 -0.0670708 2.75077e-18
-27.2237 -0.0674534 2.76646e-18
-27.2555 -0.066563 2.72994e-18
-27.2887 -0.0646806 2.65274e-18
-27.3231 -0.0621048 2.5471e-18
-27.3587 -0.0591661 2.42657e-18
-27.3955 -0.0562423 2.30666e-18
-27.4333 -0.0537339 2.20378e-18
-27.4721 -0.0520389 2.13427e-18
-27.5116 -0.0515491 2.11418e-18
-27.5519 -0.0526478 2.15924e-18
-27.5925 -0.0556973 2.28431e-18
-27.6335 -0.0610457 2.50366e-18
-27.6749 -0.0689961 2.82973e-18
-27.716 -0.0797966 3.27269e-18
-27.7571 -0.0936272 3.83992e-18
-27.7982 -0.11064 4.53765e-18
-27.8392 -0.130948 5.37057e-18
-27.88 -0.154614 6.34116e-18
-27.9204 -0.181661 7.45044e-18
-27.9603 -0.212069 8.69756e-18
-27.9995 -0.245771 1.00798e-17
-28.0378 -0.28263 1.15915e-17
-28.0752 -0.322463 1.32251e-17
-28.1115 -0.365054 1.49719e-17
-28.1465 -0.410137 1.68209e-17
-28.1801 -0.457369 1.8758e-17
-28.2119 -0.506321 2.07657e-17
-28.242 -0.556623 2.28287e-17
-28.2705 -0.607863 2.49302e-17
-28.297 -0.659555 2.70503e-17
-28.3218 -0.711224 2.91693e-17
-28.3445 -0.76238 3.12674e-17
-28.3653 -0.81255 3.3325e-17
-28.3841 -0.861228 3.53215e-17
-28.4008 -0.907924 3.72366e-17
-28.4155 -0.952169 3.90512e-17
-28.4282 -0.993557 4.07486e-17
-28.4388 -1.03175 4.23151e-17
-28.4474 -1.06649 4.37396e-17
-28.454 -1.09752 4.50126e-17
-28.4586 -1.12471 4.61276e-17
-28.4612 -1.14799 4.70826e-17
-28.4618 -1.1674 4.78785e-17
-28.4605 -1.18299 4.85179e-17
-28.4572 -1.19488 4.90054e-17
-28.452 -1.20324 4.93483e-17
-28.4449 -1.2083 4.95558e-17
-28.4359 -1.2103 4.96381e-17
-28.425 -1.20949 4.96047e-17
-28.4123 -1.20604 4.94634e-17
-28.3977 -1.20013 4.92208e-17
-28.3815 -1.19192 4.88839e-17
-28.3636 -1.18158 4.84598e-17
-28.344 -1.16928 4.79555e-17
-28.3229 -1.15519 4.73775e-17
-28.3002 -1.13946 4.67324e-17
-28.276 -1.12223 4.6026e-17
-28.2504 -1.10361 4.52623e-17
-28.2234 -1.08367 4.44443e-17
-28.195 -1.06247 4.35749e-17
-28.1653 -1.04008 4.26567e-17
-28.1343 -1.01657 4.16925e-17
-28.1016 -0.991953 4.06828e-17
-28.0676 -0.966328 3.96319e-17
-28.0324 -0.93977 3.85427e-17
-27.9961 -0.912311 3.74165e-17
-27.9586 -0.884014 3.62559e-17
-27.92 -0.854911 3.50624e-17
-27.8803 -0.82506 3.38381e-17
-27.8396 -0.794503 3.25848e-17
-27.798 -0.763298 3.1305e-17
-27.7554 -0.731498 3.00008e-17
-27.7119 -0.699174 2.86751e-17
-27.6677 -0.666407 2.73313e-17
-27.6227 -0.633297 2.59733e-17
-27.577 -0.599944 2.46054e-17
-27.5308 -0.566429 2.32309e-17
-27.4841 -0.532773 2.18506e-17
-27.4372 -0.498977 2.04645e-17
-27.39 -0.465044 1.90728e-17
-27.3422 -0.430981 1.76758e-17
-27.2943 -0.396736 1.62713e-17
-27.247 -0.362254 1.48571e-17
-27.2002 -0.327494 1.34315e-17
-27.1541 -0.292404 1.19923e-17
-27.1091 -0.256926 1.05373e-17
-27.0649 -0.220986 9.06328e-18
-27.022 -0.184532 7.56819e-18
-26.9809 -0.147547 6.05134e-18
-26.9417 -0.110103 4.51563e-18
-26.9046 -0.072311 2.96568e-18
-26.8697 -0.0342827 1.40603e-18
-26.8372 0.00385465 -1.5809e-19
-26.8074 0.0419321 -1.71976e-18
-26.7803 0.0797671 -3.27148e-18
-26.756 0.117191 -4.80634e-18
-26.7348 0.154068 -6.31878e-18
-26.7167 0.190317 -7.80544e-18
-26.7019 0.225891 -9.26446e-18
-26.6905 0.260767 -1.06948e-17
-26.6826 0.294939 -1.20963e-17
-26.6776 0.32799 -1.34518e-17
-26.6762 0.360254 -1.4775e-17
-26.6786 0.392032 -1.60784e-17
-26.6847 0.42321 -1.73571e-17
-26.6948 0.453925 -1.86168e-17
-26.7086 0.48412 -1.98552e-17
-26.7263 0.513872 -2.10754e-17
-26.7479 0.543142 -2.22758e-17
-26.7733 0.571867 -2.34539e-17
-26.8024 0.599912 -2.46041e-17
-26.8353 0.627169 -2.5722e-17
-26.8716 0.65349 -2.68015e-17
-26.9114 0.678743 -2.78372e-17
-26.9546 0.702787 -2.88233e-17
-27.0011 0.725462 -2.97533e-17
-27.0507 0.746617 -3.06209e-17
-27.1034 0.766082 -3.14192e-17
-27.1591 0.783685 -3.21412e-17
-27.2175 0.799254 -3.27797e-17
-27.2785 0.812638 -3.33286e-17
-27.3421 0.823724 -3.37833e-17
-27.4082 0.832419 -3.41399e-17
-27.4766 0.838635 -3.43949e-17
-27.5471 0.842266 -3.45438e-17
-27.6198 0.843179 -3.45812e-17
-27.6943 0.841225 -3.45011e-17
-27.7707 0.836263 -3.42976e-17
-27.8488 0.828179 -3.3966e-17
-27.9283 0.81691 -3.35038e-17
-28.0087 0.8025 -3.29128e-17
-28.0902 0.784873 -3.21899e-17
-28.1729 0.764026 -3.13349e-17
-28.2567 0.740107 -3.03539e-17
-28.3415 0.713267 -2.92532e-17
-28.4272 0.683707 -2.80408e-17
-28.5137 0.651618 -2.67247e-17
-28.601 0.617242 -2.53149e-17
-28.6876 0.580812 -2.38208e-17
-28.7743 0.54261 -2.2254e-17
-28.8618 0.502894 -2.06251e-17
-28.9495 0.461928 -1.8945e-17
-29.0376 0.419976 -1.72244e-17
-29.1259 0.377303 -1.54743e-17
-29.2143 0.334163 -1.3705e-17
-29.3025 0.290771 -1.19254e-17
-29.3907 0.247319 -1.01433e-17
-29.4785 0.203995 -8.36644e-18
-29.5659 0.160976 -6.60209e-18
-29.6527 0.118389 -4.85546e-18
-29.7387 0.07634 -3.13092e-18
-29.8238 0.0349306 -1.4326e-18
-29.9078 -0.00573586 2.35244e-19
-29.9905 -0.045563 1.86867e-18
-30.0717 -0.0844678 3.46427e-18
-30.1513 -0.122356 5.01816e-18
-30.2291 -0.159126 6.5262e-18
-30.3049 -0.194679 7.98434e-18
-30.3786 -0.22891 9.38825e-18
-30.4499 -0.261722 1.0734e-17
-30.5188 -0.293018 1.20175e-17
-30.5851 -0.322684 1.32342e-17
-30.6485 -0.350609 1.43795e-17
-30.7091 -0.376693 1.54493e-17
-30.7666 -0.400829 1.64391e-17
-30.821 -0.422876 1.73434e-17
-30.8721 -0.442691 1.8156e-17
-30.9199 -0.460144 1.88718e-17
-30.9643 -0.475137 1.94868e-17
-31.0051 -0.487613 1.99984e-17
-31.0425 -0.497542 2.04056e-17
-31.0762 -0.504916 2.07081e-17
-31.1062 -0.509755 2.09065e-17
-31.1325 -0.512111 2.10032e-17
-31.1551 -0.512064 2.10012e-17
-31.1738 -0.509709 2.09046e-17
-31.1888 -0.505175 2.07187e-17
-31.1999 -0.498647 2.0451e-17
-31.2072 -0.490339 2.01102e-17
-31.2106 -0.480472 1.97056e-17
-31.2101 -0.469271 1.92462e-17
-31.2058 -0.456958 1.87412e-17
-31.1976 -0.44375 1.81995e-17
-31.1856 -0.429863 1.76299e-17
-31.1698 -0.415495 1.70407e-17
-31.1501 -0.400817 1.64387e-17
-31.1268 -0.385981 1.58302e-17
-31.0997 -0.371124 1.52209e-17
-31.069 -0.356356 1.46152e-17
-31.0347 -0.341732 1.40154e-17
-30.9969 -0.327276 1.34225e-17
-30.9557 -0.312997 1.28369e-17
-30.9111 -0.298882 1.2258e-17
-30.8633 -0.28489 1.16842e-17
-30.8123 -0.270956 1.11127e-17
-30.7583 -0.257009 1.05407e-17
-30.7012 -0.24297 9.96491e-18
-30.6413 -0.228754 9.38187e-18
-30.5786 -0.214273 8.78796e-18
-30.5133 -0.199439 8.17959e-18
-30.4453 -0.184171 7.55339e-18
-30.3749 -0.168402 6.90663e-18
-30.3021 -0.152075 6.23702e-18
-30.2271 -0.135145 5.54271e-18
-30.1498 -0.117593 4.82284e-18
-30.0706 -0.0994329 4.07803e-18
-29.9893 -0.0807103 3.31016e-18
-29.9062 -0.061486 2.52172e-18
-29.8213 -0.041832 1.71565e-18
-29.7348 -0.0218334 8.95452e-19
-29.6467 -0.00158478 6.49964e-20
-29.5571 0.0188031 -7.71169e-19
-29.4662 0.0392178 -1.60843e-18
-29.3742 0.0595639 -2.44289e-18
-29.2811 0.0797471 -3.27066e-18
-29.187 0.0996606 -4.08737e-18
-29.0921 0.119203 -4.88886e-18
-28.9966 0.138278 -5.67116e-18
-28.9005 0.156787 -6.43028e-18
-28.8041 0.174631 -7.16214e-18
-28.7074 0.191676 -7.8612e-18
-28.6102 0.20774 -8.52002e-18
-28.513 0.2226 -9.12946e-18
-28.4151 0.23602 -9.67986e-18
-28.3171 0.247807 -1.01633e-17
-28.2198 0.257765 -1.05717e-17
-28.1227 0.26571 -1.08975e-17
-28.0262 0.271458 -1.11333e-17
-27.9302 0.274848 -1.12723e-17
-27.8347 0.275804 -1.13115e-17
-27.7394 0.274222 -1.12466e-17
-27.6449 0.269948 -1.10713e-17
-27.5514 0.262888 -1.07818e-17
-27.4589 0.252983 -1.03756e-17
-27.3675 0.240178 -9.8504e-18
-27.2772 0.224444 -9.20511e-18
-27.1881 0.20571 -8.43677e-18
-27.1001 0.18383 -7.53941e-18
-27.0133 0.158618 -6.50539e-18
-26.9267 0.129299 -5.30294e-18
-26.8409 0.0961309 -3.94261e-18
-26.7562 0.0592425 -2.42971e-18
-26.6723 0.0182588 -7.48845e-19
-26.5892 -0.0267941 1.0989e-18
-26.5068 -0.0761268 3.12218e-18
-26.425 -0.129725 5.32038e-18
-26.3438 -0.187677 7.69719e-18
-26.2629 -0.249954 1.02513e-17
-26.1824 -0.316591 1.29843e-17
-26.1021 -0.387602 1.58967e-17
-26.0218 -0.463035 1.89904e-17
-25.9413 -0.542891 2.22655e-17
-25.8606 -0.627163 2.57218e-17
-25.7795 -0.715803 2.93571e-17
-25.6979 -0.808749 3.31691e-17
-25.6155 -0.905911 3.7154e-17
-25.5322 -1.00715 4.13063e-17
-25.4478 -1.11225 4.56167e-17
-25.3624 -1.22093 5.00739e-17
-25.2756 -1.33291 5.46664e-17
-25.1875 -1.44781 5.9379e-17
-25.0979 -1.56513 6.41904e-17
-25.0069 -1.68426 6.90762e-17
-24.9144 -1.80461 7.40122e-17
-24.8204 -1.92557 7.89732e-17
-24.7249 -2.04648 8.3932e-17
-24.6279 -2.16665 8.88608e-17
-24.5295 -2.28545 9.37328e-17
-24.4297 -2.4022 9.85211e-17
-24.3286 -2.5162 1.03197e-16
-24.2262 -2.62674 1.0773e-16
-24.1228 -2.73317 1.12095e-16
-24.0183 -2.83494 1.16269e-16
-23.9129 -2.93169 1.20237e-16
-23.8065 -3.0232 1.2399e-16
-23.6992 -3.10928 1.27521e-16
-23.5911 -3.18987 1.30826e-16
-23.482 -3.26504 1.33909e-16
-23.3721 -3.33498 1.36777e-16
-23.2613 -3.39991 1.3944e-16
-23.1495 -3.46007 1.41907e-16
-23.0369 -3.51571 1.44189e-16
-22.9233 -3.56708 1.46296e-16
-22.8088 -3.61447 1.4824e-16
-22.6934 -3.65813 1.50031e-16
-22.5771 -3.69828 1.51677e-16
-22.4599 -3.7351 1.53187e-16
-22.3419 -3.76878 1.54569e-16
-22.2231 -3.79945 1.55826e-16
-22.1036 -3.82711 1.56961e-16
-21.9835 -3.8517 1.57969e-16
-21.8628 -3.87313 1.58848e-16
-21.7418 -3.89129 1.59593e-16
-21.6204 -3.90595 1.60194e-16
-21.499 -3.91687 1.60642e-16
-21.3775 -3.92379 1.60926e-16
-21.2563 -3.92647 1.61036e-16
-21.1354 -3.92476 1.60966e-16
-21.015 -3.91853 1.6071e-16
-20.8951 -3.90766 1.60264e-16
-20.7761 -3.89206 1.59625e-16
-20.658 -3.87172 1.5879e-16
-20.541 -3.84661 1.57761e-16
-20.4253 -3.81676 1.56537e-16
-20.3111 -3.78222 1.5512e-16
-20.1985 -3.74307 1.53514e-16
-20.0878 -3.69945 1.51725e-16
-19.9792 -3.65149 1.49758e-16
-19.8729 -3.59934 1.4762e-16
-19.7691 -3.54317 1.45316e-16
-19.6681 -3.48314 1.42854e-16
-19.5702 -3.41943 1.40241e-16
-19.4757 -3.3522 1.37483e-16
-19.3848 -3.28161 1.34588e-16
-19.2978 -3.20781 1.31562e-16
-19.2151 -3.13093 1.28409e-16
-19.137 -3.0511 1.25135e-16
-19.0637 -2.96841 1.21743e-16
-18.9957 -2.8829 1.18236e-16
-18.9333 -2.79465 1.14617e-16
-18.8767 -2.70372 1.10887e-16
-18.8264 -2.61027 1.07055e-16
-18.7825 -2.51445 1.03125e-16
-18.7455 -2.41644 9.91052e-17
-18.7154 -2.31641 9.50027e-17
-18.6926 -2.21461 9.08277e-17
-18.6773 -2.11132 8.65912e-17
-18.6697 -2.00678 8.23037e-17
-18.6699 -1.90132 7.79785e-17
-18.678 -1.79542 7.36354e-17
-18.6941 -1.68964 6.9297e-17
-18.7183 -1.5845 6.4985e-17
-18.7505 -1.48057 6.07223e-17
-18.7907 -1.3785 5.65361e-17
-18.8388 -1.27899 5.2455e-17
-18.8948 -1.1827 4.85059e-17
-18.9584 -1.09031 4.47167e-17
-19.0295 -1.00257 4.11183e-17
-19.1078 -0.920266 3.77427e-17
-19.1931 -0.844121 3.46198e-17
-19.2852 -0.774827 3.17779e-17
-19.3836 -0.713047 2.92441e-17
-19.4882 -0.659403 2.7044e-17
-19.5984 -0.614467 2.52011e-17
-19.7141 -0.578723 2.37351e-17
-19.8347 -0.552526 2.26607e-17
-19.96 -0.536145 2.19888e-17
-20.0896 -0.529805 2.17288e-17
-20.223 -0.533625 2.18855e-17
-20.36 -0.547547 2.24565e-17
-20.5001 -0.57141 2.34352e-17
-20.6432 -0.605031 2.48141e-17
-20.7887 -0.648133 2.65818e-17
-20.9364 -0.700263 2.87198e-17
-21.0861 -0.760882 3.1206e-17
-21.2374 -0.829458 3.40185e-17
-21.3902 -0.905442 3.71348e-17
-21.544 -0.988253 4.05311e-17
-21.6987 -1.07731 4.41835e-17
-21.854 -1.17205 4.8069e-17
-22.0096 -1.27193 5.21657e-17
-22.1654 -1.37644 5.64516e-17
-22.321 -1.48505 6.0906e-17
-22.4763 -1.59729 6.55096e-17
-22.631 -1.71277 7.02457e-17
-22.7849 -1.83117 7.51016e-17
-22.9376 -1.95225 8.00673e-17
-23.0889 -2.07578 8.51339e-17
-23.2385 -2.20163 9.02951e-17
-23.3861 -2.32971 9.5548e-17
-23.5314 -2.46 1.00892e-16
-23.674 -2.59251 1.06326e-16
-23.8136 -2.72718 1.1185e-16
-23.9498 -2.86386 1.17455e-16
-24.0825 -3.00234 1.23134e-16
-24.2112 -3.1424 1.28879e-16
-24.3357 -3.28372 1.34675e-16
-24.4543 -3.42574 1.405e-16
-24.5654 -3.56788 1.46329e-16
-24.6711 -3.70945 1.52135e-16
-24.7722 -3.84966 1.57886e-16
-24.868 -3.98757 1.63542e-16
-24.9587 -4.12209 1.69059e-16
-25.044 -4.25217 1.74394e-16
-25.1239 -4.37673 1.79502e-16
-25.1985 -4.49464 1.84338e-16
-25.2678 -4.60474 1.88854e-16
-25.3317 -4.70596 1.93005e-16
-25.3904 -4.79723 1.96748e-16
-25.4438 -4.87764 2.00046e-16
-25.492 -4.94633 2.02863e-16
-25.535 -5.00251 2.05167e-16
-25.5729 -5.04551 2.06931e-16
-25.6058 -5.07482 2.08133e-16
-25.6338 -5.09007 2.08758e-16
-25.6571 -5.09093 2.08794e-16
-25.6757 -5.07726 2.08233e-16
-25.6898 -5.04913 2.0708e-16
-25.6995 -5.00679 2.05343e-16
-25.705 -4.95052 2.03035e-16
-25.7064 -4.88075 2.00173e-16
-25.7039 -4.79806 1.96782e-16
-25.6977 -4.70319 1.92891e-16
-25.688 -4.59685 1.8853e-16
-25.6749 -4.47983 1.83731e-16
-25.6589 -4.353 1.78529e-16
-25.6399 -4.21726 1.72962e-16
-25.6184 -4.07348 1.67065e-16
-25.5946 -3.92249 1.60873e-16
-25.5688 -3.76505 1.54416e-16
-25.5413 -3.60185 1.47722e-16
-25.5124 -3.43352 1.40818e-16
-25.4825 -3.26062 1.33727e-16
-25.452 -3.08364 1.26469e-16
-25.4212 -2.90297 1.19059e-16
-25.3904 -2.71894 1.11512e-16
-25.3601 -2.53182 1.03837e-16
-25.3305 -2.34174 9.60416e-17
-25.302 -2.1488 8.81284e-17
-25.2752 -1.95301 8.00988e-17
-25.2503 -1.75438 7.19522e-17
-25.225 -1.55292 6.36899e-17
-25.2015 -1.34856 5.53082e-17
-25.1817 -1.14122 4.68047e-17
-25.1649 -0.930863 3.81774e-17
-25.1503 -0.717451 2.94247e-17
-25.1393 -0.501051 2.05495e-17
-25.1333 -0.281687 1.15528e-17
-25.1319 -0.0594133 2.43671e-18
-25.136 0.165711 -6.7963e-18
-25.1456 0.393589 -1.61422e-17
-25.157 0.620651 -2.54547e-17
-25.1731 0.849084 -3.48234e-17
-25.1967 1.0805 -4.43143e-17
-25.2268 1.31338 -5.38656e-17
-25.2653 1.54849 -6.3508e-17
-25.3116 1.78488 -7.32029e-17
-25.3668 2.02268 -8.29558e-17
-25.4309 2.26129 -9.2742e-17
-25.5046 2.50053 -1.02554e-16
-25.5882 2.73983 -1.12368e-16
-25.6822 2.9787 -1.22165e-16
-25.7869 3.21647 -1.31917e-16
-25.9027 3.45249 -1.41597e-16
-26.0299 3.68605 -1.51176e-16
-26.1689 3.91642 -1.60624e-16
-26.3198 4.14281 -1.69908e-16
-26.483 4.36446 -1.78999e-16
-26.6573 4.58076 -1.8787e-16
-26.8438 4.79086 -1.96487e-16
-27.0434 4.99397 -2.04817e-16
-27.2558 5.18945 -2.12834e-16
-27.4814 5.37662 -2.20511e-16
-27.7201 5.55495 -2.27825e-16
-27.9719 5.72391 -2.34754e-16
-28.2367 5.88308 -2.41282e-16
-28.5146 6.03207 -2.47393e-16
-28.8055 6.17066 -2.53077e-16
-29.1094 6.29871 -2.58328e-16
-29.4262 6.41614 -2.63145e-16
-29.7556 6.52295 -2.67525e-16
-30.0975 6.61918 -2.71472e-16
-30.4517 6.70498 -2.74991e-16
-30.8179 6.7805 -2.78088e-16
-31.1959 6.84596 -2.80773e-16
-31.5854 6.90158 -2.83054e-16
-31.9861 6.94762 -2.84942e-16
-32.3975 6.98437 -2.86449e-16
-32.8194 7.01215 -2.87589e-16
-33.2513 7.03134 -2.88376e-16
-33.6929 7.04232 -2.88826e-16
-34.1437 7.04551 -2.88957e-16
-34.6033 7.04134 -2.88786e-16
-35.0671 7.03009 -2.88324e-16
-35.5372 7.01221 -2.87591e-16
-36.0135 6.98813 -2.86603e-16
-36.4951 6.95819 -2.85375e-16
-36.9839 6.92275 -2.83922e-16
-37.4778 6.88213 -2.82256e-16
-37.9774 6.83671 -2.80393e-16
-38.4816 6.78686 -2.78349e-16
-38.9903 6.73303 -2.76141e-16
-39.5028 6.67569 -2.73789e-16
-40.0187 6.61534 -2.71314e-16
-40.5374 6.55244 -2.68734e-16
-41.0585 6.48732 -2.66064e-16
-41.5814 6.42028 -2.63314e-16
-42.1055 6.35164 -2.60499e-16
-42.6302 6.28169 -2.5763e-16
-43.1549 6.21064 -2.54716e-16
-43.6791 6.13869 -2.51765e-16
-44.2019 6.06604 -2.48786e-16
-44.7229 5.99289 -2.45786e-16
-45.2412 5.91935 -2.4277e-16
-45.7561 5.84548 -2.3974e-16
-46.267 5.77141 -2.36702e-16
-46.773 5.69729 -2.33662e-16
-47.2733 5.62327 -2.30627e-16
-47.7673 5.54958 -2.27604e-16
-48.2542 5.47645 -2.24605e-16
-48.7331 5.40412 -2.21639e-16
-49.2034 5.33279 -2.18713e-16
-49.6642 5.26266 -2.15837e-16
-50.1147 5.19393 -2.13018e-16
-50.5541 5.12683 -2.10266e-16
-50.9817 5.0616 -2.07591e-16
-51.3967 4.9985 -2.05003e-16
-51.7984 4.93776 -2.02512e-16
-52.1859 4.87968 -2.0013e-16
-52.5588 4.82466 -1.97873e-16
-52.9162 4.77315 -1.95761e-16
-53.2577 4.72557 -1.93809e-16
-53.5826 4.68236 -1.92037e-16
-53.8906 4.64411 -1.90468e-16
-54.1811 4.61146 -1.89129e-16
-54.4538 4.58495 -1.88042e-16
-54.7084 4.56511 -1.87229e-16
-54.9447 4.55255 -1.86713e-16
-55.1624 4.54783 -1.86519e-16
-55.3615 4.5514 -1.86666e-16
-55.5417 4.56367 -1.87169e-16
-55.7033 4.58499 -1.88044e-16
-55.846 4.61565 -1.89301e-16
-55.9701 4.65582 -1.90949e-16
-56.0756 4.70558 -1.9299e-16
-56.1627 4.76498 -1.95426e-16
-56.2316 4.83397 -1.98255e-16
-56.2826 4.91242 -2.01473e-16
-56.3159 5.00007 -2.05067e-16
-56.332 5.09655 -2.09024e-16
-56.331 5.20139 -2.13324e-16
-56.3135 5.31407 -2.17945e-16
-56.2796 5.43402 -2.22865e-16
-56.23 5.56078 -2.28064e-16
-56.1651 5.69389 -2.33523e-16
-56.0853 5.83285 -2.39222e-16
-55.9911 5.97714 -2.4514e-16
-55.8832 6.12627 -2.51256e-16
-55.7619 6.27973 -2.5755e-16
-55.628 6.43702 -2.64001e-16
-55.4818 6.59762 -2.70587e-16
-55.324 6.76106 -2.7729e-16
-55.1551 6.92685 -2.8409e-16
-54.9757 7.09455 -2.90968e-16
-54.7863 7.26367 -2.97904e-16
-54.5873 7.43371 -3.04878e-16
-54.3795 7.6041 -3.11866e-16
-54.1631 7.77434 -3.18848e-16
-53.9388 7.94396 -3.25805e-16
-53.7071 8.11251 -3.32717e-16
-53.4683 8.27957 -3.39569e-16
-53.2231 8.44477 -3.46344e-16
-52.9719 8.60778 -3.5303e-16
-52.7152 8.76834 -3.59615e-16
-52.4535 8.92626 -3.66092e-16
-52.1874 9.08134 -3.72452e-16
-51.9174 9.23342 -3.78689e-16
-51.6441 9.38229 -3.84795e-16
-51.3679 9.52775 -3.9076e-16
-51.0895 9.66958 -3.96577e-16
-50.8093 9.80758 -4.02237e-16
-50.5279 9.94155 -4.07732e-16
-50.2458 10.0712 -4.1305e-16
-49.9636 10.1964 -4.18184e-16
-49.6818 10.3168 -4.23122e-16
-49.401 10.4321 -4.2785e-16
-49.1217 10.5419 -4.32356e-16
-48.8445 10.646 -4.36624e-16
-48.5698 10.7439 -4.40639e-16
-48.2982 10.8352 -4.44384e-16
-48.0301 10.9195 -4.47842e-16
-47.766 10.9964 -4.50996e-16
-47.5063 11.0655 -4.53828e-16
-47.2514 11.1262 -4.56317e-16
-47.0018 11.178 -4.58441e-16
-46.7576 11.2204 -4.6018e-16
-46.5194 11.2529 -4.61514e-16
-46.2872 11.2751 -4.62426e-16
-46.0614 11.2867 -4.62899e-16
-45.8422 11.2871 -4.62918e-16
-45.6297 11.2763 -4.62472e-16
-45.4239 11.2538 -4.61553e-16
-45.2252 11.2198 -4.60154e-16
-45.0334 11.1739 -4.58275e-16
-44.8487 11.1164 -4.55914e-16
-44.671 11.0473 -4.5308e-16
-44.5004 10.9669 -4.49782e-16
-44.3367 10.8754 -4.46032e-16
-44.1798 10.7733 -4.41844e-16
-44.0297 10.6609 -4.37234e-16
-43.8861 10.5387 -4.32221e-16
-43.749 10.4071 -4.26824e-16
-43.618 10.2666 -4.21064e-16
-43.4931 10.118 -4.14968e-16
-43.3739 9.96184 -4.08564e-16
-43.2602 9.79886 -4.0188e-16
-43.1519 9.62973 -3.94943e-16
-43.0487 9.45507 -3.8778e-16
-42.9503 9.27547 -3.80414e-16
-42.8564 9.09149 -3.72868e-16
-42.7668 8.90362 -3.65163e-16
-42.6812 8.71224 -3.57314e-16
-42.5991 8.51768 -3.49335e-16
-42.5204 8.32018 -3.41235e-16
-42.4446 8.11996 -3.33023e-16
-42.3715 7.91712 -3.24704e-16
-42.3006 7.71172 -3.1628e-16
-42.2317 7.50378 -3.07752e-16
-42.1644 7.29327 -2.99118e-16
-42.0983 7.08015 -2.90377e-16
-42.033 6.86436 -2.81527e-16
-41.9682 6.64582 -2.72564e-16
-41.9036 6.42448 -2.63486e-16
-41.8388 6.20037 -2.54295e-16
-41.7734 5.97356 -2.44993e-16
-41.7072 5.74415 -2.35584e-16
-41.6399 5.51222 -2.26072e-16
-41.571 5.27787 -2.16461e-16
-41.5003 5.04121 -2.06754e-16
-41.4275 4.80237 -1.96959e-16
-41.3522 4.56156 -1.87083e-16
-41.274 4.31909 -1.77138e-16
-41.1927 4.07533 -1.67141e-16
-41.1079 3.83068 -1.57107e-16
-41.0193 3.58559 -1.47055e-16
-40.9267 3.34047 -1.37002e-16
-40.8295 3.09575 -1.26966e-16
-40.7276 2.85189 -1.16964e-16
-40.6206 2.60944 -1.07021e-16
-40.5081 2.36903 -9.71607e-17
-40.3899 2.13134 -8.74123e-17
-40.2657 1.89708 -7.78049e-17
-40.1352 1.66696 -6.8367e-17
-39.9982 1.4416 -5.91242e-17
-39.8543 1.22159 -5.0101e-17
-39.7033 1.00753 -4.13216e-17
-39.5449 0.800028 -3.28114e-17
-39.379 0.599754 -2.45976e-17
-39.2053 0.407377 -1.67077e-17
-39.0236 0.223544 -9.16818e-18
-38.834 0.0488329 -2.00278e-18
-38.6362 -0.116289 4.76933e-18
-38.4301 -0.271435 1.11323e-17
-38.2156 -0.416269 1.70724e-17
-37.9927 -0.550522 2.25785e-17
-37.7613 -0.674022 2.76436e-17
-37.5214 -0.786676 3.22639e-17
-37.273 -0.888446 3.64377e-17
-37.0161 -0.979369 4.01667e-17
-36.7508 -1.05957 4.34562e-17
-36.4769 -1.12931 4.63163e-17
-36.1946 -1.18882 4.87568e-17
-35.9043 -1.23835 5.07883e-17
-35.6059 -1.27828 5.24259e-17
-35.2997 -1.30898 5.3685e-17
-34.9858 -1.33088 5.45831e-17
-34.6635 -1.34517 5.51695e-17
-34.3338 -1.35171 5.54376e-17
-33.9974 -1.35058 5.53913e-17
-33.6544 -1.34258 5.50631e-17
-33.3051 -1.32804 5.44667e-17
-32.9497 -1.30767 5.36312e-17
-32.5886 -1.28196 5.25769e-17
-32.222 -1.2516 5.13317e-17
-31.8502 -1.21716 4.99193e-17
-31.4736 -1.17934 4.83683e-17
-31.0923 -1.1388 4.67054e-17
-30.7068 -1.09622 4.49593e-17
-30.3172 -1.05229 4.31576e-17
-29.9239 -1.00774 4.13303e-17
-29.527 -0.963273 3.95066e-17
-29.1266 -0.919588 3.7715e-17
-28.7228 -0.877384 3.5984e-17
-28.3163 -0.837383 3.43435e-17
-27.9059 -0.800119 3.28152e-17
-27.4858 -0.766242 3.14258e-17
-27.0616 -0.73656 3.02084e-17
-26.6368 -0.711743 2.91906e-17
-26.2096 -0.692395 2.83971e-17
-25.7816 -0.679119 2.78526e-17
-25.352 -0.672451 2.75792e-17
-24.9217 -0.672822 2.75944e-17
-24.4906 -0.680605 2.79136e-17
-24.0592 -0.696145 2.85509e-17
-23.6275 -0.719785 2.95205e-17
-23.1958 -0.751846 3.08354e-17
-22.7643 -0.792647 3.25087e-17
-22.3333 -0.842481 3.45526e-17
-21.9028 -0.901575 3.69762e-17
-21.4733 -0.970023 3.97835e-17
-21.0448 -1.04785 4.29754e-17
-20.6177 -1.13506 4.65522e-17
-20.1922 -1.23167 5.05145e-17
-19.7685 -1.33771 5.48632e-17
-19.3468 -1.45318 5.95993e-17
-18.9272 -1.57812 6.47235e-17
-18.51 -1.71249 7.02343e-17
-18.0953 -1.85618 7.61272e-17
-17.6834 -2.00901 8.23955e-17
-17.2744 -2.17083 8.90319e-17
-16.8684 -2.34145 9.60294e-17
-16.4657 -2.52072 1.03382e-16
-16.0662 -2.70853 1.11084e-16
-15.6701 -2.90469 1.1913e-16
-15.2775 -3.109 1.27509e-16
-14.8883 -3.32111 1.36208e-16
-14.5029 -3.54064 1.45212e-16
-14.1211 -3.76715 1.54502e-16
-13.7431 -4.00023 1.64061e-16
-13.3689 -4.23945 1.73872e-16
-12.9984 -4.48438 1.83918e-16
-12.6316 -4.7346 1.9418e-16
-12.2686 -4.98962 2.04639e-16
-11.9092 -5.24893 2.15274e-16
-11.5534 -5.512 2.26063e-16
-11.2011 -5.77825 2.36983e-16
-10.8523 -6.04712 2.4801e-16
-10.5068 -6.31798 2.59119e-16
-10.1647 -6.59017 2.70282e-16
-9.82582 -6.86303 2.81473e-16
-9.49004 -7.13592 2.92665e-16
-9.1573 -7.40815 3.0383e-16
-8.82751 -7.67904 3.1494e-16
-8.50058 -7.94794 3.25968e-16
-8.17642 -8.2142 3.36888e-16
-7.85492 -8.47725 3.47676e-16
-7.53598 -8.73652 3.5831e-16
-7.2195 -8.99149 3.68767e-16
-6.90539 -9.24167 3.79028e-16
-6.59354 -9.48666 3.89075e-16
-6.28392 -9.72606 3.98894e-16
-5.97671 -9.9595 4.08468e-16
-5.67182 -10.1867 4.17785e-16
-5.36886 -10.4074 4.26839e-16
-5.06781 -10.6215 4.3562e-16
-4.76958 -10.8287 4.44116e-16
-4.47411 -11.0287 4.52321e-16
-4.18017 -11.2219 4.60242e-16
-3.88771 -11.4081 4.6788e-16
-3.59715 -11.5874 4.75233e-16
-3.30845 -11.7597 4.82301e-16
-3.0213 -11.9253 4.89091e-16
-2.73993 -12.0834 4.95576e-16
-2.49019 -12.2294 5.01563e-16
-2.26327 -12.3642 5.07093e-16
-2.03157 -12.4938 5.12407e-16
-1.79917 -12.6177 5.17489e-16
-1.56603 -12.7358 5.22333e-16
-1.434 -12.85 8.94473e-16
-1.30392 -12.9599 8.99247e-16
-1.16712 -13.0638 9.03755e-16
-1.02355 -13.1612 9.07984e-16
-0.872716 -13.2521 9.11925e-16
-0.714587 -13.3361 9.15564e-16
-0.549098 -13.4129 9.1889e-16
-0.376138 -13.4821 9.21886e-16
-0.1956 -13.5435 9.24541e-16
-0.00745536 -13.5967 9.26841e-16
0.188387 -13.6416 9.28774e-16
0.391864 -13.6777 9.30329e-16
0.602785 -13.7048 9.31494e-16
0.821079 -13.7227 9.32258e-16
1.04661 -13.7312 9.32613e-16
1.27517 -13.7176 9.93651e-16
1.49928 -13.7072 9.93222e-16
1.71937 -13.6869 9.9239e-16
1.93371 -13.6564 9.9114e-16
2.14187 -13.6156 9.89467e-16
2.34362 -13.5646 9.87373e-16
2.53865 -13.5034 9.84865e-16
2.7267 -13.4324 9.81952e-16
2.90745 -13.3518 9.78646e-16
3.08064 -13.2619 9.74962e-16
3.246 -13.1633 9.70917e-16
3.4033 -13.0565 9.66535e-16
3.55227 -12.9419 9.61837e-16
3.69264 -12.8203 9.56848e-16
3.82417 -12.6921 9.51592e-16
3.94658 -12.5581 9.46096e-16
4.05964 -12.4189 9.40385e-16
4.16307 -12.275 9.34486e-16
4.25659 -12.1272 9.28421e-16
4.33994 -11.9758 9.22215e-16
4.41285 -11.8216 9.15889e-16
4.47506 -11.665 9.09466e-16
4.52626 -11.5064 9.02964e-16
4.56616 -11.3463 8.96397e-16
4.5945 -11.1851 8.89784e-16
4.61102 -11.0231 8.83138e-16
4.61551 -10.8607 8.76479e-16
4.60773 -10.6984 8.69823e-16
4.5875 -10.5366 8.63189e-16
4.55461 -10.3758 8.56594e-16
4.5089 -10.2164 8.50057e-16
4.45022 -10.0589 8.43595e-16
4.3784 -9.90363 8.37227e-16
4.29334 -9.75109 8.30972e-16
4.19492 -9.60176 8.24847e-16
4.08308 -9.45611 8.18873e-16
3.95774 -9.3146 8.1307e-16
3.81885 -9.17768 8.07454e-16
3.6664 -9.04585 8.02047e-16
3.50041 -8.91958 7.96869e-16
3.32089 -8.79934 7.91937e-16
3.12788 -8.68553 7.8727e-16
2.92144 -8.57858 7.82883e-16
2.70166 -8.47885 7.78793e-16
2.46863 -8.38665 7.75012e-16
2.22249 -8.30229 7.71552e-16
1.9634 -8.22603 7.68424e-16
1.69153 -8.15809 7.65638e-16
1.40709 -8.09866 7.632e-16
1.1103 -8.04784 7.61116e-16
0.801409 -8.00571 7.59388e-16
0.480693 -7.97228 7.58017e-16
0.148445 -7.9475 7.57001e-16
-0.195046 -7.93121 7.56333e-16
-0.549511 -7.92308 7.56e-16
-0.914671 -7.92268 7.55983e-16
-1.29021 -7.92952 7.56264e-16
-1.67581 -7.94306 7.56819e-16
-2.07112 -7.96271 7.57625e-16
-2.4758 -7.98783 7.58655e-16
-2.88946 -8.01775 7.59882e-16
-3.31173 -8.05179 7.61278e-16
-3.74221 -8.0892 7.62813e-16
-4.18052 -8.12923 7.64454e-16
-4.62624 -8.17113 7.66173e-16
-5.07896 -8.21412 7.67936e-16
-5.53826 -8.25746 7.69713e-16
-6.00371 -8.30039 7.71474e-16
-6.47488 -8.34219 7.73189e-16
-6.95133 -8.38217 7.74828e-16
-7.43265 -8.41963 7.76364e-16
-7.91839 -8.45393 7.77771e-16
-8.40812 -8.48446 7.79023e-16
-8.9014 -8.51066 7.80098e-16
-9.39779 -8.53205 7.80975e-16
-9.89683 -8.54822 7.81638e-16
-10.3981 -8.55878 7.82071e-16
-10.9011 -8.56344 7.82262e-16
-11.4054 -8.56199 7.82203e-16
-11.9105 -8.55431 7.81888e-16
-12.416 -8.54028 7.81313e-16
-12.9215 -8.51984 7.80474e-16
-13.4265 -8.49289 7.79369e-16
-13.9306 -8.45934 7.77993e-16
-14.4334 -8.41912 7.76343e-16
-14.9346 -8.37223 7.7442e-16
-15.4337 -8.31873 7.72226e-16
-15.9304 -8.25873 7.69765e-16
-16.4241 -8.19236 7.67043e-16
-16.9147 -8.11971 7.64064e-16
-17.4016 -8.0408 7.60828e-16
-17.8831 -7.95562 7.57334e-16
-18.36 -7.86416 7.53583e-16
-18.833 -7.76637 7.49572e-16
-19.3011 -7.66199 7.45291e-16
-19.7648 -7.55072 7.40728e-16
-20.2234 -7.43224 7.35869e-16
-20.6773 -7.30624 7.30701e-16
-21.1236 -7.17232 7.25209e-16
-21.5642 -7.02999 7.19371e-16
-22.0006 -6.87883 7.13172e-16
-22.4318 -6.71844 7.06593e-16
-22.8585 -6.54841 6.9962e-16
-23.2802 -6.36841 6.92238e-16
-23.6973 -6.17811 6.84433e-16
-24.1099 -5.97726 6.76196e-16
-24.518 -5.76573 6.6752e-16
-24.9218 -5.54345 6.58404e-16
-25.3215 -5.3104 6.48846e-16
-25.7173 -5.06663 6.38848e-16
-26.1092 -4.81225 6.28415e-16
-26.4976 -4.54748 6.17556e-16
-26.8827 -4.27254 6.0628e-16
-27.2647 -3.9877 5.94598e-16
-27.6439 -3.69334 5.82525e-16
-28.0205 -3.38985 5.70078e-16
-28.3949 -3.07765 5.57274e-16
-28.7675 -2.75718 5.44131e-16
-29.1384 -2.42886 5.30666e-16
-29.5082 -2.09312 5.16896e-16
-29.8771 -1.75039 5.0284e-16
-30.2426 -1.40074 4.88499e-16
-30.607 -1.04484 4.73903e-16
-30.9725 -0.683242 4.59073e-16
-31.3382 -0.316178 4.44018e-16
-31.698 0.050512 4.28979e-16
-32.0559 0.419817 4.13833e-16
-32.4172 0.79424 3.98477e-16
-32.7798 1.17147 3.83006e-16
-33.1456 1.55221 3.67391e-16
-33.514 1.93491 3.51695e-16
-33.8858 2.31935 3.35928e-16
-34.261 2.70435 3.20138e-16
-34.64 3.08936 3.04348e-16
-35.0229 3.47322 2.88604e-16
-35.41 3.85505 2.72944e-16
-35.8013 4.23378 2.57412e-16
-36.1971 4.60848 2.42044e-16
-36.5974 4.97808 2.26885e-16
-37.0024 5.34157 2.11978e-16
-37.4119 5.69791 1.97363e-16
-37.8262 6.04617 1.8308e-16
-38.2451 6.38536 1.69169e-16
-38.6687 6.71457 1.55667e-16
-39.0968 7.03291 1.42611e-16
-39.5293 7.33953 1.30036e-16
-39.9661 7.63359 1.17975e-16
-40.407 7.91429 1.06463e-16
-40.852 8.18086 9.55302e-17
-41.3009 8.43261 8.52053e-17
-41.7534 8.66887 7.55155e-17
-42.2093 8.88905 6.64855e-17
-42.6679 9.09259 5.81377e-17
-43.1292 9.27903 5.0491e-17
-43.5928 9.44807 4.35585e-17
-44.0583 9.59946 3.73493e-17
-44.5254 9.73304 3.1871e-17
-44.9801 9.84632 2.7225e-17
-45.4179 9.93827 2.34537e-17
-45.8551 10.0124 2.04151e-17
-46.2965 10.0702 1.80411e-17
-46.7398 10.112 1.63276e-17
-47.1853 10.1386 1.52364e-17
-47.6324 10.151 1.47305e-17
-48.0809 10.15 1.47701e-17
-48.5304 10.1368 1.53132e-17
-48.9806 10.1124 1.63119e-17
-49.4311 10.0782 1.77158e-17
-49.8816 10.0353 1.94757e-17
-50.3317 9.98487 2.15428e-17
-50.7812 9.92818 2.38675e-17
-51.2297 9.8664 2.64015e-17
-51.6767 9.80064 2.90985e-17
-52.1218 9.73189 3.19182e-17
-52.5634 9.66088 3.48303e-17
-53.0013 9.58842 3.78024e-17
-53.4351 9.51531 4.08007e-17
-53.8646 9.44225 4.3797e-17
-54.2897 9.36985 4.67663e-17
-54.7098 9.29862 4.96877e-17
-55.1249 9.22902 5.25422e-17
-55.5345 9.16145 5.53135e-17
-55.9384 9.09624 5.79879e-17
-56.3363 9.03369 6.05535e-17
-56.7278 8.97404 6.29999e-17
-57.1126 8.9175 6.53185e-17
-57.4905 8.86426 6.75022e-17
-57.861 8.81445 6.95451e-17
-58.2239 8.7682 7.14416e-17
-58.5788 8.72568 7.31856e-17
-58.9254 8.68708 7.47689e-17
-59.2634 8.65262 7.61822e-17
-59.5925 8.62254 7.74159e-17
-59.9124 8.59708 7.84601e-17
-60.2228 8.57649 7.93045e-17
-60.5234 8.56104 7.99381e-17
-60.8141 8.55101 8.03495e-17
-61.0945 8.54665 8.05284e-17
-61.3645 8.54813 8.04676e-17
-61.6238 8.5556 8.01612e-17
-61.8721 8.56922 7.96027e-17
-62.1093 8.58906 7.87891e-17
-62.3352 8.61498 7.77259e-17
-62.5494 8.64676 7.64224e-17
-62.7519 8.6842 7.4887e-17
-62.9423 8.72702 7.31307e-17
-63.1205 8.7748 7.1171e-17
-63.2862 8.82706 6.9028e-17
-63.4392 8.88332 6.67203e-17
-63.5794 8.94308 6.42694e-17
-63.7065 9.00564 6.17037e-17
-63.8203 9.07024 5.90542e-17
-63.9207 9.13618 5.63498e-17
-64.0074 9.20282 5.36167e-17
-64.0688 9.26755 5.09622e-17
-64.1067 9.32987 4.84062e-17
-64.1322 9.39166 4.5872e-17
-64.1426 9.45226 4.33865e-17
-64.1385 9.51145 4.09591e-17
-64.1201 9.56925 3.85884e-17
-64.0873 9.62551 3.6281e-17
-64.0402 9.68041 3.40295e-17
-63.9792 9.73421 3.18229e-17
-63.9044 9.78741 2.9641e-17
-63.8089 9.8406 2.74595e-17
-63.6938 9.89418 2.52623e-17
-63.5676 9.94837 2.30396e-17
-63.4305 10.0037 2.077e-17
-63.2828 10.0606 1.84358e-17
-63.1254 10.1196 1.6019e-17
-62.9544 10.1801 1.35352e-17
-62.7687 10.2422 1.09896e-17
-62.5726 10.307 8.33003e-18
-62.4548 10.3762 -5.69751e-16
-62.3102 10.4498 -5.72924e-16
-62.1578 10.5271 -5.76252e-16
-61.9988 10.608 -5.79735e-16
-61.8338 10.6926 -5.83368e-16
-61.6629 10.7805 -5.87144e-16
-61.4863 10.8717 -5.91052e-16
-61.3042 10.9656 -5.95076e-16
-61.1169 11.062 -5.99201e-16
-60.9245 11.1605 -6.03412e-16
-60.7239 11.2505 -5.75132e-16
-60.521 11.3517 -5.79332e-16
-60.3132 11.4537 -5.83567e-16
-60.1006 11.5561 -5.87817e-16
-60.1113 11.6584 -6.30134e-16
-60.0967 11.7608 -7.9172e-16
-60.0651 11.8624 -7.19099e-16
-60.0148 11.9613 -9.80749e-16
-59.9448 12.0572 -7.619e-16
-59.8539 12.1493 -4.46691e-16
-59.7409 12.2371 -8.03469e-16
-59.6037 12.3198 -7.39337e-16
-59.4402 12.3965 -6.95944e-16
-59.2483 12.4664 -8.28752e-16
-59.0263 12.53 -8.30765e-16
-58.7711 12.5845 -8.32675e-16
-58.4802 12.6289 -8.34361e-16
-58.1604 12.66 -6.82113e-16
-57.8413 12.6827 -6.83046e-16
-57.5226 12.6935 -6.8349e-16
-57.2046 12.6915 -6.83407e-16
-56.8875 12.6758 -6.82761e-16
-56.5714 12.6455 -6.8152e-16
-56.2565 12.5999 -6.7965e-16
-55.9427 12.5383 -6.77124e-16
-55.6301 12.4602 -6.73919e-16
-55.3188 12.365 -6.70015e-16
-55.0087 12.2525 -6.65401e-16
-54.6998 12.1225 -6.60068e-16
-54.392 11.9749 -6.54017e-16
-54.0854 11.8099 -6.47251e-16
-53.7798 11.6279 -6.39785e-16
-53.4751 11.4293 -6.31641e-16
-53.1714 11.2149 -6.22847e-16
-52.8685 10.9853 -6.13432e-16
-52.5663 10.7416 -6.03434e-16
-52.2649 10.4845 -5.92892e-16
-51.9642 10.2153 -5.8185e-16
-51.664 9.93498 -5.70353e-16
-51.3642 9.64474 -5.5845e-16
-51.0648 9.34571 -5.46186e-16
-50.7657 9.03912 -5.33612e-16
-50.4668 8.72617 -5.20777e-16
-50.1679 8.408 -5.07728e-16
-49.8689 8.08575 -4.94511e-16
-49.5697 7.76054 -4.81173e-16
-49.2702 7.43348 -4.6776e-16
-48.9702 7.1056 -4.54312e-16
-48.6695 6.7779 -4.40872e-16
-48.3681 6.45133 -4.27479e-16
-48.0658 6.12681 -4.1417e-16
-47.7624 5.80516 -4.00978e-16
-47.4577 5.48711 -3.87934e-16
-47.1517 5.17338 -3.75066e-16
-46.844 4.86458 -3.62402e-16
-46.5346 4.56123 -3.4996e-16
-46.2233 4.26375 -3.3776e-16
-45.9097 3.97252 -3.25816e-16
-45.5938 3.68785 -3.14141e-16
-45.2752 3.41 -3.02745e-16
-44.9538 3.13913 -2.91636e-16
-44.6293 2.8754 -2.8082e-16
-44.3016 2.61886 -2.70298e-16
-43.9702 2.36947 -2.6007e-16
-43.635 2.1271 -2.5013e-16
-43.2957 1.8916 -2.40471e-16
-42.9519 1.66278 -2.31087e-16
-42.6035 1.44041 -2.21966e-16
-42.2501 1.22424 -2.13101e-16
-41.8914 1.014 -2.04478e-16
-41.5273 0.809362 -1.96086e-16
-41.1572 0.609947 -1.87907e-16
-40.7811 0.415347 -1.79926e-16
-40.3986 0.225127 -1.72124e-16
-40.0094 0.0388373 -1.64484e-16
-39.6133 -0.143972 -1.56987e-16
-39.21 -0.323755 -1.49613e-16
-38.7993 -0.500984 -1.42344e-16
-38.3808 -0.676135 -1.35161e-16
-37.9541 -0.849796 -1.28039e-16
-37.5178 -1.02333 -1.20922e-16
-37.0698 -1.19887 -1.13722e-16
-36.6125 -1.37469 -1.06511e-16
-36.1473 -1.55036 -9.93064e-17
-35.673 -1.72703 -9.20608e-17
-35.1902 -1.90467 -8.47754e-17
-34.6983 -2.084 -7.74205e-17
-34.1974 -2.26503 -6.99958e-17
-33.6874 -2.44814 -6.2486e-17
-33.1688 -2.63343 -5.48868e-17
-32.6374 -2.82064 -4.72086e-17
-32.0961 -3.01022 -3.94335e-17
-31.5473 -3.20243 -3.15502e-17
-30.9895 -3.39715 -2.35645e-17
-30.4239 -3.59449 -1.54707e-17
-29.8502 -3.79423 -7.27881e-18
-29.2687 -3.99628 1.00784e-18
-28.6796 -4.20036 9.37779e-18
-28.0836 -4.40632 1.78246e-17
-27.4806 -4.61383 2.63352e-17
-26.8675 -4.82269 3.49012e-17
-26.247 -5.03249 4.35059e-17
-25.6214 -5.24296 5.21376e-17
-24.9896 -5.45378 6.07841e-17
-24.3511 -5.66465 6.94324e-17
-23.707 -5.8753 7.80719e-17
-23.0587 -6.08547 8.66916e-17
-22.4057 -6.29496 9.52834e-17
-21.7489 -6.5036 1.0384e-16
-21.0881 -6.71121 1.12355e-16
-20.4241 -6.91761 1.2082e-16
-19.7567 -7.12255 1.29225e-16
-19.0867 -7.32578 1.3756e-16
-18.414 -7.52706 1.45815e-16
-17.7392 -7.72615 1.53981e-16
-17.0624 -7.92281 1.62046e-16
-16.384 -8.1168 1.70002e-16
-15.7042 -8.30792 1.7784e-16
-15.0234 -8.49595 1.85552e-16
-14.3418 -8.68063 1.93127e-16
-13.6599 -8.8617 2.00552e-16
-12.9778 -9.03892 2.07821e-16
-12.2959 -9.21209 2.14923e-16
-11.6145 -9.38103 2.21852e-16
-10.934 -9.54555 2.28599e-16
-10.2547 -9.70557 2.35162e-16
-9.57688 -9.86101 2.41537e-16
-8.90088 -10.0119 2.47726e-16
-8.22701 -10.1583 2.5373e-16
-7.5784 -10.2961 2.59383e-16
-6.95762 -10.4245 2.64648e-16
-6.34094 -10.5483 2.69725e-16
-5.72719 -10.6684 2.7465e-16
-5.11755 -10.7846 2.79417e-16
-4.51195 -10.8975 2.84048e-16
-3.91101 -11.0075 2.88557e-16
-3.31484 -11.1151 2.92971e-16
-2.72381 -11.221 2.97315e-16
-2.13811 -11.326 3.0162e-16
-1.55812 -11.4306 3.05912e-16
-0.984108 -11.5358 3.10224e-16
-0.416407 -11.6421 3.14584e-16
0.135056 -11.7506 3.19033e-16
0.659686 -11.862 3.23603e-16
1.16093 -11.9768 3.28311e-16
1.73109 -12.0957 6.53428e-16
2.34024 -12.2201 6.58669e-16
2.94963 -12.3487 6.64078e-16
3.55523 -12.4815 6.69665e-16
4.14735 -12.617 6.75368e-16
4.72342 -12.7547 6.81158e-16
5.29303 -12.8963 6.87112e-16
5.85998 -13.0426 6.93259e-16
6.42942 -13.1945 6.9964e-16
6.99912 -13.3515 7.06234e-16
7.56147 -13.5118 7.12966e-16
8.11537 -13.6568 1.03451e-15
8.53936 -13.8217 9.21751e-16
8.91469 -13.988 9.94287e-16
9.38545 -14.1649 4.63643e-16
9.80587 -14.3467 6.16842e-16
10.213 -14.533 9.55014e-16
10.6047 -14.7198 6.30721e-16
10.9822 -14.9064 1.27361e-15
11.3445 -15.0974 1.06454e-15
11.6909 -15.3047 1.06907e-15
12.0234 -15.495 1.06072e-15
12.3419 -15.6863 1.1129e-15
12.6429 -15.8721 8.18981e-16
12.9256 -16.0522 1.76621e-13
13.1866 -16.2223 3.03924e-13
12.832 -16.4097 -1.91178e-12
12.4887 -16.578 -1.26949e-13
12.4873 -16.759 -4.41316e-16
12.6956 -16.9367 -1.86928e-14
12.8973 -17.1051 -6.80424e-16
13.0838 -17.2622 -8.29434e-15
13.2552 -17.4074 1.84953e-14
13.4119 -17.5405 2.1254e-13
13.554 -17.6615 -4.97028e-14
13.6819 -17.7703 -1.10751e-14
13.7958 -17.8671 -6.99438e-15
13.8959 -17.9518 2.12725e-16
13.9821 -18.0245 2.33346e-15
14.0541 -18.0856 2.72738e-14
14.1119 -18.135 3.17653e-16
14.1552 -18.1734 3.61658e-16
14.1837 -18.2047 3.69376e-16
14.1984 -18.2242 3.74502e-16
14.1993 -18.2325 3.76814e-16
14.1865 -18.2297 3.76387e-16
14.1676 -18.2112 3.17737e-16
14.1369 -18.1941 3.17037e-16
14.0934 -18.1704 3.16064e-16
14.0356 -18.1401 3.14823e-16
13.9632 -18.1037 3.13328e-16
13.8758 -18.0613 3.1159e-16
13.7733 -18.0132 3.09619e-16
13.6559 -17.9597 3.07425e-16
13.5235 -17.901 3.05017e-16
13.3763 -17.8373 3.02402e-16
13.2144 -17.7686 2.99585e-16
13.0378 -17.6951 2.9657e-16
12.8465 -17.6167 2.93357e-16
12.6407 -17.5335 2.89942e-16
12.4203 -17.4452 2.86322e-16
12.1855 -17.3518 2.82493e-16
11.9362 -17.2532 2.78449e-16
11.6725 -17.1493 2.74185e-16
11.3945 -17.0398 2.69696e-16
11.1022 -16.9247 2.64974e-16
10.7956 -16.8036 2.6001e-16
10.4747 -16.6764 2.54791e-16
10.1394 -16.5427 2.49306e-16
9.7898 -16.4022 2.43545e-16
9.42588 -16.2548 2.37499e-16
9.04767 -16.1003 2.31162e-16
8.65517 -15.9385 2.24529e-16
8.24837 -15.7694 2.17593e-16
7.82727 -15.5928 2.10351e-16
7.39184 -15.4087 2.02798e-16
6.94207 -15.2168 1.9493e-16
6.47795 -15.0173 1.86747e-16
5.9995 -14.8101 1.7825e-16
5.50675 -14.5953 1.69441e-16
4.99969 -14.3731 1.60327e-16
4.47833 -14.1435 1.50912e-16
3.94268 -13.9067 1.41199e-16
3.39273 -13.6628 1.31195e-16
2.82848 -13.4119 1.20904e-16
2.24998 -13.1541 1.10333e-16
1.65731 -12.8898 9.94934e-17
1.05054 -12.6193 8.83974e-17
0.429751 -12.3428 7.70574e-17
-0.204953 -12.0607 6.54868e-17
-0.853465 -11.7733 5.36993e-17
-1.51566 -11.4809 4.17092e-17
-2.19141 -11.184 2.95301e-17
-2.88054 -10.8828 1.71779e-17
-3.58285 -10.5778 4.67043e-18
-4.29811 -10.2695 -7.97239e-18
-5.02609 -9.95844 -2.07315e-17
-5.76653 -9.64502 -3.35859e-17
-6.51909 -9.32988 -4.65107e-17
-7.28344 -9.01368 -5.9479e-17
-8.05922 -8.69704 -7.24651e-17
-8.84609 -8.3806 -8.54435e-17
-9.64366 -8.06496 -9.83887e-17
-10.4515 -7.75074 -1.11276e-16
-11.2693 -7.43853 -1.2408e-16
-12.0965 -7.12888 -1.3678e-16
-12.9328 -6.82234 -1.49352e-16
-13.7777 -6.51945 -1.61774e-16
-14.6306 -6.22071 -1.74027e-16
-15.4913 -5.92661 -1.86088e-16
-16.359 -5.63766 -1.97939e-16
-17.2334 -5.35436 -2.09558e-16
-18.1138 -5.07716 -2.20927e-16
-18.9998 -4.80652 -2.32027e-16
-19.8908 -4.54289 -2.42839e-16
-20.7856 -4.28682 -2.53341e-16
-21.6837 -4.03872 -2.63516e-16
-22.585 -3.79888 -2.73353e-16
-23.489 -3.5677 -2.82834e-16
-24.3949 -3.3456 -2.91943e-16
-25.3014 -3.13313 -3.00657e-16
-26.2083 -2.93045 -3.0897e-16
-27.1155 -2.73744 -3.16886e-16
-28.0221 -2.55415 -3.24403e-16
-28.9277 -2.38041 -3.31528e-16
-29.8315 -2.21606 -3.38269e-16
-30.7324 -2.06069 -3.44641e-16
-31.6305 -1.91388 -3.50662e-16
-32.511 -1.77446 -3.5638e-16
-33.3773 -1.64639 -3.61633e-16
-34.2409 -1.5265 -3.6655e-16
-35.0985 -1.41138 -3.71271e-16
-35.9513 -1.30203 -3.75756e-16
-36.7981 -1.19639 -3.80088e-16
-37.639 -1.09436 -3.84273e-16
-38.4733 -0.994429 -3.88372e-16
-39.3007 -0.896084 -3.92405e-16
-40.1207 -0.798196 -3.9642e-16
-40.9329 -0.700113 -4.00442e-16
-41.737 -0.600932 -4.0451e-16
-42.5324 -0.500015 -4.08649e-16
-43.3189 -0.396622 -4.12889e-16
-44.096 -0.29014 -4.17257e-16
-44.8634 -0.179935 -4.21776e-16
-45.6207 -0.0654923 -4.2647e-16
-46.3676 0.053652 -4.31356e-16
-47.1037 0.177835 -4.3645e-16
-47.8287 0.307323 -4.4176e-16
-48.5422 0.442303 -4.47296e-16
-49.244 0.582894 -4.53062e-16
-49.9337 0.729133 -4.5906e-16
-50.6103 0.881001 -4.65288e-16
-51.2367 1.03896 -4.71767e-16
-51.8195 1.20224 -4.78463e-16
-52.3974 1.3698 -4.85335e-16
-52.9631 1.54121 -4.92366e-16
-53.5162 1.71561 -4.99518e-16
-54.0571 1.89235 -5.06767e-16
-54.5847 2.07063 -5.14078e-16
-55.0756 2.24522 -5.21239e-16
-55.5283 2.41435 -5.28176e-16
-55.9666 2.5824 -5.35068e-16
-56.3906 2.74908 -5.41903e-16
-56.7995 2.91319 -5.48634e-16
-57.1933 3.07429 -5.55242e-16
-57.5714 3.23154 -5.61691e-16
-57.9337 3.38451 -5.67964e-16
-58.2799 3.53267 -5.74041e-16
-58.6098 3.6757 -5.79907e-16
-58.9231 3.81328 -5.85549e-16
-59.2196 3.94526 -5.90962e-16
-59.4993 4.07154 -5.96142e-16
-59.7621 4.19214 -6.01088e-16
-60.0077 4.30717 -6.05805e-16
-60.2363 4.41693 -6.10307e-16
-60.4478 4.52184 -6.1461e-16
-60.6422 4.62239 -6.18734e-16
-60.8198 4.71914 -6.22702e-16
-60.9805 4.81285 -6.26545e-16
-61.1246 4.90434 -6.30297e-16
-61.2523 4.99443 -6.33992e-16
-61.364 5.08399 -6.37665e-16
-61.46 5.17386 -6.41351e-16
-61.5902 5.26577 -1.14881e-15
-61.7576 5.3606 -1.12167e-15
-61.9133 5.45825 -1.09459e-15
-62.0568 5.55942 -1.06741e-15
-62.1891 5.66482 -1.04001e-15
-62.3112 5.77511 -1.01228e-15
-62.4242 5.89086 -9.84128e-16
-62.5291 6.01249 -9.55508e-16
-62.6266 6.14035 -9.26384e-16
-62.7176 6.27467 -8.96738e-16
-62.8223 6.41594 -7.09632e-16
-62.9095 6.56611 -6.58975e-16
-62.9922 6.72302 -6.07535e-16
-63.0714 6.8866 -5.55204e-16
-63.1479 7.05669 -5.02084e-16
-63.2174 7.21919 -6.55162e-16
-63.2858 7.40022 -6.01648e-16
-63.3494 7.58651 -5.47845e-16
-63.6881 7.77662 -3.80932e-16
-64.2494 7.97831 -4.55903e-16
-64.8225 8.18528 -2.94059e-16
-65.3971 8.39492 -1.67698e-16
-65.9709 8.60641 1.38978e-16
-66.5415 8.81884 1.55305e-16
-67.1063 9.03126 2.73448e-16
-67.6625 9.24272 3.8243e-16
-68.2073 9.45225 6.48071e-16
-68.7378 9.65891 7.06161e-16
-69.2511 9.86176 6.42191e-16
-69.7356 10.0584 7.84657e-16
-70.1565 10.2507 9.39371e-16
-70.4376 10.4357 1.00375e-15
-70.6891 10.6128 1.31965e-15
-70.9185 10.7815 1.2965e-15
-71.1214 10.9409 1.39798e-15
-71.2967 11.0907 2.86745e-14
-71.4434 11.2302 1.82507e-15
-71.56 11.3588 1.48946e-15
-71.6454 11.4762 1.8187e-15
-71.698 11.5817 1.84423e-15
-71.7168 11.6749 4.12266e-15
-71.6994 11.7551 1.8862e-15
-71.6428 11.8218 1.89646e-15
-71.5457 11.8742 1.8384e-15
-71.4078 11.914 1.85517e-15
-71.2279 11.9377 1.85873e-15
-71.0352 11.9435 1.77891e-15
-70.8463 11.9367 1.80778e-15
-70.6563 11.9146 1.80868e-15
-70.4653 11.8771 1.81022e-15
-70.2734 11.8239 1.8124e-15
-70.0806 11.7547 1.81524e-15
-69.8871 11.6696 1.81873e-15
-69.693 11.5684 1.82288e-15
-69.4983 11.4512 1.82769e-15
-69.3031 11.3181 1.83315e-15
-69.1075 11.1696 1.83924e-15
-68.9114 11.0059 1.84595e-15
-68.715 10.8274 1.85327e-15
-68.5182 10.6348 1.86117e-15
-68.321 10.4285 1.86963e-15
-68.1233 10.2094 1.87862e-15
-67.9252 9.97807 1.88811e-15
-67.7264 9.73556 1.89805e-15
-67.527 9.48286 1.90842e-15
-67.3269 9.22107 1.91915e-15
-67.1258 8.95131 1.93022e-15
-66.9238 8.67469 1.94156e-15
-66.7206 8.39237 1.95314e-15
-66.5161 8.10549 1.96491e-15
-66.31 7.81525 1.97681e-15
-66.1021 7.52284 1.9888e-15
-65.8923 7.22948 2.00083e-15
-65.6802 6.93636 2.01286e-15
-65.4658 6.64463 2.02482e-15
-65.2486 6.35544 2.03668e-15
-65.0286 6.06987 2.04839e-15
-64.8055 5.78894 2.05991e-15
-64.579 5.51366 2.0712e-15
-64.3489 5.24506 2.08222e-15
-64.1152 4.98415 2.09292e-15
-63.8777 4.73184 2.10327e-15
-63.6362 4.48891 2.11323e-15
-63.3907 4.25608 2.12278e-15
-63.141 4.03396 2.13189e-15
-62.8872 3.82302 2.14054e-15
-62.6292 3.62363 2.14872e-15
-62.3669 3.43608 2.15641e-15
-62.1003 3.26054 2.16361e-15
-61.8296 3.09708 2.17032e-15
-61.5547 2.94564 2.17653e-15
-61.2757 2.80607 2.18225e-15
-60.9927 2.6781 2.1875e-15
-60.7059 2.56139 2.19229e-15
-60.4153 2.45552 2.19663e-15
-60.1212 2.36008 2.20054e-15
-59.8237 2.27461 2.20405e-15
-59.523 2.19861 2.20716e-15
-59.2195 2.13154 2.20991e-15
-58.9132 2.07288 2.21232e-15
-58.6045 2.02207 2.2144e-15
-58.2937 1.97859 2.21619e-15
-57.9811 1.94186 2.21769e-15
-57.6668 1.91125 2.21895e-15
-57.3512 1.8861 2.21998e-15
-57.0346 1.86582 2.22081e-15
-56.7171 1.84988 2.22147e-15
-56.3991 1.8378 2.22196e-15
-56.0808 1.8292 2.22231e-15
-55.7626 1.82377 2.22254e-15
-55.4448 1.82121 2.22264e-15
-55.1275 1.82113 2.22265e-15
-54.8109 1.82316 2.22256e-15
-54.4954 1.82701 2.2224e-15
-54.1811 1.83245 2.22218e-15
-53.8683 1.83928 2.2219e-15
-53.5571 1.84733 2.22157e-15
-53.2478 1.85653 2.22119e-15
-52.9405 1.86682 2.22077e-15
-52.6354 1.87806 2.22031e-15
-52.3327 1.89009 2.21982e-15
-52.0326 1.90283 2.2193e-15
-51.7352 1.9162 2.21875e-15
-51.4406 1.93014 2.21818e-15
-51.149 1.94454 2.21758e-15
-50.8606 1.95938 2.21698e-15
-50.5755 1.97465 2.21635e-15
-50.294 1.99042 2.2157e-15
-50.0161 2.0068 2.21503e-15
-49.7422 2.0239 2.21433e-15
-49.4723 2.04184 2.21359e-15
-49.2066 2.06078 2.21282e-15
-48.9455 2.08087 2.21199e-15
-48.6872 2.10226 2.21112e-15
-48.4337 2.12503 2.21018e-15
-48.1828 2.14919 2.20919e-15
-47.9366 2.17489 2.20814e-15
-47.6977 2.20212 2.20702e-15
-47.4646 2.23086 2.20584e-15
-47.239 2.2611 2.2046e-15
-47.0202 2.29275 2.2033e-15
-46.8091 2.32571 2.20195e-15
-46.6057 2.35984 2.20055e-15
-46.4106 2.39505 2.19911e-15
-46.2238 2.43123 2.19762e-15
-46.0459 2.46824 2.19611e-15
-45.877 2.50586 2.19456e-15
-45.7174 2.54387 2.193e-15
-45.5673 2.58197 2.19144e-15
-45.427 2.61986 2.18989e-15
-45.2968 2.65717 2.18836e-15
-45.1767 2.69359 2.18686e-15
-45.0669 2.72879 2.18542e-15
-44.9676 2.76239 2.18404e-15
-44.879 2.794 2.18275e-15
-44.801 2.82319 2.18155e-15
-44.7337 2.84952 2.18047e-15
-44.6771 2.87251 2.17953e-15
-44.6313 2.89172 2.17874e-15
-44.5962 2.90678 2.17812e-15
-44.5717 2.91734 2.17769e-15
-44.5578 2.92305 2.17745e-15
-44.5532 2.92372 2.17743e-15
-44.5588 2.91891 2.17762e-15
-44.5748 2.90828 2.17806e-15
-44.6008 2.89161 2.17874e-15
-44.6369 2.86859 2.17969e-15
-44.6827 2.83902 2.1809e-15
-44.738 2.80263 2.18239e-15
-44.8025 2.75928 2.18417e-15
-44.8761 2.70877 2.18624e-15
-44.9584 2.651 2.18861e-15
-45.0491 2.58583 2.19128e-15
-45.148 2.51324 2.19426e-15
-45.2547 2.43319 2.19754e-15
-45.3689 2.34568 2.20113e-15
-45.4903 2.25071 2.20503e-15
-45.6184 2.14836 2.20922e-15
-45.7517 2.03883 2.21372e-15
-45.8907 1.92234 2.21849e-15
-46.0358 1.79923 2.22354e-15
-46.1862 1.66991 2.22885e-15
-46.3394 1.5348 2.23439e-15
-46.4964 1.39446 2.24014e-15
-46.6586 1.24946 2.24609e-15
-46.823 1.10059 2.2522e-15
-46.9909 0.948417 2.25844e-15
-47.1622 0.793585 2.26479e-15
-47.3364 0.636928 2.27121e-15
-47.5136 0.479188 2.27768e-15
-47.6931 0.321263 2.28416e-15
-47.8748 0.163998 2.29061e-15
-48.0584 0.00832796 2.29699e-15
-48.2437 -0.144835 2.30328e-15
-48.4302 -0.294543 2.30942e-15
-48.6177 -0.439894 2.31538e-15
-48.806 -0.579982 2.32112e-15
-48.9947 -0.713921 2.32662e-15
-49.1836 -0.840812 2.33182e-15
-49.3725 -0.959762 2.3367e-15
-49.5609 -1.06988 2.34121e-15
-49.7488 -1.17033 2.34533e-15
-49.9358 -1.26034 2.34903e-15
-50.1217 -1.33926 2.35226e-15
-50.3062 -1.40651 2.35502e-15
-50.4891 -1.46162 2.35728e-15
-50.6701 -1.50416 2.35903e-15
-50.8489 -1.53387 2.36024e-15
-51.0253 -1.55056 2.36093e-15
-51.199 -1.55414 2.36108e-15
-51.3697 -1.54461 2.36068e-15
-51.5373 -1.52206 2.35976e-15
-51.7015 -1.48673 2.35831e-15
-51.862 -1.4389 2.35635e-15
-52.0187 -1.37896 2.35389e-15
-52.1712 -1.30738 2.35095e-15
-52.3195 -1.22473 2.34757e-15
-52.4633 -1.13164 2.34375e-15
-52.6025 -1.02881 2.33953e-15
-52.7369 -0.91704 2.33495e-15
-52.8663 -0.797165 2.33003e-15
-52.9906 -0.67008 2.32482e-15
-53.1096 -0.536703 2.31935e-15
-53.2234 -0.39795 2.31366e-15
-53.3317 -0.25475 2.30778e-15
-53.4345 -0.108051 2.30177e-15
-53.5318 0.0411998 2.29565e-15
-53.6235 0.192075 2.28946e-15
-53.7095 0.343659 2.28324e-15
-53.79 0.495046 2.27703e-15
-53.8649 0.645406 2.27087e-15
-53.9342 0.794062 2.26477e-15
-53.998 0.940432 2.25877e-15
-54.0565 1.08395 2.25288e-15
-54.1097 1.22409 2.24713e-15
-54.1578 1.3603 2.24155e-15
-54.2009 1.4921 2.23614e-15
-54.239 1.61901 2.23094e-15
-54.2724 1.74063 2.22595e-15
-54.3011 1.8567 2.22119e-15
-54.3254 1.96703 2.21666e-15
-54.3455 2.07145 2.21238e-15
-54.3614 2.16985 2.20834e-15
-54.3735 2.26216 2.20456e-15
-54.382 2.34835 2.20102e-15
-54.3869 2.42841 2.19774e-15
-54.3886 2.50239 2.19471e-15
-54.3872 2.57041 2.19192e-15
-54.383 2.63264 2.18936e-15
-54.3762 2.68929 2.18704e-15
-54.3669 2.74051 2.18494e-15
-54.3555 2.78643 2.18306e-15
-54.342 2.8271 2.18139e-15
-54.3265 2.86261 2.17993e-15
-54.3094 2.89308 2.17868e-15
-54.2906 2.91865 2.17763e-15
-54.2703 2.93947 2.17678e-15
-54.2487 2.95572 2.17611e-15
-54.2259 2.96764 2.17562e-15
-54.2019 2.97557 2.1753e-15
-54.1771 2.97993 2.17512e-15
-54.1515 2.98111 2.17507e-15
-54.1252 2.97948 2.17514e-15
-54.0984 2.97527 2.17531e-15
-54.0712 2.96867 2.17558e-15
-54.0435 2.95983 2.17594e-15
-54.0154 2.94893 2.17639e-15
-53.987 2.93619 2.17691e-15
-53.9582 2.92184 2.1775e-15
-53.9293 2.90609 2.17815e-15
-53.9001 2.88907 2.17885e-15
-53.8706 2.8708 2.1796e-15
-53.8409 2.85119 2.1804e-15
-53.8109 2.83017 2.18126e-15
-53.7804 2.80764 2.18219e-15
-53.7495 2.78359 2.18317e-15
-53.7181 2.75802 2.18422e-15
-53.6862 2.7309 2.18533e-15
-53.6538 2.70211 2.18651e-15
-53.6206 2.6714 2.18777e-15
-53.5867 2.63841 2.18913e-15
-53.5518 2.60279 2.19059e-15
-53.5159 2.56419 2.19217e-15
-53.4787 2.52231 2.19389e-15
-53.4401 2.47689 2.19575e-15
-53.4001 2.42766 2.19777e-15
-53.3584 2.3743 2.19996e-15
-53.3149 2.31644 2.20233e-15
-53.2694 2.25363 2.20491e-15
-53.2217 2.18549 2.2077e-15
-53.1716 2.11169 2.21073e-15
-53.1188 2.03204 2.214e-15
-53.0633 1.94645 2.21751e-15
-53.0048 1.85486 2.22126e-15
-52.9433 1.75722 2.22527e-15
-52.8785 1.65343 2.22952e-15
-52.8101 1.54342 2.23404e-15
-52.7381 1.42717 2.2388e-15
-52.6622 1.3047 2.24383e-15
-52.5822 1.17611 2.2491e-15
-52.4979 1.04159 2.25462e-15
-52.4091 0.901335 2.26037e-15
-52.3157 0.755602 2.26635e-15
-52.2173 0.604628 2.27254e-15
-52.1139 0.448673 2.27893e-15
-52.0053 0.288039 2.28552e-15
-51.8911 0.123065 2.29229e-15
-51.7713 -0.0458826 2.29922e-15
-51.6456 -0.218407 2.30629e-15
-51.5138 -0.394082 2.3135e-15
-51.3758 -0.572474 2.32081e-15
-51.2313 -0.753162 2.32822e-15
-51.0803 -0.93573 2.33571e-15
-50.9224 -1.11975 2.34326e-15
-50.7574 -1.3048 2.35085e-15
-50.5853 -1.49053 2.35847e-15
-50.4058 -1.6766 2.3661e-15
-50.2158 -1.8649 2.37382e-15
-50.017 -2.05353 2.38156e-15
-49.8109 -2.24114 2.38925e-15
-49.5961 -2.42832 2.39693e-15
-49.3732 -2.61426 2.40455e-15
-49.1415 -2.79914 2.41214e-15
-48.9012 -2.98246 2.41965e-15
-48.6518 -3.1642 2.42711e-15
-48.3934 -3.34404 2.43448e-15
-48.1258 -3.52186 2.44178e-15
-47.8489 -3.69733 2.44897e-15
-47.5626 -3.87023 2.45606e-15
-47.2669 -4.04026 2.46304e-15
-46.9616 -4.20725 2.46989e-15
-46.6468 -4.37101 2.4766e-15
-46.3224 -4.53139 2.48318e-15
-45.9883 -4.6883 2.48962e-15
-45.6446 -4.84167 2.49591e-15
-45.2909 -4.99154 2.50205e-15
-44.9275 -5.13786 2.50805e-15
-44.5516 -5.2802 2.51389e-15
-44.1651 -5.41896 2.51958e-15
-43.7697 -5.55427 2.52513e-15
-43.3643 -5.68609 2.53054e-15
-42.9499 -5.81461 2.53581e-15
-42.5261 -5.93989 2.54095e-15
-42.0933 -6.06211 2.54596e-15
-41.6511 -6.18132 2.55085e-15
-41.2001 -6.29776 2.55562e-15
-40.7407 -6.41163 2.5603e-15
-40.2728 -6.52323 2.56487e-15
-39.7969 -6.63283 2.56937e-15
-39.3105 -6.74084 2.5738e-15
-38.8156 -6.84756 2.57817e-1