-2.80474 0.00561967 -2.30479e-19
-5.60947 0.0112402 -4.60993e-19
-8.41419 0.0168616 -6.91543e-19
-11.2189 0.0224839 -9.22128e-19
-14.0236 0.028107 -1.15275e-18
-16.8282 0.033731 -1.3834e-18
-19.6329 0.0393558 -1.61409e-18
-22.4376 0.0449815 -1.84482e-18
-25.2422 0.0506081 -2.07558e-18
-28.0468 0.0562355 -2.30638e-18
-28.0466 0.0562482 -2.3069e-18
-28.0455 0.056304 -2.30919e-18
-28.0431 0.0564292 -2.31432e-18
-28.0392 0.0566406 -2.32299e-18
-28.0336 0.0569378 -2.33519e-18
-28.027 0.0572873 -2.34952e-18
-28.0204 0.0576379 -2.36389e-18
-28.0147 0.0579386 -2.37623e-18
-28.011 0.0581327 -2.38419e-18
-28.0106 0.0581502 -2.38491e-18
-28.015 0.057916 -2.3753e-18
-28.0254 0.0573573 -2.35239e-18
-28.043 0.0564147 -2.31373e-18
-28.0685 0.0550524 -2.25786e-18
-28.1023 0.0532489 -2.18389e-18
-28.1447 0.0509863 -2.09109e-18
-28.1959 0.0482635 -1.97942e-18
-28.2553 0.0451094 -1.85007e-18
-28.3221 0.0415699 -1.7049e-18
-28.3954 0.0376929 -1.5459e-18
-28.4738 0.0335514 -1.37604e-18
-28.5552 0.029267 -1.20032e-18
-28.6368 0.0249856 -1.02473e-18
-28.716 0.0208508 -8.55151e-19
-28.7904 0.0169943 -6.96986e-19
-28.8578 0.0135265 -5.54759e-19
-28.9165 0.0105432 -4.32405e-19
-28.9648 0.00813373 -3.33588e-19
-29.0013 0.0063747 -2.61445e-19
-29.0248 0.00532335 -2.18326e-19
-29.0346 0.00502301 -2.06008e-19
-29.0298 0.00550902 -2.25941e-19
-29.0102 0.00679721 -2.78773e-19
-28.9759 0.008872 -3.63866e-19
-28.9275 0.0116984 -4.79787e-19
-28.8658 0.0152354 -6.24849e-19
-28.7914 0.0194327 -7.9699e-19
-28.7057 0.0242275 -9.93638e-19
-28.6096 0.0295496 -1.21191e-18
-28.5045 0.0353267 -1.44885e-18
-28.3916 0.041493 -1.70175e-18
-28.2716 0.0479979 -1.96853e-18
-28.1453 0.0547996 -2.24749e-18
-28.0134 0.0618578 -2.53697e-18
-27.8768 0.069116 -2.83465e-18
-27.7372 0.0764831 -3.13679e-18
-27.5965 0.0838528 -3.43905e-18
-27.4567 0.0911238 -3.73725e-18
-27.3195 0.0981941 -4.02722e-18
-27.1871 0.104954 -4.30446e-18
-27.0616 0.111293 -4.56445e-18
-26.9447 0.117111 -4.80308e-18
-26.8385 0.122314 -5.01644e-18
-26.7446 0.126807 -5.20072e-18
-26.6649 0.130505 -5.35237e-18
-26.6007 0.13333 -5.46826e-18
-26.5532 0.135237 -5.54644e-18
-26.5225 0.136223 -5.5869e-18
-26.5081 0.136317 -5.59077e-18
-26.5095 0.135556 -5.55954e-18
-26.5259 0.133995 -5.49554e-18
-26.5557 0.131725 -5.40243e-18
-26.5971 0.128853 -5.28463e-18
-26.6481 0.125489 -5.14665e-18
-26.7067 0.121753 -4.99345e-18
-26.7703 0.117788 -4.83081e-18
-26.8363 0.113742 -4.66488e-18
-26.9021 0.10976 -4.50156e-18
-26.9653 0.105971 -4.34617e-18
-27.024 0.10248 -4.20301e-18
-27.0768 0.0993749 -4.07565e-18
-27.1221 0.0967324 -3.96728e-18
-27.1589 0.0946077 -3.88014e-18
-27.1869 0.0930201 -3.81502e-18
-27.2061 0.0919653 -3.77176e-18
-27.2168 0.0914297 -3.7498e-18
-27.2194 0.0913801 -3.74776e-18
-27.215 0.0917526 -3.76304e-18
-27.2052 0.0924653 -3.79227e-18
-27.1915 0.0934312 -3.83188e-18
-27.1749 0.0945816 -3.87906e-18
-27.1559 0.0958907 -3.93276e-18
-27.1344 0.0973548 -3.9928e-18
-27.1103 0.098969 -4.059e-18
-27.0837 0.100729 -4.13119e-18
-27.0545 0.102634 -4.20932e-18
-27.0225 0.104685 -4.29342e-18
-26.9876 0.106883 -4.38357e-18
-26.9499 0.109217 -4.47929e-18
-26.9103 0.111643 -4.5788e-18
-26.8697 0.114105 -4.67976e-18
-26.829 0.116548 -4.77998e-18
-26.7891 0.118927 -4.87756e-18
-26.7507 0.121206 -4.97101e-18
-26.7143 0.123356 -5.05919e-18
-26.6803 0.125354 -5.14112e-18
-26.6489 0.127186 -5.21625e-18
-26.6203 0.128853 -5.28464e-18
-26.5943 0.130367 -5.34674e-18
-26.5706 0.131742 -5.40311e-18
-26.5488 0.133 -5.45472e-18
-26.5284 0.134179 -5.50306e-18
-26.5086 0.135323 -5.54997e-18
-26.4885 0.136476 -5.59727e-18
-26.4678 0.137662 -5.64593e-18
-26.447 0.138863 -5.69517e-18
-26.4269 0.140035 -5.74325e-18
-26.4083 0.141136 -5.7884e-18
-26.3923 0.142108 -5.82824e-18
-26.3806 0.142865 -5.85933e-18
-26.375 0.143311 -5.8776e-18
-26.3775 0.143346 -5.87902e-18
-26.3894 0.142888 -5.86025e-18
-26.4118 0.141891 -5.81936e-18
-26.445 0.140326 -5.75519e-18
-26.4897 0.138167 -5.66664e-18
-26.5458 0.13541 -5.55355e-18
-26.6126 0.132093 -5.4175e-18
-26.6889 0.128279 -5.26108e-18
-26.7735 0.124031 -5.08688e-18
-26.8648 0.119429 -4.89814e-18
-26.9608 0.114581 -4.69931e-18
-27.0592 0.109611 -4.49548e-18
-27.1575 0.104642 -4.29167e-18
-27.2536 0.0997832 -4.0924e-18
-27.346 0.0951209 -3.90118e-18
-27.4331 0.0907271 -3.72098e-18
-27.5137 0.0866712 -3.55464e-18
-27.5866 0.0830067 -3.40434e-18
-27.6513 0.079757 -3.27106e-18
-27.7078 0.076929 -3.15508e-18
-27.7557 0.074528 -3.05661e-18
-27.7949 0.0725587 -2.97584e-18
-27.8253 0.0710265 -2.913e-18
-27.8468 0.0699368 -2.86831e-18
-27.8592 0.0692948 -2.84198e-18
-27.8624 0.0691053 -2.83421e-18
-27.8563 0.0693726 -2.84517e-18
-27.8408 0.0701012 -2.87505e-18
-27.8158 0.0712955 -2.92403e-18
-27.7814 0.0729495 -2.99187e-18
-27.7382 0.0750358 -3.07744e-18
-27.687 0.077516 -3.17916e-18
-27.6284 0.0803522 -3.29548e-18
-27.5633 0.0835063 -3.42483e-18
-27.4924 0.0869385 -3.5656e-18
-27.4166 0.0906088 -3.71613e-18
-27.3367 0.0944777 -3.8748e-18
-27.2533 0.0985145 -4.04036e-18
-27.1667 0.102706 -4.21227e-18
-27.0772 0.107048 -4.39034e-18
-26.9849 0.111534 -4.57434e-18
-26.89 0.116164 -4.76423e-18
-26.7923 0.120944 -4.96027e-18
-26.6918 0.125885 -5.16289e-18
-26.5883 0.130992 -5.37237e-18
-26.4822 0.136259 -5.58839e-18
-26.3742 0.141651 -5.80953e-18
-26.2651 0.147118 -6.03373e-18
-26.1561 0.152605 -6.25878e-18
-26.0483 0.158049 -6.48206e-18
-25.9434 0.163366 -6.70013e-18
-25.8431 0.168463 -6.90917e-18
-25.7492 0.173245 -7.10529e-18
-25.6632 0.177629 -7.28508e-18
-25.5862 0.181554 -7.44606e-18
-25.5191 0.184973 -7.5863e-18
-25.4627 0.187841 -7.70392e-18
-25.4175 0.190129 -7.79774e-18
-25.3834 0.191839 -7.86785e-18
-25.3601 0.19299 -7.91509e-18
-25.347 0.193607 -7.94039e-18
-25.3435 0.193722 -7.94509e-18
-25.3486 0.193383 -7.93119e-18
-25.3613 0.192649 -7.90108e-18
-25.3803 0.19158 -7.85725e-18
-25.4046 0.190227 -7.80178e-18
-25.4338 0.188619 -7.73582e-18
-25.4674 0.186772 -7.66008e-18
-25.5051 0.184707 -7.57535e-18
-25.5464 0.182446 -7.48263e-18
-25.5907 0.180022 -7.38323e-18
-25.6373 0.177471 -7.27861e-18
-25.6855 0.174832 -7.17035e-18
-25.7345 0.17214 -7.05997e-18
-25.7839 0.169428 -6.94872e-18
-25.8331 0.166722 -6.83776e-18
-25.8816 0.164054 -6.72832e-18
-25.9288 0.161455 -6.62173e-18
-25.9739 0.158963 -6.51952e-18
-26.0164 0.156617 -6.42332e-18
-26.0555 0.154458 -6.33475e-18
-26.0907 0.152511 -6.2549e-18
-26.1221 0.150778 -6.18384e-18
-26.1499 0.149247 -6.12107e-18
-26.1744 0.147905 -6.06602e-18
-26.1958 0.14674 -6.01825e-18
-26.2144 0.14575 -5.97761e-18
-26.2301 0.144932 -5.94406e-18
-26.2429 0.144283 -5.91746e-18
-26.2533 0.143792 -5.89733e-18
-26.2617 0.143431 -5.88251e-18
-26.2689 0.143162 -5.8715e-18
-26.2755 0.142947 -5.86269e-18
-26.2825 0.142739 -5.85415e-18
-26.2911 0.142477 -5.84341e-18
-26.3025 0.142094 -5.82769e-18
-26.3179 0.141521 -5.80418e-18
-26.3383 0.14071 -5.77094e-18
-26.3638 0.139658 -5.72779e-18
-26.3939 0.138383 -5.67548e-18
-26.4284 0.136902 -5.61475e-18
-26.4667 0.135239 -5.54652e-18
-26.5082 0.133427 -5.47222e-18
-26.5521 0.131507 -5.39347e-18
-26.5977 0.129516 -5.31184e-18
-26.6441 0.127496 -5.22899e-18
-26.6904 0.125495 -5.14692e-18
-26.7356 0.123564 -5.0677e-18
-26.7786 0.12175 -4.99332e-18
-26.8191 0.120077 -4.92471e-18
-26.8574 0.118517 -4.86071e-18
-26.8946 0.117014 -4.79909e-18
-26.9315 0.115514 -4.73757e-18
-26.9692 0.113959 -4.6738e-18
-27.0088 0.112286 -4.60518e-18
-27.0514 0.110431 -4.52908e-18
-27.0981 0.108332 -4.44299e-18
-27.1495 0.105946 -4.34517e-18
-27.206 0.103265 -4.23521e-18
-27.2671 0.100299 -4.11356e-18
-27.3327 0.0970626 -3.98082e-18
-27.4022 0.0935797 -3.83797e-18
-27.4749 0.0898863 -3.6865e-18
-27.5501 0.0860264 -3.52819e-18
-27.6268 0.0820483 -3.36504e-18
-27.704 0.0780055 -3.19923e-18
-27.7807 0.0739588 -3.03326e-18
-27.8556 0.0699731 -2.8698e-18
-27.9276 0.0661149 -2.71156e-18
-27.9954 0.0624554 -2.56148e-18
-28.0575 0.0590737 -2.42278e-18
-28.1124 0.0560523 -2.29887e-18
-28.1586 0.0534713 -2.19301e-18
-28.1949 0.0514085 -2.10841e-18
-28.2197 0.0499384 -2.04812e-18
-28.2319 0.0491313 -2.01502e-18
-28.2303 0.0490522 -2.01177e-18
-28.214 0.0497423 -2.04008e-18
-28.1832 0.0512014 -2.09992e-18
-28.1384 0.0534042 -2.19026e-18
-28.08 0.0563192 -2.30981e-18
-28.0094 0.059877 -2.45573e-18
-27.9294 0.0639361 -2.6222e-18
-27.8432 0.0683166 -2.80186e-18
-27.7542 0.0728374 -2.98727e-18
-27.6658 0.0773169 -3.17099e-18
-27.5814 0.0815733 -3.34555e-18
-27.5043 0.0854274 -3.50363e-18
-27.4379 0.0887053 -3.63806e-18
-27.385 0.0912546 -3.74262e-18
-27.3478 0.0929614 -3.81262e-18
-27.3278 0.0937365 -3.8444e-18
-27.3268 0.0934993 -3.83468e-18
-27.3453 0.0922192 -3.78218e-18
-27.3823 0.0899574 -3.68941e-18
-27.4357 0.0868261 -3.56099e-18
-27.5033 0.0829438 -3.40176e-18
-27.5828 0.0784492 -3.21743e-18
-27.6708 0.0735173 -3.01516e-18
-27.7638 0.0683411 -2.80287e-18
-27.8584 0.0631122 -2.58841e-18
-27.9514 0.0580079 -2.37907e-18
-28.0398 0.0531791 -2.18103e-18
-28.1214 0.0487585 -1.99973e-18
-28.1937 0.044871 -1.84029e-18
-28.255 0.0416194 -1.70693e-18
-28.3039 0.0390692 -1.60234e-18
-28.3397 0.0372618 -1.52822e-18
-28.3617 0.0362284 -1.48583e-18
-28.3699 0.0359677 -1.47514e-18
-28.3654 0.0364221 -1.49377e-18
-28.3498 0.0375014 -1.53804e-18
-28.3247 0.0391089 -1.60397e-18
-28.2918 0.0411525 -1.68778e-18
-28.2524 0.0435571 -1.7864e-18
-28.2076 0.0462556 -1.89708e-18
-28.1586 0.0491794 -2.01699e-18
-28.1066 0.0522616 -2.1434e-18
-28.0525 0.0554413 -2.27381e-18
-27.9974 0.0586623 -2.40591e-18
-27.9421 0.0618703 -2.53748e-18
-27.8877 0.0650078 -2.66616e-18
-27.8354 0.068007 -2.78916e-18
-27.7863 0.0707975 -2.90361e-18
-27.7418 0.0733152 -3.00687e-18
-27.7022 0.075533 -3.09782e-18
-27.6666 0.0774941 -3.17826e-18
-27.6337 0.0792809 -3.25154e-18
-27.6017 0.0809804 -3.32124e-18
-27.569 0.0826838 -3.3911e-18
-27.5337 0.0844863 -3.46503e-18
-27.4942 0.0864853 -3.54701e-18
-27.4486 0.088779 -3.64108e-18
-27.3956 0.0914348 -3.75e-18
-27.3354 0.0944579 -3.87399e-18
-27.2683 0.0978202 -4.01189e-18
-27.195 0.101492 -4.16249e-18
-27.1168 0.105409 -4.32311e-18
-27.0363 0.109431 -4.48807e-18
-26.9569 0.113383 -4.65015e-18
-26.8818 0.117091 -4.80225e-18
-26.8142 0.120391 -4.93757e-18
-26.757 0.123128 -5.04984e-18
-26.7128 0.125161 -5.1332e-18
-26.6844 0.126352 -5.18206e-18
-26.6735 0.126608 -5.19254e-18
-26.6804 0.12591 -5.16393e-18
-26.7049 0.124285 -5.0973e-18
-26.7463 0.121767 -4.99401e-18
-26.8033 0.118425 -4.85694e-18
-26.8735 0.114398 -4.6918e-18
-26.9536 0.109863 -4.50581e-18
-27.0403 0.104996 -4.30621e-18
-27.1308 0.0999565 -4.09951e-18
-27.2229 0.0948631 -3.89061e-18
-27.3148 0.0898139 -3.68353e-18
-27.4047 0.0849026 -3.4821e-18
-27.4914 0.0802022 -3.28932e-18
-27.5741 0.0757474 -3.10662e-18
-27.6527 0.0715505 -2.93449e-18
-27.7271 0.0676188 -2.77324e-18
-27.7974 0.0639331 -2.62208e-18
-27.8651 0.0604249 -2.4782e-18
-27.9319 0.0569993 -2.33771e-18
-27.9995 0.0535595 -2.19663e-18
-28.0696 0.0500166 -2.05132e-18
-28.1434 0.0462991 -1.89886e-18
-28.2222 0.0423458 -1.73672e-18
-28.3069 0.0380974 -1.56248e-18
-28.3983 0.0335101 -1.37435e-18
-28.4967 0.0285703 -1.17175e-18
-28.6021 0.023281 -9.5482e-19
-28.7142 0.0176486 -7.23819e-19
-28.833 0.0116813 -4.79083e-19
-28.9583 0.00538824 -2.20987e-19
-29.0899 -0.00121993 5.00327e-20
-29.2277 -0.00813027 3.33446e-19
-29.3712 -0.0153269 6.28601e-19
-29.5203 -0.0227903 9.34697e-19
-29.6745 -0.0304989 1.25085e-18
-29.8334 -0.0384304 1.57614e-18
-29.9965 -0.0465516 1.90922e-18
-30.1628 -0.0548068 2.24779e-18
-30.3311 -0.0631299 2.58914e-18
-30.5001 -0.0714573 2.93067e-18
-30.6687 -0.0797211 3.26959e-18
-30.8353 -0.0878405 3.60259e-18
-30.9985 -0.0957313 3.92622e-18
-31.1566 -0.103316 4.23727e-18
-31.3082 -0.110514 4.53248e-18
-31.4515 -0.117235 4.80813e-18
-31.5848 -0.123387 5.06044e-18
-31.7065 -0.128887 5.28603e-18
-31.8152 -0.13367 5.48221e-18
-31.9101 -0.137696 5.64732e-18
-31.9906 -0.140942 5.78044e-18
-32.0563 -0.143394 5.88101e-18
-32.1075 -0.145072 5.94982e-18
-32.1454 -0.146051 5.98997e-18
-32.1728 -0.146542 6.0101e-18
-32.1909 -0.146577 6.01153e-18
-32.2011 -0.146222 5.99697e-18
-32.2062 -0.145641 5.97316e-18
-32.2079 -0.144935 5.94422e-18
-32.2088 -0.14425 5.91611e-18
-32.2107 -0.143695 5.89333e-18
-32.2161 -0.143403 5.88136e-18
-32.2269 -0.143486 5.88477e-18
-32.2451 -0.144058 5.90825e-18
-32.2717 -0.145174 5.95401e-18
-32.306 -0.146797 6.02059e-18
-32.3461 -0.148834 6.1041e-18
-32.3901 -0.151182 6.20043e-18
-32.4358 -0.153717 6.30439e-18
-32.4801 -0.156278 6.40943e-18
-32.5198 -0.158684 6.50811e-18
-32.5514 -0.16075 6.59284e-18
-32.572 -0.162318 6.65711e-18
-32.5799 -0.163284 6.69675e-18
-32.5738 -0.163579 6.70883e-18
-32.5525 -0.163131 6.69048e-18
-32.5153 -0.161898 6.6399e-18
-32.4623 -0.159887 6.55743e-18
-32.3945 -0.157135 6.44457e-18
-32.3126 -0.153682 6.30295e-18
-32.2173 -0.14956 6.13387e-18
-32.1089 -0.144782 5.93793e-18
-31.9878 -0.139356 5.71538e-18
-31.8541 -0.133291 5.46664e-18
-31.7076 -0.126572 5.19107e-18
-31.5471 -0.119128 4.88578e-18
-31.3709 -0.110863 4.54682e-18
-31.1773 -0.101687 4.17048e-18
-30.9653 -0.0915434 3.75446e-18
-30.7351 -0.0804373 3.29897e-18
-30.4876 -0.0684088 2.80564e-18
-30.2235 -0.0555049 2.27642e-18
-29.9457 -0.0419497 1.72048e-18
-29.6565 -0.0278159 1.14081e-18
-29.359 -0.0132278 5.42511e-19
-29.0574 0.00156211 -6.40667e-20
-28.7548 0.0164062 -6.72867e-19
-28.4541 0.0311352 -1.27695e-18
-28.1576 0.0456392 -1.87179e-18
-27.8676 0.0597877 -2.45207e-18
-27.5858 0.0734968 -3.01432e-18
-27.3131 0.0867259 -3.55688e-18
-27.0494 0.0994737 -4.0797e-18
-26.7948 0.11174 -4.58278e-18
-26.5489 0.123553 -5.06725e-18
-26.3106 0.13498 -5.5359e-18
-26.078 0.146114 -5.99257e-18
-25.8496 0.157052 -6.44115e-18
-25.6242 0.167856 -6.88427e-18
-25.402 0.178521 -7.32166e-18
-25.184 0.189004 -7.75159e-18
-24.971 0.199264 -8.17237e-18
-24.764 0.209248 -8.58186e-18
-24.5647 0.218877 -8.97677e-18
-24.3748 0.228059 -9.35335e-18
-24.1961 0.236704 -9.70792e-18
-24.0298 0.244751 -1.00379e-17
-23.8763 0.252189 -1.0343e-17
-23.7351 0.259038 -1.06239e-17
-23.6059 0.265317 -1.08814e-17
-23.4883 0.271064 -1.11171e-17
-23.3809 0.27634 -1.13335e-17
-23.2824 0.281224 -1.15338e-17
-23.1914 0.285792 -1.17211e-17
-23.1061 0.29014 -1.18995e-17
-23.0239 0.294407 -1.20745e-17
-22.9419 0.298747 -1.22525e-17
-22.8572 0.303311 -1.24397e-17
-22.7676 0.30822 -1.2641e-17
-22.6717 0.313534 -1.2859e-17
-22.569 0.319289 -1.3095e-17
-22.4587 0.325514 -1.33503e-17
-22.3414 0.332179 -1.36236e-17
-22.2192 0.339157 -1.39098e-17
-22.0955 0.346266 -1.42014e-17
-21.9736 0.353323 -1.44908e-17
-21.857 0.360133 -1.47701e-17
-21.7496 0.366475 -1.50302e-17
-21.6557 0.37212 -1.52617e-17
-21.5793 0.376848 -1.54556e-17
-21.5234 0.380486 -1.56048e-17
-21.4896 0.382951 -1.57059e-17
-21.4782 0.384215 -1.57578e-17
-21.4896 0.384261 -1.57597e-17
-21.5231 0.383123 -1.5713e-17
-21.5764 0.380923 -1.56227e-17
-21.6461 0.377834 -1.54961e-17
-21.729 0.37404 -1.53405e-17
-21.8217 0.369717 -1.51632e-17
-21.9213 0.365024 -1.49707e-17
-22.0251 0.360108 -1.4769e-17
-22.1304 0.355119 -1.45645e-17
-22.235 0.350168 -1.43614e-17
-22.3386 0.345281 -1.4161e-17
-22.4415 0.340441 -1.39625e-17
-22.5441 0.335627 -1.3765e-17
-22.6471 0.330809 -1.35674e-17
-22.7515 0.325934 -1.33675e-17
-22.8584 0.320939 -1.31626e-17
-22.9691 0.315757 -1.29501e-17
-23.0844 0.310354 -1.27285e-17
-23.2034 0.30476 -1.24991e-17
-23.3252 0.299042 -1.22646e-17
-23.4484 0.29326 -1.20274e-17
-23.5718 0.287483 -1.17905e-17
-23.6939 0.281791 -1.15571e-17
-23.813 0.276268 -1.13305e-17
-23.9277 0.270993 -1.11142e-17
-24.0366 0.266035 -1.09109e-17
-24.1387 0.261443 -1.07225e-17
-24.2332 0.257257 -1.05509e-17
-24.3194 0.253509 -1.03971e-17
-24.3969 0.250216 -1.02621e-17
-24.4659 0.247368 -1.01453e-17
-24.5267 0.24494 -1.00457e-17
-24.5798 0.242901 -9.96205e-18
-24.6256 0.24122 -9.89314e-18
-24.6646 0.239874 -9.83791e-18
-24.6971 0.238837 -9.79539e-18
-24.7235 0.238085 -9.76454e-18
-24.7437 0.237612 -9.74514e-18
-24.757 0.237457 -9.7388e-18
-24.7622 0.237682 -9.74801e-18
-24.7581 0.238345 -9.7752e-18
-24.7433 0.239517 -9.8233e-18
-24.7159 0.241298 -9.89631e-18
-24.6739 0.243794 -9.9987e-18
-24.6152 0.247112 -1.01348e-17
-24.5389 0.251301 -1.03066e-17
-24.4461 0.256299 -1.05115e-17
-24.3391 0.261986 -1.07448e-17
-24.2201 0.268241 -1.10013e-17
-24.0924 0.274887 -1.12739e-17
-23.9614 0.281643 -1.1551e-17
-23.8334 0.288173 -1.18188e-17
-23.7145 0.294148 -1.20638e-17
-23.6108 0.299247 -1.2273e-17
-23.5282 0.303159 -1.24334e-17
-23.4724 0.305583 -1.25329e-17
-23.449 0.306236 -1.25596e-17
-23.4628 0.304865 -1.25034e-17
-23.5176 0.301272 -1.2356e-17
-23.6167 0.295295 -1.21109e-17
-23.763 0.286791 -1.17621e-17
-23.9582 0.275685 -1.13066e-17
-24.2016 0.262025 -1.07464e-17
-24.4912 0.24593 -1.00863e-17
-24.825 0.22753 -9.33165e-18
-25.1997 0.207012 -8.49017e-18
-25.6101 0.184669 -7.57383e-18
-26.0501 0.160845 -6.59673e-18
-26.5135 0.135883 -5.57297e-18
-26.9938 0.110138 -4.51706e-18
-27.4843 0.0839891 -3.44463e-18
-27.9778 0.057824 -2.37153e-18
-28.4675 0.0320104 -1.31284e-18
-28.9473 0.00688406 -2.82335e-19
-29.4118 -0.017267 7.0817e-19
-29.8564 -0.0401926 1.64842e-18
-30.2767 -0.06167 2.52927e-18
-30.6696 -0.081531 3.34382e-18
-31.0333 -0.0996991 4.08895e-18
-31.367 -0.116136 4.76309e-18
-31.67 -0.130824 5.36546e-18
-31.9429 -0.1438 5.89767e-18
-32.187 -0.155151 6.36318e-18
-32.4041 -0.164998 6.76706e-18
-32.5965 -0.173484 7.11507e-18
-32.7666 -0.180753 7.41322e-18
-32.9167 -0.18695 7.66737e-18
-33.049 -0.192217 7.88337e-18
-33.1659 -0.196696 8.06708e-18
-33.2694 -0.200513 8.22362e-18
-33.3605 -0.203748 8.35627e-18
-33.4399 -0.206445 8.4669e-18
-33.5081 -0.208649 8.55731e-18
-33.5682 -0.210707 8.64172e-18
-33.6173 -0.212355 8.7093e-18
-33.6532 -0.213389 8.7517e-18
-33.6759 -0.213883 8.77195e-18
-33.6834 -0.213693 8.76416e-18
-33.6751 -0.212814 8.72812e-18
-33.649 -0.21113 8.65903e-18
-33.6041 -0.208592 8.55495e-18
-33.5387 -0.205108 8.41208e-18
-33.4523 -0.200649 8.2292e-18
-33.3442 -0.195168 8.00439e-18
-33.2137 -0.188636 7.73651e-18
-33.0592 -0.180962 7.42179e-18
-32.8826 -0.172243 7.06419e-18
-32.6856 -0.162558 6.66698e-18
-32.4688 -0.151942 6.23156e-18
-32.2343 -0.140491 5.76192e-18
-31.9839 -0.128308 5.2623e-18
-31.7207 -0.115549 4.739e-18
-31.4472 -0.102341 4.19732e-18
-31.1662 -0.0888425 3.64369e-18
-30.881 -0.0752121 3.08467e-18
-30.595 -0.061629 2.52758e-18
-30.3107 -0.0482654 1.9795e-18
-30.0315 -0.0352656 1.44635e-18
-29.7599 -0.022748 9.32963e-19
-29.4976 -0.0108167 4.43624e-19
-29.2465 0.000441366 -1.81017e-20
-29.0079 0.0109581 -4.49421e-19
-28.7822 0.0207165 -8.49644e-19
-28.5693 0.0297216 -1.21897e-18
-28.3688 0.037999 -1.55845e-18
-28.1802 0.0455826 -1.86947e-18
-28.0024 0.0525412 -2.15487e-18
-27.8338 0.0589617 -2.41819e-18
-27.6729 0.0649425 -2.66348e-18
-27.5184 0.0705562 -2.89372e-18
-27.3702 0.0758162 -3.10944e-18
-27.2287 0.0807085 -3.31009e-18
-27.0941 0.0852286 -3.49547e-18
-26.9675 0.0893391 -3.66405e-18
-26.851 0.0929249 -3.81112e-18
-26.7477 0.0958372 -3.93056e-18
-26.6603 0.0979383 -4.01673e-18
-26.5916 0.0991014 -4.06443e-18
-26.5439 0.0992065 -4.06875e-18
-26.5196 0.0981447 -4.0252e-18
-26.5207 0.09582 -3.92986e-18
-26.5487 0.0921753 -3.78037e-18
-26.6036 0.0872173 -3.57703e-18
-26.6851 0.0809907 -3.32166e-18
-26.7923 0.073549 -3.01646e-18
-26.9241 0.0649775 -2.66492e-18
-27.0782 0.0554188 -2.27288e-18
-27.2516 0.0450438 -1.84738e-18
-27.4414 0.0340218 -1.39533e-18
-27.6446 0.0225424 -9.24529e-19
-27.8568 0.0108399 -4.44574e-19
-28.0738 -0.000836068 3.42896e-20
-28.2912 -0.0122508 5.02439e-19
-28.5049 -0.0231668 9.50138e-19
-28.71 -0.0333249 1.36675e-18
-28.9018 -0.0424674 1.74171e-18
-29.076 -0.0503635 2.06555e-18
-29.2292 -0.0568375 2.33107e-18
-29.3597 -0.0617977 2.5345e-18
-29.4665 -0.0652103 2.67446e-18
-29.5493 -0.0670708 2.75077e-18
-29.6092 -0.0674534 2.76646e-18
-29.6497 -0.066563 2.72994e-18
-29.6755 -0.0646806 2.65274e-18
-29.6919 -0.0621048 2.5471e-18
-29.7045 -0.0591661 2.42657e-18
-29.7199 -0.0562423 2.30666e-18
-29.7449 -0.0537339 2.20378e-18
-29.7866 -0.0520389 2.13427e-18
-29.8516 -0.0515491 2.11418e-18
-29.9467 -0.0526478 2.15924e-18
-30.0778 -0.0556973 2.28431e-18
-30.2512 -0.0610457 2.50366e-18
-30.4723 -0.0689961 2.82973e-18
-30.7446 -0.0797966 3.27269e-18
-31.0716 -0.0936272 3.83992e-18
-31.4562 -0.11064 4.53765e-18
-31.9001 -0.130948 5.37057e-18
-32.4045 -0.154614 6.34116e-18
-32.9697 -0.181661 7.45044e-18
-33.5952 -0.212069 8.69756e-18
-34.2798 -0.245771 1.00798e-17
-35.0211 -0.28263 1.15915e-17
-35.8157 -0.322463 1.32251e-17
-36.6598 -0.365054 1.49719e-17
-37.5485 -0.410137 1.68209e-17
-38.4758 -0.457369 1.8758e-17
-39.4337 -0.506321 2.07657e-17
-40.4157 -0.556623 2.28287e-17
-41.4143 -0.607863 2.49302e-17
-42.4207 -0.659555 2.70503e-17
-43.4263 -0.711224 2.91693e-17
-44.4222 -0.76238 3.12674e-17
-45.3997 -0.81255 3.3325e-17
-46.3494 -0.861228 3.53215e-17
-47.2625 -0.907924 3.72366e-17
-48.1301 -0.952169 3.90512e-17
-48.9446 -0.993557 4.07486e-17
-49.6999 -1.03175 4.23151e-17
-50.3907 -1.06649 4.37396e-17
-51.0126 -1.09752 4.50126e-17
-51.5624 -1.12471 4.61276e-17
-52.0389 -1.14799 4.70826e-17
-52.4423 -1.1674 4.78785e-17
-52.7733 -1.18299 4.85179e-17
-53.0337 -1.19488 4.90054e-17
-53.2264 -1.20324 4.93483e-17
-53.3553 -1.2083 4.95558e-17
-53.4245 -1.2103 4.96381e-17
-53.4381 -1.20949 4.96047e-17
-53.399 -1.20604 4.94634e-17
-53.31 -1.20013 4.92208e-17
-53.174 -1.19192 4.88839e-17
-52.9938 -1.18158 4.84598e-17
-52.7724 -1.16928 4.79555e-17
-52.5125 -1.15519 4.73775e-17
-52.2171 -1.13946 4.67324e-17
-51.8886 -1.12223 4.6026e-17
-51.5288 -1.10361 4.52623e-17
-51.139 -1.08367 4.44443e-17
-50.7207 -1.06247 4.35749e-17
-50.275 -1.04008 4.26567e-17
-49.8035 -1.01657 4.16925e-17
-49.3065 -0.991953 4.06828e-17
-48.7861 -0.966328 3.96319e-17
-48.2441 -0.93977 3.85427e-17
-47.6812 -0.912311 3.74165e-17
-47.099 -0.884014 3.62559e-17
-46.4984 -0.854911 3.50624e-17
-45.8809 -0.82506 3.38381e-17
-45.2475 -0.794503 3.25848e-17
-44.5996 -0.763298 3.1305e-17
-43.9387 -0.731498 3.00008e-17
-43.2662 -0.699174 2.86751e-17
-42.5841 -0.666407 2.73313e-17
-41.8945 -0.633297 2.59733e-17
-41.1995 -0.599944 2.46054e-17
-40.5009 -0.566429 2.32309e-17
-39.7992 -0.532773 2.18506e-17
-39.0946 -0.498977 2.04645e-17
-38.3874 -0.465044 1.90728e-17
-37.6769 -0.430981 1.76758e-17
-36.963 -0.396736 1.62713e-17
-36.2451 -0.362254 1.48571e-17
-35.522 -0.327494 1.34315e-17
-34.793 -0.292404 1.19923e-17
-34.057 -0.256926 1.05373e-17
-33.3121 -0.220986 9.06328e-18
-32.5576 -0.184532 7.56819e-18
-31.7934 -0.147547 6.05134e-18
-31.0205 -0.110103 4.51563e-18
-30.2411 -0.072311 2.96568e-18
-29.4571 -0.0342827 1.40603e-18
-28.6709 0.00385465 -1.5809e-19
-27.8856 0.0419321 -1.71976e-18
-27.1044 0.0797671 -3.27148e-18
-26.3307 0.117191 -4.80634e-18
-25.5669 0.154068 -6.31878e-18
-24.8147 0.190317 -7.80544e-18
-24.0749 0.225891 -9.26446e-18
-23.3483 0.260767 -1.06948e-17
-22.6349 0.294939 -1.20963e-17
-21.9386 0.32799 -1.34518e-17
-21.2563 0.360254 -1.4775e-17
-20.5848 0.392032 -1.60784e-17
-19.9251 0.42321 -1.73571e-17
-19.276 0.453925 -1.86168e-17
-18.6382 0.48412 -1.98552e-17
-18.0111 0.513872 -2.10754e-17
-17.3956 0.543142 -2.22758e-17
-16.7935 0.571867 -2.34539e-17
-16.2075 0.599912 -2.46041e-17
-15.6402 0.627169 -2.5722e-17
-15.0944 0.65349 -2.68015e-17
-14.5732 0.678743 -2.78372e-17
-14.0796 0.702787 -2.88233e-17
-13.617 0.725462 -2.97533e-17
-13.1884 0.746617 -3.06209e-17
-12.7973 0.766082 -3.14192e-17
-12.4471 0.783685 -3.21412e-17
-12.1414 0.799254 -3.27797e-17
-11.883 0.812638 -3.33286e-17
-11.6742 0.823724 -3.37833e-17
-11.5167 0.832419 -3.41399e-17
-11.4124 0.838635 -3.43949e-17
-11.3631 0.842266 -3.45438e-17
-11.3713 0.843179 -3.45812e-17
-11.4396 0.841225 -3.45011e-17
-11.5707 0.836263 -3.42976e-17
-11.7664 0.828179 -3.3966e-17
-12.0277 0.81691 -3.35038e-17
-12.3535 0.8025 -3.29128e-17
-12.745 0.784873 -3.21899e-17
-13.2019 0.764026 -3.13349e-17
-13.7213 0.740107 -3.03539e-17
-14.3 0.713267 -2.92532e-17
-14.9339 0.683707 -2.80408e-17
-15.6191 0.651618 -2.67247e-17
-16.3507 0.617242 -2.53149e-17
-17.1225 0.580812 -2.38208e-17
-17.9299 0.54261 -2.2254e-17
-18.7686 0.502894 -2.06251e-17
-19.6326 0.461928 -1.8945e-17
-20.517 0.419976 -1.72244e-17
-21.4163 0.377303 -1.54743e-17
-22.3256 0.334163 -1.3705e-17
-23.2405 0.290771 -1.19254e-17
-24.157 0.247319 -1.01433e-17
-25.0713 0.203995 -8.36644e-18
-25.9798 0.160976 -6.60209e-18
-26.8799 0.118389 -4.85546e-18
-27.7692 0.07634 -3.13092e-18
-28.6458 0.0349306 -1.4326e-18
-29.5073 -0.00573586 2.35244e-19
-30.3517 -0.045563 1.86867e-18
-31.1772 -0.0844678 3.46427e-18
-31.9819 -0.122356 5.01816e-18
-32.7638 -0.159126 6.5262e-18
-33.5208 -0.194679 7.98434e-18
-34.2509 -0.22891 9.38825e-18
-34.952 -0.261722 1.0734e-17
-35.6223 -0.293018 1.20175e-17
-36.2594 -0.322684 1.32342e-17
-36.8613 -0.350609 1.43795e-17
-37.4258 -0.376693 1.54493e-17
-37.9508 -0.400829 1.64391e-17
-38.4337 -0.422876 1.73434e-17
-38.8716 -0.442691 1.8156e-17
-39.2619 -0.460144 1.88718e-17
-39.6026 -0.475137 1.94868e-17
-39.8926 -0.487613 1.99984e-17
-40.1311 -0.497542 2.04056e-17
-40.3177 -0.504916 2.07081e-17
-40.4527 -0.509755 2.09065e-17
-40.5368 -0.512111 2.10032e-17
-40.5713 -0.512064 2.10012e-17
-40.5578 -0.509709 2.09046e-17
-40.4985 -0.505175 2.07187e-17
-40.3966 -0.498647 2.0451e-17
-40.2559 -0.490339 2.01102e-17
-40.0804 -0.480472 1.97056e-17
-39.8741 -0.469271 1.92462e-17
-39.641 -0.456958 1.87412e-17
-39.385 -0.44375 1.81995e-17
-39.1101 -0.429863 1.76299e-17
-38.8198 -0.415495 1.70407e-17
-38.5175 -0.400817 1.64387e-17
-38.2058 -0.385981 1.58302e-17
-37.8875 -0.371124 1.52209e-17
-37.5647 -0.356356 1.46152e-17
-37.2385 -0.341732 1.40154e-17
-36.9096 -0.327276 1.34225e-17
-36.5784 -0.312997 1.28369e-17
-36.245 -0.298882 1.2258e-17
-35.9089 -0.28489 1.16842e-17
-35.5691 -0.270956 1.11127e-17
-35.2249 -0.257009 1.05407e-17
-34.8751 -0.24297 9.96491e-18
-34.5186 -0.228754 9.38187e-18
-34.1541 -0.214273 8.78796e-18
-33.7807 -0.199439 8.17959e-18
-33.3971 -0.184171 7.55339e-18
-33.0027 -0.168402 6.90663e-18
-32.5969 -0.152075 6.23702e-18
-32.1794 -0.135145 5.54271e-18
-31.7501 -0.117593 4.82284e-18
-31.31 -0.0994329 4.07803e-18
-30.8603 -0.0807103 3.31016e-18
-30.4027 -0.061486 2.52172e-18
-29.9388 -0.041832 1.71565e-18
-29.4706 -0.0218334 8.95452e-19
-29.0004 -0.00158478 6.49964e-20
-28.5304 0.0188031 -7.71169e-19
-28.0632 0.0392178 -1.60843e-18
-27.6007 0.0595639 -2.44289e-18
-27.145 0.0797471 -3.27066e-18
-26.6984 0.0996606 -4.08737e-18
-26.2628 0.119203 -4.88886e-18
-25.8402 0.138278 -5.67116e-18
-25.4327 0.156787 -6.43028e-18
-25.0421 0.174631 -7.16214e-18
-24.6712 0.191676 -7.8612e-18
-24.3229 0.20774 -8.52002e-18
-24.0018 0.2226 -9.12946e-18
-23.7116 0.23602 -9.67986e-18
-23.4564 0.247807 -1.01633e-17
-23.2404 0.257765 -1.05717e-17
-23.0668 0.26571 -1.08975e-17
-22.939 0.271458 -1.11333e-17
-22.8599 0.274848 -1.12723e-17
-22.831 0.275804 -1.13115e-17
-22.8541 0.274222 -1.12466e-17
-22.9322 0.269948 -1.10713e-17
-23.0669 0.262888 -1.07818e-17
-23.2594 0.252983 -1.03756e-17
-23.5107 0.240178 -9.8504e-18
-23.8213 0.224444 -9.20511e-18
-24.1925 0.20571 -8.43677e-18
-24.627 0.18383 -7.53941e-18
-25.1283 0.158618 -6.50539e-18
-25.7047 0.129299 -5.30294e-18
-26.3557 0.0961309 -3.94261e-18
-27.0815 0.0592425 -2.42971e-18
-27.8871 0.0182588 -7.48845e-19
-28.7735 -0.0267941 1.0989e-18
-29.7435 -0.0761268 3.12218e-18
-30.7977 -0.129725 5.32038e-18
-31.9371 -0.187677 7.69719e-18
-33.1617 -0.249954 1.02513e-17
-34.4719 -0.316591 1.29843e-17
-35.868 -0.387602 1.58967e-17
-37.351 -0.463035 1.89904e-17
-38.921 -0.542891 2.22655e-17
-40.5777 -0.627163 2.57218e-17
-42.3204 -0.715803 2.93571e-17
-44.1479 -0.808749 3.31691e-17
-46.0586 -0.905911 3.7154e-17
-48.0499 -1.00715 4.13063e-17
-50.1176 -1.11225 4.56167e-17
-52.2566 -1.22093 5.00739e-17
-54.4616 -1.33291 5.46664e-17
-56.7256 -1.44781 5.9379e-17
-59.039 -1.56513 6.41904e-17
-61.3904 -1.68426 6.90762e-17
-63.7688 -1.80461 7.40122e-17
-66.1626 -1.92557 7.89732e-17
-68.5591 -2.04648 8.3932e-17
-70.9456 -2.16665 8.88608e-17
-73.3096 -2.28545 9.37328e-17
-75.6384 -2.4022 9.85211e-17
-77.9185 -2.5162 1.03197e-16
-80.1362 -2.62674 1.0773e-16
-82.2788 -2.73317 1.12095e-16
-84.3356 -2.83494 1.16269e-16
-86.2993 -2.93169 1.20237e-16
-88.165 -3.0232 1.2399e-16
-89.9288 -3.10928 1.27521e-16
-91.5883 -3.18987 1.30826e-16
-93.1445 -3.26504 1.33909e-16
-94.6001 -3.33498 1.36777e-16
-95.9584 -3.39991 1.3944e-16
-97.2229 -3.46007 1.41907e-16
-98.3978 -3.51571 1.44189e-16
-99.4869 -3.56708 1.46296e-16
-100.495 -3.61447 1.4824e-16
-101.426 -3.65813 1.50031e-16
-102.283 -3.69828 1.51677e-16
-103.069 -3.7351 1.53187e-16
-103.788 -3.76878 1.54569e-16
-104.441 -3.79945 1.55826e-16
-105.028 -3.82711 1.56961e-16
-105.548 -3.8517 1.57969e-16
-105.998 -3.87313 1.58848e-16
-106.377 -3.89129 1.59593e-16
-106.68 -3.90595 1.60194e-16
-106.903 -3.91687 1.60642e-16
-107.04 -3.92379 1.60926e-16
-107.088 -3.92647 1.61036e-16
-107.043 -3.92476 1.60966e-16
-106.904 -3.91853 1.6071e-16
-106.668 -3.90766 1.60264e-16
-106.334 -3.89206 1.59625e-16
-105.902 -3.87172 1.5879e-16
-105.371 -3.84661 1.57761e-16
-104.742 -3.81676 1.56537e-16
-104.016 -3.78222 1.5512e-16
-103.196 -3.74307 1.53514e-16
-102.282 -3.69945 1.51725e-16
-101.28 -3.65149 1.49758e-16
-100.19 -3.59934 1.4762e-16
-99.017 -3.54317 1.45316e-16
-97.7638 -3.48314 1.42854e-16
-96.4338 -3.41943 1.40241e-16
-95.0304 -3.3522 1.37483e-16
-93.5567 -3.28161 1.34588e-16
-92.0156 -3.20781 1.31562e-16
-90.4099 -3.13093 1.28409e-16
-88.7423 -3.0511 1.25135e-16
-87.0145 -2.96841 1.21743e-16
-85.228 -2.8829 1.18236e-16
-83.3841 -2.79465 1.14617e-16
-81.4847 -2.70372 1.10887e-16
-79.533 -2.61027 1.07055e-16
-77.5324 -2.51445 1.03125e-16
-75.4865 -2.41644 9.91052e-17
-73.3991 -2.31641 9.50027e-17
-71.2754 -2.21461 9.08277e-17
-69.1211 -2.11132 8.65912e-17
-66.9415 -2.00678 8.23037e-17
-64.7433 -1.90132 7.79785e-17
-62.5363 -1.79542 7.36354e-17
-60.3314 -1.68964 6.9297e-17
-58.1394 -1.5845 6.4985e-17
-55.9715 -1.48057 6.07223e-17
-53.8409 -1.3785 5.65361e-17
-51.7616 -1.27899 5.2455e-17
-49.7467 -1.1827 4.85059e-17
-47.8099 -1.09031 4.47167e-17
-45.9663 -1.00257 4.11183e-17
-44.2314 -0.920266 3.77427e-17
-42.62 -0.844121 3.46198e-17
-41.146 -0.774827 3.17779e-17
-39.8228 -0.713047 2.92441e-17
-38.6632 -0.659403 2.7044e-17
-37.6789 -0.614467 2.52011e-17
-36.88 -0.578723 2.37351e-17
-36.2743 -0.552526 2.26607e-17
-35.8678 -0.536145 2.19888e-17
-35.6657 -0.529805 2.17288e-17
-35.6711 -0.533625 2.18855e-17
-35.884 -0.547547 2.24565e-17
-36.3021 -0.57141 2.34352e-17
-36.9227 -0.605031 2.48141e-17
-37.7413 -0.648133 2.65818e-17
-38.75 -0.700263 2.87198e-17
-39.9393 -0.760882 3.1206e-17
-41.2993 -0.829458 3.40185e-17
-42.8201 -0.905442 3.71348e-17
-44.4909 -0.988253 4.05311e-17
-46.3006 -1.07731 4.41835e-17
-48.2385 -1.17205 4.8069e-17
-50.2943 -1.27193 5.21657e-17
-52.4574 -1.37644 5.64516e-17
-54.7176 -1.48505 6.0906e-17
-57.0653 -1.59729 6.55096e-17
-59.492 -1.71277 7.02457e-17
-61.9906 -1.83117 7.51016e-17
-64.5555 -1.95225 8.00673e-17
-67.1814 -2.07578 8.51339e-17
-69.8638 -2.20163 9.02951e-17
-72.6001 -2.32971 9.5548e-17
-75.3883 -2.46 1.00892e-16
-78.2269 -2.59251 1.06326e-16
-81.1132 -2.72718 1.1185e-16
-84.0429 -2.86386 1.17455e-16
-87.0104 -3.00234 1.23134e-16
-90.0103 -3.1424 1.28879e-16
-93.0351 -3.28372 1.34675e-16
-96.0715 -3.42574 1.405e-16
-99.1053 -3.56788 1.46329e-16
-102.125 -3.70945 1.52135e-16
-105.116 -3.84966 1.57886e-16
-108.058 -3.98757 1.63542e-16
-110.931 -4.12209 1.69059e-16
-113.713 -4.25217 1.74394e-16
-116.384 -4.37673 1.79502e-16
-118.921 -4.49464 1.84338e-16
-121.302 -4.60474 1.88854e-16
-123.505 -4.70596 1.93005e-16
-125.51 -4.79723 1.96748e-16
-127.298 -4.87764 2.00046e-16
-128.853 -4.94633 2.02863e-16
-130.159 -5.00251 2.05167e-16
-131.203 -5.04551 2.06931e-16
-131.972 -5.07482 2.08133e-16
-132.46 -5.09007 2.08758e-16
-132.66 -5.09093 2.08794e-16
-132.567 -5.07726 2.08233e-16
-132.181 -5.04913 2.0708e-16
-131.506 -5.00679 2.05343e-16
-130.547 -4.95052 2.03035e-16
-129.309 -4.88075 2.00173e-16
-127.803 -4.79806 1.96782e-16
-126.041 -4.70319 1.92891e-16
-124.036 -4.59685 1.8853e-16
-121.802 -4.47983 1.83731e-16
-119.355 -4.353 1.78529e-16
-116.709 -4.21726 1.72962e-16
-113.882 -4.07348 1.67065e-16
-110.888 -3.92249 1.60873e-16
-107.742 -3.76505 1.54416e-16
-104.457 -3.60185 1.47722e-16
-101.043 -3.43352 1.40818e-16
-97.5141 -3.26062 1.33727e-16
-93.8779 -3.08364 1.26469e-16
-90.1435 -2.90297 1.19059e-16
-86.318 -2.71894 1.11512e-16
-82.4076 -2.53182 1.03837e-16
-78.4163 -2.34174 9.60416e-17
-74.3476 -2.1488 8.81284e-17
-70.2036 -1.95301 8.00988e-17
-65.9862 -1.75438 7.19522e-17
-61.6949 -1.55292 6.36899e-17
-57.3323 -1.34856 5.53082e-17
-52.9012 -1.14122 4.68047e-17
-48.4018 -0.930863 3.81774e-17
-43.8351 -0.717451 2.94247e-17
-39.2052 -0.501051 2.05495e-17
-34.5163 -0.281687 1.15528e-17
-29.7708 -0.0594133 2.43671e-18
-24.9729 0.165711 -6.7963e-18
-20.1263 0.393589 -1.61422e-17
-15.2659 0.620651 -2.54547e-17
-10.3764 0.849084 -3.48234e-17
-5.44682 1.0805 -4.43143e-17
-0.495313 1.31338 -5.38656e-17
4.48074 1.54849 -6.3508e-17
9.46815 1.78488 -7.32029e-17
14.4637 2.02268 -8.29558e-17
19.4574 2.26129 -9.2742e-17
24.4425 2.50053 -1.02554e-16
29.4085 2.73983 -1.12368e-16
34.3444 2.9787 -1.22165e-16
39.2371 3.21647 -1.31917e-16
44.0735 3.45249 -1.41597e-16
48.8396 3.68605 -1.51176e-16
53.521 3.91642 -1.60624e-16
58.103 4.14281 -1.69908e-16
62.5706 4.36446 -1.78999e-16
66.9127 4.58076 -1.8787e-16
71.1129 4.79086 -1.96487e-16
75.1561 4.99397 -2.04817e-16
79.0306 5.18945 -2.12834e-16
82.7236 5.37662 -2.20511e-16
86.2251 5.55495 -2.27825e-16
89.5255 5.72391 -2.34754e-16
92.617 5.88308 -2.41282e-16
95.4926 6.03207 -2.47393e-16
98.1483 6.17066 -2.53077e-16
100.582 6.29871 -2.58328e-16
102.792 6.41614 -2.63145e-16
104.779 6.52295 -2.67525e-16
106.544 6.61918 -2.71472e-16
108.091 6.70498 -2.74991e-16
109.422 6.7805 -2.78088e-16
110.542 6.84596 -2.80773e-16
111.456 6.90158 -2.83054e-16
112.17 6.94762 -2.84942e-16
112.688 6.98437 -2.86449e-16
113.019 7.01215 -2.87589e-16
113.171 7.03134 -2.88376e-16
113.15 7.04232 -2.88826e-16
112.966 7.04551 -2.88957e-16
112.628 7.04134 -2.88786e-16
112.148 7.03009 -2.88324e-16
111.531 7.01221 -2.87591e-16
110.786 6.98813 -2.86603e-16
109.922 6.95819 -2.85375e-16
108.945 6.92275 -2.83922e-16
107.863 6.88213 -2.82256e-16
106.683 6.83671 -2.80393e-16
105.416 6.78686 -2.78349e-16
104.07 6.73303 -2.76141e-16
102.657 6.67569 -2.73789e-16
101.186 6.61534 -2.71314e-16
99.6679 6.55244 -2.68734e-16
98.1107 6.48732 -2.66064e-16
96.5213 6.42028 -2.63314e-16
94.9069 6.35164 -2.60499e-16
93.2746 6.28169 -2.5763e-16
91.6294 6.21064 -2.54716e-16
89.976 6.13869 -2.51765e-16
88.3197 6.06604 -2.48786e-16
86.6651 5.99289 -2.45786e-16
85.0149 5.91935 -2.4277e-16
83.3713 5.84548 -2.3974e-16
81.7371 5.77141 -2.36702e-16
80.1155 5.69729 -2.33662e-16
78.5102 5.62327 -2.30627e-16
76.9253 5.54958 -2.27604e-16
75.3654 5.47645 -2.24605e-16
73.8349 5.40412 -2.21639e-16
72.3374 5.33279 -2.18713e-16
70.8762 5.26266 -2.15837e-16
69.4549 5.19393 -2.13018e-16
68.0773 5.12683 -2.10266e-16
66.7474 5.0616 -2.07591e-16
65.4692 4.9985 -2.05003e-16
64.2465 4.93776 -2.02512e-16
63.0841 4.87968 -2.0013e-16
61.9889 4.82466 -1.97873e-16
60.9685 4.77315 -1.95761e-16
60.0297 4.72557 -1.93809e-16
59.1804 4.68236 -1.92037e-16
58.4309 4.64411 -1.90468e-16
57.7923 4.61146 -1.89129e-16
57.2742 4.58495 -1.88042e-16
56.8863 4.56511 -1.87229e-16
56.6391 4.55255 -1.86713e-16
56.5431 4.54783 -1.86519e-16
56.6066 4.5514 -1.86666e-16
56.837 4.56367 -1.87169e-16
57.241 4.58499 -1.88044e-16
57.824 4.61565 -1.89301e-16
58.5897 4.65582 -1.90949e-16
59.5399 4.70558 -1.9299e-16
60.6759 4.76498 -1.95426e-16
61.9976 4.83397 -1.98255e-16
63.503 4.91242 -2.01473e-16
65.1881 5.00007 -2.05067e-16
67.0468 5.09655 -2.09024e-16
69.0713 5.20139 -2.13324e-16
71.2522 5.31407 -2.17945e-16
73.5803 5.43402 -2.22865e-16
76.0475 5.56078 -2.28064e-16
78.646 5.69389 -2.33523e-16
81.3674 5.83285 -2.39222e-16
84.2027 5.97714 -2.4514e-16
87.143 6.12627 -2.51256e-16
90.1795 6.27973 -2.5755e-16
93.3031 6.43702 -2.64001e-16
96.5046 6.59762 -2.70587e-16
99.7749 6.76106 -2.7729e-16
103.105 6.92685 -2.8409e-16
106.487 7.09455 -2.90968e-16
109.912 7.26367 -2.97904e-16
113.368 7.43371 -3.04878e-16
116.845 7.6041 -3.11866e-16
120.334 7.77434 -3.18848e-16
123.824 7.94396 -3.25805e-16
127.307 8.11251 -3.32717e-16
130.773 8.27957 -3.39569e-16
134.214 8.44477 -3.46344e-16
137.623 8.60778 -3.5303e-16
140.994 8.76834 -3.59615e-16
144.322 8.92626 -3.66092e-16
147.603 9.08134 -3.72452e-16
150.831 9.23342 -3.78689e-16
154.001 9.38229 -3.84795e-16
157.109 9.52775 -3.9076e-16
160.148 9.66958 -3.96577e-16
163.114 9.80758 -4.02237e-16
166.002 9.94155 -4.07732e-16
168.806 10.0712 -4.1305e-16
171.519 10.1964 -4.18184e-16
174.137 10.3168 -4.23122e-16
176.652 10.4321 -4.2785e-16
179.056 10.5419 -4.32356e-16
181.342 10.646 -4.36624e-16
183.502 10.7439 -4.40639e-16
185.529 10.8352 -4.44384e-16
187.412 10.9195 -4.47842e-16
189.143 10.9964 -4.50996e-16
190.714 11.0655 -4.53828e-16
192.114 11.1262 -4.56317e-16
193.333 11.178 -4.58441e-16
194.361 11.2204 -4.6018e-16
195.187 11.2529 -4.61514e-16
195.805 11.2751 -4.62426e-16
196.205 11.2867 -4.62899e-16
196.38 11.2871 -4.62918e-16
196.324 11.2763 -4.62472e-16
196.033 11.2538 -4.61553e-16
195.505 11.2198 -4.60154e-16
194.736 11.1739 -4.58275e-16
193.727 11.1164 -4.55914e-16
192.48 11.0473 -4.5308e-16
191 10.9669 -4.49782e-16
189.29 10.8754 -4.46032e-16
187.356 10.7733 -4.41844e-16
185.206 10.6609 -4.37234e-16
182.846 10.5387 -4.32221e-16
180.286 10.4071 -4.26824e-16
177.534 10.2666 -4.21064e-16
174.603 10.118 -4.14968e-16
171.504 9.96184 -4.08564e-16
168.25 9.79886 -4.0188e-16
164.854 9.62973 -3.94943e-16
161.328 9.45507 -3.8778e-16
157.682 9.27547 -3.80414e-16
153.927 9.09149 -3.72868e-16
150.074 8.90362 -3.65163e-16
146.129 8.71224 -3.57314e-16
142.101 8.51768 -3.49335e-16
137.993 8.32018 -3.41235e-16
133.812 8.11996 -3.33023e-16
129.562 7.91712 -3.24704e-16
125.243 7.71172 -3.1628e-16
120.859 7.50378 -3.07752e-16
116.41 7.29327 -2.99118e-16
111.898 7.08015 -2.90377e-16
107.324 6.86436 -2.81527e-16
102.687 6.64582 -2.72564e-16
97.9904 6.42448 -2.63486e-16
93.2352 6.20037 -2.54295e-16
88.4255 5.97356 -2.44993e-16
83.5652 5.74415 -2.35584e-16
78.6581 5.51222 -2.26072e-16
73.7081 5.27787 -2.16461e-16
68.7191 5.04121 -2.06754e-16
63.6959 4.80237 -1.96959e-16
58.6442 4.56156 -1.87083e-16
53.5715 4.31909 -1.77138e-16
48.4864 4.07533 -1.67141e-16
43.3984 3.83068 -1.57107e-16
38.3169 3.58559 -1.47055e-16
33.2511 3.34047 -1.37002e-16
28.2101 3.09575 -1.26966e-16
23.2039 2.85189 -1.16964e-16
18.2434 2.60944 -1.07021e-16
13.3413 2.36903 -9.71607e-17
8.51096 2.13134 -8.74123e-17
3.76638 1.89708 -7.78049e-17
-0.879062 1.66696 -6.8367e-17
-5.41336 1.4416 -5.91242e-17
-9.82523 1.22159 -5.0101e-17
-14.1035 1.00753 -4.13216e-17
-18.2365 0.800028 -3.28114e-17
-22.2119 0.599754 -2.45976e-17
-26.0174 0.407377 -1.67077e-17
-29.641 0.223544 -9.16818e-18
-33.0722 0.0488329 -2.00278e-18
-36.3024 -0.116289 4.76933e-18
-39.3248 -0.271435 1.11323e-17
-42.1334 -0.416269 1.70724e-17
-44.7235 -0.550522 2.25785e-17
-47.0923 -0.674022 2.76436e-17
-49.2383 -0.786676 3.22639e-17
-51.1612 -0.888446 3.64377e-17
-52.8622 -0.979369 4.01667e-17
-54.344 -1.05957 4.34562e-17
-55.6112 -1.12931 4.63163e-17
-56.6689 -1.18882 4.87568e-17
-57.5229 -1.23835 5.07883e-17
-58.1801 -1.27828 5.24259e-17
-58.6483 -1.30898 5.3685e-17
-58.9358 -1.33088 5.45831e-17
-59.0583 -1.34517 5.51695e-17
-59.0195 -1.35171 5.54376e-17
-58.8254 -1.35058 5.53913e-17
-58.4886 -1.34258 5.50631e-17
-58.018 -1.32804 5.44667e-17
-57.4262 -1.30767 5.36312e-17
-56.7242 -1.28196 5.25769e-17
-55.9248 -1.2516 5.13317e-17
-55.0401 -1.21716 4.99193e-17
-54.0839 -1.17934 4.83683e-17
-53.0695 -1.1388 4.67054e-17
-52.0107 -1.09622 4.49593e-17
-50.9215 -1.05229 4.31576e-17
-49.8164 -1.00774 4.13303e-17
-48.7101 -0.963273 3.95066e-17
-47.6165 -0.919588 3.7715e-17
-46.5499 -0.877384 3.5984e-17
-45.5251 -0.837383 3.43435e-17
-44.5533 -0.800119 3.28152e-17
-43.6419 -0.766242 3.14258e-17
-42.8116 -0.73656 3.02084e-17
-42.0795 -0.711743 2.91906e-17
-41.456 -0.692395 2.83971e-17
-40.9552 -0.679119 2.78526e-17
-40.5874 -0.672451 2.75792e-17
-40.3625 -0.672822 2.75944e-17
-40.2882 -0.680605 2.79136e-17
-40.3725 -0.696145 2.85509e-17
-40.6226 -0.719785 2.95205e-17
-41.0458 -0.751846 3.08354e-17
-41.6488 -0.792647 3.25087e-17
-42.4381 -0.842481 3.45526e-17
-43.4186 -0.901575 3.69762e-17
-44.5929 -0.970023 3.97835e-17
-45.9619 -1.04785 4.29754e-17
-47.5265 -1.13506 4.65522e-17
-49.2872 -1.23167 5.05145e-17
-51.2448 -1.33771 5.48632e-17
-53.4 -1.45318 5.95993e-17
-55.7533 -1.57812 6.47235e-17
-58.304 -1.71249 7.02343e-17
-61.0501 -1.85618 7.61272e-17
-63.9883 -2.00901 8.23955e-17
-67.1151 -2.17083 8.90319e-17
-70.4271 -2.34145 9.60294e-17
-73.9212 -2.52072 1.03382e-16
-77.5943 -2.70853 1.11084e-16
-81.4431 -2.90469 1.1913e-16
-85.4628 -3.109 1.27509e-16
-89.6466 -3.32111 1.36208e-16
-93.9865 -3.54064 1.45212e-16
-98.4738 -3.76715 1.54502e-16
-103.1 -4.00023 1.64061e-16
-107.856 -4.23945 1.73872e-16
-112.734 -4.48438 1.83918e-16
-117.725 -4.7346 1.9418e-16
-122.818 -4.98962 2.04639e-16
-128.004 -5.24893 2.15274e-16
-133.272 -5.512 2.26063e-16
-138.61 -5.77825 2.36983e-16
-144.006 -6.04712 2.4801e-16
-149.448 -6.31798 2.59119e-16
-154.924 -6.59017 2.70282e-16
-160.419 -6.86303 2.81473e-16
-165.92 -7.13592 2.92665e-16
-171.414 -7.40815 3.0383e-16
-176.888 -7.67904 3.1494e-16
-182.327 -7.94794 3.25968e-16
-187.719 -8.2142 3.36888e-16
-193.052 -8.47725 3.47676e-16
-198.315 -8.73652 3.5831e-16
-203.495 -8.99149 3.68767e-16
-208.584 -9.24167 3.79028e-16
-213.572 -9.48666 3.89075e-16
-218.451 -9.72606 3.98894e-16
-223.213 -9.9595 4.08468e-16
-227.852 -10.1867 4.17785e-16
-232.361 -10.4074 4.26839e-16
-236.737 -10.6215 4.3562e-16
-240.973 -10.8287 4.44116e-16
-245.067 -11.0287 4.52321e-16
-249.017 -11.2219 4.60242e-16
-252.822 -11.4081 4.6788e-16
-256.481 -11.5874 4.75233e-16
-259.994 -11.7597 4.82301e-16
-263.36 -11.9253 4.89091e-16
-266.578 -12.0834 4.95576e-16
-269.614 -12.2294 5.01563e-16
-272.473 -12.3642 5.07093e-16
-275.199 -12.4938 5.12407e-16
-277.791 -12.6177 5.17489e-16
-280.248 -12.7358 5.22333e-16
-282.843 -12.85 9.46281e-16
-285.303 -12.9599 9.51321e-16
-287.608 -13.0638 9.56076e-16
-289.752 -13.1612 9.60535e-16
-291.731 -13.2521 9.64689e-16
-293.539 -13.3361 9.68523e-16
-295.169 -13.4129 9.72023e-16
-296.616 -13.4821 9.75176e-16
-297.873 -13.5435 9.77967e-16
-298.935 -13.5967 9.80382e-16
-299.797 -13.6416 9.82411e-16
-300.454 -13.6777 9.8404e-16
-300.9 -13.7048 9.85257e-16
-301.132 -13.7227 9.8605e-16
-301.148 -13.7312 9.86413e-16
-300.954 -13.7176 1.00811e-15
-300.566 -13.7072 1.00768e-15
-299.978 -13.6869 1.00685e-15
-299.185 -13.6564 1.0056e-15
-298.188 -13.6156 1.00393e-15
-296.988 -13.5646 1.00183e-15
-295.589 -13.5034 9.99325e-16
-293.996 -13.4324 9.96413e-16
-292.215 -13.3518 9.93107e-16
-290.254 -13.2619 9.89422e-16
-288.122 -13.1633 9.85378e-16
-285.83 -13.0565 9.80995e-16
-283.389 -12.9419 9.76297e-16
-280.811 -12.8203 9.71308e-16
-278.109 -12.6921 9.66053e-16
-275.294 -12.5581 9.60556e-16
-272.38 -12.4189 9.54846e-16
-269.379 -12.275 9.48946e-16
-266.304 -12.1272 9.42881e-16
-263.164 -11.9758 9.36675e-16
-259.973 -11.8216 9.30349e-16
-256.74 -11.665 9.23926e-16
-253.475 -11.5064 9.17424e-16
-250.186 -11.3463 9.10858e-16
-246.88 -11.1851 9.04244e-16
-243.567 -11.0231 8.97598e-16
-240.255 -10.8607 8.90939e-16
-236.953 -10.6984 8.84284e-16
-233.669 -10.5366 8.77649e-16
-230.413 -10.3758 8.71055e-16
-227.193 -10.2164 8.64517e-16
-224.019 -10.0589 8.58056e-16
-220.898 -9.90363 8.51688e-16
-217.84 -9.75109 8.45432e-16
-214.855 -9.60176 8.39307e-16
-211.951 -9.45611 8.33334e-16
-209.137 -9.3146 8.2753e-16
-206.422 -9.17768 8.21914e-16
-203.816 -9.04585 8.16508e-16
-201.328 -8.91958 8.11329e-16
-198.966 -8.79934 8.06397e-16
-196.738 -8.68553 8.0173e-16
-194.651 -8.57858 7.97344e-16
-192.714 -8.47885 7.93253e-16
-190.931 -8.38665 7.89472e-16
-189.309 -8.30229 7.86012e-16
-187.851 -8.22603 7.82885e-16
-186.563 -8.15809 7.80098e-16
-185.447 -8.09866 7.77661e-16
-184.505 -8.04784 7.75577e-16
-183.74 -8.00571 7.73849e-16
-183.149 -7.97228 7.72478e-16
-182.734 -7.9475 7.71461e-16
-182.49 -7.93121 7.70793e-16
-182.411 -7.92308 7.7046e-16
-182.49 -7.92268 7.70443e-16
-182.716 -7.92952 7.70724e-16
-183.08 -7.94306 7.71279e-16
-183.57 -7.96271 7.72085e-16
-184.174 -7.98783 7.73115e-16
-184.88 -8.01775 7.74343e-16
-185.674 -8.05179 7.75739e-16
-186.543 -8.0892 7.77273e-16
-187.471 -8.12923 7.78915e-16
-188.445 -8.17113 7.80633e-16
-189.45 -8.21412 7.82396e-16
-190.47 -8.25746 7.84173e-16
-191.492 -8.30039 7.85934e-16
-192.502 -8.34219 7.87649e-16
-193.485 -8.38217 7.89288e-16
-194.428 -8.41963 7.90825e-16
-195.319 -8.45393 7.92231e-16
-196.144 -8.48446 7.93483e-16
-196.893 -8.51066 7.94558e-16
-197.556 -8.53205 7.95435e-16
-198.123 -8.54822 7.96098e-16
-198.587 -8.55878 7.96532e-16
-198.941 -8.56344 7.96723e-16
-199.18 -8.56199 7.96663e-16
-199.299 -8.55431 7.96348e-16
-199.297 -8.54028 7.95773e-16
-199.17 -8.51984 7.94935e-16
-198.915 -8.49289 7.93829e-16
-198.529 -8.45934 7.92453e-16
-198.01 -8.41912 7.90804e-16
-197.357 -8.37223 7.88881e-16
-196.569 -8.31873 7.86686e-16
-195.648 -8.25873 7.84226e-16
-194.594 -8.19236 7.81503e-16
-193.409 -8.11971 7.78524e-16
-192.091 -8.0408 7.75288e-16
-190.638 -7.95562 7.71794e-16
-189.051 -7.86416 7.68043e-16
-187.329 -7.76637 7.64032e-16
-185.464 -7.66199 7.59752e-16
-183.452 -7.55072 7.55188e-16
-181.286 -7.43224 7.50329e-16
-178.96 -7.30624 7.45161e-16
-176.462 -7.17232 7.39669e-16
-173.786 -7.02999 7.33832e-16
-170.925 -6.87883 7.27632e-16
-167.871 -6.71844 7.21054e-16
-164.616 -6.54841 7.1408e-16
-161.153 -6.36841 7.06698e-16
-157.477 -6.17811 6.98893e-16
-153.583 -5.97726 6.90656e-16
-149.468 -5.76573 6.81981e-16
-145.13 -5.54345 6.72864e-16
-140.571 -5.3104 6.63306e-16
-135.789 -5.06663 6.53308e-16
-130.789 -4.81225 6.42876e-16
-125.573 -4.54748 6.32017e-16
-120.147 -4.27254 6.2074e-16
-114.515 -3.9877 6.09059e-16
-108.684 -3.69334 5.96986e-16
-102.663 -3.38985 5.84539e-16
-96.4591 -3.07765 5.71735e-16
-90.0814 -2.75718 5.58591e-16
-83.538 -2.42886 5.45126e-16
-76.8376 -2.09312 5.31356e-16
-69.9886 -1.75039 5.173e-16
-62.9927 -1.40074 5.0296e-16
-55.8631 -1.04484 4.88363e-16
-48.6118 -0.683242 4.73533e-16
-41.2436 -0.316178 4.58479e-16
-33.816 0.050512 4.4344e-16
-26.308 0.419817 4.28293e-16
-18.703 0.79424 4.12937e-16
-11.0277 1.17147 3.97466e-16
-3.28194 1.55221 3.81851e-16
4.51162 1.93491 3.66155e-16
12.3418 2.31935 3.50388e-16
20.1889 2.70435 3.34598e-16
28.0382 3.08936 3.18808e-16
35.8682 3.47322 3.03065e-16
43.6594 3.85505 2.87405e-16
51.3908 4.23378 2.71872e-16
59.0427 4.60848 2.56504e-16
66.5933 4.97808 2.41346e-16
74.0217 5.34157 2.26438e-16
81.3069 5.69791 2.11824e-16
88.4292 6.04617 1.9754e-16
95.3685 6.38536 1.83629e-16
102.105 6.71457 1.70127e-16
108.622 7.03291 1.57071e-16
114.899 7.33953 1.44496e-16
120.921 7.63359 1.32436e-16
126.67 7.91429 1.20923e-16
132.13 8.18086 1.0999e-16
137.287 8.43261 9.96656e-17
142.125 8.66887 8.99758e-17
146.633 8.88905 8.09458e-17
150.8 9.09259 7.2598e-17
154.614 9.27903 6.49513e-17
158.069 9.44807 5.80188e-17
161.159 9.59946 5.18096e-17
163.88 9.73304 4.63313e-17
166.215 9.84632 4.16853e-17
168.154 9.93827 3.7914e-17
169.728 10.0124 3.48754e-17
170.95 10.0702 3.25014e-17
171.829 10.112 3.07879e-17
172.38 10.1386 2.96967e-17
172.62 10.151 2.91908e-17
172.569 10.15 2.92304e-17
172.245 10.1368 2.97735e-17
171.672 10.1124 3.07722e-17
170.874 10.0782 3.21761e-17
169.873 10.0353 3.3936e-17
168.695 9.98487 3.60031e-17
167.362 9.92818 3.83278e-17
165.899 9.8664 4.08618e-17
164.328 9.80064 4.35588e-17
162.671 9.73189 4.63785e-17
160.945 9.66088 4.92905e-17
159.169 9.58842 5.22627e-17
157.359 9.51531 5.5261e-17
155.531 9.44225 5.82573e-17
153.698 9.36985 6.12266e-17
151.873 9.29862 6.41479e-17
150.067 9.22902 6.70025e-17
148.29 9.16145 6.97738e-17
146.55 9.09624 7.24482e-17
144.857 9.03369 7.50137e-17
143.217 8.97404 7.74602e-17
141.637 8.9175 7.97788e-17
140.123 8.86426 8.19625e-17
138.681 8.81445 8.40054e-17
137.315 8.7682 8.59019e-17
136.031 8.72568 8.76459e-17
134.835 8.68708 8.92292e-17
133.734 8.65262 9.06425e-17
132.734 8.62254 9.18762e-17
131.842 8.59708 9.29204e-17
131.065 8.57649 9.37648e-17
130.408 8.56104 9.43984e-17
129.88 8.55101 9.48098e-17
129.486 8.54665 9.49886e-17
129.23 8.54813 9.49278e-17
129.118 8.5556 9.46215e-17
129.153 8.56922 9.40629e-17
129.336 8.58906 9.32493e-17
129.667 8.61498 9.21861e-17
130.142 8.64676 9.08827e-17
130.757 8.6842 8.93473e-17
131.508 8.72702 8.7591e-17
132.387 8.7748 8.56313e-17
133.384 8.82706 8.34882e-17
134.491 8.88332 8.11806e-17
135.698 8.94308 7.87297e-17
136.991 9.00564 7.6164e-17
138.356 9.07024 7.35144e-17
139.778 9.13618 7.08101e-17
141.245 9.20282 6.80769e-17
142.732 9.26755 6.54225e-17
144.226 9.32987 6.28665e-17
145.735 9.39166 6.03322e-17
147.25 9.45226 5.78468e-17
148.766 9.51145 5.54194e-17
150.279 9.56925 5.30487e-17
151.786 9.62551 5.07413e-17
153.287 9.68041 4.84898e-17
154.785 9.73421 4.62832e-17
156.287 9.78741 4.41013e-17
157.808 9.8406 4.19198e-17
159.351 9.89418 3.97226e-17
160.914 9.94837 3.74999e-17
162.501 10.0037 3.52303e-17
164.119 10.0606 3.2896e-17
165.772 10.1196 3.04793e-17
167.461 10.1801 2.79955e-17
169.186 10.2422 2.54499e-17
170.958 10.307 2.27903e-17
172.842 10.3762 -3.80348e-16
174.767 10.4498 -3.83364e-16
176.746 10.5271 -3.86531e-16
178.778 10.608 -3.8985e-16
180.857 10.6926 -3.93316e-16
182.978 10.7805 -3.96922e-16
185.135 10.8717 -4.00657e-16
187.32 10.9656 -4.04507e-16
189.524 11.062 -4.08458e-16
191.74 11.1605 -4.12495e-16
193.948 11.2505 -7.11453e-16
196.151 11.3517 -7.1562e-16
198.338 11.4537 -7.19822e-16
200.501 11.5561 -7.24038e-16
202.746 11.6584 -4.68504e-16
204.926 11.7608 -7.35171e-16
207.041 11.8624 -9.34594e-16
209.079 11.9613 -7.62848e-16
211.027 12.0572 -5.08223e-16
212.875 12.1493 -7.04727e-16
214.61 12.2371 -8.27871e-16
216.218 12.3198 -3.82975e-16
217.683 12.3965 -1.42906e-16
218.99 12.4664 -5.395e-16
220.122 12.53 -5.40973e-16
221.063 12.5845 -5.41505e-16
221.795 12.6289 -5.43755e-16
222.306 12.66 -5.64339e-16
222.596 12.6827 -5.65272e-16
222.646 12.6935 -5.65716e-16
222.439 12.6915 -5.65633e-16
221.962 12.6758 -5.64988e-16
221.199 12.6455 -5.63746e-16
220.138 12.5999 -5.61876e-16
218.766 12.5383 -5.5935e-16
217.075 12.4602 -5.56145e-16
215.057 12.365 -5.52241e-16
212.706 12.2525 -5.47627e-16
210.021 12.1225 -5.42295e-16
207.002 11.9749 -5.36243e-16
203.651 11.8099 -5.29477e-16
199.976 11.6279 -5.22011e-16
195.987 11.4293 -5.13868e-16
191.697 11.2149 -5.05073e-16
187.121 10.9853 -4.95658e-16
182.275 10.7416 -4.8566e-16
177.177 10.4845 -4.75118e-16
171.848 10.2153 -4.64076e-16
166.309 9.93498 -4.5258e-16
160.58 9.64474 -4.40676e-16
154.684 9.34571 -4.28412e-16
148.643 9.03912 -4.15838e-16
142.48 8.72617 -4.03003e-16
136.216 8.408 -3.89954e-16
129.872 8.08575 -3.76737e-16
123.47 7.76054 -3.63399e-16
117.029 7.43348 -3.49986e-16
110.571 7.1056 -3.36539e-16
104.112 6.7779 -3.23099e-16
97.6715 6.45133 -3.09705e-16
91.2668 6.12681 -2.96396e-16
84.9132 5.80516 -2.83204e-16
78.625 5.48711 -2.7016e-16
72.4156 5.17338 -2.57293e-16
66.2971 4.86458 -2.44628e-16
60.2795 4.56123 -2.32187e-16
54.3711 4.26375 -2.19986e-16
48.5795 3.97252 -2.08042e-16
42.911 3.68785 -1.96367e-16
37.3707 3.41 -1.84971e-16
31.9627 3.13913 -1.73862e-16
26.6899 2.8754 -1.63046e-16
21.5539 2.61886 -1.52524e-16
16.5544 2.36947 -1.42296e-16
11.6899 2.1271 -1.32356e-16
6.95754 1.8916 -1.22698e-16
2.35429 1.66278 -1.13313e-16
-2.12356 1.44041 -1.04193e-16
-6.48022 1.22424 -9.53272e-17
-10.7206 1.014 -8.67046e-17
-14.8505 0.809362 -7.83117e-17
-18.8766 0.609947 -7.01331e-17
-22.8062 0.415347 -6.2152e-17
-26.6472 0.225127 -5.43505e-17
-30.4079 0.0388373 -4.67103e-17
-34.0964 -0.143972 -3.92127e-17
-37.7211 -0.323755 -3.18393e-17
-41.2906 -0.500984 -2.45706e-17
-44.8137 -0.676135 -1.73872e-17
-48.3 -0.849796 -1.02648e-17
-51.7661 -1.02333 -3.14769e-18
-55.2353 -1.19887 4.05178e-18
-58.6971 -1.37469 1.12626e-17
-62.1518 -1.55036 1.84675e-17
-65.6144 -1.72703 2.5713e-17
-69.0887 -1.90467 3.29984e-17
-72.5851 -2.084 4.03533e-17
-76.1058 -2.26503 4.7778e-17
-79.6564 -2.44814 5.52879e-17
-83.2397 -2.63343 6.2887e-17
-86.8496 -2.82064 7.05652e-17
-90.4948 -3.01022 7.83403e-17
-94.1812 -3.20243 8.62236e-17
-97.906 -3.39715 9.42093e-17
-101.672 -3.59449 1.02303e-16
-105.474 -3.79423 1.10495e-16
-109.311 -3.99628 1.18782e-16
-113.179 -4.20036 1.27152e-16
-117.074 -4.40632 1.35598e-16
-120.99 -4.61383 1.44109e-16
-124.921 -4.82269 1.52675e-16
-128.86 -5.03249 1.6128e-16
-132.807 -5.24296 1.69911e-16
-136.753 -5.45378 1.78558e-16
-140.693 -5.66465 1.87206e-16
-144.622 -5.8753 1.95846e-16
-148.538 -6.08547 2.04465e-16
-152.437 -6.29496 2.13057e-16
-156.315 -6.5036 2.21614e-16
-160.171 -6.71121 2.30129e-16
-164.002 -6.91761 2.38594e-16
-167.804 -7.12255 2.46999e-16
-171.572 -7.32578 2.55334e-16
-175.303 -7.52706 2.63589e-16
-178.993 -7.72615 2.71754e-16
-182.638 -7.92281 2.7982e-16
-186.235 -8.1168 2.87776e-16
-189.781 -8.30792 2.95614e-16
-193.273 -8.49595 3.03326e-16
-196.706 -8.68063 3.109e-16
-200.076 -8.8617 3.18326e-16
-203.379 -9.03892 3.25595e-16
-206.613 -9.21209 3.32697e-16
-209.774 -9.38103 3.39626e-16
-212.86 -9.54555 3.46373e-16
-215.869 -9.70557 3.52936e-16
-218.8 -9.86101 3.59311e-16
-221.654 -10.0119 3.65499e-16
-224.433 -10.1583 3.71504e-16
-227.109 -10.2961 3.77157e-16
-229.677 -10.4245 3.82421e-16
-232.173 -10.5483 3.87499e-16
-234.605 -10.6684 3.92424e-16
-236.976 -10.7846 3.97191e-16
-239.293 -10.8975 4.01822e-16
-241.563 -11.0075 4.0633e-16
-243.797 -11.1151 4.10745e-16
-246.008 -11.221 4.15089e-16
-248.206 -11.326 4.19394e-16
-250.405 -11.4306 4.23686e-16
-252.618 -11.5358 4.27998e-16
-254.857 -11.6421 4.32358e-16
-257.148 -11.7506 4.36807e-16
-259.513 -11.862 4.41377e-16
-261.958 -11.9768 4.46085e-16
-264.558 -12.0957 7.6997e-16
-267.279 -12.2201 7.75099e-16
-270.073 -12.3487 7.80393e-16
-272.945 -12.4815 7.85864e-16
-275.885 -12.617 7.91448e-16
-278.888 -12.7547 7.97119e-16
-281.966 -12.8963 8.02951e-16
-285.124 -13.0426 8.08974e-16
-288.369 -13.1945 8.15227e-16
-291.694 -13.3515 8.21691e-16
-295.08 -13.5118 8.28291e-16
-298.518 -13.6568 1.31707e-15
-302.309 -13.8217 1.60328e-15
-306.221 -13.988 1.08918e-15
-310.858 -14.1649 3.91968e-16
-316.595 -14.3467 3.53529e-16
-322.375 -14.533 1.59695e-15
-328.17 -14.7198 1.09095e-15
-333.961 -14.9064 1.4441e-15
-339.726 -15.0974 1.14425e-15
-345.451 -15.3047 1.13802e-15
-351.074 -15.495 1.24197e-15
-356.543 -15.6863 1.64043e-15
-361.86 -15.8721 5.67755e-16
-367.037 -16.0522 -2.41263e-13
-371.932 -16.2223 -2.43217e-13
-371.565 -16.1368 2.99949e-12
-371.556 -16.0598 -5.44205e-13
-371.536 -15.9931 -2.37023e-14
-371.506 -15.9276 6.82827e-15
-371.468 -15.8666 -2.37789e-14
-371.426 -15.8088 -1.05994e-14
-371.38 -15.7542 1.46762e-14
-371.333 -15.7031 3.60918e-13
-371.285 -15.6557 2.60212e-14
-371.238 -15.6119 -1.94494e-14
-371.193 -15.5719 -1.43765e-14
-371.151 -15.5357 -2.61864e-14
-371.113 -15.5034 -3.04445e-14
-371.079 -15.4749 2.26635e-13
-371.05 -15.4503 -2.71662e-14
-371.027 -15.4294 -2.67295e-14
-371.009 -15.4162 -2.6698e-14
-370.997 -15.4055 -2.66769e-14
-370.99 -15.3973 -2.66651e-14
-370.989 -15.3917 -2.66633e-14
-370.879 -15.3731 -2.71672e-14
-370.629 -15.3561 -2.71679e-14
-370.242 -15.3323 -2.71689e-14
-369.72 -15.3021 -2.71701e-14
-369.072 -15.2656 -2.71716e-14
-368.301 -15.2233 -2.71733e-14
-367.413 -15.1752 -2.71753e-14
-366.412 -15.1217 -2.71775e-14
-365.303 -15.063 -2.71799e-14
-364.087 -14.9992 -2.71825e-14
-362.769 -14.9305 -2.71853e-14
-361.349 -14.857 -2.71884e-14
-359.828 -14.7787 -2.71916e-14
-358.205 -14.6954 -2.7195e-14
-356.477 -14.6072 -2.71986e-14
-354.644 -14.5138 -2.72024e-14
-352.703 -14.4152 -2.72065e-14
-350.653 -14.3112 -2.72107e-14
-348.491 -14.2018 -2.72152e-14
-346.215 -14.0866 -2.722e-14
-343.82 -13.9656 -2.72249e-14
-341.301 -13.8384 -2.72301e-14
-338.654 -13.7046 -2.72356e-14
-335.874 -13.5641 -2.72414e-14
-332.957 -13.4167 -2.72474e-14
-329.902 -13.2622 -2.72538e-14
-326.705 -13.1005 -2.72604e-14
-323.366 -12.9314 -2.72673e-14
-319.881 -12.7548 -2.72746e-14
-316.25 -12.5706 -2.72821e-14
-312.471 -12.3788 -2.729e-14
-308.543 -12.1793 -2.72982e-14
-304.468 -11.9721 -2.73067e-14
-300.247 -11.7573 -2.73155e-14
-295.882 -11.5351 -2.73246e-14
-291.377 -11.3055 -2.7334e-14
-286.732 -11.0687 -2.73437e-14
-281.951 -10.8248 -2.73537e-14
-277.036 -10.5738 -2.7364e-14
-271.99 -10.3161 -2.73746e-14
-266.819 -10.0518 -2.73854e-14
-261.528 -9.78125 -2.73965e-14
-256.123 -9.50475 -2.74079e-14
-250.611 -9.22263 -2.74194e-14
-244.998 -8.93522 -2.74312e-14
-239.29 -8.64287 -2.74432e-14
-233.495 -8.34592 -2.74554e-14
-227.62 -8.04473 -2.74678e-14
-221.673 -7.73977 -2.74803e-14
-215.663 -7.43151 -2.74929e-14
-209.601 -7.12041 -2.75057e-14
-203.495 -6.80698 -2.75185e-14
-197.358 -6.49184 -2.75314e-14
-191.203 -6.17564 -2.75444e-14
-185.041 -5.85901 -2.75574e-14
-178.885 -5.54256 -2.75704e-14
-172.746 -5.22692 -2.75833e-14
-166.637 -4.91271 -2.75962e-14
-160.57 -4.60049 -2.7609e-14
-154.555 -4.29084 -2.76217e-14
-148.603 -3.9843 -2.76343e-14
-142.725 -3.68142 -2.76467e-14
-136.93 -3.38268 -2.7659e-14
-131.229 -3.08858 -2.7671e-14
-125.631 -2.79963 -2.76829e-14
-120.147 -2.51632 -2.76945e-14
-114.785 -2.23912 -2.77059e-14
-109.554 -1.96848 -2.7717e-14
-104.463 -1.70485 -2.77278e-14
-99.5217 -1.44878 -2.77383e-14
-94.7381 -1.20069 -2.77484e-14
-90.1191 -0.960843 -2.77583e-14
-85.6727 -0.729663 -2.77678e-14
-81.4069 -0.50756 -2.77769e-14
-77.3303 -0.29509 -2.77856e-14
-73.4473 -0.0924118 -2.77939e-14
-69.7576 0.100598 -2.78018e-14
-66.261 0.28389 -2.78093e-14
-62.9556 0.457624 -2.78165e-14
-59.8378 0.621975 -2.78232e-14
-56.9001 0.777348 -2.78296e-14
-54.1352 0.924159 -2.78356e-14
-51.5121 1.06357 -2.78413e-14
-49.0705 1.19164 -2.78466e-14
-46.7855 1.31154 -2.78515e-14
-44.6107 1.42665 -2.78562e-14
-42.552 1.536 -2.78607e-14
-40.5793 1.64164 -2.7865e-14
-38.6845 1.74368 -2.78692e-14
-36.8432 1.84361 -2.78733e-14
-35.0424 1.94195 -2.78773e-14
-33.2624 2.03984 -2.78813e-14
-31.489 2.13792 -2.78854e-14
-29.7057 2.2371 -2.78894e-14
-27.8989 2.33802 -2.78936e-14
-26.0546 2.44141 -2.78978e-14
-24.1599 2.5479 -2.79022e-14
-22.2023 2.6581 -2.79067e-14
-20.1708 2.77254 -2.79114e-14
-18.0557 2.89169 -2.79163e-14
-15.8495 3.01587 -2.79214e-14
-13.546 3.14536 -2.79267e-14
-11.1403 3.28034 -2.79322e-14
-8.62899 3.42093 -2.7938e-14
-6.00996 3.56717 -2.7944e-14
-3.28163 3.71904 -2.79502e-14
-0.401954 3.877 -2.79567e-14
2.61228 4.04028 -2.79634e-14
5.70724 4.20783 -2.79703e-14
8.88161 4.37925 -2.79773e-14
12.1217 4.55364 -2.79844e-14
15.4154 4.73038 -2.79917e-14
18.75 4.90866 -2.7999e-14
22.08 5.08325 -2.80062e-14
25.3831 5.25239 -2.80131e-14
28.6844 5.42044 -2.802e-14
31.9749 5.58711 -2.80268e-14
35.237 5.75123 -2.80336e-14
38.4604 5.91233 -2.80402e-14
41.6318 6.06957 -2.80466e-14
44.7426 6.22255 -2.80529e-14
47.7837 6.3707 -2.8059e-14
50.7486 6.51373 -2.80648e-14
53.6315 6.65131 -2.80705e-14
56.4291 6.78329 -2.80759e-14
59.1392 6.90958 -2.80811e-14
61.7611 7.03018 -2.8086e-14
64.2963 7.1452 -2.80907e-14
66.7494 7.25496 -2.80952e-14
69.1273 7.35988 -2.80995e-14
71.4377 7.46042 -2.81037e-14
73.6902 7.55718 -2.81076e-14
75.8972 7.65089 -2.81115e-14
78.0731 7.74237 -2.81152e-14
80.2319 7.83247 -2.81189e-14
82.3881 7.92203 -2.81226e-14
84.5563 8.0119 -2.81263e-14
86.7835 8.1038 -2.83269e-14
89.0833 8.19864 -2.83297e-14
91.4365 8.29629 -2.83326e-14
93.8571 8.39746 -2.83357e-14
96.3578 8.50286 -2.83389e-14
98.9499 8.61315 -2.83422e-14
101.643 8.7289 -2.83458e-14
104.445 8.85053 -2.83496e-14
107.36 8.97838 -2.83536e-14
110.394 9.11271 -2.83578e-14
113.561 9.25398 -2.7972e-14
116.841 9.40415 -2.79761e-14
120.241 9.56105 -2.79804e-14
123.761 9.72464 -2.7985e-14
127.395 9.89472 -2.79898e-14
131.117 10.0572 -2.80253e-14
134.936 10.2383 -2.80309e-14
138.848 10.4245 -2.80366e-14
142.986 10.6147 -2.79776e-14
147.302 10.8163 -2.81265e-14
151.675 11.0233 -2.80552e-14
156.092 11.233 -2.81307e-14
160.538 11.4444 -2.79853e-14
164.994 11.6569 -2.81827e-14
169.442 11.8693 -2.82355e-14
173.863 12.0808 -2.82554e-14
178.237 12.2903 -2.84207e-14
182.545 12.497 -2.77557e-14
186.769 12.6998 -2.82466e-14
190.856 12.8965 -2.83351e-14
194.975 13.0888 -2.83581e-14
199.262 13.2737 -2.82369e-14
203.346 13.4508 -2.75298e-14
207.231 13.6195 -2.80269e-14
210.902 13.779 -2.82454e-14
214.343 13.9287 6.77935e-14
217.543 14.0682 -2.78054e-14
220.487 14.1969 -2.79949e-14
223.165 14.3142 -2.86252e-14
225.564 14.4197 -2.78767e-14
227.674 14.5129 -1.95994e-14
229.482 14.5932 -2.88164e-14
230.977 14.6598 -2.8068e-14
232.148 14.7123 -2.77836e-14
232.987 14.752 -2.77888e-14
233.486 14.7757 -2.77928e-14
233.65 14.7815 -2.82383e-14
233.505 14.7747 -2.82473e-14
233.058 14.7527 -2.82464e-14
232.304 14.7152 -2.82449e-14
231.239 14.6619 -2.82427e-14
229.861 14.5928 -2.82398e-14
228.168 14.5076 -2.82363e-14
226.159 14.4064 -2.82322e-14
223.838 14.2892 -2.82274e-14
221.207 14.1562 -2.82219e-14
218.272 14.0076 -2.82158e-14
215.042 13.8439 -2.82091e-14
211.524 13.6655 -2.82018e-14
207.729 13.4728 -2.81939e-14
203.669 13.2666 -2.81854e-14
199.356 13.0474 -2.81765e-14
194.806 12.8161 -2.8167e-14
190.035 12.5736 -2.8157e-14
185.065 12.3209 -2.81467e-14
179.914 12.0591 -2.81359e-14
174.604 11.7893 -2.81249e-14
169.157 11.5127 -2.81135e-14
163.592 11.2304 -2.81019e-14
157.932 10.9435 -2.80902e-14
152.199 10.6533 -2.80783e-14
146.415 10.3609 -2.80663e-14
140.603 10.0675 -2.80542e-14
134.785 9.77439 -2.80422e-14
128.982 9.48267 -2.80303e-14
123.217 9.19347 -2.80184e-14
117.508 8.9079 -2.80067e-14
111.877 8.62697 -2.79952e-14
106.341 8.35169 -2.79839e-14
100.92 8.0831 -2.79729e-14
95.6343 7.82219 -2.79622e-14
90.5009 7.56987 -2.79518e-14
85.5355 7.32695 -2.79418e-14
80.7525 7.09412 -2.79323e-14
76.1641 6.872 -2.79232e-14
71.7805 6.66106 -2.79145e-14
67.6101 6.46167 -2.79064e-14
63.6596 6.27411 -2.78987e-14
59.9342 6.09858 -2.78915e-14
56.4367 5.93511 -2.78848e-14
53.1681 5.78368 -2.78785e-14
50.1275 5.64411 -2.78728e-14
47.3118 5.51614 -2.78676e-14
44.7169 5.39942 -2.78628e-14
42.3374 5.29356 -2.78584e-14
40.1675 5.19812 -2.78545e-14
38.2009 5.11265 -2.7851e-14
36.4303 5.03664 -2.78479e-14
34.848 4.96958 -2.78452e-14
33.4461 4.91091 -2.78428e-14
32.2162 4.86011 -2.78407e-14
31.1501 4.81662 -2.78389e-14
30.2391 4.77989 -2.78374e-14
29.4725 4.74928 -2.78361e-14
28.8395 4.72414 -2.78351e-14
28.3303 4.70386 -2.78343e-14
27.9355 4.68791 -2.78336e-14
27.6473 4.67583 -2.78331e-14
27.459 4.66724 -2.78328e-14
27.3649 4.66181 -2.78325e-14
27.3594 4.65924 -2.78324e-14
27.435 4.65917 -2.78324e-14
27.5844 4.6612 -2.78325e-14
27.8014 4.66505 -2.78327e-14
28.0807 4.67049 -2.78329e-14
28.4175 4.67731 -2.78332e-14
28.8074 4.68536 -2.78335e-14
29.2474 4.69457 -2.78339e-14
29.7347 4.70486 -2.78343e-14
30.2646 4.71609 -2.78348e-14
30.8324 4.72812 -2.78353e-14
31.4342 4.74086 -2.78358e-14
32.0665 4.75424 -2.78363e-14
32.7253 4.76817 -2.78369e-14
33.4068 4.78258 -2.78375e-14
34.1075 4.79741 -2.78381e-14
34.825 4.81268 -2.78387e-14
35.5582 4.82845 -2.78394e-14
36.3064 4.84483 -2.784e-14
37.0691 4.86193 -2.78407e-14
37.8465 4.87987 -2.78415e-14
38.6391 4.89882 -2.78423e-14
39.4471 4.91891 -2.78431e-14
40.2731 4.9403 -2.7844e-14
41.1149 4.96307 -2.78449e-14
41.9736 4.98723 -2.78459e-14
42.8476 5.01292 -2.78469e-14
43.7331 5.04015 -2.78481e-14
44.6296 5.0689 -2.78492e-14
45.5339 5.09913 -2.78505e-14
46.4443 5.13079 -2.78518e-14
47.3568 5.16375 -2.78531e-14
48.268 5.19787 -2.78545e-14
49.1753 5.23308 -2.7856e-14
50.076 5.26927 -2.78575e-14
50.9667 5.30627 -2.7859e-14
51.843 5.3439 -2.78605e-14
52.7001 5.3819 -2.78621e-14
53.5327 5.42001 -2.78636e-14
54.3345 5.45789 -2.78652e-14
55.0992 5.49521 -2.78667e-14
55.8208 5.53163 -2.78682e-14
56.4934 5.56682 -2.78697e-14
57.1106 5.60043 -2.7871e-14
57.6653 5.63204 -2.78723e-14
58.1502 5.66123 -2.78735e-14
58.5574 5.68755 -2.78746e-14
58.879 5.71054 -2.78755e-14
59.1076 5.72976 -2.78763e-14
59.2369 5.74482 -2.7877e-14
59.2613 5.75537 -2.78774e-14
59.1755 5.76109 -2.78776e-14
58.977 5.76175 -2.78776e-14
58.6587 5.75695 -2.78775e-14
58.2151 5.74632 -2.7877e-14
57.6432 5.72964 -2.78763e-14
56.9387 5.70663 -2.78754e-14
56.0986 5.67706 -2.78742e-14
55.1197 5.64067 -2.78727e-14
54 5.59731 -2.78709e-14
52.7377 5.54681 -2.78688e-14
51.3317 5.48903 -2.78665e-14
49.7812 5.42387 -2.78638e-14
48.0866 5.35128 -2.78608e-14
46.2489 5.27123 -2.78575e-14
44.2691 5.18372 -2.78539e-14
42.1487 5.08874 -2.785e-14
39.8904 4.9864 -2.78458e-14
37.5002 4.87686 -2.78414e-14
34.9828 4.76037 -2.78366e-14
32.3449 4.63726 -2.78315e-14
29.5959 4.50794 -2.78262e-14
26.7471 4.37283 -2.78207e-14
23.8083 4.23249 -2.78149e-14
20.7894 4.08749 -2.7809e-14
17.7075 3.93862 -2.78029e-14
14.5733 3.78645 -2.77966e-14
11.3998 3.63162 -2.77903e-14
8.20277 3.47496 -2.77839e-14
4.99704 3.31722 -2.77774e-14
1.79972 3.1593 -2.77709e-14
-1.37282 3.00203 -2.77645e-14
-4.50282 2.84636 -2.77581e-14
-7.57285 2.6932 -2.77518e-14
-10.565 2.54349 -2.77457e-14
-13.4622 2.39814 -2.77397e-14
-16.2475 2.25805 -2.7734e-14
-18.9042 2.12412 -2.77285e-14
-21.4156 1.99722 -2.77233e-14
-23.7649 1.87827 -2.77184e-14
-25.9358 1.76815 -2.77139e-14
-27.9126 1.6677 -2.77097e-14
-29.681 1.57769 -2.7706e-14
-31.229 1.49878 -2.77028e-14
-32.5465 1.43152 -2.77001e-14
-33.6243 1.37642 -2.76978e-14
-34.4551 1.33387 -2.7696e-14
-35.0339 1.30416 -2.76948e-14
-35.3576 1.28747 -2.76941e-14
-35.4248 1.28389 -2.7694e-14
-35.2354 1.29343 -2.76944e-14
-34.792 1.31597 -2.76953e-14
-34.0988 1.3513 -2.76968e-14
-33.1613 1.39913 -2.76987e-14
-31.987 1.45908 -2.77012e-14
-30.5851 1.53066 -2.77041e-14
-28.9662 1.61331 -2.77075e-14
-27.1425 1.7064 -2.77113e-14
-25.1272 1.80922 -2.77155e-14
-22.9353 1.921 -2.77201e-14
-20.5828 2.04087 -2.7725e-14
-18.0865 2.16796 -2.77303e-14
-15.4637 2.30133 -2.77357e-14
-12.7319 2.44009 -2.77414e-14
-9.90863 2.58329 -2.77473e-14
-7.01179 2.72998 -2.77533e-14
-4.0594 2.87924 -2.77594e-14
-1.06908 3.03011 -2.77656e-14
1.94176 3.18169 -2.77718e-14
4.95582 3.33308 -2.7778e-14
7.95724 3.48344 -2.77842e-14
10.933 3.6321 -2.77903e-14
13.8718 3.77847 -2.77963e-14
16.7627 3.92199 -2.78022e-14
19.595 4.06212 -2.78079e-14
22.3585 4.19834 -2.78135e-14
25.043 4.33014 -2.78189e-14
27.6394 4.45704 -2.78241e-14
30.1396 4.57867 -2.78291e-14
32.5379 4.69474 -2.78339e-14
34.8302 4.80506 -2.78384e-14
37.0128 4.90948 -2.78427e-14
39.0831 5.00789 -2.78467e-14
41.0387 5.1002 -2.78505e-14
42.8785 5.18639 -2.78541e-14
44.6017 5.26644 -2.78573e-14
46.2084 5.34042 -2.78604e-14
47.7003 5.40844 -2.78632e-14
49.0799 5.47068 -2.78657e-14
50.3501 5.52732 -2.7868e-14
51.5134 5.57855 -2.78701e-14
52.571 5.62446 -2.7872e-14
53.5235 5.66513 -2.78737e-14
54.372 5.70064 -2.78751e-14
55.1178 5.73111 -2.78764e-14
55.763 5.75668 -2.78774e-14
56.3098 5.77751 -2.78783e-14
56.761 5.79376 -2.7879e-14
57.1202 5.80568 -2.78795e-14
57.3935 5.81361 -2.78798e-14
57.5881 5.81796 -2.788e-14
57.7111 5.81915 -2.788e-14
57.7685 5.81751 -2.78799e-14
57.7645 5.81331 -2.78798e-14
57.702 5.8067 -2.78795e-14
57.5837 5.79786 -2.78791e-14
57.4126 5.78696 -2.78787e-14
57.1927 5.77422 -2.78782e-14
56.9281 5.75988 -2.78776e-14
56.6226 5.74413 -2.78769e-14
56.2785 5.72711 -2.78762e-14
55.8962 5.70883 -2.78755e-14
55.4745 5.68923 -2.78747e-14
55.0117 5.6682 -2.78738e-14
54.5067 5.64568 -2.78729e-14
53.9594 5.62163 -2.78719e-14
53.3701 5.59606 -2.78709e-14
52.7388 5.56893 -2.78697e-14
52.0638 5.54015 -2.78686e-14
51.3408 5.50943 -2.78673e-14
50.5639 5.47644 -2.78659e-14
49.727 5.44082 -2.78645e-14
48.8245 5.40222 -2.78629e-14
47.8515 5.36035 -2.78612e-14
46.8039 5.31493 -2.78593e-14
45.6774 5.26569 -2.78573e-14
44.4671 5.21234 -2.78551e-14
43.1666 5.15447 -2.78527e-14
41.7687 5.09167 -2.78502e-14
40.2668 5.02353 -2.78474e-14
38.6558 4.94973 -2.78443e-14
36.9331 4.87008 -2.78411e-14
35.0976 4.78449 -2.78376e-14
33.1491 4.6929 -2.78338e-14
31.0874 4.59525 -2.78298e-14
28.9114 4.49147 -2.78256e-14
26.6205 4.38146 -2.7821e-14
24.2146 4.26521 -2.78163e-14
21.695 4.14273 -2.78112e-14
19.0641 4.01415 -2.7806e-14
16.3257 3.87962 -2.78005e-14
13.4841 3.73937 -2.77947e-14
10.5444 3.59364 -2.77887e-14
7.51116 3.44266 -2.77825e-14
4.38963 3.28671 -2.77761e-14
1.18561 3.12608 -2.77696e-14
-2.09445 2.9611 -2.77628e-14
-5.4436 2.79215 -2.77559e-14
-8.85441 2.61963 -2.77488e-14
-12.3189 2.44395 -2.77416e-14
-15.8291 2.26556 -2.77343e-14
-19.3773 2.08487 -2.77268e-14
-22.9557 1.90231 -2.77194e-14
-26.5566 1.71829 -2.77118e-14
-30.1724 1.53324 -2.77042e-14
-33.7966 1.34751 -2.76966e-14
-37.4235 1.16143 -2.7689e-14
-41.0665 0.973133 -2.76813e-14
-44.7064 0.784505 -2.76735e-14
-48.3287 0.596891 -2.76658e-14
-51.9367 0.409717 -2.76581e-14
-55.5212 0.223781 -2.76505e-14
-59.0824 0.0388951 -2.76429e-14
-62.6135 -0.144424 -2.76354e-14
-66.1128 -0.326168 -2.7628e-14
-69.5757 -0.506001 -2.76206e-14
-72.9998 -0.683826 -2.76133e-14
-76.3796 -0.859297 -2.76061e-14
-79.7107 -1.03219 -2.7599e-14
-82.9885 -1.20222 -2.7592e-14
-86.2096 -1.36922 -2.75852e-14
-89.3706 -1.53297 -2.75785e-14
-92.4693 -1.69336 -2.75719e-14
-95.5037 -1.85026 -2.75655e-14
-98.473 -2.00363 -2.75592e-14
-101.377 -2.15351 -2.7553e-14
-104.215 -2.29982 -2.7547e-14
-106.979 -2.44217 -2.75412e-14
-109.677 -2.58093 -2.75355e-14
-112.311 -2.71624 -2.75299e-14
-114.881 -2.84805 -2.75245e-14
-117.39 -2.97657 -2.75193e-14
-119.838 -3.10185 -2.75141e-14
-122.229 -3.22407 -2.75091e-14
-124.564 -3.34329 -2.75042e-14
-126.845 -3.45972 -2.74994e-14
-129.079 -3.5736 -2.74948e-14
-131.268 -3.68519 -2.74902e-14
-133.418 -3.7948 -2.74857e-14
-135.533 -3.90281 -2.74813e-14
-137.62 -4.00953 -2.74769e-14
-139.689 -4.11539 -2.74726e-14
-141.746 -4.22084 -2.74682e-14
-143.799 -4.32631 -2.74639e-14
-145.857 -4.43228 -2.74596e-14
-147.93 -4.53926 -2.74552e-14
-150.024 -4.64777 -2.74507e-14
-152.151 -4.7583 -2.74462e-14
-154.32 -4.87138 -2.74416e-14
-156.539 -4.9875 -2.74368e-14
-158.818 -5.