-5.33961 6.63751e-06 -2.72224e-22
-10.6792 1.31722e-05 -5.40229e-22
-16.0189 1.96033e-05 -8.03989e-22
-21.3585 2.59303e-05 -1.06348e-21
-26.6981 3.21524e-05 -1.31866e-21
-32.0378 3.8269e-05 -1.56952e-21
-37.3774 4.42794e-05 -1.81603e-21
-42.7171 5.0183e-05 -2.05815e-21
-48.0567 5.59789e-05 -2.29586e-21
-53.3964 6.16666e-05 -2.52913e-21
-53.3965 7.57031e-05 -3.1048e-21
-53.397 0.00013772 -5.64828e-21
-53.398 0.000277572 -1.1384e-20
-53.3998 0.000514216 -2.10895e-20
-53.4023 0.000847957 -3.47772e-20
-53.4052 0.0012417 -5.09256e-20
-53.4081 0.00163836 -6.71939e-20
-53.4107 0.00198114 -8.12524e-20
-53.4124 0.0022065 -9.0495e-20
-53.4126 0.00223622 -9.17137e-20
-53.4108 0.00198561 -8.14355e-20
-53.4062 0.00137261 -5.62946e-20
-53.3985 0.000329306 -1.35058e-20
-53.3873 -0.00118602 4.86422e-20
-53.3723 -0.00319926 1.31211e-19
-53.3535 -0.00573242 2.35103e-19
-53.3308 -0.00878957 3.60485e-19
-53.3043 -0.0123413 5.06153e-19
-53.2745 -0.0163394 6.70126e-19
-53.2417 -0.0207331 8.50324e-19
-53.2065 -0.0254443 1.04355e-18
-53.1698 -0.0303404 1.24435e-18
-53.1329 -0.0352604 1.44613e-18
-53.0968 -0.040046 1.6424e-18
-53.0627 -0.044551 1.82717e-18
-53.0314 -0.0486528 1.99539e-18
-53.0038 -0.052244 2.14268e-18
-52.9806 -0.0552242 2.2649e-18
-52.9624 -0.0575058 2.35848e-18
-52.9498 -0.0590222 2.42067e-18
-52.9432 -0.0597212 2.44934e-18
-52.9428 -0.059559 2.44269e-18
-52.9489 -0.0585124 2.39976e-18
-52.9615 -0.0565924 2.32102e-18
-52.9802 -0.0538314 2.20778e-18
-53.0049 -0.0502683 2.06165e-18
-53.0352 -0.0459515 1.8846e-18
-53.0707 -0.0409433 1.6792e-18
-53.1109 -0.0353143 1.44834e-18
-53.1552 -0.0291374 1.19501e-18
-53.2033 -0.0224788 9.21921e-19
-53.2549 -0.0153879 6.31104e-19
-53.3095 -0.00790473 3.24196e-19
-53.367 -6.79982e-05 2.7888e-21
-53.427 0.00806485 -3.30763e-19
-53.4888 0.016397 -6.72487e-19
-53.5515 0.0248128 -1.01764e-18
-53.6143 0.0332015 -1.36169e-18
-53.6765 0.0414503 -1.69999e-18
-53.737 0.0494361 -2.02752e-18
-53.795 0.057035 -2.33917e-18
-53.8497 0.0641315 -2.63022e-18
-53.9001 0.0706149 -2.89612e-18
-53.9455 0.076376 -3.1324e-18
-53.9851 0.0813107 -3.33479e-18
-54.0181 0.0853257 -3.49946e-18
-54.044 0.0883582 -3.62382e-18
-54.0628 0.0903966 -3.70742e-18
-54.0746 0.0914612 -3.75109e-18
-54.0795 0.0915809 -3.756e-18
-54.0778 0.0908065 -3.72424e-18
-54.0702 0.0892255 -3.65939e-18
-54.0574 0.0869461 -3.56591e-18
-54.0401 0.0840798 -3.44836e-18
-54.0193 0.0807505 -3.31181e-18
-53.9961 0.0771056 -3.16232e-18
-53.9715 0.073303 -3.00637e-18
-53.9466 0.0694967 -2.85026e-18
-53.9224 0.0658254 -2.69969e-18
-53.8998 0.0624021 -2.55929e-18
-53.8795 0.0593213 -2.43294e-18
-53.8619 0.0566686 -2.32414e-18
-53.8477 0.0545067 -2.23548e-18
-53.837 0.0528597 -2.16793e-18
-53.8298 0.0517271 -2.12148e-18
-53.826 0.0510992 -2.09573e-18
-53.8255 0.0509462 -2.08945e-18
-53.8277 0.0512048 -2.10006e-18
-53.8321 0.0517924 -2.12416e-18
-53.8381 0.0526211 -2.15814e-18
-53.8452 0.0536236 -2.19926e-18
-53.8533 0.0547808 -2.24672e-18
-53.8625 0.0560987 -2.30077e-18
-53.8729 0.0575818 -2.36159e-18
-53.8844 0.059235 -2.4294e-18
-53.8973 0.061066 -2.50449e-18
-53.9116 0.0630839 -2.58725e-18
-53.9274 0.0652984 -2.67808e-18
-53.9447 0.0677025 -2.77668e-18
-53.9631 0.0702538 -2.88131e-18
-53.9823 0.0728921 -2.98952e-18
-54.0019 0.0755603 -3.09895e-18
-54.0214 0.0782078 -3.20753e-18
-54.0405 0.0807943 -3.31361e-18
-54.0592 0.0832869 -3.41584e-18
-54.077 0.085657 -3.51304e-18
-54.0939 0.0878857 -3.60444e-18
-54.1099 0.0899696 -3.68991e-18
-54.1249 0.0919156 -3.76972e-18
-54.1391 0.0937333 -3.84427e-18
-54.1526 0.0954414 -3.91433e-18
-54.1655 0.0970741 -3.98129e-18
-54.1782 0.0986741 -4.04691e-18
-54.1911 0.100284 -4.11293e-18
-54.2041 0.101924 -4.18018e-18
-54.2172 0.103566 -4.24752e-18
-54.2298 0.105157 -4.31278e-18
-54.2416 0.106643 -4.37373e-18
-54.2521 0.107955 -4.42756e-18
-54.2604 0.108995 -4.47021e-18
-54.2658 0.109649 -4.49703e-18
-54.2675 0.109804 -4.50339e-18
-54.2647 0.109367 -4.48547e-18
-54.257 0.108284 -4.44104e-18
-54.2441 0.106522 -4.36877e-18
-54.226 0.104052 -4.26748e-18
-54.2025 0.10087 -4.13696e-18
-54.174 0.0970202 -3.97908e-18
-54.141 0.0925752 -3.79678e-18
-54.1041 0.0876089 -3.59309e-18
-54.0639 0.0822124 -3.37177e-18
-54.0214 0.0765112 -3.13795e-18
-53.9777 0.0706483 -2.89749e-18
-53.9338 0.064766 -2.65624e-18
-53.8907 0.0589932 -2.41948e-18
-53.8492 0.0534322 -2.19141e-18
-53.8099 0.0481701 -1.97559e-18
-53.7734 0.0432909 -1.77548e-18
-53.7403 0.0388614 -1.59382e-18
-53.7109 0.0349147 -1.43195e-18
-53.6851 0.0314652 -1.29048e-18
-53.6632 0.028525 -1.16989e-18
-53.6453 0.0261051 -1.07065e-18
-53.6314 0.024217 -9.93208e-19
-53.6216 0.0228713 -9.38019e-19
-53.616 0.0220779 -9.0548e-19
-53.6147 0.0218455 -8.95948e-19
-53.6178 0.0221813 -9.09718e-19
-53.6252 0.0230915 -9.47048e-19
-53.6371 0.0245817 -1.00817e-18
-53.6534 0.026645 -1.09279e-18
-53.6737 0.0292495 -1.19961e-18
-53.6979 0.0323499 -1.32676e-18
-53.7255 0.0359003 -1.47238e-18
-53.7562 0.039854 -1.63453e-18
-53.7896 0.0441617 -1.8112e-18
-53.8253 0.0487726 -2.0003e-18
-53.8629 0.0536362 -2.19977e-18
-53.9022 0.0587111 -2.40791e-18
-53.9428 0.0639753 -2.62381e-18
-53.9847 0.0694162 -2.84696e-18
-54.0278 0.0750203 -3.0768e-18
-54.072 0.0807783 -3.31295e-18
-54.1173 0.0866909 -3.55544e-18
-54.1636 0.0927624 -3.80445e-18
-54.2111 0.0989945 -4.06005e-18
-54.2595 0.105373 -4.32166e-18
-54.3086 0.111855 -4.58751e-18
-54.3578 0.118381 -4.85514e-18
-54.4068 0.124887 -5.12197e-18
-54.4549 0.131299 -5.38494e-18
-54.5015 0.137523 -5.6402e-18
-54.5458 0.143453 -5.88343e-18
-54.587 0.148985 -6.11032e-18
-54.6245 0.154027 -6.31707e-18
-54.6577 0.158511 -6.50098e-18
-54.6863 0.162387 -6.65997e-18
-54.71 0.165608 -6.79208e-18
-54.7285 0.168145 -6.8961e-18
-54.742 0.170002 -6.97226e-18
-54.7505 0.171206 -7.02166e-18
-54.7545 0.171788 -7.04553e-18
-54.7541 0.171788 -7.04553e-18
-54.7498 0.171265 -7.02406e-18
-54.7422 0.170287 -6.98397e-18
-54.7317 0.168928 -6.92825e-18
-54.7189 0.16725 -6.85939e-18
-54.7041 0.165286 -6.77885e-18
-54.6873 0.16306 -6.68758e-18
-54.6688 0.160598 -6.5866e-18
-54.6489 0.15793 -6.47716e-18
-54.6277 0.155093 -6.3608e-18
-54.6057 0.152129 -6.23926e-18
-54.5831 0.149084 -6.11437e-18
-54.5602 0.145999 -5.98785e-18
-54.5374 0.14291 -5.86114e-18
-54.5148 0.139847 -5.73553e-18
-54.4927 0.136843 -5.61235e-18
-54.4713 0.133935 -5.49305e-18
-54.4509 0.13116 -5.37926e-18
-54.4318 0.128563 -5.27273e-18
-54.4143 0.126184 -5.17515e-18
-54.3987 0.12405 -5.08765e-18
-54.3848 0.122161 -5.01017e-18
-54.3725 0.120499 -4.94202e-18
-54.3617 0.119046 -4.88241e-18
-54.3523 0.117785 -4.8307e-18
-54.3442 0.116709 -4.78657e-18
-54.3373 0.115812 -4.7498e-18
-54.3315 0.115088 -4.72011e-18
-54.3268 0.11452 -4.69681e-18
-54.3229 0.114074 -4.6785e-18
-54.3194 0.113705 -4.66337e-18
-54.3161 0.113367 -4.6495e-18
-54.3124 0.113005 -4.63465e-18
-54.3078 0.112549 -4.61598e-18
-54.3019 0.111924 -4.59031e-18
-54.2939 0.111049 -4.55443e-18
-54.2836 0.109871 -4.50612e-18
-54.2709 0.108384 -4.44513e-18
-54.2559 0.106608 -4.3723e-18
-54.2387 0.104564 -4.28846e-18
-54.2197 0.102277 -4.19469e-18
-54.199 0.0997888 -4.09263e-18
-54.1771 0.0971442 -3.98416e-18
-54.1543 0.0943887 -3.87115e-18
-54.131 0.0915712 -3.7556e-18
-54.1075 0.088749 -3.63985e-18
-54.0844 0.0859831 -3.52641e-18
-54.0622 0.0833327 -3.41772e-18
-54.041 0.0808287 -3.31502e-18
-54.0207 0.0784457 -3.21728e-18
-54.001 0.0761281 -3.12223e-18
-53.9813 0.0738202 -3.02758e-18
-53.9614 0.0714634 -2.93092e-18
-53.9407 0.0689927 -2.82959e-18
-53.9188 0.0663417 -2.72086e-18
-53.8952 0.063447 -2.60214e-18
-53.8696 0.0602649 -2.47164e-18
-53.842 0.0567884 -2.32906e-18
-53.8125 0.053032 -2.175e-18
-53.7813 0.0490154 -2.01026e-18
-53.7485 0.0447665 -1.836e-18
-53.7145 0.0403264 -1.6539e-18
-53.6796 0.0357444 -1.46598e-18
-53.6442 0.0310738 -1.27443e-18
-53.6087 0.0263732 -1.08164e-18
-53.5737 0.0217086 -8.9033e-19
-53.5396 0.01715 -7.03372e-19
-53.5069 0.0127691 -5.23698e-19
-53.4762 0.00864204 -3.54435e-19
-53.4482 0.00485388 -1.99072e-19
-53.4234 0.00149329 -6.1244e-20
-53.4024 -0.00135347 5.55097e-20
-53.386 -0.00360291 1.47766e-19
-53.3746 -0.00517463 2.12227e-19
-53.3688 -0.00599262 2.45774e-19
-53.3692 -0.00598652 2.45525e-19
-53.376 -0.00511134 2.09631e-19
-53.3892 -0.00336829 1.38143e-19
-53.4087 -0.000786214 3.22449e-20
-53.4341 0.00259977 -1.06624e-19
-53.4649 0.00671289 -2.75315e-19
-53.4999 0.0113962 -4.67392e-19
-53.5377 0.0164496 -6.74645e-19
-53.5767 0.021671 -8.88792e-19
-53.6156 0.0268582 -1.10153e-18
-53.6526 0.0318083 -1.30455e-18
-53.6865 0.036321 -1.48963e-18
-53.7157 0.0402009 -1.64875e-18
-53.739 0.0432761 -1.77488e-18
-53.7554 0.0454169 -1.86268e-18
-53.7642 0.0465204 -1.90794e-18
-53.7646 0.046493 -1.90681e-18
-53.7563 0.0452947 -1.85767e-18
-53.7398 0.0429881 -1.76307e-18
-53.7159 0.0396928 -1.62792e-18
-53.6856 0.0355352 -1.4574e-18
-53.6499 0.0306639 -1.25762e-18
-53.6102 0.0252679 -1.03631e-18
-53.5681 0.0195569 -8.02085e-19
-53.5249 0.0137397 -5.63506e-19
-53.4823 0.00801013 -3.28518e-19
-53.4413 0.00253297 -1.03885e-19
-53.4031 -0.00254617 1.04426e-19
-53.3685 -0.00708932 2.90754e-19
-53.3386 -0.0109818 4.50395e-19
-53.3138 -0.014149 5.80292e-19
-53.2945 -0.0165426 6.78458e-19
-53.2809 -0.0181239 7.43312e-19
-53.2732 -0.0188891 7.74697e-19
-53.271 -0.0188962 7.74989e-19
-53.2734 -0.0182391 7.48038e-19
-53.2799 -0.0170186 6.97982e-19
-53.2898 -0.0153295 6.28706e-19
-53.3025 -0.0132473 5.43311e-19
-53.3175 -0.0108381 4.44503e-19
-53.3345 -0.00816994 3.35073e-19
-53.353 -0.00530874 2.17727e-19
-53.3725 -0.0023142 9.49121e-20
-53.3927 0.000758383 -3.11035e-20
-53.4132 0.00385571 -1.58134e-19
-53.4335 0.00691965 -2.83795e-19
-53.4533 0.00987979 -4.05199e-19
-53.472 0.0126618 -5.19297e-19
-53.4891 0.0151966 -6.23258e-19
-53.5043 0.0174555 -7.15899e-19
-53.5181 0.0194867 -7.99208e-19
-53.5311 0.0213823 -8.76951e-19
-53.5441 0.0232386 -9.53081e-19
-53.5577 0.0251557 -1.03171e-18
-53.5728 0.0272377 -1.1171e-18
-53.5902 0.0295906 -1.21359e-18
-53.6105 0.0323207 -1.32557e-18
-53.6344 0.0355008 -1.45599e-18
-53.6619 0.0391337 -1.60499e-18
-53.6926 0.0431842 -1.77111e-18
-53.7263 0.0476157 -1.95286e-18
-53.7625 0.052352 -2.14711e-18
-53.7998 0.0572354 -2.34739e-18
-53.837 0.0620659 -2.5455e-18
-53.8724 0.0666457 -2.73333e-18
-53.9046 0.0707854 -2.90312e-18
-53.9325 0.0743101 -3.04767e-18
-53.9546 0.0770557 -3.16028e-18
-53.9699 0.0788654 -3.2345e-18
-53.9775 0.0796278 -3.26577e-18
-53.9773 0.0793178 -3.25305e-18
-53.9693 0.0779599 -3.19736e-18
-53.9539 0.0755859 -3.1e-18
-53.9314 0.0722685 -2.96394e-18
-53.903 0.0681577 -2.79534e-18
-53.8702 0.0634457 -2.60209e-18
-53.8343 0.0583264 -2.39214e-18
-53.7965 0.0529738 -2.17261e-18
-53.7579 0.0475194 -1.94891e-18
-53.7193 0.0420702 -1.72542e-18
-53.6812 0.0367299 -1.5064e-18
-53.6445 0.0315799 -1.29518e-18
-53.6092 0.0266599 -1.0934e-18
-53.5757 0.0219847 -9.01657e-19
-53.5438 0.0175645 -7.20372e-19
-53.5135 0.0133809 -5.48787e-19
-53.4843 0.00936058 -3.83904e-19
-53.4553 0.00540071 -2.21499e-19
-53.4258 0.0013963 -5.72662e-20
-53.3952 -0.00274891 1.12741e-19
-53.3628 -0.0071119 2.9168e-19
-53.3281 -0.0117584 4.82245e-19
-53.2907 -0.0167523 6.87062e-19
-53.2503 -0.0221412 9.08073e-19
-53.2067 -0.0279395 1.14588e-18
-53.1599 -0.0341434 1.40032e-18
-53.1101 -0.040746 1.67111e-18
-53.0572 -0.0477392 1.95792e-18
-53.0014 -0.0551148 2.26042e-18
-52.9426 -0.0628633 2.5782e-18
-52.8809 -0.0709735 2.91083e-18
-52.8165 -0.0794314 3.25771e-18
-52.7494 -0.0882197 3.61814e-18
-52.6798 -0.0973187 3.99132e-18
-52.6077 -0.106709 4.37643e-18
-52.5335 -0.116358 4.77217e-18
-52.4576 -0.126209 5.1762e-18
-52.3803 -0.136193 5.58568e-18
-52.3023 -0.146244 5.99789e-18
-52.224 -0.156289 6.40988e-18
-52.146 -0.166242 6.81808e-18
-52.0691 -0.176011 7.21874e-18
-51.9938 -0.185511 7.60834e-18
-51.9209 -0.194652 7.98326e-18
-51.8511 -0.203333 8.33929e-18
-51.7851 -0.211448 8.67211e-18
-51.7238 -0.218902 8.9778e-18
-51.6677 -0.225615 9.25314e-18
-51.6172 -0.231537 9.49598e-18
-51.5727 -0.236632 9.70497e-18
-51.5343 -0.240878 9.8791e-18
-51.5019 -0.244285 1.00188e-17
-51.4752 -0.246924 1.01271e-17
-51.4534 -0.248922 1.0209e-17
-51.4357 -0.250381 1.02689e-17
-51.4213 -0.251405 1.03108e-17
-51.4092 -0.252129 1.03405e-17
-51.3986 -0.25268 1.03631e-17
-51.3886 -0.253187 1.03839e-17
-51.3782 -0.253777 1.04081e-17
-51.3666 -0.254578 1.0441e-17
-51.3528 -0.255713 1.04875e-17
-51.3362 -0.257296 1.05525e-17
-51.3162 -0.259387 1.06382e-17
-51.2932 -0.261941 1.0743e-17
-51.268 -0.264852 1.08623e-17
-51.2415 -0.268004 1.09916e-17
-51.2147 -0.27126 1.11251e-17
-51.1889 -0.274442 1.12557e-17
-51.1656 -0.277353 1.1375e-17
-51.1462 -0.279788 1.14749e-17
-51.1319 -0.281576 1.15482e-17
-51.1237 -0.282606 1.15905e-17
-51.122 -0.282804 1.15986e-17
-51.1273 -0.282099 1.15697e-17
-51.14 -0.280446 1.15019e-17
-51.1598 -0.277859 1.13958e-17
-51.1864 -0.274385 1.12533e-17
-51.2195 -0.270073 1.10765e-17
-51.2588 -0.264964 1.08669e-17
-51.3039 -0.259079 1.06256e-17
-51.3549 -0.252431 1.03529e-17
-51.4116 -0.245033 1.00495e-17
-51.4742 -0.236875 9.71493e-18
-51.543 -0.227881 9.34605e-18
-51.619 -0.217946 8.9386e-18
-51.7028 -0.206972 8.48854e-18
-51.7948 -0.194897 7.9933e-18
-51.8951 -0.181726 7.45311e-18
-52.0033 -0.167503 6.86977e-18
-52.1191 -0.152279 6.24539e-18
-52.2417 -0.136171 5.58478e-18
-52.3699 -0.119347 4.89478e-18
-52.5021 -0.102008 4.18365e-18
-52.6365 -0.084385 3.46087e-18
-52.7717 -0.0666753 2.73455e-18
-52.9065 -0.0490438 2.01143e-18
-53.04 -0.031629 1.29719e-18
-53.171 -0.0145645 5.97331e-19
-53.2989 0.00204674 -8.39426e-20
-53.4233 0.0181634 -7.44935e-19
-53.5442 0.0337784 -1.38535e-18
-53.6616 0.0488919 -2.0052e-18
-53.7756 0.063529 -2.60551e-18
-53.8869 0.0777631 -3.18929e-18
-53.996 0.0916935 -3.76062e-18
-54.1038 0.105423 -4.32372e-18
-54.2107 0.119019 -4.88132e-18
-54.3167 0.132469 -5.43294e-18
-54.4212 0.145721 -5.97642e-18
-54.524 0.158723 -6.50967e-18
-54.6245 0.17141 -7.03003e-18
-54.7219 0.18369 -7.53364e-18
-54.8156 0.195452 -8.01605e-18
-54.9046 0.206592 -8.47294e-18
-54.9884 0.217034 -8.9012e-18
-55.0668 0.226762 -9.30015e-18
-55.14 0.23579 -9.67045e-18
-55.2081 0.244139 -1.00128e-17
-55.2713 0.251843 -1.03288e-17
-55.3302 0.258968 -1.0621e-17
-55.3852 0.2656 -1.0893e-17
-55.4371 0.27182 -1.11481e-17
-55.4866 0.277736 -1.13907e-17
-55.5348 0.283499 -1.16271e-17
-55.583 0.289285 -1.18644e-17
-55.6326 0.295264 -1.21096e-17
-55.6844 0.301574 -1.23684e-17
-55.7395 0.30831 -1.26447e-17
-55.7978 0.315507 -1.29399e-17
-55.8597 0.323186 -1.32548e-17
-55.925 0.331334 -1.3589e-17
-55.9927 0.339811 -1.39366e-17
-56.0614 0.348426 -1.42899e-17
-56.1297 0.35698 -1.46408e-17
-56.1961 0.365265 -1.49806e-17
-56.2589 0.373043 -1.52996e-17
-56.3161 0.380064 -1.55875e-17
-56.3662 0.386088 -1.58346e-17
-56.4076 0.390927 -1.60331e-17
-56.4398 0.394492 -1.61792e-17
-56.4625 0.396751 -1.62719e-17
-56.4757 0.397689 -1.63104e-17
-56.4796 0.397341 -1.62961e-17
-56.4751 0.395842 -1.62346e-17
-56.4638 0.393384 -1.61338e-17
-56.447 0.390167 -1.60019e-17
-56.4261 0.386384 -1.58467e-17
-56.4025 0.382206 -1.56754e-17
-56.3773 0.377795 -1.54944e-17
-56.3515 0.37331 -1.53105e-17
-56.3262 0.36887 -1.51284e-17
-56.3013 0.364498 -1.49491e-17
-56.2768 0.360168 -1.47715e-17
-56.2522 0.355852 -1.45945e-17
-56.2274 0.351509 -1.44164e-17
-56.2019 0.347075 -1.42346e-17
-56.1752 0.342468 -1.40456e-17
-56.1466 0.337614 -1.38465e-17
-56.1156 0.33247 -1.36356e-17
-56.0826 0.327066 -1.34139e-17
-56.048 0.321474 -1.31846e-17
-56.0122 0.315759 -1.29502e-17
-55.9759 0.309998 -1.27139e-17
-55.9396 0.304277 -1.24793e-17
-55.9045 0.298692 -1.22502e-17
-55.8708 0.293332 -1.20304e-17
-55.839 0.288276 -1.1823e-17
-55.8098 0.283583 -1.16306e-17
-55.7833 0.2793 -1.14549e-17
-55.7599 0.275467 -1.12977e-17
-55.7398 0.272109 -1.116e-17
-55.7229 0.26922 -1.10415e-17
-55.7092 0.266775 -1.09412e-17
-55.6985 0.264748 -1.08581e-17
-55.6904 0.263111 -1.07909e-17
-55.6849 0.26184 -1.07388e-17
-55.6818 0.260915 -1.07009e-17
-55.6809 0.260312 -1.06762e-17
-55.6823 0.260032 -1.06647e-17
-55.6864 0.260121 -1.06683e-17
-55.6936 0.260652 -1.06901e-17
-55.7046 0.261696 -1.07329e-17
-55.7199 0.263335 -1.08001e-17
-55.7404 0.265682 -1.08964e-17
-55.767 0.268862 -1.10268e-17
-55.8007 0.272994 -1.11963e-17
-55.8418 0.278137 -1.14072e-17
-55.8899 0.284225 -1.16569e-17
-55.9439 0.291124 -1.19398e-17
-56.0029 0.298697 -1.22504e-17
-56.0654 0.306749 -1.25807e-17
-56.1291 0.314962 -1.29175e-17
-56.1912 0.322959 -1.32455e-17
-56.2488 0.330366 -1.35492e-17
-56.2992 0.336818 -1.38139e-17
-56.3399 0.341958 -1.40247e-17
-56.3681 0.345441 -1.41675e-17
-56.3815 0.346937 -1.42289e-17
-56.3778 0.34615 -1.41966e-17
-56.3551 0.342844 -1.4061e-17
-56.312 0.336817 -1.38139e-17
-56.247 0.327892 -1.34478e-17
-56.1594 0.315963 -1.29586e-17
-56.0491 0.301061 -1.23474e-17
-55.917 0.283296 -1.16188e-17
-55.7639 0.262792 -1.07778e-17
-55.5911 0.239734 -9.83217e-18
-55.4007 0.214425 -8.79421e-18
-55.1954 0.187232 -7.67892e-18
-54.9777 0.158517 -6.50124e-18
-54.7505 0.12866 -5.27672e-18
-54.5166 0.0980727 -4.02224e-18
-54.2791 0.0671759 -2.75508e-18
-54.0411 0.0363735 -1.49178e-18
-53.8052 0.00603679 -2.47586e-19
-53.5738 -0.0235111 9.64256e-19
-53.3491 -0.0519859 2.13209e-18
-53.1328 -0.0791308 3.24538e-18
-52.9265 -0.104744 4.29587e-18
-52.732 -0.128652 5.27639e-18
-52.5492 -0.150821 6.18561e-18
-52.378 -0.171271 7.0243e-18
-52.2185 -0.189987 7.7919e-18
-52.0704 -0.20705 8.49173e-18
-51.9329 -0.222564 9.128e-18
-51.8052 -0.236656 9.70594e-18
-51.6867 -0.249459 1.0231e-17
-51.5764 -0.2611 1.07085e-17
-51.4733 -0.27171 1.11436e-17
-51.3773 -0.281426 1.15421e-17
-51.2871 -0.290355 1.19083e-17
-51.2023 -0.298553 1.22445e-17
-51.1229 -0.306052 1.25521e-17
-51.0487 -0.312875 1.28319e-17
-50.98 -0.319085 1.30866e-17
-50.9169 -0.324617 1.33135e-17
-50.86 -0.32937 1.35084e-17
-50.8097 -0.333303 1.36697e-17
-50.7666 -0.336332 1.3794e-17
-50.7314 -0.338387 1.38782e-17
-50.7047 -0.339381 1.3919e-17
-50.6871 -0.339228 1.39127e-17
-50.6793 -0.337851 1.38562e-17
-50.6817 -0.335202 1.37476e-17
-50.6945 -0.331247 1.35854e-17
-50.7179 -0.325951 1.33682e-17
-50.7527 -0.319298 1.30953e-17
-50.7982 -0.311336 1.27688e-17
-50.8534 -0.302136 1.23915e-17
-50.9182 -0.291765 1.19661e-17
-50.9916 -0.280317 1.14966e-17
-51.0727 -0.267927 1.09885e-17
-51.1603 -0.25476 1.04485e-17
-51.2533 -0.240973 9.883e-18
-51.3504 -0.226735 9.29906e-18
-51.4502 -0.212233 8.70429e-18
-51.5513 -0.197662 8.10671e-18
-51.6528 -0.18321 7.51399e-18
-51.7531 -0.169044 6.933e-18
-51.851 -0.155301 6.36932e-18
-51.9459 -0.14209 5.82752e-18
-52.0368 -0.129513 5.3117e-18
-52.1234 -0.117641 4.82479e-18
-52.2054 -0.106496 4.36769e-18
-52.2829 -0.0960675 3.94e-18
-52.3564 -0.086334 3.54081e-18
-52.4259 -0.0772516 3.16831e-18
-52.492 -0.0687437 2.81938e-18
-52.5553 -0.0607129 2.49001e-18
-52.6167 -0.0530505 2.17575e-18
-52.6766 -0.0456756 1.87329e-18
-52.7352 -0.0385742 1.58204e-18
-52.7923 -0.0317643 1.30274e-18
-52.8477 -0.0252545 1.03576e-18
-52.9012 -0.0190905 7.82957e-19
-52.9516 -0.013405 5.49779e-19
-52.9977 -0.00837154 3.43341e-19
-53.0381 -0.0041525 1.70306e-19
-53.0717 -0.000900481 3.69313e-20
-53.0973 0.00123827 -5.07849e-20
-53.1139 0.00212745 -8.72527e-20
-53.1204 0.00164347 -6.74034e-20
-53.1161 -0.000296673 1.21674e-20
-53.1009 -0.00370632 1.52007e-19
-53.0748 -0.00855757 3.50971e-19
-53.038 -0.0148139 6.0756e-19
-52.991 -0.0224044 9.18868e-19
-52.9346 -0.0311955 1.27942e-18
-52.8699 -0.0410213 1.6824e-18
-52.7982 -0.0517171 2.12107e-18
-52.7206 -0.0630954 2.58773e-18
-52.6388 -0.0749179 3.0726e-18
-52.5547 -0.0869262 3.56509e-18
-52.47 -0.0988765 4.05521e-18
-52.3865 -0.110519 4.53272e-18
-52.3063 -0.121578 4.98627e-18
-52.2312 -0.131773 5.40441e-18
-52.1633 -0.140852 5.77675e-18
-52.104 -0.148617 6.09522e-18
-52.0541 -0.154961 6.35541e-18
-52.014 -0.159837 6.55538e-18
-51.9838 -0.163226 6.69438e-18
-51.9632 -0.165193 6.77506e-18
-51.9508 -0.165943 6.80582e-18
-51.9446 -0.165765 6.79851e-18
-51.9423 -0.164964 6.76565e-18
-51.9416 -0.163879 6.72113e-18
-51.9398 -0.162898 6.68092e-18
-51.934 -0.162437 6.66202e-18
-51.9212 -0.162908 6.68132e-18
-51.8985 -0.164715 6.75545e-18
-51.8633 -0.168257 6.9007e-18
-51.813 -0.173914 7.1327e-18
-51.745 -0.182044 7.46615e-18
-51.6569 -0.192962 7.91392e-18
-51.5475 -0.206916 8.48622e-18
-51.4151 -0.224101 9.19105e-18
-51.2582 -0.244681 1.00351e-17
-51.0762 -0.268771 1.10231e-17
-50.8683 -0.296443 1.2158e-17
-50.6346 -0.327724 1.34409e-17
-50.375 -0.3626 1.48713e-17
-50.09 -0.401007 1.64464e-17
-49.7804 -0.442808 1.81608e-17
-49.4477 -0.487818 2.00068e-17
-49.0933 -0.535819 2.19755e-17
-48.7192 -0.586538 2.40556e-17
-48.3278 -0.639619 2.62326e-17
-47.9225 -0.69465 2.84896e-17
-47.5059 -0.751216 3.08095e-17
-47.0811 -0.808868 3.3174e-17
-46.6518 -0.867107 3.55626e-17
-46.2216 -0.925414 3.79539e-17
-45.7942 -0.983276 4.0327e-17
-45.3734 -1.04018 4.26606e-17
-44.9631 -1.09557 4.49326e-17
-44.5672 -1.14893 4.71208e-17
-44.1895 -1.19973 4.92043e-17
-43.8332 -1.24752 5.11645e-17
-43.501 -1.29193 5.29859e-17
-43.1954 -1.33265 5.46559e-17
-42.9184 -1.36941 5.61635e-17
-42.6714 -1.40202 5.75008e-17
-42.4548 -1.4304 5.86646e-17
-42.2688 -1.45454 5.96551e-17
-42.1131 -1.47451 6.04737e-17
-41.9871 -1.49037 6.11245e-17
-41.8896 -1.50232 6.16144e-17
-41.8193 -1.51056 6.19523e-17
-41.7743 -1.51533 6.2148e-17
-41.7531 -1.51687 6.22112e-17
-41.7545 -1.51535 6.21489e-17
-41.7775 -1.51093 6.19676e-17
-41.821 -1.50377 6.16739e-17
-41.8838 -1.49403 6.12746e-17
-41.9648 -1.48189 6.07766e-17
-42.0629 -1.46751 6.01867e-17
-42.1769 -1.45105 5.95117e-17
-42.3057 -1.43266 5.87574e-17
-42.4487 -1.41244 5.79282e-17
-42.6056 -1.39048 5.70277e-17
-42.7756 -1.36686 5.6059e-17
-42.958 -1.34166 5.50254e-17
-43.1522 -1.31496 5.39303e-17
-43.3581 -1.28684 5.27771e-17
-43.5746 -1.2574 5.15695e-17
-43.8008 -1.22671 5.03108e-17
-44.0363 -1.19484 4.90039e-17
-44.2805 -1.16188 4.76522e-17
-44.5327 -1.1279 4.62584e-17
-44.7923 -1.09297 4.48259e-17
-45.0588 -1.05718 4.33578e-17
-45.3313 -1.02059 4.18574e-17
-45.6093 -0.983308 4.03283e-17
-45.892 -0.945417 3.87743e-17
-46.1785 -0.907031 3.72e-17
-46.4678 -0.868274 3.56104e-17
-46.7591 -0.829273 3.40109e-17
-47.0515 -0.790127 3.24054e-17
-47.3448 -0.750872 3.07954e-17
-47.639 -0.711511 2.91811e-17
-47.9339 -0.67205 2.75627e-17
-48.2304 -0.632482 2.59399e-17
-48.5285 -0.592757 2.43107e-17
-48.8281 -0.552813 2.26725e-17
-49.13 -0.512587 2.10227e-17
-49.4347 -0.472015 1.93587e-17
-49.7428 -0.431013 1.76771e-17
-50.0556 -0.389492 1.59742e-17
-50.3733 -0.347368 1.42466e-17
-50.6961 -0.3046 1.24925e-17
-51.0238 -0.261247 1.07145e-17
-51.3555 -0.217412 8.91669e-18
-51.6907 -0.173198 7.10334e-18
-52.0284 -0.128727 5.27947e-18
-52.3675 -0.0841688 3.452e-18
-52.7066 -0.0397097 1.62861e-18
-53.0445 0.00447564 -1.83559e-19
-53.3801 0.0482468 -1.97874e-18
-53.7129 0.0915194 -3.75348e-18
-54.0425 0.134247 -5.50587e-18
-54.3687 0.176402 -7.23476e-18
-54.6915 0.217977 -8.93985e-18
-55.0111 0.258913 -1.06188e-17
-55.3276 0.299279 -1.22743e-17
-55.6411 0.339191 -1.39112e-17
-55.9522 0.37866 -1.55299e-17
-56.2607 0.41771 -1.71315e-17
-56.5664 0.45633 -1.87154e-17
-56.8694 0.494527 -2.0282e-17
-57.1693 0.532267 -2.18298e-17
-57.465 0.569427 -2.33539e-17
-57.7553 0.605844 -2.48474e-17
-58.0388 0.641352 -2.63037e-17
-58.3153 0.675865 -2.77192e-17
-58.5826 0.709148 -2.90842e-17
-58.8383 0.740936 -3.03879e-17
-59.0815 0.771065 -3.16236e-17
-59.3101 0.799314 -3.27822e-17
-59.5227 0.82548 -3.38553e-17
-59.7176 0.849342 -3.4834e-17
-59.8931 0.870688 -3.57094e-17
-60.0478 0.889331 -3.6474e-17
-60.1806 0.905127 -3.71219e-17
-60.2906 0.917963 -3.76483e-17
-60.377 0.927727 -3.80488e-17
-60.4388 0.934299 -3.83183e-17
-60.4749 0.937525 -3.84506e-17
-60.4842 0.937239 -3.84389e-17
-60.4653 0.933284 -3.82767e-17
-60.4175 0.925539 -3.7959e-17
-60.3402 0.913941 -3.74834e-17
-60.2341 0.898473 -3.6849e-17
-60.0987 0.879116 -3.60551e-17
-59.9339 0.855914 -3.51035e-17
-59.7411 0.829017 -3.40004e-17
-59.5217 0.798632 -3.27542e-17
-59.2777 0.764984 -3.13742e-17
-59.0106 0.728318 -2.98704e-17
-58.7227 0.688913 -2.82543e-17
-58.4178 0.64707 -2.65382e-17
-58.0971 0.603102 -2.4735e-17
-57.7623 0.557321 -2.28573e-17
-57.4162 0.510038 -2.09181e-17
-57.0609 0.461567 -1.89302e-17
-56.6989 0.412222 -1.69064e-17
-56.3323 0.362301 -1.4859e-17
-55.9638 0.312047 -1.27979e-17
-55.5946 0.2617 -1.07331e-17
-55.226 0.21149 -8.67383e-18
-54.8598 0.161621 -6.62854e-18
-54.4982 0.112249 -4.60365e-18
-54.1414 0.0634957 -2.60414e-18
-53.7895 0.0154905 -6.35308e-19
-53.4447 -0.0316514 1.29812e-18
-53.1068 -0.0778155 3.19144e-18
-52.7774 -0.122852 5.03853e-18
-52.4567 -0.166681 6.83605e-18
-52.1452 -0.209233 8.58126e-18
-51.8439 -0.250379 1.02688e-17
-51.5535 -0.290012 1.18942e-17
-51.2748 -0.328024 1.34532e-17
-51.0085 -0.364311 1.49414e-17
-50.7556 -0.398751 1.63539e-17
-50.5169 -0.431223 1.76857e-17
-50.2933 -0.461619 1.89323e-17
-50.0854 -0.489822 2.0089e-17
-49.8946 -0.515681 2.11496e-17
-49.722 -0.539033 2.21073e-17
-49.5686 -0.559736 2.29564e-17
-49.4353 -0.577679 2.36923e-17
-49.3225 -0.592794 2.43122e-17
-49.2307 -0.605043 2.48145e-17
-49.1599 -0.614411 2.51988e-17
-49.1101 -0.620913 2.54655e-17
-49.0809 -0.624599 2.56166e-17
-49.0718 -0.625544 2.56554e-17
-49.0822 -0.623843 2.55856e-17
-49.1112 -0.619629 2.54128e-17
-49.1574 -0.613091 2.51446e-17
-49.2191 -0.604456 2.47905e-17
-49.2948 -0.593956 2.43599e-17
-49.3827 -0.581829 2.38625e-17
-49.4812 -0.568308 2.33079e-17
-49.5886 -0.553625 2.27058e-17
-49.7032 -0.53801 2.20653e-17
-49.8236 -0.521675 2.13954e-17
-49.9483 -0.504805 2.07035e-17
-50.0762 -0.487564 1.99964e-17
-50.2061 -0.470106 1.92804e-17
-50.3372 -0.452552 1.85605e-17
-50.4689 -0.434969 1.78393e-17
-50.601 -0.417389 1.71183e-17
-50.7333 -0.399832 1.63983e-17
-50.8657 -0.382297 1.56791e-17
-50.9985 -0.36475 1.49594e-17
-51.132 -0.347137 1.42371e-17
-51.2665 -0.329397 1.35095e-17
-51.4024 -0.311464 1.2774e-17
-51.5403 -0.293264 1.20276e-17
-51.6806 -0.274723 1.12672e-17
-51.8236 -0.255769 1.04898e-17
-51.9699 -0.236335 9.69277e-18
-52.1196 -0.216371 8.87399e-18
-52.273 -0.195841 8.03199e-18
-52.4303 -0.174701 7.16501e-18
-52.5916 -0.152942 6.2726e-18
-52.7561 -0.130629 5.35745e-18
-52.9232 -0.107843 4.42294e-18
-53.0928 -0.0846696 3.47255e-18
-53.2635 -0.061212 2.51048e-18
-53.4343 -0.0375801 1.54127e-18
-53.6053 -0.0138982 5.70004e-19
-53.7748 0.00969471 -3.97608e-19
-53.9412 0.0330661 -1.35614e-18
-54.1039 0.056098 -2.30074e-18
-54.2618 0.0786771 -3.22678e-18
-54.4143 0.10068 -4.12918e-18
-54.5608 0.121974 -5.00249e-18
-54.7004 0.14246 -5.8427e-18
-54.8317 0.162037 -6.64559e-18
-54.9543 0.180589 -7.40647e-18
-55.067 0.197975 -8.11951e-18
-55.1688 0.213986 -8.7762e-18
-55.2575 0.228389 -9.36688e-18
-55.3322 0.240942 -9.88173e-18
-55.3908 0.25142 -1.03114e-17
-55.431 0.259607 -1.06472e-17
-55.452 0.265309 -1.08811e-17
-55.4526 0.268381 -1.10071e-17
-55.4317 0.268634 -1.10175e-17
-55.3879 0.265898 -1.09052e-17
-55.3212 0.260072 -1.06663e-17
-55.2298 0.251033 -1.02956e-17
-55.1133 0.238695 -9.78958e-18
-54.9711 0.222988 -9.14539e-18
-54.8029 0.203859 -8.36086e-18
-54.6084 0.181275 -7.43461e-18
-54.3872 0.155162 -6.36363e-18
-54.138 0.125357 -5.14125e-18
-53.8594 0.0916539 -3.75899e-18
-53.5503 0.0537657 -2.20509e-18
-53.2091 0.0115608 -4.74142e-19
-52.8344 -0.0350629 1.43803e-18
-52.425 -0.0863257 3.54047e-18
-51.9796 -0.142352 5.83828e-18
-51.4976 -0.203272 8.33675e-18
-50.9782 -0.269156 1.10389e-17
-50.4212 -0.340051 1.39465e-17
-49.8263 -0.415976 1.70604e-17
-49.1934 -0.496945 2.03811e-17
-48.5221 -0.583005 2.39107e-17
-47.812 -0.674203 2.7651e-17
-47.063 -0.770561 3.16029e-17
-46.2749 -0.872072 3.57662e-17
-45.4481 -0.978699 4.01393e-17
-44.583 -1.09038 4.47196e-17
-43.6801 -1.20703 4.95036e-17
-42.7405 -1.32849 5.44854e-17
-41.7659 -1.45455 5.96552e-17
-40.7584 -1.58489 6.50007e-17
-39.7202 -1.7192 7.05093e-17
-38.6544 -1.85709 7.61646e-17
-37.565 -1.99798 8.1943e-17
-36.4571 -2.14122 8.78175e-17
-35.3353 -2.28614 9.3761e-17
-34.2048 -2.43206 9.97456e-17
-33.0711 -2.57823 1.05741e-16
-31.9398 -2.7239 1.11715e-16
-30.8165 -2.86832 1.17638e-16
-29.7067 -3.01074 1.23479e-16
-28.6165 -3.15036 1.29205e-16
-27.552 -3.28636 1.34783e-16
-26.5189 -3.41799 1.40182e-16
-25.5221 -3.54458 1.45374e-16
-24.5649 -3.66573 1.50342e-16
-23.6497 -3.78111 1.55074e-16
-22.7784 -3.8905 1.59561e-16
-21.9522 -3.99376 1.63796e-16
-21.171 -4.09092 1.67781e-16
-20.4338 -4.18215 1.71522e-16
-19.7394 -4.26764 1.75028e-16
-19.0864 -4.3476 1.78308e-16
-18.4732 -4.42227 1.8137e-16
-17.8984 -4.49188 1.84225e-16
-17.3603 -4.5567 1.86883e-16
-16.8571 -4.61696 1.89355e-16
-16.3876 -4.67288 1.91648e-16
-15.9506 -4.72463 1.93771e-16
-15.5449 -4.77239 1.9573e-16
-15.1699 -4.81628 1.9753e-16
-14.8257 -4.85628 1.9917e-16
-14.5132 -4.89231 2.00648e-16
-14.2331 -4.92426 2.01958e-16
-13.9865 -4.95199 2.03096e-16
-13.7753 -4.97528 2.04051e-16
-13.6017 -4.99383 2.04811e-16
-13.4677 -5.00736 2.05366e-16
-13.3753 -5.01561 2.05705e-16
-13.3257 -5.01842 2.0582e-16
-13.32 -5.01565 2.05706e-16
-13.3589 -5.00718 2.05359e-16
-13.4432 -4.99293 2.04774e-16
-13.5731 -4.97286 2.03951e-16
-13.7485 -4.94698 2.0289e-16
-13.9693 -4.9153 2.01591e-16
-14.2351 -4.87789 2.00057e-16
-14.5452 -4.83486 1.98291e-16
-14.8984 -4.78633 1.96301e-16
-15.2937 -4.73247 1.94092e-16
-15.7299 -4.67343 1.91671e-16
-16.2057 -4.6094 1.89045e-16
-16.7198 -4.54056 1.86221e-16
-17.2709 -4.46709 1.83208e-16
-17.8575 -4.38917 1.80013e-16
-18.4786 -4.30697 1.76641e-16
-19.133 -4.22065 1.73101e-16
-19.8196 -4.13034 1.69397e-16
-20.5375 -4.03618 1.65536e-16
-21.2861 -3.93827 1.6152e-16
-22.0648 -3.83665 1.57352e-16
-22.8732 -3.7314 1.53035e-16
-23.7108 -3.62259 1.48573e-16
-24.5761 -3.51039 1.43971e-16
-25.4678 -3.39499 1.39238e-16
-26.3845 -3.27657 1.34382e-16
-27.3245 -3.15535 1.2941e-16
-28.2856 -3.03161 1.24335e-16
-29.2654 -2.90568 1.1917e-16
-30.2615 -2.77784 1.13927e-16
-31.271 -2.6485 1.08623e-16
-32.2896 -2.5182 1.03279e-16
-33.3124 -2.3876 9.79223e-17
-34.3345 -2.25732 9.25791e-17
-35.3509 -2.12802 8.72763e-17
-36.3557 -2.00049 8.20459e-17
-37.3425 -1.87555 7.69216e-17
-38.3053 -1.75398 7.19358e-17
-39.2378 -1.6366 6.71217e-17
-40.1333 -1.52431 6.25165e-17
-40.9844 -1.41805 5.81583e-17
-41.7844 -1.31869 5.40834e-17
-42.5268 -1.22708 5.03262e-17
-43.2053 -1.14403 4.69201e-17
-43.8138 -1.07032 4.38969e-17
-44.3468 -1.00666 4.12859e-17
-44.7993 -0.953669 3.91127e-17
-45.1674 -0.911833 3.73969e-17
-45.4481 -0.881532 3.61542e-17
-45.6385 -0.863099 3.53982e-17
-45.7367 -0.856745 3.51376e-17
-45.7423 -0.862486 3.5373e-17
-45.6557 -0.880214 3.61001e-17
-45.4778 -0.909794 3.73133e-17
-45.21 -0.950979 3.90024e-17
-44.8555 -1.00332 4.11492e-17
-44.418 -1.06628 4.37311e-17
-43.9015 -1.13928 4.67252e-17
-43.3102 -1.22176 5.01077e-17
-42.6484 -1.31308 5.3853e-17
-41.9209 -1.4126 5.79349e-17
-41.1323 -1.51971 6.23278e-17
-40.2869 -1.6338 6.70068e-17
-39.3895 -1.75424 7.19466e-17
-38.4444 -1.88046 7.71229e-17
-37.4559 -2.01187 8.25125e-17
-36.428 -2.14798 8.80949e-17
-35.3636 -2.28839 9.38534e-17
-34.2657 -2.43275 9.97741e-17
-33.1366 -2.58076 1.05845e-16
-31.9785 -2.73217 1.12054e-16
-30.7928 -2.88682 1.18397e-16
-29.5806 -3.04461 1.24868e-16
-28.3428 -3.20544 1.31464e-16
-27.0807 -3.36918 1.3818e-16
-25.7966 -3.53558 1.45005e-16
-24.493 -3.70433 1.51925e-16
-23.1726 -3.87511 1.58929e-16
-21.8388 -4.04749 1.65999e-16
-20.4984 -4.22081 1.73108e-16
-19.1589 -4.39428 1.80222e-16
-17.8241 -4.56711 1.8731e-16
-16.4997 -4.73841 1.94336e-16
-15.1949 -4.90705 2.01252e-16
-13.9204 -5.07179 2.08009e-16
-12.6846 -5.23142 2.14556e-16
-11.4978 -5.38469 2.20842e-16
-10.3689 -5.53032 2.26814e-16
-9.30646 -5.66697 2.32419e-16
-8.32096 -5.79338 2.37603e-16
-7.42064 -5.90836 2.42319e-16
-6.61429 -6.01083 2.46522e-16
-5.90914 -6.09979 2.5017e-16
-5.31247 -6.17432 2.53227e-16
-4.83023 -6.23362 2.55659e-16
-4.4674 -6.27707 2.57441e-16
-4.22783 -6.30417 2.58552e-16
-4.11487 -6.31451 2.58976e-16
-4.13057 -6.30785 2.58703e-16
-4.27512 -6.28421 2.57734e-16
-4.54748 -6.24377 2.56075e-16
-4.94614 -6.18678 2.53738e-16
-5.46859 -6.11363 2.50737e-16
-6.11079 -6.02489 2.47098e-16
-6.8678 -5.92129 2.42849e-16
-7.73445 -5.80356 2.38021e-16
-8.70514 -5.67251 2.32646e-16
-9.7735 -5.52903 2.26761e-16
-10.9328 -5.37407 2.20406e-16
-12.1765 -5.20854 2.13617e-16
-13.4982 -5.03334 2.06432e-16
-14.8922 -4.84927 1.98883e-16
-16.353 -4.65708 1.91e-16
-17.8754 -4.45747 1.82814e-16
-19.4549 -4.25107 1.74349e-16
-21.0873 -4.03843 1.65628e-16
-22.7691 -3.82002 1.5667e-16
-24.497 -3.59627 1.47493e-16
-26.2684 -3.3675 1.38111e-16
-28.0836 -3.13396 1.28533e-16
-29.9397 -2.89581 1.18766e-16
-31.8341 -2.65317 1.08814e-16
-33.7668 -2.40611 9.86817e-17
-35.7405 -2.15474 8.8372e-17
-37.7518 -1.8991 7.78875e-17
-39.7971 -1.63925 6.72304e-17
-41.8774 -1.37525 5.64029e-17
-43.9919 -1.10721 4.541e-17
-46.1383 -0.835306 3.42583e-17
-48.3136 -0.559682 2.29542e-17
-50.5169 -0.280514 1.15047e-17
-52.7457 0.00200884 -8.23885e-20
-54.9983 0.287669 -1.17981e-17
-57.2742 0.575638 -2.36086e-17
-59.5695 0.865903 -3.55132e-17
-61.8888 1.15927 -4.75451e-17
-64.225 1.45485 -5.96676e-17
-66.5691 1.75191 -7.18508e-17
-68.9216 2.05026 -8.40871e-17
-71.2769 2.34938 -9.63548e-17
-73.6332 2.64892 -1.0864e-16
-75.9858 2.94838 -1.20922e-16
-78.3311 3.24723 -1.33178e-16
-80.6638 3.54482 -1.45383e-16
-82.9785 3.8404 -1.57506e-16
-85.2694 4.13322 -1.69515e-16
-87.5306 4.42247 -1.81378e-16
-89.756 4.70732 -1.93061e-16
-91.939 4.98691 -2.04527e-16
-94.0736 5.26038 -2.15743e-16
-96.1549 5.52689 -2.26674e-16
-98.1761 5.78562 -2.37285e-16
-100.13 6.03577 -2.47544e-16
-102.013 6.27659 -2.57421e-16
-103.818 6.50736 -2.66886e-16
-105.542 6.72747 -2.75913e-16
-107.18 6.93636 -2.8448e-16
-108.73 7.13351 -2.92566e-16
-110.189 7.31854 -3.00155e-16
-111.554 7.49121 -3.07236e-16
-112.824 7.65136 -3.13804e-16
-113.998 7.79892 -3.19856e-16
-115.078 7.93387 -3.25391e-16
-116.062 8.05628 -3.30411e-16
-116.953 8.1663 -3.34924e-16
-117.752 8.26412 -3.38935e-16
-118.46 8.34996 -3.42456e-16
-119.08 8.4241 -3.45497e-16
-119.614 8.48683 -3.48069e-16
-120.064 8.53848 -3.50188e-16
-120.434 8.57943 -3.51867e-16
-120.726 8.61011 -3.53125e-16
-120.944 8.63098 -3.53981e-16
-121.093 8.64253 -3.54455e-16
-121.175 8.64527 -3.54568e-16
-121.199 8.63966 -3.54337e-16
-121.165 8.62615 -3.53783e-16
-121.077 8.60521 -3.52925e-16
-120.944 8.57733 -3.51781e-16
-120.764 8.54294 -3.50371e-16
-120.54 8.50249 -3.48712e-16
-120.277 8.45645 -3.46824e-16
-119.976 8.40532 -3.44726e-16
-119.643 8.34966 -3.42444e-16
-119.282 8.29008 -3.4e-16
-118.898 8.2272 -3.37421e-16
-118.495 8.1616 -3.34731e-16
-118.077 8.09374 -3.31947e-16
-117.646 8.024 -3.29087e-16
-117.207 7.95282 -3.26168e-16
-116.762 7.88058 -3.23205e-16
-116.313 7.80757 -3.20211e-16
-115.863 7.73406 -3.17196e-16
-115.413 7.66032 -3.14172e-16
-114.966 7.58662 -3.11149e-16
-114.522 7.51308 -3.08133e-16
-114.082 7.43982 -3.05128e-16
-113.647 7.36696 -3.0214e-16
-113.218 7.29468 -2.99176e-16
-112.797 7.22315 -2.96242e-16
-112.384 7.15258 -2.93348e-16
-111.981 7.0832 -2.90503e-16
-111.59 7.01526 -2.87716e-16
-111.211 6.94891 -2.84995e-16
-110.846 6.88432 -2.82346e-16
-110.495 6.82167 -2.79776e-16
-110.159 6.76112 -2.77293e-16
-109.839 6.70287 -2.74904e-16
-109.537 6.64712 -2.72618e-16
-109.253 6.59406 -2.70442e-16
-108.988 6.54392 -2.68385e-16
-108.746 6.49707 -2.66464e-16
-108.528 6.45392 -2.64694e-16
-108.337 6.41485 -2.63091e-16
-108.175 6.38027 -2.61673e-16
-108.048 6.35077 -2.60464e-16
-107.958 6.32698 -2.59488e-16
-107.909 6.30946 -2.58769e-16
-107.907 6.29874 -2.5833e-16
-107.954 6.29544 -2.58194e-16
-108.055 6.30017 -2.58388e-16
-108.213 6.31342 -2.58932e-16
-108.432 6.33561 -2.59842e-16
-108.715 6.36715 -2.61135e-16
-109.064 6.40836 -2.62825e-16
-109.481 6.45947 -2.64922e-16
-109.966 6.5206 -2.67429e-16
-110.521 6.59184 -2.70351e-16
-111.146 6.67321 -2.73688e-16
-111.841 6.76461 -2.77436e-16
-112.603 6.86582 -2.81587e-16
-113.432 6.9765 -2.86127e-16
-114.324 7.09623 -2.91037e-16
-115.275 7.22448 -2.96297e-16
-116.282 7.36073 -3.01885e-16
-117.343 7.50452 -3.07782e-16
-118.454 7.65543 -3.13971e-16
-119.612 7.81298 -3.20433e-16
-120.814 7.97667 -3.27146e-16
-122.057 8.14602 -3.34092e-16
-123.336 8.32052 -3.41249e-16
-124.65 8.49967 -3.48596e-16
-125.994 8.68293 -3.56112e-16
-127.364 8.86982 -3.63777e-16
-128.758 9.05982 -3.7157e-16
-130.172 9.25246 -3.7947e-16
-131.601 9.4472 -3.87457e-16
-133.043 9.64347 -3.95506e-16
-134.492 9.84063 -4.03593e-16
-135.945 10.0381 -4.11692e-16
-137.396 10.2353 -4.19781e-16
-138.843 10.4318 -4.27838e-16
-140.28 10.6269 -4.35841e-16
-141.706 10.8203 -4.43773e-16
-143.116 11.0115 -4.51614e-16
-144.508 11.2002 -4.59352e-16
-145.88 11.386 -4.66974e-16
-147.229 11.5688 -4.74469e-16
-148.554 11.7482 -4.81827e-16
-149.851 11.9239 -4.89035e-16
-151.12 12.0958 -4.96082e-16
-152.587 12.2653 -8.87923e-16
-154.02 12.4323 -8.95073e-16
-155.41 12.5944 -9.02013e-16
-156.755 12.7513 -9.08728e-16
-158.052 12.9026 -9.15204e-16
-159.297 13.048 -9.21428e-16
-160.487 13.1871 -9.2738e-16
-161.619 13.3195 -9.33045e-16
-162.672 13.429 -1.19009e-15
-164.263 13.553 -1.04385e-15
-165.618 13.6638 -7.74697e-16
-166.861 13.7674 -7.06738e-16
-167.99 13.8618 -1.08559e-15
-168.997 13.9463 -1.09223e-15
-169.877 14.0204 -9.50378e-16
-170.619 14.0833 -6.20315e-16
-171.22 14.1372 -6.22111e-16
-171.669 14.1782 -6.23803e-16
-171.961 14.2057 -6.24869e-16
-172.09 14.2193 -6.2543e-16
-172.064 14.2126 -1.03594e-15
-171.939 14.1988 -1.03537e-15
-171.712 14.1715 -1.03425e-15
-171.382 14.1304 -1.03256e-15
-170.948 14.0754 -1.03031e-15
-170.409 14.0067 -1.02749e-15
-169.765 13.9242 -1.02411e-15
-169.02 13.8282 -1.02017e-15
-168.173 13.7191 -1.0157e-15
-167.227 13.5971 -1.01069e-15
-166.186 13.4626 -1.00518e-15
-165.052 13.3161 -9.99167e-16
-163.828 13.158 -9.92684e-16
-162.518 12.9889 -9.85748e-16
-161.127 12.8094 -9.78387e-16
-159.66 12.6203 -9.70632e-16
-158.122 12.4223 -9.62512e-16
-156.518 12.2161 -9.54055e-16
-154.854 12.0024 -9.4529e-16
-153.133 11.7818 -9.36244e-16
-151.36 11.555 -9.26941e-16
-149.541 11.3225 -9.17405e-16
-147.677 11.0847 -9.07653e-16
-145.773 10.8421 -8.97701e-16
-143.831 10.5949 -8.87563e-16
-141.852 10.3434 -8.77249e-16
-139.839 10.0878 -8.66767e-16
-137.792 9.8283 -8.56123e-16
-135.713 9.56491 -8.45321e-16
-133.602 9.29772 -8.34363e-16
-131.461 9.02678 -8.23251e-16
-129.289 8.75212 -8.11986e-16
-127.087 8.47376 -8.0057e-16
-124.857 8.19175 -7.89004e-16
-122.599 7.90623 -7.77294e-16
-120.315 7.61742 -7.65449e-16
-118.009 7.32553 -7.53478e-16
-115.681 7.03077 -7.41389e-16
-113.333 6.73336 -7.29191e-16
-110.969 6.43354 -7.16894e-16
-108.589 6.13156 -7.04509e-16
-106.197 5.82776 -6.9205e-16
-103.797 5.52256 -6.79533e-16
-101.392 5.21646 -6.66979e-16
-98.9875 4.91002 -6.54411e-16
-96.5865 4.60378 -6.41851e-16
-94.1938 4.29827 -6.29321e-16
-91.8134 3.99401 -6.16842e-16
-89.4496 3.69159 -6.04439e-16
-87.1073 3.39163 -5.92137e-16
-84.7919 3.09487 -5.79966e-16
-82.5092 2.80208 -5.67958e-16
-80.2654 2.51408 -5.56146e-16
-78.066 2.23166 -5.44563e-16
-75.9163 1.9555 -5.33237e-16
-73.821 1.68626 -5.22195e-16
-71.7849 1.42459 -5.11463e-16
-69.8127 1.17116 -5.01069e-16
-67.9097 0.926699 -4.91043e-16
-66.0811 0.691919 -4.81414e-16
-64.332 0.467525 -4.72211e-16
-62.6668 0.254136 -4.63459e-16
-61.0891 0.0522488 -4.55179e-16
-59.6016 -0.137731 -4.47388e-16
-58.207 -0.31545 -4.40099e-16
-56.9069 -0.480634 -4.33324e-16
-55.7027 -0.633111 -4.27071e-16
-54.5948 -0.772797 -4.21342e-16
-53.5833 -0.899668 -4.16138e-16
-52.6675 -1.01378 -4.11458e-16
-51.8464 -1.1153 -4.07295e-16
-51.1207 -1.20425 -4.03647e-16
-50.4864 -1.28105 -4.00497e-16
-49.9387 -1.34622 -3.97824e-16
-49.4761 -1.40008 -3.95615e-16
-49.0943 -1.44309 -3.93851e-16
-48.7902 -1.47573 -3.92512e-16
-48.5601 -1.49865 -3.91572e-16
-48.3999 -1.5123 -3.91013e-16
-48.3052 -1.5171 -3.90816e-16
-48.2719 -1.5137 -3.90955e-16
-48.2953 -1.50267 -3.91408e-16
-48.3707 -1.48469 -3.92145e-16
-48.4928 -1.46042 -3.9314e-16
-48.6565 -1.43058 -3.94364e-16
-48.8561 -1.39589 -3.95787e-16
-49.086 -1.35712 -3.97377e-16
-49.3402 -1.31507 -3.99101e-16
-49.6126 -1.27054 -4.00928e-16
-49.8972 -1.22433 -4.02823e-16
-50.1875 -1.17729 -4.04752e-16
-50.4771 -1.13028 -4.0668e-16
-50.7624 -1.08419 -4.08571e-16
-51.0412 -1.03982 -4.1039e-16
-51.3013 -0.998009 -4.12105e-16
-51.5357 -0.95957 -4.13682e-16
-51.7464 -0.925297 -4.15087e-16
-51.9204 -0.896021 -4.16288e-16
-52.0489 -0.872513 -4.17252e-16
-52.1278 -0.855537 -4.17948e-16
-52.1502 -0.845818 -4.18347e-16
-52.112 -0.844026 -4.18421e-16
-52.0082 -0.850703 -4.18147e-16
-51.8355 -0.866326 -4.17506e-16
-51.5902 -0.891342 -4.1648e-16
-51.269 -0.926181 -4.15051e-16
-50.8687 -0.971258 -4.13202e-16
-50.386 -1.02697 -4.10917e-16
-49.8182 -1.09369 -4.08181e-16
-49.1629 -1.1717 -4.04982e-16
-48.419 -1.26115 -4.01313e-16
-47.5861 -1.36209 -3.97173e-16
-46.6637 -1.47454 -3.92561e-16
-45.6517 -1.59853 -3.87476e-16
-44.5498 -1.7341 -3.81916e-16
-43.3577 -1.88128 -3.7588e-16
-42.0753 -2.04007 -3.69367e-16
-40.703 -2.21043 -3.6238e-16
-39.2418 -2.39223 -3.54924e-16
-37.6933 -2.58526 -3.47008e-16
-36.0591 -2.7893 -3.38639e-16
-34.3411 -3.00413 -3.29828e-16
-32.5406 -3.22956 -3.20583e-16
-30.6592 -3.4654 -3.1091e-16
-28.6986 -3.71144 -3.00819e-16
-26.6611 -3.9674 -2.90322e-16
-24.5497 -4.23285 -2.79435e-16
-22.3684 -4.50732 -2.68178e-16
-20.1209 -4.79029 -2.56573e-16
-17.8114 -5.08126 -2.44639e-16
-15.4436 -5.3797 -2.324e-16
-13.0217 -5.6851 -2.19874e-16
-10.5497 -5.99692 -2.07085e-16
-8.0319 -6.31462 -1.94056e-16
-5.47314 -6.63756 -1.80811e-16
-2.87834 -6.9651 -1.67378e-16
-0.252517 -7.29659 -1.53782e-16
2.39906 -7.63134 -1.40053e-16
5.07072 -7.96862 -1.2622e-16
7.75656 -8.30765 -1.12316e-16
10.4507 -8.64767 -9.83707e-17
13.1473 -8.9879 -8.44166e-17
15.8402 -9.32756 -7.04863e-17
18.5233 -9.66584 -5.66124e-17
21.1905 -10.002 -4.2827e-17
23.8362 -10.3352 -2.91607e-17
26.4547 -10.6648 -1.56425e-17
29.041 -10.9901 -2.29985e-18
31.59 -11.3105 1.0841e-17
34.0971 -11.6254 2.3756e-17
36.5581 -11.9343 3.64235e-17
38.9506 -12.2375 6.34115e-16
41.2213 -12.5404 6.46784e-16
43.4317 -12.836 6.5915e-16
45.5833 -13.1117 9.06729e-16
47.6645 -13.3899 9.18171e-16
49.3853 -13.6696 6.37013e-16
51.0587 -13.9363 9.5024e-16
52.6778 -14.1975 9.38648e-16
54.2379 -14.4493 8.9663e-16
55.7137 -14.6873 8.82994e-16
57.1247 -14.9168 1.22538e-15
58.4794 -15.137 9.18592e-16
59.5936 -15.353 1.16021e-15
60.4032 -15.5155 -1.44441e-13
61.2968 -15.6403 6.18674e-14
62.1793 -15.7659 8.0943e-16
63.0164 -15.8849 9.08377e-16
63.8132 -15.9985 9.5318e-16
64.5539 -16.1031 -9.43986e-14
65.2479 -16.2031 1.39209e-15
65.9026 -16.298 1.25481e-15
66.5165 -16.3872 1.2916e-15
67.0862 -16.4704 1.11977e-15
67.6055 -16.546 1.00877e-15
68.0728 -16.6146 1.20415e-15
68.4908 -16.6762 1.27003e-15
68.8592 -16.7305 1.327e-15
69.1765 -16.7773 4.3376e-14
69.4406 -16.8162 1.57245e-15
69.6502 -16.8469 1.05081e-15
69.8051 -16.8692 1.30704e-15
69.904 -16.8828 1.11014e-15
69.9456 -16.8888 1.11038e-15
69.9295 -16.8844 1.11022e-15
69.8413 -16.8699 1.30829e-15
69.667 -16.8467 1.30734e-15
69.3973 -16.8111 1.30588e-15
69.0315 -16.7631 1.30391e-15
68.5708 -16.7028 1.30144e-15
68.0164 -16.6304 1.29847e-15
67.3712 -16.5461 1.29501e-15
66.6376 -16.4503 1.29108e-15
65.819 -16.3435 1.2867e-15
64.9196 -16.2261 1.28189e-15
63.9442 -16.0989 1.27667e-15
62.8978 -15.9624 1.27107e-15
61.7855 -15.8174 1.26512e-15
60.6127 -15.6645 1.25885e-15
59.385 -15.5045 1.25229e-15
58.108 -15.338 1.24547e-15
56.7872 -15.166 1.23841e-15
55.4278 -14.989 1.23115e-15
54.0349 -14.8077 1.22371e-15
52.6135 -14.6227 1.21613e-15
51.1683 -14.4348 1.20842e-15
49.7033 -14.2443 1.20061e-15
48.2221 -14.0518 1.19271e-15
46.7283 -13.8578 1.18476e-15
45.2255 -13.6628 1.17676e-15
43.7178 -13.4672 1.16874e-15
42.2089 -13.2715 1.16071e-15
40.7029 -13.0764 1.15271e-15
39.2036 -12.8822 1.14474e-15
37.7149 -12.6896 1.13684e-15
36.241 -12.499 1.12903e-15
34.7855 -12.311 1.12132e-15
33.3524 -12.1261 1.11373e-15
31.9458 -11.9448 1.1063e-15
30.5698 -11.7677 1.09903e-15
29.2282 -11.5953 1.09196e-15
27.925 -11.4281 1.08511e-15
26.6642 -11.2667 1.07849e-15
25.4499 -11.1117 1.07213e-15
24.2859 -10.9634 1.06605e-15
23.1756 -10.8225 1.06027e-15
22.1224 -10.6894 1.05481e-15
21.1294 -10.5644 1.04968e-15
20.1991 -10.448 1.04491e-15
19.334 -10.3404 1.0405e-15
18.5362 -10.242 1.03646e-15
17.8077 -10.153 1.03281e-15
17.1498 -10.0736 1.02955e-15
16.5636 -10.0039 1.0267e-15
16.0497 -9.94405 1.02424e-15
15.6082 -9.89403 1.02219e-15
15.2389 -9.8538 1.02054e-15
14.9404 -9.82318 1.01928e-15
14.7102 -9.80183 1.01841e-15
14.5448 -9.78925 1.01789e-15
14.4403 -9.78492 1.01772e-15
14.3924 -9.78824 1.01785e-15
14.3965 -9.79858 1.01828e-15
14.4474 -9.81522 1.01896e-15
14.5398 -9.83744 1.01987e-15
14.6681 -9.86448 1.02098e-15
14.8265 -9.89552 1.02225e-15
15.0086 -9.92972 1.02365e-15
15.2085 -9.96624 1.02515e-15
15.4199 -10.0042 1.02671e-15
15.6365 -10.0429 1.02829e-15
15.8522 -10.0813 1.02987e-15
16.061 -10.1187 1.0314e-15
16.2569 -10.1543 1.03286e-15
16.4342 -10.1873 1.03422e-15
16.5873 -10.2169 1.03543e-15
16.7109 -10.2425 1.03648e-15
16.8002 -10.2634 1.03734e-15
16.8508 -10.279 1.03798e-15
16.8589 -10.2889 1.03838e-15
16.8209 -10.2925 1.03853e-15
16.7339 -10.2895 1.03841e-15
16.5956 -10.2796 1.038e-15
16.4045 -10.2626 1.03731e-15
16.1592 -10.2384 1.03631e-15
15.8584 -10.2068 1.03502e-15
15.5007 -10.1676 1.03341e-15
15.0848 -10.1207 1.03149e-15
14.6095 -10.066 1.02924e-15
14.0743 -10.0034 1.02668e-15
13.479 -9.93299 1.02379e-15
12.8241 -9.85475 1.02058e-15
12.1101 -9.76881 1.01705e-15
11.3372 -9.67525 1.01322e-15
10.5053 -9.57405 1.00907e-15
9.61199 -9.46518 1.0046e-15
8.65833 -9.34858 9.9982e-16
7.64422 -9.22417 9.94717e-16
6.56674 -9.09164 9.89282e-16
5.42202 -8.95064 9.83499e-16
4.20827 -8.8008 9.77354e-16
2.9235 -8.64175 9.70831e-16
1.56067 -8.47301 9.6391e-16
0.118444 -8.29405 9.56571e-16
-1.40541 -8.10443 9.48794e-16
-3.01516 -7.90367 9.4056e-16
-4.71347 -7.69134 9.31852e-16
-6.50361 -7.46705 9.22653e-16
-8.39002 -7.23044 9.12949e-16
-10.3733 -6.98123 9.02728e-16
-12.4536 -6.71925 8.91983e-16
-14.6322 -6.44442 8.80712e-16
-16.909 -6.15672 8.68913e-16
-19.2839 -5.85619 8.56587e-16
-21.7557 -5.54295 8.4374e-16
-24.3231 -5.21722 8.30381e-16
-26.9841 -4.87924 8.16519e-16
-29.7366 -4.52933 8.02168e-16
-32.5778 -4.16786 7.87343e-16
-35.5043 -3.79528 7.72063e-16
-38.5127 -3.41206 7.56346e-16
-41.5995 -3.01868 7.40212e-16
-44.7611 -2.61561 7.23681e-16
-47.9941 -2.20333 7.06772e-16
-51.2949 -1.78232 6.89506e-16
-54.6631 -1.35303 6.71899e-16
-58.0931 -0.915968 6.53974e-16
-61.5795 -0.471598 6.35749e-16
-65.1223 -0.0203899 6.17244e-16
-68.7215 0.436409 5.98509e-16
-72.3791 0.899424 5.7952e-16
-76.0815 1.36835 5.60288e-16
-79.8199 1.84168 5.40875e-16
-83.5921 2.31927 5.21288e-16
-87.3898 2.8 5.01571e-16
-91.2068 3.28302 4.81761e-16
-95.0351 3.76736 4.61897e-16
-98.8675 4.252 4.42021e-16
-102.696 4.73579 4.22179e-16
-106.51 5.2175 4.02423e-16
-110.3 5.69595 3.828e-16
-114.059 6.16992 3.63361e-16
-117.775 6.63816 3.44157e-16
-121.439 7.0994 3.25241e-16
-125.041 7.55242 3.06661e-16
-128.574 7.99601 2.88468e-16
-132.026 8.42899 2.7071e-16
-135.39 8.85021 2.53435e-16
-138.657 9.25856 2.36687e-16
-141.819 9.65298 2.20511e-16
-144.868 10.0324 2.04949e-16
-147.794 10.3958 1.90044e-16
-150.592 10.7423 1.75834e-16
-153.254 11.0709 1.62357e-16
-155.773 11.3808 1.49646e-16
-158.143 11.6713 1.37735e-16
-160.359 11.9415 1.26652e-16
-162.416 12.1909 1.16422e-16
-164.309 12.4191 1.07063e-16
-166.037 12.6257 9.85905e-17
-167.59 12.8106 -9.70832e-16
-168.84 12.9552 -9.7722e-16
-170.022 13.05 -6.9352e-16
-171 13.1266 -6.97203e-16
-171.816 13.1869 -7.00119e-16
-172.462 13.229 -7.02196e-16
-172.951 13.2545 -7.03503e-16
-173.289 13.2642 -7.0408e-16
-173.484 13.2593 -7.03977e-16
-173.546 13.2409 -7.03244e-16
-173.495 13.2003 -7.87367e-16
-173.349 13.1597 -7.85701e-16
-173.118 13.11 -7.83664e-16
-172.81 13.0525 -7.81306e-16
-172.436 12.9885 -7.7868e-16
-172.005 12.9191 -7.75835e-16
-171.528 12.8456 -7.72821e-16
-171.011 12.7686 -7.6966e-16
-170.455 12.6874 -7.66332e-16
-169.867 12.6029 -7.62867e-16
-169.257 12.5164 -7.59317e-16
-168.63 12.4285 -7.55712e-16
-167.994 12.3402 -7.5209e-16
-167.354 12.252 -7.48476e-16
-166.716 12.1649 -7.44901e-16
-166.084 12.0792 -7.41386e-16
-165.464 11.9955 -7.37955e-16
-164.858 11.9143 -7.34626e-16
-164.272 11.8361 -7.31417e-16
-163.707 11.7612 -7.28343e-16
-163.168 11.6899 -7.25419e-16
-162.657 11.6225 -7.22657e-16
-162.177 11.5594 -7.20068e-16
-161.731 11.5008 -7.17665e-16
-161.321 11.4471 -7.15462e-16
-160.951 11.3986 -7.13473e-16
-160.624 11.3557 -7.11714e-16
-160.343 11.3188 -7.10201e-16
-160.112 11.2882 -7.08947e-16
-159.933 11.2644 -7.0797e-16
-159.81 11.2477 -7.07284e-16
-159.746 11.2384 -7.06905e-16
-159.743 11.2369 -7.06841e-16
-159.802 11.2433 -7.07103e-16
-159.926 11.2578 -7.07699e-16
-160.115 11.2806 -7.08633e-16
-160.37 11.3115 -7.09902e-16
-160.687 11.3503 -7.11494e-16
-161.067 11.3968 -7.13402e-16
-161.505 11.4508 -7.15613e-16
-162.001 11.5116 -7.18108e-16
-162.548 11.5788 -7.20863e-16
-163.143 11.6518 -7.23858e-16
-163.782 11.73 -7.27067e-16
-164.458 11.8127 -7.30458e-16
-165.165 11.8989 -7.33993e-16
-165.896 11.9878 -7.37639e-16
-166.646 12.0786 -7.41364e-16
-167.329 12.1525 -7.44392e-16
-167.962 12.2134 -7.46891e-16
-168.611 12.2771 -7.49505e-16
-169.251 12.3387 -7.5203e-16
-169.889 12.3993 -7.54517e-16
-170.52 12.4587 -7.5695e-16
-171.145 12.517 -7.59344e-16
-171.763 12.5743 -7.61694e-16
-172.375 12.6307 -7.64006e-16
-172.983 12.6866 -7.66298e-16
-173.599 12.7444 -7.6867e-16
-174.289 12.8048 -7.61962e-16
-175.013 12.8682 -7.65054e-16
-175.743 12.933 -7.68201e-16
-176.48 12.9991 -7.71411e-16
-177.228 13.0672 -7.74706e-16
-177.954 13.1304 -7.77784e-16
-178.647 13.1864 -7.8054e-16
-179.348 13.2436 -7.83353e-16
-180.079 13.3063 -7.86413e-16
-180.839 13.3744 -7.89707e-16
-181.622 13.447 -7.93205e-16
-182.42 13.5003 -9.12571e-16
-183.231 13.5784 -7.84352e-16
-184.065 13.6633 -7.88435e-16
-184.916 13.7524 -7.927e-16
-185.921 13.8404 -1.17907e-15
-187.209 13.9382 -9.96854e-16
-188.51 14.0399 -8.82175e-16
-189.819 14.1447 -1.28228e-15
-191.131 14.2521 -7.55892e-16
-192.439 14.3618 -7.1177e-16
-193.737 14.4732 -8.78634e-16
-195.016 14.5856 5.16196e-15
-196.256 14.697 -1.062e-15
-197.439 14.805 -1.10786e-15
-198.515 14.9132 -1.02472e-15
-200.029 15.0246 -2.85298e-16
-201.402 15.1238 -7.41741e-16
-202.656 15.2193 -1.07077e-15
-203.772 15.3064 -1.2626e-15
-204.736 15.3844 -9.26986e-16
-205.534 15.4521 -6.6811e-16
-206.12 15.5069 -9.93329e-16
-206.539 15.5513 -8.21512e-16
-206.747 15.5821 -8.19201e-16
-206.737 15.5986 -7.70976e-16
-206.624 15.6017 -7.71104e-16
-206.402 15.5906 -7.70649e-16
-206.065 15.5643 -7.6957e-16
-205.608 15.5219 -7.67832e-16
-205.024 15.4626 -7.65399e-16
-204.308 15.3856 -7.6224e-16
-203.455 15.2902 -7.58325e-16
-202.461 15.1757 -7.53632e-16
-201.324 15.0418 -7.48142e-16
-200.04 14.8882 -7.41842e-16
-198.61 14.7148 -7.34727e-16
-197.033 14.5214 -7.26795e-16
-195.311 14.3083 -7.18056e-16
-193.447 14.0759 -7.08525e-16
-191.445 13.8248 -6.98227e-16
-189.311 13.5558 -6.87193e-16
-187.052 13.2696 -6.75459e-16
-184.673 12.9674 -6.63063e-16
-182.184 12.6502 -6.50052e-16
-179.593 12.3191 -6.36473e-16
-176.909 11.9754 -6.22379e-16
-174.141 11.6204 -6.07819e-16
-171.299 11.2554 -5.92847e-16
-168.392 10.8816 -5.77519e-16
-165.43 10.5005 -5.61888e-16
-162.423 10.1133 -5.46008e-16
-159.379 9.72128 -5.2993e-16
-156.308 9.32568 -5.13705e-16
-153.219 8.92773 -4.97384e-16
-150.119 8.52861 -4.81015e-16
-147.018 8.12943 -4.64643e-16
-143.924 7.73126 -4.48313e-16
-140.843 7.33515 -4.32068e-16
-137.783 6.94201 -4.15944e-16
-134.749 6.5527 -3.99977e-16
-131.748 6.16803 -3.84201e-16
-128.786 5.78872 -3.68644e-16
-125.866 5.41536 -3.53332e-16
-122.992 5.04846 -3.38284e-16
-120.167 4.68846 -3.23519e-16
-117.395 4.33573 -3.09053e-16
-114.677 3.99059 -2.94898e-16
-112.016 3.65326 -2.81063e-16
-109.413 3.32392 -2.67556e-16
-106.868 3.00267 -2.5438e-16
-104.381 2.68946 -2.41535e-16
-101.951 2.38419 -2.29015e-16
-99.5779 2.0867 -2.16814e-16
-97.2596 1.79678 -2.04923e-16
-94.9943 1.51419 -1.93333e-16
-92.7803 1.23866 -1.82033e-16
-90.6152 0.969882 -1.7101e-16
-88.4964 0.707491 -1.60248e-16
-86.4208 0.451069 -1.49732e-16
-84.385 0.200153 -1.39441e-16
-82.3855 -0.0457531 -1.29356e-16
-80.4184 -0.28716 -1.19455e-16
-78.4801 -0.524581 -1.09717e-16
-76.5668 -0.758537 -1.00122e-16
-74.6743 -0.989567 -9.0647e-17
-72.7989 -1.21822 -8.12695e-17
-70.9442 -1.44445 -7.19908e-17
-69.1025 -1.66922 -6.27725e-17
-67.2655 -1.89388 -5.35585e-17
-65.431 -2.11838 -4.43509e-17
-63.5931 -2.34312 -3.5134e-17
-61.7494 -2.56869 -2.58826e-17
-59.8953 -2.79555 -1.65785e-17
-58.0281 -3.02418 -7.20175e-18
-56.1492 -3.25491 2.26109e-18
-54.2548 -3.48793 1.18179e-17
-52.3407 -3.72342 2.14761e-17
-50.4121 -3.96153 3.12416e-17
-48.4638 -4.20238 4.11199e-17
-46.4937 -4.44609 5.11149e-17
-44.5029 -4.69265 6.12271e-17
-42.4904 -4.94207 7.14567e-17
-40.4583 -5.1942 8.1797e-17
-38.4108 -5.44883 9.22401e-17
-36.3479 -5.70573 1.02776e-16
-34.2694 -5.96464 1.13395e-16
-32.1791 -6.22525 1.24083e-16
-30.0839 -6.48722 1.34827e-16
-27.9835 -6.75017 1.45612e-16
-25.8772 -7.01378 1.56423e-16
-23.7696 -7.2777 1.67248e-16
-21.6635 -7.54162 1.78072e-16
-19.5607 -7.80523 1.88883e-16
-17.4618 -8.06821 1.99669e-16
-15.3694 -8.33036 2.1042e-16
-13.2841 -8.59149 2.2113e-16
-11.2075 -8.85142 2.3179e-16
-9.14061 -9.10996 2.42394e-16
-7.08541 -9.36686 2.5293e-16
-5.04353 -9.62185 2.63388e-16
-3.01678 -9.8747 2.73758e-16
-1.00671 -10.1252 2.8403e-16
0.984997 -10.373 2.94194e-16
2.95683 -10.6179 3.04241e-16
4.90748 -10.8599 3.14162e-16
6.83552 -11.0985 3.2395e-16
8.73916 -11.3336 3.33594e-16
10.6165 -11.565 3.43082e-16
12.4661 -11.7923 3.52406e-16
14.2865 -12.0155 3.61557e-16
16.0764 -12.2342 3.70529e-16
17.8346 -12.4484 3.79313e-16
19.5603 -12.6579 3.87906e-16
21.2533 -12.8628 3.96307e-16
22.9136 -13.0629 4.04514e-16
24.5417 -13.2584 4.12533e-16
25.9878 -13.4143 4.18929e-16
27.2465 -13.5298 4.23665e-16
28.4731 -13.6406 4.28206e-16
29.6734 -13.7476 4.32598e-16
30.847 -13.8509 4.36833e-16
32.0657 -13.9519 8.69383e-16
33.371 -14.0553 8.7363e-16
34.6591 -14.1566 8.77795e-16
35.934 -14.2562 8.81893e-16
37.2017 -14.3548 8.85954e-16
38.4679 -14.4533 8.90011e-16
39.739 -14.5523 8.94096e-16
41.021 -14.6528 8.98242e-16
42.3343 -14.7582 9.02592e-16
43.696 -14.8715 9.0727e-16
45.104 -14.992 9.12248e-16
46.5722 -15.1221 9.17626e-16
48.0863 -15.259 9.2329e-16
49.6262 -15.399 9.29083e-16
51.2 -15.5436 9.3507e-16
52.7512 -15.6809 9.40759e-16
54.263 -15.8077 9.46019e-16
55.7934 -15.9361 9.51351e-16
57.3299 -15.9963 1.18862e-15
59.1912 -16.1403 1.06436e-15
61.2723 -16.2776 -2.42882e-12
63.3351 -16.4222 7.27006e-13
64.7975 -16.6019 -4.79446e-13
66.1997 -16.7925 7.44228e-13
67.6103 -16.9838 2.0958e-13
69.013 -17.1753 1.02666e-13
70.371 -17.3679 5.59813e-12
71.6916 -17.5607 1.86631e-12
73.0159 -17.7535 -3.27734e-12
74.3338 -17.9955 -4.47059e-10
75.6196 -18.1326 2.2562e-12
76.8844 -18.3174 -1.54844e-12
77.8516 -18.5164 -2.44106e-13
78.4145 -18.8098 -2.77447e-11
78.9169 -18.9486 -1.82965e-12
79.3929 -19.1521 -2.58433e-13
79.8461 -19.3482 5.15903e-13
80.2757 -19.536 1.49053e-12
80.6811 -19.7147 6.83633e-13
81.0616 -19.8843 -4.91714e-13
81.4182 -20.0445 2.70886e-13
81.7289 -20.2027 1.59645e-12
82.7455 -20.3662 6.77931e-13
83.7621 -20.5184 -3.87354e-13
84.6906 -20.6574 -2.20591e-13
85.533 -20.7868 -2.31414e-13
86.2906 -20.9041 1.83462e-12
86.9638 -21.0084 5.31209e-13
87.553 -21.0996 2.7219e-13
87.8359 -21.1937 -2.94894e-13
87.9411 -21.281 -2.32328e-13
88.0013 -21.3575 -2.31711e-13
88.0346 -21.4177 -4.06101e-13
88.0438 -21.462 -2.46578e-13
88.0309 -21.4908 -1.7095e-13
87.997 -21.5047 -1.38492e-13
87.9433 -21.5042 -3.12024e-13
87.8808 -21.4948 -2.31396e-13
87.7681 -21.4794 -2.31396e-13
87.5901 -21.4557 -2.31397e-13
87.3401 -21.4226 -2.31398e-13
87.0218 -21.3808 -2.314e-13
86.6373 -21.3308 -2.31402e-13
86.1909 -21.2732 -2.31404e-13
85.6837 -21.2082 -2.31407e-13
85.1179 -21.136 -2.31409e-13
84.4948 -21.0569 -2.31412e-13
83.8156 -20.9709 -2.31416e-13
83.0812 -20.8783 -2.31419e-13
82.2917 -20.7791 -2.31423e-13
81.4465 -20.6731 -2.31427e-13
80.5452 -20.5602 -2.31431e-13
79.5873 -20.4405 -2.31436e-13
78.572 -20.3137 -2.3144e-13
77.4986 -20.1799 -2.31445e-13
76.3664 -20.0387 -2.31451e-13
75.1742 -19.8902 -2.31456e-13
73.9203 -19.734 -2.31462e-13
72.6027 -19.5698 -2.31469e-13
71.2193 -19.3973 -2.31475e-13
69.7684 -19.2163 -2.31482e-13
68.2488 -19.0267 -2.31489e-13
66.6594 -18.8281 -2.31497e-13
64.9993 -18.6205 -2.31504e-13
63.2678 -18.4038 -2.31513e-13
61.464 -18.1779 -2.31521e-13
59.5873 -17.9425 -2.3153e-13
57.6372 -17.6977 -2.31539e-13
55.6135 -17.4435 -2.31549e-13
53.5168 -17.1798 -2.31559e-13
51.3477 -16.9068 -2.31569e-13
49.1074 -16.6245 -2.3158e-13
46.7969 -16.3332 -2.31591e-13
44.417 -16.033 -2.31602e-13
41.969 -15.7239 -2.31614e-13
39.4538 -15.4062 -2.31626e-13
36.8731 -15.08 -2.31638e-13
34.2291 -14.7456 -2.31651e-13
31.5243 -14.4034 -2.31664e-13
28.7616 -14.0537 -2.31677e-13
25.9436 -13.697 -2.31691e-13
23.0733 -13.3335 -2.31704e-13
20.1537 -12.9637 -2.31718e-13
17.1879 -12.588 -2.31733e-13
14.1792 -12.2068 -2.31747e-13
11.1316 -11.8208 -2.31762e-13
8.04932 -11.4303 -2.31776e-13
4.93655 -11.036 -2.31791e-13
1.79788 -10.6385 -2.31806e-13
-1.36126 -10.2386 -2.31822e-13
-4.53511 -9.8369 -2.31837e-13
-7.71802 -9.43426 -2.31852e-13
-10.9044 -9.03141 -2.31867e-13
-14.0887 -8.62907 -2.31882e-13
-17.2654 -8.228 -2.31898e-13
-20.4291 -7.8289 -2.31913e-13
-23.5747 -7.43244 -2.31928e-13
-26.6971 -7.03932 -2.31943e-13
-29.7913 -6.65016 -2.31957e-13
-32.8526 -6.26561 -2.31972e-13
-35.8764 -5.88625 -2.31986e-13
-38.858 -5.51272 -2.32e-13
-41.7926 -5.14563 -2.32014e-13
-44.676 -4.78555 -2.32028e-13
-47.5038 -4.43303 -2.32041e-13
-50.2717 -4.08864 -2.32054e-13
-52.972 -3.75377 -2.32067e-13
-55.6009 -3.4289 -2.32079e-13
-58.1583 -3.11364 -2.32091e-13
-60.6402 -2.80853 -2.32102e-13
-63.0429 -2.51406 -2.32114e-13
-65.3743 -2.22983 -2.32124e-13
-67.6246 -1.95659 -2.32135e-13
-69.7854 -1.69513 -2.32144e-13
-71.8614 -1.44506 -2.32154e-13
-73.8501 -1.20648 -2.32163e-13
-75.7556 -0.979152 -2.32171e-13
-77.5845 -0.76281 -2.3218e-13
-79.3357 -0.5569 -2.32187e-13
-81.0252 -0.360821 -2.32195e-13
-82.6513 -0.174768 -2.32202e-13
-84.207 0.00238597 -2.32208e-13
-85.7119 0.172144 -2.32215e-13
-87.1653 0.335107 -2.32221e-13
-88.5718 0.492388 -2.32227e-13
-89.9393 0.644953 -2.32232e-13
-91.2748 0.793866 -2.32238e-13
-92.5863 0.940164 -2.32243e-13
-93.8802 1.0848 -2.32249e-13
-95.1639 1.22876 -2.32254e-13
-96.4436 1.37291 -2.3226e-13
-97.7256 1.5181 -2.32265e-13
-99.0155 1.66512 -2.32271e-13
-100.319 1.81475 -2.32276e-13
-101.642 1.96771 -2.32282e-13
-102.988 2.12464 -2.32288e-13
-104.363 2.2861 -2.32294e-13
-105.769 2.45253 -2.323e-13
-107.21 2.62429 -2.32307e-13
-108.686 2.80165 -2.32313e-13
-110.201 2.9848 -2.3232e-13
-111.755 3.17385 -2.32328e-13
-113.349 3.36898 -2.32335e-13
-115.017 3.57761 -2.32343e-13
-116.741 3.79577 -2.32351e-13
-118.489 4.01685 -2.32359e-13
-120.267 4.24254 -2.32368e-13
-122.064 4.47091 -2.32377e-13
-123.879 4.70194 -2.32385e-13
-125.704 4.93441 -2.32394e-13
-127.365 5.12816 -2.32401e-13
-128.861 5.28353 -2.32407e-13
-130.358 5.43951 -2.32413e-13
-131.842 5.59363 -2.32419e-13
-133.31 5.74532 -2.32424e-13
-134.754 5.89378 -2.3243e-13
-136.171 6.03839 -2.32435e-13
-137.556 6.1786 -2.32441e-13
-138.906 6.31396 -2.32446e-13
-140.217 6.44411 -2.3245e-13
-141.489 6.56877 -2.32455e-13
-142.719 6.68777 -2.32459e-13
-143.906 6.80106 -2.32464e-13
-145.05 6.90864 -2.32468e-13
-146.152 7.01066 -2.32471e-13
-147.295 7.10845 -2.31715e-13
-148.503 7.20279 -2.28134e-13
-149.672 7.29282 -2.24713e-13
-150.805 7.379 -2.21429e-13
-151.908 7.46212 -2.18262e-13
-152.988 7.54302 -2.1519e-13
-154.05 7.62255 -2.12192e-13
-155.104 7.70157 -2.09247e-13
-156.154 7.78095 -2.06333e-13
-157.209 7.86157 -2.03432e-13
-158.275 7.94424 -2.00525e-13
-159.36 8.02976 -1.97595e-13
-160.468 8.11891 -1.94626e-13
-161.607 8.21243 -1.91603e-13
-162.782 8.31098 -1.88514e-13
-163.998 8.41511 -1.85349e-13
-165.272 8.5253 -1.82136e-13
-166.59 8.64422 -1.7696e-13
-167.958 8.76983 -1.71651e-13
-169.356 8.89602 -1.71693e-13
-170.792 9.03891 -1.67028e-13
-172.271 9.17802 -1.64861e-13
-173.799 9.33414 -1.60034e-13
-175.818 9.49423 -1.49049e-13
-178.213 9.66776 -1.36424e-13
-180.687 9.84995 -1.54173e-13
-183.148 10.0476 1.91577e-14
-185.639 10.2455 -8.36875e-14
-188.179 10.452 -2.24934e-13
-190.76 10.6628 1.32595e-13
-193.373 10.877 -1.05856e-13
-196.008 11.0937 -2.9564e-14
-198.654 11.3121 -1.43613e-14
-201.3 11.5311 -1.00578e-14
-203.934 11.7497 -2.18335e-13
-206.544 11.9669 -5.2292e-13
-209.12 12.1817 -1.82198e-13
-211.647 12.3932 5.21233e-14
-214.116 12.6002 6.55174e-14
-216.513 12.8019 7.71649e-14
-218.765 12.9945 9.95718e-14
-220.873 13.1785 -2.10945e-13
-222.682 13.3663 1.10344e-13
-224.346 13.5434 1.15022e-13
-225.912 13.7104 1.11567e-13
-227.657 13.8745 2.13376e-13
-229.788 14.0322 1.43965e-13
-231.744 14.1795 1.52133e-13
-233.495 14.3129 1.56371e-13
-235.029 14.4319 2.99974e-13
-236.328 14.534 2.84154e-13
-237.345 14.6155 2.00244e-13
-238.1 14.6779 1.65787e-13
-238.572 14.7197 1.74001e-13
-238.757 14.7405 1.78993e-13
-238.707 14.7412 1.75806e-13
-238.521 14.724 1.76118e-13
-238.197 14.6886 1.76119e-13
-237.735 14.6348 1.76121e-13
-237.132 14.5624 1.76124e-13
-236.388 14.4711 1.76128e-13
-235.502 14.3609 1.76133e-13
-234.474 14.2319 1.76138e-13
-233.306 14.0841 1.76144e-13
-231.999 13.9178 1.76151e-13
-230.556 13.7334 1.76158e-13
-228.98 13.5313 1.76167e-13
-227.276 13.3121 1.76176e-13
-225.448 13.0764 1.76185e-13
-223.501 12.8248 1.76196e-13
-221.442 12.5583 1.76207e-13
-219.275 12.2776 1.76218e-13
-217.01 11.9838 1.7623e-13
-214.655 11.6781 1.76243e-13
-212.218 11.3618 1.76256e-13
-209.708 11.036 1.76269e-13
-207.136 10.702 1.76283e-13
-204.509 10.361 1.76297e-13
-201.836 10.0144 1.76311e-13
-199.129 9.6635 1.76325e-13
-196.395 9.30954 1.7634e-13
-193.645 8.95388 1.76354e-13
-190.888 8.59782 1.76369e-13
-188.134 8.24264 1.76384e-13
-185.39 7.88959 1.76398e-13
-182.667 7.53987 1.76412e-13
-179.973 7.19461 1.76427e-13
-177.315 6.85492 1.76441e-13
-174.703 6.52196 1.76454e-13
-172.144 6.19686 1.76468e-13
-169.646 5.88066 1.76481e-13
-167.217 5.57426 1.76493e-13
-164.862 5.27852 1.76505e-13
-162.588 4.99413 1.76517e-13
-160.398 4.72172 1.76528e-13
-158.297 4.46175 1.76539e-13
-156.289 4.21464 1.76549e-13
-154.375 3.98067 1.76558e-13
-152.558 3.76002 1.76568e-13
-150.839 3.55275 1.76576e-13
-149.218 3.3588 1.76584e-13
-147.693 3.178 1.76591e-13
-146.265 3.01011 1.76598e-13
-144.93 2.85481 1.76605e-13
-143.688 2.71176 1.76611e-13
-142.537 2.58061 1.76616e-13
-141.473 2.46093 1.76621e-13
-140.495 2.35228 1.76625e-13
-139.6 2.2542 1.76629e-13
-138.784 2.16621 1.76633e-13
-138.045 2.08784 1.76636e-13
-137.38 2.01858 1.76639e-13
-136.784 1.95782 1.76641e-13
-136.254 1.90493 1.76644e-13
-135.785 1.85932 1.76646e-13
-135.374 1.82048 1.76647e-13
-135.018 1.78794 1.76648e-13
-134.715 1.76131 1.7665e-13
-134.462 1.74028 1.7665e-13
-134.256 1.72451 1.76651e-13
-134.096 1.71358 1.76651e-13
-133.977 1.70706 1.76652e-13
-133.897 1.70458 1.76652e-13
-133.853 1.70586 1.76652e-13
-133.843 1.71059 1.76652e-13
-133.865 1.71852 1.76651e-13
-133.918 1.7295 1.76651e-13
-134 1.74334 1.7665e-13
-134.108 1.7598 1.7665e-13
-134.24 1.77857 1.76649e-13
-134.394 1.79945 1.76648e-13
-134.567 1.82223 1.76647e-13
-134.758 1.84668 1.76646e-13
-134.965 1.87258 1.76645e-13
-135.184 1.89972 1.76644e-13
-135.415 1.92799 1.76643e-13
-135.657 1.9573 1.76641e-13
-135.909 1.98765 1.7664e-13
-136.169 2.01901 1.76639e-13
-136.441 2.0514 1.76638e-13
-136.725 2.08485 1.76636e-13
-137.018 2.1194 1.76635e-13
-137.32 2.1551 1.76633e-13
-137.631 2.19194 1.76632e-13
-137.951 2.22993 1.7663e-13
-138.278 2.26905 1.76629e-13
-138.609 2.30922 1.76627e-13
-138.945 2.35036 1.76625e-13
-139.283 2.39236 1.76624e-13
-139.622 2.4351 1.76622e-13
-139.962 2.47839 1.7662e-13
-140.3 2.52205 1.76618e-13
-140.635 2.56595 1.76617e-13
-140.966 2.60995 1.76615e-13
-141.292 2.65387 1.76613e-13
-141.61 2.69746 1.76611e-13
-141.919 2.74048 1.76609e-13
-142.217 2.78261 1.76608e-13
-142.501 2.8235 1.76606e-13
-142.768 2.86278 1.76604e-13
-143.016 2.90012 1.76603e-13
-143.243 2.93516 1.76601e-13
-143.446 2.96753 1.766e-13
-143.622 2.99682 1.76599e-13
-143.768 3.02258 1.76598e-13
-143.881 3.04435 1.76597e-13
-143.958 3.06164 1.76596e-13
-143.995 3.07402 1.76596e-13
-143.99 3.08109 1.76595e-13
-143.942 3.08251 1.76595e-13
-143.847 3.07794 1.76596e-13
-143.705 3.06707 1.76596e-13
-143.513 3.04959 1.76597e-13
-143.268 3.0252 1.76598e-13
-142.97 2.99366 1.76599e-13
-142.617 2.95473 1.76601e-13
-142.207 2.90818 1.76602e-13
-141.74 2.85381 1.76605e-13
-141.215 2.79148 1.76607e-13
-140.63 2.72105 1.7661e-13
-139.986 2.64243 1.76613e-13
-139.283 2.55556 1.76617e-13
-138.52 2.46044 1.76621e-13
-137.699 2.35709 1.76625e-13
-136.819 2.24555 1.7663e-13
-135.882 2.1259 1.76635e-13
-134.889 1.99828 1.7664e-13
-133.843 1.86292 1.76645e-13
-132.746 1.72016 1.76651e-13
-131.6 1.57043 1.76657e-13
-130.411 1.41423 1.76664e-13
-129.184 1.25213 1.7667e-13
-127.923 1.08476 1.76677e-13
-126.631 0.912776 1.76684e-13
-125.318 0.736945 1.76692e-13
-123.987 0.558044 1.76699e-13
-122.646 0.3769 1.76706e-13
-121.299 0.194398 1.76714e-13
-119.953 0.0114646 1.76721e-13
-118.616 -0.170925 1.76729e-13
-117.293 -0.351775 1.76736e-13
-115.994 -0.530052 1.76744e-13
-114.724 -0.704709 1.76751e-13
-113.493 -0.874695 1.76758e-13
-112.308 -1.03899 1.76764e-13
-111.175 -1.19659 1.76771e-13
-110.102 -1.34651 1.76777e-13
-109.096 -1.48776 1.76783e-13
-108.164 -1.61935 1.76788e-13
-107.313 -1.74031 1.76793e-13
-106.55 -1.84971 1.76798e-13
-105.88 -1.9467 1.76802e-13
-105.309 -2.03059 1.76805e-13
-104.842 -2.10077 1.76808e-13
-104.48 -2.1567 1.7681e-13
-104.229 -2.19797 1.76812e-13
-104.089 -2.22428 1.76813e-13
-104.062 -2.23546 1.76813e-13
-104.147 -2.23143 1.76813e-13
-104.346 -2.2122 1.76813e-13
-104.656 -2.17795 1.76811e-13
-105.076 -2.12891 1.76809e-13
-105.602 -2.06546 1.76807e-13
-106.231 -1.98803 1.76803e-13
-106.96 -1.89719 1.768e-13
-107.783 -1.79359 1.76795e-13
-108.695 -1.67795 1.76791e-13
-109.689 -1.5511 1.76785e-13
-110.76 -1.41391 1.7678e-13
-111.9 -1.26736 1.76774e-13
-113.101 -1.11247 1.76767e-13
-114.356 -0.950271 1.76761e-13
-115.657 -0.781818 1.76754e-13
-116.997 -0.608164 1.76747e-13
-118.367 -0.430387 1.76739e-13
-119.759 -0.249565 1.76732e-13
-121.166 -0.0667568 1.76725e-13
-122.58 0.116995 1.76717e-13
-123.994 0.300655 1.76709e-13
-125.4 0.483272 1.76702e-13
-126.792 0.664066 1.76695e-13
-128.167 0.842361 1.76687e-13
-129.518 1.01751 1.7668e-13
-130.841 1.18887 1.76673e-13
-132.132 1.35584 1.76666e-13
-133.386 1.51782 1.7666e-13
-134.599 1.67426 1.76653e-13
-135.767 1.8247 1.76647e-13
-136.888 1.96879 1.76641e-13
-137.961 2.1063 1.76635e-13
-138.983 2.23703 1.7663e-13
-139.953 2.36081 1.76625e-13
-140.87 2.47753 1.7662e-13
-141.734 2.58713 1.76616e-13
-142.545 2.68958 1.76611e-13
-143.301 2.7849 1.76608e-13
-144.005 2.87319 1.76604e-13
-144.657 2.95463 1.76601e-13
-145.258 3.02941 1.76597e-13
-145.809 3.09769 1.76595e-13
-146.311 3.15956 1.76592e-13
-146.765 3.21508 1.7659e-13
-147.17 3.26432 1.76588e-13
-147.527 3.30737 1.76586e-13
-147.837 3.34438 1.76585e-13
-148.101 3.3755 1.76583e-13
-148.32 3.40088 1.76582e-13
-148.495 3.42078 1.76581e-13
-148.63 3.43555 1.76581e-13
-148.726 3.44564 1.7658e-13
-148.788 3.45148 1.7658e-13
-148.818 3.45344 1.7658e-13
-148.818 3.45177 1.7658e-13
-148.789 3.44667 1.7658e-13
-148.732 3.43829 1.76581e-13
-148.648 3.42681 1.76581e-13
-148.539 3.41247 1.76582e-13
-148.407 3.39552 1.76582e-13
-148.253 3.37618 1.76583e-13
-148.079 3.3546 1.76584e-13
-147.884 3.3308 1.76585e-13
-147.669 3.30469 1.76586e-13
-147.432 3.27617 1.76587e-13
-147.173 3.24518 1.76589e-13
-146.891 3.21168 1.7659e-13
-146.588 3.17571 1.76591e-13
-146.263 3.13724 1.76593e-13
-145.915 3.09617 1.76595e-13
-145.543 3.05225 1.76597e-13
-145.144 3.00509 1.76598e-13
-144.716 2.95435 1.76601e-13
-144.256 2.89966 1.76603e-13
-143.762 2.84072 1.76605e-13
-143.232 2.77727 1.76608e-13
-142.666 2.70906 1.76611e-13
-142.059 2.63577 1.76614e-13
-141.411 2.55701 1.76617e-13
-140.718 2.47235 1.7662e-13
-139.977 2.38137 1.76624e-13
-139.186 2.28377 1.76628e-13
-138.344 2.17935 1.76632e-13
-137.45 2.06807 1.76637e-13
-136.505 1.94987 1.76642e-13
-135.508 1.82475 1.76647e-13
-134.459 1.69264 1.76652e-13
-133.358 1.55347 1.76658e-13
-132.205 1.40724 1.76664e-13
-131 1.25401 1.7667e-13
-129.745 1.09392 1.76677e-13
-128.441 0.927164 1.76684e-13
-127.089 0.754011 1.76691e-13
-125.693 0.57474 1.76698e-13
-124.253 0.389629 1.76706e-13
-122.773 0.198971 1.76714e-13
-121.254 0.00310558 1.76722e-13
-119.7 -0.19759 1.7673e-13
-118.113 -0.402711 1.76738e-13
-116.496 -0.611822 1.76747e-13
-114.853 -0.824457 1.76756e-13
-113.187 -1.04014 1.76764e-13
-111.502 -1.25842 1.76773e-13
-109.8 -1.47885 1.76782e-13
-108.084 -1.70096 1.76792e-13
-106.359 -1.9243 1.76801e-13
-104.626 -2.14851 1.7681e-13
-102.888 -2.37324 1.76819e-13
-101.148 -2.59852 1.76828e-13
-99.4079 -2.82384 1.76838e-13
-97.6689 -3.04864 1.76847e-13
-95.9329 -3.27284 1.76856e-13
-94.201 -3.49613 1.76865e-13
-92.4752 -3.71832 1.76874e-13
-90.7565 -3.93918 1.76883e-13
-89.0467 -4.15849 1.76892e-13
-87.3468 -4.37607 1.76901e-13
-85.6582 -4.5917 1.7691e-13
-83.9829 -4.80513 1.76919e-13
-82.3228 -5.01606 1.76928e-13
-80.6797 -5.22424 1.76936e-13
-79.0551 -5.42945 1.76945e-13
-77.4502 -5.63151 1.76953e-13
-75.866 -5.83028 1.76961e-13
-74.3033 -6.02565 1.76969e-13
-72.7624 -6.21756 1.76977e-13
-71.2496 -6.40554 1.76985e-13
-69.7618 -6.58973 1.76992e-13
-68.298 -6.77051 1.77e-13
-66.858 -6.94778 1.77007e-13
-65.4386 -7.12167 1.77014e-13
-64.0414 -7.2922 1.77021e-13
-62.6644 -7.45948 1.77028e-13
-61.3076 -7.62365 1.77035e-13
-59.9698 -7.78481 1.77041e-13
-58.6565 -7.94316 1.77048e-13
-57.3627 -8.0988 1.77054e-13
-56.0835 -8.25194 1.7706e-13
-54.8203 -8.40287 1.77067e-13
-53.5689 -8.55188 1.77073