-2.94333 0.00561967 -2.30479e-19
-5.88667 0.0112402 -4.60993e-19
-8.83001 0.0168616 -6.91543e-19
-11.7734 0.0224839 -9.22128e-19
-14.7167 0.028107 -1.15275e-18
-17.6601 0.033731 -1.3834e-18
-20.6035 0.0393558 -1.61409e-18
-23.5468 0.0449815 -1.84482e-18
-26.4902 0.0506081 -2.07558e-18
-29.4336 0.0562355 -2.30638e-18
-29.4339 0.0562482 -2.3069e-18
-29.4349 0.056304 -2.30919e-18
-29.4374 0.0564292 -2.31432e-18
-29.4415 0.0566406 -2.32299e-18
-29.4473 0.0569378 -2.33519e-18
-29.4541 0.0572873 -2.34952e-18
-29.4609 0.0576379 -2.36389e-18
-29.4668 0.0579386 -2.37623e-18
-29.4707 0.0581327 -2.38419e-18
-29.4711 0.0581502 -2.38491e-18
-29.4668 0.057916 -2.3753e-18
-29.4561 0.0573573 -2.35239e-18
-29.4381 0.0564147 -2.31373e-18
-29.4119 0.0550524 -2.25786e-18
-29.3771 0.0532489 -2.18389e-18
-29.3334 0.0509863 -2.09109e-18
-29.2805 0.0482635 -1.97942e-18
-29.2192 0.0451094 -1.85007e-18
-29.1501 0.0415699 -1.7049e-18
-29.0741 0.0376929 -1.5459e-18
-28.9927 0.0335514 -1.37604e-18
-28.908 0.029267 -1.20032e-18
-28.8228 0.0249856 -1.02473e-18
-28.7398 0.0208508 -8.55151e-19
-28.6616 0.0169943 -6.96986e-19
-28.5902 0.0135265 -5.54759e-19
-28.5275 0.0105432 -4.32405e-19
-28.4752 0.00813373 -3.33588e-19
-28.4348 0.0063747 -2.61445e-19
-28.4073 0.00532335 -2.18326e-19
-28.3939 0.00502301 -2.06008e-19
-28.3951 0.00550902 -2.25941e-19
-28.4114 0.00679721 -2.78773e-19
-28.4426 0.008872 -3.63866e-19
-28.4882 0.0116984 -4.79787e-19
-28.5475 0.0152354 -6.24849e-19
-28.6196 0.0194327 -7.9699e-19
-28.7036 0.0242275 -9.93638e-19
-28.7983 0.0295496 -1.21191e-18
-28.9023 0.0353267 -1.44885e-18
-29.0147 0.041493 -1.70175e-18
-29.1346 0.0479979 -1.96853e-18
-29.2613 0.0547996 -2.24749e-18
-29.3941 0.0618578 -2.53697e-18
-29.5322 0.069116 -2.83465e-18
-29.6739 0.0764831 -3.13679e-18
-29.8172 0.0838528 -3.43905e-18
-29.9601 0.0911238 -3.73725e-18
-30.101 0.0981941 -4.02722e-18
-30.2375 0.104954 -4.30446e-18
-30.3676 0.111293 -4.56445e-18
-30.4893 0.117111 -4.80308e-18
-30.6008 0.122314 -5.01644e-18
-30.7002 0.126807 -5.20072e-18
-30.7856 0.130505 -5.35237e-18
-30.8555 0.13333 -5.46826e-18
-30.9089 0.135237 -5.54644e-18
-30.9455 0.136223 -5.5869e-18
-30.9657 0.136317 -5.59077e-18
-30.9699 0.135556 -5.55954e-18
-30.9591 0.133995 -5.49554e-18
-30.9347 0.131725 -5.40243e-18
-30.8986 0.128853 -5.28463e-18
-30.8527 0.125489 -5.14665e-18
-30.7991 0.121753 -4.99345e-18
-30.7402 0.117788 -4.83081e-18
-30.6789 0.113742 -4.66488e-18
-30.6177 0.10976 -4.50156e-18
-30.5591 0.105971 -4.34617e-18
-30.5048 0.10248 -4.20301e-18
-30.4565 0.0993749 -4.07565e-18
-30.4156 0.0967324 -3.96728e-18
-30.3833 0.0946077 -3.88014e-18
-30.3599 0.0930201 -3.81502e-18
-30.3453 0.0919653 -3.77176e-18
-30.3394 0.0914297 -3.7498e-18
-30.3417 0.0913801 -3.74776e-18
-30.351 0.0917526 -3.76304e-18
-30.3659 0.0924653 -3.79227e-18
-30.3849 0.0934312 -3.83188e-18
-30.4069 0.0945816 -3.87906e-18
-30.4315 0.0958907 -3.93276e-18
-30.4588 0.0973548 -3.9928e-18
-30.4889 0.098969 -4.059e-18
-30.5219 0.100729 -4.13119e-18
-30.558 0.102634 -4.20932e-18
-30.5972 0.104685 -4.29342e-18
-30.6397 0.106883 -4.38357e-18
-30.6855 0.109217 -4.47929e-18
-30.7338 0.111643 -4.5788e-18
-30.7835 0.114105 -4.67976e-18
-30.8337 0.116548 -4.77998e-18
-30.8835 0.118927 -4.87756e-18
-30.9322 0.121206 -4.97101e-18
-30.9794 0.123356 -5.05919e-18
-31.0244 0.125354 -5.14112e-18
-31.0669 0.127186 -5.21625e-18
-31.107 0.128853 -5.28464e-18
-31.1448 0.130367 -5.34674e-18
-31.1803 0.131742 -5.40311e-18
-31.214 0.133 -5.45472e-18
-31.2465 0.134179 -5.50306e-18
-31.2785 0.135323 -5.54997e-18
-31.3107 0.136476 -5.59727e-18
-31.3435 0.137662 -5.64593e-18
-31.3763 0.138863 -5.69517e-18
-31.4084 0.140035 -5.74325e-18
-31.4387 0.141136 -5.7884e-18
-31.4661 0.142108 -5.82824e-18
-31.4888 0.142865 -5.85933e-18
-31.505 0.143311 -5.8776e-18
-31.5126 0.143346 -5.87902e-18
-31.5101 0.142888 -5.86025e-18
-31.4965 0.141891 -5.81936e-18
-31.4713 0.140326 -5.75519e-18
-31.434 0.138167 -5.66664e-18
-31.3845 0.13541 -5.55355e-18
-31.3235 0.132093 -5.4175e-18
-31.2523 0.128279 -5.26108e-18
-31.1722 0.124031 -5.08688e-18
-31.0846 0.119429 -4.89814e-18
-30.9918 0.114581 -4.69931e-18
-30.8961 0.109611 -4.49548e-18
-30.8001 0.104642 -4.29167e-18
-30.7058 0.0997832 -4.0924e-18
-30.615 0.0951209 -3.90118e-18
-30.5292 0.0907271 -3.72098e-18
-30.4498 0.0866712 -3.55464e-18
-30.378 0.0830067 -3.40434e-18
-30.3141 0.079757 -3.27106e-18
-30.2586 0.076929 -3.15508e-18
-30.2115 0.074528 -3.05661e-18
-30.1731 0.0725587 -2.97584e-18
-30.1435 0.0710265 -2.913e-18
-30.1229 0.0699368 -2.86831e-18
-30.1114 0.0692948 -2.84198e-18
-30.1093 0.0691053 -2.83421e-18
-30.1165 0.0693726 -2.84517e-18
-30.1333 0.0701012 -2.87505e-18
-30.1597 0.0712955 -2.92403e-18
-30.1956 0.0729495 -2.99187e-18
-30.2404 0.0750358 -3.07744e-18
-30.2934 0.077516 -3.17916e-18
-30.3537 0.0803522 -3.29548e-18
-30.4207 0.0835063 -3.42483e-18
-30.4933 0.0869385 -3.5656e-18
-30.5709 0.0906088 -3.71613e-18
-30.6525 0.0944777 -3.8748e-18
-30.7374 0.0985145 -4.04036e-18
-30.8254 0.102706 -4.21227e-18
-30.9161 0.107048 -4.39034e-18
-31.0094 0.111534 -4.57434e-18
-31.1051 0.116164 -4.76423e-18
-31.2034 0.120944 -4.96027e-18
-31.3042 0.125885 -5.16289e-18
-31.4076 0.130992 -5.37237e-18
-31.5135 0.136259 -5.58839e-18
-31.621 0.141651 -5.80953e-18
-31.7293 0.147118 -6.03373e-18
-31.8371 0.152605 -6.25878e-18
-31.9433 0.158049 -6.48206e-18
-32.0463 0.163366 -6.70013e-18
-32.1443 0.168463 -6.90917e-18
-32.2355 0.173245 -7.10529e-18
-32.3183 0.177629 -7.28508e-18
-32.3916 0.181554 -7.44606e-18
-32.4545 0.184973 -7.5863e-18
-32.5064 0.187841 -7.70392e-18
-32.5466 0.190129 -7.79774e-18
-32.5753 0.191839 -7.86785e-18
-32.5929 0.19299 -7.91509e-18
-32.6 0.193607 -7.94039e-18
-32.5973 0.193722 -7.94509e-18
-32.5858 0.193383 -7.93119e-18
-32.5667 0.192649 -7.90108e-18
-32.5412 0.19158 -7.85725e-18
-32.5103 0.190227 -7.80178e-18
-32.4747 0.188619 -7.73582e-18
-32.4348 0.186772 -7.66008e-18
-32.3909 0.184707 -7.57535e-18
-32.3436 0.182446 -7.48263e-18
-32.2935 0.180022 -7.38323e-18
-32.2414 0.177471 -7.27861e-18
-32.1879 0.174832 -7.17035e-18
-32.1338 0.17214 -7.05997e-18
-32.0797 0.169428 -6.94872e-18
-32.0262 0.166722 -6.83776e-18
-31.9736 0.164054 -6.72832e-18
-31.9228 0.161455 -6.62173e-18
-31.8742 0.158963 -6.51952e-18
-31.8287 0.156617 -6.42332e-18
-31.787 0.154458 -6.33475e-18
-31.7495 0.152511 -6.2549e-18
-31.7161 0.150778 -6.18384e-18
-31.6866 0.149247 -6.12107e-18
-31.6607 0.147905 -6.06602e-18
-31.6381 0.14674 -6.01825e-18
-31.6185 0.14575 -5.97761e-18
-31.6021 0.144932 -5.94406e-18
-31.5885 0.144283 -5.91746e-18
-31.5776 0.143792 -5.89733e-18
-31.5688 0.143431 -5.88251e-18
-31.5613 0.143162 -5.8715e-18
-31.5542 0.142947 -5.86269e-18
-31.5468 0.142739 -5.85415e-18
-31.5377 0.142477 -5.84341e-18
-31.5256 0.142094 -5.82769e-18
-31.5092 0.141521 -5.80418e-18
-31.4877 0.14071 -5.77094e-18
-31.4608 0.139658 -5.72779e-18
-31.429 0.138383 -5.67548e-18
-31.3926 0.136902 -5.61475e-18
-31.3521 0.135239 -5.54652e-18
-31.3081 0.133427 -5.47222e-18
-31.2615 0.131507 -5.39347e-18
-31.2131 0.129516 -5.31184e-18
-31.1636 0.127496 -5.22899e-18
-31.1141 0.125495 -5.14692e-18
-31.0656 0.123564 -5.0677e-18
-31.0192 0.12175 -4.99332e-18
-30.9753 0.120077 -4.92471e-18
-30.9335 0.118517 -4.86071e-18
-30.8929 0.117014 -4.79909e-18
-30.8525 0.115514 -4.73757e-18
-30.8113 0.113959 -4.6738e-18
-30.7681 0.112286 -4.60518e-18
-30.7218 0.110431 -4.52908e-18
-30.6714 0.108332 -4.44299e-18
-30.616 0.105946 -4.34517e-18
-30.5555 0.103265 -4.23521e-18
-30.4903 0.100299 -4.11356e-18
-30.4205 0.0970626 -3.98082e-18
-30.3468 0.0935797 -3.83797e-18
-30.2698 0.0898863 -3.6865e-18
-30.1902 0.0860264 -3.52819e-18
-30.1091 0.0820483 -3.36504e-18
-30.0275 0.0780055 -3.19923e-18
-29.9464 0.0739588 -3.03326e-18
-29.867 0.0699731 -2.8698e-18
-29.7906 0.0661149 -2.71156e-18
-29.7184 0.0624554 -2.56148e-18
-29.652 0.0590737 -2.42278e-18
-29.5928 0.0560523 -2.29887e-18
-29.5423 0.0534713 -2.19301e-18
-29.502 0.0514085 -2.10841e-18
-29.4731 0.0499384 -2.04812e-18
-29.4571 0.0491313 -2.01502e-18
-29.4551 0.0490522 -2.01177e-18
-29.4679 0.0497423 -2.04008e-18
-29.4955 0.0512014 -2.09992e-18
-29.5374 0.0534042 -2.19026e-18
-29.593 0.0563192 -2.30981e-18
-29.6609 0.059877 -2.45573e-18
-29.7385 0.0639361 -2.6222e-18
-29.8223 0.0683166 -2.80186e-18
-29.9089 0.0728374 -2.98727e-18
-29.9948 0.0773169 -3.17099e-18
-30.0765 0.0815733 -3.34555e-18
-30.1507 0.0854274 -3.50363e-18
-30.2138 0.0887053 -3.63806e-18
-30.2631 0.0912546 -3.74262e-18
-30.2963 0.0929614 -3.81262e-18
-30.3116 0.0937365 -3.8444e-18
-30.3074 0.0934993 -3.83468e-18
-30.2831 0.0922192 -3.78218e-18
-30.2398 0.0899574 -3.68941e-18
-30.1795 0.0868261 -3.56099e-18
-30.1043 0.0829438 -3.40176e-18
-30.0169 0.0784492 -3.21743e-18
-29.9205 0.0735173 -3.01516e-18
-29.8186 0.0683411 -2.80287e-18
-29.715 0.0631122 -2.58841e-18
-29.6127 0.0580079 -2.37907e-18
-29.5148 0.0531791 -2.18103e-18
-29.4236 0.0487585 -1.99973e-18
-29.3416 0.044871 -1.84029e-18
-29.2707 0.0416194 -1.70693e-18
-29.2122 0.0390692 -1.60234e-18
-29.1669 0.0372618 -1.52822e-18
-29.1354 0.0362284 -1.48583e-18
-29.1178 0.0359677 -1.47514e-18
-29.1132 0.0364221 -1.49377e-18
-29.1199 0.0375014 -1.53804e-18
-29.1362 0.0391089 -1.60397e-18
-29.1604 0.0411525 -1.68778e-18
-29.1914 0.0435571 -1.7864e-18
-29.2279 0.0462556 -1.89708e-18
-29.2688 0.0491794 -2.01699e-18
-29.3131 0.0522616 -2.1434e-18
-29.3596 0.0554413 -2.27381e-18
-29.4076 0.0586623 -2.40591e-18
-29.456 0.0618703 -2.53748e-18
-29.5039 0.0650078 -2.66616e-18
-29.5501 0.068007 -2.78916e-18
-29.5933 0.0707975 -2.90361e-18
-29.6324 0.0733152 -3.00687e-18
-29.6669 0.075533 -3.09782e-18
-29.6977 0.0774941 -3.17826e-18
-29.7263 0.0792809 -3.25154e-18
-29.7545 0.0809804 -3.32124e-18
-29.784 0.0826838 -3.3911e-18
-29.8165 0.0844863 -3.46503e-18
-29.854 0.0864853 -3.54701e-18
-29.8983 0.088779 -3.64108e-18
-29.9506 0.0914348 -3.75e-18
-30.0109 0.0944579 -3.87399e-18
-30.0787 0.0978202 -4.01189e-18
-30.1534 0.101492 -4.16249e-18
-30.2336 0.105409 -4.32311e-18
-30.3167 0.109431 -4.48807e-18
-30.3991 0.113383 -4.65015e-18
-30.4775 0.117091 -4.80225e-18
-30.5487 0.120391 -4.93757e-18
-30.6097 0.123128 -5.04984e-18
-30.6576 0.125161 -5.1332e-18
-30.6897 0.126352 -5.18206e-18
-30.7042 0.126608 -5.19254e-18
-30.7005 0.12591 -5.16393e-18
-30.6793 0.124285 -5.0973e-18
-30.6409 0.121767 -4.99401e-18
-30.5866 0.118425 -4.85694e-18
-30.519 0.114398 -4.6918e-18
-30.4414 0.109863 -4.50581e-18
-30.3572 0.104996 -4.30621e-18
-30.2691 0.0999565 -4.09951e-18
-30.1796 0.0948631 -3.89061e-18
-30.0904 0.0898139 -3.68353e-18
-30.0032 0.0849026 -3.4821e-18
-29.9194 0.0802022 -3.28932e-18
-29.8396 0.0757474 -3.10662e-18
-29.7642 0.0715505 -2.93449e-18
-29.6931 0.0676188 -2.77324e-18
-29.6262 0.0639331 -2.62208e-18
-29.562 0.0604249 -2.4782e-18
-29.4988 0.0569993 -2.33771e-18
-29.4347 0.0535595 -2.19663e-18
-29.3682 0.0500166 -2.05132e-18
-29.2977 0.0462991 -1.89886e-18
-29.2222 0.0423458 -1.73672e-18
-29.1406 0.0380974 -1.56248e-18
-29.052 0.0335101 -1.37435e-18
-28.9562 0.0285703 -1.17175e-18
-28.8531 0.023281 -9.5482e-19
-28.743 0.0176486 -7.23819e-19
-28.6258 0.0116813 -4.79083e-19
-28.5018 0.00538824 -2.20987e-19
-28.3711 -0.00121993 5.00327e-20
-28.2338 -0.00813027 3.33446e-19
-28.0902 -0.0153269 6.28601e-19
-27.9405 -0.0227903 9.34697e-19
-27.785 -0.0304989 1.25085e-18
-27.6241 -0.0384304 1.57614e-18
-27.4583 -0.0465516 1.90922e-18
-27.2886 -0.0548068 2.24779e-18
-27.1162 -0.0631299 2.58914e-18
-26.9421 -0.0714573 2.93067e-18
-26.7676 -0.0797211 3.26959e-18
-26.5942 -0.0878405 3.60259e-18
-26.4234 -0.0957313 3.92622e-18
-26.2568 -0.103316 4.23727e-18
-26.0958 -0.110514 4.53248e-18
-25.9422 -0.117235 4.80813e-18
-25.7978 -0.123387 5.06044e-18
-25.6643 -0.128887 5.28603e-18
-25.543 -0.13367 5.48221e-18
-25.4348 -0.137696 5.64732e-18
-25.3403 -0.140942 5.78044e-18
-25.2599 -0.143394 5.88101e-18
-25.1935 -0.145072 5.94982e-18
-25.1399 -0.146051 5.98997e-18
-25.0959 -0.146542 6.0101e-18
-25.0605 -0.146577 6.01153e-18
-25.0325 -0.146222 5.99697e-18
-25.0091 -0.145641 5.97316e-18
-24.9885 -0.144935 5.94422e-18
-24.9682 -0.14425 5.91611e-18
-24.9463 -0.143695 5.89333e-18
-24.9205 -0.143403 5.88136e-18
-24.8886 -0.143486 5.88477e-18
-24.8488 -0.144058 5.90825e-18
-24.8001 -0.145174 5.95401e-18
-24.7432 -0.146797 6.02059e-18
-24.6801 -0.148834 6.1041e-18
-24.6127 -0.151182 6.20043e-18
-24.5435 -0.153717 6.30439e-18
-24.4754 -0.156278 6.40943e-18
-24.4121 -0.158684 6.50811e-18
-24.3568 -0.16075 6.59284e-18
-24.3127 -0.162318 6.65711e-18
-24.2816 -0.163284 6.69675e-18
-24.2648 -0.163579 6.70883e-18
-24.2635 -0.163131 6.69048e-18
-24.2785 -0.161898 6.6399e-18
-24.3095 -0.159887 6.55743e-18
-24.3559 -0.157135 6.44457e-18
-24.4166 -0.153682 6.30295e-18
-24.4911 -0.14956 6.13387e-18
-24.579 -0.144782 5.93793e-18
-24.6801 -0.139356 5.71538e-18
-24.7942 -0.133291 5.46664e-18
-24.9215 -0.126572 5.19107e-18
-25.0634 -0.119128 4.88578e-18
-25.2218 -0.110863 4.54682e-18
-25.3983 -0.101687 4.17048e-18
-25.5941 -0.0915434 3.75446e-18
-25.8091 -0.0804373 3.29897e-18
-26.0425 -0.0684088 2.80564e-18
-26.2936 -0.0555049 2.27642e-18
-26.5591 -0.0419497 1.72048e-18
-26.8371 -0.0278159 1.14081e-18
-27.1246 -0.0132278 5.42511e-19
-27.4174 0.00156211 -6.40667e-20
-27.7123 0.0164062 -6.72867e-19
-28.0064 0.0311352 -1.27695e-18
-28.2975 0.0456392 -1.87179e-18
-28.5832 0.0597877 -2.45207e-18
-28.8619 0.0734968 -3.01432e-18
-29.1329 0.0867259 -3.55688e-18
-29.3962 0.0994737 -4.0797e-18
-29.6517 0.11174 -4.58278e-18
-29.8999 0.123553 -5.06725e-18
-30.1423 0.13498 -5.5359e-18
-30.3804 0.146114 -5.99257e-18
-30.6161 0.157052 -6.44115e-18
-30.8505 0.167856 -6.88427e-18
-31.0835 0.178521 -7.32166e-18
-31.3142 0.189004 -7.75159e-18
-31.5417 0.199264 -8.17237e-18
-31.7648 0.209248 -8.58186e-18
-31.9821 0.218877 -8.97677e-18
-32.1916 0.228059 -9.35335e-18
-32.3915 0.236704 -9.70792e-18
-32.5806 0.244751 -1.00379e-17
-32.7585 0.252189 -1.0343e-17
-32.9257 0.259038 -1.06239e-17
-33.0823 0.265317 -1.08814e-17
-33.229 0.271064 -1.11171e-17
-33.367 0.27634 -1.13335e-17
-33.4977 0.281224 -1.15338e-17
-33.6225 0.285792 -1.17211e-17
-33.7433 0.29014 -1.18995e-17
-33.8626 0.294407 -1.20745e-17
-33.9835 0.298747 -1.22525e-17
-34.1089 0.303311 -1.24397e-17
-34.2411 0.30822 -1.2641e-17
-34.3815 0.313534 -1.2859e-17
-34.5307 0.319289 -1.3095e-17
-34.6894 0.325514 -1.33503e-17
-34.8571 0.332179 -1.36236e-17
-35.0316 0.339157 -1.39098e-17
-35.2094 0.346266 -1.42014e-17
-35.3872 0.353323 -1.44908e-17
-35.5613 0.360133 -1.47701e-17
-35.7277 0.366475 -1.50302e-17
-35.8819 0.37212 -1.52617e-17
-36.0199 0.376848 -1.54556e-17
-36.1385 0.380486 -1.56048e-17
-36.236 0.382951 -1.57059e-17
-36.3119 0.384215 -1.57578e-17
-36.3659 0.384261 -1.57597e-17
-36.3986 0.383123 -1.5713e-17
-36.4123 0.380923 -1.56227e-17
-36.4101 0.377834 -1.54961e-17
-36.3956 0.37404 -1.53405e-17
-36.3719 0.369717 -1.51632e-17
-36.342 0.365024 -1.49707e-17
-36.3084 0.360108 -1.4769e-17
-36.2739 0.355119 -1.45645e-17
-36.2405 0.350168 -1.43614e-17
-36.2085 0.345281 -1.4161e-17
-36.1773 0.340441 -1.39625e-17
-36.1464 0.335627 -1.3765e-17
-36.115 0.330809 -1.35674e-17
-36.082 0.325934 -1.33675e-17
-36.0459 0.320939 -1.31626e-17
-36.0053 0.315757 -1.29501e-17
-35.9595 0.310354 -1.27285e-17
-35.9089 0.30476 -1.24991e-17
-35.8546 0.299042 -1.22646e-17
-35.7978 0.29326 -1.20274e-17
-35.7397 0.287483 -1.17905e-17
-35.6817 0.281791 -1.15571e-17
-35.6253 0.276268 -1.13305e-17
-35.5722 0.270993 -1.11142e-17
-35.5234 0.266035 -1.09109e-17
-35.4801 0.261443 -1.07225e-17
-35.4429 0.257257 -1.05509e-17
-35.4125 0.253509 -1.03971e-17
-35.3892 0.250216 -1.02621e-17
-35.3729 0.247368 -1.01453e-17
-35.3631 0.24494 -1.00457e-17
-35.3593 0.242901 -9.96205e-18
-35.361 0.24122 -9.89314e-18
-35.3677 0.239874 -9.83791e-18
-35.3791 0.238837 -9.79539e-18
-35.3947 0.238085 -9.76454e-18
-35.4145 0.237612 -9.74514e-18
-35.4393 0.237457 -9.7388e-18
-35.4702 0.237682 -9.74801e-18
-35.5086 0.238345 -9.7752e-18
-35.5558 0.239517 -9.8233e-18
-35.6137 0.241298 -9.89631e-18
-35.6844 0.243794 -9.9987e-18
-35.7701 0.247112 -1.01348e-17
-35.8717 0.251301 -1.03066e-17
-35.9879 0.256299 -1.05115e-17
-36.1166 0.261986 -1.07448e-17
-36.2554 0.268241 -1.10013e-17
-36.4009 0.274887 -1.12739e-17
-36.5476 0.281643 -1.1551e-17
-36.6891 0.288173 -1.18188e-17
-36.8189 0.294148 -1.20638e-17
-36.9308 0.299247 -1.2273e-17
-37.0187 0.303159 -1.24334e-17
-37.0767 0.305583 -1.25329e-17
-37.099 0.306236 -1.25596e-17
-37.0806 0.304865 -1.25034e-17
-37.0175 0.301272 -1.2356e-17
-36.9062 0.295295 -1.21109e-17
-36.7436 0.286791 -1.17621e-17
-36.5279 0.275685 -1.13066e-17
-36.2596 0.262025 -1.07464e-17
-35.9406 0.24593 -1.00863e-17
-35.573 0.22753 -9.33165e-18
-35.16 0.207012 -8.49017e-18
-34.7067 0.184669 -7.57383e-18
-34.2193 0.160845 -6.59673e-18
-33.7041 0.135883 -5.57297e-18
-33.1676 0.110138 -4.51706e-18
-32.6167 0.0839891 -3.44463e-18
-32.0586 0.057824 -2.37153e-18
-31.5002 0.0320104 -1.31284e-18
-30.9479 0.00688406 -2.82335e-19
-30.4072 -0.017267 7.0817e-19
-29.8828 -0.0401926 1.64842e-18
-29.3793 -0.06167 2.52927e-18
-28.9 -0.081531 3.34382e-18
-28.4466 -0.0996991 4.08895e-18
-28.0203 -0.116136 4.76309e-18
-27.6218 -0.130824 5.36546e-18
-27.2508 -0.1438 5.89767e-18
-26.9061 -0.155151 6.36318e-18
-26.586 -0.164998 6.76706e-18
-26.2884 -0.173484 7.11507e-18
-26.0109 -0.180753 7.41322e-18
-25.7515 -0.18695 7.66737e-18
-25.508 -0.192217 7.88337e-18
-25.2783 -0.196696 8.06708e-18
-25.0605 -0.200513 8.22362e-18
-24.8537 -0.203748 8.35627e-18
-24.6576 -0.206445 8.4669e-18
-24.4717 -0.208649 8.55731e-18
-24.2923 -0.210707 8.64172e-18
-24.1231 -0.212355 8.7093e-18
-23.9669 -0.213389 8.7517e-18
-23.8237 -0.213883 8.77195e-18
-23.6957 -0.213693 8.76416e-18
-23.5838 -0.212814 8.72812e-18
-23.4899 -0.21113 8.65903e-18
-23.4154 -0.208592 8.55495e-18
-23.362 -0.205108 8.41208e-18
-23.3304 -0.200649 8.2292e-18
-23.3215 -0.195168 8.00439e-18
-23.3359 -0.188636 7.73651e-18
-23.3743 -0.180962 7.42179e-18
-23.4357 -0.172243 7.06419e-18
-23.5192 -0.162558 6.66698e-18
-23.6236 -0.151942 6.23156e-18
-23.7475 -0.140491 5.76192e-18
-23.8888 -0.128308 5.2623e-18
-24.0446 -0.115549 4.739e-18
-24.2125 -0.102341 4.19732e-18
-24.3896 -0.0888425 3.64369e-18
-24.5728 -0.0752121 3.08467e-18
-24.7589 -0.061629 2.52758e-18
-24.9443 -0.0482654 1.9795e-18
-25.1264 -0.0352656 1.44635e-18
-25.3035 -0.022748 9.32963e-19
-25.4735 -0.0108167 4.43624e-19
-25.6348 0.000441366 -1.81017e-20
-25.7863 0.0109581 -4.49421e-19
-25.9278 0.0207165 -8.49644e-19
-26.0593 0.0297216 -1.21897e-18
-26.1813 0.037999 -1.55845e-18
-26.2945 0.0455826 -1.86947e-18
-26.4005 0.0525412 -2.15487e-18
-26.501 0.0589617 -2.41819e-18
-26.5979 0.0649425 -2.66348e-18
-26.6926 0.0705562 -2.89372e-18
-26.7852 0.0758162 -3.10944e-18
-26.8756 0.0807085 -3.31009e-18
-26.9636 0.0852286 -3.49547e-18
-27.0483 0.0893391 -3.66405e-18
-27.1274 0.0929249 -3.81112e-18
-27.1979 0.0958372 -3.93056e-18
-27.2569 0.0979383 -4.01673e-18
-27.3019 0.0991014 -4.06443e-18
-27.3302 0.0992065 -4.06875e-18
-27.3395 0.0981447 -4.0252e-18
-27.3275 0.09582 -3.92986e-18
-27.2928 0.0921753 -3.78037e-18
-27.2352 0.0872173 -3.57703e-18
-27.1549 0.0809907 -3.32166e-18
-27.0527 0.073549 -3.01646e-18
-26.9297 0.0649775 -2.66492e-18
-26.7881 0.0554188 -2.27288e-18
-26.6306 0.0450438 -1.84738e-18
-26.4602 0.0340218 -1.39533e-18
-26.2798 0.0225424 -9.24529e-19
-26.0937 0.0108399 -4.44574e-19
-25.9061 -0.000836068 3.42896e-20
-25.7213 -0.0122508 5.02439e-19
-25.5434 -0.0231668 9.50138e-19
-25.3772 -0.0333249 1.36675e-18
-25.2275 -0.0424674 1.74171e-18
-25.0985 -0.0503635 2.06555e-18
-24.9937 -0.0568375 2.33107e-18
-24.9148 -0.0617977 2.5345e-18
-24.8627 -0.0652103 2.67446e-18
-24.8375 -0.0670708 2.75077e-18
-24.8383 -0.0674534 2.76646e-18
-24.8614 -0.066563 2.72994e-18
-24.9018 -0.0646806 2.65274e-18
-24.9543 -0.0621048 2.5471e-18
-25.013 -0.0591661 2.42657e-18
-25.0712 -0.0562423 2.30666e-18
-25.1217 -0.0537339 2.20378e-18
-25.1576 -0.0520389 2.13427e-18
-25.1717 -0.0515491 2.11418e-18
-25.1572 -0.0526478 2.15924e-18
-25.1072 -0.0556973 2.28431e-18
-25.0158 -0.0610457 2.50366e-18
-24.8776 -0.0689961 2.82973e-18
-24.6875 -0.0797966 3.27269e-18
-24.4426 -0.0936272 3.83992e-18
-24.1403 -0.11064 4.53765e-18
-23.7784 -0.130948 5.37057e-18
-23.3556 -0.154614 6.34116e-18
-22.8712 -0.181661 7.45044e-18
-22.3254 -0.212069 8.69756e-18
-21.7191 -0.245771 1.00798e-17
-21.0546 -0.28263 1.15915e-17
-20.3348 -0.322463 1.32251e-17
-19.5632 -0.365054 1.49719e-17
-18.7445 -0.410137 1.68209e-17
-17.8845 -0.457369 1.8758e-17
-16.9902 -0.506321 2.07657e-17
-16.0684 -0.556623 2.28287e-17
-15.1266 -0.607863 2.49302e-17
-14.1733 -0.659555 2.70503e-17
-13.2172 -0.711224 2.91693e-17
-12.2669 -0.76238 3.12674e-17
-11.331 -0.81255 3.3325e-17
-10.4187 -0.861228 3.53215e-17
-9.53919 -0.907924 3.72366e-17
-8.70097 -0.952169 3.90512e-17
-7.91171 -0.993557 4.07486e-17
-7.17768 -1.03175 4.23151e-17
-6.50406 -1.06649 4.37396e-17
-5.89536 -1.09752 4.50126e-17
-5.35476 -1.12471 4.61276e-17
-4.88347 -1.14799 4.70826e-17
-4.48137 -1.1674 4.78785e-17
-4.1477 -1.18299 4.85179e-17
-3.88076 -1.19488 4.90054e-17
-3.67762 -1.20324 4.93483e-17
-3.53451 -1.2083 4.95558e-17
-3.44724 -1.2103 4.96381e-17
-3.4119 -1.20949 4.96047e-17
-3.42551 -1.20604 4.94634e-17
-3.48546 -1.20013 4.92208e-17
-3.589 -1.19192 4.88839e-17
-3.73332 -1.18158 4.84598e-17
-3.91564 -1.16928 4.79555e-17
-4.13319 -1.15519 4.73775e-17
-4.38326 -1.13946 4.67324e-17
-4.66346 -1.12223 4.6026e-17
-4.97206 -1.10361 4.52623e-17
-5.30776 -1.08367 4.44443e-17
-5.66933 -1.06247 4.35749e-17
-6.05555 -1.04008 4.26567e-17
-6.46508 -1.01657 4.16925e-17
-6.89674 -0.991953 4.06828e-17
-7.34906 -0.966328 3.96319e-17
-7.82083 -0.93977 3.85427e-17
-8.31093 -0.912311 3.74165e-17
-8.81817 -0.884014 3.62559e-17
-9.34151 -0.854911 3.50624e-17
-9.87975 -0.82506 3.38381e-17
-10.4318 -0.794503 3.25848e-17
-10.9963 -0.763298 3.1305e-17
-11.5721 -0.731498 3.00008e-17
-12.1576 -0.699174 2.86751e-17
-12.7512 -0.666407 2.73313e-17
-13.3508 -0.633297 2.59733e-17
-13.9545 -0.599944 2.46054e-17
-14.5607 -0.566429 2.32309e-17
-15.1691 -0.532773 2.18506e-17
-15.7797 -0.498977 2.04645e-17
-16.3927 -0.465044 1.90728e-17
-17.0074 -0.430981 1.76758e-17
-17.6256 -0.396736 1.62713e-17
-18.2489 -0.362254 1.48571e-17
-18.8783 -0.327494 1.34315e-17
-19.5153 -0.292404 1.19923e-17
-20.1612 -0.256926 1.05373e-17
-20.8177 -0.220986 9.06328e-18
-21.4864 -0.184532 7.56819e-18
-22.1685 -0.147547 6.05134e-18
-22.8628 -0.110103 4.51563e-18
-23.568 -0.072311 2.96568e-18
-24.2822 -0.0342827 1.40603e-18
-25.0035 0.00385465 -1.5809e-19
-25.7292 0.0419321 -1.71976e-18
-26.4561 0.0797671 -3.27148e-18
-27.1813 0.117191 -4.80634e-18
-27.9027 0.154068 -6.31878e-18
-28.6187 0.190317 -7.80544e-18
-29.3289 0.225891 -9.26446e-18
-30.0327 0.260767 -1.06948e-17
-30.7302 0.294939 -1.20963e-17
-31.4167 0.32799 -1.34518e-17
-32.0961 0.360254 -1.4775e-17
-32.7724 0.392032 -1.60784e-17
-33.4444 0.42321 -1.73571e-17
-34.1136 0.453925 -1.86168e-17
-34.7791 0.48412 -1.98552e-17
-35.4416 0.513872 -2.10754e-17
-36.1002 0.543142 -2.22758e-17
-36.7531 0.571867 -2.34539e-17
-37.3974 0.599912 -2.46041e-17
-38.0303 0.627169 -2.5722e-17
-38.6487 0.65349 -2.68015e-17
-39.2496 0.678743 -2.78372e-17
-39.8296 0.702787 -2.88233e-17
-40.3852 0.725462 -2.97533e-17
-40.9131 0.746617 -3.06209e-17
-41.4096 0.766082 -3.14192e-17
-41.871 0.783685 -3.21412e-17
-42.2935 0.799254 -3.27797e-17
-42.6741 0.812638 -3.33286e-17
-43.0101 0.823724 -3.37833e-17
-43.2997 0.832419 -3.41399e-17
-43.5407 0.838635 -3.43949e-17
-43.7312 0.842266 -3.45438e-17
-43.8683 0.843179 -3.45812e-17
-43.9491 0.841225 -3.45011e-17
-43.9708 0.836263 -3.42976e-17
-43.9311 0.828179 -3.3966e-17
-43.8289 0.81691 -3.35038e-17
-43.6639 0.8025 -3.29128e-17
-43.4354 0.784873 -3.21899e-17
-43.1439 0.764026 -3.13349e-17
-42.792 0.740107 -3.03539e-17
-42.383 0.713267 -2.92532e-17
-41.9204 0.683707 -2.80408e-17
-41.4084 0.651618 -2.67247e-17
-40.8513 0.617242 -2.53149e-17
-40.2527 0.580812 -2.38208e-17
-39.6187 0.54261 -2.2254e-17
-38.9551 0.502894 -2.06251e-17
-38.2664 0.461928 -1.8945e-17
-37.5582 0.419976 -1.72244e-17
-36.8354 0.377303 -1.54743e-17
-36.1029 0.334163 -1.3705e-17
-35.3646 0.290771 -1.19254e-17
-34.6244 0.247319 -1.01433e-17
-33.8858 0.203995 -8.36644e-18
-33.152 0.160976 -6.60209e-18
-32.4255 0.118389 -4.85546e-18
-31.7082 0.07634 -3.13092e-18
-31.0019 0.0349306 -1.4326e-18
-30.3084 -0.00573586 2.35244e-19
-29.6294 -0.045563 1.86867e-18
-28.9663 -0.0844678 3.46427e-18
-28.3207 -0.122356 5.01816e-18
-27.6944 -0.159126 6.5262e-18
-27.089 -0.194679 7.98434e-18
-26.5063 -0.22891 9.38825e-18
-25.9479 -0.261722 1.0734e-17
-25.4154 -0.293018 1.20175e-17
-24.9107 -0.322684 1.32342e-17
-24.4358 -0.350609 1.43795e-17
-23.9924 -0.376693 1.54493e-17
-23.5824 -0.400829 1.64391e-17
-23.2082 -0.422876 1.73434e-17
-22.8726 -0.442691 1.8156e-17
-22.5779 -0.460144 1.88718e-17
-22.3259 -0.475137 1.94868e-17
-22.1177 -0.487613 1.99984e-17
-21.9539 -0.497542 2.04056e-17
-21.8346 -0.504916 2.07081e-17
-21.7597 -0.509755 2.09065e-17
-21.7282 -0.512111 2.10032e-17
-21.7388 -0.512064 2.10012e-17
-21.7899 -0.509709 2.09046e-17
-21.8791 -0.505175 2.07187e-17
-22.0033 -0.498647 2.0451e-17
-22.1585 -0.490339 2.01102e-17
-22.3408 -0.480472 1.97056e-17
-22.5462 -0.469271 1.92462e-17
-22.7707 -0.456958 1.87412e-17
-23.0103 -0.44375 1.81995e-17
-23.2611 -0.429863 1.76299e-17
-23.5197 -0.415495 1.70407e-17
-23.7828 -0.400817 1.64387e-17
-24.0477 -0.385981 1.58302e-17
-24.3119 -0.371124 1.52209e-17
-24.5733 -0.356356 1.46152e-17
-24.8309 -0.341732 1.40154e-17
-25.0842 -0.327276 1.34225e-17
-25.333 -0.312997 1.28369e-17
-25.5773 -0.298882 1.2258e-17
-25.8178 -0.28489 1.16842e-17
-26.0555 -0.270956 1.11127e-17
-26.2917 -0.257009 1.05407e-17
-26.5274 -0.24297 9.96491e-18
-26.7641 -0.228754 9.38187e-18
-27.0031 -0.214273 8.78796e-18
-27.2459 -0.199439 8.17959e-18
-27.4935 -0.184171 7.55339e-18
-27.7471 -0.168402 6.90663e-18
-28.0073 -0.152075 6.23702e-18
-28.2748 -0.135145 5.54271e-18
-28.5496 -0.117593 4.82284e-18
-28.8311 -0.0994329 4.07803e-18
-29.1183 -0.0807103 3.31016e-18
-29.4097 -0.061486 2.52172e-18
-29.7039 -0.041832 1.71565e-18
-29.9989 -0.0218334 8.95452e-19
-30.293 -0.00158478 6.49964e-20
-30.5838 0.0188031 -7.71169e-19
-30.8693 0.0392178 -1.60843e-18
-31.1476 0.0595639 -2.44289e-18
-31.4171 0.0797471 -3.27066e-18
-31.6757 0.0996606 -4.08737e-18
-31.9215 0.119203 -4.88886e-18
-32.1529 0.138278 -5.67116e-18
-32.3683 0.156787 -6.43028e-18
-32.566 0.174631 -7.16214e-18
-32.7437 0.191676 -7.8612e-18
-32.8976 0.20774 -8.52002e-18
-33.0242 0.2226 -9.12946e-18
-33.1186 0.23602 -9.67986e-18
-33.1779 0.247807 -1.01633e-17
-33.1991 0.257765 -1.05717e-17
-33.1786 0.26571 -1.08975e-17
-33.1134 0.271458 -1.11333e-17
-33.0006 0.274848 -1.12723e-17
-32.8384 0.275804 -1.13115e-17
-32.6247 0.274222 -1.12466e-17
-32.3577 0.269948 -1.10713e-17
-32.0359 0.262888 -1.07818e-17
-31.6584 0.252983 -1.03756e-17
-31.2243 0.240178 -9.8504e-18
-30.7331 0.224444 -9.20511e-18
-30.1837 0.20571 -8.43677e-18
-29.5732 0.18383 -7.53941e-18
-28.8983 0.158618 -6.50539e-18
-28.1487 0.129299 -5.30294e-18
-27.3261 0.0961309 -3.94261e-18
-26.4309 0.0592425 -2.42971e-18
-25.4574 0.0182588 -7.48845e-19
-24.405 -0.0267941 1.0989e-18
-23.2701 -0.0761268 3.12218e-18
-22.0524 -0.129725 5.32038e-18
-20.7504 -0.187677 7.69719e-18
-19.3642 -0.249954 1.02513e-17
-17.893 -0.316591 1.29843e-17
-16.3361 -0.387602 1.58967e-17
-14.6925 -0.463035 1.89904e-17
-12.9617 -0.542891 2.22655e-17
-11.1436 -0.627163 2.57218e-17
-9.23869 -0.715803 2.93571e-17
-7.24783 -0.808749 3.31691e-17
-5.17232 -0.905911 3.7154e-17
-3.01442 -1.00715 4.13063e-17
-0.778052 -1.11225 4.56167e-17
1.5319 -1.22093 5.00739e-17
3.91036 -1.33291 5.46664e-17
6.35065 -1.44781 5.9379e-17
8.8431 -1.56513 6.41904e-17
11.3766 -1.68426 6.90762e-17
13.94 -1.80461 7.40122e-17
16.5218 -1.92557 7.89732e-17
19.1093 -2.04648 8.3932e-17
21.6898 -2.16665 8.88608e-17
24.2506 -2.28545 9.37328e-17
26.779 -2.4022 9.85211e-17
29.2614 -2.5162 1.03197e-16
31.6838 -2.62674 1.0773e-16
34.0333 -2.73317 1.12095e-16
36.299 -2.83494 1.16269e-16
38.4735 -2.93169 1.20237e-16
40.5521 -3.0232 1.2399e-16
42.5304 -3.10928 1.27521e-16
44.4062 -3.18987 1.30826e-16
46.1805 -3.26504 1.33909e-16
47.8559 -3.33498 1.36777e-16
49.4358 -3.39991 1.3944e-16
50.9238 -3.46007 1.41907e-16
52.324 -3.51571 1.44189e-16
53.6404 -3.56708 1.46296e-16
54.8773 -3.61447 1.4824e-16
56.0389 -3.65813 1.50031e-16
57.1287 -3.69828 1.51677e-16
58.1495 -3.7351 1.53187e-16
59.1043 -3.76878 1.54569e-16
59.995 -3.79945 1.55826e-16
60.8211 -3.82711 1.56961e-16
61.5809 -3.8517 1.57969e-16
62.2726 -3.87313 1.58848e-16
62.8935 -3.89129 1.59593e-16
63.4392 -3.90595 1.60194e-16
63.9048 -3.91687 1.60642e-16
64.2849 -3.92379 1.60926e-16
64.5752 -3.92647 1.61036e-16
64.7724 -3.92476 1.60966e-16
64.8741 -3.91853 1.6071e-16
64.8779 -3.90766 1.60264e-16
64.782 -3.89206 1.59625e-16
64.5857 -3.87172 1.5879e-16
64.2888 -3.84661 1.57761e-16
63.8914 -3.81676 1.56537e-16
63.3941 -3.78222 1.5512e-16
62.7985 -3.74307 1.53514e-16
62.1068 -3.69945 1.51725e-16
61.3212 -3.65149 1.49758e-16
60.4443 -3.59934 1.4762e-16
59.4788 -3.54317 1.45316e-16
58.4275 -3.48314 1.42854e-16
57.2933 -3.41943 1.40241e-16
56.079 -3.3522 1.37483e-16
54.7872 -3.28161 1.34588e-16
53.42 -3.20781 1.31562e-16
51.9797 -3.13093 1.28409e-16
50.4684 -3.0511 1.25135e-16
48.887 -2.96841 1.21743e-16
47.2366 -2.8829 1.18236e-16
45.5176 -2.79465 1.14617e-16
43.7313 -2.70372 1.10887e-16
41.8802 -2.61027 1.07055e-16
39.9674 -2.51445 1.03125e-16
37.9956 -2.41644 9.91052e-17
35.9683 -2.31641 9.50027e-17
33.8902 -2.21461 9.08277e-17
31.7665 -2.11132 8.65912e-17
29.6022 -2.00678 8.23037e-17
27.4036 -1.90132 7.79785e-17
25.1803 -1.79542 7.36354e-17
22.9432 -1.68964 6.9297e-17
20.7028 -1.5845 6.4985e-17
18.4705 -1.48057 6.07223e-17
16.2595 -1.3785 5.65361e-17
14.0839 -1.27899 5.2455e-17
11.9572 -1.1827 4.85059e-17
9.8931 -1.09031 4.47167e-17
7.90733 -1.00257 4.11183e-17
6.01582 -0.920266 3.77427e-17
4.23374 -0.844121 3.46198e-17
2.57562 -0.774827 3.17779e-17
1.05552 -0.713047 2.92441e-17
-0.313179 -0.659403 2.7044e-17
-1.518 -0.614467 2.52011e-17
-2.54812 -0.578723 2.37351e-17
-3.39512 -0.552526 2.26607e-17
-4.05223 -0.536145 2.19888e-17
-4.51343 -0.529805 2.17288e-17
-4.77484 -0.533625 2.18855e-17
-4.83595 -0.547547 2.24565e-17
-4.69824 -0.57141 2.34352e-17
-4.36365 -0.605031 2.48141e-17
-3.83609 -0.648133 2.65818e-17
-3.12284 -0.700263 2.87198e-17
-2.23299 -0.760882 3.1206e-17
-1.17561 -0.829458 3.40185e-17
0.039782 -0.905442 3.71348e-17
1.4029 -0.988253 4.05311e-17
2.90323 -1.07731 4.41835e-17
4.53062 -1.17205 4.8069e-17
6.2751 -1.27193 5.21657e-17
8.12666 -1.37644 5.64516e-17
10.0756 -1.48505 6.0906e-17
12.1127 -1.59729 6.55096e-17
14.2299 -1.71277 7.02457e-17
16.4209 -1.83117 7.51016e-17
18.6803 -1.95225 8.00673e-17
21.0035 -2.07578 8.51339e-17
23.3867 -2.20163 9.02951e-17
25.8278 -2.32971 9.5548e-17
28.3255 -2.46 1.00892e-16
30.8789 -2.59251 1.06326e-16
33.4861 -2.72718 1.1185e-16
36.1432 -2.86386 1.17455e-16
38.8455 -3.00234 1.23134e-16
41.5879 -3.1424 1.28879e-16
44.3637 -3.28372 1.34675e-16
47.1629 -3.42574 1.405e-16
49.9745 -3.56788 1.46329e-16
52.7828 -3.70945 1.52135e-16
55.5714 -3.84966 1.57886e-16
58.3222 -3.98757 1.63542e-16
61.0135 -4.12209 1.69059e-16
63.6252 -4.25217 1.74394e-16
66.1361 -4.37673 1.79502e-16
68.5239 -4.49464 1.84338e-16
70.7661 -4.60474 1.88854e-16
72.8412 -4.70596 1.93005e-16
74.729 -4.79723 1.96748e-16
76.4108 -4.87764 2.00046e-16
77.8696 -4.94633 2.02863e-16
79.0894 -5.00251 2.05167e-16
80.0567 -5.04551 2.06931e-16
80.7607 -5.07482 2.08133e-16
81.1927 -5.09007 2.08758e-16
81.3456 -5.09093 2.08794e-16
81.2151 -5.07726 2.08233e-16
80.8013 -5.04913 2.0708e-16
80.1072 -5.00679 2.05343e-16
79.1366 -4.95052 2.03035e-16
77.896 -4.88075 2.00173e-16
76.3951 -4.79806 1.96782e-16
74.6459 -4.70319 1.92891e-16
72.6606 -4.59685 1.8853e-16
70.4526 -4.47983 1.83731e-16
68.037 -4.353 1.78529e-16
65.4294 -4.21726 1.72962e-16
62.6453 -4.07348 1.67065e-16
59.6992 -3.92249 1.60873e-16
56.6047 -3.76505 1.54416e-16
53.374 -3.60185 1.47722e-16
50.0187 -3.43352 1.40818e-16
46.549 -3.26062 1.33727e-16
42.9739 -3.08364 1.26469e-16
39.3011 -2.90297 1.19059e-16
35.5372 -2.71894 1.11512e-16
31.6874 -2.53182 1.03837e-16
27.7554 -2.34174 9.60416e-17
23.7436 -2.1488 8.81284e-17
19.6533 -1.95301 8.00988e-17
15.4857 -1.75438 7.19522e-17
11.2449 -1.55292 6.36899e-17
6.92938 -1.34856 5.53082e-17
2.53788 -1.14122 4.68047e-17
-1.92787 -0.930863 3.81774e-17
-6.46556 -0.717451 2.94247e-17
-11.0734 -0.501051 2.05495e-17
-15.7503 -0.281687 1.15528e-17
-20.4929 -0.0594133 2.43671e-18
-25.299 0.165711 -6.7963e-18
-30.165 0.393589 -1.61422e-17
-35.048 0.620651 -2.54547e-17
-39.9697 0.849084 -3.48234e-17
-44.9466 1.0805 -4.43143e-17
-49.9583 1.31338 -5.38656e-17
-55.0113 1.54849 -6.3508e-17
-60.0913 1.78488 -7.32029e-17
-65.1972 2.02268 -8.29558e-17
-70.3191 2.26129 -9.2742e-17
-75.4517 2.50053 -1.02554e-16
-80.5849 2.73983 -1.12368e-16
-85.7089 2.9787 -1.22165e-16
-90.811 3.21647 -1.31917e-16
-95.8789 3.45249 -1.41597e-16
-100.899 3.68605 -1.51176e-16
-105.859 3.91642 -1.60624e-16
-110.743 4.14281 -1.69908e-16
-115.537 4.36446 -1.78999e-16
-120.227 4.58076 -1.8787e-16
-124.8 4.79086 -1.96487e-16
-129.243 4.99397 -2.04817e-16
-133.542 5.18945 -2.12834e-16
-137.686 5.37662 -2.20511e-16
-141.665 5.55495 -2.27825e-16
-145.469 5.72391 -2.34754e-16
-149.09 5.88308 -2.41282e-16
-152.522 6.03207 -2.47393e-16
-155.759 6.17066 -2.53077e-16
-158.801 6.29871 -2.58328e-16
-161.644 6.41614 -2.63145e-16
-164.29 6.52295 -2.67525e-16
-166.739 6.61918 -2.71472e-16
-168.994 6.70498 -2.74991e-16
-171.058 6.7805 -2.78088e-16
-172.934 6.84596 -2.80773e-16
-174.627 6.90158 -2.83054e-16
-176.142 6.94762 -2.84942e-16
-177.483 6.98437 -2.86449e-16
-178.658 7.01215 -2.87589e-16
-179.673 7.03134 -2.88376e-16
-180.536 7.04232 -2.88826e-16
-181.253 7.04551 -2.88957e-16
-181.835 7.04134 -2.88786e-16
-182.282 7.03009 -2.88324e-16
-182.605 7.01221 -2.87591e-16
-182.813 6.98813 -2.86603e-16
-182.913 6.95819 -2.85375e-16
-182.913 6.92275 -2.83922e-16
-182.818 6.88213 -2.82256e-16
-182.638 6.83671 -2.80393e-16
-182.379 6.78686 -2.78349e-16
-182.051 6.73303 -2.76141e-16
-181.662 6.67569 -2.73789e-16
-181.223 6.61534 -2.71314e-16
-180.743 6.55244 -2.68734e-16
-180.228 6.48732 -2.66064e-16
-179.684 6.42028 -2.63314e-16
-179.118 6.35164 -2.60499e-16
-178.535 6.28169 -2.5763e-16
-177.939 6.21064 -2.54716e-16
-177.334 6.13869 -2.51765e-16
-176.724 6.06604 -2.48786e-16
-176.111 5.99289 -2.45786e-16
-175.497 5.91935 -2.4277e-16
-174.884 5.84548 -2.3974e-16
-174.271 5.77141 -2.36702e-16
-173.661 5.69729 -2.33662e-16
-173.057 5.62327 -2.30627e-16
-172.46 5.54958 -2.27604e-16
-171.874 5.47645 -2.24605e-16
-171.301 5.40412 -2.21639e-16
-170.744 5.33279 -2.18713e-16
-170.205 5.26266 -2.15837e-16
-169.684 5.19393 -2.13018e-16
-169.186 5.12683 -2.10266e-16
-168.711 5.0616 -2.07591e-16
-168.263 4.9985 -2.05003e-16
-167.843 4.93776 -2.02512e-16
-167.456 4.87968 -2.0013e-16
-167.106 4.82466 -1.97873e-16
-166.801 4.77315 -1.95761e-16
-166.545 4.72557 -1.93809e-16
-166.346 4.68236 -1.92037e-16
-166.212 4.64411 -1.90468e-16
-166.154 4.61146 -1.89129e-16
-166.182 4.58495 -1.88042e-16
-166.303 4.56511 -1.87229e-16
-166.528 4.55255 -1.86713e-16
-166.868 4.54783 -1.86519e-16
-167.33 4.5514 -1.86666e-16
-167.92 4.56367 -1.87169e-16
-168.647 4.58499 -1.88044e-16
-169.516 4.61565 -1.89301e-16
-170.53 4.65582 -1.90949e-16
-171.691 4.70558 -1.9299e-16
-173.001 4.76498 -1.95426e-16
-174.461 4.83397 -1.98255e-16
-176.068 4.91242 -2.01473e-16
-177.82 5.00007 -2.05067e-16
-179.711 5.09655 -2.09024e-16
-181.733 5.20139 -2.13324e-16
-183.879 5.31407 -2.17945e-16
-186.14 5.43402 -2.22865e-16
-188.507 5.56078 -2.28064e-16
-190.976 5.69389 -2.33523e-16
-193.538 5.83285 -2.39222e-16
-196.185 5.97714 -2.4514e-16
-198.909 6.12627 -2.51256e-16
-201.703 6.27973 -2.5755e-16
-204.559 6.43702 -2.64001e-16
-207.468 6.59762 -2.70587e-16
-210.423 6.76106 -2.7729e-16
-213.416 6.92685 -2.8409e-16
-216.439 7.09455 -2.90968e-16
-219.484 7.26367 -2.97904e-16
-222.542 7.43371 -3.04878e-16
-225.604 7.6041 -3.11866e-16
-228.66 7.77434 -3.18848e-16
-231.702 7.94396 -3.25805e-16
-234.721 8.11251 -3.32717e-16
-237.709 8.27957 -3.39569e-16
-240.66 8.44477 -3.46344e-16
-243.567 8.60778 -3.5303e-16
-246.424 8.76834 -3.59615e-16
-249.229 8.92626 -3.66092e-16
-251.978 9.08134 -3.72452e-16
-254.666 9.23342 -3.78689e-16
-257.289 9.38229 -3.84795e-16
-259.844 9.52775 -3.9076e-16
-262.327 9.66958 -3.96577e-16
-264.733 9.80758 -4.02237e-16
-267.058 9.94155 -4.07732e-16
-269.297 10.0712 -4.1305e-16
-271.446 10.1964 -4.18184e-16
-273.501 10.3168 -4.23122e-16
-275.454 10.4321 -4.2785e-16
-277.299 10.5419 -4.32356e-16
-279.031 10.646 -4.36624e-16
-280.642 10.7439 -4.40639e-16
-282.125 10.8352 -4.44384e-16
-283.472 10.9195 -4.47842e-16
-284.675 10.9964 -4.50996e-16
-285.727 11.0655 -4.53828e-16
-286.617 11.1262 -4.56317e-16
-287.337 11.178 -4.58441e-16
-287.876 11.2204 -4.6018e-16
-288.226 11.2529 -4.61514e-16
-288.379 11.2751 -4.62426e-16
-288.328 11.2867 -4.62899e-16
-288.064 11.2871 -4.62918e-16
-287.583 11.2763 -4.62472e-16
-286.881 11.2538 -4.61553e-16
-285.955 11.2198 -4.60154e-16
-284.803 11.1739 -4.58275e-16
-283.425 11.1164 -4.55914e-16
-281.823 11.0473 -4.5308e-16
-280 10.9669 -4.49782e-16
-277.963 10.8754 -4.46032e-16
-275.716 10.7733 -4.41844e-16
-273.265 10.6609 -4.37234e-16
-270.619 10.5387 -4.32221e-16
-267.784 10.4071 -4.26824e-16
-264.77 10.2666 -4.21064e-16
-261.589 10.118 -4.14968e-16
-258.252 9.96184 -4.08564e-16
-254.771 9.79886 -4.0188e-16
-251.158 9.62973 -3.94943e-16
-247.425 9.45507 -3.8778e-16
-243.582 9.27547 -3.80414e-16
-239.64 9.09149 -3.72868e-16
-235.607 8.90362 -3.65163e-16
-231.492 8.71224 -3.57314e-16
-227.299 8.51768 -3.49335e-16
-223.034 8.32018 -3.41235e-16
-218.702 8.11996 -3.33023e-16
-214.304 7.91712 -3.24704e-16
-209.844 7.71172 -3.1628e-16
-205.322 7.50378 -3.07752e-16
-200.739 7.29327 -2.99118e-16
-196.095 7.08015 -2.90377e-16
-191.39 6.86436 -2.81527e-16
-186.624 6.64582 -2.72564e-16
-181.798 6.42448 -2.63486e-16
-176.913 6.20037 -2.54295e-16
-171.972 5.97356 -2.44993e-16
-166.98 5.74415 -2.35584e-16
-161.938 5.51222 -2.26072e-16
-156.85 5.27787 -2.16461e-16
-151.72 5.04121 -2.06754e-16
-146.551 4.80237 -1.96959e-16
-141.349 4.56156 -1.87083e-16
-136.119 4.31909 -1.77138e-16
-130.872 4.07533 -1.67141e-16
-125.614 3.83068 -1.57107e-16
-120.356 3.58559 -1.47055e-16
-115.104 3.34047 -1.37002e-16
-109.869 3.09575 -1.26966e-16
-104.659 2.85189 -1.16964e-16
-99.4846 2.60944 -1.07021e-16
-94.3575 2.36903 -9.71607e-17
-89.2908 2.13134 -8.74123e-17
-84.2978 1.89708 -7.78049e-17
-79.3914 1.66696 -6.8367e-17
-74.583 1.4416 -5.91242e-17
-69.8834 1.22159 -5.0101e-17
-65.3031 1.00753 -4.13216e-17
-60.8533 0.800028 -3.28114e-17
-56.546 0.599754 -2.45976e-17
-52.3931 0.407377 -1.67077e-17
-48.4063 0.223544 -9.16818e-18
-44.5958 0.0488329 -2.00278e-18
-40.97 -0.116289 4.76933e-18
-37.5354 -0.271435 1.11323e-17
-34.2979 -0.416269 1.70724e-17
-31.262 -0.550522 2.25785e-17
-28.4304 -0.674022 2.76436e-17
-25.8046 -0.786676 3.22639e-17
-23.3848 -0.888446 3.64377e-17
-21.17 -0.979369 4.01667e-17
-19.1575 -1.05957 4.34562e-17
-17.3425 -1.12931 4.63163e-17
-15.7203 -1.18882 4.87568e-17
-14.2857 -1.23835 5.07883e-17
-13.0316 -1.27828 5.24259e-17
-11.9511 -1.30898 5.3685e-17
-11.0358 -1.33088 5.45831e-17
-10.2687 -1.34517 5.51695e-17
-9.64801 -1.35171 5.54376e-17
-9.16951 -1.35058 5.53913e-17
-8.82012 -1.34258 5.50631e-17
-8.59216 -1.32804 5.44667e-17
-8.47312 -1.30767 5.36312e-17
-8.45294 -1.28196 5.25769e-17
-8.51916 -1.2516 5.13317e-17
-8.6603 -1.21716 4.99193e-17
-8.86324 -1.17934 4.83683e-17
-9.11522 -1.1388 4.67054e-17
-9.40287 -1.09622 4.49593e-17
-9.71292 -1.05229 4.31576e-17
-10.0313 -1.00774 4.13303e-17
-10.3439 -0.963273 3.95066e-17
-10.6368 -0.919588 3.7715e-17
-10.8958 -0.877384 3.5984e-17
-11.1075 -0.837383 3.43435e-17
-11.2585 -0.800119 3.28152e-17
-11.3297 -0.766242 3.14258e-17
-11.3116 -0.73656 3.02084e-17
-11.1942 -0.711743 2.91906e-17
-10.9632 -0.692395 2.83971e-17
-10.6079 -0.679119 2.78526e-17
-10.1165 -0.672451 2.75792e-17
-9.48096 -0.672822 2.75944e-17
-8.69301 -0.680605 2.79136e-17
-7.74585 -0.696145 2.85509e-17
-6.63227 -0.719785 2.95205e-17
-5.34577 -0.751846 3.08354e-17
-3.8798 -0.792647 3.25087e-17
-2.22844 -0.842481 3.45526e-17
-0.387053 -0.901575 3.69762e-17
1.64633 -0.970023 3.97835e-17
3.87229 -1.04785 4.29754e-17
6.29102 -1.13506 4.65522e-17
8.90272 -1.23167 5.05145e-17
11.7077 -1.33771 5.48632e-17
14.7064 -1.45318 5.95993e-17
17.8988 -1.57812 6.47235e-17
21.284 -1.71249 7.02343e-17
24.8594 -1.85618 7.61272e-17
28.6214 -2.00901 8.23955e-17
32.5663 -2.17083 8.90319e-17
36.6902 -2.34145 9.60294e-17
40.9898 -2.52072 1.03382e-16
45.4619 -2.70853 1.11084e-16
50.1029 -2.90469 1.1913e-16
54.9079 -3.109 1.27509e-16
59.8699 -3.32111 1.36208e-16
64.9807 -3.54064 1.45212e-16
70.2315 -3.76715 1.54502e-16
75.6137 -4.00023 1.64061e-16
81.1186 -4.23945 1.73872e-16
86.7376 -4.48438 1.83918e-16
92.4616 -4.7346 1.9418e-16
98.2812 -4.98962 2.04639e-16
104.186 -5.24893 2.15274e-16
110.165 -5.512 2.26063e-16
116.207 -5.77825 2.36983e-16
122.301 -6.04712 2.4801e-16
128.435 -6.31798 2.59119e-16
134.594 -6.59017 2.70282e-16
140.767 -6.86303 2.81473e-16
146.94 -7.13592 2.92665e-16
153.1 -7.40815 3.0383e-16
159.233 -7.67904 3.1494e-16
165.326 -7.94794 3.25968e-16
171.366 -8.2142 3.36888e-16
177.342 -8.47725 3.47676e-16
183.243 -8.73652 3.5831e-16
189.056 -8.99149 3.68767e-16
194.773 -9.24167 3.79028e-16
200.385 -9.48666 3.89075e-16
205.883 -9.72606 3.98894e-16
211.26 -9.9595 4.08468e-16
216.508 -10.1867 4.17785e-16
221.624 -10.4074 4.26839e-16
226.602 -10.6215 4.3562e-16
231.434 -10.8287 4.44116e-16
236.119 -11.0287 4.52321e-16
240.656 -11.2219 4.60242e-16
245.047 -11.4081 4.6788e-16
249.287 -11.5874 4.75233e-16
253.377 -11.7597 4.82301e-16
257.318 -11.9253 4.89091e-16
261.098 -12.0834 4.95576e-16
264.633 -12.2294 5.01563e-16
267.947 -12.3642 5.07093e-16
271.136 -12.4938 5.12407e-16
274.193 -12.6177 5.17489e-16
277.116 -12.7358 5.22333e-16
279.975 -12.85 8.42664e-16
282.695 -12.9599 8.47174e-16
285.274 -13.0638 8.51434e-16
287.705 -13.1612 8.55432e-16
289.986 -13.2521 8.59161e-16
292.11 -13.3361 8.62606e-16
294.071 -13.4129 8.65756e-16
295.864 -13.4821 8.68596e-16
297.482 -13.5435 8.71115e-16
298.921 -13.5967 8.73299e-16
300.174 -13.6416 8.75137e-16
301.237 -13.6777 8.76618e-16
302.106 -13.7048 8.77731e-16
302.775 -13.7227 8.78465e-16
303.241 -13.7312 8.78813e-16
303.504 -13.7176 9.79191e-16
303.565 -13.7072 9.78762e-16
303.416 -13.6869 9.7793e-16
303.053 -13.6564 9.76679e-16
302.472 -13.6156 9.75006e-16
301.675 -13.5646 9.72913e-16
300.666 -13.5034 9.70405e-16
299.45 -13.4324 9.67492e-16
298.03 -13.3518 9.64186e-16
296.416 -13.2619 9.60502e-16
294.614 -13.1633 9.56457e-16
292.637 -13.0565 9.52074e-16
290.494 -12.9419 9.47377e-16
288.197 -12.8203 9.42388e-16
285.757 -12.6921 9.37132e-16
283.187 -12.5581 9.31636e-16
280.499 -12.4189 9.25925e-16
277.705 -12.275 9.20026e-16
274.817 -12.1272 9.13961e-16
271.844 -11.9758 9.07754e-16
268.799 -11.8216 9.01429e-16
265.69 -11.665 8.95006e-16
262.528 -11.5064 8.88503e-16
259.318 -11.3463 8.81937e-16
256.069 -11.1851 8.75323e-16
252.789 -11.0231 8.68678e-16
249.486 -10.8607 8.62019e-16
246.168 -10.6984 8.55363e-16
242.844 -10.5366 8.48729e-16
239.522 -10.3758 8.42134e-16
236.211 -10.2164 8.35597e-16
232.919 -10.0589 8.29135e-16
229.655 -9.90363 8.22767e-16
226.427 -9.75109 8.16511e-16
223.245 -9.60176 8.10387e-16
220.117 -9.45611 8.04413e-16
217.053 -9.3146 7.98609e-16
214.06 -9.17768 7.92994e-16
211.149 -9.04585 7.87587e-16
208.329 -8.91958 7.82408e-16
205.607 -8.79934 7.77477e-16
202.993 -8.68553 7.7281e-16
200.494 -8.57858 7.68423e-16
198.117 -8.47885 7.64333e-16
195.868 -8.38665 7.60552e-16
193.754 -8.30229 7.57092e-16
191.778 -8.22603 7.53964e-16
189.946 -8.15809 7.51178e-16
188.261 -8.09866 7.4874e-16
186.726 -8.04784 7.46656e-16
185.342 -8.00571 7.44928e-16
184.111 -7.97228 7.43557e-16
183.031 -7.9475 7.42541e-16
182.1 -7.93121 7.41873e-16
181.312 -7.92308 7.41539e-16
180.66 -7.92268 7.41523e-16
180.135 -7.92952 7.41803e-16
179.728 -7.94306 7.42359e-16
179.428 -7.96271 7.43164e-16
179.222 -7.98783 7.44195e-16
179.101 -8.01775 7.45422e-16
179.051 -8.05179 7.46818e-16
179.059 -8.0892 7.48352e-16
179.11 -8.12923 7.49994e-16
179.193 -8.17113 7.51712e-16
179.292 -8.21412 7.53476e-16
179.394 -8.25746 7.55253e-16
179.485 -8.30039 7.57014e-16
179.552 -8.34219 7.58728e-16
179.582 -8.38217 7.60368e-16
179.563 -8.41963 7.61904e-16
179.482 -8.45393 7.63311e-16
179.328 -8.48446 7.64563e-16
179.091 -8.51066 7.65637e-16
178.76 -8.53205 7.66515e-16
178.33 -8.54822 7.67178e-16
177.791 -8.55878 7.67611e-16
177.139 -8.56344 7.67802e-16
176.369 -8.56199 7.67743e-16
175.478 -8.55431 7.67428e-16
174.465 -8.54028 7.66852e-16
173.327 -8.51984 7.66014e-16
172.062 -8.49289 7.64909e-16
170.668 -8.45934 7.63533e-16
169.143 -8.41912 7.61883e-16
167.488 -8.37223 7.5996e-16
165.702 -8.31873 7.57766e-16
163.787 -8.25873 7.55305e-16
161.746 -8.19236 7.52583e-16
159.579 -8.11971 7.49603e-16
157.288 -8.0408 7.46367e-16
154.872 -7.95562 7.42874e-16
152.331 -7.86416 7.39123e-16
149.663 -7.76637 7.35112e-16
146.862 -7.66199 7.30831e-16
143.923 -7.55072 7.26267e-16
140.839 -7.43224 7.21409e-16
137.605 -7.30624 7.16241e-16
134.215 -7.17232 7.10748e-16
130.658 -7.02999 7.04911e-16
126.924 -6.87883 6.98711e-16
123.007 -6.71844 6.92133e-16
118.899 -6.54841 6.8516e-16
114.593 -6.36841 6.77778e-16
110.083 -6.17811 6.69973e-16
105.363 -5.97726 6.61736e-16
100.432 -5.76573 6.5306e-16
95.2867 -5.54345 6.43944e-16
89.9275 -5.3104 6.34386e-16
84.3548 -5.06663 6.24388e-16
78.5705 -4.81225 6.13955e-16
72.578 -4.54748 6.03096e-16
66.3813 -4.27254 5.9182e-16
59.9853 -3.9877 5.80138e-16
53.3964 -3.69334 5.68065e-16
46.6218 -3.38985 5.55618e-16
39.6692 -3.07765 5.42814e-16
32.5465 -2.75718 5.29671e-16
25.2612 -2.42886 5.16205e-16
17.8212 -2.09312 5.02436e-16
10.2344 -1.75039 4.88379e-16
2.5074 -1.40074 4.74039e-16
-5.35096 -1.04484 4.59443e-16
-13.3333 -0.683242 4.44612e-16
-21.4327 -0.316178 4.29558e-16
-29.5801 0.050512 4.14519e-16
-37.8037 0.419817 3.99373e-16
-46.1314 0.79424 3.84017e-16
-54.5319 1.17147 3.68545e-16
-63.0093 1.55221 3.5293e-16
-71.5396 1.93491 3.37234e-16
-80.1134 2.31935 3.21468e-16
-88.7109 2.70435 3.05677e-16
-97.3182 3.08936 2.89887e-16
-105.914 3.47322 2.74144e-16
-114.479 3.85505 2.58484e-16
-122.993 4.23378 2.42951e-16
-131.437 4.60848 2.27583e-16
-139.788 4.97808 2.12425e-16
-148.026 5.34157 1.97518e-16
-156.131 5.69791 1.82903e-16
-164.082 6.04617 1.6862e-16
-171.859 6.38536 1.54709e-16
-179.443 6.71457 1.41207e-16
-186.815 7.03291 1.28151e-16
-193.958 7.33953 1.15575e-16
-200.854 7.63359 1.03515e-16
-207.484 7.91429 9.20028e-17
-213.834 8.18086 8.10699e-17
-219.889 8.43261 7.0745e-17
-225.632 8.66887 6.10552e-17
-231.052 8.88905 5.20252e-17
-236.135 9.09259 4.36775e-17
-240.872 9.27903 3.60308e-17
-245.254 9.44807 2.90982e-17
-249.276 9.59946 2.2889e-17
-252.931 9.73304 1.74107e-17
-256.175 9.84632 1.27647e-17
-258.99 9.93827 8.99344e-18
-261.438 10.0124 5.95481e-18
-263.543 10.0702 3.58084e-18
-265.308 10.112 1.86731e-18
-266.75 10.1386 7.76141e-19
-267.885 10.151 2.70254e-19
-268.73 10.15 3.09796e-19
-269.306 10.1368 8.5295e-19
-269.633 10.1124 1.85162e-18
-269.736 10.0782 3.25554e-18
-269.636 10.0353 5.01545e-18
-269.358 9.98487 7.0825e-18
-268.924 9.92818 9.40726e-18
-268.358 9.8664 1.19412e-17
-267.682 9.80064 1.46382e-17
-266.914 9.73189 1.74579e-17
-266.072 9.66088 2.037e-17
-265.172 9.58842 2.33421e-17
-264.229 9.51531 2.63404e-17
-263.26 9.44225 2.93367e-17
-262.278 9.36985 3.23061e-17
-261.293 9.29862 3.52274e-17
-260.317 9.22902 3.80819e-17
-259.359 9.16145 4.08533e-17
-258.427 9.09624 4.35276e-17
-257.529 9.03369 4.60932e-17
-256.672 8.97404 4.85396e-17
-255.862 8.9175 5.08582e-17
-255.104 8.86426 5.3042e-17
-254.403 8.81445 5.50848e-17
-253.763 8.7682 5.69813e-17
-253.189 8.72568 5.87253e-17
-252.686 8.68708 6.03086e-17
-252.261 8.65262 6.17219e-17
-251.919 8.62254 6.29557e-17
-251.667 8.59708 6.39999e-17
-251.51 8.57649 6.48442e-17
-251.455 8.56104 6.54778e-17
-251.508 8.55101 6.58892e-17
-251.675 8.54665 6.60681e-17
-251.959 8.54813 6.60073e-17
-252.366 8.5556 6.57009e-17
-252.897 8.56922 6.51424e-17
-253.555 8.58906 6.43288e-17
-254.338 8.61498 6.32656e-17
-255.241 8.64676 6.19621e-17
-256.261 8.6842 6.04267e-17
-257.393 8.72702 5.86704e-17
-258.628 8.7748 5.67107e-17
-259.956 8.82706 5.45677e-17
-261.369 8.88332 5.226e-17
-262.856 8.94308 4.98092e-17
-264.404 9.00564 4.72434e-17
-265.996 9.07024 4.45939e-17
-267.62 9.13618 4.18895e-17
-269.26 9.20282 3.91564e-17
-270.869 9.26755 3.65019e-17
-272.439 9.32987 3.39459e-17
-273.999 9.39166 3.14117e-17
-275.536 9.45226 2.89262e-17
-277.043 9.51145 2.64988e-17
-278.519 9.56925 2.41281e-17
-279.96 9.62551 2.18207e-17
-281.367 9.68041 1.95692e-17
-282.743 9.73421 1.73626e-17
-284.096 9.78741 1.51807e-17
-285.426 9.8406 1.29992e-17
-286.739 9.89418 1.0802e-17
-288.049 9.94837 8.57931e-18
-289.362 10.0037 6.30971e-18
-290.684 10.0606 3.97547e-18
-292.023 10.1196 1.5587e-18
-293.37 10.1801 -9.25047e-19
-294.724 10.2422 -3.4707e-18
-296.103 10.307 -6.13025e-18
-297.752 10.3762 -7.59153e-16
-299.387 10.4498 -7.62483e-16
-301.062 10.5271 -7.65972e-16
-302.776 10.608 -7.69619e-16
-304.524 10.6926 -7.7342e-16
-306.304 10.7805 -7.77366e-16
-308.108 10.8717 -7.81446e-16
-309.929 10.9656 -7.85644e-16
-311.758 11.062 -7.89944e-16
-313.589 11.1605 -7.9433e-16
-315.396 11.2505 -4.3881e-16
-317.193 11.3517 -4.43044e-16
-318.964 11.4537 -4.47313e-16
-320.702 11.5561 -4.51596e-16
-322.969 11.6584 -7.91765e-16
-325.12 11.7608 -8.4827e-16
-327.172 11.8624 -5.03604e-16
-329.108 11.9613 -1.19865e-15
-330.916 12.0572 -1.01558e-15
-332.582 12.1493 -1.88654e-16
-334.091 12.2371 -7.79067e-16
-335.425 12.3198 -1.0957e-15
-336.563 12.3965 -1.24898e-15
-337.486 12.4664 -1.118e-15
-338.175 12.53 -1.12056e-15
-338.605 12.5845 -1.12384e-15
-338.756 12.6289 -1.12497e-15
-338.627 12.66 -7.99887e-16
-338.278 12.6827 -8.00819e-16
-337.691 12.6935 -8.01264e-16
-336.849 12.6915 -8.01181e-16
-335.737 12.6758 -8.00535e-16
-334.342 12.6455 -7.99293e-16
-332.651 12.5999 -7.97424e-16
-330.652 12.5383 -7.94898e-16
-328.335 12.4602 -7.91692e-16
-325.694 12.365 -7.87789e-16
-322.723 12.2525 -7.83175e-16
-319.421 12.1225 -7.77842e-16
-315.786 11.9749 -7.7179e-16
-311.821 11.8099 -7.65024e-16
-307.535 11.6279 -7.57559e-16
-302.937 11.4293 -7.49415e-16
-298.04 11.2149 -7.4062e-16
-292.858 10.9853 -7.31206e-16
-287.407 10.7416 -7.21208e-16
-281.707 10.4845 -7.10665e-16
-275.777 10.2153 -6.99623e-16
-269.637 9.93498 -6.88127e-16
-263.309 9.64474 -6.76224e-16
-256.814 9.34571 -6.6396e-16
-250.175 9.03912 -6.51385e-16
-243.414 8.72617 -6.3855e-16
-236.552 8.408 -6.25502e-16
-229.61 8.08575 -6.12285e-16
-222.609 7.76054 -5.98947e-16
-215.57 7.43348 -5.85533e-16
-208.511 7.1056 -5.72086e-16
-201.451 6.7779 -5.58646e-16
-194.408 6.45133 -5.45253e-16
-187.398 6.12681 -5.31943e-16
-180.438 5.80516 -5.18751e-16
-173.54 5.48711 -5.05707e-16
-166.719 5.17338 -4.9284e-16
-159.985 4.86458 -4.80175e-16
-153.349 4.56123 -4.67734e-16
-146.818 4.26375 -4.55534e-16
-140.399 3.97252 -4.4359e-16
-134.099 3.68785 -4.31915e-16
-127.921 3.41 -4.20519e-16
-121.87 3.13913 -4.0941e-16
-115.949 2.8754 -3.98594e-16
-110.157 2.61886 -3.88072e-16
-104.495 2.36947 -3.77844e-16
-98.9598 2.1271 -3.67904e-16
-93.5489 1.8916 -3.58245e-16
-88.2581 1.66278 -3.4886e-16
-83.0834 1.44041 -3.3974e-16
-78.02 1.22424 -3.30875e-16
-73.0623 1.014 -3.22252e-16
-68.204 0.809362 -3.13859e-16
-63.4379 0.609947 -3.05681e-16
-58.7561 0.415347 -2.977e-16
-54.15 0.225127 -2.89898e-16
-49.6109 0.0388373 -2.82258e-16
-45.1302 -0.143972 -2.7476e-16
-40.6989 -0.323755 -2.67387e-16
-36.3079 -0.500984 -2.60118e-16
-31.948 -0.676135 -2.52935e-16
-27.6081 -0.849796 -2.45812e-16
-23.2695 -1.02333 -2.38695e-16
-18.9042 -1.19887 -2.31496e-16
-14.5279 -1.37469 -2.24285e-16
-10.1428 -1.55036 -2.1708e-16
-5.73164 -1.72703 -2.09835e-16
-1.29169 -1.90467 -2.02549e-16
3.18844 -2.084 -1.95194e-16
7.71101 -2.26503 -1.8777e-16
12.2815 -2.44814 -1.8026e-16
16.9021 -2.63343 -1.72661e-16
21.5748 -2.82064 -1.64982e-16
26.3026 -3.01022 -1.57207e-16
31.0867 -3.20243 -1.49324e-16
35.927 -3.39715 -1.41338e-16
40.8239 -3.59449 -1.33245e-16
45.7738 -3.79423 -1.25053e-16
50.7741 -3.99628 -1.16766e-16
55.8197 -4.20036 -1.08396e-16
60.9066 -4.40632 -9.99492e-17
66.0291 -4.61383 -9.14386e-17
71.1855 -4.82269 -8.28726e-17
76.3665 -5.03249 -7.42679e-17
81.564 -5.24296 -6.56362e-17
86.7736 -5.45378 -5.69898e-17
91.9904 -5.66465 -4.83415e-17
97.2083 -5.8753 -3.9702e-17
102.421 -6.08547 -3.10823e-17
107.625 -6.29496 -2.24904e-17
112.818 -6.5036 -1.39337e-17
117.995 -6.71121 -5.41886e-18
123.154 -6.91761 3.04599e-18
128.29 -7.12255 1.14513e-17
133.398 -7.32578 1.97865e-17
138.474 -7.52706 2.80416e-17
143.514 -7.72615 3.62068e-17
148.513 -7.92281 4.42722e-17
153.467 -8.1168 5.22282e-17
158.373 -8.30792 6.00666e-17
163.226 -8.49595 6.77784e-17
168.022 -8.68063 7.53527e-17
172.756 -8.8617 8.27787e-17
177.424 -9.03892 9.0047e-17
182.021 -9.21209 9.71494e-17
186.545 -9.38103 1.04078e-16
190.992 -9.54555 1.10826e-16
195.359 -9.70557 1.17388e-16
199.646 -9.86101 1.23763e-16
203.852 -10.0119 1.29952e-16
207.979 -10.1583 1.35956e-16
211.952 -10.2961 1.4161e-16
215.762 -10.4245 1.46874e-16
219.491 -10.5483 1.51952e-16
223.151 -10.6684 1.56876e-16
226.741 -10.7846 1.61643e-16
230.269 -10.8975 1.66274e-16
233.741 -11.0075 1.70783e-16
237.168 -11.1151 1.75197e-16
240.56 -11.221 1.79541e-16
243.93 -11.326 1.83846e-16
247.289 -11.4306 1.88138e-16
250.649 -11.5358 1.9245e-16
254.024 -11.6421 1.9681e-16
257.418 -11.7506 2.01259e-16
260.833 -11.862 2.05829e-16
264.28 -11.9768 2.10537e-16
268.02 -12.0957 5.36887e-16
271.96 -12.2201 5.42239e-16
275.972 -12.3487 5.47763e-16
280.055 -12.4815 5.53467e-16
284.18 -12.617 5.59287e-16
288.334 -12.7547 5.65198e-16
292.552 -12.8963 5.71273e-16
296.844 -13.0426 5.77545e-16
301.228 -13.1945 5.84052e-16
305.692 -13.3515 5.90777e-16
310.203 -13.5118 5.97641e-16
314.749 -13.6568 7.51951e-16
319.387 -13.8217 2.40217e-16
324.051 -13.988 8.99398e-16
329.629 -14.1649 5.35319e-16
336.207 -14.3467 8.80154e-16
342.801 -14.533 3.1308e-16
349.38 -14.7198 1.70487e-16
355.925 -14.9064 1.10312e-15
362.415 -15.0974 9.84832e-16
368.833 -15.3047 1.00013e-15
375.121 -15.495 8.79477e-16
381.227 -15.6863 5.8536e-16
387.146 -15.8721 1.07021e-15
392.888 -16.0522 5.94505e-13
398.305 -16.2223 8.51066e-13
403.9 -16.4097 -6.87376e-12
409.231 -16.578 2.47899e-13
411.21 -16.5679 -1.9002e-14
411.225 -16.4503 -8.46198e-14
411.238 -16.341 -1.73511e-14
411.25 -16.2391 -4.48983e-14
411.262 -16.1446 -1.65376e-14
411.272 -16.0576 2.07853e-14
411.282 -15.978 -1.66972e-13
411.291 -15.9056 -4.356e-14
411.298 -15.8405 -3.99376e-14
411.305 -15.7824 -1.33919e-14
411.311 -15.7314 -4.65309e-15
411.316 -15.6872 -2.11728e-13
411.321 -15.6499 -1.16468e-14
411.324 -15.6193 -1.1843e-14
411.327 -15.599 -1.17448e-14
411.329 -15.584 -1.16784e-14
411.33 -15.5741 -1.16442e-14
411.33 -15.5693 -1.16403e-14
411.182 -15.5507 -1.12538e-14
410.871 -15.5337 -1.12545e-14
410.396 -15.5099 -1.12554e-14
409.76 -15.4797 -1.12567e-14
408.966 -15.4432 -1.12582e-14
408.021 -15.4008 -1.12599e-14
406.928 -15.3528 -1.12619e-14
405.692 -15.2993 -1.12641e-14
404.318 -15.2406 -1.12665e-14
402.808 -15.1768 -1.12691e-14
401.166 -15.1081 -1.12719e-14
399.393 -15.0346 -1.12749e-14
397.489 -14.9563 -1.12782e-14
395.454 -14.873 -1.12816e-14
393.286 -14.7848 -1.12852e-14
390.983 -14.6914 -1.1289e-14
388.544 -14.5928 -1.12931e-14
385.966 -14.4888 -1.12973e-14
383.248 -14.3794 -1.13018e-14
380.388 -14.2642 -1.13065e-14
377.379 -14.1432 -1.13115e-14
374.219 -14.016 -1.13167e-14
370.901 -13.8822 -1.13222e-14
367.421 -13.7417 -1.1328e-14
363.777 -13.5943 -1.1334e-14
359.965 -13.4398 -1.13403e-14
355.984 -13.2781 -1.1347e-14
351.831 -13.109 -1.13539e-14
347.504 -12.9324 -1.13612e-14
343.002 -12.7482 -1.13687e-14
338.323 -12.5564 -1.13766e-14
333.467 -12.3569 -1.13848e-14
328.435 -12.1497 -1.13933e-14
323.228 -11.9349 -1.14021e-14
317.85 -11.7127 -1.14112e-14
312.301 -11.4831 -1.14206e-14
306.586 -11.2463 -1.14303e-14
300.705 -11.0024 -1.14403e-14
294.661 -10.7514 -1.14506e-14
288.458 -10.4937 -1.14612e-14
282.102 -10.2294 -1.1472e-14
275.597 -9.95884 -1.14831e-14
268.951 -9.68234 -1.14945e-14
262.169 -9.40022 -1.1506e-14
255.259 -9.11281 -1.15178e-14
248.227 -8.82046 -1.15298e-14
241.08 -8.52351 -1.1542e-14
233.827 -8.22233 -1.15543e-14
226.475 -7.91736 -1.15668e-14
219.035 -7.6091 -1.15795e-14
211.517 -7.298 -1.15922e-14
203.93 -6.98457 -1.16051e-14
196.288 -6.66943 -1.1618e-14
188.604 -6.35323 -1.1631e-14
180.89 -6.0366 -1.1644e-14
173.16 -5.72015 -1.1657e-14
165.427 -5.40452 -1.16699e-14
157.702 -5.0903 -1.16828e-14
149.999 -4.77808 -1.16956e-14
142.33 -4.46843 -1.17083e-14
134.705 -4.16189 -1.17209e-14
127.137 -3.85901 -1.17333e-14
119.637 -3.56027 -1.17455e-14
112.215 -3.26617 -1.17576e-14
104.881 -2.97722 -1.17694e-14
97.6481 -2.69391 -1.17811e-14
90.5251 -2.41672 -1.17924e-14
83.5221 -2.14607 -1.18035e-14
76.6494 -1.88245 -1.18143e-14
69.9185 -1.62637 -1.18249e-14
63.3387 -1.37828 -1.1835e-14
56.917 -1.13843 -1.18449e-14
50.6627 -0.907253 -1.18543e-14
44.585 -0.68515 -1.18635e-14
38.6956 -0.472681 -1.18722e-14
32.9988 -0.270003 -1.18805e-14
27.4945 -0.0769931 -1.18884e-14
22.1848 0.1063 -1.18959e-14
17.0681 0.280033 -1.1903e-14
12.1428 0.444385 -1.19098e-14
7.40321 0.599757 -1.19162e-14
2.84222 0.746568 -1.19222e-14
-1.54196 0.885984 -1.19279e-14
-5.71606 1.01405 -1.19331e-14
-9.72837 1.13395 -1.19381e-14
-13.6183 1.24906 -1.19428e-14
-17.3826 1.35841 -1.19473e-14
-21.0489 1.46405 -1.19516e-14
-24.6256 1.56609 -1.19558e-14
-28.1355 1.66602 -1.19599e-14
-31.5911 1.76436 -1.19639e-14
-35.0111 1.86225 -1.19679e-14
-38.4089 1.96033 -1.1972e-14
-41.8003 2.05951 -1.1976e-14
-45.1979 2.16043 -1.19802e-14
-48.6152 2.26382 -1.19844e-14
-52.0641 2.37031 -1.19888e-14
-55.5565 2.48051 -1.19933e-14
-59.1026 2.59495 -1.1998e-14
-62.7115 2.7141 -1.20029e-14
-66.3899 2.83828 -1.2008e-14
-70.1434 2.96777 -1.20133e-14
-73.9762 3.10275 -1.20188e-14
-77.8911 3.24334 -1.20246e-14
-81.8894 3.38958 -1.20306e-14
-85.9709 3.54145 -1.20368e-14
-90.1034 3.69941 -1.20433e-14
-94.2832 3.86269 -1.205e-14
-98.5341 4.03024 -1.20568e-14
-102.84 4.20166 -1.20639e-14
-107.186 4.37605 -1.2071e-14
-111.562 4.55279 -1.20783e-14
-115.951 4.73107 -1.20856e-14
-120.263 4.90566 -1.20927e-14
-124.472 5.0748 -1.20997e-14
-128.65 5.24285 -1.21066e-14
-132.788 5.40952 -1.21134e-14
-136.868 5.57364 -1.21201e-14
-140.879 5.73474 -1.21268e-14
-144.807 5.89198 -1.21332e-14
-148.642 6.04495 -1.21395e-14
-152.376 6.19311 -1.21456e-14
-156 6.33614 -1.21514e-14
-159.51 6.47372 -1.21571e-14
-162.9 6.6057 -1.21625e-14
-166.17 6.73199 -1.21677e-14
-169.317 6.85258 -1.21726e-14
-172.344 6.96761 -1.21773e-14
-175.254 7.07737 -1.21818e-14
-178.055 7.18229 -1.21861e-14
-180.754 7.28283 -1.21902e-14
-183.362 7.37959 -1.21942e-14
-185.89 7.4733 -1.21981e-14
-188.354 7.56478 -1.22018e-14
-190.769 7.65488 -1.22055e-14
-193.148 7.74444 -1.22092e-14
-195.508 7.83431 -1.22129e-14
-197.996 7.92621 -1.30271e-14
-200.63 8.02105 -1.297e-14
-203.295 8.1187 -1.2913e-14
-206.003 8.21986 -1.28556e-14
-208.768 8.32527 -1.27976e-14
-211.604 8.43556 -1.27388e-14
-214.524 8.55131 -1.26789e-14
-217.535 8.67294 -1.26179e-14
-220.645 8.80079 -1.25556e-14
-223.861 8.93512 -1.24921e-14
-227.238 9.07639 -1.25038e-14
-230.692 9.22656 -1.23983e-14
-234.258 9.38346 -1.22911e-14
-237.936 9.54705 -1.21818e-14
-241.723 9.71713 -1.20708e-14
-245.583 9.87963 -1.23414e-14
-249.54 10.0607 -1.22289e-14
-253.579 10.247 -1.21155e-14
-258.395 10.4371 -1.18407e-14
-263.833 10.6388 -1.18417e-14
-269.352 10.8457 -1.15894e-14
-274.918 11.0554 -1.12611e-14
-280.512 11.2669 -1.07931e-14
-286.109 11.4793 -1.05631e-14
-291.687 11.6917 -1.0274e-14
-297.22 11.9032 -1.00362e-14
-302.684 12.1127 -9.33964e-15
-308.053 12.3194 -9.88846e-15
-313.303 12.5222 -9.52545e-15
-318.359 12.7189 -9.152e-15
-323.32 12.9112 -8.81961e-15
-328.169 13.0961 -8.81204e-15
-332.756 13.2732 -8.88738e-15
-337.1 13.4419 -8.43655e-15
-341.177 13.6014 -8.01506e-15
-344.969 13.7511 -4.95008e-14
-348.462 13.8906 -7.60086e-15
-351.639 14.0193 -8.08259e-15
-354.488 14.1366 -6.79387e-15
-356.992 14.2421 -7.49126e-15
-359.139 14.3353 -1.12117e-14
-360.913 14.4156 -6.46763e-15
-362.295 14.4822 -7.19554e-15
-363.272 14.5347 -7.59604e-15
-363.835 14.5744 -7.55726e-15
-363.974 14.5981 -7.54616e-15
-363.753 14.6039 -7.26029e-15
-363.23 14.5971 -7.19359e-15
-362.403 14.5751 -7.19268e-15
-361.266 14.5376 -7.19114e-15
-359.818 14.4843 -7.18896e-15
-358.054 14.4152 -7.18612e-15
-355.974 14.33 -7.18263e-15
-353.577 14.2288 -7.17848e-15
-350.866 14.1116 -7.17367e-15
-347.845 13.9786 -7.16822e-15
-344.519 13.83 -7.16212e-15
-340.897 13.6663 -7.15541e-15
-336.986 13.4879 -7.14809e-15
-332.797 13.2952 -7.14019e-15
-328.343 13.089 -7.13173e-15
-323.635 12.8698 -7.12274e-15
-318.688 12.6385 -7.11326e-15
-313.52 12.396 -7.10331e-15
-308.151 12.1433 -7.09295e-15
-302.6 11.8815 -7.08221e-15
-296.888 11.6118 -7.07115e-15
-291.036 11.3351 -7.0598e-15
-285.065 11.0528 -7.04822e-15
-278.996 10.7659 -7.03646e-15
-272.851 10.4757 -7.02455e-15
-266.651 10.1833 -7.01256e-15
-260.42 9.88992 -7.00053e-15
-254.177 9.5968 -6.98851e-15
-247.946 9.30507 -6.97654e-15
-241.746 9.01588 -6.96468e-15
-235.598 8.73031 -6.95297e-15
-229.52 8.44938 -6.94145e-15
-223.53 8.1741 -6.93016e-15
-217.65 7.90551 -6.91914e-15
-211.897 7.6446 -6.90844e-15
-206.288 7.39228 -6.89809e-15
-200.84 7.14936 -6.88813e-15
-195.566 6.91653 -6.87858e-15
-190.478 6.69441 -6.86947e-15
-185.587 6.48347 -6.86082e-15
-180.9 6.28408 -6.85264e-15
-176.425 6.09652 -6.84495e-15
-172.167 5.92098 -6.83775e-15
-168.128 5.75752 -6.83105e-15
-164.309 5.60609 -6.82484e-15
-160.711 5.46652 -6.81911e-15
-157.329 5.33855 -6.81386e-15
-154.161 5.22183 -6.80908e-15
-151.2 5.11597 -6.80474e-15
-148.442 5.02053 -6.80082e-15
-145.88 4.93506 -6.79732e-15
-143.508 4.85905 -6.7942e-15
-141.319 4.79199 -6.79145e-15
-139.305 4.73332 -6.78904e-15
-137.457 4.68252 -6.78696e-15
-135.77 4.63903 -6.78518e-15
-134.233 4.6023 -6.78367e-15
-132.838 4.57169 -6.78241e-15
-131.574 4.54654 -6.78138e-15
-130.431 4.52627 -6.78055e-15
-129.402 4.51032 -6.7799e-15
-128.478 4.49824 -6.7794e-15
-127.653 4.48964 -6.77905e-15
-126.922 4.48422 -6.77883e-15
-126.281 4.48165 -6.77872e-15
-125.722 4.48158 -6.77872e-15
-125.238 4.48361 -6.7788e-15
-124.824 4.48746 -6.77896e-15
-124.475 4.4929 -6.77918e-15
-124.186 4.49972 -6.77946e-15
-123.954 4.50777 -6.77979e-15
-123.775 4.51698 -6.78017e-15
-123.648 4.52727 -6.78059e-15
-123.568 4.5385 -6.78105e-15
-123.53 4.55053 -6.78155e-15
-123.531 4.56327 -6.78207e-15
-123.569 4.57665 -6.78262e-15
-123.639 4.59058 -6.78319e-15
-123.737 4.60499 -6.78378e-15
-123.861 4.61982 -6.78439e-15
-124.008 4.63509 -6.78501e-15
-124.178 4.65086 -6.78566e-15
-124.371 4.66724 -6.78633e-15
-124.586 4.68434 -6.78703e-15
-124.823 4.70228 -6.78777e-15
-125.084 4.72123 -6.78855e-15
-125.37 4.74132 -6.78937e-15
-125.68 4.76271 -6.79025e-15
-126.014 4.78547 -6.79118e-15
-126.371 4.80964 -6.79217e-15
-126.753 4.83533 -6.79323e-15
-127.161 4.86256 -6.79434e-15
-127.591 4.8913 -6.79552e-15
-128.044 4.92154 -6.79676e-15
-128.517 4.9532 -6.79806e-15
-129.007 4.98616 -6.79941e-15
-129.512 5.02028 -6.80081e-15
-130.029 5.05549 -6.80226e-15
-130.556 5.09167 -6.80374e-15
-131.091 5.12868 -6.80526e-15
-131.629 5.16631 -6.8068e-15
-132.167 5.20431 -6.80836e-15
-132.699 5.24242 -6.80992e-15
-133.221 5.2803 -6.81148e-15
-133.725 5.31762 -6.81301e-15
-134.206 5.35404 -6.8145e-15
-134.659 5.38923 -6.81594e-15
-135.078 5.42284 -6.81732e-15
-135.455 5.45445 -6.81862e-15
-135.784 5.48364 -6.81982e-15
-136.057 5.50996 -6.82089e-15
-136.265 5.53295 -6.82184e-15
-136.402 5.55217 -6.82263e-15
-136.461 5.56723 -6.82324e-15
-136.437 5.57778 -6.82368e-15
-136.323 5.58349 -6.82391e-15
-136.115 5.58416 -6.82394e-15
-135.808 5.57936 -6.82374e-15
-135.397 5.56873 -6.82331e-15
-134.877 5.55205 -6.82262e-15
-134.245 5.52904 -6.82168e-15
-133.496 5.49946 -6.82046e-15
-132.628 5.46308 -6.81897e-15
-131.637 5.41972 -6.81719e-15
-130.522 5.36922 -6.81512e-15
-129.28 5.31144 -6.81275e-15
-127.911 5.24628 -6.81008e-15
-126.415 5.17369 -6.8071e-15
-124.79 5.09364 -6.80382e-15
-123.039 5.00612 -6.80023e-15
-121.161 4.91115 -6.79634e-15
-119.159 4.80881 -6.79214e-15
-117.036 4.69927 -6.78765e-15
-114.796 4.58278 -6.78287e-15
-112.449 4.45967 -6.77782e-15
-110 4.33035 -6.77252e-15
-107.458 4.19524 -6.76697e-15
-104.833 4.0549 -6.76122e-15
-102.139 3.9099 -6.75527e-15
-99.3856 3.76103 -6.74917e-15
-96.5871 3.60886 -6.74293e-15
-93.7562 3.45403 -6.73658e-15
-90.9076 3.29737 -6.73015e-15
-88.0562 3.13963 -6.72368e-15
-85.2179 2.98171 -6.7172e-15
-82.4089 2.82444 -6.71075e-15
-79.6461 2.66877 -6.70437e-15
-76.9465 2.51561 -6.69809e-15
-74.3274 2.3659 -6.69195e-15
-71.8053 2.22055 -6.68599e-15
-69.3965 2.08046 -6.68024e-15
-67.1173 1.94652 -6.67475e-15
-64.9837 1.81963 -6.66954e-15
-63.012 1.70068 -6.66467e-15
-61.218 1.59056 -6.66015e-15
-59.617 1.49011 -6.65603e-15
-58.2226 1.4001 -6.65234e-15
-57.0464 1.32119 -6.6491e-15
-56.098 1.25393 -6.64634e-15
-55.3859 1.19883 -6.64408e-15
-54.9171 1.15628 -6.64234e-15
-54.6959 1.12657 -6.64112e-15
-54.7249 1.10988 -6.64043e-15
-55.0052 1.1063 -6.64029e-15
-55.5361 1.11584 -6.64068e-15
-56.3146 1.13838 -6.6416e-15
-57.3362 1.17371 -6.64305e-15
-58.5947 1.22154 -6.64501e-15
-60.0823 1.28149 -6.64747e-15
-61.7894 1.35307 -6.65041e-15
-63.7049 1.43572 -6.6538e-15
-65.8163 1.52881 -6.65762e-15
-68.1098 1.63163 -6.66183e-15
-70.5705 1.74341 -6.66642e-15
-73.1818 1.86328 -6.67133e-15
-75.9267 1.99037 -6.67655e-15
-78.7876 2.12374 -6.68202e-15
-81.7468 2.2625 -6.68771e-15
-84.7868 2.40569 -6.69358e-15
-87.8892 2.55239 -6.6996e-15
-91.0362 2.70164 -6.70572e-15
-94.2099 2.85252 -6.71191e-15
-97.3929 3.0041 -6.71812e-15
-100.568 3.15549 -6.72433e-15
-103.719 3.30585 -6.7305e-15
-106.833 3.45451 -6.73659e-15
-109.9 3.60088 -6.7426e-15
-112.908 3.7444 -6.74848e-15
-115.847 3.88453 -6.75423e-15
-118.706 4.02075 -6.75982e-15
-121.477 4.15255 -6.76522e-15
-124.149 4.27945 -6.77043e-15
-126.716 4.40108 -6.77542e-15
-129.172 4.51715 -6.78018e-15
-131.513 4.62747 -6.7847e-15
-133.736 4.73189 -6.78898e-15
-135.838 4.8303 -6.79302e-15
-137.818 4.92261 -6.79681e-15
-139.674 5.0088 -6.80034e-15
-141.408 5.08885 -6.80362e-15
-143.018 5.16283 -6.80666e-15
-144.507 5.23085 -6.80945e-15
-145.878 5.29309 -6.812e-15
-147.134 5.34973 -6.81432e-15
-148.279 5.40096 -6.81642e-15
-149.314 5.44687 -6.81831e-15
-150.239 5.48754 -6.81998e-15
-151.057 5.52305 -6.82143e-15
-151.769 5.55352 -6.82268e-15
-152.376 5.57909 -6.82373e-15
-152.882 5.59992 -6.82458e-15
-153.29 5.61617 -6.82525e-15
-153.604 5.62809 -6.82574e-15
-153.829 5.63602 -6.82606e-15
-153.974 5.64037 -6.82624e-15
-154.046 5.64156 -6.82629e-15
-154.051 5.63992 -6.82623e-15
-153.993 5.63572 -6.82605e-15
-153.876 5.62911 -6.82578e-15
-153.703 5.62027 -6.82542e-15
-153.475 5.60937 -6.82497e-15
-153.199 5.59663 -6.82445e-15
-152.877 5.58229 -6.82386e-15
-152.513 5.56654 -6.82322e-15
-152.111 5.54952 -6.82252e-15
-151.67 5.53124 -6.82177e-15
-151.188 5.51164 -6.82096e-15
-150.665 5.49061 -6.8201e-15
-150.1 5.46809 -6.81918e-15
-149.49 5.44404 -6.81819e-15
-148.838 5.41847 -6.81714e-15
-148.143 5.39134 -6.81603e-15
-147.403 5.36256 -6.81485e-15
-146.614 5.33184 -6.81359e-15
-145.769 5.29885 -6.81224e-15
-144.863 5.26323 -6.81078e-15
-143.888 5.22463 -6.80919e-15
-142.841 5.18276 -6.80748e-15
-141.716 5.13734 -6.80561e-15
-140.51 5.0881 -6.80359e-15
-139.216 5.03475 -6.80141e-15
-137.828 4.97688 -6.79903e-15
-136.34 4.91408 -6.79646e-15
-134.742 4.84594 -6.79366e-15
-133.031 4.77213 -6.79063e-15
-131.203 4.69249 -6.78737e-15
-129.256 4.6069 -6.78386e-15
-127.191 4.51531 -6.7801e-15
-125.006 4.41766 -6.7761e-15
-122.7 4.31387 -6.77184e-15
-120.273 4.20387 -6.76733e-15
-117.723 4.08761 -6.76256e-15
-115.051 3.96514 -6.75754e-15
-112.261 3.83656 -6.75226e-15
-109.353 3.70203 -6.74675e-15
-106.334 3.56178 -6.74099e-15
-103.208 3.41605 -6.73502e-15
-99.9779 3.26507 -6.72883e-15
-96.6495 3.10912 -6.72243e-15
-93.2281 2.94848 -6.71584e-15
-89.7198 2.78351 -6.70908e-15
-86.131 2.61456 -6.70215e-15
-82.4687 2.44204 -6.69507e-15
-78.7407 2.26636 -6.68787e-15
-74.9545 2.08797 -6.68055e-15
-71.1174 1.90728 -6.67314e-15
-67.2368 1.72471 -6.66565e-15
-63.3202 1.5407 -6.6581e-15
-59.3746 1.35565 -6.65051e-15
-55.4061 1.16992 -6.6429e-15
-51.4202 0.983842 -6.63527e-15
-47.3971 0.795542 -6.62754e-15
-43.3597 0.606915 -6.61981e-15
-39.3252 0.419301 -6.61211e-15
-35.2876 0.232126 -6.60444e-15
-31.2572 0.0461899 -6.59681e-15
-27.2327 -0.138696 -6.58923e-15
-23.2209 -0.322014 -6.58171e-15
-19.2229 -0.503759 -6.57425e-15
-15.2432 -0.683592 -6.56688e-15
-11.2839 -0.861417 -6.55959e-15
-7.35026 -1.03689 -6.55239e-15
-3.44657 -1.20978 -6.5453e-15
0.422686 -1.37981 -6.53833e-15
4.25434 -1.54681 -6.53148e-15
8.04504 -1.71056 -6.52476e-15
11.7925 -1.87095 -6.51818e-15
15.4951 -2.02785 -6.51175e-15
19.1517 -2.18122 -6.50546e-15
22.763 -2.3311 -6.49931e-15
26.3278 -2.47741 -6.49331e-15
29.844 -2.61976 -6.48747e-15
33.3148 -2.75852 -6.48178e-15
36.74 -2.89383 -6.47623e-15
40.1203 -3.02564 -6.47083e-15
43.4577 -3.15416 -6.46555e-15
46.7536 -3.27944 -6.46042e-15
50.0104 -3.40166 -6.4554e-15
53.2293 -3.52088 -6.45051e-15
56.4132 -3.63731 -6.44574e-15
59.5652 -3.75119 -6.44107e-15
62.6898 -3.86278 -6.43649e-15
65.7917 -3.97239 -6.432e-15
68.8795 -4.0804 -6.42757e-15
71.9568 -4.18712 -6.42319e-15
75.0292 -4.29298 -6.41885e-15
78.1051 -4.39843 -6.41452e-15
81.1913 -4.5039 -6.4102e-15
84.2961 -4.60987 -6.40585e-15
87.4279 -4.716