-1.44688e-05 7.12739e-08 -2.92315e-24
-2.89377e-05 1.42559e-07 -5.84675e-24
-4.34066e-05 2.13855e-07 -8.77079e-24
-5.78755e-05 2.85161e-07 -1.16953e-23
-7.23445e-05 3.56479e-07 -1.46202e-23
-8.68135e-05 4.27807e-07 -1.75456e-23
-0.000101283 4.99147e-07 -2.04714e-23
-0.000115752 5.70497e-07 -2.33977e-23
-0.000130221 6.41858e-07 -2.63245e-23
-0.00014469 7.1323e-07 -2.92516e-23
-0.000144692 7.13392e-07 -2.92583e-23
-0.000144699 7.14099e-07 -2.92873e-23
-0.000144715 7.15688e-07 -2.93524e-23
-0.000144741 7.18368e-07 -2.94624e-23
-0.000144778 7.22138e-07 -2.9617e-23
-0.000144822 7.26571e-07 -2.97988e-23
-0.000144866 7.31017e-07 -2.99811e-23
-0.000144904 7.34831e-07 -3.01375e-23
-0.000144929 7.37292e-07 -3.02385e-23
-0.000144932 7.37515e-07 -3.02476e-23
-0.000144904 7.34544e-07 -3.01258e-23
-0.000144835 7.27459e-07 -2.98352e-23
-0.000144719 7.15504e-07 -2.93449e-23
-0.00014455 6.98226e-07 -2.86363e-23
-0.000144325 6.75351e-07 -2.76981e-23
-0.000144042 6.46655e-07 -2.65212e-23
-0.000143701 6.12122e-07 -2.51049e-23
-0.000143305 5.7212e-07 -2.34643e-23
-0.000142859 5.27228e-07 -2.16231e-23
-0.000142369 4.78057e-07 -1.96065e-23
-0.000141844 4.2553e-07 -1.74522e-23
-0.000141297 3.71191e-07 -1.52236e-23
-0.000140748 3.1689e-07 -1.29966e-23
-0.000140213 2.64449e-07 -1.08458e-23
-0.00013971 2.15538e-07 -8.83982e-24
-0.00013925 1.71555e-07 -7.03597e-24
-0.000138847 1.33718e-07 -5.48417e-24
-0.000138511 1.0316e-07 -4.23087e-24
-0.000138252 8.08499e-08 -3.31589e-24
-0.000138077 6.75157e-08 -2.76901e-24
-0.000137993 6.37065e-08 -2.61279e-24
-0.000138004 6.98705e-08 -2.86559e-24
-0.000138112 8.62085e-08 -3.53566e-24
-0.000138317 1.12523e-07 -4.61489e-24
-0.000138615 1.4837e-07 -6.0851e-24
-0.000139001 1.9323e-07 -7.92491e-24
-0.00013947 2.46463e-07 -1.01082e-23
-0.000140016 3.07275e-07 -1.26022e-23
-0.000140631 3.74775e-07 -1.53706e-23
-0.000141306 4.48046e-07 -1.83757e-23
-0.000142035 5.26253e-07 -2.15831e-23
-0.000142812 6.08754e-07 -2.49667e-23
-0.000143632 6.9502e-07 -2.85048e-23
-0.000144493 7.84538e-07 -3.21762e-23
-0.000145387 8.76593e-07 -3.59516e-23
-0.000146303 9.7003e-07 -3.97837e-23
-0.00014723 1.0635e-06 -4.36172e-23
-0.000148154 1.15572e-06 -4.73993e-23
-0.000149063 1.24539e-06 -5.1077e-23
-0.000149945 1.33112e-06 -5.45931e-23
-0.000150785 1.41152e-06 -5.78906e-23
-0.00015157 1.48532e-06 -6.09171e-23
-0.000152288 1.5513e-06 -6.36231e-23
-0.000152928 1.60828e-06 -6.59604e-23
-0.000153477 1.65518e-06 -6.78837e-23
-0.000153925 1.69102e-06 -6.93535e-23
-0.000154267 1.7152e-06 -7.03451e-23
-0.000154499 1.72771e-06 -7.08582e-23
-0.000154625 1.7289e-06 -7.09073e-23
-0.000154648 1.71925e-06 -7.05113e-23
-0.000154574 1.69945e-06 -6.96995e-23
-0.000154411 1.67066e-06 -6.85186e-23
-0.000154173 1.63423e-06 -6.70246e-23
-0.000153871 1.59156e-06 -6.52746e-23
-0.00015352 1.54419e-06 -6.33315e-23
-0.000153135 1.49389e-06 -6.12689e-23
-0.000152734 1.44258e-06 -5.91643e-23
-0.000152333 1.39207e-06 -5.70929e-23
-0.000151949 1.34402e-06 -5.51221e-23
-0.000151594 1.29975e-06 -5.33065e-23
-0.000151277 1.26036e-06 -5.16912e-23
-0.000151009 1.22685e-06 -5.03167e-23
-0.000150796 1.1999e-06 -4.92115e-23
-0.00015064 1.17977e-06 -4.83857e-23
-0.000150542 1.16639e-06 -4.7837e-23
-0.0001505 1.1596e-06 -4.75584e-23
-0.000150511 1.15897e-06 -4.75326e-23
-0.000150567 1.16369e-06 -4.77264e-23
-0.00015066 1.17273e-06 -4.80971e-23
-0.000150779 1.18498e-06 -4.85995e-23
-0.000150917 1.19957e-06 -4.91979e-23
-0.000151072 1.21617e-06 -4.98788e-23
-0.000151244 1.23474e-06 -5.06404e-23
-0.000151435 1.25522e-06 -5.14801e-23
-0.000151644 1.27754e-06 -5.23956e-23
-0.000151872 1.3017e-06 -5.33865e-23
-0.00015212 1.32771e-06 -5.44531e-23
-0.00015239 1.35559e-06 -5.55966e-23
-0.00015268 1.38519e-06 -5.68105e-23
-0.000152986 1.41596e-06 -5.80726e-23
-0.000153301 1.44718e-06 -5.93531e-23
-0.000153618 1.47817e-06 -6.06242e-23
-0.000153933 1.50835e-06 -6.18617e-23
-0.000154241 1.53725e-06 -6.3047e-23
-0.000154538 1.56452e-06 -6.41653e-23
-0.00015482 1.58985e-06 -6.52045e-23
-0.000155087 1.61309e-06 -6.61574e-23
-0.000155338 1.63424e-06 -6.70247e-23
-0.000155573 1.65344e-06 -6.78123e-23
-0.000155794 1.67087e-06 -6.85273e-23
-0.000156003 1.68683e-06 -6.91818e-23
-0.000156204 1.70178e-06 -6.97949e-23
-0.000156401 1.71629e-06 -7.03899e-23
-0.0001566 1.73091e-06 -7.09898e-23
-0.000156803 1.74596e-06 -7.16069e-23
-0.000157007 1.76119e-06 -7.22314e-23
-0.000157205 1.77606e-06 -7.28412e-23
-0.000157392 1.79002e-06 -7.34138e-23
-0.00015756 1.80234e-06 -7.39192e-23
-0.000157699 1.81195e-06 -7.43134e-23
-0.000157795 1.8176e-06 -7.45451e-23
-0.000157836 1.81804e-06 -7.45632e-23
-0.000157812 1.81224e-06 -7.43252e-23
-0.000157717 1.79959e-06 -7.38065e-23
-0.000157548 1.77975e-06 -7.29926e-23
-0.0001573 1.75237e-06 -7.18696e-23
-0.000156974 1.71739e-06 -7.04352e-23
-0.000156574 1.67532e-06 -6.87098e-23
-0.000156108 1.62695e-06 -6.67259e-23
-0.000155585 1.57308e-06 -6.45165e-23
-0.000155015 1.51471e-06 -6.21227e-23
-0.000154411 1.45323e-06 -5.96011e-23
-0.000153789 1.39019e-06 -5.70159e-23
-0.000153164 1.32717e-06 -5.4431e-23
-0.000152552 1.26554e-06 -5.19036e-23
-0.000151962 1.20641e-06 -4.94784e-23
-0.000151405 1.15068e-06 -4.71929e-23
-0.000150889 1.09924e-06 -4.50832e-23
-0.000150423 1.05277e-06 -4.3177e-23
-0.000150008 1.01155e-06 -4.14867e-23
-0.000149648 9.75685e-07 -4.00156e-23
-0.000149342 9.45233e-07 -3.87667e-23
-0.000149092 9.20257e-07 -3.77424e-23
-0.0001489 9.00824e-07 -3.69454e-23
-0.000148765 8.87004e-07 -3.63786e-23
-0.00014869 8.78861e-07 -3.60446e-23
-0.000148676 8.76457e-07 -3.5946e-23
-0.000148722 8.79848e-07 -3.60851e-23
-0.000148829 8.89089e-07 -3.64641e-23
-0.000148999 9.04235e-07 -3.70853e-23
-0.000149231 9.25213e-07 -3.79457e-23
-0.00014952 9.51674e-07 -3.90309e-23
-0.000149862 9.8313e-07 -4.0321e-23
-0.000150252 1.0191e-06 -4.17963e-23
-0.000150684 1.0591e-06 -4.34369e-23
-0.000151153 1.10263e-06 -4.52222e-23
-0.000151655 1.14919e-06 -4.71314e-23
-0.000152182 1.19825e-06 -4.91439e-23
-0.000152732 1.24945e-06 -5.12437e-23
-0.0001533 1.30261e-06 -5.34239e-23
-0.000153887 1.35768e-06 -5.56823e-23
-0.000154491 1.41458e-06 -5.80161e-23
-0.000155111 1.4733e-06 -6.04243e-23
-0.000155747 1.53393e-06 -6.29108e-23
-0.000156401 1.59659e-06 -6.54806e-23
-0.000157071 1.66137e-06 -6.81374e-23
-0.000157757 1.72817e-06 -7.08771e-23
-0.000158455 1.79655e-06 -7.36818e-23
-0.000159157 1.86588e-06 -7.65253e-23
-0.000159857 1.93548e-06 -7.93797e-23
-0.000160547 2.00453e-06 -8.22115e-23
-0.000161216 2.07196e-06 -8.49773e-23
-0.000161852 2.13661e-06 -8.76285e-23
-0.000162445 2.19726e-06 -9.01159e-23
-0.000162985 2.25286e-06 -9.23961e-23
-0.000163463 2.30264e-06 -9.44378e-23
-0.000163874 2.346e-06 -9.62164e-23
-0.000164214 2.38238e-06 -9.77083e-23
-0.000164478 2.41139e-06 -9.88982e-23
-0.000164669 2.43307e-06 -9.97874e-23
-0.000164787 2.44768e-06 -1.00386e-22
-0.000164838 2.45551e-06 -1.00707e-22
-0.000164826 2.45696e-06 -1.00767e-22
-0.000164756 2.45266e-06 -1.00591e-22
-0.000164637 2.44335e-06 -1.00209e-22
-0.000164477 2.42979e-06 -9.96529e-23
-0.000164283 2.41264e-06 -9.89494e-23
-0.000164057 2.39224e-06 -9.81129e-23
-0.000163803 2.36882e-06 -9.71522e-23
-0.000163524 2.34262e-06 -9.60776e-23
-0.000163222 2.31395e-06 -9.49017e-23
-0.000162902 2.28321e-06 -9.36409e-23
-0.000162569 2.25085e-06 -9.2314e-23
-0.000162226 2.21738e-06 -9.09411e-23
-0.00016188 2.18324e-06 -8.95411e-23
-0.000161533 2.14884e-06 -8.81301e-23
-0.000161189 2.11453e-06 -8.67228e-23
-0.000160852 2.08068e-06 -8.53348e-23
-0.000160525 2.04772e-06 -8.39829e-23
-0.000160214 2.01611e-06 -8.26866e-23
-0.000159921 1.98636e-06 -8.14666e-23
-0.000159653 1.95897e-06 -8.03432e-23
-0.000159411 1.93428e-06 -7.93305e-23
-0.000159197 1.91231e-06 -7.84292e-23
-0.000159007 1.89289e-06 -7.76331e-23
-0.00015884 1.87587e-06 -7.69349e-23
-0.000158694 1.8611e-06 -7.6329e-23
-0.000158569 1.84853e-06 -7.58136e-23
-0.000158463 1.83816e-06 -7.53881e-23
-0.000158375 1.82993e-06 -7.50508e-23
-0.000158305 1.8237e-06 -7.47954e-23
-0.000158248 1.81912e-06 -7.46075e-23
-0.0001582 1.81572e-06 -7.44678e-23
-0.000158154 1.81299e-06 -7.4356e-23
-0.000158106 1.81035e-06 -7.42477e-23
-0.000158048 1.80703e-06 -7.41115e-23
-0.00015797 1.80217e-06 -7.39121e-23
-0.000157865 1.7949e-06 -7.3614e-23
-0.000157726 1.78462e-06 -7.31924e-23
-0.000157553 1.77128e-06 -7.26451e-23
-0.000157348 1.7551e-06 -7.19817e-23
-0.000157114 1.73632e-06 -7.12114e-23
-0.000156853 1.71522e-06 -7.03461e-23
-0.00015657 1.69224e-06 -6.94038e-23
-0.00015627 1.66789e-06 -6.8405e-23
-0.000155958 1.64265e-06 -6.73696e-23
-0.00015564 1.61703e-06 -6.63189e-23
-0.000155322 1.59165e-06 -6.5278e-23
-0.00015501 1.56715e-06 -6.42732e-23
-0.000154712 1.54415e-06 -6.33299e-23
-0.000154431 1.52293e-06 -6.24597e-23
-0.000154163 1.50314e-06 -6.16481e-23
-0.000153902 1.48408e-06 -6.08665e-23
-0.000153643 1.46506e-06 -6.00862e-23
-0.000153379 1.44534e-06 -5.92774e-23
-0.000153102 1.42412e-06 -5.84071e-23
-0.000152805 1.40058e-06 -5.74419e-23
-0.000152481 1.37396e-06 -5.63501e-23
-0.000152125 1.34371e-06 -5.51094e-23
-0.000151736 1.30971e-06 -5.37149e-23
-0.000151317 1.27209e-06 -5.21719e-23
-0.000150868 1.23104e-06 -5.04884e-23
-0.000150394 1.18686e-06 -4.86768e-23
-0.000149898 1.14002e-06 -4.67556e-23
-0.000149386 1.09107e-06 -4.47478e-23
-0.000148864 1.04061e-06 -4.26785e-23
-0.000148338 9.89339e-07 -4.05756e-23
-0.000147816 9.38014e-07 -3.84707e-23
-0.000147305 8.87464e-07 -3.63975e-23
-0.000146813 8.38531e-07 -3.43906e-23
-0.000146349 7.92117e-07 -3.2487e-23
-0.000145922 7.49228e-07 -3.0728e-23
-0.000145542 7.10907e-07 -2.91564e-23
-0.000145218 6.78173e-07 -2.78138e-23
-0.00014496 6.5201e-07 -2.67408e-23
-0.000144776 6.33365e-07 -2.59761e-23
-0.000144675 6.23129e-07 -2.55563e-23
-0.000144665 6.22125e-07 -2.55151e-23
-0.000144751 6.30878e-07 -2.58741e-23
-0.000144933 6.49384e-07 -2.66331e-23
-0.000145206 6.77321e-07 -2.77789e-23
-0.000145569 7.14292e-07 -2.92952e-23
-0.000146011 7.59416e-07 -3.11458e-23
-0.000146516 8.10896e-07 -3.32572e-23
-0.000147061 8.66454e-07 -3.55358e-23
-0.000147624 9.23791e-07 -3.78873e-23
-0.000148183 9.80604e-07 -4.02174e-23
-0.000148715 1.03459e-06 -4.24314e-23
-0.000149198 1.08347e-06 -4.44362e-23
-0.00014961 1.12504e-06 -4.61413e-23
-0.000149932 1.15738e-06 -4.74673e-23
-0.00015015 1.17902e-06 -4.83551e-23
-0.000150253 1.18885e-06 -4.87583e-23
-0.00015023 1.18585e-06 -4.86349e-23
-0.000150078 1.16961e-06 -4.79691e-23
-0.000149802 1.14092e-06 -4.67925e-23
-0.000149416 1.10121e-06 -4.51638e-23
-0.000148935 1.05197e-06 -4.31443e-23
-0.000148375 9.94965e-07 -4.08064e-23
-0.000147757 9.32415e-07 -3.8241e-23
-0.000147104 8.66765e-07 -3.55486e-23
-0.000146439 8.00447e-07 -3.28286e-23
-0.000145784 7.3571e-07 -3.01736e-23
-0.000145157 6.74467e-07 -2.76618e-23
-0.000144574 6.184e-07 -2.53624e-23
-0.00014405 5.69096e-07 -2.33403e-23
-0.000143598 5.27856e-07 -2.16489e-23
-0.000143227 4.95512e-07 -2.03224e-23
-0.00014294 4.72589e-07 -1.93822e-23
-0.000142744 4.59482e-07 -1.88447e-23
-0.000142638 4.56175e-07 -1.87091e-23
-0.000142615 4.61938e-07 -1.89454e-23
-0.000142666 4.75628e-07 -1.95069e-23
-0.000142778 4.96015e-07 -2.0343e-23
-0.000142942 5.21934e-07 -2.1406e-23
-0.00014315 5.52431e-07 -2.26568e-23
-0.000143393 5.86657e-07 -2.40605e-23
-0.000143665 6.23739e-07 -2.55813e-23
-0.000143958 6.62829e-07 -2.71846e-23
-0.000144265 7.03158e-07 -2.88386e-23
-0.000144582 7.44009e-07 -3.0514e-23
-0.000144901 7.84697e-07 -3.21827e-23
-0.000145217 8.2449e-07 -3.38147e-23
-0.000145521 8.62527e-07 -3.53747e-23
-0.000145806 8.9792e-07 -3.68263e-23
-0.000146064 9.29851e-07 -3.81359e-23
-0.000146291 9.57979e-07 -3.92895e-23
-0.000146495 9.82852e-07 -4.03096e-23
-0.000146684 1.00551e-06 -4.12391e-23
-0.00014687 1.02707e-06 -4.21231e-23
-0.000147063 1.04867e-06 -4.30091e-23
-0.000147276 1.07153e-06 -4.39467e-23
-0.000147521 1.09689e-06 -4.49865e-23
-0.000147809 1.12598e-06 -4.61796e-23
-0.000148148 1.15966e-06 -4.7561e-23
-0.000148539 1.198e-06 -4.91336e-23
-0.000148978 1.24065e-06 -5.08825e-23
-0.000149461 1.28722e-06 -5.27926e-23
-0.00014998 1.33689e-06 -5.48297e-23
-0.000150516 1.3879e-06 -5.69218e-23
-0.000151048 1.43802e-06 -5.89775e-23
-0.000151553 1.48506e-06 -6.09066e-23
-0.000152012 1.52691e-06 -6.26229e-23
-0.000152404 1.56163e-06 -6.40468e-23
-0.000152711 1.5874e-06 -6.5104e-23
-0.000152916 1.60251e-06 -6.57237e-23
-0.000153007 1.60575e-06 -6.58566e-23
-0.000152981 1.59691e-06 -6.54937e-23
-0.000152841 1.5763e-06 -6.46487e-23
-0.000152589 1.54436e-06 -6.33387e-23
-0.000152235 1.50197e-06 -6.16002e-23
-0.000151795 1.45091e-06 -5.95058e-23
-0.000151291 1.39339e-06 -5.71468e-23
-0.000150742 1.33166e-06 -5.46153e-23
-0.00015017 1.26774e-06 -5.19937e-23
-0.000149588 1.20314e-06 -4.93443e-23
-0.000149007 1.1391e-06 -4.67179e-23
-0.00014844 1.07681e-06 -4.41632e-23
-0.000147894 1.0172e-06 -4.17183e-23
-0.000147375 9.60699e-07 -3.9401e-23
-0.000146884 9.0747e-07 -3.72179e-23
-0.000146421 8.57604e-07 -3.51728e-23
-0.000145984 8.10858e-07 -3.32556e-23
-0.000145565 7.66365e-07 -3.14308e-23
-0.000145153 7.22918e-07 -2.9649e-23
-0.000144735 6.79291e-07 -2.78597e-23
-0.0001443 6.34356e-07 -2.60168e-23
-0.000143841 5.87208e-07 -2.40831e-23
-0.000143349 5.37068e-07 -2.20267e-23
-0.000142818 4.83186e-07 -1.98169e-23
-0.000142241 4.25007e-07 -1.74307e-23
-0.000141618 3.62355e-07 -1.48612e-23
-0.000140948 2.95271e-07 -1.21099e-23
-0.000140233 2.23835e-07 -9.18014e-24
-0.000139472 1.48153e-07 -6.07617e-24
-0.000138667 6.83386e-08 -2.80276e-24
-0.000137819 -1.54722e-08 6.34561e-25
-0.000136929 -1.03116e-07 4.22907e-24
-0.000135998 -1.9439e-07 7.9725e-24
-0.000135029 -2.89048e-07 1.18547e-23
-0.000134022 -3.86815e-07 1.58644e-23
-0.000132981 -4.8741e-07 1.99901e-23
-0.000131909 -5.90411e-07 2.42145e-23
-0.000130811 -6.95111e-07 2.85085e-23
-0.000129697 -8.00671e-07 3.28378e-23
-0.000128573 -9.06288e-07 3.71695e-23
-0.000127446 -1.0111e-06 4.1468e-23
-0.000126328 -1.11407e-06 4.56914e-23
-0.000125227 -1.21415e-06 4.97959e-23
-0.000124154 -1.31034e-06 5.3741e-23
-0.000123118 -1.40164e-06 5.74852e-23
-0.000122131 -1.48688e-06 6.09812e-23
-0.000121204 -1.5649e-06 6.41812e-23
-0.000120348 -1.63466e-06 6.70423e-23
-0.000119572 -1.69533e-06 6.95305e-23
-0.000118882 -1.74639e-06 7.16246e-23
-0.000118281 -1.78756e-06 7.33129e-23
-0.000117771 -1.81866e-06 7.45884e-23
-0.000117353 -1.83994e-06 7.54612e-23
-0.000117018 -1.85235e-06 7.59703e-23
-0.000116746 -1.85858e-06 7.62256e-23
-0.000116531 -1.85902e-06 7.62438e-23
-0.000116364 -1.85452e-06 7.60591e-23
-0.000116227 -1.84715e-06 7.57571e-23
-0.000116108 -1.83821e-06 7.53901e-23
-0.000115992 -1.82951e-06 7.50336e-23
-0.000115866 -1.82247e-06 7.47447e-23
-0.000115715 -1.81877e-06 7.45928e-23
-0.000115526 -1.81982e-06 7.46361e-23
-0.000115285 -1.82708e-06 7.49339e-23
-0.000114987 -1.84123e-06 7.55143e-23
-0.000114636 -1.86182e-06 7.63587e-23
-0.000114246 -1.88765e-06 7.74179e-23
-0.000113828 -1.91743e-06 7.86395e-23
-0.000113398 -1.94958e-06 7.99581e-23
-0.000112976 -1.98207e-06 8.12904e-23
-0.000112584 -2.01258e-06 8.25418e-23
-0.000112245 -2.03879e-06 8.36165e-23
-0.000111978 -2.05866e-06 8.44317e-23
-0.000111795 -2.07092e-06 8.49344e-23
-0.000111704 -2.07465e-06 8.50876e-23
-0.000111714 -2.06898e-06 8.48548e-23
-0.000111829 -2.05334e-06 8.42133e-23
-0.000112048 -2.02784e-06 8.31674e-23
-0.000112365 -1.99293e-06 8.1736e-23
-0.000112776 -1.94914e-06 7.99398e-23
-0.000113276 -1.89685e-06 7.77955e-23
-0.000113862 -1.83626e-06 7.53103e-23
-0.000114533 -1.76744e-06 7.24878e-23
-0.000115288 -1.69052e-06 6.9333e-23
-0.000116129 -1.6053e-06 6.5838e-23
-0.000117064 -1.51089e-06 6.1966e-23
-0.000118104 -1.40607e-06 5.76669e-23
-0.000119262 -1.28969e-06 5.28939e-23
-0.000120544 -1.16104e-06 4.76176e-23
-0.000121949 -1.02018e-06 4.18405e-23
-0.000123474 -8.67624e-07 3.55838e-23
-0.000125111 -7.03964e-07 2.88716e-23
-0.000126842 -5.32045e-07 2.18207e-23
-0.000128653 -3.52787e-07 1.44688e-23
-0.000130524 -1.67767e-07 6.88062e-24
-0.000132429 1.98121e-08 -8.12553e-25
-0.000134346 2.08079e-07 -8.53392e-24
-0.000136258 3.94886e-07 -1.61954e-23
-0.000138149 5.78838e-07 -2.37398e-23
-0.000140004 7.58283e-07 -3.10994e-23
-0.000141813 9.32155e-07 -3.82304e-23
-0.00014357 1.09994e-06 -4.51117e-23
-0.000145277 1.26162e-06 -5.17426e-23
-0.000146932 1.41719e-06 -5.81231e-23
-0.000148539 1.56701e-06 -6.42675e-23
-0.000150107 1.71194e-06 -7.02114e-23
-0.000151646 1.85316e-06 -7.60033e-23
-0.000153168 1.99188e-06 -8.16926e-23
-0.00015468 2.12891e-06 -8.73127e-23
-0.000156181 2.26417e-06 -9.28601e-23
-0.000157666 2.39712e-06 -9.83128e-23
-0.000159129 2.52724e-06 -1.0365e-22
-0.000160562 2.65387e-06 -1.08843e-22
-0.000161956 2.776e-06 -1.13852e-22
-0.000163298 2.89245e-06 -1.18628e-22
-0.000164577 3.0021e-06 -1.23125e-22
-0.000165784 3.10416e-06 -1.2731e-22
-0.000166918 3.1985e-06 -1.3118e-22
-0.00016798 3.28536e-06 -1.34742e-22
-0.000168973 3.365e-06 -1.38008e-22
-0.000169901 3.43788e-06 -1.40997e-22
-0.000170771 3.5048e-06 -1.43742e-22
-0.000171592 3.56674e-06 -1.46282e-22
-0.000172374 3.62468e-06 -1.48658e-22
-0.000173128 3.67983e-06 -1.5092e-22
-0.000173871 3.73394e-06 -1.5314e-22
-0.000174624 3.78899e-06 -1.55397e-22
-0.000175404 3.84687e-06 -1.57771e-22
-0.000176227 3.90913e-06 -1.60325e-22
-0.000177101 3.97653e-06 -1.63089e-22
-0.000178031 4.04953e-06 -1.66083e-22
-0.00017902 4.12847e-06 -1.69321e-22
-0.000180067 4.21301e-06 -1.72788e-22
-0.000181156 4.30151e-06 -1.76417e-22
-0.000182265 4.39167e-06 -1.80115e-22
-0.000183373 4.48117e-06 -1.83786e-22
-0.000184455 4.56754e-06 -1.87328e-22
-0.000185486 4.64798e-06 -1.90627e-22
-0.000186437 4.71957e-06 -1.93563e-22
-0.000187282 4.77953e-06 -1.96022e-22
-0.000188 4.82567e-06 -1.97915e-22
-0.000188581 4.85694e-06 -1.99197e-22
-0.000189022 4.87297e-06 -1.99855e-22
-0.000189319 4.87355e-06 -1.99879e-22
-0.000189478 4.85912e-06 -1.99286e-22
-0.000189513 4.83121e-06 -1.98142e-22
-0.000189445 4.79205e-06 -1.96536e-22
-0.000189296 4.74393e-06 -1.94562e-22
-0.000189087 4.6891e-06 -1.92313e-22
-0.000188837 4.62957e-06 -1.89872e-22
-0.000188563 4.56722e-06 -1.87315e-22
-0.000188283 4.50395e-06 -1.8472e-22
-0.00018801 4.44116e-06 -1.82145e-22
-0.000187745 4.37918e-06 -1.79603e-22
-0.000187485 4.31779e-06 -1.77085e-22
-0.000187227 4.25673e-06 -1.74581e-22
-0.000186966 4.19563e-06 -1.72075e-22
-0.000186695 4.1338e-06 -1.69539e-22
-0.000186404 4.07044e-06 -1.66941e-22
-0.000186085 4.00473e-06 -1.64245e-22
-0.000185732 3.93619e-06 -1.61435e-22
-0.00018535 3.86525e-06 -1.58525e-22
-0.000184944 3.79272e-06 -1.55551e-22
-0.000184523 3.7194e-06 -1.52543e-22
-0.000184093 3.64613e-06 -1.49538e-22
-0.000183666 3.57393e-06 -1.46577e-22
-0.000183251 3.50389e-06 -1.43705e-22
-0.000182857 3.43699e-06 -1.40961e-22
-0.000182493 3.3741e-06 -1.38382e-22
-0.000182165 3.31587e-06 -1.35993e-22
-0.000181878 3.26277e-06 -1.33816e-22
-0.000181636 3.21524e-06 -1.31866e-22
-0.000181442 3.17348e-06 -1.30153e-22
-0.000181294 3.13736e-06 -1.28672e-22
-0.000181189 3.10656e-06 -1.27409e-22
-0.000181125 3.08069e-06 -1.26348e-22
-0.000181098 3.05938e-06 -1.25474e-22
-0.000181105 3.0423e-06 -1.24774e-22
-0.000181144 3.02915e-06 -1.24234e-22
-0.000181211 3.01961e-06 -1.23843e-22
-0.000181307 3.01361e-06 -1.23597e-22
-0.000181437 3.01165e-06 -1.23517e-22
-0.000181609 3.0145e-06 -1.23633e-22
-0.00018183 3.02291e-06 -1.23978e-22
-0.00018211 3.03778e-06 -1.24588e-22
-0.00018246 3.06036e-06 -1.25514e-22
-0.000182896 3.09202e-06 -1.26813e-22
-0.00018343 3.1341e-06 -1.28539e-22
-0.000184068 3.18723e-06 -1.30717e-22
-0.000184803 3.25062e-06 -1.33317e-22
-0.000185619 3.32275e-06 -1.36276e-22
-0.000186503 3.40208e-06 -1.39529e-22
-0.000187432 3.48637e-06 -1.42986e-22
-0.00018837 3.57205e-06 -1.465e-22
-0.000189276 3.65487e-06 -1.49897e-22
-0.000190109 3.73065e-06 -1.53005e-22
-0.000190828 3.79533e-06 -1.55657e-22
-0.000191393 3.84494e-06 -1.57692e-22
-0.000191767 3.87569e-06 -1.58953e-22
-0.000191912 3.88396e-06 -1.59293e-22
-0.000191797 3.86658e-06 -1.5858e-22
-0.000191394 3.82101e-06 -1.56711e-22
-0.000190683 3.74521e-06 -1.53602e-22
-0.000189642 3.63735e-06 -1.49178e-22
-0.00018826 3.49649e-06 -1.43401e-22
-0.000186542 3.32325e-06 -1.36296e-22
-0.000184498 3.11911e-06 -1.27924e-22
-0.000182142 2.88574e-06 -1.18353e-22
-0.000179496 2.62552e-06 -1.0768e-22
-0.000176592 2.34215e-06 -9.60583e-23
-0.000173472 2.03999e-06 -8.36658e-23
-0.000170174 1.7234e-06 -7.06815e-23
-0.000166742 1.39687e-06 -5.72896e-23
-0.00016322 1.06523e-06 -4.3688e-23
-0.000159654 7.33378e-07 -3.00779e-23
-0.000156091 4.05986e-07 -1.66506e-23
-0.000152569 8.731e-08 -3.58083e-24
-0.000149126 -2.18996e-07 8.98167e-24
-0.000145791 -5.0976e-07 2.09067e-23
-0.000142594 -7.82157e-07 3.20785e-23
-0.000139557 -1.03405e-06 4.24095e-23
-0.00013669 -1.26448e-06 5.18598e-23
-0.000134002 -1.47295e-06 6.04099e-23
-0.000131496 -1.65923e-06 6.80497e-23
-0.000129169 -1.82381e-06 7.47997e-23
-0.000127016 -1.96776e-06 8.07037e-23
-0.000125024 -2.09266e-06 8.58261e-23
-0.000123179 -2.20028e-06 9.02399e-23
-0.000121467 -2.29248e-06 9.40213e-23
-0.000119874 -2.37108e-06 9.72447e-23
-0.000118385 -2.43787e-06 9.99842e-23
-0.000116986 -2.49468e-06 1.02314e-22
-0.000115666 -2.54309e-06 1.043e-22
-0.000114419 -2.58412e-06 1.05982e-22
-0.000113241 -2.61832e-06 1.07385e-22
-0.000112131 -2.64628e-06 1.08532e-22
-0.000111064 -2.67239e-06 1.09602e-22
-0.000110063 -2.69328e-06 1.10459e-22
-0.000109148 -2.7064e-06 1.10997e-22
-0.000108316 -2.71266e-06 1.11254e-22
-0.000107583 -2.71025e-06 1.11155e-22
-0.000106954 -2.69911e-06 1.10698e-22
-0.000106441 -2.67774e-06 1.09822e-22
-0.000106054 -2.64555e-06 1.08502e-22
-0.000105803 -2.60137e-06 1.0669e-22
-0.000105693 -2.54482e-06 1.0437e-22
-0.000105729 -2.4753e-06 1.01519e-22
-0.000105916 -2.39246e-06 9.81216e-23
-0.000106258 -2.29513e-06 9.413e-23
-0.000106748 -2.18455e-06 8.95945e-23
-0.00010738 -2.06171e-06 8.45568e-23
-0.000108147 -1.92706e-06 7.90344e-23
-0.000109039 -1.78183e-06 7.3078e-23
-0.000110042 -1.62733e-06 6.67413e-23
-0.000111138 -1.4655e-06 6.01043e-23
-0.000112311 -1.29799e-06 5.32343e-23
-0.000113542 -1.12678e-06 4.62126e-23
-0.000114811 -9.5391e-07 3.91226e-23
-0.000116097 -7.81636e-07 3.20572e-23
-0.000117378 -6.12147e-07 2.51059e-23
-0.000118636 -4.47271e-07 1.83439e-23
-0.00011986 -2.88512e-07 1.18327e-23
-0.000121035 -1.37187e-07 5.62645e-24
-0.000122153 5.59781e-09 -2.29582e-25
-0.000123205 1.3898e-07 -5.69998e-24
-0.000124189 2.62746e-07 -1.0776e-23
-0.000125107 3.76956e-07 -1.54601e-23
-0.00012596 4.81938e-07 -1.97657e-23
-0.000126754 5.78121e-07 -2.37104e-23
-0.000127499 6.66376e-07 -2.733e-23
-0.000128205 7.47807e-07 -3.06697e-23
-0.000128884 8.23661e-07 -3.37807e-23
-0.000129546 8.9486e-07 -3.67008e-23
-0.000130191 9.61571e-07 -3.94368e-23
-0.000130818 1.02362e-06 -4.19816e-23
-0.000131425 1.08095e-06 -4.43328e-23
-0.000132008 1.13308e-06 -4.64709e-23
-0.00013255 1.17856e-06 -4.83362e-23
-0.000133033 1.2155e-06 -4.9851e-23
-0.000133439 1.24214e-06 -5.09439e-23
-0.000133749 1.2569e-06 -5.15489e-23
-0.000133948 1.25823e-06 -5.16036e-23
-0.00013402 1.24476e-06 -5.10513e-23
-0.000133952 1.21528e-06 -4.98421e-23
-0.000133732 1.16905e-06 -4.79462e-23
-0.000133361 1.10617e-06 -4.53672e-23
-0.00013284 1.0272e-06 -4.21284e-23
-0.000132173 9.32816e-07 -3.82575e-23
-0.000131369 8.24105e-07 -3.37989e-23
-0.000130441 7.02872e-07 -2.88268e-23
-0.000129408 5.71287e-07 -2.34301e-23
-0.000128287 4.31495e-07 -1.76969e-23
-0.0001271 2.85904e-07 -1.17257e-23
-0.000125873 1.37481e-07 -5.63851e-24
-0.000124634 -1.06038e-08 4.34892e-25
-0.00012341 -1.55375e-07 6.3724e-24
-0.000122228 -2.93823e-07 1.20505e-23
-0.00012112 -4.22657e-07 1.73344e-23
-0.000120115 -5.38611e-07 2.209e-23
-0.000119243 -6.38757e-07 2.61973e-23
-0.000118525 -7.20866e-07 2.95648e-23
-0.000117973 -7.83776e-07 3.21449e-23
-0.000117591 -8.27058e-07 3.392e-23
-0.000117382 -8.50654e-07 3.48878e-23
-0.000117338 -8.55506e-07 3.50868e-23
-0.000117437 -8.44213e-07 3.46236e-23
-0.000117646 -8.20339e-07 3.36445e-23
-0.00011793 -7.8767e-07 3.23046e-23
-0.000118254 -7.50399e-07 3.0776e-23
-0.000118572 -7.13317e-07 2.92552e-23
-0.000118839 -6.81504e-07 2.79504e-23
-0.000119009 -6.60006e-07 2.70687e-23
-0.000119037 -6.53794e-07 2.6814e-23
-0.000118879 -6.67728e-07 2.73855e-23
-0.00011849 -7.06404e-07 2.89717e-23
-0.000117832 -7.74239e-07 3.17538e-23
-0.000116869 -8.75073e-07 3.58893e-23
-0.000115571 -1.01205e-06 4.15073e-23
-0.000113918 -1.18747e-06 4.87015e-23
-0.000111893 -1.40323e-06 5.75507e-23
-0.000109482 -1.66081e-06 6.81146e-23
-0.000106676 -1.96096e-06 8.04245e-23
-0.000103472 -2.30399e-06 9.44934e-23
-9.98708e-05 -2.68965e-06 1.1031e-22
-9.58786e-05 -3.1171e-06 1.27841e-22
-9.151e-05 -3.58457e-06 1.47014e-22
-8.67848e-05 -4.08977e-06 1.67733e-22
-8.17262e-05 -4.62995e-06 1.89888e-22
-7.63636e-05 -5.20174e-06 2.13338e-22
-7.07359e-05 -5.80077e-06 2.37906e-22
-6.48886e-05 -6.42164e-06 2.6337e-22
-5.8866e-05 -7.05961e-06 2.89535e-22
-5.27167e-05 -7.70948e-06 3.16188e-22
-4.64957e-05 -8.36509e-06 3.43077e-22
-4.02592e-05 -9.0204e-06 3.69952e-22
-3.40634e-05 -9.66921e-06 3.96562e-22
-2.79644e-05 -1.03055e-05 4.22659e-22
-2.20219e-05 -1.09229e-05 4.4798e-22
-1.62945e-05 -1.15151e-05 4.72269e-22
-1.08383e-05 -1.20763e-05 4.95284e-22
-5.70264e-06 -1.26012e-05 5.16812e-22
-9.28214e-07 -1.30856e-05 5.3668e-22
3.45146e-06 -1.35262e-05 5.54747e-22
7.40713e-06 -1.39198e-05 5.70891e-22
1.09182e-05 -1.42646e-05 5.85033e-22
1.39769e-05 -1.45599e-05 5.97145e-22
1.6584e-05 -1.48061e-05 6.0724e-22
1.87445e-05 -1.50038e-05 6.1535e-22
2.04693e-05 -1.51545e-05 6.21532e-22
2.17776e-05 -1.52606e-05 6.25881e-22
2.26937e-05 -1.53248e-05 6.28512e-22
2.32449e-05 -1.53502e-05 6.29556e-22
2.34564e-05 -1.53399e-05 6.29133e-22
2.33478e-05 -1.52962e-05 6.27341e-22
2.2936e-05 -1.52212e-05 6.24264e-22
2.22389e-05 -1.5117e-05 6.19991e-22
2.12748e-05 -1.49858e-05 6.14613e-22
2.00618e-05 -1.48299e-05 6.08216e-22
1.86179e-05 -1.46511e-05 6.00885e-22
1.69608e-05 -1.44517e-05 5.92704e-22
1.51061e-05 -1.42332e-05 5.83744e-22
1.30648e-05 -1.3997e-05 5.74058e-22
1.08458e-05 -1.37441e-05 5.63684e-22
8.45689e-06 -1.34752e-05 5.52657e-22
5.9061e-06 -1.31913e-05 5.41012e-22
3.20217e-06 -1.28931e-05 5.28783e-22
3.52101e-07 -1.25809e-05 5.15977e-22
-2.63404e-06 -1.22559e-05 5.02649e-22
-5.74804e-06 -1.1919e-05 4.88834e-22
-8.98282e-06 -1.15708e-05 4.74551e-22
-1.23304e-05 -1.12119e-05 4.59832e-22
-1.57842e-05 -1.08428e-05 4.44694e-22
-1.93362e-05 -1.04642e-05 4.29166e-22
-2.29793e-05 -1.00766e-05 4.13271e-22
-2.67049e-05 -9.68085e-06 3.9704e-22
-3.05049e-05 -9.27753e-06 3.80498e-22
-3.43696e-05 -8.86757e-06 3.63685e-22
-3.82876e-05 -8.452e-06 3.46641e-22
-4.22461e-05 -8.03206e-06 3.29418e-22
-4.62319e-05 -7.60905e-06 3.12069e-22
-5.0235e-05 -7.18398e-06 2.94636e-22
-5.42527e-05 -6.75713e-06 2.77129e-22
-5.82856e-05 -6.32849e-06 2.5955e-22
-6.23337e-05 -5.89812e-06 2.41899e-22
-6.63948e-05 -5.46611e-06 2.24181e-22
-7.04782e-05 -5.03177e-06 2.06367e-22
-7.4594e-05 -4.59445e-06 1.88431e-22
-7.87482e-05 -4.15359e-06 1.70351e-22
-8.29502e-05 -3.70854e-06 1.52098e-22
-8.7209e-05 -3.25858e-06 1.33644e-22
-9.15345e-05 -2.80275e-06 1.14949e-22
-9.59374e-05 -2.34041e-06 9.59868e-23
-0.000100424 -1.87133e-06 7.67487e-23
-0.000104987 -1.39643e-06 5.72715e-23
-0.000109617 -9.17115e-07 3.76135e-23
-0.000114301 -4.34804e-07 1.78326e-23
-0.000119029 4.88883e-08 -2.00505e-24
-0.00012378 5.31822e-07 -2.18115e-23
-0.000128534 1.01168e-06 -4.14919e-23
-0.000133274 1.48632e-06 -6.09584e-23
-0.000137983 1.95403e-06 -8.01406e-23
-0.000142653 2.41377e-06 -9.89958e-23
-0.000147279 2.86496e-06 -1.175e-22
-0.000151859 3.30728e-06 -1.35641e-22
-0.000156392 3.74068e-06 -1.53416e-22
-0.000160849 4.15987e-06 -1.70608e-22
-0.000165255 4.56907e-06 -1.87391e-22
-0.000169635 4.97212e-06 -2.03921e-22
-0.00017398 5.36754e-06 -2.20138e-22
-0.000178301 5.7571e-06 -2.36115e-22
-0.000182592 6.14006e-06 -2.51822e-22
-0.000186858 6.5174e-06 -2.67297e-22
-0.000191092 6.88862e-06 -2.82522e-22
-0.000195283 7.25295e-06 -2.97464e-22
-0.000199412 7.60864e-06 -3.12052e-22
-0.000203461 7.95434e-06 -3.2623e-22
-0.000207411 8.28817e-06 -3.39922e-22
-0.000211241 8.60845e-06 -3.53057e-22
-0.000214931 8.91339e-06 -3.65564e-22
-0.000218458 9.20099e-06 -3.77359e-22
-0.0002218 9.46929e-06 -3.88363e-22
-0.000224933 9.71616e-06 -3.98488e-22
-0.000227834 9.93941e-06 -4.07644e-22
-0.000230479 1.01369e-05 -4.15743e-22
-0.000232848 1.03066e-05 -4.22704e-22
-0.000234924 1.04472e-05 -4.28471e-22
-0.000236694 1.05575e-05 -4.32994e-22
-0.000238147 1.06363e-05 -4.36227e-22
-0.000239268 1.06824e-05 -4.38116e-22
-0.000240041 1.0694e-05 -4.38591e-22
-0.000240445 1.06692e-05 -4.37575e-22
-0.000240463 1.06063e-05 -4.34994e-22
-0.000240081 1.05037e-05 -4.30788e-22
-0.000239291 1.03608e-05 -4.24927e-22
-0.000238092 1.0178e-05 -4.17431e-22
-0.000236481 9.95448e-06 -4.08262e-22
-0.000234459 9.69009e-06 -3.97418e-22
-0.000232044 9.38673e-06 -3.84977e-22
-0.000229257 9.04632e-06 -3.71016e-22
-0.000226122 8.67141e-06 -3.5564e-22
-0.000222664 8.26442e-06 -3.38948e-22
-0.000218914 7.82843e-06 -3.21067e-22
-0.000214895 7.3664e-06 -3.02117e-22
-0.000210647 6.88188e-06 -2.82246e-22
-0.000206206 6.37817e-06 -2.61587e-22
-0.000201602 5.85859e-06 -2.40278e-22
-0.000196871 5.32653e-06 -2.18456e-22
-0.000192044 4.78531e-06 -1.96259e-22
-0.000187155 4.23817e-06 -1.7382e-22
-0.000182229 3.68783e-06 -1.51248e-22
-0.00017729 3.13673e-06 -1.28646e-22
-0.000172362 2.58726e-06 -1.06111e-22
-0.000167466 2.04165e-06 -8.37338e-23
-0.000162619 1.50151e-06 -6.15814e-23
-0.000157832 9.68215e-07 -3.97093e-23
-0.000153117 4.43022e-07 -1.81696e-23
-0.000148488 -7.27475e-08 2.98359e-24
-0.000143954 -5.77872e-07 2.37002e-23
-0.000139527 -1.0713e-06 4.3937e-23
-0.000135215 -1.55183e-06 6.3645e-23
-0.000131031 -2.01818e-06 8.27713e-23
-0.000126986 -2.4691e-06 1.01265e-22
-0.000123091 -2.90325e-06 1.1907e-22
-0.000119357 -3.3194e-06 1.36138e-22
-0.000115796 -3.71632e-06 1.52417e-22
-0.000112419 -4.09258e-06 1.67848e-22
-0.000109239 -4.44675e-06 1.82374e-22
-0.000106268 -4.77757e-06 1.95942e-22
-0.000103519 -5.08368e-06 2.08496e-22
-0.000101006 -5.36331e-06 2.19965e-22
-9.87493e-05 -5.61461e-06 2.30271e-22
-9.67625e-05 -5.83597e-06 2.3935e-22
-9.5058e-05 -6.02613e-06 2.47149e-22
-9.36432e-05 -6.18436e-06 2.53638e-22
-9.25216e-05 -6.31028e-06 2.58803e-22
-9.16948e-05 -6.40381e-06 2.62639e-22
-9.1161e-05 -6.46518e-06 2.65156e-22
-9.09147e-05 -6.49507e-06 2.66382e-22
-9.09472e-05 -6.49447e-06 2.66357e-22
-9.1248e-05 -6.4646e-06 2.65132e-22
-9.18025e-05 -6.4071e-06 2.62774e-22
-9.25894e-05 -6.32431e-06 2.59378e-22
-9.35838e-05 -6.21893e-06 2.55056e-22
-9.476e-05 -6.09379e-06 2.49924e-22
-9.60919e-05 -5.95173e-06 2.44098e-22
-9.75536e-05 -5.79557e-06 2.37693e-22
-9.91196e-05 -5.62805e-06 2.30823e-22
-0.000100765 -5.45192e-06 2.23599e-22
-0.000102466 -5.26969e-06 2.16125e-22
-0.000104203 -5.08354e-06 2.0849e-22
-0.000105957 -4.89536e-06 2.00773e-22
-0.000107713 -4.70694e-06 1.93045e-22
-0.000109456 -4.51964e-06 1.85363e-22
-0.000111181 -4.33416e-06 1.77757e-22
-0.000112883 -4.15081e-06 1.70237e-22
-0.000114561 -3.96971e-06 1.62809e-22
-0.000116216 -3.7907e-06 1.55468e-22
-0.000117852 -3.61324e-06 1.48189e-22
-0.000119474 -3.43652e-06 1.40942e-22
-0.000121091 -3.25963e-06 1.33687e-22
-0.000122711 -3.08157e-06 1.26384e-22
-0.000124341 -2.90127e-06 1.1899e-22
-0.00012599 -2.71761e-06 1.11457e-22
-0.000127668 -2.52948e-06 1.03741e-22
-0.000129383 -2.33583e-06 9.57991e-23
-0.000131139 -2.13582e-06 8.75963e-23
-0.000132942 -1.92875e-06 7.91036e-23
-0.000134796 -1.71404e-06 7.02977e-23
-0.000136701 -1.49143e-06 6.11677e-23
-0.000138653 -1.2611e-06 5.17214e-23
-0.000140644 -1.02364e-06 4.19826e-23
-0.000142666 -7.79822e-07 3.19827e-23
-0.000144709 -5.30552e-07 2.17595e-23
-0.00014676 -2.76912e-07 1.1357e-23
-0.000148807 -2.00996e-08 8.24344e-25
-0.000150835 2.38478e-07 -9.78068e-24
-0.000152831 4.97396e-07 -2.03997e-23
-0.000154783 7.55444e-07 -3.0983e-23
-0.000156678 1.01143e-06 -4.14815e-23
-0.000158505 1.26399e-06 -5.18398e-23
-0.000160251 1.51184e-06 -6.20051e-23
-0.000161904 1.75376e-06 -7.1927e-23
-0.000163454 1.98852e-06 -8.15548e-23
-0.00016489 2.21484e-06 -9.08368e-23
-0.000166196 2.43102e-06 -9.9703e-23
-0.000167349 2.63475e-06 -1.08059e-22
-0.000168326 2.82322e-06 -1.15788e-22
-0.000169095 2.99342e-06 -1.22769e-22
-0.000169636 3.14292e-06 -1.289e-22
-0.000169929 3.26922e-06 -1.3408e-22
-0.000169952 3.36998e-06 -1.38212e-22
-0.000169684 3.44288e-06 -1.41202e-22
-0.000169107 3.48588e-06 -1.42966e-22
-0.000168209 3.49801e-06 -1.43463e-22
-0.000166977 3.47794e-06 -1.4264e-22
-0.000165398 3.42373e-06 -1.40417e-22
-0.000163462 3.33419e-06 -1.36745e-22
-0.000161164 3.20857e-06 -1.31593e-22
-0.000158497 3.04616e-06 -1.24932e-22
-0.000155458 2.84661e-06 -1.16748e-22
-0.00015204 2.60901e-06 -1.07003e-22
-0.000148224 2.3315e-06 -9.56217e-23
-0.000143989 2.01174e-06 -8.25074e-23
-0.00013927 1.63989e-06 -6.72568e-23
-0.000134076 1.21922e-06 -5.00038e-23
-0.00012841 7.51368e-07 -3.08158e-23
-0.000122235 2.31575e-07 -9.49755e-24
-0.000115547 -3.39827e-07 1.39373e-23
-0.000108324 -9.65511e-07 3.95984e-23
-0.000100563 -1.64529e-06 6.7478e-23
-9.22544e-05 -2.3803e-06 9.76229e-23
-8.33995e-05 -3.17015e-06 1.30017e-22
-7.39934e-05 -4.0153e-06 1.64679e-22
-6.4032e-05 -4.91592e-06 2.01616e-22
-5.35082e-05 -5.87264e-06 2.40854e-22
-4.24195e-05 -6.88544e-06 2.82392e-22
-3.07653e-05 -7.95426e-06 3.26227e-22
-1.85492e-05 -9.07847e-06 3.72334e-22
-5.77699e-06 -1.02573e-05 4.20682e-22
7.54267e-06 -1.14896e-05 4.71222e-22
2.1395e-05 -1.27737e-05 5.23885e-22
3.57541e-05 -1.41066e-05 5.78553e-22
5.05884e-05 -1.5485e-05 6.35084e-22
6.58646e-05 -1.69052e-05 6.93329e-22
8.15393e-05 -1.83625e-05 7.53099e-22
9.75498e-05 -1.98504e-05 8.14122e-22
0.000113824 -2.13613e-05 8.76089e-22
0.000130289 -2.28877e-05 9.38691e-22
0.000146872 -2.44219e-05 1.00161e-21
0.000163489 -2.59553e-05 1.0645e-21
0.000180058 -2.74795e-05 1.12701e-21
0.000196498 -2.89862e-05 1.18881e-21
0.000212725 -3.04669e-05 1.24954e-21
0.000228651 -3.19128e-05 1.30883e-21
0.000244188 -3.33148e-05 1.36634e-21
0.000259249 -3.46646e-05 1.4217e-21
0.000273766 -3.59553e-05 1.47463e-21
0.000287691 -3.71824e-05 1.52496e-21
0.000300992 -3.8343e-05 1.57256e-21
0.000313641 -3.94348e-05 1.61734e-21
0.000325626 -4.04569e-05 1.65925e-21
0.00033695 -4.14102e-05 1.69835e-21
0.000347633 -4.22973e-05 1.73473e-21
0.000357695 -4.31208e-05 1.76851e-21
0.00036716 -4.38838e-05 1.7998e-21
0.000376054 -4.45894e-05 1.82874e-21
0.000384404 -4.52411e-05 1.85547e-21
0.000392237 -4.58421e-05 1.88012e-21
0.000399581 -4.63958e-05 1.90283e-21
0.000406457 -4.6905e-05 1.92371e-21
0.000412885 -4.73719e-05 1.94286e-21
0.000418885 -4.77992e-05 1.96038e-21
0.000424467 -4.81882e-05 1.97634e-21
0.00042963 -4.8539e-05 1.99072e-21
0.000434361 -4.88508e-05 2.00351e-21
0.000438651 -4.91226e-05 2.01466e-21
0.000442481 -4.93529e-05 2.0241e-21
0.000445823 -4.95389e-05 2.03173e-21
0.000448646 -4.96774e-05 2.03741e-21
0.000450915 -4.97651e-05 2.04101e-21
0.000452602 -4.97992e-05 2.04241e-21
0.000453687 -4.97774e-05 2.04152e-21
0.000454152 -4.96984e-05 2.03827e-21
0.000453985 -4.95605e-05 2.03262e-21
0.000453172 -4.93628e-05 2.02451e-21
0.000451711 -4.91047e-05 2.01392e-21
0.000449599 -4.87863e-05 2.00087e-21
0.000446838 -4.84077e-05 1.98534e-21
0.000443432 -4.79696e-05 1.96737e-21
0.000439391 -4.74731e-05 1.94701e-21
0.000434731 -4.69199e-05 1.92432e-21
0.000429465 -4.63116e-05 1.89937e-21
0.000423611 -4.56502e-05 1.87225e-21
0.000417187 -4.49378e-05 1.84303e-21
0.000410212 -4.41764e-05 1.8118e-21
0.000402704 -4.33683e-05 1.77866e-21
0.000394682 -4.25157e-05 1.74369e-21
0.000386163 -4.16205e-05 1.70697e-21
0.000377163 -4.06844e-05 1.66859e-21
0.000367696 -3.97094e-05 1.6286e-21
0.000357775 -3.86969e-05 1.58707e-21
0.000347409 -3.76481e-05 1.54406e-21
0.000336603 -3.65636e-05 1.49958e-21
0.000325362 -3.54443e-05 1.45367e-21
0.000313694 -3.42911e-05 1.40638e-21
0.000301616 -3.31058e-05 1.35776e-21
0.000289148 -3.18906e-05 1.30793e-21
0.000276309 -3.06475e-05 1.25694e-21
0.000263122 -2.93789e-05 1.20491e-21
0.000249617 -2.80878e-05 1.15196e-21
0.000235828 -2.67777e-05 1.09823e-21
0.000221788 -2.54518e-05 1.04385e-21
0.000207539 -2.41143e-05 9.88996e-22
0.000193142 -2.27712e-05 9.33913e-22
0.000178669 -2.14296e-05 8.78889e-22
0.000164188 -2.00961e-05 8.242e-22
0.000149771 -1.87779e-05 7.70137e-22
0.000135506 -1.74834e-05 7.17044e-22
0.000121482 -1.62213e-05 6.65283e-22
0.000107788 -1.50001e-05 6.15197e-22
9.45124e-05 -1.38283e-05 5.67138e-22
8.17562e-05 -1.27155e-05 5.21501e-22
6.96225e-05 -1.16717e-05 4.78688e-22
5.82093e-05 -1.07059e-05 4.39081e-22
4.76103e-05 -9.82708e-06 4.03037e-22
3.7916e-05 -9.04352e-06 3.70901e-22
2.92128e-05 -8.36316e-06 3.42997e-22
2.15808e-05 -7.79324e-06 3.19623e-22
1.50898e-05 -7.3399e-06 3.0103e-22
9.79362e-06 -7.00765e-06 2.87404e-22
5.73567e-06 -6.79988e-06 2.78883e-22
2.95417e-06 -6.71948e-06 2.75585e-22
1.47385e-06 -6.76793e-06 2.77572e-22
1.29738e-06 -6.94449e-06 2.84814e-22
2.41468e-06 -7.24715e-06 2.97226e-22
4.81248e-06 -7.67357e-06 3.14715e-22
8.46505e-06 -8.22022e-06 3.37135e-22
1.33246e-05 -8.88138e-06 3.64251e-22
1.93319e-05 -9.65022e-06 3.95783e-22
2.64275e-05 -1.052e-05 4.31454e-22
3.45496e-05 -1.14837e-05 4.70978e-22
4.36308e-05 -1.25339e-05 5.14053e-22
5.36028e-05 -1.36634e-05 5.60376e-22
6.43992e-05 -1.4865e-05 6.09656e-22
7.5955e-05 -1.61318e-05 6.61613e-22
8.82051e-05 -1.74572e-05 7.15972e-22
0.000101086 -1.88347e-05 7.72466e-22
0.000114538 -2.02583e-05 8.30853e-22
0.000128508 -2.1723e-05 8.90921e-22
0.000142955 -2.32246e-05 9.52508e-22
0.000157844 -2.47602e-05 1.01549e-21
0.000173143 -2.6327e-05 1.07975e-21
0.000188829 -2.79231e-05 1.14521e-21
0.000204887 -2.95475e-05 1.21183e-21
0.000221308 -3.12e-05 1.2796e-21
0.000238085 -3.28806e-05 1.34853e-21
0.000255207 -3.45886e-05 1.41858e-21
0.000272647 -3.63221e-05 1.48968e-21
0.000290373 -3.80784e-05 1.56171e-21
0.000308354 -3.98548e-05 1.63456e-21
0.000326544 -4.16471e-05 1.70807e-21
0.000344876 -4.34484e-05 1.78195e-21
0.000363277 -4.52512e-05 1.85588e-21
0.000381648 -4.70466e-05 1.92952e-21
0.000399883 -4.8825e-05 2.00245e-21
0.000417865 -5.05741e-05 2.07419e-21
0.000435454 -5.22801e-05 2.14416e-21
0.000452517 -5.39299e-05 2.21182e-21
0.000468919 -5.55097e-05 2.27661e-21
0.000484514 -5.70052e-05 2.33795e-21
0.000499157 -5.84016e-05 2.39522e-21
0.00051271 -5.96853e-05 2.44787e-21
0.000525038 -6.08429e-05 2.49534e-21
0.000536024 -6.18628e-05 2.53717e-21
0.000545556 -6.27339e-05 2.5729e-21
0.000553531 -6.34464e-05 2.60212e-21
0.000559861 -6.39918e-05 2.62449e-21
0.000564476 -6.43636e-05 2.63974e-21
0.000567321 -6.45569e-05 2.64767e-21
0.00056835 -6.45679e-05 2.64811e-21
0.000567534 -6.43945e-05 2.641e-21
0.000564874 -6.40378e-05 2.62637e-21
0.000560391 -6.35008e-05 2.60435e-21
0.00055411 -6.27871e-05 2.57508e-21
0.000546071 -6.19021e-05 2.53879e-21
0.00053634 -6.08535e-05 2.49578e-21
0.000524992 -5.96502e-05 2.44643e-21
0.00051211 -5.83015e-05 2.39111e-21
0.000497779 -5.68173e-05 2.33024e-21
0.000482097 -5.52088e-05 2.26427e-21
0.000465166 -5.34872e-05 2.19366e-21
0.000447087 -5.16636e-05 2.11888e-21
0.000427955 -4.97487e-05 2.04034e-21
0.000407857 -4.77519e-05 1.95844e-21
0.000386874 -4.5682e-05 1.87355e-21
0.000365082 -4.35471e-05 1.78599e-21
0.000342546 -4.13542e-05 1.69606e-21
0.000319326 -3.91095e-05 1.604e-21
0.000295473 -3.68181e-05 1.51002e-21
0.000271028 -3.44841e-05 1.41429e-21
0.000246028 -3.21108e-05 1.31696e-21
0.000220497 -2.97001e-05 1.21809e-21
0.00019445 -2.7253e-05 1.11773e-21
0.000167897 -2.47699e-05 1.01589e-21
0.000140846 -2.22507e-05 9.12565e-22
0.00011332 -1.96956e-05 8.07774e-22
8.53126e-05 -1.71036e-05 7.0147e-22
5.68186e-05 -1.4474e-05 5.93621e-22
2.78482e-05 -1.18061e-05 4.84201e-22
-1.58478e-06 -9.09937e-06 3.73192e-22
-3.14667e-05 -6.35479e-06 2.60628e-22
-6.17883e-05 -3.57262e-06 1.46523e-22
-9.25283e-05 -7.53534e-07 3.09046e-23
-0.000123671 2.1017e-06 -8.6197e-23
-0.000155193 4.99186e-06 -2.04731e-22
-0.000186823 7.87167e-06 -3.2284e-22
-0.000218695 1.07689e-05 -4.41662e-22
-0.000250914 1.37039e-05 -5.62035e-22
-0.000283348 1.66575e-05 -6.83173e-22
-0.000316035 1.96394e-05 -8.05467e-22
-0.000348886 2.26375e-05 -9.28428e-22
-0.00038189 2.56534e-05 -1.05212e-21
-0.000414983 2.86798e-05 -1.17624e-21
-0.00044813 3.1714e-05 -1.30068e-21
-0.000481265 3.4749e-05 -1.42516e-21
-0.000514324 3.77786e-05 -1.54941e-21
-0.000547224 4.07942e-05 -1.67309e-21
-0.000579885 4.37877e-05 -1.79586e-21
-0.00061222 4.67499e-05 -1.91735e-21
-0.000644139 4.96716e-05 -2.03718e-21
-0.00067555 5.25429e-05 -2.15494e-21
-0.00070636 5.53541e-05 -2.27023e-21
-0.000736482 5.80975e-05 -2.38275e-21
-0.000765823 6.07622e-05 -2.49203e-21
-0.000794295 6.33381e-05 -2.59768e-21
-0.00082182 6.58174e-05 -2.69936e-21
-0.000848317 6.81913e-05 -2.79672e-21
-0.000873721 7.04531e-05 -2.88948e-21
-0.000897973 7.2596e-05 -2.97737e-21
-0.000921017 7.46147e-05 -3.06016e-21
-0.000942811 7.65044e-05 -3.13766e-21
-0.000963328 7.8262e-05 -3.20975e-21
-0.000982552 7.9886e-05 -3.27636e-21
-0.00100048 8.13755e-05 -3.33744e-21
-0.0010171 8.27301e-05 -3.393e-21
-0.00103242 8.39506e-05 -3.44306e-21
-0.00104647 8.50387e-05 -3.48768e-21
-0.00105925 8.59966e-05 -3.52697e-21
-0.00107081 8.68268e-05 -3.56102e-21
-0.00108116 8.75323e-05 -3.58995e-21
-0.00109033 8.81162e-05 -3.6139e-21
-0.00109837 8.85822e-05 -3.63301e-21
-0.00110531 8.89346e-05 -3.64747e-21
-0.00111119 8.9178e-05 -3.65745e-21
-0.00111607 8.93172e-05 -3.66316e-21
-0.00112 8.93577e-05 -3.66482e-21
-0.00112303 8.93048e-05 -3.66265e-21
-0.00112519 8.91621e-05 -3.65679e-21
-0.00112653 8.89353e-05 -3.64749e-21
-0.00112711 8.86299e-05 -3.63497e-21
-0.00112699 8.82502e-05 -3.6194e-21
-0.0011262 8.78008e-05 -3.60096e-21
-0.0011248 8.72856e-05 -3.57983e-21
-0.00112283 8.67095e-05 -3.55621e-21
-0.00112035 8.60772e-05 -3.53028e-21
-0.0011174 8.53945e-05 -3.50228e-21
-0.00111406 8.46673e-05 -3.47245e-21
-0.00111039 8.39019e-05 -3.44106e-21
-0.00110644 8.31041e-05 -3.40834e-21
-0.00110227 8.22782e-05 -3.37447e-21
-0.00109791 8.14279e-05 -3.3396e-21
-0.0010934 8.05573e-05 -3.30389e-21
-0.00108878 7.96702e-05 -3.2675e-21
-0.00108408 7.87691e-05 -3.23055e-21
-0.00107931 7.78565e-05 -3.19312e-21
-0.00107452 7.69351e-05 -3.15533e-21
-0.00106971 7.60074e-05 -3.11728e-21
-0.00106491 7.50747e-05 -3.07903e-21
-0.0010601 7.41379e-05 -3.04061e-21
-0.00105531 7.31984e-05 -3.00208e-21
-0.00105055 7.22583e-05 -2.96352e-21
-0.00104583 7.13196e-05 -2.92502e-21
-0.00104117 7.0385e-05 -2.88669e-21
-0.00103659 6.94575e-05 -2.84865e-21
-0.00103211 6.85401e-05 -2.81103e-21
-0.00102775 6.76354e-05 -2.77392e-21
-0.00102351 6.67459e-05 -2.73744e-21
-0.00101942 6.58742e-05 -2.70169e-21
-0.00101548 6.50232e-05 -2.66679e-21
-0.00101172 6.41959e-05 -2.63286e-21
-0.00100815 6.33956e-05 -2.60004e-21
-0.00100479 6.26252e-05 -2.56844e-21
-0.00100165 6.18886e-05 -2.53823e-21
-0.000998791 6.11908e-05 -2.50961e-21
-0.000996238 6.05376e-05 -2.48282e-21
-0.000994032 5.9934e-05 -2.45807e-21
-0.000992219 5.9386e-05 -2.43559e-21
-0.000990859 5.89009e-05 -2.4157e-21
-0.00099002 5.84868e-05 -2.39871e-21
-0.00098976 5.81506e-05 -2.38492e-21
-0.000990138 5.7899e-05 -2.37461e-21
-0.00099122 5.77397e-05 -2.36807e-21
-0.000993071 5.76797e-05 -2.36561e-21
-0.000995744 5.77251e-05 -2.36747e-21
-0.000999285 5.78807e-05 -2.37385e-21
-0.00100374 5.81511e-05 -2.38494e-21
-0.00100914 5.854e-05 -2.40089e-21
-0.00101551 5.90494e-05 -2.42179e-21
-0.00102287 5.96806e-05 -2.44767e-21
-0.00103122 6.04339e-05 -2.47857e-21
-0.00104057 6.13089e-05 -2.51446e-21
-0.0010509 6.23039e-05 -2.55526e-21
-0.0010622 6.34155e-05 -2.60085e-21
-0.00107443 6.46391e-05 -2.65104e-21
-0.00108754 6.59689e-05 -2.70557e-21
-0.00110148 6.73979e-05 -2.76418e-21
-0.00111618 6.89193e-05 -2.82658e-21
-0.00113161 7.0527e-05 -2.89252e-21
-0.00114771 7.22152e-05 -2.96175e-21
-0.00116445 7.39776e-05 -3.03403e-21
-0.00118175 7.58077e-05 -3.10909e-21
-0.00119958 7.76991e-05 -3.18666e-21
-0.00121789 7.96454e-05 -3.26649e-21
-0.00123661 8.16402e-05 -3.3483e-21
-0.0012557 8.36771e-05 -3.43184e-21
-0.0012751 8.575e-05 -3.51685e-21
-0.00129477 8.78527e-05 -3.60309e-21
-0.00131465 8.99796e-05 -3.69032e-21
-0.00133469 9.21246e-05 -3.7783e-21
-0.00135483 9.42812e-05 -3.86674e-21
-0.00137501 9.64422e-05 -3.95537e-21
-0.00139516 9.86014e-05 -4.04393e-21
-0.00141524 0.000100753 -4.13216e-21
-0.00143517 0.00010289 -4.21983e-21
-0.00145492 0.000105009 -4.30673e-21
-0.00147444 0.000107104 -4.39266e-21
-0.00149368 0.000109172 -4.47745e-21
-0.00151262 0.000111208 -4.56097e-21
-0.00153122 0.000113211 -4.64311e-21
-0.00154945 0.000115178 -4.72378e-21
-0.00156731 0.000117107 -4.80289e-21
-0.00158475 0.000118995 -4.88033e-21
-0.00160175 0.00012084 -4.95599e-21
-0.00161829 0.000122639 -5.02976e-21
-0.00163433 0.000124389 -5.10155e-21
-0.00164985 0.000126088 -5.17123e-21
-0.00166482 0.000127733 -5.23869e-21
-0.0016792 0.00012932 -5.3038e-21
-0.00169296 0.000130847 -5.36642e-21
-0.00170607 0.00013231 -5.42639e-21
-0.00171848 0.000133703 -5.48354e-21
-0.00173015 0.000135023 -5.53767e-21
-0.00174103 0.000136264 -5.58859e-21
-0.00175108 0.000137422 -5.63608e-21
-0.00176024 0.000138492 -5.67994e-21
-0.00176846 0.000139467 -5.71995e-21
-0.00177569 0.000140343 -5.75587e-21
-0.00178187 0.000141113 -5.78744e-21
-0.00178694 0.00014177 -5.81438e-21
-0.00179082 0.000142307 -5.83643e-21
-0.00179347 0.00014272 -5.85335e-21
-0.00179484 0.000143002 -5.86492e-21
-0.00179487 0.000143148 -5.87091e-21
-0.00179351 0.000143154 -5.87116e-21
-0.00179074 0.000143016 -5.8655e-21
-0.00178651 0.000142732 -5.85384e-21
-0.00178083 0.000142299 -5.8361e-21
-0.00177367 0.000141718 -5.81226e-21
-0.00176503 0.000140988 -5.78233e-21
-0.00175493 0.000140112 -5.74639e-21
-0.0017434 0.000139092 -5.70456e-21
-0.00173046 0.000137932 -5.65699e-21
-0.00171614 0.000136637 -5.60387e-21
-0.0017005 0.000135211 -5.54541e-21
-0.00168358 0.000133661 -5.48183e-21
-0.00166543 0.000131992 -5.41338e-21
-0.0016461 0.000130211 -5.34033e-21
-0.00162568 0.000128326 -5.26301e-21
-0.00160425 0.000126345 -5.18178e-21
-0.00158187 0.000124278 -5.09701e-21
-0.00155863 0.000122133 -5.00903e-21
-0.0015346 0.000119918 -4.91818e-21
-0.00150985 0.00011764 -4.82476e-21
-0.00148445 0.000115307 -4.72906e-21
-0.00145846 0.000112924 -4.63134e-21
-0.00143192 0.000110497 -4.53179e-21
-0.00140488 0.000108029 -4.43058e-21
-0.00137736 0.000105524 -4.32785e-21
-0.0013494 0.000102985 -4.22371e-21
-0.00132102 0.000100412 -4.1182e-21
-0.00129223 9.78072e-05 -4.01136e-21
-0.00126303 9.51698e-05 -3.90319e-21
-0.00123343 9.25e-05 -3.79369e-21
-0.00120344 8.9797e-05 -3.68284e-21
-0.00117305 8.70602e-05 -3.57059e-21
-0.00114227 8.42885e-05 -3.45691e-21
-0.00111109 8.14812e-05 -3.34178e-21
-0.00107953 7.86388e-05 -3.22521e-21
-0.00104762 7.57623e-05 -3.10723e-21
-0.00101537 7.28526e-05 -2.9879e-21
-0.000982797 6.99111e-05 -2.86726e-21
-0.000949933 6.69389e-05 -2.74536e-21
-0.000916795 6.39373e-05 -2.62225e-21
-0.000883412 6.09081e-05 -2.49802e-21
-0.000849815 5.7854e-05 -2.37276e-21
-0.000816049 5.47787e-05 -2.24663e-21
-0.000782168 5.16871e-05 -2.11984e-21
-0.000748229 4.85843e-05 -1.99258e-21
-0.000714289 4.54758e-05 -1.86509e-21
-0.000680403 4.23669e-05 -1.73759e-21
-0.000646629 3.92631e-05 -1.61029e-21
-0.000613025 3.61703e-05 -1.48345e-21
-0.000579659 3.30954e-05 -1.35734e-21
-0.000546609 3.00462e-05 -1.23228e-21
-0.00051396 2.70316e-05 -1.10864e-21
-0.000481799 2.40606e-05 -9.86794e-22
-0.000450209 2.1142e-05 -8.67093e-22
-0.000419264 1.82837e-05 -7.49868e-22
-0.000389036 1.54933e-05 -6.35427e-22
-0.000359592 1.27784e-05 -5.24079e-22
-0.000331006 1.01467e-05 -4.16145e-22
-0.000303355 7.60664e-06 -3.1197e-22
-0.000276718 5.16673e-06 -2.11903e-22
-0.00025117 2.83519e-06 -1.16279e-22
-0.000226778 6.19344e-07 -2.54011e-23
-0.000203595 -1.47488e-06 6.04891e-23
-0.000181665 -3.44259e-06 1.41191e-22
-0.000161026 -5.2795e-06 2.16528e-22
-0.000141707 -6.98223e-06 2.86361e-22
-0.000123726 -8.54858e-06 3.50602e-22
-0.000107092 -9.97735e-06 4.092e-22
-9.18071e-05 -1.12681e-05 4.62137e-22
-7.78645e-05 -1.24213e-05 5.09432e-22
-6.52465e-05 -1.34385e-05 5.51152e-22
-5.39222e-05 -1.4323e-05 5.87426e-22
-4.38609e-05 -1.50777e-05 6.18378e-22
-3.50282e-05 -1.57059e-05 6.44144e-22
-2.73789e-05 -1.62123e-05 6.64914e-22
-2.08665e-05 -1.66017e-05 6.80882e-22
-1.54373e-05 -1.68794e-05 6.92274e-22
-1.09823e-05 -1.70607e-05 6.99711e-22
-7.48836e-06 -1.71437e-05 7.03111e-22
-4.92628e-06 -1.71293e-05 7.02523e-22
-3.21185e-06 -1.70278e-05 6.98361e-22
-2.29435e-06 -1.68434e-05 6.90797e-22
-2.09261e-06 -1.65851e-05 6.80201e-22
-2.54072e-06 -1.6259e-05 6.6683e-22
-3.55761e-06 -1.58739e-05 6.51036e-22
-5.06836e-06 -1.54372e-05 6.33123e-22
-6.98746e-06 -1.49575e-05 6.13452e-22
-9.23173e-06 -1.44433e-05 5.92361e-22
-1.17142e-05 -1.39033e-05 5.70215e-22
-1.43483e-05 -1.33462e-05 5.47365e-22
-1.70423e-05 -1.27811e-05 5.24189e-22
-1.97046e-05 -1.22171e-05 5.01059e-22
-2.22445e-05 -1.16631e-05 4.78336e-22
-2.4571e-05 -1.11278e-05 4.56383e-22
-2.65944e-05 -1.06205e-05 4.35576e-22
-2.82313e-05 -1.01479e-05 4.16193e-22
-2.93663e-05 -9.71819e-06 3.98571e-22
-2.99286e-05 -9.34173e-06 3.83131e-22
-2.98487e-05 -9.02698e-06 3.70223e-22
-2.90364e-05 -8.78159e-06 3.60159e-22
-2.74201e-05 -8.61321e-06 3.53253e-22
-2.49242e-05 -8.52865e-06 3.49785e-22
-2.14947e-05 -8.53335e-06 3.49977e-22
-1.7079e-05 -8.63206e-06 3.54026e-22
-1.16318e-05 -8.82916e-06 3.62109e-22
-5.10662e-06 -9.12898e-06 3.74406e-22
2.53941e-06 -9.53561e-06 3.91083e-22
1.13489e-05 -1.00531e-05 4.12306e-22
2.13607e-05 -1.06851e-05 4.38228e-22
3.2605e-05 -1.14346e-05 4.68966e-22
4.50951e-05 -1.23027e-05 5.04571e-22
5.88352e-05 -1.32898e-05 5.45054e-22
7.38268e-05 -1.43959e-05 5.90419e-22
9.00716e-05 -1.56212e-05 6.40672e-22
0.000107572 -1.6966e-05 6.95825e-22
0.000126331 -1.84306e-05 7.55894e-22
0.000146349 -2.00152e-05 8.20883e-22
0.00016762 -2.17194e-05 8.90777e-22
0.000190128 -2.35418e-05 9.65516e-22
0.000213851 -2.54802e-05 1.04502e-21
0.000238762 -2.75324e-05 1.12918e-21
0.000264839 -2.96964e-05 1.21793e-21
0.00029206 -3.19702e-05 1.31119e-21
0.000320404 -3.4352e-05 1.40888e-21
0.000349849 -3.684e-05 1.51091e-21
0.000380361 -3.94312e-05 1.61719e-21
0.000411898 -4.21215e-05 1.72752e-21
0.000444403 -4.49057e-05 1.84171e-21
0.000477823 -4.77785e-05 1.95953e-21
0.0005121 -5.07346e-05 2.08077e-21
0.000547179 -5.37686e-05 2.20521e-21
0.000583002 -5.68751e-05 2.33261e-21
0.000619513 -6.00486e-05 2.46276e-21
0.000656649 -6.3283e-05 2.59542e-21
0.000694343 -6.65718e-05 2.7303e-21
0.000732524 -6.99082e-05 2.86714e-21
0.000771121 -7.32851e-05 3.00564e-21
0.000810059 -7.66952e-05 3.14549e-21
0.000849256 -8.01305e-05 3.28638e-21
0.000888628 -8.35826e-05 3.42796e-21
0.000928091 -8.70434e-05 3.5699e-21
0.000967561 -9.05043e-05 3.71184e-21
0.00100695 -9.3957e-05 3.85345e-21
0.00104617 -9.73927e-05 3.99436e-21
0.00108514 -0.000100803 4.13423e-21
0.00112377 -0.00010418 4.27273e-21
0.00116199 -0.000107516 4.40956e-21
0.00119971 -0.000110805 4.54442e-21
0.00123689 -0.000114038 4.67704e-21
0.00127344 -0.000117211 4.80718e-21
0.00130931 -0.000120319 4.93461e-21
0.00134445 -0.000123355 5.05914e-21
0.0013788 -0.000126316 5.18057e-21
0.00141233 -0.000129197 5.29874e-21
0.00144499 -0.000131997 5.41356e-21
0.00147678 -0.000134712 5.52494e-21
0.00150762 -0.00013734 5.63269e-21
0.00153751 -0.000139877 5.73675e-21
0.00156644 -0.000142326 5.83721e-21
0.00159443 -0.000144688 5.93409e-21
0.00162145 -0.000146962 6.02734e-21
0.00164749 -0.000149148 6.11698e-21
0.00167257 -0.000151248 6.2031e-21
0.00169662 -0.000153253 6.28536e-21
0.00171913 -0.000155105 6.36129e-21
0.00174024 -0.000156815 6.43143e-21
0.00176055 -0.000158458 6.49882e-21
0.00177999 -0.000160029 6.56327e-21
0.00179856 -0.000161527 6.62471e-21
0.00181687 -0.000162976 1.04715e-20
0.0018343 -0.00016437 1.05276e-20
0.00185079 -0.000165687 1.05806e-20
0.00186632 -0.000166923 1.06303e-20
0.00188086 -0.000168075 1.06767e-20
0.00189437 -0.00016914 1.07196e-20
0.00190681 -0.000170114 1.07588e-20
0.00191816 -0.000170992 1.07942e-20
0.00192836 -0.000171771 1.08256e-20
0.00193738 -0.000172446 1.08528e-20
0.00194519 -0.000173015 1.08757e-20
0.00195175 -0.000173473 1.08942e-20
0.00195704 -0.000173817 1.09081e-20
0.00196103 -0.000174044 1.09173e-20
0.00196369 -0.000174151 1.09217e-20
0.00196503 -0.00017398 1.23587e-20
0.00196506 -0.000173847 1.23533e-20
0.00196375 -0.00017359 1.23427e-20
0.00196105 -0.000173203 1.23269e-20
0.00195695 -0.000172686 1.23057e-20
0.00195146 -0.000172038 1.22791e-20
0.00194461 -0.000171263 1.22473e-20
0.00193642 -0.000170362 1.22104e-20
0.00192693 -0.00016934 1.21684e-20
0.00191619 -0.0001682 1.21217e-20
0.00190425 -0.00016695 1.20704e-20
0.00189118 -0.000165594 1.20148e-20
0.00187705 -0.000164142 1.19552e-20
0.00186194 -0.000162599 1.1892e-20
0.00184592 -0.000160973 1.18253e-20
0.00182907 -0.000159274 1.17556e-20
0.00181147 -0.000157508 1.16832e-20
0.00179319 -0.000155683 1.16083e-20
0.00177432 -0.000153808 1.15314e-20
0.00175492 -0.000151889 1.14527e-20
0.00173506 -0.000149933 1.13725e-20
0.00171482 -0.000147946 1.1291e-20
0.00169424 -0.000145935 1.12085e-20
0.00167337 -0.000143905 1.11253e-20
0.00165227 -0.00014186 1.10414e-20
0.00163099 -0.000139805 1.09571e-20
0.00160957 -0.000137745 1.08726e-20
0.00158808 -0.000135687 1.07882e-20
0.00156657 -0.000133635 1.07041e-20
0.00154509 -0.000131596 1.06205e-20
0.0015237 -0.000129574 1.05375e-20
0.00150246 -0.000127576 1.04556e-20
0.00148142 -0.000125607 1.03748e-20
0.00146064 -0.000123672 1.02955e-20
0.00144017 -0.000121778 1.02178e-20
0.00142008 -0.000119931 1.0142e-20
0.00140042 -0.000118136 1.00684e-20
0.00138125 -0.0001164 9.99721e-21
0.00136262 -0.000114728 9.92863e-21
0.00134461 -0.000113126 9.86296e-21
0.00132726 -0.000111601 9.80041e-21
0.00131063 -0.000110158 9.74121e-21
0.00129476 -0.000108802 9.68558e-21
0.00127971 -0.000107537 9.6337e-21
0.00126551 -0.000106367 9.58575e-21
0.00125219 -0.000105297 9.54187e-21
0.0012398 -0.00010433 9.5022e-21
0.00122837 -0.000103469 9.46686e-21
0.0012179 -0.000102715 9.43594e-21
0.00120843 -0.00010207 9.40951e-21
0.00119996 -0.000101536 9.3876e-21
0.00119249 -0.000101112 9.37021e-21
0.00118602 -0.000100798 9.35732e-21
0.00118054 -0.000100591 9.34884e-21
0.001176 -0.000100488 9.34461e-21
0.00117236 -0.000100483 9.34441e-21
0.00116956 -0.00010057 9.34796e-21
0.00116754 -0.000100741 9.35501e-21
0.00116623 -0.00010099 9.36523e-21
0.00116555 -0.000101309 9.37829e-21
0.00116542 -0.000101689 9.39386e-21
0.00116577 -0.00010212 9.41156e-21
0.00116651 -0.000102595 9.43103e-21
0.00116755 -0.000103102 9.45185e-21
0.0011688 -0.000103634 9.47364e-21
0.00117017 -0.000104179 9.496e-21
0.00117157 -0.000104729 9.51854e-21
0.0011729 -0.000105273 9.54088e-21
0.00117409 -0.000105803 9.56262e-21
0.00117505 -0.00010631 9.58341e-21
0.0011757 -0.000106786 9.6029e-21
0.00117595 -0.000107221 9.62074e-21
0.00117574 -0.000107608 9.63662e-21
0.00117499 -0.00010794 9.65025e-21
0.00117365 -0.000108211 9.66138e-21
0.00117166 -0.000108416 9.66979e-21
0.00116897 -0.00010855 9.67528e-21
0.00116555 -0.00010861 9.67771e-21
0.00116137 -0.000108591 9.67695e-21
0.0011564 -0.000108494 9.67295e-21
0.00115065 -0.000108316 9.66566e-21
0.00114408 -0.000108057 9.65503e-21
0.00113669 -0.000107715 9.64101e-21
0.00112847 -0.000107289 9.62355e-21
0.00111939 -0.000106779 9.60263e-21
0.00110946 -0.000106184 9.57824e-21
0.00109869 -0.000105506 9.55042e-21
0.00108708 -0.000104745 9.51921e-21
0.00107464 -0.000103903 9.48468e-21
0.00106138 -0.000102982 9.44689e-21
0.00104731 -0.000101981 9.40585e-21
0.00103243 -0.000100901 9.36154e-21
0.00101672 -9.97406e-05 9.31397e-21
0.00100019 -9.85002e-05 9.2631e-21
0.000982785 -9.71764e-05 9.2088e-21
0.000964478 -9.57652e-05 9.15092e-21
0.000945229 -9.42626e-05 9.0893e-21
0.000924995 -9.26645e-05 9.02375e-21
0.000903738 -9.0966e-05 8.95409e-21
0.000881391 -8.91609e-05 8.88006e-21
0.000857892 -8.72437e-05 8.80143e-21
0.000833197 -8.52094e-05 8.718e-21
0.000807255 -8.3053e-05 8.62956e-21
0.000780022 -8.07701e-05 8.53593e-21
0.000751458 -7.83565e-05 8.43694e-21
0.000721531 -7.58092e-05 8.33247e-21
0.000690223 -7.31263e-05 8.22244e-21
0.000657526 -7.03072e-05 8.10682e-21
0.000623433 -6.73514e-05 7.98559e-21
0.000587949 -6.42597e-05 7.85879e-21
0.000551089 -6.10334e-05 7.72647e-21
0.000512873 -5.76754e-05 7.58875e-21
0.000473328 -5.41883e-05 7.44573e-21
0.000432487 -5.05757e-05 7.29757e-21
0.00039039 -4.68423e-05 7.14446e-21
0.000347087 -4.29932e-05 6.98659e-21
0.000302626 -3.90336e-05 6.8242e-21
0.000257059 -3.49691e-05 6.6575e-21
0.000210436 -3.08051e-05 6.48672e-21
0.000162809 -2.65469e-05 6.31208e-21
0.000114229 -2.22001e-05 6.13381e-21
6.47346e-05 -1.77655e-05 5.95193e-21
1.43872e-05 -1.32517e-05 5.76681e-21
-3.67622e-05 -8.6655e-06 5.57871e-21
-8.867e-05 -4.01006e-06 5.38778e-21
-0.000140898 6.4064e-07 5.19704e-21
-0.000193623 5.3245e-06 5.00494e-21
-0.000247017 1.00733e-05 4.81018e-21
-0.000300881 1.48576e-05 4.61396e-21
-0.000355238 1.96865e-05 4.41592e-21
-0.000409935 2.45404e-05 4.21685e-21
-0.000464907 2.94161e-05 4.01688e-21
-0.000520028 3.42991e-05 3.81661e-21
-0.000575206 3.91821e-05 3.61635e-21
-0.000630303 4.40506e-05 3.41667e-21
-0.000685196 4.88933e-05 3.21806e-21
-0.00073975 5.36967e-05 3.02106e-21
-0.00079384 5.84491e-05 2.82615e-21
-0.000847324 6.31367e-05 2.6339e-21
-0.000900069 6.77467e-05 2.44483e-21
-0.000951939 7.22662e-05 2.25947e-21
-0.00100281 7.66831e-05 2.07832e-21
-0.00105254 8.09851e-05 1.90188e-21
-0.00110101 8.51604e-05 1.73064e-21
-0.00114811 8.91979e-05 1.56505e-21
-0.00119371 9.30867e-05 1.40556e-21
-0.0012377 9.68163e-05 1.2526e-21
-0.00127997 0.000100376 1.10659e-21
-0.00132041 0.000103757 9.6793e-22
-0.00135893 0.00010695 8.36981e-22
-0.00139543 0.000109947 7.14085e-22
-0.00142983 0.000112739 5.99558e-22
-0.00146204 0.000115321 4.93685e-22
-0.001492 0.000117685 3.96702e-22
-0.00151966 0.000119829 3.08777e-22
-0.00154497 0.000121749 2.30026e-22
-0.00156792 0.000123443 1.60545e-22
-0.00158821 0.00012488 1.01621e-22
-0.00160576 0.000126046 5.37897e-23
-0.00162092 0.000126986 1.5251e-23
-0.00163386 0.00012772 -1.48578e-23
-0.00164459 0.00012825 -3.65905e-23
-0.00165322 0.000128588 -5.04297e-23
-0.00165985 0.000128744 -5.68458e-23
-0.00166461 0.000128732 -5.63443e-23
-0.00166762 0.000128564 -4.94555e-23
-0.00166902 0.000128255 -3.67894e-23
-0.00166897 0.000127821 -1.89836e-23
-0.0016676 0.000127277 3.33726e-24
-0.00166508 0.000126637 2.95534e-23
-0.00166154 0.000125918 5.90382e-23
-0.00165715 0.000125135 9.1176e-23
-0.00165205 0.000124301 1.25382e-22
-0.00164637 0.000123429 1.61144e-22
-0.0016402 0.000122528 1.98078e-22
-0.00163366 0.000121609 2.35773e-22
-0.00162686 0.000120682 2.738e-22
-0.00161989 0.000119755 3.11802e-22
-0.00161284 0.000118837 3.49462e-22
-0.00160578 0.000117934 3.86513e-22
-0.00159879 0.000117051 4.22717e-22
-0.00159193 0.000116194 4.57865e-22
-0.00158524 0.000115367 4.91785e-22
-0.00157878 0.000114574 5.24323e-22
-0.0015726 0.000113817 5.55351e-22
-0.00156673 0.0001131 5.84758e-22
-0.00156121 0.000112425 6.12454e-22
-0.00155608 0.000111793 6.38363e-22
-0.00155135 0.000111207 6.62417e-22
-0.00154706 0.000110667 6.84535e-22
-0.00154324 0.000110178 7.04616e-22
-0.00153995 0.000109741 7.22541e-22
-0.0015372 0.000109359 7.38189e-22
-0.00153506 0.000109036 7.51432e-22
-0.00153354 0.000108775 7.62141e-22
-0.0015327 0.000108579 7.70177e-22
-0.00153258 0.000108452 7.75394e-22
-0.00153321 0.000108396 7.77663e-22
-0.00153462 0.000108415 7.76892e-22
-0.00153684 0.00010851 7.73006e-22
-0.00153989 0.000108683 7.65922e-22
-0.00154377 0.000108934 7.55604e-22
-0.00154848 0.000109263 7.42119e-22
-0.00155399 0.000109666 7.25587e-22
-0.00156028 0.000110141 7.06114e-22
-0.00156731 0.000110684 6.83839e-22
-0.00157503 0.00011129 6.58984e-22
-0.00158337 0.000111953 6.31804e-22
-0.00159228 0.000112667 6.02537e-22
-0.0016017 0.000113424 5.71452e-22
-0.00161152 0.000114218 5.38911e-22
-0.00162166 0.000115037 5.05307e-22
-0.00163202 0.000115874 4.71008e-22
-0.00164252 0.000116719 4.36344e-22
-0.00165285 0.00011754 4.02678e-22
-0.00166296 0.00011833 3.7026e-22
-0.00167303 0.000119114 3.38119e-22
-0.00168297 0.000119882 3.06596e-22
-0.00169275 0.000120633 2.75809e-22
-0.00170234 0.000121366 2.45742e-22
-0.00171174 0.00012208 2.16477e-22
-0.00172093 0.000122776 1.87922e-22
-0.00172995 0.000123458 1.59935e-22
-0.00173883 0.000124133 1.32262e-22
-0.00174761 0.000124808 1.04595e-22
-0.0017563 0.000125487 7.67279e-23
-0.00176499 0.000126174 4.85374e-23
-0.00177372 0.000126876 1.97521e-23
-0.00178253 0.000127598 -9.85276e-24
-0.00179146 0.000128346 -4.05045e-23
-0.00180047 0.000129114 -7.20057e-23
-0.00180954 0.000129901 -1.04292e-22
-0.00181879 0.000130723 -1.38023e-22
-0.00182966 0.000131601 -1.04178e-20
-0.0018405 0.000132534 -1.04606e-20
-0.0018516 0.000133514 -1.05056e-20
-0.00186296 0.000134541 -1.05525e-20
-0.00187456 0.000135613 -1.06014e-20
-0.00188636 0.000136729 -1.06522e-20
-0.00189834 0.000137885 -1.07046e-20
-0.00191043 0.000139076 -1.07586e-20
-0.00192259 0.000140299 -1.08139e-20
-0.00193476 0.000141548 -1.08702e-20
-0.0019468 0.00014269 -4.99718e-21
-0.00195877 0.000143973 -5.05102e-21
-0.00197058 0.000145267 -5.1053e-21
-0.00198218 0.000146565 -5.15976e-21
-0.00199686 0.000147862 -1.07156e-20
-0.00201082 0.000149161 -1.09943e-20
-0.00202417 0.000150449 -5.48895e-21
-0.0020368 0.000151705 -1.61106e-20
-0.00204864 0.00015292 -1.39379e-20
-0.00205958 0.000154089 -1.31714e-21
-0.00206954 0.000155202 -9.77914e-21
-0.0020784 0.000156251 -1.5382e-20
-0.00208604 0.000157224 -1.81459e-20
-0.00209233 0.00015811 -1.53852e-20
-0.00209715 0.000158917 -1.54199e-20
-0.00210035 0.000159608 -1.54673e-20
-0.00210179 0.000160171 -1.54792e-20
-0.00210147 0.000160566 -1.06358e-20
-0.00209972 0.000160854 -1.06476e-20
-0.00209643 0.000160991 -1.06533e-20
-0.00209148 0.000160966 -1.06522e-20
-0.00208478 0.000160766 -1.0644e-20
-0.00207624 0.000160382 -1.06283e-20
-0.00206579 0.000159804 -1.06046e-20
-0.00205334 0.000159023 -1.05725e-20
-0.00203882 0.000158031 -1.05319e-20
-0.00202221 0.000156824 -1.04824e-20
-0.00200345 0.000155397 -1.04239e-20
-0.00198254 0.000153748 -1.03562e-20
-0.00195947 0.000151877 -1.02795e-20
-0.00193427 0.000149784 -1.01937e-20
-0.00190698 0.000147476 -1.0099e-20
-0.00187767 0.000144957 -9.99568e-21
-0.00184642 0.000142238 -9.88414e-21
-0.00181331 0.000139326 -9.76474e-21
-0.00177847 0.000136234 -9.63793e-21
-0.00174201 0.000132974 -9.50422e-21
-0.00170406 0.00012956 -9.36418e-21
-0.00166475 0.000126005 -9.21837e-21
-0.00162421 0.000122323 -9.0674e-21
-0.0015826 0.000118531 -8.91186e-21
-0.00154005 0.000114642 -8.75238e-21
-0.00149671 0.000110673 -8.58959e-21
-0.00145271 0.000106638 -8.42409e-21
-0.0014082 0.000102551 -8.25647e-21
-0.00136331 9.84263e-05 -8.08731e-21
-0.00131816 9.42782e-05 -7.91718e-21
-0.00127289 9.01198e-05 -7.74663e-21
-0.00122762 8.59636e-05 -7.57617e-21
-0.00118245 8.18218e-05 -7.40631e-21
-0.00113751 7.77059e-05 -7.2375e-21
-0.00109288 7.36264e-05 -7.07019e-21
-0.00104867 6.95926e-05 -6.90475e-21
-0.00100495 6.56136e-05 -6.74156e-21
-0.000961799 6.16971e-05 -6.58094e-21
-0.000919283 5.78497e-05 -6.42314e-21
-0.000877452 5.40768e-05 -6.26841e-21
-0.000836354 5.03832e-05 -6.11692e-21
-0.000796026 4.67728e-05 -5.96885e-21
-0.0007565 4.32487e-05 -5.82432e-21
-0.000717798 3.98134e-05 -5.68342e-21
-0.000679938 3.64685e-05 -5.54624e-21
-0.000642928 3.32148e-05 -5.4128e-21
-0.000606761 3.00518e-05 -5.28307e-21
-0.000571425 2.69779e-05 -5.157e-21
-0.0005369 2.39911e-05 -5.0345e-21
-0.00050316 2.10889e-05 -4.91548e-21
-0.000470181 1.82686e-05 -4.79981e-21
-0.00043793 1.5527e-05 -4.68737e-21
-0.000406373 1.28605e-05 -4.57801e-21
-0.000375469 1.02651e-05 -4.47156e-21
-0.000345173 7.73591e-06 -4.36783e-21
-0.000315432 5.26782e-06 -4.26661e-21
-0.000286192 2.85527e-06 -4.16766e-21
-0.000257397 4.92571e-07 -4.07076e-21
-0.000228992 -1.82598e-06 -3.97567e-21
-0.000200918 -4.10616e-06 -3.88215e-21
-0.000173118 -6.35394e-06 -3.78997e-21
-0.000145531 -8.57536e-06 -3.69886e-21
-0.000118087 -1.07779e-05 -3.60853e-21
-9.06673e-05 -1.29788e-05 -3.51826e-21
-6.30933e-05 -1.52052e-05 -3.42695e-21
-3.54629e-05 -1.74351e-05 -3.3355e-21
-7.78774e-06 -1.96631e-05 -3.24412e-21
2.00414e-05 -2.19038e-05 -3.15222e-21
4.80436e-05 -2.41567e-05 -3.05982e-21
7.62918e-05 -2.64312e-05 -2.96654e-21
0.0001048 -2.87272e-05 -2.87237e-21
0.000133605 -3.10496e-05 -2.77713e-21
0.000162721 -3.33996e-05 -2.68075e-21
0.000192154 -3.5774e-05 -2.58337e-21
0.000221927 -3.81784e-05 -2.48475e-21
0.000252054 -4.06162e-05 -2.38477e-21
0.000282531 -4.30857e-05 -2.28349e-21
0.000313362 -4.55887e-05 -2.18084e-21
0.000344524 -4.8122e-05 -2.07694e-21
0.000375999 -5.06846e-05 -1.97184e-21
0.000407757 -5.32729e-05 -1.86568e-21
0.000439771 -5.5885e-05 -1.75855e-21
0.000472003 -5.85169e-05 -1.65061e-21
0.000504441 -6.11658e-05 -1.54197e-21
0.000537025 -6.38268e-05 -1.43284e-21
0.000569708 -6.64961e-05 -1.32336e-21
0.00060246 -6.91699e-05 -1.2137e-21
0.000635247 -7.18443e-05 -1.10402e-21
0.000668033 -7.4516e-05 -9.94442e-22
0.000700778 -7.71816e-05 -8.85119e-22
0.000733462 -7.98386e-05 -7.7615e-22
0.000766061 -8.24847e-05 -6.67625e-22
0.000798559 -8.51178e-05 -5.59632e-22
0.000830929 -8.77355e-05 -4.52273e-22
0.000863147 -9.03348e-05 -3.45669e-22
0.00089518 -9.29124e-05 -2.39955e-22
0.000927002 -9.54652e-05 -1.35256e-22
0.000958584 -9.79902e-05 -3.1697e-23
0.000989899 -0.000100484 7.05956e-23
0.00102092 -0.000102945 1.71502e-22
0.00105162 -0.000105369 2.70915e-22
0.00108199 -0.000107754 3.68723e-22
0.00111198 -0.000110096 4.64788e-22
0.00114157 -0.000112392 5.58971e-22
0.00117072 -0.00011464 6.51154e-22
0.00119943 -0.000116836 7.41234e-22
0.00122766 -0.000118979 8.29108e-22
0.00125539 -0.000121066 9.14689e-22
0.0012826 -0.000123095 9.97921e-22
0.0013093 -0.000125066 1.07878e-21
0.00133548 -0.00012698 1.15726e-21
0.00136114 -0.000128837 1.23342e-21
0.00138586 -0.000130585 1.30512e-21
0.00140955 -0.000132213 1.37189e-21
0.00143273 -0.000133783 1.43628e-21
0.00145547 -0.000135306 1.49874e-21
0.00147776 -0.000136781 1.5592e-21
0.00149965 -0.000138213 1.61794e-21
0.00152119 -0.000139607 1.67512e-21
0.00154245 -0.000140972 1.73111e-21
0.00156349 -0.000142315 1.78621e-21
0.00158439 -0.000143647 1.8408e-21
0.00160523 -0.000144974 1.89524e-21
0.00162609 -0.000146307 1.94992e-21
0.00164705 -0.000147656 2.00523e-21
0.00166816 -0.000149031 2.06165e-21
0.00168945 -0.000150445 2.11961e-21
0.00171099 -0.000151901 2.17932e-21
0.00173432 -0.000153408 6.32353e-21
0.00175888 -0.000154987 6.39188e-21
0.0017839 -0.000156617 6.46241e-21
0.00180939 -0.000158301 6.53524e-21
0.00183518 -0.000160021 6.60955e-21
0.00186118 -0.000161767 6.68501e-21
0.0018876 -0.000163563 6.76257e-21
0.00191451 -0.000165419 6.84264e-21
0.00194201 -0.000167345 6.9257e-21
0.00197003 -0.000169336 7.01154e-21
0.00199837 -0.00017137 7.09914e-21
0.00202694 -0.000173208 8.35918e-21
0.00205632 -0.000175299 2.0588e-22
0.00208595 -0.000177408 1.10115e-20
0.00212135 -0.000179652 7.08817e-21
0.0021633 -0.000181958 1.22605e-20
0.00220539 -0.000184321 1.29505e-21
0.0022474 -0.00018669 2.43935e-22
0.00228922 -0.000189057 1.32801e-20
0.0023307 -0.000191479 1.21583e-20
0.00237174 -0.000194108 1.23971e-20
0.00241196 -0.000196522 1.03989e-20
0.00245102 -0.000198949 5.22521e-21
0.00248891 -0.000201305 1.46205e-20
0.00252566 -0.000203589 9.28189e-18
0.00256036 -0.000205746 1.30746e-17
0.00259719 -0.000208123 -1.07862e-16
0.00263229 -0.000210257 4.70652e-18
0.00267176 -0.000212554 -3.2206e-19
0.00271298 -0.000214807 -1.37733e-18
0.00275201 -0.000216943 -3.23794e-19
0.00278863 -0.000218935 -7.68325e-19
0.00282272 -0.000220776 -4.06178e-19
0.00285421 -0.000222465 -5.81163e-19
0.00288305 -0.000223999 -2.68758e-18
0.00290923 -0.00022538 -7.77314e-19
0.00293271 -0.000226607 -7.40151e-19
0.0029535 -0.000227681 -3.24852e-19
0.0029716 -0.000228604 -1.86987e-19
0.00298701 -0.000229378 -3.80457e-18
0.00299977 -0.000230006 -3.21652e-19
0.00300992 -0.000230491 -3.25985e-19
0.00301753 -0.000230888 -3.24988e-19
0.00302265 -0.000231137 -3.24308e-19
0.00302535 -0.000231241 -3.2396e-19
0.00302568 -0.000231206 -3.23919e-19
0.00302475 -0.000230971 -3.1716e-19
0.00302279 -0.000230754 -3.17169e-19
0.00301978 -0.000230454 -3.17181e-19
0.00301574 -0.00023007 -3.17197e-19
0.00301072 -0.000229608 -3.17216e-19
0.00300473 -0.00022907 -3.17238e-19
0.00299781 -0.000228461 -3.17263e-19
0.00298999 -0.000227782 -3.17291e-19
0.00298129 -0.000227037 -3.17321e-19
0.00297175 -0.000226229 -3.17354e-19
0.00296136 -0.000225358 -3.1739e-19
0.00295015 -0.000224425 -3.17428e-19
0.00293812 -0.000223432 -3.17469e-19
0.00292526 -0.000222376 -3.17512e-19
0.00291156 -0.000221256 -3.17558e-19
0.00289701 -0.000220072 -3.17607e-19
0.00288161 -0.000218821 -3.17658e-19
0.00286532 -0.000217503 -3.17712e-19
0.00284815 -0.000216115 -3.17769e-19
0.00283008 -0.000214655 -3.17829e-19
0.00281108 -0.000213119 -3.17892e-19
0.00279111 -0.000211506 -3.17958e-19
0.00277014 -0.000209809 -3.18028e-19
0.00274815 -0.000208028 -3.18101e-19
0.00272511 -0.000206158 -3.18178e-19
0.00270101 -0.000204198 -3.18258e-19
0.00267584 -0.000202147 -3.18342e-19
0.00264957 -0.000200002 -3.1843e-19
0.00262221 -0.000197763 -3.18522e-19
0.00259372 -0.000195427 -3.18618e-19
0.00256412 -0.000192994 -3.18717e-19
0.00253339 -0.000190463 -3.18821e-19
0.00250154 -0.000187836 -3.18929e-19
0.00246859 -0.000185112 -3.19041e-19
0.00243454 -0.000182293 -3.19156e-19
0.00239942 -0.000179382 -3.19276e-19
0.00236323 -0.000176378 -3.19399e-19
0.002326 -0.000173284 -3.19526e-19
0.00228773 -0.000170102 -3.19656e-19
0.00224846 -0.000166833 -3.1979e-19
0.00220821 -0.000163481 -3.19928e-19
0.00216703 -0.000160049 -3.20069e-19
0.00212495 -0.000156543 -3.20212e-19
0.00208201 -0.000152965 -3.20359e-19
0.00203826 -0.000149319 -3.20509e-19
0.00199375 -0.000145612 -3.20661e-19
0.00194851 -0.000141845 -3.20815e-19
0.00190261 -0.000138025 -3.20972e-19
0.00185608 -0.000134158 -3.21131e-19
0.00180901 -0.000130248 -3.21291e-19
0.00176145 -0.000126302 -3.21453e-19
0.00171347 -0.000122327 -3.21616e-19
0.00166515 -0.00011833 -3.2178e-19
0.00161657 -0.00011432 -3.21944e-19
0.00156782 -0.000110304 -3.22109e-19
0.00151898 -0.000106291 -3.22273e-19
0.00147013 -0.000102287 -3.22438e-19
0.00142137 -9.83021e-05 -3.22601e-19
0.00137275 -9.43423e-05 -3.22763e-19
0.00132437 -9.0415e-05 -3.22925e-19
0.0012763 -8.65272e-05 -3.23084e-19
0.0012286 -8.26857e-05 -3.23242e-19
0.00118136 -7.88968e-05 -3.23397e-19
0.00113463 -7.51668e-05 -3.2355e-19
0.00108849 -7.15021e-05 -3.237e-19
0.00104302 -6.79089e-05 -3.23848e-19
0.000998261 -6.43933e-05 -3.23992e-19
0.000954293 -6.09607e-05 -3.24133e-19
0.000911178 -5.76171e-05 -3.2427e-19
0.000868989 -5.43694e-05 -3.24403e-19
0.000827784 -5.12228e-05 -3.24532e-19
0.000787608 -4.81809e-05 -3.24657e-19
0.000748522 -4.52489e-05 -3.24777e-19
0.000710584 -4.24319e-05 -3.24892e-19
0.000673866 -3.97372e-05 -3.25003e-19
0.000638398 -3.71667e-05 -3.25108e-19
0.000604178 -3.47187e-05 -3.25209e-19
0.000571218 -3.2394e-05 -3.25304e-19
0.000539508 -3.01906e-05 -3.25394e-19
0.000509035 -2.81061e-05 -3.2548e-19
0.000479761 -2.61356e-05 -3.25561e-19
0.00045164 -2.42736e-05 -3.25637e-19
0.000424637 -2.25054e-05 -3.2571e-19
0.000398972 -2.08811e-05 -3.25776e-19
0.000374352 -1.93605e-05 -3.25839e-19
0.000350516 -1.79005e-05 -3.25899e-19
0.000327485 -1.65136e-05 -3.25955e-19
0.000305081 -1.51738e-05 -3.2601e-19
0.000283248 -1.38797e-05 -3.26063e-19
0.000261837 -1.26123e-05 -3.26115e-19
0.000240767 -1.1365e-05 -3.26167e-19
0.000219916 -1.01235e-05 -3.26218e-19
0.000199196 -8.87948e-06 -3.26269e-19
0.000178505 -7.62158e-06 -3.2632e-19
0.000157759 -6.34165e-06 -3.26373e-19
0.000136872 -5.03032e-06 -3.26426e-19
0.000115765 -3.67982e-06 -3.26482e-19
9.43601e-05 -2.28211e-06 -3.26539e-19
7.2591e-05 -8.30634e-07 -3.26599e-19
5.03986e-05 6.80464e-07 -3.26661e-19
2.7738e-05 2.25547e-06 -3.26725e-19
4.57295e-06 3.89776e-06 -3.26793e-19
-1.9124e-05 5.6097e-06 -3.26863e-19
-4.3372e-05 7.3928e-06 -3.26936e-19
-6.81806e-05 9.24754e-06 -3.27012e-19
-9.35488e-05 1.11737e-05 -3.27091e-19
-0.000119328 1.31771e-05 -3.27173e-19
-0.000145484 1.5248e-05 -3.27258e-19
-0.000172108 1.7373e-05 -3.27345e-19
-0.000199108 1.95471e-05 -3.27434e-19
-0.00022639 2.17589e-05 -3.27525e-19
-0.000253881 2.40005e-05 -3.27617e-19
-0.000281487 2.62616e-05 -3.2771e-19
-0.000308646 2.84759e-05 -3.27801e-19
-0.000335196 3.06211e-05 -3.27889e-19
-0.000361571 3.27525e-05 -3.27976e-19
-0.000387714 3.48663e-05 -3.28063e-19
-0.000413501 3.69478e-05 -3.28148e-19
-0.000438866 3.8991e-05 -3.28232e-19
-0.000463715 4.09853e-05 -3.28314e-19
-0.000487993 4.29255e-05 -3.28393e-19
-0.000511635 4.48046e-05 -3.2847e-19
-0.000534598 4.66186e-05 -3.28545e-19
-0.000556841 4.83635e-05 -3.28616e-19
-0.000578342 5.00374e-05 -3.28685e-19
-0.000599084 5.16391e-05 -3.28751e-19
-0.000619062 5.31686e-05 -3.28813e-19
-0.000638283 5.46275e-05 -3.28873e-19
-0.000656779 5.60196e-05 -3.2893e-19
-0.000674593 5.73502e-05 -3.28985e-19
-0.000691776 5.86254e-05 -3.29037e-19
-0.000708391 5.98526e-05 -3.29087e-19
-0.000724521 6.1041e-05 -3.29136e-19
-0.00074026 6.22013e-05 -3.29184e-19
-0.000755703 6.3344e-05 -3.29231e-19
-0.000770947 6.44799e-05 -3.29277e-19
-0.000786089 6.56197e-05 -3.29324e-19
-0.000802003 6.67853e-05 -3.4093e-19
-0.00081881 6.79881e-05 -3.40081e-19
-0.000835831 6.92266e-05 -3.39233e-19
-0.000853149 7.05097e-05 -3.38379e-19
-0.000870859 7.18465e-05 -3.37516e-19
-0.000889046 7.32454e-05 -3.3664e-19
-0.000907785 7.47133e-05 -3.35748e-19
-0.000927133 7.6256e-05 -3.34839e-19
-0.000947138 7.78776e-05 -3.33912e-19
-0.000967834 7.95812e-05 -3.32965e-19
-0.00098955 8.13729e-05 -3.33941e-19
-0.0010118 8.32775e-05 -3.32376e-19
-0.00103477 8.52675e-05 -3.30783e-19
-0.00105849 8.73423e-05 -3.2916e-19
-0.00108291 8.94995e-05 -3.2751e-19
-0.00110782 9.15604e-05 -3.31433e-19
-0.00113335 9.38565e-05 -3.29759e-19
-0.00115943 9.62192e-05 -3.28073e-19
-0.0011901 9.86303e-05 -3.24138e-19
-0.00122444 0.000101188 -3.23843e-19
-0.00125929 0.000103813 -3.20265e-19
-0.00129445 0.000106472 -3.15261e-19
-0.00132978 0.000109154 -3.08653e-19
-0.00136515 0.000111849 -3.04845e-19
-0.00140039 0.000114543 -3.00466e-19
-0.00143536 0.000117225 -2.96912e-19
-0.0014699 0.000119882 -2.86282e-19
-0.00150385 0.000122503 -2.95772e-19
-0.00153705 0.000125076 -2.89388e-19
-0.00156904 0.00012757 -2.83689e-19
-0.00160052 0.000130009 -2.78733e-19
-0.0016315 0.000132355 -2.78873e-19
-0.00166082 0.000134601 -2.8146e-19
-0.00168861 0.00013674 -2.73766e-19
-0.00171471 0.000138763 -2.67087e-19
-0.001739 0.000140662 -1.07986e-18
-0.00176141 0.000142432 -2.61887e-19
-0.00178181 0.000144063 -2.68606e-19
-0.00180014 0.000145551 -2.48262e-19
-0.00181628 0.000146889 -2.6012e-19
-0.00183017 0.000148071 -3.32311e-19
-0.0018417 0.000149089 -2.43046e-19
-0.00185074 0.000149935 -2.55355e-19
-0.00185723 0.0001506 -2.61861e-19
-0.0018611 0.000151104 -2.61278e-19
-0.00186229 0.000151405 -2.61106e-19
-0.00186116 0.000151478 -2.55956e-19
-0.00185808 0.000151392 -2.54952e-19
-0.00185302 0.000151113 -2.54941e-19
-0.00184596 0.000150637 -2.54921e-19
-0.00183688 0.000149962 -2.54893e-19
-0.00182576 0.000149085 -2.54857e-19
-0.00181259 0.000148005 -2.54813e-19
-0.00179737 0.000146721 -2.5476e-19
-0.00178011 0.000145234 -2.54699e-19
-0.00176084 0.000143547 -2.5463e-19
-0.0017396 0.000141663 -2.54553e-19
-0.00171643 0.000139587 -2.54468e-19
-0.0016914 0.000137323 -2.54375e-19
-0.00166457 0.00013488 -2.54275e-19
-0.00163602 0.000132264 -2.54167e-19
-0.00160582 0.000129485 -2.54053e-19
-0.00157408 0.000126551 -2.53933e-19
-0.0015409 0.000123475 -2.53807e-19
-0.00150642 0.00012027 -2.53676e-19
-0.00147077 0.00011695 -2.53539e-19
-0.00143407 0.000113529 -2.53399e-19
-0.00139647 0.00011002 -2.53255e-19
-0.00135809 0.00010644 -2.53108e-19
-0.00131909 0.000102801 -2.52959e-19
-0.00127959 9.91202e-05 -2.52808e-19
-0.00123974 9.54116e-05 -2.52656e-19
-0.00119969 9.1691e-05 -2.52503e-19
-0.00115957 8.79733e-05 -2.52351e-19
-0.00111953 8.42733e-05 -2.52199e-19
-0.00107969 8.06055e-05 -2.52049e-19
-0.00104019 7.69837e-05 -2.519e-19
-0.00100116 7.34207e-05 -2.51754e-19
-0.000962706 6.99293e-05 -2.51611e-19
-0.000924962 6.65227e-05 -2.51471e-19
-0.000888049 6.32136e-05 -2.51336e-19
-0.00085208 6.00135e-05 -2.51204e-19
-0.000817156 5.69325e-05 -2.51078e-19
-0.000783367 5.39796e-05 -2.50957e-19
-0.000750793 5.11624e-05 -2.50841e-19
-0.000719499 4.84871e-05 -2.50732e-19
-0.000689538 4.59583e-05 -2.50628e-19
-0.000660955 4.35795e-05 -2.5053e-19
-0.000633782 4.13532e-05 -2.50439e-19
-0.000608038 3.928e-05 -2.50354e-19
-0.000583731 3.73594e-05 -2.50275e-19
-0.000560855 3.55892e-05 -2.50203e-19
-0.000539392 3.39662e-05 -2.50136e-19
-0.000519316 3.24859e-05 -2.50075e-19
-0.000500594 3.11432e-05 -2.5002e-19
-0.000483189 2.99328e-05 -2.49971e-19
-0.000467063 2.88487e-05 -2.49926e-19
-0.000452172 2.78848e-05 -2.49887e-19
-0.000438469 2.70342e-05 -2.49852e-19
-0.000425904 2.62902e-05 -2.49821e-19
-0.000414426 2.56458e-05 -2.49795e-19
-0.000403986 2.50943e-05 -2.49772e-19
-0.00039453 2.46284e-05 -2.49753e-19
-0.000385992 2.42402e-05 -2.49737e-19
-0.000378305 2.39213e-05 -2.49724e-19
-0.000371407 2.36641e-05 -2.49713e-19
-0.000365243 2.34618e-05 -2.49705e-19
-0.000359763 2.33087e-05 -2.49699e-19
-0.000354927 2.31996e-05 -2.49694e-19
-0.000350702 2.31308e-05 -2.49692e-19
-0.000347056 2.30983e-05 -2.4969e-19
-0.000343942 2.30973e-05 -2.4969e-19
-0.000341314 2.3123e-05 -2.49691e-19
-0.000339137 2.31719e-05 -2.49693e-19
-0.000337377 2.32409e-05 -2.49696e-19
-0.000336006 2.33274e-05 -2.497e-19
-0.000334998 2.34295e-05 -2.49704e-19
-0.000334336 2.35463e-05 -2.49709e-19
-0.000334004 2.36768e-05 -2.49714e-19
-0.000333973 2.38193e-05 -2.4972e-19
-0.000334215 2.39719e-05 -2.49726e-19
-0.000334706 2.41334e-05 -2.49733e-19
-0.000335426 2.43031e-05 -2.4974e-19
-0.00033635 2.44798e-05 -2.49747e-19
-0.000337454 2.46625e-05 -2.49754e-19
-0.000338719 2.48506e-05 -2.49762e-19
-0.000340131 2.50443e-05 -2.4977e-19
-0.000341685 2.52443e-05 -2.49778e-19
-0.000343378 2.54521e-05 -2.49787e-19
-0.00034521 2.56689e-05 -2.49796e-19
-0.000347182 2.58965e-05 -2.49805e-19
-0.000349301 2.61367e-05 -2.49815e-19
-0.000351572 2.63916e-05 -2.49825e-19
-0.000353992 2.66629e-05 -2.49836e-19
-0.000356567 2.69516e-05 -2.49848e-19
-0.000359283 2.72581e-05 -2.49861e-19
-0.000362151 2.75839e-05 -2.49874e-19
-0.000365176 2.79293e-05 -2.49888e-19
-0.000368339 2.82938e-05 -2.49903e-19
-0.000371637 2.86773e-05 -2.49919e-19
-0.000375052 2.90788e-05 -2.49936e-19
-0.000378569 2.94968e-05 -2.49953e-19
-0.000382164 2.99297e-05 -2.4997e-19
-0.000385828 3.03762e-05 -2.49989e-19
-0.000389544 3.08351e-05 -2.50008e-19
-0.000393296 3.13045e-05 -2.50027e-19
-0.000397056 3.17816e-05 -2.50046e-19
-0.000400798 3.22637e-05 -2.50066e-19
-0.00040449 3.2747e-05 -2.50086e-19
-0.000408093 3.32275e-05 -2.50106e-19
-0.000411569 3.37007e-05 -2.50125e-19
-0.000414882 3.41627e-05 -2.50144e-19
-0.000417995 3.4609e-05 -2.50162e-19
-0.000420867 3.50352e-05 -2.5018e-19
-0.000423455 3.54361e-05 -2.50196e-19
-0.000425712 3.58064e-05 -2.50211e-19
-0.000427586 3.61402e-05 -2.50225e-19
-0.000429028 3.64318e-05 -2.50237e-19
-0.000429989 3.66755e-05 -2.50247e-19
-0.000430428 3.68665e-05 -2.50255e-19
-0.000430309 3.70004e-05 -2.5026e-19
-0.000429594 3.70728e-05 -2.50263e-19
-0.000428256 3.70813e-05 -2.50264e-19
-0.000426256 3.70203e-05 -2.50261e-19
-0.000423564 3.68855e-05 -2.50256e-19
-0.000420153 3.66741e-05 -2.50247e-19
-0.000415996 3.63822e-05 -2.50235e-19
-0.000411071 3.60071e-05 -2.5022e-19
-0.000405355 3.55456e-05 -2.50201e-19
-0.000398831 3.49957e-05 -2.50178e-19
-0.000391485 3.43552e-05 -2.50152e-19
-0.000383308 3.36224e-05 -2.50122e-19
-0.000374289 3.27959e-05 -2.50088e-19
-0.00036443 3.18752e-05 -2.5005e-19
-0.000353732 3.086e-05 -2.50009e-19
-0.000342197 2.97501e-05 -2.49963e-19
-0.000329833 2.85456e-05 -2.49914e-19
-0.000316652 2.72475e-05 -2.4986e-19
-0.000302674 2.58583e-05 -2.49803e-19
-0.000287938 2.43809e-05 -2.49743e-19
-0.000272489 2.28194e-05 -2.49679e-19
-0.000256381 2.11793e-05 -2.49612e-19
-0.000239658 1.94657e-05 -2.49541e-19
-0.000222394 1.76858e-05 -2.49468e-19
-0.00020467 1.58468e-05 -2.49393e-19
-0.000186564 1.39586e-05 -2.49315e-19
-0.000168157 1.20287e-05 -2.49236e-19
-0.000149534 1.0065e-05 -2.49156e-19
-0.000130793 8.07811e-06 -2.49074e-19
-0.000112028 6.07751e-06 -2.48992e-19
-9.3345e-05 4.07456e-06 -2.4891e-19
-7.48477e-05 2.07998e-06 -2.48828e-19
-5.66471e-05 1.05623e-07 -2.48747e-19
-3.88537e-05 -1.83693e-06 -2.48668e-19
-2.15796e-05 -3.73567e-06 -2.4859e-19
-4.93261e-06 -5.57914e-06 -2.48514e-19
1.09807e-05 -7.35587e-06 -2.48441e-19
2.60554e-05 -9.0546e-06 -2.48372e-19
4.01864e-05 -1.0664e-05 -2.48306e-19
5.32682e-05 -1.21726e-05 -2.48244e-19
6.51974e-05 -1.35693e-05 -2.48186e-19
7.58751e-05 -1.48433e-05 -2.48134e-19
8.52122e-05 -1.59848e-05 -2.48087e-19
9.31338e-05 -1.69857e-05 -2.48046e-19
9.95765e-05 -1.78387e-05 -2.48011e-19
0.000104484 -1.85376e-05 -2.47983e-19
0.000107813 -1.90772e-05 -2.47961e-19
0.000109533 -1.9454e-05 -2.47945e-19
0.000109628 -1.96657e-05 -2.47936e-19
0.00010809 -1.97111e-05 -2.47935e-19
0.000104923 -1.95901e-05 -2.47939e-19
0.000100146 -1.93042e-05 -2.47951e-19
9.37877e-05 -1.88561e-05 -2.4797e-19
8.58885e-05 -1.82495e-05 -2.47994e-19
7.64982e-05 -1.74892e-05 -2.48026e-19
6.56788e-05 -1.65814e-05 -2.48063e-19
5.35022e-05 -1.55331e-05 -2.48106e-19
4.00485e-05 -1.43524e-05 -2.48154e-19
2.54063e-05 -1.30483e-05 -2.48208e-19
9.67389e-06 -1.16307e-05 -2.48266e-19
-7.04334e-06 -1.01104e-05 -2.48328e-19
-2.46343e-05 -8.49858e-06 -2.48394e-19
-4.29853e-05 -6.80696e-06 -2.48464e-19
-6.19825e-05 -5.04717e-06 -2.48536e-19
-8.15112e-05 -3.23098e-06 -2.4861e-19
-0.000101454 -1.3704e-06 -2.48687e-19
-0.000121694 5.22534e-07 -2.48764e-19
-0.000142116 2.43607e-06 -2.48843e-19
-0.000162608 4.3586e-06 -2.48922e-19
-0.000183057 6.27863e-06 -2.49e-19
-0.00020336 8.18563e-06 -2.49079e-19
-0.000223434 1.0071e-05 -2.49156e-19
-0.000243206 1.19274e-05 -2.49232e-19
-0.000262607 1.37477e-05 -2.49307e-19
-0.000281569 1.5525e-05 -2.4938e-19
-0.000300025 1.72526e-05 -2.49451e-19
-0.000317913 1.89242e-05 -2.49519e-19
-0.000335174 2.05337e-05 -2.49585e-19
-0.000351757 2.20763e-05 -2.49648e-19
-0.000367628 2.35484e-05 -2.49709e-19
-0.000382761 2.49476e-05 -2.49766e-19
-0.000397135 2.6272e-05 -2.4982e-19
-0.000410733 2.75201e-05 -2.49872e-19
-0.000423546 2.86909e-05 -2.4992e-19
-0.000435566 2.9784e-05 -2.49964e-19
-0.00044679 3.07993e-05 -2.50006e-19
-0.000457223 3.17376e-05 -2.50045e-19
-0.000466877 3.26003e-05 -2.5008e-19
-0.00047577 3.33896e-05 -2.50112e-19
-0.000483925 3.4108e-05 -2.50142e-19
-0.000491359 3.47577e-05 -2.50168e-19
-0.000498084 3.53401e-05 -2.50192e-19
-0.000504104 3.58558e-05 -2.50213e-19
-0.000509428 3.63063e-05 -2.50232e-19
-0.000514067 3.66927e-05 -2.50248e-19
-0.000518034 3.7017e-05 -2.50261e-19
-0.000521349 3.72811e-05 -2.50272e-19
-0.000524027 3.74872e-05 -2.5028e-19
-0.000526096 3.76384e-05 -2.50287e-19
-0.000527596 3.7739e-05 -2.50291e-19
-0.000528575 3.77942e-05 -2.50293e-19
-0.000529081 3.78092e-05 -2.50294e-19
-0.000529155 3.77885e-05 -2.50293e-19
-0.000528825 3.77351e-05 -2.50291e-19
-0.00052811 3.76514e-05 -2.50287e-19
-0.000527028 3.75393e-05 -2.50283e-19
-0.0005256 3.7401e-05 -2.50277e-19
-0.000523852 3.72395e-05 -2.5027e-19
-0.000521811 3.70575e-05 -2.50263e-19
-0.000519502 3.68578e-05 -2.50255e-19
-0.00051694 3.66419e-05 -2.50246e-19
-0.000514128 3.64101e-05 -2.50236e-19
-0.000511057 3.61615e-05 -2.50226e-19
-0.000507716 3.58948e-05 -2.50215e-19
-0.000504097 3.56091e-05 -2.50203e-19
-0.000500199 3.53041e-05 -2.50191e-19
-0.000496023 3.49798e-05 -2.50178e-19
-0.000491569 3.46358e-05 -2.50163e-19
-0.000486826 3.42707e-05 -2.50148e-19
-0.000481764 3.38811e-05 -2.50133e-19
-0.000476343 3.34627e-05 -2.50115e-19
-0.000470522 3.30109e-05 -2.50097e-19
-0.000464265 3.25214e-05 -2.50077e-19
-0.000457536 3.19903e-05 -2.50055e-19
-0.000450308 3.14142e-05 -2.50031e-19
-0.000442552 3.07898e-05 -2.50006e-19
-0.000434235 3.01131e-05 -2.49978e-19
-0.000425312 2.93792e-05 -2.49948e-19
-0.000415735 2.85827e-05 -2.49915e-19
-0.000405459 2.77184e-05 -2.4988e-19
-0.000394448 2.67824e-05 -2.49841e-19
-0.000382684 2.57722e-05 -2.498e-19
-0.000370157 2.46867e-05 -2.49755e-19
-0.000356865 2.35251e-05 -2.49708e-19
-0.000342803 2.22866e-05 -2.49657e-19
-0.000327964 2.09703e-05 -2.49603e-19
-0.00031234 1.95751e-05 -2.49546e-19
-0.000295929 1.81007e-05 -2.49485e-19
-0.000278736 1.65474e-05 -2.49422e-19
-0.000260776 1.49166e-05 -2.49355e-19
-0.00024207 1.32104e-05 -2.49285e-19
-0.000222645 1.14316e-05 -2.49212e-19
-0.00020253 9.58325e-06 -2.49136e-19
-0.000181754 7.66846e-06 -2.49057e-19
-0.000160348 5.69049e-06 -2.48976e-19
-0.000138348 3.65318e-06 -2.48893e-19
-0.000115793 1.56082e-06 -2.48807e-19
-9.27249e-05 -5.81925e-07 -2.48719e-19
-6.91908e-05 -2.77004e-06 -2.48629e-19
-4.52397e-05 -4.99812e-06 -2.48538e-19
-2.09217e-05 -7.26064e-06 -2.48445e-19
3.71537e-06 -9.5523e-06 -2.48351e-19
2.86241e-05 -1.18678e-05 -2.48256e-19
5.37556e-05 -1.42017e-05 -2.4816e-19
7.90635e-05 -1.65487e-05 -2.48064e-19
0.000104508 -1.89042e-05 -2.47968e-19
0.000130054 -2.12642e-05 -2.47871e-19
0.000155823 -2.36524e-05 -2.47773e-19
0.000181672 -2.60448e-05 -2.47675e-19
0.00020749 -2.84243e-05 -2.47577e-19
0.000233314 -3.07982e-05 -2.4748e-19
0.000259079 -3.31564e-05 -2.47383e-19
0.000284791 -3.55013e-05 -2.47287e-19
0.000310407 -3.78263e-05 -2.47192e-19
0.000335919 -4.01314e-05 -2.47097e-19
0.000361298 -4.24122e-05 -2.47003e-19
0.00038653 -4.46675e-05 -2.46911e-19
0.000411581 -4.6893e-05 -2.4682e-19
0.000436422 -4.90858e-05 -2.4673e-19
0.000461026 -5.12423e-05 -2.46641e-19
0.00048537 -5.33603e-05 -2.46554e-19
0.000509434 -5.54372e-05 -2.46469e-19
0.000533202 -5.74713e-05 -2.46386e-19
0.000556663 -5.94613e-05 -2.46304e-19
0.000579812 -6.14065e-05 -2.46224e-19
0.00060265 -6.33073e-05 -2.46147e-19
0.000625171 -6.51631e-05 -2.4607e-19
0.000647359 -6.69684e-05 -2.45996e-19
0.000669233 -6.87283e-05 -2.45924e-19
0.000690799 -7.04445e-05 -2.45854e-19
0.000712057 -7.21162e-05 -2.45785e-19
0.000733023 -7.37463e-05 -2.45718e-19
0.000753706 -7.53351e-05 -2.45653e-19
0.00077412 -7.68853e-05 -2.4559e-19
0.000794273 -7.83973e-05 -2.45528e-19
0.000814186 -7.9874e-05 -2.45467e-19
0.000833878 -8.13183e-05 -2.45408e-19
0.000853379 -8.27336e-05 -2.4535e-19
0.00087272 -8.41237e-05 -2.45293e-19
0.000891953 -8.54936e-05 -2.45237e-19
0