-5.33953 6.63751e-06 -2.72224e-22
-10.6791 1.31722e-05 -5.40229e-22
-16.0186 1.96033e-05 -8.03989e-22
-21.3582 2.59303e-05 -1.06348e-21
-26.6977 3.21524e-05 -1.31866e-21
-32.0373 3.8269e-05 -1.56952e-21
-37.3768 4.42794e-05 -1.81603e-21
-42.7164 5.0183e-05 -2.05815e-21
-48.056 5.59789e-05 -2.29586e-21
-53.3955 6.16666e-05 -2.52913e-21
-53.3958 7.57031e-05 -3.1048e-21
-53.397 0.00013772 -5.64828e-21
-53.3995 0.000277572 -1.1384e-20
-53.4039 0.000514216 -2.10895e-20
-53.41 0.000847957 -3.47772e-20
-53.4172 0.0012417 -5.09256e-20
-53.4245 0.00163836 -6.71939e-20
-53.4308 0.00198114 -8.12524e-20
-53.4349 0.0022065 -9.0495e-20
-53.4355 0.00223622 -9.17137e-20
-53.431 0.00198561 -8.14355e-20
-53.4198 0.00137261 -5.62946e-20
-53.4008 0.000329306 -1.35058e-20
-53.3731 -0.00118602 4.86422e-20
-53.3363 -0.00319926 1.31211e-19
-53.2899 -0.00573242 2.35103e-19
-53.2339 -0.00878957 3.60485e-19
-53.1687 -0.0123413 5.06153e-19
-53.0953 -0.0163394 6.70126e-19
-53.0145 -0.0207331 8.50324e-19
-52.9276 -0.0254443 1.04355e-18
-52.8372 -0.0303404 1.24435e-18
-52.7461 -0.0352604 1.44613e-18
-52.6572 -0.040046 1.6424e-18
-52.5732 -0.044551 1.82717e-18
-52.4961 -0.0486528 1.99539e-18
-52.4281 -0.052244 2.14268e-18
-52.3709 -0.0552242 2.2649e-18
-52.3262 -0.0575058 2.35848e-18
-52.2951 -0.0590222 2.42067e-18
-52.2787 -0.0597212 2.44934e-18
-52.2778 -0.059559 2.44269e-18
-52.2929 -0.0585124 2.39976e-18
-52.3237 -0.0565924 2.32102e-18
-52.3699 -0.0538314 2.20778e-18
-52.4307 -0.0502683 2.06165e-18
-52.5054 -0.0459515 1.8846e-18
-52.5929 -0.0409433 1.6792e-18
-52.6919 -0.0353143 1.44834e-18
-52.8013 -0.0291374 1.19501e-18
-52.9198 -0.0224788 9.21921e-19
-53.0468 -0.0153879 6.31104e-19
-53.1814 -0.00790473 3.24196e-19
-53.3232 -6.79982e-05 2.7888e-21
-53.471 0.00806485 -3.30763e-19
-53.6233 0.016397 -6.72487e-19
-53.7778 0.0248128 -1.01764e-18
-53.9327 0.0332015 -1.36169e-18
-54.0858 0.0414503 -1.69999e-18
-54.235 0.0494361 -2.02752e-18
-54.378 0.057035 -2.33917e-18
-54.5126 0.0641315 -2.63022e-18
-54.6369 0.0706149 -2.89612e-18
-54.7487 0.076376 -3.1324e-18
-54.8462 0.0813107 -3.33479e-18
-54.9276 0.0853257 -3.49946e-18
-54.9915 0.0883582 -3.62382e-18
-55.0379 0.0903966 -3.70742e-18
-55.0668 0.0914612 -3.75109e-18
-55.0789 0.0915809 -3.756e-18
-55.0747 0.0908065 -3.72424e-18
-55.0559 0.0892255 -3.65939e-18
-55.0244 0.0869461 -3.56591e-18
-54.9819 0.0840798 -3.44836e-18
-54.9307 0.0807505 -3.31181e-18
-54.8734 0.0771056 -3.16232e-18
-54.8127 0.073303 -3.00637e-18
-54.7514 0.0694967 -2.85026e-18
-54.6919 0.0658254 -2.69969e-18
-54.6362 0.0624021 -2.55929e-18
-54.586 0.0593213 -2.43294e-18
-54.5428 0.0566686 -2.32414e-18
-54.5078 0.0545067 -2.23548e-18
-54.4814 0.0528597 -2.16793e-18
-54.4636 0.0517271 -2.12148e-18
-54.4543 0.0510992 -2.09573e-18
-54.4529 0.0509462 -2.08945e-18
-54.4584 0.0512048 -2.10006e-18
-54.4692 0.0517924 -2.12416e-18
-54.484 0.0526211 -2.15814e-18
-54.5015 0.0536236 -2.19926e-18
-54.5215 0.0547808 -2.24672e-18
-54.5442 0.0560987 -2.30077e-18
-54.5697 0.0575818 -2.36159e-18
-54.5983 0.059235 -2.4294e-18
-54.63 0.061066 -2.50449e-18
-54.6652 0.0630839 -2.58725e-18
-54.7042 0.0652984 -2.67808e-18
-54.7467 0.0677025 -2.77668e-18
-54.7922 0.0702538 -2.88131e-18
-54.8395 0.0728921 -2.98952e-18
-54.8876 0.0755603 -3.09895e-18
-54.9357 0.0782078 -3.20753e-18
-54.9829 0.0807943 -3.31361e-18
-55.0288 0.0832869 -3.41584e-18
-55.0728 0.085657 -3.51304e-18
-55.1145 0.0878857 -3.60444e-18
-55.1538 0.0899696 -3.68991e-18
-55.1909 0.0919156 -3.76972e-18
-55.2259 0.0937333 -3.84427e-18
-55.259 0.0954414 -3.91433e-18
-55.2909 0.0970741 -3.98129e-18
-55.3223 0.0986741 -4.04691e-18
-55.3539 0.100284 -4.11293e-18
-55.3861 0.101924 -4.18018e-18
-55.4182 0.103566 -4.24752e-18
-55.4493 0.105157 -4.31278e-18
-55.4784 0.106643 -4.37373e-18
-55.5042 0.107955 -4.42756e-18
-55.5248 0.108995 -4.47021e-18
-55.5381 0.109649 -4.49703e-18
-55.5422 0.109804 -4.50339e-18
-55.5352 0.109367 -4.48547e-18
-55.5162 0.108284 -4.44104e-18
-55.4846 0.106522 -4.36877e-18
-55.4399 0.104052 -4.26748e-18
-55.382 0.10087 -4.13696e-18
-55.3118 0.0970202 -3.97908e-18
-55.2304 0.0925752 -3.79678e-18
-55.1394 0.0876089 -3.59309e-18
-55.0405 0.0822124 -3.37177e-18
-54.9358 0.0765112 -3.13795e-18
-54.8281 0.0706483 -2.89749e-18
-54.72 0.064766 -2.65624e-18
-54.6138 0.0589932 -2.41948e-18
-54.5114 0.0534322 -2.19141e-18
-54.4146 0.0481701 -1.97559e-18
-54.3247 0.0432909 -1.77548e-18
-54.2431 0.0388614 -1.59382e-18
-54.1705 0.0349147 -1.43195e-18
-54.1071 0.0314652 -1.29048e-18
-54.0531 0.028525 -1.16989e-18
-54.0089 0.0261051 -1.07065e-18
-53.9746 0.024217 -9.93208e-19
-53.9505 0.0228713 -9.38019e-19
-53.9368 0.0220779 -9.0548e-19
-53.9336 0.0218455 -8.95948e-19
-53.9412 0.0221813 -9.09718e-19
-53.9595 0.0230915 -9.47048e-19
-53.9888 0.0245817 -1.00817e-18
-54.0288 0.026645 -1.09279e-18
-54.0791 0.0292495 -1.19961e-18
-54.1386 0.0323499 -1.32676e-18
-54.2067 0.0359003 -1.47238e-18
-54.2823 0.039854 -1.63453e-18
-54.3646 0.0441617 -1.8112e-18
-54.4526 0.0487726 -2.0003e-18
-54.5453 0.0536362 -2.19977e-18
-54.6419 0.0587111 -2.40791e-18
-54.742 0.0639753 -2.62381e-18
-54.8454 0.0694162 -2.84696e-18
-54.9516 0.0750203 -3.0768e-18
-55.0605 0.0807783 -3.31295e-18
-55.172 0.0866909 -3.55544e-18
-55.2863 0.0927624 -3.80445e-18
-55.4032 0.0989945 -4.06005e-18
-55.5225 0.105373 -4.32166e-18
-55.6434 0.111855 -4.58751e-18
-55.7648 0.118381 -4.85514e-18
-55.8855 0.124887 -5.12197e-18
-56.0041 0.131299 -5.38494e-18
-56.1189 0.137523 -5.6402e-18
-56.2281 0.143453 -5.88343e-18
-56.3296 0.148985 -6.11032e-18
-56.4219 0.154027 -6.31707e-18
-56.5038 0.158511 -6.50098e-18
-56.5743 0.162387 -6.65997e-18
-56.6327 0.165608 -6.79208e-18
-56.6783 0.168145 -6.8961e-18
-56.7115 0.170002 -6.97226e-18
-56.7326 0.171206 -7.02166e-18
-56.7423 0.171788 -7.04553e-18
-56.7413 0.171788 -7.04553e-18
-56.7308 0.171265 -7.02406e-18
-56.712 0.170287 -6.98397e-18
-56.6862 0.168928 -6.92825e-18
-56.6547 0.16725 -6.85939e-18
-56.6181 0.165286 -6.77885e-18
-56.5768 0.16306 -6.68758e-18
-56.5312 0.160598 -6.5866e-18
-56.482 0.15793 -6.47716e-18
-56.4299 0.155093 -6.3608e-18
-56.3756 0.152129 -6.23926e-18
-56.3199 0.149084 -6.11437e-18
-56.2636 0.145999 -5.98785e-18
-56.2073 0.14291 -5.86114e-18
-56.1516 0.139847 -5.73553e-18
-56.0971 0.136843 -5.61235e-18
-56.0444 0.133935 -5.49305e-18
-55.9941 0.13116 -5.37926e-18
-55.9471 0.128563 -5.27273e-18
-55.9041 0.126184 -5.17515e-18
-55.8655 0.12405 -5.08765e-18
-55.8312 0.122161 -5.01017e-18
-55.801 0.120499 -4.94202e-18
-55.7745 0.119046 -4.88241e-18
-55.7512 0.117785 -4.8307e-18
-55.7312 0.116709 -4.78657e-18
-55.7141 0.115812 -4.7498e-18
-55.7 0.115088 -4.72011e-18
-55.6884 0.11452 -4.69681e-18
-55.6788 0.114074 -4.6785e-18
-55.6702 0.113705 -4.66337e-18
-55.6619 0.113367 -4.6495e-18
-55.6528 0.113005 -4.63465e-18
-55.6416 0.112549 -4.61598e-18
-55.6269 0.111924 -4.59031e-18
-55.6074 0.111049 -4.55443e-18
-55.5819 0.109871 -4.50612e-18
-55.5505 0.108384 -4.44513e-18
-55.5135 0.106608 -4.3723e-18
-55.4713 0.104564 -4.28846e-18
-55.4244 0.102277 -4.19469e-18
-55.3735 0.0997888 -4.09263e-18
-55.3195 0.0971442 -3.98416e-18
-55.2633 0.0943887 -3.87115e-18
-55.2057 0.0915712 -3.7556e-18
-55.1479 0.088749 -3.63985e-18
-55.0911 0.0859831 -3.52641e-18
-55.0363 0.0833327 -3.41772e-18
-54.9841 0.0808287 -3.31502e-18
-54.9341 0.0784457 -3.21728e-18
-54.8854 0.0761281 -3.12223e-18
-54.837 0.0738202 -3.02758e-18
-54.7879 0.0714634 -2.93092e-18
-54.737 0.0689927 -2.82959e-18
-54.683 0.0663417 -2.72086e-18
-54.6248 0.063447 -2.60214e-18
-54.5618 0.0602649 -2.47164e-18
-54.4938 0.0567884 -2.32906e-18
-54.4211 0.053032 -2.175e-18
-54.3441 0.0490154 -2.01026e-18
-54.2632 0.0447665 -1.836e-18
-54.1794 0.0403264 -1.6539e-18
-54.0933 0.0357444 -1.46598e-18
-54.0061 0.0310738 -1.27443e-18
-53.9188 0.0263732 -1.08164e-18
-53.8324 0.0217086 -8.9033e-19
-53.7484 0.01715 -7.03372e-19
-53.6679 0.0127691 -5.23698e-19
-53.5923 0.00864204 -3.54435e-19
-53.5232 0.00485388 -1.99072e-19
-53.4621 0.00149329 -6.1244e-20
-53.4105 -0.00135347 5.55097e-20
-53.3699 -0.00360291 1.47766e-19
-53.3419 -0.00517463 2.12227e-19
-53.3276 -0.00599262 2.45774e-19
-53.3285 -0.00598652 2.45525e-19
-53.3453 -0.00511134 2.09631e-19
-53.3779 -0.00336829 1.38143e-19
-53.4258 -0.000786214 3.22449e-20
-53.4884 0.00259977 -1.06624e-19
-53.5643 0.00671289 -2.75315e-19
-53.6507 0.0113962 -4.67392e-19
-53.7438 0.0164496 -6.74645e-19
-53.84 0.021671 -8.88792e-19
-53.9356 0.0268582 -1.10153e-18
-54.027 0.0318083 -1.30455e-18
-54.1105 0.036321 -1.48963e-18
-54.1825 0.0402009 -1.64875e-18
-54.2399 0.0432761 -1.77488e-18
-54.2804 0.0454169 -1.86268e-18
-54.3019 0.0465204 -1.90794e-18
-54.3029 0.046493 -1.90681e-18
-54.2825 0.0452947 -1.85767e-18
-54.2418 0.0429881 -1.76307e-18
-54.1829 0.0396928 -1.62792e-18
-54.1082 0.0355352 -1.4574e-18
-54.0203 0.0306639 -1.25762e-18
-53.9225 0.0252679 -1.03631e-18
-53.8186 0.0195569 -8.02085e-19
-53.7123 0.0137397 -5.63506e-19
-53.6073 0.00801013 -3.28518e-19
-53.5063 0.00253297 -1.03885e-19
-53.412 -0.00254617 1.04426e-19
-53.3269 -0.00708932 2.90754e-19
-53.2531 -0.0109818 4.50395e-19
-53.192 -0.014149 5.80292e-19
-53.1444 -0.0165426 6.78458e-19
-53.111 -0.0181239 7.43312e-19
-53.0921 -0.0188891 7.74697e-19
-53.0864 -0.0188962 7.74989e-19
-53.0925 -0.0182391 7.48038e-19
-53.1085 -0.0170186 6.97982e-19
-53.1328 -0.0153295 6.28706e-19
-53.1641 -0.0132473 5.43311e-19
-53.2013 -0.0108381 4.44503e-19
-53.2431 -0.00816994 3.35073e-19
-53.2886 -0.00530874 2.17727e-19
-53.3367 -0.0023142 9.49121e-20
-53.3864 0.000758383 -3.11035e-20
-53.4369 0.00385571 -1.58134e-19
-53.4871 0.00691965 -2.83795e-19
-53.5359 0.00987979 -4.05199e-19
-53.5819 0.0126618 -5.19297e-19
-53.6239 0.0151966 -6.23258e-19
-53.6615 0.0174555 -7.15899e-19
-53.6954 0.0194867 -7.99208e-19
-53.7275 0.0213823 -8.76951e-19
-53.7595 0.0232386 -9.53081e-19
-53.7931 0.0251557 -1.03171e-18
-53.8304 0.0272377 -1.1171e-18
-53.8731 0.0295906 -1.21359e-18
-53.9233 0.0323207 -1.32557e-18
-53.9822 0.0355008 -1.45599e-18
-54.0498 0.0391337 -1.60499e-18
-54.1255 0.0431842 -1.77111e-18
-54.2086 0.0476157 -1.95286e-18
-54.2977 0.052352 -2.14711e-18
-54.3898 0.0572354 -2.34739e-18
-54.4813 0.0620659 -2.5455e-18
-54.5685 0.0666457 -2.73333e-18
-54.648 0.0707854 -2.90312e-18
-54.7166 0.0743101 -3.04767e-18
-54.7712 0.0770557 -3.16028e-18
-54.8089 0.0788654 -3.2345e-18
-54.8277 0.0796278 -3.26577e-18
-54.8271 0.0793178 -3.25305e-18
-54.8074 0.0779599 -3.19736e-18
-54.7693 0.0755859 -3.1e-18
-54.714 0.0722685 -2.96394e-18
-54.6441 0.0681577 -2.79534e-18
-54.5632 0.0634457 -2.60209e-18
-54.4746 0.0583264 -2.39214e-18
-54.3816 0.0529738 -2.17261e-18
-54.2865 0.0475194 -1.94891e-18
-54.1912 0.0420702 -1.72542e-18
-54.0975 0.0367299 -1.5064e-18
-54.0069 0.0315799 -1.29518e-18
-53.9201 0.0266599 -1.0934e-18
-53.8373 0.0219847 -9.01657e-19
-53.7588 0.0175645 -7.20372e-19
-53.6842 0.0133809 -5.48787e-19
-53.6121 0.00936058 -3.83904e-19
-53.5407 0.00540071 -2.21499e-19
-53.4681 0.0013963 -5.72662e-20
-53.3926 -0.00274891 1.12741e-19
-53.3127 -0.0071119 2.9168e-19
-53.2273 -0.0117584 4.82245e-19
-53.1352 -0.0167523 6.87062e-19
-53.0355 -0.0221412 9.08073e-19
-52.9281 -0.0279395 1.14588e-18
-52.8129 -0.0341434 1.40032e-18
-52.6901 -0.040746 1.67111e-18
-52.5598 -0.0477392 1.95792e-18
-52.4221 -0.0551148 2.26042e-18
-52.2772 -0.0628633 2.5782e-18
-52.1253 -0.0709735 2.91083e-18
-51.9665 -0.0794314 3.25771e-18
-51.8012 -0.0882197 3.61814e-18
-51.6296 -0.0973187 3.99132e-18
-51.4521 -0.106709 4.37643e-18
-51.2693 -0.116358 4.77217e-18
-51.0821 -0.126209 5.1762e-18
-50.8917 -0.136193 5.58568e-18
-50.6994 -0.146244 5.99789e-18
-50.5064 -0.156289 6.40988e-18
-50.3143 -0.166242 6.81808e-18
-50.1247 -0.176011 7.21874e-18
-49.9393 -0.185511 7.60834e-18
-49.7595 -0.194652 7.98326e-18
-49.5875 -0.203333 8.33929e-18
-49.425 -0.211448 8.67211e-18
-49.2739 -0.218902 8.9778e-18
-49.1356 -0.225615 9.25314e-18
-49.0112 -0.231537 9.49598e-18
-48.9014 -0.236632 9.70497e-18
-48.8068 -0.240878 9.8791e-18
-48.7271 -0.244285 1.00188e-17
-48.6613 -0.246924 1.01271e-17
-48.6074 -0.248922 1.0209e-17
-48.5635 -0.250381 1.02689e-17
-48.5277 -0.251405 1.03108e-17
-48.4977 -0.252129 1.03405e-17
-48.4713 -0.25268 1.03631e-17
-48.4464 -0.253187 1.03839e-17
-48.4206 -0.253777 1.04081e-17
-48.3917 -0.254578 1.0441e-17
-48.3577 -0.255713 1.04875e-17
-48.3164 -0.257296 1.05525e-17
-48.2669 -0.259387 1.06382e-17
-48.2101 -0.261941 1.0743e-17
-48.148 -0.264852 1.08623e-17
-48.0825 -0.268004 1.09916e-17
-48.0164 -0.27126 1.11251e-17
-47.9527 -0.274442 1.12557e-17
-47.895 -0.277353 1.1375e-17
-47.8471 -0.279788 1.14749e-17
-47.8121 -0.281576 1.15482e-17
-47.7918 -0.282606 1.15905e-17
-47.7876 -0.282804 1.15986e-17
-47.8007 -0.282099 1.15697e-17
-47.8319 -0.280446 1.15019e-17
-47.8808 -0.277859 1.13958e-17
-47.9466 -0.274385 1.12533e-17
-48.0282 -0.270073 1.10765e-17
-48.125 -0.264964 1.08669e-17
-48.2364 -0.259079 1.06256e-17
-48.3623 -0.252431 1.03529e-17
-48.5023 -0.245033 1.00495e-17
-48.6565 -0.236875 9.71493e-18
-48.8264 -0.227881 9.34605e-18
-49.0138 -0.217946 8.9386e-18
-49.2205 -0.206972 8.48854e-18
-49.4477 -0.194897 7.9933e-18
-49.6951 -0.181726 7.45311e-18
-49.9621 -0.167503 6.86977e-18
-50.2476 -0.152279 6.24539e-18
-50.55 -0.136171 5.58478e-18
-50.8659 -0.119347 4.89478e-18
-51.1915 -0.102008 4.18365e-18
-51.5228 -0.084385 3.46087e-18
-51.856 -0.0666753 2.73455e-18
-52.1883 -0.0490438 2.01143e-18
-52.5171 -0.031629 1.29719e-18
-52.84 -0.0145645 5.97331e-19
-53.1551 0.00204674 -8.39426e-20
-53.4617 0.0181634 -7.44935e-19
-53.7597 0.0337784 -1.38535e-18
-54.049 0.0488919 -2.0052e-18
-54.33 0.063529 -2.60551e-18
-54.6041 0.0777631 -3.18929e-18
-54.8731 0.0916935 -3.76062e-18
-55.1388 0.105423 -4.32372e-18
-55.4023 0.119019 -4.88132e-18
-55.6634 0.132469 -5.43294e-18
-55.921 0.145721 -5.97642e-18
-56.1743 0.158723 -6.50967e-18
-56.4219 0.17141 -7.03003e-18
-56.662 0.18369 -7.53364e-18
-56.8928 0.195452 -8.01605e-18
-57.1121 0.206592 -8.47294e-18
-57.3186 0.217034 -8.9012e-18
-57.5119 0.226762 -9.30015e-18
-57.6924 0.23579 -9.67045e-18
-57.8602 0.244139 -1.00128e-17
-58.0159 0.251843 -1.03288e-17
-58.1609 0.258968 -1.0621e-17
-58.2965 0.2656 -1.0893e-17
-58.4244 0.27182 -1.11481e-17
-58.5463 0.277736 -1.13907e-17
-58.6651 0.283499 -1.16271e-17
-58.784 0.289285 -1.18644e-17
-58.9061 0.295264 -1.21096e-17
-59.034 0.301574 -1.23684e-17
-59.1694 0.30831 -1.26447e-17
-59.3129 0.315507 -1.29399e-17
-59.4651 0.323186 -1.32548e-17
-59.6257 0.331334 -1.3589e-17
-59.7923 0.339811 -1.39366e-17
-59.9614 0.348426 -1.42899e-17
-60.1295 0.35698 -1.46408e-17
-60.2929 0.365265 -1.49806e-17
-60.4472 0.373043 -1.52996e-17
-60.5881 0.380064 -1.55875e-17
-60.7112 0.386088 -1.58346e-17
-60.813 0.390927 -1.60331e-17
-60.8922 0.394492 -1.61792e-17
-60.948 0.396751 -1.62719e-17
-60.9803 0.397689 -1.63104e-17
-60.9896 0.397341 -1.62961e-17
-60.9784 0.395842 -1.62346e-17
-60.9503 0.393384 -1.61338e-17
-60.9087 0.390167 -1.60019e-17
-60.8572 0.386384 -1.58467e-17
-60.7988 0.382206 -1.56754e-17
-60.7364 0.377795 -1.54944e-17
-60.6729 0.37331 -1.53105e-17
-60.6102 0.36887 -1.51284e-17
-60.5488 0.364498 -1.49491e-17
-60.4881 0.360168 -1.47715e-17
-60.4275 0.355852 -1.45945e-17
-60.3663 0.351509 -1.44164e-17
-60.3031 0.347075 -1.42346e-17
-60.2367 0.342468 -1.40456e-17
-60.1656 0.337614 -1.38465e-17
-60.0887 0.33247 -1.36356e-17
-60.0067 0.327066 -1.34139e-17
-59.9207 0.321474 -1.31846e-17
-59.832 0.315759 -1.29502e-17
-59.7419 0.309998 -1.27139e-17
-59.652 0.304277 -1.24793e-17
-59.5643 0.298692 -1.22502e-17
-59.4802 0.293332 -1.20304e-17
-59.401 0.288276 -1.1823e-17
-59.3279 0.283583 -1.16306e-17
-59.2616 0.2793 -1.14549e-17
-59.203 0.275467 -1.12977e-17
-59.1526 0.272109 -1.116e-17
-59.1101 0.26922 -1.10415e-17
-59.0754 0.266775 -1.09412e-17
-59.0479 0.264748 -1.08581e-17
-59.027 0.263111 -1.07909e-17
-59.0125 0.26184 -1.07388e-17
-59.004 0.260915 -1.07009e-17
-59.001 0.260312 -1.06762e-17
-59.0037 0.260032 -1.06647e-17
-59.0129 0.260121 -1.06683e-17
-59.03 0.260652 -1.06901e-17
-59.0564 0.261696 -1.07329e-17
-59.0935 0.263335 -1.08001e-17
-59.1434 0.265682 -1.08964e-17
-59.2084 0.268862 -1.10268e-17
-59.2908 0.272994 -1.11963e-17
-59.3916 0.278137 -1.14072e-17
-59.5096 0.284225 -1.16569e-17
-59.6423 0.291124 -1.19398e-17
-59.7874 0.298697 -1.22504e-17
-59.9411 0.306749 -1.25807e-17
-60.0977 0.314962 -1.29175e-17
-60.2503 0.322959 -1.32455e-17
-60.392 0.330366 -1.35492e-17
-60.5162 0.336818 -1.38139e-17
-60.6163 0.341958 -1.40247e-17
-60.6859 0.345441 -1.41675e-17
-60.7189 0.346937 -1.42289e-17
-60.7098 0.34615 -1.41966e-17
-60.6541 0.342844 -1.4061e-17
-60.5481 0.336817 -1.38139e-17
-60.3883 0.327892 -1.34478e-17
-60.1727 0.315963 -1.29586e-17
-59.9015 0.301061 -1.23474e-17
-59.5767 0.283296 -1.16188e-17
-59.2001 0.262792 -1.07778e-17
-58.7751 0.239734 -9.83217e-18
-58.3069 0.214425 -8.79421e-18
-57.802 0.187232 -7.67892e-18
-57.2667 0.158517 -6.50124e-18
-56.7079 0.12866 -5.27672e-18
-56.1329 0.0980727 -4.02224e-18
-55.5492 0.0671759 -2.75508e-18
-54.964 0.0363735 -1.49178e-18
-54.3843 0.00603679 -2.47586e-19
-53.8156 -0.0235111 9.64256e-19
-53.2633 -0.0519859 2.13209e-18
-52.732 -0.0791308 3.24538e-18
-52.2254 -0.104744 4.29587e-18
-51.747 -0.128652 5.27639e-18
-51.2975 -0.150821 6.18561e-18
-50.8765 -0.171271 7.0243e-18
-50.4847 -0.189987 7.7919e-18
-50.1208 -0.20705 8.49173e-18
-49.7831 -0.222564 9.128e-18
-49.4696 -0.236656 9.70594e-18
-49.1785 -0.249459 1.0231e-17
-48.9075 -0.2611 1.07085e-17
-48.6545 -0.27171 1.11436e-17
-48.4179 -0.281426 1.15421e-17
-48.1957 -0.290355 1.19083e-17
-47.9868 -0.298553 1.22445e-17
-47.791 -0.306052 1.25521e-17
-47.6082 -0.312875 1.28319e-17
-47.4382 -0.319085 1.30866e-17
-47.2819 -0.324617 1.33135e-17
-47.1408 -0.32937 1.35084e-17
-47.0161 -0.333303 1.36697e-17
-46.9093 -0.336332 1.3794e-17
-46.8218 -0.338387 1.38782e-17
-46.7553 -0.339381 1.3919e-17
-46.7115 -0.339228 1.39127e-17
-46.6918 -0.337851 1.38562e-17
-46.6971 -0.335202 1.37476e-17
-46.7281 -0.331247 1.35854e-17
-46.7854 -0.325951 1.33682e-17
-46.8699 -0.319298 1.30953e-17
-46.9805 -0.311336 1.27688e-17
-47.1153 -0.302136 1.23915e-17
-47.2734 -0.291765 1.19661e-17
-47.4531 -0.280317 1.14966e-17
-47.6519 -0.267927 1.09885e-17
-47.8667 -0.25476 1.04485e-17
-48.0949 -0.240973 9.883e-18
-48.3332 -0.226735 9.29906e-18
-48.5783 -0.212233 8.70429e-18
-48.8266 -0.197662 8.10671e-18
-49.0753 -0.18321 7.51399e-18
-49.3211 -0.169044 6.933e-18
-49.561 -0.155301 6.36932e-18
-49.7934 -0.14209 5.82752e-18
-50.0163 -0.129513 5.3117e-18
-50.2285 -0.117641 4.82479e-18
-50.4296 -0.106496 4.36769e-18
-50.6196 -0.0960675 3.94e-18
-50.7994 -0.086334 3.54081e-18
-50.9694 -0.0772516 3.16831e-18
-51.131 -0.0687437 2.81938e-18
-51.2859 -0.0607129 2.49001e-18
-51.4359 -0.0530505 2.17575e-18
-51.5827 -0.0456756 1.87329e-18
-51.7261 -0.0385742 1.58204e-18
-51.866 -0.0317643 1.30274e-18
-52.002 -0.0252545 1.03576e-18
-52.1331 -0.0190905 7.82957e-19
-52.2569 -0.013405 5.49779e-19
-52.37 -0.00837154 3.43341e-19
-52.4693 -0.0041525 1.70306e-19
-52.5518 -0.000900481 3.69313e-20
-52.6148 0.00123827 -5.07849e-20
-52.6554 0.00212745 -8.72527e-20
-52.6714 0.00164347 -6.74034e-20
-52.6609 -0.000296673 1.21674e-20
-52.6234 -0.00370632 1.52007e-19
-52.5593 -0.00855757 3.50971e-19
-52.469 -0.0148139 6.0756e-19
-52.3534 -0.0224044 9.18868e-19
-52.2147 -0.0311955 1.27942e-18
-52.0558 -0.0410213 1.6824e-18
-51.8794 -0.0517171 2.12107e-18
-51.6886 -0.0630954 2.58773e-18
-51.4877 -0.0749179 3.0726e-18
-51.2811 -0.0869262 3.56509e-18
-51.073 -0.0988765 4.05521e-18
-50.868 -0.110519 4.53272e-18
-50.6709 -0.121578 4.98627e-18
-50.4869 -0.131773 5.40441e-18
-50.3204 -0.140852 5.77675e-18
-50.1751 -0.148617 6.09522e-18
-50.053 -0.154961 6.35541e-18
-49.9551 -0.159837 6.55538e-18
-49.8819 -0.163226 6.69438e-18
-49.8323 -0.165193 6.77506e-18
-49.8029 -0.165943 6.80582e-18
-49.7886 -0.165765 6.79851e-18
-49.7842 -0.164964 6.76565e-18
-49.7839 -0.163879 6.72113e-18
-49.7808 -0.162898 6.68092e-18
-49.7677 -0.162437 6.66202e-18
-49.7375 -0.162908 6.68132e-18
-49.6832 -0.164715 6.75545e-18
-49.5977 -0.168257 6.9007e-18
-49.4749 -0.173914 7.1327e-18
-49.3081 -0.182044 7.46615e-18
-49.0918 -0.192962 7.91392e-18
-48.8224 -0.206916 8.48622e-18
-48.4958 -0.224101 9.19105e-18
-48.1092 -0.244681 1.00351e-17
-47.6604 -0.268771 1.10231e-17
-47.1483 -0.296443 1.2158e-17
-46.5723 -0.327724 1.34409e-17
-45.9325 -0.3626 1.48713e-17
-45.23 -0.401007 1.64464e-17
-44.4672 -0.442808 1.81608e-17
-43.6473 -0.487818 2.00068e-17
-42.774 -0.535819 2.19755e-17
-41.8519 -0.586538 2.40556e-17
-40.8875 -0.639619 2.62326e-17
-39.8881 -0.69465 2.84896e-17
-38.8608 -0.751216 3.08095e-17
-37.8134 -0.808868 3.3174e-17
-36.7547 -0.867107 3.55626e-17
-35.6939 -0.925414 3.79539e-17
-34.6401 -0.983276 4.0327e-17
-33.6024 -1.04018 4.26606e-17
-32.5905 -1.09557 4.49326e-17
-31.614 -1.14893 4.71208e-17
-30.6823 -1.19973 4.92043e-17
-29.8034 -1.24752 5.11645e-17
-28.984 -1.29193 5.29859e-17
-28.2299 -1.33265 5.46559e-17
-27.5461 -1.36941 5.61635e-17
-26.9361 -1.40202 5.75008e-17
-26.4012 -1.4304 5.86646e-17
-25.9418 -1.45454 5.96551e-17
-25.557 -1.47451 6.04737e-17
-25.2457 -1.49037 6.11245e-17
-25.0048 -1.50232 6.16144e-17
-24.8306 -1.51056 6.19523e-17
-24.7192 -1.51533 6.2148e-17
-24.6664 -1.51687 6.22112e-17
-24.6695 -1.51535 6.21489e-17
-24.7259 -1.51093 6.19676e-17
-24.8329 -1.50377 6.16739e-17
-24.9877 -1.49403 6.12746e-17
-25.1875 -1.48189 6.07766e-17
-25.4294 -1.46751 6.01867e-17
-25.7106 -1.45105 5.95117e-17
-26.0286 -1.43266 5.87574e-17
-26.3816 -1.41244 5.79282e-17
-26.7683 -1.39048 5.70277e-17
-27.1874 -1.36686 5.6059e-17
-27.6371 -1.34166 5.50254e-17
-28.116 -1.31496 5.39303e-17
-28.6228 -1.28684 5.27771e-17
-29.1557 -1.2574 5.15695e-17
-29.7128 -1.22671 5.03108e-17
-30.2929 -1.19484 4.90039e-17
-30.8942 -1.16188 4.76522e-17
-31.5154 -1.1279 4.62584e-17
-32.1548 -1.09297 4.48259e-17
-32.8111 -1.05718 4.33578e-17
-33.4825 -1.02059 4.18574e-17
-34.1674 -0.983308 4.03283e-17
-34.8638 -0.945417 3.87743e-17
-35.5697 -0.907031 3.72e-17
-36.2827 -0.868274 3.56104e-17
-37.0005 -0.829273 3.40109e-17
-37.7211 -0.790127 3.24054e-17
-38.4439 -0.750872 3.07954e-17
-39.1688 -0.711511 2.91811e-17
-39.8958 -0.67205 2.75627e-17
-40.6257 -0.632482 2.59399e-17
-41.359 -0.592757 2.43107e-17
-42.0964 -0.552813 2.26725e-17
-42.8396 -0.512587 2.10227e-17
-43.5896 -0.472015 1.93587e-17
-44.3482 -0.431013 1.76771e-17
-45.1175 -0.389492 1.59742e-17
-45.8989 -0.347368 1.42466e-17
-46.6932 -0.3046 1.24925e-17
-47.4994 -0.261247 1.07145e-17
-48.3158 -0.217412 8.91669e-18
-49.1408 -0.173198 7.10334e-18
-49.9721 -0.128727 5.27947e-18
-50.807 -0.0841688 3.452e-18
-51.6419 -0.0397097 1.62861e-18
-52.474 0.00447564 -1.83559e-19
-53.3007 0.0482468 -1.97874e-18
-54.1205 0.0915194 -3.75348e-18
-54.9325 0.134247 -5.50587e-18
-55.7363 0.176402 -7.23476e-18
-56.5317 0.217977 -8.93985e-18
-57.3185 0.258913 -1.06188e-17
-58.0975 0.299279 -1.22743e-17
-58.8697 0.339191 -1.39112e-17
-59.6356 0.37866 -1.55299e-17
-60.3954 0.41771 -1.71315e-17
-61.1485 0.45633 -1.87154e-17
-61.895 0.494527 -2.0282e-17
-62.634 0.532267 -2.18298e-17
-63.3629 0.569427 -2.33539e-17
-64.0786 0.605844 -2.48474e-17
-64.7777 0.641352 -2.63037e-17
-65.4587 0.675865 -2.77192e-17
-66.1167 0.709148 -2.90842e-17
-66.7468 0.740936 -3.03879e-17
-67.3458 0.771065 -3.16236e-17
-67.9094 0.799314 -3.27822e-17
-68.4336 0.82548 -3.38553e-17
-68.9144 0.849342 -3.4834e-17
-69.3476 0.870688 -3.57094e-17
-69.7298 0.889331 -3.6474e-17
-70.0582 0.905127 -3.71219e-17
-70.3307 0.917963 -3.76483e-17
-70.5452 0.927727 -3.80488e-17
-70.6993 0.934299 -3.83183e-17
-70.7904 0.937525 -3.84506e-17
-70.8153 0.937239 -3.84389e-17
-70.7712 0.933284 -3.82767e-17
-70.656 0.925539 -3.7959e-17
-70.4686 0.913941 -3.74834e-17
-70.2092 0.898473 -3.6849e-17
-69.8774 0.879116 -3.60551e-17
-69.4735 0.855914 -3.51035e-17
-69.0007 0.829017 -3.40004e-17
-68.4627 0.798632 -3.27542e-17
-67.8638 0.764984 -3.13742e-17
-67.2085 0.728318 -2.98704e-17
-66.502 0.688913 -2.82543e-17
-65.7513 0.64707 -2.65382e-17
-64.9614 0.603102 -2.4735e-17
-64.1371 0.557321 -2.28573e-17
-63.2847 0.510038 -2.09181e-17
-62.4098 0.461567 -1.89302e-17
-61.5183 0.412222 -1.69064e-17
-60.6156 0.362301 -1.4859e-17
-59.7071 0.312047 -1.27979e-17
-58.7966 0.2617 -1.07331e-17
-57.8878 0.21149 -8.67383e-18
-56.985 0.161621 -6.62854e-18
-56.0917 0.112249 -4.60365e-18
-55.2098 0.0634957 -2.60414e-18
-54.3407 0.0154905 -6.35308e-19
-53.4877 -0.0316514 1.29812e-18
-52.6521 -0.0778155 3.19144e-18
-51.8367 -0.122852 5.03853e-18
-51.0428 -0.166681 6.83605e-18
-50.2717 -0.209233 8.58126e-18
-49.5258 -0.250379 1.02688e-17
-48.8068 -0.290012 1.18942e-17
-48.1168 -0.328024 1.34532e-17
-47.4576 -0.364311 1.49414e-17
-46.8315 -0.398751 1.63539e-17
-46.2405 -0.431223 1.76857e-17
-45.6866 -0.461619 1.89323e-17
-45.172 -0.489822 2.0089e-17
-44.6993 -0.515681 2.11496e-17
-44.2717 -0.539033 2.21073e-17
-43.8916 -0.559736 2.29564e-17
-43.5611 -0.577679 2.36923e-17
-43.2815 -0.592794 2.43122e-17
-43.0536 -0.605043 2.48145e-17
-42.8777 -0.614411 2.51988e-17
-42.7537 -0.620913 2.54655e-17
-42.6807 -0.624599 2.56166e-17
-42.6574 -0.625544 2.56554e-17
-42.6823 -0.623843 2.55856e-17
-42.7532 -0.619629 2.54128e-17
-42.8666 -0.613091 2.51446e-17
-43.0186 -0.604456 2.47905e-17
-43.2051 -0.593956 2.43599e-17
-43.4219 -0.581829 2.38625e-17
-43.665 -0.568308 2.33079e-17
-43.9301 -0.553625 2.27058e-17
-44.2133 -0.53801 2.20653e-17
-44.5107 -0.521675 2.13954e-17
-44.8191 -0.504805 2.07035e-17
-45.1354 -0.487564 1.99964e-17
-45.457 -0.470106 1.92804e-17
-45.7815 -0.452552 1.85605e-17
-46.1078 -0.434969 1.78393e-17
-46.4352 -0.417389 1.71183e-17
-46.7631 -0.399832 1.63983e-17
-47.0916 -0.382297 1.56791e-17
-47.4211 -0.36475 1.49594e-17
-47.7524 -0.347137 1.42371e-17
-48.0864 -0.329397 1.35095e-17
-48.4241 -0.311464 1.2774e-17
-48.7666 -0.293264 1.20276e-17
-49.1151 -0.274723 1.12672e-17
-49.4706 -0.255769 1.04898e-17
-49.8341 -0.236335 9.69277e-18
-50.2063 -0.216371 8.87399e-18
-50.5875 -0.195841 8.03199e-18
-50.9783 -0.174701 7.16501e-18
-51.3788 -0.152942 6.2726e-18
-51.7873 -0.130629 5.35745e-18
-52.2023 -0.107843 4.42294e-18
-52.6225 -0.0846696 3.47255e-18
-53.0455 -0.061212 2.51048e-18
-53.4689 -0.0375801 1.54127e-18
-53.8914 -0.0138982 5.70004e-19
-54.3097 0.00969471 -3.97608e-19
-54.7207 0.0330661 -1.35614e-18
-55.1226 0.056098 -2.30074e-18
-55.5129 0.0786771 -3.22678e-18
-55.8897 0.10068 -4.12918e-18
-56.251 0.121974 -5.00249e-18
-56.5948 0.14246 -5.8427e-18
-56.9187 0.162037 -6.64559e-18
-57.221 0.180589 -7.40647e-18
-57.4989 0.197975 -8.11951e-18
-57.7493 0.213986 -8.7762e-18
-57.9676 0.228389 -9.36688e-18
-58.1502 0.240942 -9.88173e-18
-58.2927 0.25142 -1.03114e-17
-58.3905 0.259607 -1.06472e-17
-58.4408 0.265309 -1.08811e-17
-58.4407 0.268381 -1.10071e-17
-58.3871 0.268634 -1.10175e-17
-58.2772 0.265898 -1.09052e-17
-58.1096 0.260072 -1.06663e-17
-57.8815 0.251033 -1.02956e-17
-57.5914 0.238695 -9.78958e-18
-57.2382 0.222988 -9.14539e-18
-56.821 0.203859 -8.36086e-18
-56.3392 0.181275 -7.43461e-18
-55.7916 0.155162 -6.36363e-18
-55.1751 0.125357 -5.14125e-18
-54.4861 0.0916539 -3.75899e-18
-53.7209 0.0537657 -2.20509e-18
-52.8763 0.0115608 -4.74142e-19
-51.9495 -0.0350629 1.43803e-18
-50.9369 -0.0863257 3.54047e-18
-49.836 -0.142352 5.83828e-18
-48.6447 -0.203272 8.33675e-18
-47.3613 -0.269156 1.10389e-17
-45.9852 -0.340051 1.39465e-17
-44.5158 -0.415976 1.70604e-17
-42.9528 -0.496945 2.03811e-17
-41.2952 -0.583005 2.39107e-17
-39.5421 -0.674203 2.7651e-17
-37.693 -0.770561 3.16029e-17
-35.7479 -0.872072 3.57662e-17
-33.7073 -0.978699 4.01393e-17
-31.5722 -1.09038 4.47196e-17
-29.3441 -1.20703 4.95036e-17
-27.0255 -1.32849 5.44854e-17
-24.6206 -1.45455 5.96552e-17
-22.1346 -1.58489 6.50007e-17
-19.5732 -1.7192 7.05093e-17
-16.9435 -1.85709 7.61646e-17
-14.2559 -1.99798 8.1943e-17
-11.5224 -2.14122 8.78175e-17
-8.75477 -2.28614 9.3761e-17
-5.96559 -2.43206 9.97456e-17
-3.16839 -2.57823 1.05741e-16
-0.377139 -2.7239 1.11715e-16
2.39464 -2.86832 1.17638e-16
5.13316 -3.01074 1.23479e-16
7.82355 -3.15036 1.29205e-16
10.4508 -3.28636 1.34783e-16
13.0007 -3.41799 1.40182e-16
15.4613 -3.54458 1.45374e-16
17.8244 -3.66573 1.50342e-16
20.0843 -3.78111 1.55074e-16
22.2359 -3.8905 1.59561e-16
24.2765 -3.99376 1.63796e-16
26.2064 -4.09092 1.67781e-16
28.028 -4.18215 1.71522e-16
29.7442 -4.26764 1.75028e-16
31.3585 -4.3476 1.78308e-16
32.8745 -4.42227 1.8137e-16
34.2961 -4.49188 1.84225e-16
35.6275 -4.5567 1.86883e-16
36.8728 -4.61696 1.89355e-16
38.0351 -4.67288 1.91648e-16
39.1173 -4.72463 1.93771e-16
40.1224 -4.77239 1.9573e-16
41.052 -4.81628 1.9753e-16
41.9056 -4.85628 1.9917e-16
42.6814 -4.89231 2.00648e-16
43.3772 -4.92426 2.01958e-16
43.9904 -4.95199 2.03096e-16
44.5165 -4.97528 2.04051e-16
44.9502 -4.99383 2.04811e-16
45.2861 -5.00736 2.05366e-16
45.5196 -5.01561 2.05705e-16
45.6476 -5.01842 2.0582e-16
45.6677 -5.01565 2.05706e-16
45.5775 -5.00718 2.05359e-16
45.3756 -4.99293 2.04774e-16
45.0613 -4.97286 2.03951e-16
44.6347 -4.94698 2.0289e-16
44.0961 -4.9153 2.01591e-16
43.4466 -4.87789 2.00057e-16
42.6879 -4.83486 1.98291e-16
41.8227 -4.78633 1.96301e-16
40.8537 -4.73247 1.94092e-16
39.7838 -4.67343 1.91671e-16
38.6161 -4.6094 1.89045e-16
37.3539 -4.54056 1.86221e-16
36.0004 -4.46709 1.83208e-16
34.559 -4.38917 1.80013e-16
33.0326 -4.30697 1.76641e-16
31.4237 -4.22065 1.73101e-16
29.7353 -4.13034 1.69397e-16
27.9694 -4.03618 1.65536e-16
26.1279 -3.93827 1.6152e-16
24.2117 -3.83665 1.57352e-16
22.2219 -3.7314 1.53035e-16
20.1602 -3.62259 1.48573e-16
18.0296 -3.51039 1.43971e-16
15.8337 -3.39499 1.39238e-16
13.5759 -3.27657 1.34382e-16
11.2603 -3.15535 1.2941e-16
8.89219 -3.03161 1.24335e-16
6.47772 -2.90568 1.1917e-16
4.02261 -2.77784 1.13927e-16
1.5341 -2.6485 1.08623e-16
-0.977175 -2.5182 1.03279e-16
-3.49907 -2.3876 9.79223e-17
-6.01986 -2.25732 9.25791e-17
-8.527 -2.12802 8.72763e-17
-11.0058 -2.00049 8.20459e-17
-13.4407 -1.87555 7.69216e-17
-15.8168 -1.75398 7.19358e-17
-18.1188 -1.6366 6.71217e-17
-20.3295 -1.52431 6.25165e-17
-22.4313 -1.41805 5.81583e-17
-24.4075 -1.31869 5.40834e-17
-26.242 -1.22708 5.03262e-17
-27.9191 -1.14403 4.69201e-17
-29.4241 -1.07032 4.38969e-17
-30.7431 -1.00666 4.12859e-17
-31.8639 -0.953669 3.91127e-17
-32.7769 -0.911833 3.73969e-17
-33.4745 -0.881532 3.61542e-17
-33.9497 -0.863099 3.53982e-17
-34.1978 -0.856745 3.51376e-17
-34.2178 -0.862486 3.5373e-17
-34.0109 -0.880214 3.61001e-17
-33.5788 -0.909794 3.73133e-17
-32.9254 -0.950979 3.90024e-17
-32.0581 -1.00332 4.11492e-17
-30.9866 -1.06628 4.37311e-17
-29.7204 -1.13928 4.67252e-17
-28.2697 -1.22176 5.01077e-17
-26.6455 -1.31308 5.3853e-17
-24.8595 -1.4126 5.79349e-17
-22.9227 -1.51971 6.23278e-17
-20.8462 -1.6338 6.70068e-17
-18.6413 -1.75424 7.19466e-17
-16.319 -1.88046 7.71229e-17
-13.8898 -2.01187 8.25125e-17
-11.3633 -2.14798 8.80949e-17
-8.74714 -2.28839 9.38534e-17
-6.04806 -2.43275 9.97741e-17
-3.27225 -2.58076 1.05845e-16
-0.424862 -2.73217 1.12054e-16
2.49057 -2.88682 1.18397e-16
5.47148 -3.04461 1.24868e-16
8.51551 -3.20544 1.31464e-16
11.6194 -3.36918 1.3818e-16
14.7778 -3.53558 1.45005e-16
17.9843 -3.70433 1.51925e-16
21.2325 -3.87511 1.58929e-16
24.5137 -4.04749 1.65999e-16
27.8138 -4.22081 1.73108e-16
31.1161 -4.39428 1.80222e-16
34.4081 -4.56711 1.8731e-16
37.6741 -4.73841 1.94336e-16
40.8922 -4.90705 2.01252e-16
44.038 -5.07179 2.08009e-16
47.0898 -5.23142 2.14556e-16
50.0234 -5.38469 2.20842e-16
52.8156 -5.53032 2.26814e-16
55.4433 -5.66697 2.32419e-16
57.8819 -5.79338 2.37603e-16
60.1101 -5.90836 2.42319e-16
62.107 -6.01083 2.46522e-16
63.8541 -6.09979 2.5017e-16
65.3339 -6.17432 2.53227e-16
66.5312 -6.23362 2.55659e-16
67.4341 -6.27707 2.57441e-16
68.0328 -6.30417 2.58552e-16
68.3191 -6.31451 2.58976e-16
68.2877 -6.30785 2.58703e-16
67.9382 -6.28421 2.57734e-16
67.2731 -6.24377 2.56075e-16
66.2959 -6.18678 2.53738e-16
65.0129 -6.11363 2.50737e-16
63.4338 -6.02489 2.47098e-16
61.5708 -5.92129 2.42849e-16
59.4366 -5.80356 2.38021e-16
57.0449 -5.67251 2.32646e-16
54.4115 -5.52903 2.26761e-16
51.5528 -5.37407 2.20406e-16
48.485 -5.20854 2.13617e-16
45.2237 -5.03334 2.06432e-16
41.7833 -4.84927 1.98883e-16
38.1771 -4.65708 1.91e-16
34.4178 -4.45747 1.82814e-16
30.5168 -4.25107 1.74349e-16
26.4843 -4.03843 1.65628e-16
22.3292 -3.82002 1.5667e-16
18.0593 -3.59627 1.47493e-16
13.6814 -3.3675 1.38111e-16
9.19801 -3.13396 1.28533e-16
4.6144 -2.89581 1.18766e-16
-0.0650995 -2.65317 1.08814e-16
-4.83892 -2.40611 9.86817e-17
-9.70843 -2.15474 8.8372e-17
-14.6686 -1.8991 7.78875e-17
-19.7147 -1.63925 6.72304e-17
-24.8464 -1.37525 5.64029e-17
-30.0607 -1.10721 4.541e-17
-35.353 -0.835306 3.42583e-17
-40.7175 -0.559682 2.29542e-17
-46.1511 -0.280514 1.15047e-17
-51.6482 0.00200884 -8.23885e-20
-57.2042 0.287669 -1.17981e-17
-62.8109 0.575638 -2.36086e-17
-68.4629 0.865903 -3.55132e-17
-74.1688 1.15927 -4.75451e-17
-79.9133 1.45485 -5.96676e-17
-85.6802 1.75191 -7.18508e-17
-91.4669 2.05026 -8.40871e-17
-97.2619 2.34938 -9.63548e-17
-103.059 2.64892 -1.0864e-16
-108.848 2.94838 -1.20922e-16
-114.62 3.24723 -1.33178e-16
-120.361 3.54482 -1.45383e-16
-126.059 3.8404 -1.57506e-16
-131.699 4.13322 -1.69515e-16
-137.266 4.42247 -1.81378e-16
-142.745 4.70732 -1.93061e-16
-148.121 4.98691 -2.04527e-16
-153.378 5.26038 -2.15743e-16
-158.502 5.52689 -2.26674e-16
-163.477 5.78562 -2.37285e-16
-168.289 6.03577 -2.47544e-16
-172.924 6.27659 -2.57421e-16
-177.37 6.50736 -2.66886e-16
-181.614 6.72747 -2.75913e-16
-185.649 6.93636 -2.8448e-16
-189.465 7.13351 -2.92566e-16
-193.056 7.31854 -3.00155e-16
-196.415 7.49121 -3.07236e-16
-199.542 7.65136 -3.13804e-16
-202.433 7.79892 -3.19856e-16
-205.091 7.93387 -3.25391e-16
-207.515 8.05628 -3.30411e-16
-209.708 8.1663 -3.34924e-16
-211.675 8.26412 -3.38935e-16
-213.42 8.34996 -3.42456e-16
-214.947 8.4241 -3.45497e-16
-216.262 8.48683 -3.48069e-16
-217.372 8.53848 -3.50188e-16
-218.284 8.57943 -3.51867e-16
-219.005 8.61011 -3.53125e-16
-219.544 8.63098 -3.53981e-16
-219.912 8.64253 -3.54455e-16
-220.116 8.64527 -3.54568e-16
-220.171 8.63966 -3.54337e-16
-220.082 8.62615 -3.53783e-16
-219.858 8.60521 -3.52925e-16
-219.513 8.57733 -3.51781e-16
-219.05 8.54294 -3.50371e-16
-218.479 8.50249 -3.48712e-16
-217.808 8.45645 -3.46824e-16
-217.046 8.40532 -3.44726e-16
-216.203 8.34966 -3.42444e-16
-215.291 8.29008 -3.4e-16
-214.322 8.2272 -3.37421e-16
-213.307 8.1616 -3.34731e-16
-212.254 8.09374 -3.31947e-16
-211.171 8.024 -3.29087e-16
-210.067 7.95282 -3.26168e-16
-208.948 7.88058 -3.23205e-16
-207.821 7.80757 -3.20211e-16
-206.689 7.73406 -3.17196e-16
-205.559 7.66032 -3.14172e-16
-204.435 7.58662 -3.11149e-16
-203.319 7.51308 -3.08133e-16
-202.214 7.43982 -3.05128e-16
-201.121 7.36696 -3.0214e-16
-200.043 7.29468 -2.99176e-16
-198.984 7.22315 -2.96242e-16
-197.946 7.15258 -2.93348e-16
-196.933 7.0832 -2.90503e-16
-195.949 7.01526 -2.87716e-16
-194.996 6.94891 -2.84995e-16
-194.077 6.88432 -2.82346e-16
-193.193 6.82167 -2.79776e-16
-192.347 6.76112 -2.77293e-16
-191.542 6.70287 -2.74904e-16
-190.78 6.64712 -2.72618e-16
-190.064 6.59406 -2.70442e-16
-189.397 6.54392 -2.68385e-16
-188.784 6.49707 -2.66464e-16
-188.232 6.45392 -2.64694e-16
-187.748 6.41485 -2.63091e-16
-187.337 6.38027 -2.61673e-16
-187.01 6.35077 -2.60464e-16
-186.777 6.32698 -2.59488e-16
-186.648 6.30946 -2.58769e-16
-186.631 6.29874 -2.5833e-16
-186.738 6.29544 -2.58194e-16
-186.979 6.30017 -2.58388e-16
-187.364 6.31342 -2.58932e-16
-187.898 6.33561 -2.59842e-16
-188.59 6.36715 -2.61135e-16
-189.446 6.40836 -2.62825e-16
-190.47 6.45947 -2.64922e-16
-191.664 6.5206 -2.67429e-16
-193.03 6.59184 -2.70351e-16
-194.57 6.67321 -2.73688e-16
-196.282 6.76461 -2.77436e-16
-198.163 6.86582 -2.81587e-16
-200.207 6.9765 -2.86127e-16
-202.407 7.09623 -2.91037e-16
-204.755 7.22448 -2.96297e-16
-207.242 7.36073 -3.01885e-16
-209.86 7.50452 -3.07782e-16
-212.604 7.65543 -3.13971e-16
-215.464 7.81298 -3.20433e-16
-218.433 7.97667 -3.27146e-16
-221.503 8.14602 -3.34092e-16
-224.665 8.32052 -3.41249e-16
-227.91 8.49967 -3.48596e-16
-231.231 8.68293 -3.56112e-16
-234.618 8.86982 -3.63777e-16
-238.063 9.05982 -3.7157e-16
-241.557 9.25246 -3.7947e-16
-245.092 9.4472 -3.87457e-16
-248.656 9.64347 -3.95506e-16
-252.239 9.84063 -4.03593e-16
-255.83 10.0381 -4.11692e-16
-259.419 10.2353 -4.19781e-16
-262.996 10.4318 -4.27838e-16
-266.551 10.6269 -4.35841e-16
-270.077 10.8203 -4.43773e-16
-273.564 11.0115 -4.51614e-16
-277.007 11.2002 -4.59352e-16
-280.4 11.386 -4.66974e-16
-283.737 11.5688 -4.74469e-16
-287.014 11.7482 -4.81827e-16
-290.225 11.9239 -4.89035e-16
-293.364 12.0958 -4.96082e-16
-296.79 12.2653 -7.67692e-16
-300.131 12.4323 -7.74982e-16
-303.373 12.5944 -7.82056e-16
-306.509 12.7513 -7.88901e-16
-309.532 12.9026 -7.95503e-16
-312.435 13.048 -8.01846e-16
-315.209 13.1871 -8.07914e-16
-317.847 13.3195 -8.13687e-16
-320.308 13.429 -1.28684e-15
-323.556 13.553 -9.97666e-16
-326.379 13.6638 -6.53462e-16
-328.97 13.7674 -8.83916e-16
-331.323 13.8618 -1.09165e-15
-333.423 13.9463 -1.26201e-15
-335.256 14.0204 -1.23727e-15
-336.805 14.0833 -6.77785e-16
-338.056 14.1372 -6.80931e-16
-338.993 14.1782 -6.84101e-16
-339.602 14.2057 -6.85894e-16
-339.871 14.2193 -6.869e-16
-339.811 14.2126 -1.25321e-15
-339.506 14.1988 -1.25264e-15
-338.949 14.1715 -1.25152e-15
-338.136 14.1304 -1.24983e-15
-337.066 14.0754 -1.24758e-15
-335.737 14.0067 -1.24476e-15
-334.152 13.9242 -1.24138e-15
-332.314 13.8282 -1.23744e-15
-330.227 13.7191 -1.23297e-15
-327.897 13.5971 -1.22796e-15
-325.331 13.4626 -1.22245e-15
-322.536 13.3161 -1.21644e-15
-319.52 13.158 -1.20995e-15
-316.292 12.9889 -1.20302e-15
-312.864 12.8094 -1.19566e-15
-309.249 12.6203 -1.1879e-15
-305.46 12.4223 -1.17978e-15
-301.509 12.2161 -1.17132e-15
-297.408 12.0024 -1.16256e-15
-293.17 11.7818 -1.15351e-15
-288.804 11.555 -1.14421e-15
-284.323 11.3225 -1.13467e-15
-279.732 11.0847 -1.12492e-15
-275.042 10.8421 -1.11497e-15
-270.257 10.5949 -1.10483e-15
-265.382 10.3434 -1.09452e-15
-260.423 10.0878 -1.08404e-15
-255.381 9.8283 -1.07339e-15
-250.259 9.56491 -1.06259e-15
-245.06 9.29772 -1.05163e-15
-239.785 9.02678 -1.04052e-15
-234.435 8.75212 -1.02926e-15
-229.012 8.47376 -1.01784e-15
-223.519 8.19175 -1.00627e-15
-217.958 7.90623 -9.94564e-16
-212.334 7.61742 -9.82719e-16
-206.653 7.32553 -9.70747e-16
-200.92 7.03077 -9.58658e-16
-195.14 6.73336 -9.46461e-16
-189.317 6.43354 -9.34164e-16
-183.458 6.13156 -9.21779e-16
-177.57 5.82776 -9.09319e-16
-171.66 5.52256 -8.96802e-16
-165.74 5.21646 -8.84248e-16
-159.82 4.91002 -8.7168e-16
-153.91 4.60378 -8.5912e-16
-148.02 4.29827 -8.4659e-16
-142.161 3.99401 -8.34112e-16
-136.343 3.69159 -8.21709e-16
-130.579 3.39163 -8.09407e-16
-124.881 3.09487 -7.97236e-16
-119.264 2.80208 -7.85228e-16
-113.743 2.51408 -7.73416e-16
-108.331 2.23166 -7.61833e-16
-103.043 1.9555 -7.50507e-16
-97.8886 1.68626 -7.39464e-16
-92.8802 1.42459 -7.28733e-16
-88.0297 1.17116 -7.18339e-16
-83.35 0.926699 -7.08313e-16
-78.8538 0.691919 -6.98684e-16
-74.5536 0.467525 -6.89481e-16
-70.4603 0.254136 -6.80729e-16
-66.5827 0.0522488 -6.72449e-16
-62.9277 -0.137731 -6.64657e-16
-59.5015 -0.31545 -6.57369e-16
-56.3087 -0.480634 -6.50594e-16
-53.3522 -0.633111 -6.4434e-16
-50.6331 -0.772797 -6.38611e-16
-48.1517 -0.899668 -6.33408e-16
-45.9066 -1.01378 -6.28728e-16
-43.8947 -1.1153 -6.24565e-16
-42.1157 -1.20425 -6.20916e-16
-40.5612 -1.28105 -6.17767e-16
-39.2215 -1.34622 -6.15094e-16
-38.0911 -1.40008 -6.12885e-16
-37.1609 -1.44309 -6.11121e-16
-36.4223 -1.47573 -6.09782e-16
-35.865 -1.49865 -6.08842e-16
-35.4797 -1.5123 -6.08282e-16
-35.2569 -1.5171 -6.08085e-16
-35.1858 -1.5137 -6.08225e-16
-35.2551 -1.50267 -6.08677e-16
-35.4528 -1.48469 -6.09415e-16
-35.7662 -1.46042 -6.1041e-16
-36.1823 -1.43058 -6.11634e-16
-36.6875 -1.39589 -6.13057e-16
-37.2676 -1.35712 -6.14647e-16
-37.9078 -1.31507 -6.16371e-16
-38.5934 -1.27054 -6.18198e-16
-39.3091 -1.22433 -6.20093e-16
-40.0391 -1.17729 -6.22022e-16
-40.7674 -1.13028 -6.2395e-16
-41.4809 -1.08419 -6.2584e-16
-42.168 -1.03982 -6.2766e-16
-42.8072 -0.998009 -6.29375e-16
-43.3825 -0.95957 -6.30951e-16
-43.8869 -0.925297 -6.32357e-16
-44.298 -0.896021 -6.33558e-16
-44.5984 -0.872513 -6.34522e-16
-44.7756 -0.855537 -6.35218e-16
-44.8143 -0.845818 -6.35617e-16
-44.7029 -0.844026 -6.3569e-16
-44.4303 -0.850703 -6.35416e-16
-43.9878 -0.866326 -6.34776e-16
-43.3664 -0.891342 -6.3375e-16
-42.5579 -0.926181 -6.32321e-16
-41.5544 -0.971258 -6.30472e-16
-40.3481 -1.02697 -6.28187e-16
-38.932 -1.09369 -6.25451e-16
-37.3004 -1.1717 -6.22251e-16
-35.4507 -1.26115 -6.18583e-16
-33.3815 -1.36209 -6.14443e-16
-31.0922 -1.47454 -6.09831e-16
-28.5822 -1.59853 -6.04746e-16
-25.8507 -1.7341 -5.99186e-16
-22.8973 -1.88128 -5.9315e-16
-19.7215 -2.04007 -5.86637e-16
-16.3245 -2.21043 -5.7965e-16
-12.7087 -2.39223 -5.72194e-16
-8.87809 -2.58526 -5.64277e-16
-4.83677 -2.7893 -5.55909e-16
-0.588971 -3.00413 -5.47098e-16
3.86156 -3.22956 -5.37852e-16
8.51108 -3.4654 -5.2818e-16
13.3554 -3.71144 -5.18089e-16
18.389 -3.9674 -5.07592e-16
23.6041 -4.23285 -4.96705e-16
28.9912 -4.50732 -4.85448e-16
34.5409 -4.79029 -4.73842e-16
40.2433 -5.08126 -4.61909e-16
46.0886 -5.3797 -4.49669e-16
52.0672 -5.6851 -4.37144e-16
58.1688 -5.99692 -4.24355e-16
64.3827 -6.31462 -4.11325e-16
70.6974 -6.63756 -3.98081e-16
77.1005 -6.9651 -3.84647e-16
83.5799 -7.29659 -3.71052e-16
90.1224 -7.63134 -3.57323e-16
96.7142 -7.96862 -3.4349e-16
103.341 -8.30765 -3.29585e-16
109.988 -8.64767 -3.1564e-16
116.641 -8.9879 -3.01686e-16
123.284 -9.32756 -2.87756e-16
129.904 -9.66584 -2.73882e-16
136.484 -10.002 -2.60097e-16
143.012 -10.3352 -2.4643e-16
149.472 -10.6648 -2.32912e-16
155.853 -10.9901 -2.1957e-16
162.143 -11.3105 -2.06429e-16
168.329 -11.6254 -1.93514e-16
174.402 -11.9343 -1.80846e-16
180.39 -12.2375 6.25457e-16
186.379 -12.5404 6.37885e-16
192.223 -12.836 6.50017e-16
197.91 -13.1117 1.15131e-15
203.411 -13.3899 1.16281e-15
209.145 -13.6696 4.82296e-16
214.651 -13.9363 8.33365e-16
219.98 -14.1975 8.5712e-16
225.121 -14.4493 7.79958e-16
229.969 -14.6873 7.648e-16
234.627 -14.9168 1.06754e-15
239.105 -15.137 1.05219e-15
243.459 -15.353 1.2742e-15
247.25 -15.5155 -2.46385e-13
250.867 -15.6403 1.28694e-13
254.416 -15.7659 3.15212e-16
257.791 -15.8849 5.66523e-16
261.01 -15.9985 3.01337e-16
263.99 -16.1031 -1.70692e-13
266.805 -16.2031 1.62484e-15
269.469 -16.298 1.11109e-15
271.971 -16.3872 1.2451e-15
274.3 -16.4704 1.14227e-15
276.423 -16.546 6.09891e-16
278.341 -16.6146 9.34951e-16
280.069 -16.6762 9.58456e-16
281.599 -16.7305 8.93623e-16
282.925 -16.7773 7.13775e-14
284.04 -16.8162 1.59431e-15
284.939 -16.8469 7.52961e-16
285.617 -16.8692 1.03865e-15
286.069 -16.8828 7.17944e-16
286.292 -16.8888 7.17786e-16
286.28 -16.8844 7.17629e-16
286.079 -16.8699 9.69394e-16
285.664 -16.8467 9.68441e-16
285.015 -16.8111 9.66984e-16
284.129 -16.7631 9.65015e-16
283.008 -16.7028 9.62542e-16
281.657 -16.6304 9.59569e-16
280.081 -16.5461 9.56113e-16
278.288 -16.4503 9.52185e-16
276.284 -16.3435 9.47804e-16
274.081 -16.2261 9.42992e-16
271.69 -16.0989 9.37773e-16
269.124 -15.9624 9.32176e-16
266.394 -15.8174 9.26227e-16
263.515 -15.6645 9.19956e-16
260.5 -15.5045 9.13393e-16
257.362 -15.338 9.06568e-16
254.116 -15.166 8.99512e-16
250.774 -14.989 8.92252e-16
247.349 -14.8077 8.84816e-16
243.853 -14.6227 8.7723e-16
240.297 -14.4348 8.69521e-16
236.692 -14.2443 8.61711e-16
233.046 -14.0518 8.53817e-16
229.369 -13.8578 8.45861e-16
225.669 -13.6628 8.37861e-16
221.955 -13.4672 8.29838e-16
218.238 -13.2715 8.21814e-16
214.528 -13.0764 8.1381e-16
210.833 -12.8822 8.05848e-16
207.164 -12.6896 7.97947e-16
203.53 -12.499 7.90131e-16
199.941 -12.311 7.82421e-16
196.406 -12.1261 7.74836e-16
192.936 -11.9448 7.67401e-16
189.54 -11.7677 7.60138e-16
186.229 -11.5953 7.53067e-16
183.011 -11.4281 7.46211e-16
179.897 -11.2667 7.39591e-16
176.897 -11.1117 7.33232e-16
174.02 -10.9634 7.27152e-16
171.274 -10.8225 7.21373e-16
168.669 -10.6894 7.15912e-16
166.211 -10.5644 7.10787e-16
163.907 -10.448 7.06011e-16
161.763 -10.3404 7.01599e-16
159.784 -10.242 6.97563e-16
157.976 -10.153 6.93913e-16
156.341 -10.0736 6.90656e-16
154.882 -10.0039 6.87799e-16
153.6 -9.94405 6.85345e-16
152.497 -9.89403 6.83293e-16
151.57 -9.8538 6.81643e-16
150.818 -9.82318 6.80388e-16
150.234 -9.80183 6.79512e-16
149.809 -9.78925 6.78996e-16
149.534 -9.78492 6.78818e-16
149.398 -9.78824 6.78955e-16
149.39 -9.79858 6.79379e-16
149.497 -9.81522 6.80061e-16
149.706 -9.83744 6.80972e-16
150.003 -9.86448 6.82081e-16
150.374 -9.89552 6.83354e-16
150.804 -9.92972 6.84757e-16
151.278 -9.96624 6.86255e-16
151.779 -10.0042 6.87813e-16
152.294 -10.0429 6.89398e-16
152.806 -10.0813 6.90974e-16
153.302 -10.1187 6.92507e-16
153.766 -10.1543 6.93967e-16
154.184 -10.1873 6.95319e-16
154.542 -10.2169 6.96535e-16
154.828 -10.2425 6.97584e-16
155.029 -10.2634 6.98441e-16
155.136 -10.279 6.99082e-16
155.137 -10.2889 6.99486e-16
155.025 -10.2925 6.99634e-16
154.793 -10.2895 6.99512e-16
154.434 -10.2796 6.99106e-16
153.945 -10.2626 6.98409e-16
153.323 -10.2384 6.97416e-16
152.564 -10.2068 6.96119e-16
151.666 -10.1676 6.94512e-16
150.623 -10.1207 6.9259e-16
149.435 -10.066 6.90347e-16
148.099 -10.0034 6.8778e-16
146.615 -9.93299 6.84891e-16
144.985 -9.85475 6.81682e-16
143.208 -9.76881 6.78158e-16
141.287 -9.67525 6.7432e-16
139.221 -9.57405 6.7017e-16
137.006 -9.46518 6.65705e-16
134.643 -9.34858 6.60923e-16
132.131 -9.22417 6.5582e-16
129.462 -9.09164 6.50385e-16
126.631 -8.95064 6.44602e-16
123.629 -8.8008 6.38457e-16
120.453 -8.64175 6.31934e-16
117.088 -8.47301 6.25013e-16
113.528 -8.29405 6.17674e-16
109.766 -8.10443 6.09897e-16
105.792 -7.90367 6.01663e-16
101.599 -7.69134 5.92955e-16
97.1798 -7.46705 5.83756e-16
92.5254 -7.23044 5.74052e-16
87.6323 -6.98123 5.63831e-16
82.4986 -6.71925 5.53086e-16
77.122 -6.44442 5.41815e-16
71.5025 -6.15672 5.30016e-16
65.6402 -5.85619 5.1769e-16
59.5378 -5.54295 5.04843e-16
53.199 -5.21722 4.91484e-16
46.6282 -4.87924 4.77622e-16
39.8308 -4.52933 4.63271e-16
32.8139 -4.16786 4.48446e-16
25.5856 -3.79528 4.33166e-16
18.1543 -3.41206 4.17449e-16
10.5286 -3.01868 4.01315e-16
2.71738 -2.61561 3.84784e-16
-5.27079 -2.20333 3.67875e-16
-13.4269 -1.78232 3.50609e-16
-21.7458 -1.35303 3.33002e-16
-30.2161 -0.915968 3.15077e-16
-38.8274 -0.471598 2.96852e-16
-47.5746 -0.0203899 2.78347e-16
-56.4467 0.436409 2.59612e-16
-65.4481 0.899424 2.40623e-16
-74.5606 1.36835 2.2139e-16
-83.7624 1.84168 2.01978e-16
-93.0475 2.31927 1.82391e-16
-102.396 2.8 1.62674e-16
-111.792 3.28302 1.42864e-16
-121.217 3.76736 1.23e-16
-130.651 4.252 1.03124e-16
-140.074 4.73579 8.32819e-17
-149.462 5.2175 6.35259e-17
-158.793 5.69595 4.39033e-17
-168.043 6.16992 2.44645e-17
-177.189 6.63816 5.26024e-18
-186.207 7.0994 -1.36564e-17
-195.073 7.55242 -3.22359e-17
-203.766 7.99601 -5.04288e-17
-212.261 8.42899 -6.81868e-17
-220.538 8.85021 -8.5462e-17
-228.576 9.25856 -1.0221e-16
-236.353 9.65298 -1.18386e-16
-243.849 10.0324 -1.33948e-16
-251.046 10.3958 -1.48853e-16
-257.924 10.7423 -1.63063e-16
-264.467 11.0709 -1.7654e-16
-270.657 11.3808 -1.89251e-16
-276.479 11.6713 -2.01162e-16
-281.92 11.9415 -2.12245e-16
-286.968 12.1909 -2.22475e-16
-291.613 12.4191 -2.31834e-16
-295.848 12.6257 -2.40307e-16
-299.68 12.8106 -1.1869e-15
-302.947 12.9552 -1.19287e-15
-305.829 13.05 -8.84732e-16
-308.212 13.1266 -8.88284e-16
-310.195 13.1869 -8.91091e-16
-311.762 13.229 -8.93083e-16
-312.939 13.2545 -8.94328e-16
-313.743 13.2642 -8.94863e-16
-314.197 13.2593 -8.94737e-16
-314.323 13.2409 -8.94001e-16
-314.174 13.2003 -9.40493e-16
-313.79 13.1597 -9.38827e-16
-313.194 13.11 -9.3679e-16
-312.411 13.0525 -9.34433e-16
-311.466 12.9885 -9.31807e-16
-310.383 12.9191 -9.28962e-16
-309.185 12.8456 -9.25948e-16
-307.889 12.7686 -9.22787e-16
-306.498 12.6874 -9.19459e-16
-305.03 12.6029 -9.15994e-16
-303.506 12.5164 -9.12444e-16
-301.943 12.4285 -9.08839e-16
-300.357 12.3402 -9.05216e-16
-298.762 12.252 -9.01603e-16
-297.172 12.1649 -8.98028e-16
-295.598 12.0792 -8.94513e-16
-294.053 11.9955 -8.91082e-16
-292.544 11.9143 -8.87753e-16
-291.083 11.8361 -8.84544e-16
-289.677 11.7612 -8.8147e-16
-288.335 11.6899 -8.78546e-16
-287.062 11.6225 -8.75784e-16
-285.865 11.5594 -8.73195e-16
-284.752 11.5008 -8.70792e-16
-283.73 11.4471 -8.68588e-16
-282.807 11.3986 -8.66599e-16
-281.99 11.3557 -8.64841e-16
-281.287 11.3188 -8.63327e-16
-280.707 11.2882 -8.62074e-16
-280.257 11.2644 -8.61097e-16
-279.945 11.2477 -8.60411e-16
-279.779 11.2384 -8.60031e-16
-279.763 11.2369 -8.59968e-16
-279.902 11.2433 -8.6023e-16
-280.2 11.2578 -8.60825e-16
-280.661 11.2806 -8.6176e-16
-281.282 11.3115 -8.63028e-16
-282.06 11.3503 -8.64621e-16
-282.99 11.3968 -8.66529e-16
-284.067 11.4508 -8.6874e-16
-285.284 11.5116 -8.71234e-16
-286.629 11.5788 -8.7399e-16
-288.093 11.6518 -8.76985e-16
-289.664 11.73 -8.80194e-16
-291.328 11.8127 -8.83584e-16
-293.068 11.8989 -8.8712e-16
-294.869 11.9878 -8.90765e-16
-296.715 12.0786 -8.9449e-16
-298.398 12.1525 -8.97518e-16
-299.957 12.2134 -9.00017e-16
-301.556 12.2771 -9.02632e-16
-303.135 12.3387 -9.05156e-16
-304.707 12.3993 -9.07644e-16
-306.263 12.4587 -9.10077e-16
-307.805 12.517 -9.12471e-16
-309.33 12.5743 -9.14821e-16
-310.841 12.6307 -9.17132e-16
-312.342 12.6866 -9.19425e-16
-313.864 12.7444 -9.21797e-16
-315.532 12.8048 -1.09564e-15
-317.317 12.8682 -1.09871e-15
-319.12 12.933 -1.10183e-15
-320.942 12.9991 -1.10502e-15
-322.791 13.0672 -1.10829e-15
-324.587 13.1304 -1.11135e-15
-326.299 13.1864 -1.11408e-15
-328.034 13.2436 -1.11688e-15
-329.844 13.3063 -1.11991e-15
-331.724 13.3744 -1.12318e-15
-333.663 13.447 -1.12665e-15
-335.641 13.5003 -1.4357e-15
-337.652 13.5784 -1.17097e-15
-339.717 13.6633 -1.17506e-15
-341.824 13.7524 -1.17933e-15
-344.187 13.8404 -1.90885e-15
-347.002 13.9382 -1.72048e-15
-349.834 14.0399 -1.20405e-15
-352.685 14.1447 -1.79208e-15
-355.541 14.2521 -1.21653e-15
-358.387 14.3618 -1.41653e-15
-361.212 14.4732 -1.11135e-15
-363.993 14.5856 5.35987e-15
-366.688 14.697 -1.57543e-15
-369.26 14.805 -1.58098e-15
-371.899 14.9132 -1.68217e-15
-371.727 14.8941 -5.54747e-16
-371.724 14.8808 -1.07162e-15
-371.718 14.8735 -1.32738e-15
-371.711 14.8691 -1.73147e-15
-371.704 14.8678 -1.32263e-15
-371.696 14.8699 -7.9194e-16
-371.689 14.8764 -1.24996e-15
-371.684 14.8862 -8.79329e-16
-371.68 14.8996 -1.07871e-15
-371.662 14.9162 -1.01219e-15
-371.389 14.9193 -1.01231e-15
-370.85 14.9082 -1.01186e-15
-370.028 14.8819 -1.01078e-15
-368.907 14.8395 -1.00904e-15
-367.474 14.7802 -1.00661e-15
-365.715 14.7031 -1.00345e-15
-363.618 14.6077 -9.99535e-16
-361.174 14.4933 -9.94841e-16
-358.375 14.3594 -9.89351e-16
-355.216 14.2058 -9.83051e-16
-351.696 14.0323 -9.75936e-16
-347.814 13.8389 -9.68005e-16
-343.575 13.6258 -9.59265e-16
-338.985 13.3934 -9.49734e-16
-334.056 13.1424 -9.39436e-16
-328.802 12.8733 -9.28403e-16
-323.239 12.5872 -9.16668e-16
-317.383 12.285 -9.04273e-16
-311.256 11.9677 -8.91261e-16
-304.877 11.6366 -8.77683e-16
-298.271 11.293 -8.63588e-16
-291.458 10.938 -8.49028e-16
-284.462 10.5729 -8.34057e-16
-277.308 10.1992 -8.18728e-16
-270.019 9.81807 -8.03098e-16
-262.619 9.43087 -7.87218e-16
-255.129 9.03884 -7.71139e-16
-247.573 8.64323 -7.54914e-16
-239.972 8.24529 -7.38594e-16
-232.348 7.84617 -7.22224e-16
-224.719 7.44698 -7.05853e-16
-217.107 7.04882 -6.89523e-16
-209.529 6.6527 -6.73277e-16
-202.002 6.25957 -6.57153e-16
-194.542 5.87026 -6.41187e-16
-187.163 5.48559 -6.2541e-16
-179.877 5.10627 -6.09853e-16
-172.697 4.73292 -5.94541e-16
-165.631 4.36601 -5.79493e-16
-158.687 4.00601 -5.64728e-16
-151.872 3.65329 -5.50262e-16
-145.192 3.30814 -5.36107e-16
-138.651 2.97082 -5.22272e-16
-132.253 2.64148 -5.08765e-16
-125.998 2.32022 -4.95589e-16
-119.887 2.00702 -4.82744e-16
-113.918 1.70175 -4.70224e-16
-108.087 1.40426 -4.58023e-16
-102.392 1.11433 -4.46132e-16
-96.8282 0.831742 -4.34543e-16
-91.3905 0.556214 -4.23242e-16
-86.0736 0.287436 -4.12219e-16
-80.8709 0.0250457 -4.01458e-16
-75.775 -0.231376 -3.90941e-16
-70.7776 -0.482293 -3.8065e-16
-65.8696 -0.728198 -3.70565e-16
-61.042 -0.969606 -3.60664e-16
-56.2855 -1.20703 -3.50927e-16
-51.5906 -1.44098 -3.41332e-16
-46.9478 -1.67201 -3.31856e-16
-42.347 -1.90066 -3.22479e-16
-37.7906 -2.1269 -3.132e-16
-33.262 -2.35167 -3.03982e-16
-28.7413 -2.57633 -2.94768e-16
-24.2247 -2.80083 -2.8556e-16
-19.7018 -3.02556 -2.76343e-16
-15.1638 -3.25114 -2.67092e-16
-10.6013 -3.47799 -2.57788e-16
-6.00655 -3.70662 -2.48411e-16
-1.37756 -3.93735 -2.38948e-16
3.29169 -4.17037 -2.29391e-16
8.0073 -4.40586 -2.19733e-16
12.7658 -4.64397 -2.09968e-16
17.5736 -4.88483 -2.00089e-16
22.4337 -5.12853 -1.90094e-16
27.3452 -5.37509 -1.79982e-16
32.3089 -5.62452 -1.69753e-16
37.3212 -5.87664 -1.59412e-16
42.3756 -6.13127 -1.48969e-16
47.4696 -6.38818 -1.38433e-16
52.6006 -6.64709 -1.27814e-16
57.7613 -6.9077 -1.17126e-16
62.9412 -7.16966 -1.06382e-16
68.1368 -7.43262 -9.55973e-17
73.3452 -7.69622 -8.4786e-17
78.5581 -7.96015 -7.39618e-17
83.7694 -8.22407 -6.31375e-17
88.9739 -8.48767 -5.23265e-17
94.168 -8.75065 -4.15408e-17
99.3467 -9.0128 -3.07893e-17
104.508 -9.27393 -2.00797e-17
109.648 -9.53387 -9.41903e-18
114.764 -9.7924 1.18432e-18
119.851 -10.0493 1.17204e-17
124.906 -10.3043 2.21785e-17
129.924 -10.5571 3.25484e-17
134.9 -10.8076 4.28203e-17
139.832 -11.0554 5.29843e-17
144.715 -11.3004 6.30312e-17
149.545 -11.5423 7.29528e-17
154.32 -11.781 8.27407e-17
159.035 -12.0161 9.23843e-17
163.685 -12.2474 1.01873e-16
168.267 -12.4748 1.11197e-16
172.777 -12.6979 1.20348e-16
177.212 -12.9167 1.29319e-16
181.569 -13.1309 1.38104e-16
185.847 -13.3404 1.46697e-16
190.043 -13.5452 1.55097e-16
194.159 -13.7453 1.63305e-16
198.196 -13.9408 1.71324e-16
201.782 -14.0968 1.7772e-16
204.907 -14.2123 1.82456e-16
207.953 -14.323 1.86997e-16
210.934 -14.4301 1.91389e-16
213.85 -14.5333 1.95623e-16
216.874 -14.6343 6.43691e-16
220.121 -14.7377 6.48228e-16
223.327 -14.839 6.52675e-16
226.5 -14.9386 6.5705e-16
229.654 -15.0372 6.61384e-16
232.804 -15.1357 6.6571e-16
235.966 -15.2348 6.70063e-16
239.155 -15.3353 6.74476e-16
242.42 -15.4407 6.79098e-16
245.803 -15.5539 6.84054e-16
249.3 -15.6744 6.89317e-16
252.944 -15.8045 6.94988e-16
256.7 -15.9415 7.0095e-16
260.52 -16.0815 7.07044e-16
264.423 -16.2261 7.13334e-16
268.269 -16.3634 7.19318e-16
272.016 -16.4901 7.24862e-16
275.81 -16.6185 7.30478e-16
279.628 -16.6788 1.05358e-15
284.575 -16.8227 8.29492e-16
289.922 -16.96 -4.07762e-12
295.287 -17.1047 1.01888e-12
301.345 -17.2844 -8.40193e-13
307.495 -17.475 1.34604e-12
313.709 -17.6662 2.61227e-13
319.916 -17.8578 1.99878e-13
326.103 -18.0503 9.74448e-12
332.259 -18.2432 3.24096e-12
338.428 -18.4359 -5.92957e-12
344.573 -18.6779 -7.54032e-10
350.581 -18.8151 1.56447e-12
356.525 -18.9999 -3.61317e-12
362.575 -19.1988 -1.73162e-12
368.735 -19.4922 -4.29644e-11
374.636 -19.6311 -3.368e-12
380.37 -19.8346 -1.87887e-12
385.932 -20.0307 -6.09546e-13
391.298 -20.2184 1.25249e-12
396.454 -20.3971 -2.05428e-13
401.383 -20.5667 -2.19349e-12
406.074 -20.727 -8.60452e-13
410.388 -20.8851 1.30452e-12
410.618 -20.8956 -1.48363e-13
410.618 -20.8969 -1.92535e-12
410.618 -20.8968 -1.59426e-12
410.618 -20.899 -1.57795e-12
410.618 -20.901 1.81186e-12
410.618 -20.9017 -2.77196e-13
410.618 -20.9013 -6.82639e-13
410.616 -20.9121 -1.67981e-12
410.614 -20.9268 -1.53451e-12
410.621 -20.8839 -1.531e-12
410.626 -20.849 -1.79772e-12
410.63 -20.8221 -1.51529e-12
410.633 -20.803 -1.3928e-12
410.635 -20.7916 -1.31118e-12
410.636 -20.7876 -1.67382e-12
410.507 -20.7782 -1.49029e-12
410.238 -20.7628 -1.4903e-12
409.801 -20.7391 -1.4903e-12
409.181 -20.706 -1.4903e-12
408.391 -20.6642 -1.4903e-12
407.434 -20.6142 -1.4903e-12
406.322 -20.5566 -1.4903e-12
405.058 -20.4916 -1.49031e-12
403.647 -20.4194 -1.49031e-12
402.092 -20.3403 -1.49031e-12
400.396 -20.2544 -1.49031e-12
398.561 -20.1617 -1.49032e-12
396.588 -20.0625 -1.49032e-12
394.476 -19.9565 -1.49033e-12
392.223 -19.8436 -1.49033e-12
389.828 -19.7239 -1.49033e-12
387.289 -19.5972 -1.49034e-12
384.605 -19.4633 -1.49034e-12
381.773 -19.3221 -1.49035e-12
378.791 -19.1736 -1.49036e-12
375.654 -19.0174 -1.49036e-12
372.357 -18.8532 -1.49037e-12
368.896 -18.6807 -1.49037e-12
365.265 -18.4998 -1.49038e-12
361.463 -18.3101 -1.49039e-12
357.485 -18.1115 -1.4904e-12
353.331 -17.9039 -1.4904e-12
348.997 -17.6872 -1.49041e-12
344.482 -17.4613 -1.49042e-12
339.784 -17.2259 -1.49043e-12
334.902 -16.9812 -1.49044e-12
329.836 -16.7269 -1.49045e-12
324.586 -16.4632 -1.49046e-12
319.155 -16.1902 -1.49047e-12
313.545 -15.908 -1.49048e-12
307.758 -15.6167 -1.49049e-12
301.798 -15.3164 -1.4905e-12
295.666 -15.0073 -1.49051e-12
289.366 -14.6896 -1.49052e-12
282.901 -14.3634 -1.49054e-12
276.277 -14.029 -1.49055e-12
269.5 -13.6868 -1.49056e-12
262.577 -13.3372 -1.49058e-12
255.516 -12.9804 -1.49059e-12
248.322 -12.6169 -1.4906e-12
241.004 -12.2471 -1.49062e-12
233.57 -11.8714 -1.49063e-12
226.027 -11.4903 -1.49065e-12
218.386 -11.1042 -1.49066e-12
210.657 -10.7137 -1.49068e-12
202.851 -10.3194 -1.49069e-12
194.98 -9.92195 -1.49071e-12
187.056 -9.52199 -1.49072e-12
179.094 -9.12031 -1.49074e-12
171.108 -8.71768 -1.49075e-12
163.113 -8.31482 -1.49077e-12
155.122 -7.91249 -1.49078e-12
147.15 -7.51142 -1.4908e-12
139.208 -7.11231 -1.49081e-12
131.312 -6.71586 -1.49083e-12
123.472 -6.32273 -1.49084e-12
115.702 -5.93358 -1.49086e-12
108.014 -5.54902 -1.49087e-12
100.419 -5.16967 -1.49088e-12
92.9288 -4.79613 -1.4909e-12
85.5555 -4.42904 -1.49091e-12
78.3099 -4.06896 -1.49093e-12
71.2028 -3.71644 -1.49094e-12
64.2449 -3.37205 -1.49095e-12
57.4558 -3.03719 -1.49097e-12
50.845 -2.71231 -1.49098e-12
44.4125 -2.39705 -1.49099e-12
38.1685 -2.09194 -1.491e-12
32.1226 -1.79747 -1.49101e-12
26.2658 -1.51324 -1.49102e-12
20.6152 -1.24 -1.49103e-12
15.1855 -0.978548 -1.49104e-12
9.96923 -0.72847 -1.49105e-12
4.97006 -0.489896 -1.49106e-12
0.181505 -0.262565 -1.49107e-12
-4.40565 -0.0462233 -1.49108e-12
-8.79587 0.159687 -1.49109e-12
-13.0107 0.355766 -1.49109e-12
-17.049 0.541819 -1.4911e-12
-20.9148 0.718973 -1.49111e-12
-24.6417 0.888731 -1.49111e-12
-28.2365 1.05169 -1.49112e-12
-31.7149 1.20898 -1.49112e-12
-35.0957 1.36154 -1.49113e-12
-38.3973 1.51045 -1.49114e-12
-41.6387 1.65675 -1.49114e-12
-44.8369 1.80139 -1.49115e-12
-48.0097 1.94535 -1.49115e-12
-51.173 2.08949 -1.49116e-12
-54.3423 2.23469 -1.49116e-12
-57.5321 2.38171 -1.49117e-12
-60.7566 2.53134 -1.49117e-12
-64.0293 2.68429 -1.49118e-12
-67.3622 2.84123 -1.49119e-12
-70.7657 3.00268 -1.49119e-12
-74.2485 3.16912 -1.4912e-12
-77.8174 3.34088 -1.49121e-12
-81.4778 3.51824 -1.49121e-12
-85.234 3.70139 -1.49122e-12
-89.0885 3.89044 -1.49123e-12
-93.044 4.08556 -1.49123e-12
-97.1868 4.2942 -1.49124e-12
-101.47 4.51235 -1.49125e-12
-105.813 4.73344 -1.49126e-12
-110.232 4.95912 -1.49127e-12
-114.7 5.1875 -1.49127e-12
-119.213 5.41853 -1.49128e-12
-123.752 5.651 -1.49129e-12
-127.883 5.84475 -1.4913e-12
-131.602 6.00012 -1.49131e-12
-135.323 6.15609 -1.49131e-12
-139.015 6.31022 -1.49132e-12
-142.663 6.4619 -1.49132e-12
-146.255 6.61037 -1.49133e-12
-149.778 6.75498 -1.49133e-12
-153.223 6.89519 -1.49134e-12
-156.581 7.03055 -1.49134e-12
-159.844 7.1607 -1.49135e-12
-163.008 7.28535 -1.49135e-12
-166.067 7.40436 -1.49136e-12
-169.021 7.51765 -1.49136e-12
-171.867 7.62523 -1.49137e-12
-174.609 7.72724 -1.49137e-12
-177.38 7.82504 -1.49038e-12
-180.22 7.91938 -1.48531e-12
-182.968 8.0094 -1.48047e-12
-185.631 8.09559 -1.47583e-12
-188.224 8.17871 -1.47135e-12
-190.762 8.2596 -1.46701e-12
-193.262 8.33914 -1.46277e-12
-195.74 8.41816 -1.4586e-12
-198.212 8.49754 -1.45448e-12
-200.696 8.57816 -1.45038e-12
-203.207 8.66083 -1.44627e-12
-205.762 8.74635 -1.44213e-12
-208.374 8.8355 -1.43793e-12
-211.059 8.92902 -1.43365e-12
-213.83 9.02756 -1.42928e-12
-216.697 9.13169 -1.42481e-12
-219.692 9.24189 -1.41993e-12
-222.794 9.3608 -1.41261e-12
-226.013 9.48642 -1.4051e-12
-229.416 9.6126 -1.4049e-12
-232.983 9.7555 -1.39676e-12
-236.656 9.8946 -1.39338e-12
-240.45 10.0507 -1.38493e-12
-245.057 10.2108 -1.3545e-12
-250.3 10.3844 -1.35929e-12
-255.706 10.5665 -1.33895e-12
-261.635 10.7642 -1.00715e-12
-267.769 10.9621 -1.15304e-12
-274.021 11.1686 -1.21913e-12
-280.37 11.3794 -1.06323e-12
-286.794 11.5936 -1.20459e-12
-293.27 11.8103 -1.00269e-12
-299.77 12.0287 -1.1512e-12
-306.267 12.2477 -1.18426e-12
-312.732 12.4663 -1.12661e-12
-319.137 12.6835 -1.27299e-12
-325.452 12.8983 -1.06918e-12
-331.648 13.1097 -1.03728e-12
-337.697 13.3168 -1.0171e-12
-343.569 13.5185 -9.98101e-13
-349.075 13.711 1.32314e-12
-354.248 13.8951 -1.67443e-12
-359.485 14.0829 -9.26323e-13
-364.35 14.26 -8.12587e-13
-368.915 14.427 -9.1526e-13
-371.703 14.5179 1.12713e-12
-371.699 14.4788 -8.75669e-13
-371.688 14.4466 -8.69195e-13
-371.673 14.4195 -8.05193e-13
-371.655 14.3977 -7.52264e-13
-371.636 14.381 -4.83198e-13
-371.62 14.3692 -8.26822e-13
-371.606 14.3626 -7.72662e-13
-371.597 14.3611 -7.56136e-13
-371.593 14.3649 -7.99768e-13
-371.468 14.3657 -7.739e-13
-371.009 14.3485 -7.73128e-13
-370.21 14.3131 -7.73127e-13
-369.069 14.2593 -7.73125e-13
-367.58 14.1868 -7.73122e-13
-365.743 14.0955 -7.73118e-13
-363.555 13.9854 -7.73113e-13
-361.018 13.8564 -7.73108e-13
-358.134 13.7086 -7.73102e-13
-354.907 13.5423 -7.73095e-13
-351.345 13.3579 -7.73088e-13
-347.456 13.1558 -7.73079e-13
-343.251 12.9366 -7.7307e-13
-338.74 12.7009 -7.73061e-13
-333.936 12.4493 -7.7305e-13
-328.853 12.1827 -7.73039e-13
-323.508 11.902 -7.73028e-13
-317.92 11.6083 -7.73016e-13
-312.11 11.3026 -7.73003e-13
-306.099 10.9862 -7.7299e-13
-299.91 10.6604 -7.72977e-13
-293.565 10.3264 -7.72963e-13
-287.087 9.9855 -7.72949e-13
-280.499 9.63891 -7.72935e-13
-273.823 9.28797 -7.72921e-13
-267.084 8.93401 -7.72906e-13
-260.305 8.57835 -7.72892e-13
-253.51 8.22229 -7.72877e-13
-246.721 7.86711 -7.72862e-13
-239.962 7.51406 -7.72848e-13
-233.252 7.16434 -7.72834e-13
-226.614 6.81908 -7.72819e-13
-220.066 6.47939 -7.72805e-13
-213.631 6.14643 -7.72792e-13
-207.329 5.82134 -7.72778e-13
-201.178 5.50513 -7.72766e-13
-195.196 5.19873 -7.72753e-13
-189.399 4.90299 -7.72741e-13
-183.8 4.6186 -7.72729e-13
-178.411 4.34619 -7.72718e-13
-173.242 4.08622 -7.72707e-13
-168.3 3.83911 -7.72697e-13
-163.592 3.60514 -7.72688e-13
-159.124 3.38449 -7.72679e-13
-154.896 3.17722 -7.7267e-13
-150.909 2.98327 -7.72662e-13
-147.163 2.80247 -7.72655e-13
-143.652 2.63458 -7.72648e-13
-140.375 2.47928 -7.72641e-13
-137.326 2.33623 -7.72636e-13
-134.499 2.20508 -7.7263e-13
-131.89 2.0854 -7.72625e-13
-129.492 1.97676 -7.72621e-13
-127.297 1.87867 -7.72617e-13
-125.299 1.79068 -7.72613e-13
-123.49 1.71231 -7.7261e-13
-121.863 1.64305 -7.72607e-13
-120.408 1.58229 -7.72605e-13
-119.114 1.5294 -7.72602e-13
-117.972 1.48379 -7.72601e-13
-116.973 1.44495 -7.72599e-13
-116.11 1.41241 -7.72598e-13
-115.375 1.38578 -7.72597e-13
-114.764 1.36475 -7.72596e-13
-114.271 1.34898 -7.72595e-13
-113.889 1.33805 -7.72595e-13
-113.609 1.33153 -7.72594e-13
-113.424 1.32906 -7.72594e-13
-113.329 1.33033 -7.72594e-13
-113.318 1.33506 -7.72594e-13
-113.386 1.34299 -7.72595e-13
-113.529 1.35397 -7.72595e-13
-113.743 1.36781 -7.72596e-13
-114.022 1.38427 -7.72596e-13
-114.36 1.40304 -7.72597e-13
-114.751 1.42392 -7.72598e-13
-115.191 1.4467 -7.72599e-13
-115.674 1.47115 -7.726e-13
-116.194 1.49705 -7.72601e-13
-116.747 1.52419 -7.72602e-13
-117.329 1.55246 -7.72603e-13
-117.936 1.58177 -7.72605e-13
-118.567 1.61212 -7.72606e-13
-119.221 1.64348 -7.72607e-13
-119.898 1.67587 -7.72608e-13
-120.599 1.70932 -7.7261e-13
-121.321 1.74387 -7.72611e-13
-122.064 1.77957 -7.72613e-13
-122.825 1.81641 -7.72614e-13
-123.605 1.8544 -7.72616e-13
-124.402 1.89352 -7.72617e-13
-125.21 1.93369 -7.72619e-13
-126.029 1.97483 -7.72621e-13
-126.855 2.01683 -7.72622e-13
-127.686 2.05957 -7.72624e-13
-128.516 2.10286 -7.72626e-13
-129.343 2.14652 -7.72628e-13
-130.164 2.19042 -7.7263e-13
-130.976 2.23442 -7.72631e-13
-131.775 2.27834 -7.72633e-13
-132.556 2.32194 -7.72635e-13
-133.316 2.36495 -7.72637e-13
-134.049 2.40708 -7.72638e-13
-134.747 2.44797 -7.7264e-13
-135.406 2.48726 -7.72642e-13
-136.018 2.52459 -7.72643e-13
-136.578 2.55963 -7.72645e-13
-137.08 2.592 -7.72646e-13
-137.516 2.62129 -7.72647e-13
-137.879 2.64705 -7.72648e-13
-138.162 2.66882 -7.72649e-13
-138.355 2.68612 -7.7265e-13
-138.452 2.69849 -7.7265e-13
-138.446 2.70556 -7.72651e-13
-138.331 2.70698 -7.72651e-13
-138.103 2.70241 -7.72651e-13
-137.757 2.69154 -7.7265e-13
-137.288 2.67406 -7.72649e-13
-136.69 2.64967 -7.72648e-13
-135.961 2.61813 -7.72647e-13
-135.096 2.5792 -7.72645e-13
-134.092 2.53265 -7.72644e-13
-132.946 2.47828 -7.72641e-13
-131.657 2.41595 -7.72639e-13
-130.222 2.34552 -7.72636e-13
-128.641 2.26691 -7.72633e-13
-126.914 2.18003 -7.72629e-13
-125.041 2.08491 -7.72625e-13
-123.022 1.98156 -7.72621e-13
-120.861 1.87002 -7.72616e-13
-118.558 1.75037 -7.72611e-13
-116.116 1.62275 -7.72606e-13
-113.543 1.48739 -7.72601e-13
-110.843 1.34463 -7.72595e-13
-108.024 1.1949 -7.72589e-13
-105.097 1.0387 -7.72582e-13
-102.073 0.876602 -7.72576e-13
-98.9639 0.70923 -7.72569e-13
-95.7798 0.537247 -7.72562e-13
-92.5383 0.361416 -7.72554e-13
-89.2513 0.182515 -7.72547e-13
-85.9358 0.00137036 -7.7254e-13
-82.6066 -0.181132 -7.72532e-13
-79.2788 -0.364065 -7.72525e-13
-75.9712 -0.546454 -7.72517e-13
-72.7009 -0.727305 -7.7251e-13
-69.4871 -0.905581 -7.72503e-13
-66.3483 -1.08024 -7.72495e-13
-63.3035 -1.25022 -7.72488e-13
-60.3708 -1.41452 -7.72482e-13
-57.5681 -1.57212 -7.72475e-13
-54.913 -1.72204 -7.72469e-13
-52.423 -1.86329 -7.72463e-13
-50.1158 -1.99488 -7.72458e-13
-48.0085 -2.11584 -7.72453e-13
-46.1175 -2.22524 -7.72448e-13
-44.4578 -2.32223 -7.72444e-13
-43.0415 -2.40612 -7.72441e-13
-41.8793 -2.4763 -7.72438e-13
-40.9803 -2.53223 -7.72436e-13
-40.3518 -2.5735 -7.72434e-13
-39.9987 -2.59981 -7.72433e-13
-39.9236 -2.61099 -7.72433e-13
-40.1277 -2.60695 -7.72433e-13
-40.6102 -2.58773 -7.72434e-13
-41.368 -2.55347 -7.72435e-13
-42.396 -2.50444 -7.72437e-13
-43.6876 -2.44099 -7.7244e-13
-45.2344 -2.36356 -7.72443e-13
-47.0261 -2.27272 -7.72446e-13
-49.0505 -2.16912 -7.72451e-13
-51.2944 -2.05348 -7.72455e-13
-53.7428 -1.92662 -7.72461e-13
-56.3796 -1.78944 -7.72466e-13
-59.1869 -1.64289 -7.72472e-13
-62.1464 -1.488 -7.72479e-13
-65.2391 -1.3258 -7.72485e-13
-68.4458 -1.15735 -7.72492e-13
-71.7476 -0.983694 -7.72499e-13
-75.1247 -0.805916 -7.72507e-13
-78.5575 -0.625094 -7.72514e-13
-82.0269 -0.442286 -7.72522e-13
-85.5138 -0.258534 -7.72529e-13
-88.9995 -0.0748741 -7.72537e-13
-92.4665 0.107743 -7.72544e-13
-95.9008 0.288537 -7.72551e-13
-99.29 0.466831 -7.72559e-13
-102.622 0.641976 -7.72566e-13
-105.886 0.81334 -7.72573e-13
-109.069 0.980308 -7.7258e-13
-112.162 1.14229 -7.72587e-13
-115.154 1.29873 -7.72593e-13
-118.036 1.44917 -7.72599e-13
-120.802 1.59326 -7.72605e-13
-123.447 1.73077 -7.72611e-13
-125.968 1.8615 -7.72616e-13
-128.361 1.98528 -7.72621e-13
-130.624 2.10201 -7.72626e-13
-132.755 2.21161 -7.7263e-13
-134.754 2.31405 -7.72635e-13
-136.62 2.40937 -7.72639e-13
-138.356 2.49766 -7.72642e-13
-139.964 2.5791 -7.72645e-13
-141.446 2.65388 -7.72649e-13
-142.806 2.72216 -7.72651e-13
-144.045 2.78403 -7.72654e-13
-145.164 2.83955 -7.72656e-13
-146.163 2.88879 -7.72658e-13
-147.044 2.93184 -7.7266e-13
-147.808 2.96885 -7.72661e-13
-148.459 2.99997 -7.72663e-13
-148.999 3.02535 -7.72664e-13
-149.432 3.04525 -7.72665e-13
-149.764 3.06002 -7.72665e-13
-150.003 3.07011 -7.72666e-13
-150.156 3.07595 -7.72666e-13
-150.231 3.07791 -7.72666e-13
-150.23 3.07624 -7.72666e-13
-150.158 3.07114 -7.72666e-13
-150.018 3.06276 -7.72665e-13
-149.811 3.05128 -7.72665e-13
-149.543 3.03694 -7.72664e-13
-149.218 3.01999 -7.72664e-13
-148.839 3.00065 -7.72663e-13
-148.41 2.97907 -7.72662e-13
-147.931 2.95527 -7.72661e-13
-147.4 2.92916 -7.7266e-13
-146.816 2.90064 -7.72659e-13
-146.178 2.86965 -7.72657e-13
-145.485 2.83615 -7.72656e-13
-144.737 2.80018 -7.72655e-13
-143.936 2.76171 -7.72653e-13
-143.079 2.72065 -7.72651e-13
-142.163 2.67672 -7.72649e-13
-141.18 2.62957 -7.72648e-13
-140.124 2.57882 -7.72645e-13
-138.99 2.52413 -7.72643e-13
-137.773 2.46519 -7.72641e-13
-136.468 2.40174 -7.72638e-13
-135.071 2.33353 -7.72635e-13
-133.577 2.26024 -7.72632e-13
-131.98 2.18148 -7.72629e-13
-130.271 2.09682 -7.72626e-13
-128.444 2.00584 -7.72622e-13
-126.494 1.90824 -7.72618e-13
-124.418 1.80382 -7.72614e-13
-122.215 1.69254 -7.72609e-13
-119.885 1.57435 -7.72604e-13
-117.428 1.44922 -7.72599e-13
-114.843 1.31711 -7.72594e-13
-112.13 1.17794 -7.72588e-13
-109.288 1.03171 -7.72582e-13
-106.318 0.878484 -7.72576e-13
-103.225 0.718389 -7.72569e-13
-100.01 0.551635 -7.72562e-13
-96.6793 0.378481 -7.72555e-13
-93.238 0.199211 -7.72548e-13
-89.691 0.0140994 -7.7254e-13
-86.0435 -0.176559 -7.72532e-13
-82.3017 -0.372424 -7.72524e-13
-78.4722 -0.57312 -7.72516e-13
-74.5623 -0.778241 -7.72508e-13
-70.5796 -0.987352 -7.72499e-13
-66.5324 -1.19999 -7.7249e-13
-62.4289 -1.41567 -7.72482e-13
-58.2773 -1.63395 -7.72473e-13
-54.0852 -1.85438 -7.72464e-13
-49.8608 -2.07648 -7.72454e-13
-45.6118 -2.29983 -7.72445e-13
-41.3445 -2.52404 -7.72436e-13
-37.0649 -2.74877 -7.72427e-13
-32.7775 -2.97405 -7.72418e-13
-28.4877 -3.19937 -7.72408e-13
-24.2018 -3.42417 -7.72399e-13
-19.9231 -3.64837 -7.7239e-13
-15.6556 -3.87166 -7.72381e-13
-11.4028 -4.09385 -7.72372e-13
-7.16844 -4.31471 -7.72363e-13
-2.9561 -4.53402 -7.72354e-13
1.23135 -4.7516 -7.72345e-13
5.39041 -4.96723 -7.72336e-13
9.51652 -5.18066 -7.72327e-13
13.6046 -5.39159 -7.72318e-13
17.6504 -5.59977 -7.7231e-13
21.6503 -5.80498 -7.72302e-13
25.6012 -6.00704 -7.72293e-13
29.5004 -6.20581 -7.72285e-13
33.3464 -6.40118 -7.72277e-13
37.1382 -6.59309 -7.72269e-13
40.8658 -6.78107 -7.72261e-13
44.5336 -6.96526 -7.72254e-13
48.1449 -7.14604 -7.72247e-13
51.6996 -7.32331 -7.72239e-13
55.2021 -7.4972 -7.72232e-13
58.6506 -7.66773 -7.72225e-13
62.0485 -7.83501 -7.72218e-13
65.3968 -7.9991