-2.6048e-05 8.41831e-11 -3.45259e-27
-5.20961e-05 1.67062e-10 -6.85168e-27
-7.81442e-05 2.48627e-10 -1.01969e-26
-0.000104192 3.28872e-10 -1.3488e-26
-0.000130241 4.07787e-10 -1.67245e-26
-0.000156289 4.85363e-10 -1.99061e-26
-0.000182337 5.61593e-10 -2.30325e-26
-0.000208385 6.36467e-10 -2.61033e-26
-0.000234434 7.09976e-10 -2.91182e-26
-0.000260482 7.82113e-10 -3.20767e-26
-0.000260481 9.60137e-10 -3.9378e-26
-0.000260473 1.74669e-09 -7.16368e-26
-0.000260456 3.52042e-09 -1.44383e-25
-0.000260428 6.52176e-09 -2.67476e-25
-0.000260389 1.07546e-08 -4.41077e-25
-0.000260342 1.57484e-08 -6.45886e-25
-0.000260295 2.07792e-08 -8.52215e-25
-0.000260254 2.51267e-08 -1.03052e-24
-0.000260227 2.79849e-08 -1.14774e-24
-0.000260223 2.83618e-08 -1.1632e-24
-0.000260253 2.51833e-08 -1.03284e-24
-0.000260325 1.74087e-08 -7.1398e-25
-0.000260448 4.17656e-09 -1.71293e-25
-0.000260628 -1.50422e-08 6.16926e-25
-0.000260866 -4.05759e-08 1.66414e-24
-0.000261167 -7.27039e-08 2.9818e-24
-0.00026153 -1.11477e-07 4.57201e-24
-0.000261952 -1.56524e-07 6.4195e-24
-0.000262428 -2.07231e-07 8.49915e-24
-0.000262952 -2.62956e-07 1.07846e-23
-0.000263515 -3.22709e-07 1.32352e-23
-0.000264101 -3.84804e-07 1.57819e-23
-0.000264691 -4.47206e-07 1.83412e-23
-0.000265267 -5.079e-07 2.08305e-23
-0.000265812 -5.65037e-07 2.31738e-23
-0.000266311 -6.17059e-07 2.53074e-23
-0.000266752 -6.62607e-07 2.71754e-23
-0.000267123 -7.00404e-07 2.87256e-23
-0.000267413 -7.29342e-07 2.99124e-23
-0.000267614 -7.48574e-07 3.07012e-23
-0.000267721 -7.5744e-07 3.10648e-23
-0.000267726 -7.55383e-07 3.09804e-23
-0.000267629 -7.42108e-07 3.0436e-23
-0.000267429 -7.17757e-07 2.94373e-23
-0.000267129 -6.8274e-07 2.80011e-23
-0.000266735 -6.37549e-07 2.61477e-23
-0.000266251 -5.828e-07 2.39023e-23
-0.000265685 -5.19281e-07 2.12972e-23
-0.000265043 -4.47888e-07 1.83692e-23
-0.000264334 -3.69547e-07 1.51562e-23
-0.000263566 -2.85097e-07 1.16927e-23
-0.000262743 -1.95164e-07 8.00425e-24
-0.00026187 -1.00255e-07 4.11175e-24
-0.000260951 -8.62417e-10 3.53702e-26
-0.000259993 1.02286e-07 -4.19504e-24
-0.000259006 2.07962e-07 -8.52911e-24
-0.000258005 3.14699e-07 -1.29067e-23
-0.000257001 4.21092e-07 -1.72702e-23
-0.000256009 5.25711e-07 -2.15609e-23
-0.000255042 6.26995e-07 -2.57149e-23
-0.000254115 7.23371e-07 -2.96675e-23
-0.000253242 8.13375e-07 -3.33588e-23
-0.000252437 8.95604e-07 -3.67313e-23
-0.000251712 9.68671e-07 -3.9728e-23
-0.00025108 1.03126e-06 -4.22949e-23
-0.000250553 1.08218e-06 -4.43833e-23
-0.000250138 1.12064e-06 -4.59607e-23
-0.000249838 1.14649e-06 -4.7021e-23
-0.00024965 1.16e-06 -4.75748e-23
-0.000249572 1.16151e-06 -4.7637e-23
-0.000249599 1.15169e-06 -4.72342e-23
-0.000249721 1.13164e-06 -4.64118e-23
-0.000249926 1.10273e-06 -4.52262e-23
-0.000250201 1.06638e-06 -4.37353e-23
-0.000250533 1.02415e-06 -4.20035e-23
-0.000250904 9.77925e-07 -4.01075e-23
-0.000251297 9.29697e-07 -3.81296e-23
-0.000251695 8.81421e-07 -3.61496e-23
-0.000252081 8.34859e-07 -3.424e-23
-0.000252441 7.91442e-07 -3.24593e-23
-0.000252767 7.52367e-07 -3.08568e-23
-0.000253046 7.18724e-07 -2.94769e-23
-0.000253273 6.91304e-07 -2.83524e-23
-0.000253444 6.70415e-07 -2.74957e-23
-0.00025356 6.5605e-07 -2.69065e-23
-0.00025362 6.48088e-07 -2.658e-23
-0.000253629 6.46147e-07 -2.65003e-23
-0.000253594 6.49427e-07 -2.66349e-23
-0.000253523 6.5688e-07 -2.69405e-23
-0.000253428 6.67389e-07 -2.73716e-23
-0.000253314 6.80104e-07 -2.7893e-23
-0.000253184 6.94781e-07 -2.8495e-23
-0.000253037 7.11495e-07 -2.91805e-23
-0.000252872 7.30305e-07 -2.99519e-23
-0.000252687 7.51273e-07 -3.08119e-23
-0.000252481 7.74495e-07 -3.17643e-23
-0.000252253 8.00088e-07 -3.28139e-23
-0.000252001 8.28175e-07 -3.39658e-23
-0.000251725 8.58666e-07 -3.52164e-23
-0.00025143 8.91023e-07 -3.65434e-23
-0.000251124 9.24485e-07 -3.79158e-23
-0.000250812 9.58326e-07 -3.93037e-23
-0.0002505 9.91904e-07 -4.06809e-23
-0.000250194 1.02471e-06 -4.20262e-23
-0.000249897 1.05632e-06 -4.33228e-23
-0.000249612 1.08638e-06 -4.45557e-23
-0.000249341 1.11465e-06 -4.57149e-23
-0.000249086 1.14108e-06 -4.67989e-23
-0.000248846 1.16576e-06 -4.78111e-23
-0.000248619 1.18881e-06 -4.87566e-23
-0.000248405 1.21048e-06 -4.96451e-23
-0.000248198 1.23118e-06 -5.04944e-23
-0.000247994 1.25148e-06 -5.13266e-23
-0.00024779 1.27189e-06 -5.2164e-23
-0.000247581 1.29269e-06 -5.30169e-23
-0.000247373 1.31351e-06 -5.3871e-23
-0.000247171 1.3337e-06 -5.46987e-23
-0.000246983 1.35254e-06 -5.54718e-23
-0.000246816 1.36919e-06 -5.61544e-23
-0.000246682 1.38238e-06 -5.66953e-23
-0.000246595 1.39067e-06 -5.70355e-23
-0.000246569 1.39264e-06 -5.71162e-23
-0.000246614 1.3871e-06 -5.68889e-23
-0.000246738 1.37336e-06 -5.63253e-23
-0.000246942 1.35101e-06 -5.54088e-23
-0.000247232 1.31968e-06 -5.41241e-23
-0.000247607 1.27933e-06 -5.24688e-23
-0.000248063 1.2305e-06 -5.04664e-23
-0.00024859 1.17412e-06 -4.81542e-23
-0.00024918 1.11114e-06 -4.55709e-23
-0.000249821 1.04269e-06 -4.27639e-23
-0.000250499 9.70386e-07 -3.97983e-23
-0.000251198 8.96028e-07 -3.67487e-23
-0.000251898 8.21423e-07 -3.36889e-23
-0.000252587 7.48206e-07 -3.06861e-23
-0.00025325 6.77677e-07 -2.77935e-23
-0.000253878 6.10937e-07 -2.50563e-23
-0.00025446 5.49055e-07 -2.25183e-23
-0.000254989 4.92876e-07 -2.02143e-23
-0.000255459 4.42821e-07 -1.81614e-23
-0.000255871 3.99071e-07 -1.63671e-23
-0.00025622 3.6178e-07 -1.48376e-23
-0.000256507 3.3109e-07 -1.35789e-23
-0.000256729 3.07142e-07 -1.25968e-23
-0.000256885 2.90075e-07 -1.18968e-23
-0.000256974 2.80013e-07 -1.14841e-23
-0.000256995 2.77065e-07 -1.13632e-23
-0.000256946 2.81324e-07 -1.15379e-23
-0.000256827 2.92868e-07 -1.20113e-23
-0.000256637 3.11768e-07 -1.27865e-23
-0.000256378 3.37937e-07 -1.38598e-23
-0.000256052 3.7097e-07 -1.52145e-23
-0.000255666 4.10291e-07 -1.68272e-23
-0.000255225 4.55321e-07 -1.8674e-23
-0.000254735 5.05466e-07 -2.07306e-23
-0.000254201 5.60099e-07 -2.29713e-23
-0.000253631 6.18579e-07 -2.53697e-23
-0.00025303 6.80263e-07 -2.78996e-23
-0.000252404 7.44629e-07 -3.05394e-23
-0.000251755 8.11394e-07 -3.32776e-23
-0.000251086 8.804e-07 -3.61077e-23
-0.000250397 9.51476e-07 -3.90228e-23
-0.000249691 1.02451e-06 -4.20179e-23
-0.000248968 1.09949e-06 -4.50934e-23
-0.000248228 1.1765e-06 -4.82516e-23
-0.00024747 1.25554e-06 -5.14933e-23
-0.000246696 1.33644e-06 -5.48113e-23
-0.000245913 1.41865e-06 -5.81831e-23
-0.000245126 1.50142e-06 -6.15774e-23
-0.000244344 1.58393e-06 -6.49615e-23
-0.000243575 1.66525e-06 -6.82968e-23
-0.000242831 1.74419e-06 -7.15342e-23
-0.000242124 1.81941e-06 -7.46192e-23
-0.000241466 1.88957e-06 -7.74968e-23
-0.000240867 1.95351e-06 -8.0119e-23
-0.000240337 2.01038e-06 -8.24515e-23
-0.00023988 2.05955e-06 -8.44679e-23
-0.000239502 2.1004e-06 -8.61435e-23
-0.000239205 2.13257e-06 -8.74627e-23
-0.000238991 2.15612e-06 -8.84287e-23
-0.000238854 2.1714e-06 -8.90552e-23
-0.000238791 2.17878e-06 -8.9358e-23
-0.000238797 2.17878e-06 -8.93579e-23
-0.000238866 2.17214e-06 -8.90856e-23
-0.000238988 2.15974e-06 -8.85772e-23
-0.000239154 2.14251e-06 -8.78704e-23
-0.000239359 2.12121e-06 -8.69971e-23
-0.000239596 2.09631e-06 -8.59757e-23
-0.000239864 2.06808e-06 -8.48181e-23
-0.000240159 2.03686e-06 -8.35374e-23
-0.000240478 2.00301e-06 -8.21494e-23
-0.000240816 1.96703e-06 -8.06735e-23
-0.000241168 1.92944e-06 -7.91321e-23
-0.000241529 1.89082e-06 -7.75481e-23
-0.000241894 1.8517e-06 -7.59434e-23
-0.000242258 1.81251e-06 -7.43364e-23
-0.000242619 1.77367e-06 -7.27433e-23
-0.000242973 1.73558e-06 -7.1181e-23
-0.000243314 1.69868e-06 -6.96679e-23
-0.00024364 1.6635e-06 -6.82248e-23
-0.000243945 1.63055e-06 -6.68737e-23
-0.000244224 1.60038e-06 -6.56361e-23
-0.000244474 1.57332e-06 -6.45263e-23
-0.000244696 1.54936e-06 -6.35436e-23
-0.000244892 1.52828e-06 -6.26792e-23
-0.000245064 1.50985e-06 -6.19233e-23
-0.000245214 1.49386e-06 -6.12675e-23
-0.000245345 1.48021e-06 -6.07077e-23
-0.000245455 1.46884e-06 -6.02414e-23
-0.000245546 1.45966e-06 -5.98648e-23
-0.000245621 1.45245e-06 -5.95693e-23
-0.000245684 1.44679e-06 -5.93371e-23
-0.000245739 1.44211e-06 -5.91452e-23
-0.000245794 1.43782e-06 -5.89692e-23
-0.000245853 1.43323e-06 -5.87809e-23
-0.000245925 1.42746e-06 -5.85441e-23
-0.00024602 1.41952e-06 -5.82185e-23
-0.000246147 1.40842e-06 -5.77636e-23
-0.000246312 1.39348e-06 -5.71508e-23
-0.000246515 1.37462e-06 -5.63772e-23
-0.000246755 1.3521e-06 -5.54535e-23
-0.000247029 1.32617e-06 -5.43902e-23
-0.000247333 1.29718e-06 -5.3201e-23
-0.000247663 1.26561e-06 -5.19065e-23
-0.000248013 1.23207e-06 -5.05309e-23
-0.000248377 1.19713e-06 -4.90976e-23
-0.00024875 1.16139e-06 -4.7632e-23
-0.000249125 1.1256e-06 -4.6164e-23
-0.000249493 1.09052e-06 -4.47253e-23
-0.000249848 1.0569e-06 -4.33466e-23
-0.000250187 1.02514e-06 -4.20441e-23
-0.00025051 9.94921e-07 -4.08046e-23
-0.000250826 9.65527e-07 -3.95991e-23
-0.00025114 9.36256e-07 -3.83986e-23
-0.000251458 9.06365e-07 -3.71726e-23
-0.000251788 8.7503e-07 -3.58875e-23
-0.000252138 8.41406e-07 -3.45085e-23
-0.000252515 8.04693e-07 -3.30028e-23
-0.000252924 7.64336e-07 -3.13476e-23
-0.000253364 7.20243e-07 -2.95392e-23
-0.000253836 6.72601e-07 -2.75853e-23
-0.000254335 6.21659e-07 -2.5496e-23
-0.000254859 5.6777e-07 -2.32859e-23
-0.000255402 5.11456e-07 -2.09763e-23
-0.00025596 4.53344e-07 -1.85929e-23
-0.000256525 3.94107e-07 -1.61635e-23
-0.000257091 3.3449e-07 -1.37184e-23
-0.000257651 2.75328e-07 -1.1292e-23
-0.000258195 2.17513e-07 -8.92082e-24
-0.000258717 1.6195e-07 -6.64203e-24
-0.000259207 1.09606e-07 -4.49527e-24
-0.000259655 6.15614e-08 -2.52481e-24
-0.000260051 1.89392e-08 -7.76753e-25
-0.000260385 -1.71659e-08 7.04025e-25
-0.000260648 -4.56955e-08 1.8741e-24
-0.00026083 -6.56295e-08 2.69166e-24
-0.000260922 -7.60039e-08 3.11714e-24
-0.000260917 -7.59266e-08 3.11397e-24
-0.000260808 -6.48268e-08 2.65873e-24
-0.000260597 -4.27198e-08 1.75206e-24
-0.000260286 -9.97149e-09 4.0896e-25
-0.00025988 3.29727e-08 -1.35231e-24
-0.000259388 8.51391e-08 -3.4918e-24
-0.000258829 1.44538e-07 -5.9279e-24
-0.000258225 2.08629e-07 -8.55647e-24
-0.000257602 2.74852e-07 -1.12725e-23
-0.000256982 3.40641e-07 -1.39707e-23
-0.000256389 4.03423e-07 -1.65455e-23
-0.000255848 4.60656e-07 -1.88928e-23
-0.000255382 5.09865e-07 -2.0911e-23
-0.000255009 5.48868e-07 -2.25106e-23
-0.000254747 5.76019e-07 -2.36242e-23
-0.000254608 5.90015e-07 -2.41982e-23
-0.000254602 5.89667e-07 -2.41839e-23
-0.000254734 5.7447e-07 -2.35607e-23
-0.000254998 5.45215e-07 -2.23608e-23
-0.000255379 5.03421e-07 -2.06467e-23
-0.000255863 4.50691e-07 -1.84841e-23
-0.000256433 3.88908e-07 -1.59502e-23
-0.000257067 3.20471e-07 -1.31434e-23
-0.00025774 2.48039e-07 -1.01728e-23
-0.000258429 1.7426e-07 -7.1469e-24
-0.00025911 1.01592e-07 -4.16658e-24
-0.000259765 3.21255e-08 -1.31756e-24
-0.000260376 -3.22929e-08 1.32443e-24
-0.000260927 -8.99134e-08 3.68761e-24
-0.000261405 -1.39281e-07 5.71233e-24
-0.000261801 -1.79451e-07 7.35981e-24
-0.00026211 -2.09808e-07 8.60484e-24
-0.000262326 -2.29864e-07 9.42737e-24
-0.000262449 -2.39569e-07 9.82543e-24
-0.000262486 -2.39659e-07 9.82912e-24
-0.000262446 -2.31325e-07 9.48732e-24
-0.000262342 -2.15846e-07 8.85246e-24
-0.000262185 -1.94423e-07 7.97384e-24
-0.000261982 -1.68015e-07 6.89077e-24
-0.000261741 -1.37459e-07 5.6376e-24
-0.00026147 -1.03619e-07 4.2497e-24
-0.000261175 -6.73304e-08 2.76141e-24
-0.000260864 -2.93508e-08 1.20376e-24
-0.000260542 9.61851e-09 -3.94483e-25
-0.000260214 4.89017e-08 -2.0056e-24
-0.000259889 8.77614e-08 -3.59935e-24
-0.000259572 1.25305e-07 -5.13911e-24
-0.000259274 1.60589e-07 -6.5862e-24
-0.000259002 1.92738e-07 -7.90473e-24
-0.000258759 2.21386e-07 -9.07969e-24
-0.000258539 2.47149e-07 -1.01363e-23
-0.000258331 2.7119e-07 -1.11223e-23
-0.000258124 2.94733e-07 -1.20879e-23
-0.000257905 3.19048e-07 -1.30851e-23
-0.000257664 3.45454e-07 -1.4168e-23
-0.000257387 3.75295e-07 -1.53919e-23
-0.000257062 4.09921e-07 -1.68121e-23
-0.00025668 4.50255e-07 -1.84662e-23
-0.000256242 4.9633e-07 -2.03559e-23
-0.000255751 5.47702e-07 -2.24628e-23
-0.000255212 6.03906e-07 -2.47679e-23
-0.000254635 6.63977e-07 -2.72316e-23
-0.000254038 7.25913e-07 -2.97718e-23
-0.000253445 7.87178e-07 -3.22844e-23
-0.00025288 8.45262e-07 -3.46666e-23
-0.000252365 8.97767e-07 -3.682e-23
-0.00025192 9.42469e-07 -3.86534e-23
-0.000251566 9.77292e-07 -4.00815e-23
-0.000251322 1.00024e-06 -4.10229e-23
-0.0002512 1.00991e-06 -4.14195e-23
-0.000251204 1.00598e-06 -4.12582e-23
-0.000251331 9.8876e-07 -4.05519e-23
-0.000251579 9.58651e-07 -3.9317e-23
-0.000251937 9.16576e-07 -3.75914e-23
-0.00025239 8.64439e-07 -3.54532e-23
-0.000252915 8.04677e-07 -3.30021e-23
-0.000253488 7.3975e-07 -3.03393e-23
-0.000254091 6.71863e-07 -2.7555e-23
-0.000254708 6.02685e-07 -2.47178e-23
-0.000255325 5.33574e-07 -2.18834e-23
-0.000255933 4.65843e-07 -1.91056e-23
-0.00025652 4.00526e-07 -1.64267e-23
-0.000257083 3.38126e-07 -1.38675e-23
-0.000257619 2.78831e-07 -1.14356e-23
-0.000258128 2.2277e-07 -9.13642e-24
-0.000258612 1.69708e-07 -6.96023e-24
-0.000259079 1.1872e-07 -4.86903e-24
-0.000259541 6.84968e-08 -2.80925e-24
-0.000260012 1.77091e-08 -7.26303e-25
-0.000260501 -3.48642e-08 1.42988e-24
-0.000261019 -9.01998e-08 3.69935e-24
-0.000261573 -1.49131e-07 6.11628e-24
-0.00026217 -2.12469e-07 8.71396e-24
-0.000262816 -2.80815e-07 1.1517e-23
-0.000263512 -3.54355e-07 1.45331e-23
-0.000264259 -4.33038e-07 1.77601e-23
-0.000265054 -5.16778e-07 2.11946e-23
-0.000265899 -6.05473e-07 2.48322e-23
-0.000266791 -6.99017e-07 2.86687e-23
-0.00026773 -7.9729e-07 3.26992e-23
-0.000268715 -9.00151e-07 3.69178e-23
-0.000269744 -1.00742e-06 4.13173e-23
-0.000270816 -1.11888e-06 4.58886e-23
-0.000271927 -1.23429e-06 5.06216e-23
-0.000273078 -1.35338e-06 5.5506e-23
-0.000274263 -1.47576e-06 6.05251e-23
-0.000275476 -1.6007e-06 6.56493e-23
-0.00027671 -1.72733e-06 7.08427e-23
-0.000277956 -1.8548e-06 7.60708e-23
-0.000279207 -1.98221e-06 8.1296e-23
-0.000280452 -2.10844e-06 8.64732e-23
-0.000281681 -2.23234e-06 9.15547e-23
-0.000282883 -2.35282e-06 9.64961e-23
-0.000284047 -2.46876e-06 1.01251e-22
-0.000285163 -2.57886e-06 1.05767e-22
-0.000286216 -2.68179e-06 1.09988e-22
-0.000287195 -2.77632e-06 1.13865e-22
-0.000288091 -2.86146e-06 1.17357e-22
-0.000288897 -2.93656e-06 1.20437e-22
-0.000289609 -3.00119e-06 1.23087e-22
-0.000290222 -3.05504e-06 1.25296e-22
-0.000290738 -3.09824e-06 1.27068e-22
-0.000291165 -3.13172e-06 1.28441e-22
-0.000291516 -3.15706e-06 1.2948e-22
-0.000291803 -3.17557e-06 1.30239e-22
-0.000292037 -3.18855e-06 1.30772e-22
-0.000292233 -3.19774e-06 1.31148e-22
-0.000292406 -3.20472e-06 1.31435e-22
-0.000292569 -3.21116e-06 1.31699e-22
-0.000292738 -3.21864e-06 1.32006e-22
-0.000292927 -3.22879e-06 1.32422e-22
-0.000293149 -3.24319e-06 1.33012e-22
-0.000293418 -3.26327e-06 1.33836e-22
-0.00029374 -3.28979e-06 1.34924e-22
-0.000294109 -3.32218e-06 1.36252e-22
-0.000294513 -3.35909e-06 1.37766e-22
-0.000294938 -3.39907e-06 1.39406e-22
-0.000295368 -3.44037e-06 1.41099e-22
-0.000295782 -3.48073e-06 1.42755e-22
-0.000296156 -3.51764e-06 1.44269e-22
-0.000296467 -3.54853e-06 1.45535e-22
-0.000296695 -3.5712e-06 1.46465e-22
-0.000296827 -3.58427e-06 1.47001e-22
-0.000296854 -3.58679e-06 1.47104e-22
-0.000296769 -3.57784e-06 1.46738e-22
-0.000296567 -3.55688e-06 1.45878e-22
-0.000296249 -3.52407e-06 1.44532e-22
-0.000295822 -3.48001e-06 1.42725e-22
-0.000295292 -3.42531e-06 1.40482e-22
-0.000294664 -3.36052e-06 1.37825e-22
-0.00029394 -3.28588e-06 1.34764e-22
-0.000293123 -3.20156e-06 1.31305e-22
-0.000292215 -3.10774e-06 1.27457e-22
-0.000291213 -3.00427e-06 1.23214e-22
-0.000290111 -2.8902e-06 1.18535e-22
-0.000288894 -2.7642e-06 1.13368e-22
-0.000287552 -2.62502e-06 1.0766e-22
-0.000286078 -2.47187e-06 1.01378e-22
-0.000284472 -2.30482e-06 9.45272e-23
-0.000282739 -2.12442e-06 8.71288e-23
-0.000280886 -1.93134e-06 7.92098e-23
-0.000278926 -1.72705e-06 7.08313e-23
-0.000276879 -1.51367e-06 6.20802e-23
-0.000274768 -1.29376e-06 5.30609e-23
-0.000272622 -1.07025e-06 4.3894e-23
-0.000270462 -8.45637e-07 3.4682e-23
-0.000268308 -6.22019e-07 2.55108e-23
-0.000266177 -4.01148e-07 1.64522e-23
-0.000264084 -1.8472e-07 7.57591e-24
-0.000262042 2.59586e-08 -1.06464e-24
-0.000260054 2.30366e-07 -9.44796e-24
-0.000258123 4.28409e-07 -1.75703e-23
-0.000256248 6.20092e-07 -2.54318e-23
-0.000254427 8.05734e-07 -3.30455e-23
-0.00025265 9.86264e-07 -4.04495e-23
-0.000250907 1.16294e-06 -4.76956e-23
-0.000249185 1.33708e-06 -5.48374e-23
-0.000247477 1.50951e-06 -6.19094e-23
-0.000245785 1.6801e-06 -6.89056e-23
-0.000244115 1.84816e-06 -7.57986e-23
-0.000242473 2.01307e-06 -8.25616e-23
-0.000240869 2.17398e-06 -8.91613e-23
-0.000239312 2.32972e-06 -9.55486e-23
-0.000237816 2.4789e-06 -1.01667e-22
-0.000236395 2.62019e-06 -1.07462e-22
-0.000235056 2.75263e-06 -1.12893e-22
-0.000233803 2.876e-06 -1.17953e-22
-0.000232634 2.99051e-06 -1.2265e-22
-0.000231546 3.0964e-06 -1.26992e-22
-0.000230537 3.1941e-06 -1.30999e-22
-0.000229597 3.28448e-06 -1.34706e-22
-0.000228718 3.36858e-06 -1.38155e-22
-0.00022789 3.44748e-06 -1.41391e-22
-0.000227099 3.5225e-06 -1.44468e-22
-0.000226329 3.5956e-06 -1.47466e-22
-0.000225559 3.66898e-06 -1.50475e-22
-0.000224767 3.74481e-06 -1.53585e-22
-0.000223939 3.82484e-06 -1.56868e-22
-0.000223063 3.91028e-06 -1.60372e-22
-0.000222134 4.00155e-06 -1.64115e-22
-0.00022115 4.09895e-06 -1.6811e-22
-0.000220111 4.20229e-06 -1.72348e-22
-0.000219033 4.3098e-06 -1.76757e-22
-0.000217939 4.41906e-06 -1.81238e-22
-0.000216852 4.52755e-06 -1.85688e-22
-0.000215795 4.63263e-06 -1.89998e-22
-0.000214796 4.73128e-06 -1.94043e-22
-0.000213885 4.82033e-06 -1.97695e-22
-0.00021309 4.89673e-06 -2.00829e-22
-0.000212431 4.9581e-06 -2.03346e-22
-0.00021192 5.00331e-06 -2.052e-22
-0.00021156 5.03197e-06 -2.06375e-22
-0.000211352 5.04386e-06 -2.06863e-22
-0.000211293 5.03944e-06 -2.06682e-22
-0.000211367 5.02044e-06 -2.05903e-22
-0.000211551 4.98926e-06 -2.04624e-22
-0.000211821 4.94846e-06 -2.02951e-22
-0.000212156 4.90048e-06 -2.00983e-22
-0.000212536 4.8475e-06 -1.9881e-22
-0.000212942 4.79154e-06 -1.96515e-22
-0.000213355 4.73466e-06 -1.94182e-22
-0.000213762 4.67835e-06 -1.91872e-22
-0.000214162 4.6229e-06 -1.89598e-22
-0.000214556 4.56798e-06 -1.87346e-22
-0.00021495 4.51324e-06 -1.85101e-22
-0.000215349 4.45816e-06 -1.82842e-22
-0.000215759 4.40193e-06 -1.80536e-22
-0.000216194 4.3435e-06 -1.78139e-22
-0.00021666 4.28193e-06 -1.75614e-22
-0.000217163 4.21669e-06 -1.72939e-22
-0.0002177 4.14816e-06 -1.70128e-22
-0.000218262 4.07723e-06 -1.67219e-22
-0.000218841 4.00475e-06 -1.64247e-22
-0.000219429 3.93168e-06 -1.6125e-22
-0.000220017 3.85912e-06 -1.58274e-22
-0.000220593 3.78829e-06 -1.55369e-22
-0.000221146 3.72031e-06 -1.52581e-22
-0.000221667 3.65618e-06 -1.49951e-22
-0.000222149 3.59666e-06 -1.47509e-22
-0.000222586 3.54234e-06 -1.45281e-22
-0.000222973 3.49373e-06 -1.43288e-22
-0.000223308 3.45114e-06 -1.41541e-22
-0.00022359 3.4145e-06 -1.40038e-22
-0.000223823 3.38349e-06 -1.38767e-22
-0.000224009 3.35778e-06 -1.37712e-22
-0.000224151 3.33701e-06 -1.36861e-22
-0.000224253 3.32089e-06 -1.36199e-22
-0.000224315 3.30916e-06 -1.35718e-22
-0.00022434 3.30152e-06 -1.35405e-22
-0.000224329 3.29796e-06 -1.35259e-22
-0.000224275 3.29909e-06 -1.35305e-22
-0.00022417 3.30583e-06 -1.35582e-22
-0.000224005 3.31907e-06 -1.36125e-22
-0.000223769 3.33986e-06 -1.36977e-22
-0.000223451 3.36963e-06 -1.38198e-22
-0.000223033 3.40995e-06 -1.39852e-22
-0.000222504 3.46236e-06 -1.42002e-22
-0.000221854 3.52759e-06 -1.44677e-22
-0.000221093 3.6048e-06 -1.47843e-22
-0.000220236 3.6923e-06 -1.51432e-22
-0.000219299 3.78836e-06 -1.55371e-22
-0.000218306 3.89048e-06 -1.5956e-22
-0.000217293 3.99464e-06 -1.63832e-22
-0.000216306 4.09606e-06 -1.67991e-22
-0.000215389 4.19e-06 -1.71844e-22
-0.000214586 4.27183e-06 -1.752e-22
-0.000213938 4.33703e-06 -1.77874e-22
-0.000213488 4.3812e-06 -1.79686e-22
-0.000213274 4.40017e-06 -1.80464e-22
-0.000213332 4.3902e-06 -1.80055e-22
-0.000213691 4.34826e-06 -1.78335e-22
-0.000214376 4.27183e-06 -1.752e-22
-0.000215409 4.15863e-06 -1.70557e-22
-0.000216804 4.00733e-06 -1.64352e-22
-0.000218557 3.81834e-06 -1.56601e-22
-0.000220657 3.59303e-06 -1.4736e-22
-0.000223092 3.33297e-06 -1.36695e-22
-0.00022584 3.04052e-06 -1.24701e-22
-0.000228867 2.71954e-06 -1.11536e-22
-0.000232132 2.37465e-06 -9.73911e-23
-0.000235592 2.01046e-06 -8.24547e-23
-0.000239204 1.63178e-06 -6.69242e-23
-0.00024292 1.24385e-06 -5.10138e-23
-0.000246692 8.51987e-07 -3.49425e-23
-0.000250473 4.61322e-07 -1.89202e-23
-0.000254219 7.65642e-08 -3.14012e-24
-0.000257893 -2.98189e-07 1.22296e-23
-0.000261461 -6.59333e-07 2.70411e-23
-0.000264891 -1.00361e-06 4.11609e-23
-0.000268161 -1.32847e-06 5.44842e-23
-0.000271253 -1.63169e-06 6.69201e-23
-0.000274161 -1.91285e-06 7.84516e-23
-0.000276881 -2.17221e-06 8.90887e-23
-0.000279412 -2.40958e-06 9.8824e-23
-0.000281762 -2.626e-06 1.077e-22
-0.000283942 -2.82276e-06 1.1577e-22
-0.000285964 -3.00149e-06 1.231e-22
-0.000287844 -3.16387e-06 1.29759e-22
-0.000289594 -3.31152e-06 1.35815e-22
-0.000291226 -3.44607e-06 1.41333e-22
-0.000292758 -3.56931e-06 1.46388e-22
-0.000294199 -3.68255e-06 1.51032e-22
-0.000295553 -3.78653e-06 1.55296e-22
-0.000296822 -3.88163e-06 1.59197e-22
-0.000298006 -3.96816e-06 1.62746e-22
-0.000299114 -4.04693e-06 1.65976e-22
-0.000300133 -4.1171e-06 1.68854e-22
-0.000301053 -4.17738e-06 1.71326e-22
-0.000301868 -4.22725e-06 1.73372e-22
-0.000302565 -4.26568e-06 1.74948e-22
-0.000303137 -4.29174e-06 1.76017e-22
-0.000303573 -4.30435e-06 1.76534e-22
-0.000303861 -4.3024e-06 1.76454e-22
-0.000303993 -4.28494e-06 1.75738e-22
-0.000303963 -4.25134e-06 1.7436e-22
-0.000303766 -4.20118e-06 1.72303e-22
-0.000303398 -4.13402e-06 1.69548e-22
-0.00030286 -4.04964e-06 1.66087e-22
-0.000302156 -3.94865e-06 1.61946e-22
-0.000301293 -3.83197e-06 1.5716e-22
-0.000300278 -3.70043e-06 1.51765e-22
-0.000299123 -3.55524e-06 1.45811e-22
-0.000297844 -3.3981e-06 1.39366e-22
-0.000296459 -3.2311e-06 1.32517e-22
-0.000294988 -3.05624e-06 1.25345e-22
-0.000293451 -2.87566e-06 1.17939e-22
-0.000291869 -2.69174e-06 1.10396e-22
-0.000290265 -2.50694e-06 1.02817e-22
-0.000288664 -2.32365e-06 9.52994e-23
-0.000287084 -2.14398e-06 8.79307e-23
-0.000285538 -1.96967e-06 8.07817e-23
-0.000284043 -1.80212e-06 7.391e-23
-0.000282607 -1.6426e-06 6.73679e-23
-0.000281241 -1.49203e-06 6.11925e-23
-0.000279946 -1.35068e-06 5.53951e-23
-0.000278722 -1.21842e-06 4.99708e-23
-0.000277567 -1.09497e-06 4.49078e-23
-0.000276475 -9.79776e-07 4.01834e-23
-0.000275438 -8.71871e-07 3.5758e-23
-0.000274443 -7.70017e-07 3.15806e-23
-0.000273478 -6.72836e-07 2.75949e-23
-0.000272535 -5.793e-07 2.37588e-23
-0.000271612 -4.89234e-07 2.00649e-23
-0.000270712 -4.02864e-07 1.65226e-23
-0.000269836 -3.20301e-07 1.31365e-23
-0.000268991 -2.42124e-07 9.93019e-24
-0.000268193 -1.70015e-07 6.97281e-24
-0.000267463 -1.06176e-07 4.35457e-24
-0.000266822 -5.26659e-08 2.15998e-24
-0.000266289 -1.14207e-08 4.68397e-25
-0.000265883 1.57049e-08 -6.44102e-25
-0.00026562 2.69822e-08 -1.10662e-24
-0.000265517 2.0844e-08 -8.54872e-25
-0.000265585 -3.76268e-09 1.54318e-25
-0.000265827 -4.7007e-08 1.92789e-24
-0.000266241 -1.08535e-07 4.45133e-24
-0.000266825 -1.87883e-07 7.70564e-24
-0.000267572 -2.84153e-07 1.16539e-23
-0.000268468 -3.9565e-07 1.62268e-23
-0.000269494 -5.2027e-07 2.13378e-23
-0.000270634 -6.55924e-07 2.69014e-23
-0.000271867 -8.00235e-07 3.28199e-23
-0.000273165 -9.50178e-07 3.89695e-23
-0.000274499 -1.10248e-06 4.52158e-23
-0.000275843 -1.25404e-06 5.14319e-23
-0.000277166 -1.40171e-06 5.74882e-23
-0.000278437 -1.54197e-06 6.32405e-23
-0.000279624 -1.67127e-06 6.85438e-23
-0.000280697 -1.78642e-06 7.32661e-23
-0.000281631 -1.8849e-06 7.73053e-23
-0.000282415 -1.96536e-06 8.06051e-23
-0.000283042 -2.0272e-06 8.31414e-23
-0.000283509 -2.07019e-06 8.49044e-23
-0.000283821 -2.09514e-06 8.59276e-23
-0.000284003 -2.10465e-06 8.63177e-23
-0.000284086 -2.10239e-06 8.6225e-23
-0.000284105 -2.09223e-06 8.58083e-23
-0.000284097 -2.07846e-06 8.52436e-23
-0.000284107 -2.06602e-06 8.47336e-23
-0.000284181 -2.06018e-06 8.4494e-23
-0.000284366 -2.06615e-06 8.47388e-23
-0.000284707 -2.08907e-06 8.56789e-23
-0.00028525 -2.13399e-06 8.75211e-23
-0.000286039 -2.20573e-06 9.04635e-23
-0.000287113 -2.30885e-06 9.46926e-23
-0.000288507 -2.44732e-06 1.00372e-22
-0.000290254 -2.6243e-06 1.0763e-22
-0.000292372 -2.84226e-06 1.16569e-22
-0.000294878 -3.10327e-06 1.27274e-22
-0.000297787 -3.40881e-06 1.39805e-22
-0.000301107 -3.75977e-06 1.54199e-22
-0.000304841 -4.15649e-06 1.7047e-22
-0.000308988 -4.59883e-06 1.88611e-22
-0.000313541 -5.08594e-06 2.08589e-22
-0.000318485 -5.6161e-06 2.30333e-22
-0.000323799 -6.18696e-06 2.53745e-22
-0.000329459 -6.79576e-06 2.78714e-22
-0.000335435 -7.43902e-06 3.05096e-22
-0.000341686 -8.11224e-06 3.32706e-22
-0.000348168 -8.81019e-06 3.61331e-22
-0.000354831 -9.52761e-06 3.90755e-22
-0.000361625 -1.02588e-05 4.20744e-22
-0.000368492 -1.09975e-05 4.51037e-22
-0.000375372 -1.1737e-05 4.81367e-22
-0.000382208 -1.24708e-05 5.11464e-22
-0.000388939 -1.31925e-05 5.41062e-22
-0.000395503 -1.38951e-05 5.69877e-22
-0.000401837 -1.45718e-05 5.9763e-22
-0.000407883 -1.52161e-05 6.24055e-22
-0.000413587 -1.58222e-05 6.48915e-22
-0.000418904 -1.63855e-05 6.72016e-22
-0.000423799 -1.69019e-05 6.93197e-22
-0.00042824 -1.73682e-05 7.12318e-22
-0.000432204 -1.77817e-05 7.29279e-22
-0.000435679 -1.81416e-05 7.44039e-22
-0.000438665 -1.84479e-05 7.56601e-22
-0.000441166 -1.8701e-05 7.66984e-22
-0.000443192 -1.89023e-05 7.75238e-22
-0.000444759 -1.90538e-05 7.81451e-22
-0.000445893 -1.91583e-05 7.85736e-22
-0.00044662 -1.92188e-05 7.88219e-22
-0.000446966 -1.92383e-05 7.8902e-22
-0.000446949 -1.92191e-05 7.8823e-22
-0.000446585 -1.9163e-05 7.85931e-22
-0.000445893 -1.90722e-05 7.82205e-22
-0.00044489 -1.89487e-05 7.77141e-22
-0.000443594 -1.87947e-05 7.70826e-22
-0.000442025 -1.86123e-05 7.63344e-22
-0.0004402 -1.84035e-05 7.54782e-22
-0.000438135 -1.81703e-05 7.45216e-22
-0.000435843 -1.79139e-05 7.347e-22
-0.000433334 -1.76354e-05 7.23278e-22
-0.000430618 -1.73358e-05 7.10992e-22
-0.000427701 -1.70162e-05 6.97883e-22
-0.000424596 -1.66775e-05 6.83994e-22
-0.000421314 -1.63209e-05 6.69369e-22
-0.000417865 -1.59475e-05 6.54052e-22
-0.000414257 -1.55582e-05 6.38088e-22
-0.000410501 -1.51541e-05 6.21513e-22
-0.000406607 -1.47361e-05 6.04369e-22
-0.000402584 -1.43051e-05 5.86692e-22
-0.000398441 -1.38621e-05 5.68524e-22
-0.00039419 -1.34081e-05 5.49904e-22
-0.00038984 -1.29441e-05 5.30875e-22
-0.000385403 -1.24712e-05 5.11481e-22
-0.00038089 -1.19907e-05 4.91771e-22
-0.000376316 -1.15038e-05 4.71804e-22
-0.000371695 -1.10123e-05 4.51644e-22
-0.000367044 -1.05176e-05 4.31357e-22
-0.000362373 -1.00211e-05 4.10995e-22
-0.000357688 -9.52326e-06 3.90576e-22
-0.000352989 -9.02404e-06 3.70102e-22
-0.000348276 -8.52356e-06 3.49576e-22
-0.000343552 -8.02172e-06 3.28994e-22
-0.000338809 -7.5179e-06 3.08331e-22
-0.000334036 -7.01129e-06 2.87553e-22
-0.000329227 -6.50111e-06 2.66629e-22
-0.000324372 -5.98653e-06 2.45525e-22
-0.000319461 -5.46651e-06 2.24197e-22
-0.000314486 -4.9399e-06 2.026e-22
-0.000309433 -4.40564e-06 1.80688e-22
-0.000304295 -3.86322e-06 1.58442e-22
-0.000299079 -3.31338e-06 1.35891e-22
-0.000293796 -2.75742e-06 1.1309e-22
-0.000288457 -2.19666e-06 9.00912e-23
-0.000283076 -1.63264e-06 6.69592e-23
-0.000277672 -1.06751e-06 4.37815e-23
-0.000272265 -5.03635e-07 2.06555e-23
-0.000266877 5.67642e-08 -2.32806e-24
-0.000261523 6.11911e-07 -2.50962e-23
-0.000256212 1.16073e-06 -4.76051e-23
-0.00025095 1.70265e-06 -6.98305e-23
-0.000245741 2.2373e-06 -9.1758e-23
-0.000240586 2.76458e-06 -1.13383e-22
-0.000235491 3.28377e-06 -1.34677e-22
-0.00023045 3.79574e-06 -1.55674e-22
-0.00022545 4.30194e-06 -1.76435e-22
-0.00022049 4.80251e-06 -1.96965e-22
-0.000215569 5.29778e-06 -2.17277e-22
-0.00021069 5.7876e-06 -2.37366e-22
-0.000205853 6.27204e-06 -2.57235e-22
-0.000201064 6.7507e-06 -2.76866e-22
-0.000196338 7.22201e-06 -2.96195e-22
-0.000191698 7.68387e-06 -3.15138e-22
-0.000187163 8.13422e-06 -3.33608e-22
-0.000182753 8.57194e-06 -3.5156e-22
-0.000178492 8.99407e-06 -3.68873e-22
-0.000174409 9.39724e-06 -3.85408e-22
-0.000170528 9.77936e-06 -4.0108e-22
-0.000166874 1.01376e-05 -4.15774e-22
-0.000163474 1.04695e-05 -4.29385e-22
-0.000160354 1.07721e-05 -4.41797e-22
-0.000157541 1.10429e-05 -4.529e-22
-0.000155056 1.12793e-05 -4.62597e-22
-0.000152919 1.14797e-05 -4.70814e-22
-0.000151142 1.16425e-05 -4.77491e-22
-0.00014974 1.17663e-05 -4.8257e-22
-0.000148727 1.18496e-05 -4.85988e-22
-0.000148121 1.18906e-05 -4.87666e-22
-0.000147942 1.18869e-05 -4.87517e-22
-0.000148209 1.18368e-05 -4.8546e-22
-0.000148935 1.17385e-05 -4.81432e-22
-0.000150128 1.15914e-05 -4.75399e-22
-0.000151793 1.13953e-05 -4.67353e-22
-0.000153929 1.11498e-05 -4.57284e-22
-0.000156529 1.08555e-05 -4.45215e-22
-0.000159575 1.05144e-05 -4.31224e-22
-0.000163042 1.0129e-05 -4.15419e-22
-0.000166903 9.70224e-06 -3.97917e-22
-0.000171129 9.2372e-06 -3.78844e-22
-0.000175686 8.73743e-06 -3.58347e-22
-0.000180544 8.20674e-06 -3.36582e-22
-0.000185662 7.6491e-06 -3.13712e-22
-0.000190999 7.06846e-06 -2.89898e-22
-0.000196519 6.46878e-06 -2.65303e-22
-0.000202184 5.85402e-06 -2.4009e-22
-0.000207957 5.22818e-06 -2.14423e-22
-0.000213802 4.59504e-06 -1.88456e-22
-0.000219694 3.95767e-06 -1.62315e-22
-0.000225601 3.31912e-06 -1.36127e-22
-0.000231493 2.68232e-06 -1.1001e-22
-0.00023735 2.04982e-06 -8.40692e-23
-0.000243155 1.42364e-06 -5.83878e-23
-0.000248891 8.05311e-07 -3.30281e-23
-0.00025454 1.96464e-07 -8.05757e-24
-0.000260093 -4.01432e-07 1.64639e-23
-0.000265533 -9.86929e-07 4.04768e-23
-0.000270845 -1.55813e-06 6.39034e-23
-0.000276019 -2.114e-06 8.67011e-23
-0.000281043 -2.65369e-06 1.08835e-22
-0.000285904 -3.17554e-06 1.30238e-22
-0.000290589 -3.6782e-06 1.50854e-22
-0.000295086 -4.16031e-06 1.70626e-22
-0.000299382 -4.62053e-06 1.89501e-22
-0.000303463 -5.05733e-06 2.07416e-22
-0.000307315 -5.46916e-06 2.24306e-22
-0.000310926 -5.85468e-06 2.40117e-22
-0.000314281 -6.21237e-06 2.54787e-22
-0.000317363 -6.54034e-06 2.68238e-22
-0.000320152 -6.83651e-06 2.80385e-22
-0.000322632 -7.09909e-06 2.91154e-22
-0.000324788 -7.32667e-06 3.00488e-22
-0.000326614 -7.51836e-06 3.0835e-22
-0.000328103 -7.67371e-06 3.14721e-22
-0.000329254 -7.79253e-06 3.19594e-22
-0.000330068 -7.875e-06 3.22977e-22
-0.00033055 -7.92174e-06 3.24893e-22
-0.000330708 -7.93373e-06 3.25385e-22
-0.000330552 -7.91216e-06 3.24501e-22
-0.000330097 -7.85871e-06 3.22308e-22
-0.000329365 -7.77579e-06 3.18908e-22
-0.000328381 -7.66627e-06 3.14416e-22
-0.000327172 -7.5331e-06 3.08954e-22
-0.000325766 -7.37929e-06 3.02646e-22
-0.000324188 -7.2078e-06 2.95613e-22
-0.000322465 -7.02159e-06 2.87976e-22
-0.000320624 -6.82354e-06 2.79853e-22
-0.00031869 -6.61636e-06 2.71356e-22
-0.000316683 -6.4024e-06 2.62581e-22
-0.000314624 -6.18374e-06 2.53613e-22
-0.000312529 -5.96232e-06 2.44532e-22
-0.000310414 -5.73968e-06 2.35401e-22
-0.000308286 -5.51668e-06 2.26255e-22
-0.00030615 -5.29371e-06 2.1711e-22
-0.000304009 -5.07104e-06 2.07978e-22
-0.000301864 -4.84864e-06 1.98857e-22
-0.000299711 -4.62609e-06 1.89729e-22
-0.000297545 -4.40271e-06 1.80568e-22
-0.000295361 -4.17772e-06 1.7134e-22
-0.000293152 -3.95027e-06 1.62012e-22
-0.00029091 -3.71944e-06 1.52545e-22
-0.000288629 -3.4843e-06 1.42901e-22
-0.000286302 -3.2439e-06 1.33042e-22
-0.000283922 -2.99741e-06 1.22933e-22
-0.000281485 -2.74422e-06 1.12548e-22
-0.00027899 -2.48383e-06 1.01869e-22
-0.000276432 -2.21572e-06 9.08732e-23
-0.000273813 -1.93976e-06 7.9555e-23
-0.000271142 -1.65675e-06 6.79482e-23
-0.000268428 -1.36776e-06 5.60958e-23
-0.000265685 -1.07386e-06 4.40421e-23
-0.000262926 -7.76348e-07 3.18403e-23
-0.000260162 -4.76626e-07 1.95478e-23
-0.000257416 -1.76269e-07 7.22932e-24
-0.0002547 1.22957e-07 -5.04283e-24
-0.000252028 4.19375e-07 -1.71998e-23
-0.000249417 7.11486e-07 -2.91801e-23
-0.000246878 9.97856e-07 -4.0925e-23
-0.000244428 1.27692e-06 -5.23701e-23
-0.000242084 1.54698e-06 -6.34463e-23
-0.000239857 1.80681e-06 -7.41025e-23
-0.000237756 2.0551e-06 -8.42855e-23
-0.000235796 2.29039e-06 -9.39357e-23
-0.000233992 2.5109e-06 -1.02979e-22
-0.000232372 2.71397e-06 -1.11308e-22
-0.00023096 2.89664e-06 -1.18799e-22
-0.000229788 3.05585e-06 -1.25329e-22
-0.000228879 3.18874e-06 -1.30779e-22
-0.000228255 3.29258e-06 -1.35038e-22
-0.000227941 3.3649e-06 -1.38004e-22
-0.000227954 3.40385e-06 -1.39602e-22
-0.000228316 3.40706e-06 -1.39734e-22
-0.000229045 3.37236e-06 -1.3831e-22
-0.000230156 3.29847e-06 -1.3528e-22
-0.000231658 3.18383e-06 -1.30578e-22
-0.00023356 3.02735e-06 -1.24161e-22
-0.000235871 2.82814e-06 -1.1599e-22
-0.000238596 2.58553e-06 -1.0604e-22
-0.000241739 2.2991e-06 -9.42926e-23
-0.000245307 1.96791e-06 -8.07095e-23
-0.000249321 1.58989e-06 -6.52061e-23
-0.000253804 1.16244e-06 -4.7675e-23
-0.00025879 6.81906e-07 -2.79669e-23
-0.000264294 1.46625e-07 -6.01351e-24
-0.000270328 -4.44701e-07 1.82385e-23
-0.000276919 -1.09486e-06 4.49035e-23
-0.000284081 -1.80544e-06 7.40465e-23
-0.00029183 -2.57808e-06 1.05734e-22
-0.000300174 -3.41369e-06 1.40005e-22
-0.00030912 -4.31285e-06 1.76882e-22
-0.00031867 -5.27579e-06 2.16375e-22
-0.000328826 -6.30272e-06 2.58493e-22
-0.000339594 -7.39422e-06 3.03258e-22
-0.000350982 -8.55086e-06 3.50696e-22
-0.000362991 -9.77297e-06 4.00818e-22
-0.000375623 -1.10604e-05 4.5362e-22
-0.000388873 -1.24128e-05 5.09084e-22
-0.000402736 -1.38292e-05 5.67175e-22
-0.000417201 -1.53086e-05 6.27851e-22
-0.000432252 -1.68492e-05 6.91035e-22
-0.000447863 -1.84479e-05 7.56602e-22
-0.000463999 -2.0101e-05 8.24399e-22
-0.000480625 -2.18045e-05 8.94264e-22
-0.000497693 -2.35533e-05 9.6599e-22
-0.000515136 -2.53403e-05 1.03928e-21
-0.000532878 -2.71569e-05 1.11378e-21
-0.000550841 -2.89949e-05 1.18916e-21
-0.000568944 -3.08456e-05 1.26507e-21
-0.000587099 -3.26995e-05 1.3411e-21
-0.000605217 -3.4547e-05 1.41687e-21
-0.000623209 -3.63787e-05 1.49199e-21
-0.000640987 -3.8185e-05 1.56608e-21
-0.000658453 -3.99558e-05 1.6387e-21
-0.000675512 -4.16807e-05 1.70945e-21
-0.00069207 -4.33501e-05 1.77791e-21
-0.00070805 -4.49557e-05 1.84376e-21
-0.000723399 -4.64921e-05 1.90678e-21
-0.000738081 -4.79556e-05 1.9668e-21
-0.000752061 -4.9343e-05 2.0237e-21
-0.000765323 -5.06525e-05 2.07741e-21
-0.000777869 -5.18849e-05 2.12795e-21
-0.000789712 -5.30419e-05 2.1754e-21
-0.000800874 -5.41262e-05 2.21987e-21
-0.000811375 -5.51403e-05 2.26146e-21
-0.00082124 -5.60873e-05 2.3003e-21
-0.000830494 -5.69702e-05 2.33651e-21
-0.000839164 -5.77923e-05 2.37023e-21
-0.000847275 -5.85566e-05 2.40158e-21
-0.000854849 -5.92658e-05 2.43066e-21
-0.000861905 -5.99222e-05 2.45758e-21
-0.000868461 -6.05279e-05 2.48242e-21
-0.000874528 -6.10846e-05 2.50525e-21
-0.000880103 -6.15919e-05 2.52606e-21
-0.000885174 -6.20488e-05 2.5448e-21
-0.000889727 -6.2454e-05 2.56142e-21
-0.000893745 -6.28058e-05 2.57585e-21
-0.000897199 -6.31011e-05 2.58796e-21
-0.000900054 -6.33364e-05 2.59761e-21
-0.000902276 -6.35079e-05 2.60464e-21
-0.000903835 -6.36126e-05 2.60894e-21
-0.00090471 -6.36482e-05 2.6104e-21
-0.000904885 -6.36131e-05 2.60896e-21
-0.000904346 -6.35057e-05 2.60455e-21
-0.000903082 -6.33249e-05 2.59714e-21
-0.000901089 -6.30704e-05 2.5867e-21
-0.000898369 -6.27421e-05 2.57324e-21
-0.000894922 -6.23404e-05 2.55676e-21
-0.000890754 -6.1866e-05 2.5373e-21
-0.00088588 -6.13201e-05 2.51492e-21
-0.000880313 -6.07047e-05 2.48967e-21
-0.000874073 -6.00215e-05 2.46166e-21
-0.000867177 -5.92728e-05 2.43095e-21
-0.000859647 -5.84607e-05 2.39764e-21
-0.000851502 -5.75876e-05 2.36183e-21
-0.000842765 -5.66558e-05 2.32362e-21
-0.000833456 -5.56676e-05 2.28309e-21
-0.000823594 -5.4625e-05 2.24033e-21
-0.000813196 -5.35301e-05 2.19543e-21
-0.00080228 -5.23848e-05 2.14845e-21
-0.000790861 -5.11906e-05 2.09948e-21
-0.000778949 -4.99488e-05 2.04854e-21
-0.000766552 -4.866e-05 1.99569e-21
-0.000753675 -4.73251e-05 1.94094e-21
-0.000740329 -4.59451e-05 1.88434e-21
-0.000726535 -4.4522e-05 1.82598e-21
-0.000712314 -4.30584e-05 1.76595e-21
-0.00069769 -4.15565e-05 1.70435e-21
-0.000682688 -4.00191e-05 1.6413e-21
-0.000667343 -3.84497e-05 1.57693e-21
-0.000651695 -3.68525e-05 1.51143e-21
-0.00063578 -3.52312e-05 1.44493e-21
-0.000619645 -3.35907e-05 1.37765e-21
-0.00060336 -3.19381e-05 1.30988e-21
-0.000587003 -3.02817e-05 1.24194e-21
-0.00057065 -2.86294e-05 1.17417e-21
-0.000554382 -2.69895e-05 1.10692e-21
-0.000538295 -2.53721e-05 1.04058e-21
-0.00052249 -2.37874e-05 9.75591e-22
-0.000507063 -2.22456e-05 9.12356e-22
-0.000492113 -2.07569e-05 8.513e-22
-0.000477753 -1.93328e-05 7.92892e-22
-0.000464096 -1.7985e-05 7.37618e-22
-0.000451251 -1.67249e-05 6.85935e-22
-0.000439323 -1.5563e-05 6.38283e-22
-0.000428413 -1.45097e-05 5.95085e-22
-0.000418617 -1.35748e-05 5.56741e-22
-0.000410026 -1.27674e-05 5.23626e-22
-0.000402717 -1.20953e-05 4.96064e-22
-0.000396754 -1.15647e-05 4.74302e-22
-0.000392187 -1.11804e-05 4.58541e-22
-0.00038906 -1.09466e-05 4.48953e-22
-0.000387404 -1.0866e-05 4.45648e-22
-0.000387226 -1.09388e-05 4.48634e-22
-0.000388518 -1.11637e-05 4.57855e-22
-0.00039127 -1.15389e-05 4.73242e-22
-0.000395455 -1.20612e-05 4.94665e-22
-0.000401026 -1.27251e-05 5.21893e-22
-0.00040792 -1.35235e-05 5.54638e-22
-0.000416076 -1.44494e-05 5.92612e-22
-0.000425427 -1.54954e-05 6.35512e-22
-0.000435902 -1.66536e-05 6.83014e-22
-0.000447426 -1.79159e-05 7.34784e-22
-0.000459927 -1.92744e-05 7.90499e-22
-0.000473333 -2.07213e-05 8.49842e-22
-0.000487572 -2.2249e-05 9.12494e-22
-0.000502571 -2.38497e-05 9.78145e-22
-0.000518263 -2.55164e-05 1.0465e-21
-0.000534587 -2.72427e-05 1.1173e-21
-0.000551491 -2.90234e-05 1.19034e-21
-0.000568933 -3.08544e-05 1.26543e-21
-0.000586873 -3.27316e-05 1.34242e-21
-0.000605277 -3.46519e-05 1.42118e-21
-0.000624123 -3.66133e-05 1.50162e-21
-0.000643393 -3.86145e-05 1.58369e-21
-0.000663074 -4.06543e-05 1.66735e-21
-0.000683143 -4.27311e-05 1.75253e-21
-0.000703566 -4.48416e-05 1.83908e-21
-0.000724302 -4.69818e-05 1.92686e-21
-0.000745309 -4.91477e-05 2.01569e-21
-0.000766532 -5.1334e-05 2.10536e-21
-0.000787896 -5.35322e-05 2.19551e-21
-0.000809311 -5.57323e-05 2.28574e-21
-0.000830668 -5.79243e-05 2.37564e-21
-0.000851853 -6.00969e-05 2.46475e-21
-0.000872731 -6.22358e-05 2.55247e-21
-0.00089316 -6.43252e-05 2.63816e-21
-0.000912988 -6.63497e-05 2.72119e-21
-0.000932071 -6.82937e-05 2.80092e-21
-0.000950249 -7.01406e-05 2.87667e-21
-0.000967352 -7.18737e-05 2.94775e-21
-0.000983236 -7.3477e-05 3.0135e-21
-0.000997751 -7.49353e-05 3.07331e-21
-0.00101077 -7.6235e-05 3.12662e-21
-0.00102217 -7.73633e-05 3.17289e-21
-0.00103183 -7.83085e-05 3.21166e-21
-0.00103966 -7.90606e-05 3.2425e-21
-0.00104558 -7.96116e-05 3.2651e-21
-0.00104952 -7.99553e-05 3.2792e-21
-0.00105144 -8.00865e-05 3.28458e-21
-0.00105129 -8.0002e-05 3.28111e-21
-0.00104908 -7.97022e-05 3.26882e-21
-0.00104482 -7.91893e-05 3.24778e-21
-0.00103852 -7.84665e-05 3.21814e-21
-0.00103024 -7.75387e-05 3.18008e-21
-0.00102004 -7.64132e-05 3.13393e-21
-0.00100798 -7.50992e-05 3.08004e-21
-0.00099416 -7.36061e-05 3.0188e-21
-0.000978662 -7.1944e-05 2.95063e-21
-0.000961589 -7.01243e-05 2.876e-21
-0.000943047 -6.81589e-05 2.79539e-21
-0.000923141 -6.60596e-05 2.70929e-21
-0.000901971 -6.38375e-05 2.61816e-21
-0.000879632 -6.1503e-05 2.52241e-21
-0.00085621 -5.90654e-05 2.42244e-21
-0.000831787 -5.65338e-05 2.31861e-21
-0.000806436 -5.3916e-05 2.21125e-21
-0.000780225 -5.12191e-05 2.10064e-21
-0.000753211 -4.84491e-05 1.98704e-21
-0.000725446 -4.56112e-05 1.87065e-21
-0.000696973 -4.27098e-05 1.75165e-21
-0.000667837 -3.97477e-05 1.63017e-21
-0.000638055 -3.67273e-05 1.50629e-21
-0.00060764 -3.36499e-05 1.38008e-21
-0.000576612 -3.05166e-05 1.25157e-21
-0.000545008 -2.73284e-05 1.12082e-21
-0.000512831 -2.40861e-05 9.87842e-22
-0.00048008 -2.07905e-05 8.52678e-22
-0.00044678 -1.74422e-05 7.15354e-22
-0.000412957 -1.40427e-05 5.75932e-22
-0.000378635 -1.05941e-05 4.34496e-22
-0.000343834 -7.09841e-06 2.91126e-22
-0.000308588 -3.55774e-06 1.45913e-22
-0.000272922 2.5478e-08 -1.04493e-24
-0.000236875 3.64848e-06 -1.49635e-22
-0.00020055 7.30078e-06 -2.99426e-22
-0.000163952 1.09822e-05 -4.50411e-22
-0.000127044 1.47029e-05 -6.0301e-22
-8.99109e-05 1.84518e-05 -7.5676e-22
-5.26088e-05 2.22193e-05 -9.11278e-22
-1.51876e-05 2.60033e-05 -1.06647e-21
2.23008e-05 2.9797e-05 -1.22206e-21
5.98028e-05 3.35961e-05 -1.37787e-21
9.72609e-05 3.73941e-05 -1.53364e-21
0.000134608 4.11844e-05 -1.68909e-21
0.000171764 4.49587e-05 -1.84388e-21
0.000208641 4.87075e-05 -1.99764e-21
0.000245147 5.24213e-05 -2.14995e-21
0.000281188 5.60898e-05 -2.30041e-21
0.000316665 5.97026e-05 -2.44857e-21
0.000351476 6.32486e-05 -2.59401e-21
0.00038552 6.6717e-05 -2.73626e-21
0.000418691 7.00971e-05 -2.87489e-21
0.000450898 7.33786e-05 -3.00947e-21
0.000482054 7.65512e-05 -3.13959e-21
0.000512065 7.96055e-05 -3.26485e-21
0.000540853 8.25323e-05 -3.38489e-21
0.000568344 8.5324e-05 -3.49938e-21
0.000594475 8.79733e-05 -3.60804e-21
0.000619177 9.04738e-05 -3.71059e-21
0.000642412 9.28205e-05 -3.80684e-21
0.000664157 9.50104e-05 -3.89665e-21
0.000684393 9.70416e-05 -3.97996e-21
0.000703113 9.89131e-05 -4.05671e-21
0.000720315 0.000100625 -4.12691e-21
0.000736009 0.000102177 -4.19058e-21
0.000750213 0.000103573 -4.24781e-21
0.000762951 0.000104813 -4.29869e-21
0.000774252 0.000105902 -4.34335e-21
0.000784147 0.000106842 -4.38191e-21
0.000792671 0.000107638 -4.41454e-21
0.000799867 0.000108293 -4.4414e-21
0.000805781 0.000108812 -4.4627e-21
0.000810464 0.000109201 -4.47866e-21
0.000813972 0.000109466 -4.48952e-21
0.000816367 0.000109613 -4.49553e-21
0.000817708 0.000109647 -4.49696e-21
0.00081803 0.000109576 -4.49403e-21
0.000817404 0.000109405 -4.48701e-21
0.00081589 0.000109139 -4.47612e-21
0.000813523 0.000108786 -4.46161e-21
0.000810384 0.00010835 -4.44373e-21
0.000806524 0.000107837 -4.42269e-21
0.000802003 0.000107253 -4.39874e-21
0.000796893 0.000106604 -4.37214e-21
0.000791259 0.000105898 -4.34319e-21
0.000785178 0.000105142 -4.3122e-21
0.000778726 0.000104345 -4.27949e-21
0.000771975 0.000103513 -4.24537e-21
0.000764981 0.000102652 -4.21007e-21
0.000757794 0.000101768 -4.17379e-21
0.000750465 0.000100865 -4.13676e-21
0.000743044 9.99488e-05 -4.09919e-21
0.000735565 9.90229e-05 -4.06121e-21
0.000728062 9.80905e-05 -4.02298e-21
0.000720568 9.71553e-05 -3.98462e-21
0.000713114 9.62205e-05 -3.94628e-21
0.000705716 9.52879e-05 -3.90803e-21
0.000698386 9.43587e-05 -3.86992e-21
0.000691138 9.34346e-05 -3.83202e-21
0.000683991 9.25179e-05 -3.79442e-21
0.000676963 9.16106e-05 -3.75722e-21
0.000670077 9.07156e-05 -3.72051e-21
0.000663358 8.98358e-05 -3.68442e-21
0.000656827 8.8974e-05 -3.64908e-21
0.000650502 8.81325e-05 -3.61457e-21
0.000644396 8.73134e-05 -3.58097e-21
0.000638524 8.65187e-05 -3.54838e-21
0.000632903 8.57507e-05 -3.51689e-21
0.000627549 8.5012e-05 -3.48659e-21
0.000622479 8.4305e-05 -3.45759e-21
0.000617709 8.3632e-05 -3.42999e-21
0.000613261 8.29961e-05 -3.40391e-21
0.000609172 8.24019e-05 -3.37954e-21
0.000605486 8.18546e-05 -3.3571e-21
0.000602239 8.13591e-05 -3.33677e-21
0.000599476 8.09205e-05 -3.31878e-21
0.000597262 8.05464e-05 -3.30344e-21
0.000595665 8.02447e-05 -3.29107e-21
0.000594746 8.00224e-05 -3.28195e-21
0.000594565 7.98865e-05 -3.27638e-21
0.000595193 7.98447e-05 -3.27466e-21
0.000596697 7.99046e-05 -3.27712e-21
0.000599133 8.00726e-05 -3.28401e-21
0.000602552 8.03541e-05 -3.29555e-21
0.000606999 8.07541e-05 -3.31196e-21
0.000612516 8.12768e-05 -3.3334e-21
0.000619126 8.1925e-05 -3.35998e-21
0.000626849 8.27003e-05 -3.39178e-21
0.000635696 8.36039e-05 -3.42884e-21
0.000645672 8.46358e-05 -3.47116e-21
0.00065677 8.5795e-05 -3.5187e-21
0.000668969 8.70786e-05 -3.57135e-21
0.000682233 8.84825e-05 -3.62892e-21
0.000696516 9.0001e-05 -3.6912e-21
0.000711762 9.16276e-05 -3.75791e-21
0.000727914 9.33556e-05 -3.82878e-21
0.000744924 9.51793e-05 -3.90358e-21
0.000762749 9.70932e-05 -3.98207e-21
0.000781337 9.90914e-05 -4.06403e-21
0.000800634 0.000101168 -4.14917e-21
0.000820589 0.000103315 -4.23726e-21
0.000841147 0.000105529 -4.32803e-21
0.000862252 0.000107801 -4.42122e-21
0.000883847 0.000110125 -4.51655e-21
0.000905876 0.000112495 -4.61376e-21
0.000928282 0.000114905 -4.71259e-21
0.000951012 0.000117348 -4.81279e-21
0.000974005 0.000119818 -4.91409e-21
0.000997193 0.000122307 -5.01618e-21
0.0010205 0.000124808 -5.11874e-21
0.00104387 0.000127313 -5.22146e-21
0.00106722 0.000129814 -5.32405e-21
0.0010905 0.000132306 -5.42623e-21
0.00111364 0.000134781 -5.52774e-21
0.00113659 0.000137233 -5.62834e-21
0.00115929 0.000139658 -5.72779e-21
0.0011817 0.000142051 -5.82593e-21
0.00120379 0.000144408 -5.9226e-21
0.00122552 0.000146726 -6.01766e-21
0.00124686 0.000149001 -6.11098e-21
0.00126776 0.000151231 -6.2024e-21
0.00128821 0.00015341 -6.29177e-21
0.00130895 0.00015556 -1.57125e-20
0.00132913 0.000157678 -1.5798e-20
0.0013487 0.000159734 -1.58811e-20
0.00136764 0.000161723 -1.59614e-20
0.0013859 0.000163642 -1.60389e-20
0.00140343 0.000165487 -1.61134e-20
0.00142018 0.000167251 -1.61846e-20
0.00143611 0.00016893 -1.62525e-20
0.00145102 0.00017032 -1.15122e-20
0.00146685 0.000171891 -1.49491e-20
0.00148113 0.000173297 -1.43136e-20
0.00149427 0.000174611 -2.40424e-21
0.0015062 0.000175808 -1.35437e-20
0.00151684 0.00017688 -7.56716e-21
0.00152613 0.000177819 -1.43272e-21
0.00153398 0.000178618 -5.73982e-21
0.00154032 0.000179301 -5.71263e-21
0.00154507 0.000179821 -5.67937e-21
0.00154816 0.00018017 -5.66596e-21
0.00154953 0.000180343 -5.65663e-21
0.00154917 0.000180258 -5.09524e-21
0.00154722 0.000180083 -5.08806e-21
0.00154362 0.000179736 -5.07382e-21
0.00153835 0.000179214 -5.05244e-21
0.00153142 0.000178518 -5.02387e-21
0.00152281 0.000177645 -4.9881e-21
0.00151253 0.000176599 -4.9452e-21
0.00150062 0.000175383 -4.89529e-21
0.00148709 0.000173998 -4.83852e-21
0.00147199 0.000172451 -4.77505e-21
0.00145536 0.000170745 -4.7051e-21
0.00143724 0.000168887 -4.62888e-21
0.00141769 0.000166882 -4.54665e-21
0.00139677 0.000164737 -4.45869e-21
0.00137456 0.000162461 -4.36534e-21
0.00135113 0.000160063 -4.26697e-21
0.00132658 0.000157551 -4.16398e-21
0.00130098 0.000154936 -4.05673e-21
0.00127442 0.000152226 -3.94557e-21
0.00124696 0.000149428 -3.83084e-21
0.00121869 0.000146552 -3.71285e-21
0.00118966 0.000143602 -3.5919e-21
0.00115993 0.000140587 -3.46822e-21
0.00112954 0.000137509 -3.342e-21
0.00109853 0.000134374 -3.21341e-21
0.00106695 0.000131184 -3.0826e-21
0.00103482 0.000127943 -2.94967e-21
0.00100216 0.000124652 -2.81467e-21
0.00096898 0.000121311 -2.67766e-21
0.000935299 0.000117922 -2.53868e-21
0.000901126 0.000114486 -2.39775e-21
0.000866473 0.000111003 -2.25488e-21
0.000831348 0.000107472 -2.11009e-21
0.000795764 0.000103895 -1.9634e-21
0.000759747 0.000100274 -1.81488e-21
0.000723328 9.66112e-05 -1.66465e-21
0.000686538 9.29092e-05 -1.51282e-21
0.000649411 8.91708e-05 -1.3595e-21
0.00061198 8.53988e-05 -1.2048e-21
0.000574277 8.15961e-05 -1.04884e-21
0.000536341 7.77661e-05 -8.91762e-22
0.000498216 7.3913e-05 -7.33734e-22
0.000459959 7.00422e-05 -5.74981e-22
0.000421634 6.616e-05 -4.15762e-22
0.000383309 6.22734e-05 -2.56361e-22
0.000345054 5.83894e-05 -9.70648e-23
0.000306934 5.45146e-05 6.18517e-23
0.000269015 5.06558e-05 2.20113e-22
0.000231366 4.68202e-05 3.77422e-22
0.000194064 4.30158e-05 5.33449e-22
0.000157195 3.9252e-05 6.87816e-22
0.000120854 3.55386e-05 8.40112e-22
8.51356e-05 3.18859e-05 9.89918e-22
5.01321e-05 2.83039e-05 1.13683e-21
1.59248e-05 2.48014e-05 1.28047e-21
-1.74105e-05 2.13867e-05 1.42052e-21
-4.97984e-05 1.8068e-05 1.55663e-21
-8.11614e-05 1.48538e-05 1.68846e-21
-0.000111417 1.17533e-05 1.81562e-21
-0.000140481 8.77556e-06 1.93774e-21
-0.000168273 5.92958e-06 2.05446e-21
-0.000194723 3.22318e-06 2.16546e-21
-0.000219774 6.62668e-07 2.27047e-21
-0.00024338 -1.74683e-06 2.36929e-21
-0.000265504 -4.00083e-06 2.46174e-21
-0.000286113 -6.09584e-06 2.54766e-21
-0.000305189 -8.02971e-06 2.62697e-21
-0.000322726 -9.80133e-06 2.69963e-21
-0.000338721 -1.14104e-05 2.76563e-21
-0.000353182 -1.28577e-05 2.82498e-21
-0.000366132 -1.41452e-05 2.87779e-21
-0.00037759 -1.52734e-05 2.92406e-21
-0.000387597 -1.62474e-05 2.96401e-21
-0.000396203 -1.70741e-05 2.99791e-21
-0.000403453 -1.77571e-05 3.02592e-21
-0.000409401 -1.83026e-05 3.04829e-21
-0.000414105 -1.87166e-05 3.06527e-21
-0.000417642 -1.90073e-05 3.0772e-21
-0.000420064 -1.91804e-05 3.0843e-21
-0.000421426 -1.92413e-05 3.08679e-21
-0.000421803 -1.91982e-05 3.08502e-21
-0.000421263 -1.90583e-05 3.07929e-21
-0.00041989 -1.88302e-05 3.06993e-21
-0.000417762 -1.85224e-05 3.05731e-21
-0.000414966 -1.81439e-05 3.04179e-21
-0.000411588 -1.77039e-05 3.02374e-21
-0.000407724 -1.72123e-05 3.00358e-21
-0.000403466 -1.6679e-05 2.98171e-21
-0.000398913 -1.61141e-05 2.95854e-21
-0.000394163 -1.5528e-05 2.9345e-21
-0.000389319 -1.49315e-05 2.91003e-21
-0.000384484 -1.43353e-05 2.88558e-21
-0.00037978 -1.37507e-05 2.86161e-21
-0.000375326 -1.3188e-05 2.83853e-21
-0.000371195 -1.26577e-05 2.81678e-21
-0.000367484 -1.21702e-05 2.79679e-21
-0.000364332 -1.17355e-05 2.77896e-21
-0.000361804 -1.13642e-05 2.76373e-21
-0.000359982 -1.1066e-05 2.7515e-21
-0.000358968 -1.08507e-05 2.74267e-21
-0.000358845 -1.07275e-05 2.73762e-21
-0.0003597 -1.07047e-05 2.73668e-21
-0.000361597 -1.07894e-05 2.74016e-21
-0.000364598 -1.09876e-05 2.74828e-21
-0.000368757 -1.13048e-05 2.7613e-21
-0.000374128 -1.17467e-05 2.77942e-21
-0.000380764 -1.23184e-05 2.80286e-21
-0.000388713 -1.3025e-05 2.83184e-21
-0.000398022 -1.38712e-05 2.86655e-21
-0.000408726 -1.48606e-05 2.90713e-21
-0.000420844 -1.59951e-05 2.95366e-21
-0.000434383 -1.72753e-05 3.00616e-21
-0.000449347 -1.87015e-05 3.06465e-21
-0.000465741 -2.02741e-05 3.12915e-21
-0.000483568 -2.19935e-05 3.19967e-21
-0.000502832 -2.38601e-05 3.27622e-21
-0.000523535 -2.5874e-05 3.35882e-21
-0.00054567 -2.80348e-05 3.44744e-21
-0.000569221 -3.03405e-05 3.542e-21
-0.000594161 -3.27886e-05 3.64241e-21
-0.000620465 -3.53765e-05 3.74854e-21
-0.000648105 -3.81012e-05 3.86029e-21
-0.000677055 -4.09603e-05 3.97755e-21
-0.000707293 -4.39515e-05 4.10023e-21
-0.00073879 -4.7072e-05 4.22821e-21
-0.000771511 -5.03182e-05 4.36135e-21
-0.000805404 -5.3685e-05 4.49943e-21
-0.00084041 -5.7166e-05 4.6422e-21
-0.000876467 -6.0755e-05 4.78939e-21
-0.00091351 -6.44452e-05 4.94074e-21
-0.000951477 -6.82303e-05 5.09597e-21
-0.000990304 -7.21036e-05 5.25483e-21
-0.00102993 -7.60585e-05 5.41703e-21
-0.00107027 -8.00878e-05 5.58228e-21
-0.00111127 -8.41836e-05 5.75027e-21
-0.00115284 -8.83378e-05 5.92064e-21
-0.0011949 -9.25421e-05 6.09307e-21
-0.00123737 -9.67878e-05 6.2672e-21
-0.00128015 -0.000101065 6.44264e-21
-0.00132316 -0.000105365 6.61899e-21
-0.0013663 -0.000109678 6.79585e-21
-0.00140948 -0.000113993 6.97283e-21
-0.0014526 -0.000118301 7.14951e-21
-0.00149556 -0.000122591 7.32547e-21
-0.00153827 -0.000126854 7.50031e-21
-0.00158063 -0.00013108 7.67364e-21
-0.00162257 -0.000135261 7.84509e-21
-0.00166398 -0.000139387 8.01431e-21
-0.00170481 -0.000143451 8.18098e-21
-0.00174497 -0.000147444 8.34478e-21
-0.00178439 -0.000151362 8.50544e-21
-0.00182391 -0.000155207 8.36293e-21
-0.00186579 -0.000159048 8.53257e-21
-0.00190674 -0.000162798 8.69805e-21
-0.00194658 -0.000166295 2.44529e-21
-0.00198512 -0.000169823 2.58828e-21
-0.00203387 -0.00017337 1.38069e-20
-0.00208029 -0.000176753 1.63786e-20
-0.00212521 -0.000180066 1.49231e-20
-0.00216858 -0.00018326 1.56912e-20
-0.00220941 -0.000186278 1.55746e-20
-0.00224876 -0.000189188 2.13847e-20
-0.00228662 -0.000191982 6.70457e-21
-0.00232731 -0.000194721 1.04947e-20
-0.00236582 -0.000196781 1.94213e-18
-0.00240024 -0.000198364 -1.6893e-18
-0.00243389 -0.000199957 2.85623e-20
-0.00246595 -0.000201466 2.41766e-20
-0.00249655 -0.000202907 3.62208e-20
-0.00252482 -0.000204235 1.62718e-18
-0.00255163 -0.000205503 9.03899e-21
-0.00257705 -0.000206707 2.12352e-20
-0.00260095 -0.000207838 1.81024e-20
-0.00262322 -0.000208892 1.33691e-20
-0.00264352 -0.000209851 2.75608e-20
-0.0026619 -0.000210721 2.52382e-20
-0.0026785 -0.000211503 2.76422e-20
-0.00269324 -0.000212192 3.28742e-20
-0.00270606 -0.000212785 -4.86502e-19
-0.0027169 -0.000213279 1.91339e-20
-0.00272569 -0.000213668 2.43537e-20
-0.00273238 -0.00021395 2.65133e-20
-0.00273693 -0.000214123 2.85992e-20
-0.0027393 -0.000214199 2.86168e-20
-0.00273944 -0.000214143 2.8615e-20
-0.00273826 -0.00021396 2.91392e-20
-0.00273569 -0.000213665 2.91271e-20
-0.0027316 -0.000213214 2.91086e-20
-0.00272597 -0.000212606 2.90836e-20
-0.00271883 -0.000211841 2.90523e-20
-0.00271018 -0.000210922 2.90146e-20
-0.00270008 -0.000209853 2.89707e-20
-0.00268857 -0.000208638 2.89209e-20
-0.00267569 -0.000207283 2.88654e-20
-0.00266152 -0.000205795 2.88043e-20
-0.00264612 -0.000204181 2.87381e-20
-0.00262958 -0.00020245 2.86671e-20
-0.00261198 -0.000200611 2.85917e-20
-0.0025934 -0.000198671 2.85122e-20
-0.00257394 -0.000196642 2.84289e-20
-0.00255368 -0.000194531 2.83424e-20
-0.00253271 -0.000192349 2.82529e-20
-0.00251111 -0.000190104 2.81608e-20
-0.00248897 -0.000187805 2.80665e-20
-0.00246636 -0.000185459 2.79703e-20
-0.00244336 -0.000183075 2.78725e-20
-0.00242003 -0.00018066 2.77734e-20
-0.00239644 -0.000178219 2.76733e-20
-0.00237263 -0.000175758 2.75724e-20
-0.00234867 -0.000173284 2.74709e-20
-0.00232462 -0.000170803 2.73692e-20
-0.00230054 -0.000168322 2.72674e-20
-0.0022765 -0.000165847 2.71659e-20
-0.00225255 -0.000163384 2.70649e-20
-0.00222876 -0.000160941 2.69647e-20
-0.0022052 -0.000158524 2.68656e-20
-0.00218192 -0.00015614 2.67678e-20
-0.00215898 -0.000153794 2.66716e-20
-0.00213646 -0.000151495 2.65773e-20
-0.00211442 -0.000149249 2.64852e-20
-0.00209291 -0.000147062 2.63955e-20
-0.00207201 -0.000144942 2.63086e-20
-0.00205177 -0.000142895 2.62246e-20
-0.00203226 -0.000140928 2.61439e-20
-0.00201355 -0.000139048 2.60668e-20
-0.00199569 -0.000137261 2.59935e-20
-0.00197872 -0.000135572 2.59243e-20
-0.00196271 -0.000133987 2.58593e-20
-0.00194769 -0.000132511 2.57987e-20
-0.0019337 -0.000131146 2.57428e-20
-0.00192078 -0.000129898 2.56916e-20
-0.00190895 -0.000128769 2.56453e-20
-0.00189825 -0.000127762 2.5604e-20
-0.00188868 -0.000126879 2.55677e-20
-0.00188025 -0.00012612 2.55366e-20
-0.00187298 -0.000125485 2.55106e-20
-0.00186685 -0.000124975 2.54897e-20
-0.00186185 -0.000124587 2.54737e-20
-0.00185793 -0.000124316 2.54626e-20
-0.00185504 -0.000124156 2.54561e-20
-0.00185312 -0.000124101 2.54538e-20
-0.0018521 -0.000124144 2.54556e-20
-0.0018519 -0.000124275 2.54609e-20
-0.00185245 -0.000124486 2.54696e-20
-0.00185367 -0.000124768 2.54811e-20
-0.00185545 -0.00012511 2.54952e-20
-0.00185771 -0.000125504 2.55114e-20
-0.00186034 -0.000125938 2.55291e-20
-0.00186326 -0.000126401 2.55481e-20
-0.00186637 -0.000126883 2.55679e-20
-0.00186956 -0.000127373 2.5588e-20
-0.00187273 -0.00012786 2.5608e-20
-0.00187579 -0.000128335 2.56274e-20
-0.00187865 -0.000128786 2.56459e-20
-0.00188121 -0.000129204 2.56631e-20
-0.00188339 -0.00012958 2.56785e-20
-0.0018851 -0.000129905 2.56918e-20
-0.00188626 -0.00013017 2.57027e-20
-0.0018868 -0.000130368 2.57108e-20
-0.00188667 -0.000130493 2.5716e-20
-0.0018858 -0.000130539 2.57178e-20
-0.00188416 -0.000130501 2.57163e-20
-0.00188169 -0.000130375 2.57111e-20
-0.00187839 -0.00013016 2.57023e-20
-0.00187422 -0.000129852 2.56897e-20
-0.00186916 -0.000129451 2.56732e-20
-0.0018632 -0.000128955 2.56529e-20
-0.00185631 -0.00012836 2.56285e-20
-0.00184848 -0.000127667 2.56e-20
-0.00183969 -0.000126873 2.55675e-20
-0.00182994 -0.000125979 2.55308e-20
-0.00181924 -0.000124987 2.54901e-20
-0.0018076 -0.000123897 2.54454e-20
-0.00179502 -0.00012271 2.53968e-20
-0.0017815 -0.000121427 2.53441e-20
-0.00176704 -0.000120046 2.52875e-20
-0.00175163 -0.000118567 2.52269e-20
-0.00173524 -0.000116989 2.51621e-20
-0.00171785 -0.000115309 2.50932e-20
-0.00169941 -0.00011352 2.50199e-20
-0.00167988 -0.00011162 2.49419e-20
-0.00165921 -0.000109603 2.48592e-20
-0.00163735 -0.000107463 2.47714e-20
-0.00161423 -0.000105193 2.46783e-20
-0.00158979 -0.000102788 2.45797e-20
-0.00156398 -0.000100242 2.44753e-20
-0.00153675 -9.75487e-05 2.43648e-20
-0.00150805 -9.47041e-05 2.42482e-20
-0.00147784 -9.17031e-05 2.41251e-20
-0.00144608 -8.85424e-05 2.39954e-20
-0.00141275 -8.52197e-05 2.38592e-20
-0.00137784 -8.17341e-05 2.37162e-20
-0.00134135 -7.80853e-05 2.35666e-20
-0.00130328 -7.42736e-05 2.34102e-20
-0.00126364 -7.03008e-05 2.32473e-20
-0.00122247 -6.61696e-05 2.30779e-20
-0.00117978 -6.18831e-05 2.29021e-20
-0.00113561 -5.74451e-05 2.27201e-20
-0.00109001 -5.28607e-05 2.2532e-20
-0.00104303 -4.81353e-05 2.23382e-20
-0.000994733 -4.3275e-05 2.21389e-20
-0.000945163 -3.82857e-05 2.19343e-20
-0.000894381 -3.31736e-05 2.17246e-20
-0.000842444 -2.79446e-05 2.15102e-20
-0.000789411 -2.2605e-05 2.12912e-20
-0.000735351 -1.71604e-05 2.10679e-20
-0.000680315 -1.16172e-05 2.08405e-20
-0.000624348 -5.98124e-06 2.06094e-20
-0.000567526 -2.58603e-07 2.03747e-20
-0.000510006 5.53494e-06 2.01371e-20
-0.000451757 1.14073e-05 1.98962e-20
-0.000392785 1.73547e-05 1.96523e-20
-0.000333229 2.33579e-05 1.94061e-20
-0.000273133 2.94151e-05 1.91577e-20
-0.00021262 3.55122e-05 1.89076e-20
-0.0001518 4.16384e-05 1.86564e-20
-9.07926e-05 4.77812e-05 1.84044e-20
-2.97217e-05 5.39278e-05 1.81523e-20
3.12689e-05 6.00637e-05 1.79007e-20
9.20296e-05 6.61731e-05 1.76501e-20
0.000152419 7.22413e-05 1.74012e-20
0.000212285 7.82526e-05 1.71547e-20
0.000271476 8.41913e-05 1.69111e-20
0.000329834 9.00412e-05 1.66712e-20
0.000387208 9.57867e-05 1.64356e-20
0.000443451 0.000101413 1.62048e-20
0.000498416 0.000106904 1.59796e-20
0.000551958 0.000112247 1.57605e-20
0.000603943 0.000117426 1.55481e-20
0.000654237 0.000122428 1.53429e-20
0.000702707 0.00012724 1.51456e-20
0.000749227 0.00013185 1.49565e-20
0.000793678 0.000136244 1.47763e-20
0.000835947 0.000140412 1.46054e-20
0.000875927 0.000144342 1.44442e-20
0.000913521 0.000148026 1.42931e-20
0.000948636 0.000151453 1.41525e-20
0.000981194 0.000154617 1.40228e-20
0.00101114 0.000157511 1.39041e-20
0.00103842 0.000160131 1.37966e-20
0.00106329 0.000162476 -4.31406e-21
0.0010859 0.00016431 -4.41046e-21
0.00110434 0.000165512 -1.71706e-21
0.00111958 0.000166484 -1.76861e-21
0.00113223 0.000167248 -1.80961e-21
0.00114218 0.000167782 -1.83909e-21
0.00114959 0.000168105 -1.858e-21
0.00115459 0.000168229 -1.86687e-21
0.00115731 0.000168167 -1.86639e-21
0.00115792 0.000167933 -1.85725e-21
0.00115677 0.000167418 -4.31725e-21
0.00115408 0.000166903 -4.29613e-21
0.00115004 0.000166273 -4.27029e-21
0.00114478 0.000165544 -4.24039e-21
0.00113848 0.000164732 -4.20708e-21
0.00113128 0.000163852 -4.17101e-21
0.00112334 0.00016292 -4.13277e-21
0.00111477 0.000161943 -4.09268e-21
0.0011056 0.000160914 -4.05047e-21
0.00109592 0.000159842 -4.00653e-21
0.0010859 0.000158744 -3.9615e-21
0.00107562 0.000157629 -3.91578e-21
0.00106519 0.000156509 -3.86984e-21
0.00105472 0.000155392 -3.82401e-21
0.00104428 0.000154286 -3.77867e-21
0.00103395 0.000153199 -3.73409e-21
0.0010238 0.000152138 -3.69057e-21
0.0010139 0.000151109 -3.64835e-21
0.00100431 0.000150116 -3.60765e-21
0.000995086 0.000149166 -3.56867e-21
0.000986271 0.000148262 -3.53158e-21
0.000977914 0.000147407 -3.49655e-21
0.000970057 0.000146607 -3.46371e-21
0.000962743 0.000145864 -3.43323e-21
0.000956022 0.000145182 -3.40529e-21
0.000949945 0.000144567 -3.38007e-21
0.000944564 0.000144023 -3.35776e-21
0.000939929 0.000143555 -3.33856e-21
0.000936091 0.000143168 -3.32267e-21
0.000933102 0.000142866 -3.31027e-21
0.000931012 0.000142654 -3.30158e-21
0.000929867 0.000142536 -3.29676e-21
0.000929703 0.000142517 -3.29596e-21
0.000930548 0.000142597 -3.29928e-21
0.000932432 0.000142782 -3.30683e-21
0.000935371 0.000143071 -3.31869e-21
0.000939353 0.000143463 -3.33477e-21
0.000944352 0.000143955 -3.35497e-21
0.000950345 0.000144545 -3.37917e-21
0.000957297 0.000145229 -3.40721e-21
0.000965151 0.000146001 -3.43885e-21
0.000973842 0.000146853 -3.4738e-21
0.000983307 0.000147779 -3.51178e-21
0.000993472 0.000148771 -3.55248e-21
0.00100424 0.00014982 -3.59548e-21
0.0010155 0.000150913 -3.64032e-21
0.00102716 0.00015204 -3.68656e-21
0.00103911 0.000153192 -3.73381e-21
0.00105002 0.000154129 -3.7722e-21
0.00106012 0.000154902 -3.8039e-21
0.00107048 0.00015571 -3.83706e-21
0.00108072 0.000156491 -3.86908e-21
0.00109091 0.00015726 -3.90063e-21
0.001101 0.000158012 -3.93149e-21
0.00111101 0.000158753 -3.96185e-21
0.00112091 0.000159479 -3.99165e-21
0.00113073 0.000160194 -4.02097e-21
0.00114048 0.000160903 -4.05004e-21
0.00115038 0.000161637 -4.08013e-21
0.00116092 0.000162403 2.68904e-21
0.00117251 0.000163207 2.64903e-21
0.00118423 0.000164028 2.6083e-21
0.00119608 0.000164867 2.56677e-21
0.00120811 0.000165731 2.52414e-21
0.00121979 0.000166532 2.48427e-21
0.00123094 0.000167242 2.44852e-21
0.00124225 0.000167967 2.41202e-21
0.00125403 0.000168763 2.37237e-21
0.00126628 0.000169626 2.3297e-21
0.00127891 0.000170548 2.28442e-21
0.00129183 0.000171224 7.79263e-21
0.00130495 0.000172213 4.36504e-21
0.0013184 0.00017329 4.31338e-21
0.00133213 0.000174421 4.25939e-21
0.00134658 0.000175536 1.2063e-20
0.00136202 0.000176778 1.41461e-20
0.0013775 0.000178067 7.27624e-22
0.00139306 0.000179396 2.60998e-21
0.00140864 0.000180759 7.46604e-21
0.00142416 0.000182149 1.70634e-20
0.00143957 0.000183562 -2.52836e-21
0.00145472 0.000184988 5.8142e-20
0.0014694 0.000186401 5.53817e-21
0.00148341 0.000187771 3.46425e-21
0.00150041 0.000189143 1.13426e-20
0.00151823 0.000190555 6.53671e-21
0.00153443 0.000191814 3.28467e-21
0.00154922 0.000193026 -3.26114e-21
0.00156238 0.00019413 2.55869e-21
0.00157376 0.000195119 4.36504e-21
0.00158319 0.000195978 -2.28489e-21
0.00159018 0.000196673 -1.34279e-21
0.00159513 0.000197235 -6.44839e-21
0.00159765 0.000197626 1.09435e-21
0.00159757 0.000197836 1.02845e-21
0.00159587 0.000197876 1.02683e-21
0.00159243 0.000197735 1.0326e-21
0.00158716 0.000197401 1.04628e-21
0.00157994 0.000196864 1.06833e-21
0.0015707 0.000196111 1.09919e-21
0.00155934 0.000195134 1.13926e-21
0.00154579 0.000193924 1.1889e-21
0.00152998 0.000192473 1.24843e-21
0.00151188 0.000190775 1.31806e-21
0.00149144 0.000188826 1.39796e-21
0.00146865 0.000186626 1.4882e-21
0.00144352 0.000184174 1.58879e-21
0.00141607 0.000181471 1.69964e-21
0.00138636 0.000178523 1.82052e-21
0.00135445 0.000175339 1.95112e-21
0.00132044 0.000171927 2.09107e-21
0.00128442 0.000168298 2.2399e-21
0.00124651 0.000164465 2.3971e-21
0.00120684 0.000160441 2.56213e-21
0.00116556 0.000156242 2.73434e-21
0.00112279 0.000151883 2.9131e-21
0.0010787 0.000147381 3.09776e-21
0.00103343 0.000142751 3.28765e-21
0.000987134 0.000138011 3.48206e-21
0.000939971 0.000133177 3.6803e-21
0.000892088 0.000128266 3.8817e-21
0.000843632 0.000123294 4.08563e-21
0.000794748 0.000118277 4.2914e-21
0.000745581 0.00011323 4.4984e-21
0.000696264 0.000108168 4.70601e-21
0.000646927 0.000103105 4.91365e-21
0.000597696 9.8055e-05 5.12076e-21
0.000548692 9.30311e-05 5.32681e-21
0.000500023 8.8045e-05 5.5313e-21
0.000451787 8.31075e-05 5.7338e-21
0.000404079 7.82287e-05 5.9339e-21
0.000356984 7.34179e-05 6.1312e-21
0.000310571 6.86826e-05 6.32541e-21
0.000264899 6.40292e-05 6.51626e-21
0.000220022 5.94633e-05 6.70352e-21
0.000175982 5.49898e-05 6.88699e-21
0.000132818 5.06123e-05 7.06652e-21
9.05558e-05 4.6334e-05 7.24199e-21
4.92177e-05 4.21571e-05 7.4133e-21
8.81449e-06 3.80826e-05 7.5804e-21
-3.06562e-05 3.41102e-05 7.74332e-21
-6.92068e-05 3.02386e-05 7.90211e-21
-0.000106856 2.64655e-05 8.05685e-21
-0.000143628 2.27884e-05 8.20766e-21
-0.000179548 1.92043e-05 8.35466e-21
-0.000214648 1.57098e-05 8.49798e-21
-0.000248964 1.23009e-05 8.63778e-21
-0.000282538 8.97306e-06 8.77427e-21
-0.000315418 5.72088e-06 8.90765e-21
-0.000347659 2.53852e-06 9.03817e-21
-0.000379317 -5.80284e-07 9.16608e-21
-0.000410453 -3.64203e-06 9.29165e-21
-0.000441126 -6.65322e-06 9.41515e-21
-0.000471397 -9.62047e-06 9.53684e-21
-0.000501329 -1.25506e-05 9.65702e-21
-0.000530985 -1.54505e-05 9.77595e-21
-0.000560406 -1.83199e-05 9.89363e-21
-0.000589681 -2.11706e-05 1.00105e-20
-0.000618933 -2.40199e-05 1.01274e-20
-0.000648174 -2.68673e-05 1.02442e-20
-0.00067744 -2.97176e-05 1.03611e-20
-0.000706808 -3.25785e-05 1.04784e-20
-0.000736328 -3.54557e-05 1.05964e-20
-0.000766057 -3.83554e-05 1.07153e-20
-0.00079605 -4.12817e-05 1.08354e-20
-0.000826319 -4.42371e-05 1.09566e-20
-0.000856873 -4.72238e-05 1.10791e-20
-0.000887759 -5.02437e-05 1.12029e-20
-0.00091897 -5.32985e-05 1.13282e-20
-0.00095051 -5.63894e-05 1.1455e-20
-0.000982385 -5.95165e-05 1.15832e-20
-0.00101459 -6.268e-05 1.1713e-20
-0.00104711 -6.58776e-05 1.18441e-20
-0.00107994 -6.91071e-05 1.19766e-20
-0.00111303 -7.23654e-05 1.21102e-20
-0.00114636 -7.56491e-05 1.22449e-20
-0.00117988 -7.89544e-05 1.23804e-20
-0.00121358 -8.22769e-05 1.25167e-20
-0.00124741 -8.56119e-05 1.26535e-20
-0.0012813 -8.89552e-05 1.27906e-20
-0.00131524 -9.23026e-05 1.29279e-20
-0.00134918 -9.56499e-05 1.30652e-20
-0.00138309 -9.89931e-05 1.32023e-20
-0.00141692 -0.000102329 1.33391e-20
-0.00145066 -0.000105653 1.34754e-20
-0.00148428 -0.000108965 1.36113e-20
-0.00151777 -0.000112262 1.37465e-20
-0.00155111 -0.000115541 1.38809e-20
-0.00158426 -0.000118799 1.40146e-20
-0.0016172 -0.000122033 1.41472e-20
-0.00164989 -0.00012524 1.42787e-20
-0.00168233 -0.000128417 1.4409e-20
-0.00171447 -0.00013156 1.45379e-20
-0.0017463 -0.000134667 1.46653e-20
-0.00177779 -0.000137735 1.47912e-20
-0.00180892 -0.000140762 1.49153e-20
-0.00183966 -0.000143744 1.50376e-20
-0.00186999 -0.000146678 1.5158e-20
-0.00189987 -0.000149561 1.52762e-20
-0.00192929 -0.000152391 1.53923e-20
-0.00195823 -0.000155166 1.55061e-20
-0.00198665 -0.000157882 1.56175e-20
-0.00201456 -0.00016054 1.57265e-20
-0.00204195 -0.000163137 1.5833e-20
-0.00206882 -0.000165676 1.59371e-20
-0.00209517 -0.000168155 1.60388e-20
-0.00211859 -0.000170133 1.61199e-20
-0.00213902 -0.000171598 1.618e-20
-0.00215895 -0.000173002 1.62376e-20
-0.00217845 -0.00017436 1.62933e-20
-0.00219753 -0.00017567 1.6347e-20
-0.00221729 -0.000176951 2.12585e-20
-0.00223858 -0.000178262 2.13017e-20
-0.0022596 -0.000179547 2.13441e-20
-0.0022804 -0.00018081 2.13858e-20
-0.00230108 -0.000182061 2.14272e-20
-0.00232173 -0.00018331 2.14687e-20
-0.00234245 -0.000184566 2.15106e-20
-0.00236335 -0.000185841 2.15532e-20
-0.00238473 -0.000187177 2.15984e-20
-0.00240687 -0.000188614 2.16474e-20
-0.00242974 -0.000190142 2.17e-20
-0.00245356 -0.000191792 2.17573e-20
-0.0024781 -0.000193529 2.18181e-20
-0.00250305 -0.000195305 2.18805e-20
-0.00252854 -0.000197139 2.19452e-20
-0.00255365 -0.00019888 2.20064e-20
-0.00257811 -0.000200488 2.20626e-20
-0.00260286 -0.000202116 2.21197e-20
-0.00262785 -0.00020288 2.19515e-20
-0.00266271 -0.000204706 2.40712e-20
-0.00269906 -0.000206447 3.02369e-17
-0.00273602 -0.000208282 -1.58307e-18
-0.00279433 -0.000210561 7.27623e-18
-0.00285509 -0.000212978 -1.28387e-17
-0.00291661 -0.000215404 7.47928e-19
-0.00297816 -0.000217834 -2.2949e-18
-0.0030403 -0.000220276 -8.24986e-17
-0.00310272 -0.000222721 -2.72185e-17
-0.00316524 -0.000225166 5.66228e-17
-0.00322753 -0.000228235 5.69435e-15
-0.0032885 -0.000229975 5.42253e-17
-0.00334896 -0.000232319 5.68008e-17
-0.00341661 -0.000234842 5.19747e-17
-0.00349356 -0.000238563 2.11564e-16
-0.00356798 -0.000240324 3.37478e-17
-0.00364052 -0.000242905 5.67139e-17
-0.00371105 -0.000245392 4.821e-17
-0.00377926 -0.000247773 2.77182e-17
-0.00384492 -0.00025004 4.1586e-17
-0.00390783 -0.000252191 5.67666e-17
-0.0039678 -0.000254223 4.53204e-17
-0.00402328 -0.000256229 3.10572e-17
-0.00408132 -0.000258302 3.92303e-17
-0.0041351 -0.000260233 5.25822e-17
-0.00418481 -0.000261997 4.9007e-17
-0.00423037 -0.000263637 4.8221e-17
-0.00427184 -0.000265125 2.50451e-17
-0.00430917 -0.000266448 3.76497e-17
-0.00434233 -0.000267605 3.98961e-17
-0.00437726 -0.000268798 4.88743e-17
-0.00441038 -0.000269906 4.68022e-17
-0.00443831 -0.000270876 4.70281e-17
-0.00446084 -0.000271639 4.85382e-17
-0.00447804 -0.0002722 4.62034e-17
-0.00449 -0.000272566 4.55467e-17
-0.00449687 -0.000272743 4.41979e-17
-0.00449874 -0.000272736 4.90083e-17
-0.0044981 -0.000272617 4.62214e-17
-0.00449643 -0.000272422 4.62214e-17
-0.0044936 -0.000272121 4.62214e-17
-0.00448956 -0.000271701 4.62213e-17
-0.00448439 -0.000271171 4.62213e-17
-0.00447812 -0.000270537 4.62213e-17
-0.00447082 -0.000269807 4.62213e-17
-0.00446252 -0.000268982 4.62212e-17
-0.00445324 -0.000268066 4.62212e-17
-0.004443 -0.000267063 4.62212e-17
-0.00443184 -0.000265973 4.62211e-17
-0.00441976 -0.000264798 4.62211e-17
-0.00440676 -0.000263539 4.6221e-17
-0.00439284 -0.000262195 4.6221e-17
-0.004378 -0.000260764 4.62209e-17
-0.00436221 -0.000259245 4.62209e-17
-0.00434546 -0.000257638 4.62208e-17
-0.00432776 -0.00025594 4.62207e-17
-0.00430908 -0.00025415 4.62207e-17
-0.00428941 -0.000252266 4.62206e-17
-0.00426871 -0.000250284 4.62205e-17
-0.00424696 -0.000248202 4.62205e-17
-0.00422412 -0.000246015 4.62204e-17
-0.00420017 -0.000243719 4.62203e-17
-0.00417507 -0.000241314 4.62202e-17
-0.00414882 -0.000238795 4.62201e-17
-0.0041214 -0.000236163 4.622e-17
-0.00409279 -0.000233414 4.62199e-17
-0.00406299 -0.000230548 4.62198e-17
-0.00403197 -0.000227564 4.62197e-17
-0.00399974 -0.000224459 4.62196e-17
-0.00396629 -0.000221234 4.62194e-17
-0.00393162 -0.00021789 4.62193e-17
-0.00389575 -0.000214427 4.62192e-17
-0.0038587 -0.000210848 4.6219e-17
-0.00382048 -0.000207153 4.62189e-17
-0.00378111 -0.000203345 4.62188e-17
-0.0037406 -0.000199426 4.62186e-17
-0.00369897 -0.000195396 4.62185e-17
-0.00365626 -0.000191259 4.62183e-17
-0.00361248 -0.000187018 4.62181e-17
-0.0035677 -0.000182678 4.6218e-17
-0.00352194 -0.000178243 4.62178e-17
-0.00347526 -0.000173718 4.62176e-17
-0.0034277 -0.000169108 4.62175e-17
-0.00337932 -0.000164418 4.62173e-17
-0.00333016 -0.000159653 4.62171e-17
-0.00328027 -0.000154818 4.62169e-17
-0.00322974 -0.000149922 4.62167e-17
-0.00317861 -0.00014497 4.62165e-17
-0.00312697 -0.000139969 4.62164e-17
-0.00307489 -0.000134928 4.62162e-17
-0.00302246 -0.000129855 4.6216e-17
-0.00296976 -0.000124761 4.62158e-17
-0.00291691 -0.000119654 4.62156e-17
-0.00286398 -0.000114545 4.62154e-17
-0.00281107 -0.000109442 4.62152e-17
-0.00275828 -0.000104355 4.6215e-17
-0.00270569 -9.92934e-05 4.62148e-17
-0.00265338 -9.42652e-05 4.62146e-17
-0.00260145 -8.92791e-05 4.62144e-17
-0.00254997 -8.43435e-05 4.62142e-17
-0.00249902 -7.94662e-05 4.62141e-17
-0.00244868 -7.46549e-05 4.62139e-17
-0.00239903 -6.99174e-05 4.62137e-17
-0.00235014 -6.52616e-05 4.62135e-17
-0.00230209 -6.06947e-05 4.62134e-17
-0.00225495 -5.62238e-05 4.62132e-17
-0.00220879 -5.18559e-05 4.6213e-17
-0.00216375 -4.76088e-05 4.62129e-17
-0.00211987 -4.34885e-05 4.62127e-17
-0.00207717 -3.949e-05 4.62125e-17
-0.00203571 -3.56203e-05 4.62124e-17
-0.00199556 -3.18856e-05 4.62123e-17
-0.00195673 -2.82808e-05 4.62121e-17
-0.0019193 -2.48153e-05 4.6212e-17
-0.00188329 -2.14993e-05 4.62119e-17
-0.0018487 -1.83275e-05 4.62117e-17
-0.00181554 -1.53017e-05 4.62116e-17
-0.00178378 -1.24185e-05 4.62115e-17
-0.00175343 -9.67467e-06 4.62114e-17
-0.0017244 -7.06313e-06 4.62113e-17
-0.00169668 -4.57627e-06 4.62112e-17
-0.00167027 -2.21657e-06 4.62111e-17
-0.00164496 3.0261e-08 4.62111e-17
-0.00162066 2.18329e-06 4.6211e-17
-0.00159726 4.25014e-06 4.62109e-17
-0.00157462 6.24493e-06 4.62108e-17
-0.00155263 8.17989e-06 4.62108e-17
-0.00153115 1.00685e-05 4.62107e-17
-0.00151007 1.1924e-05 4.62106e-17
-0.00148926 1.37585e-05 4.62105e-17
-0.00146863 1.55843e-05 4.62105e-17
-0.00144805 1.74125e-05 4.62104e-17
-0.00142743 1.9254e-05 4.62103e-17
-0.00140667 2.11186e-05 4.62103e-17
-0.00138568 2.30164e-05 4.62102e-17
-0.00136437 2.49563e-05 4.62101e-17
-0.00134265 2.69466e-05 4.621e-17
-0.00132047 2.89944e-05 4.621e-17
-0.00129776 3.11053e-05 4.62099e-17
-0.00127448 3.32837e-05 4.62098e-17
-0.00125059 3.55331e-05 4.62097e-17
-0.00122606 3.7856e-05 4.62096e-17
-0.00120088 4.02537e-05 4.62095e-17
-0.00117503 4.27285e-05 4.62094e-17
-0.00114794 4.53746e-05 4.62093e-17
-0.00111991 4.81414e-05 4.62092e-17
-0.00109148 5.09455e-05 4.62091e-17
-0.00106255 5.38078e-05 4.6209e-17
-0.00103328 5.67042e-05 4.62089e-17
-0.00100372 5.96344e-05 4.62088e-17
-0.000973984 6.25828e-05 4.62087e-17
-0.00094692 6.50401e-05 4.62086e-17
-0.000922562 6.70106e-05 4.62085e-17
-0.000898186 6.89889e-05 4.62085e-17
-0.000874007 7.09436e-05 4.62084e-17
-0.000850105 7.28674e-05 4.62083e-17
-0.000826571 7.47504e-05 4.62082e-17
-0.000803484 7.65845e-05 4.62082e-17
-0.000780911 7.83628e-05 4.62081e-17
-0.000758907 8.00796e-05 4.6208e-17
-0.000737521 8.17302e-05 4.6208e-17
-0.00071679 8.33112e-05 4.62079e-17
-0.000696738 8.48205e-05 4.62079e-17
-0.000677379 8.62573e-05 4.62078e-17
-0.000658719 8.76218e-05 4.62078e-17
-0.000640747 8.89157e-05 4.62077e-17
-0.000623141 9.01559e-05 4.62085e-17
-0.000605784 9.13524e-05 4.61991e-17
-0.00058901 9.24942e-05 4.619e-17
-0.000572751 9.35873e-05 4.61813e-17
-0.00055692 9.46415e-05 4.61729e-17
-0.000541416 9.56675e-05 4.61648e-17
-0.00052614 9.66762e-05 4.61569e-17
-0.000510992 9.76784e-05 4.61491e-17
-0.000495869 9.86853e-05 4.61413e-17
-0.000480669 9.97077e-05 4.61336e-17
-0.000465295 0.000100756 4.61259e-17
-0.000449654 0.000101841 4.61182e-17
-0.000433649 0.000102972 4.61103e-17
-0.000417194 0.000104158 4.61023e-17
-0.000400207 0.000105408 4.60941e-17
-0.000382621 0.000106728 4.60856e-17
-0.000364332 0.000108126 4.60648e-17
-0.000345363 0.000109634 4.60511e-17
-0.000325667 0.000111227 4.6037e-17
-0.000303931 0.000112828 4.60273e-17
-0.000280615 0.00011464 4.59579e-17
-0.000256591 0.000116404 4.59405e-17
-0.00023177 0.000118384 4.58678e-17
-0.000204755 0.000120415 4.52872e-17
-0.000175895 0.000122616 4.6092e-17
-0.000146215 0.000124926 4.44569e-17
-0.000108835 0.000127433 4.07886e-17
-6.91303e-05 0.000129943 4.10775e-17
-2.86636e-05 0.000132562 3.65037e-17
1.23992e-05 0.000135235 4.85028e-17
5.39263e-05 0.000137952 4.18842e-17
9.57598e-05 0.000140701 3.82019e-17
0.000137731 0.00014347 4.44551e-17
0.000179658 0.000146248 4.5893e-17
0.000221358 0.00014902 3.34067e-17
0.000262645 0.000151775 2.36866e-17
0.000303335 0.0001545 3.30768e-17
0.00034324 0.000157182 4.35423e-17
0.000382178 0.000159808 4.3461e-17
0.000419963 0.000162366 4.33366e-17
0.000455315 0.000164808 -4.14837e-17
0.000488674 0.000167142 5.40547e-17
0.000528655 0.000169524 4.23284e-17
0.000566116 0.00017177 3.83504e-17
0.000601191 0.000173889 4.19797e-17
0.000635094 0.000175969 -2.87804e-17
0.000668626 0.000177969 4.23481e-17
0.000699093 0.000179837 4.29081e-17
0.000726324 0.00018153 4.10757e-17
0.000750189 0.000183039 4.65213e-17
0.000770345 0.000184334 3.59186e-17
0.000786205 0.000185368 4.46647e-17
0.000797876 0.000186159 4.10821e-17
0.000805189 0.000186688 4.09614e-17
0.000808041 0.000186952 4.28591e-17
0.000807226 0.000186961 4.17431e-17
0.000804242 0.000186743 4.173e-17
0.000799058 0.000186295 4.173e-17
0.000791642 0.000185612 4.17301e-17
0.000781974 0.000184693 4.17301e-17
0.000770038 0.000183536 4.17302e-17
0.000755828 0.000182139 4.17302e-17
0.000739348 0.000180502 4.17303e-17
0.000720614 0.000178628 4.17304e-17
0.000699658 0.000176519 4.17304e-17
0.000676525 0.00017418 4.17305e-17
0.000651272 0.000171617 4.17306e-17
0.000623964 0.000168837 4.17308e-17
0.000594675 0.000165847 4.17309e-17
0.000563488 0.000162656 4.1731e-17
0.000530496 0.000159276 4.17311e-17
0.000495806 0.000155716 4.17313e-17
0.00045954 0.00015199 4.17314e-17
0.000421836 0.000148113 4.17316e-17
0.000382834 0.0001441 4.17318e-17
0.000342682 0.000139968 4.17319e-17
0.000301524 0.000135732 4.17321e-17
0.000259506 0.000131408 4.17323e-17
0.000216777 0.000127012 4.17325e-17
0.000173487 0.000122562 4.17327e-17
0.000129791 0.000118072 4.17328e-17
8.58427e-05 0.000113561 4.1733e-17
4.1793e-05 0.000109046 4.17332e-17
-2.20979e-06 0.000104541 4.17334e-17
-4.60202e-05 0.000100063 4.17336e-17
-8.94984e-05 9.56277e-05 4.17338e-17
-0.000132512 9.12487e-05 4.17339e-17
-0.000174931 8.69405e-05 4.17341e-17
-0.000216618 8.27176e-05 4.17343e-17
-0.000257438 7.85944e-05 4.17345e-17
-0.00029727 7.4584e-05 4.17346e-17
-0.000336002 7.0698e-05 4.17348e-17
-0.000373533 6.6947e-05 4.17349e-17
-0.000409774 6.33402e-05 4.17351e-17
-0.000444651 5.98852e-05 4.17352e-17
-0.0004781 5.65881e-05 4.17354e-17
-0.000510068 5.34539e-05 4.17355e-17
-0.000540515 5.04865e-05 4.17356e-17
-0.000569411 4.7688e-05 4.17357e-17
-0.000596741 4.50592e-05 4.17358e-17
-0.000622505 4.25994e-05 4.17359e-17
-0.000646712 4.03063e-05 4.1736e-17
-0.000669381 3.8177e-05 4.17361e-17
-0.00069054 3.62073e-05 4.17362e-17
-0.000710218 3.43931e-05 4.17363e-17
-0.000728449 3.27297e-05 4.17363e-17
-0.000745269 3.12118e-05 4.17364e-17
-0.000760722 2.98339e-05 4.17365e-17
-0.000774853 2.85899e-05 4.17365e-17
-0.000787708 2.74739e-05 4.17366e-17
-0.000799333 2.64799e-05 4.17366e-17
-0.00080978 2.56015e-05 4.17366e-17
-0.000819113 2.48308e-05 4.17367e-17
-0.000827399 2.416e-05 4.17367e-17
-0.0008347 2.35817e-05 4.17367e-17
-0.000841073 2.30891e-05 4.17367e-17
-0.000846567 2.26764e-05 4.17368e-17
-0.000851226 2.23386e-05 4.17368e-17
-0.000855082 2.20718e-05 4.17368e-17
-0.000858174 2.18718e-05 4.17368e-17
-0.000860551 2.17332e-05 4.17368e-17
-0.000862265 2.16505e-05 4.17368e-17
-0.000863359 2.16191e-05 4.17368e-17
-0.000863873 2.16353e-05 4.17368e-17
-0.000863842 2.16952e-05 4.17368e-17
-0.000863301 2.17959e-05 4.17368e-17
-0.000862276 2.19351e-05 4.17368e-17
-0.000860791 2.21107e-05 4.17368e-17
-0.000858885 2.23194e-05 4.17368e-17
-0.000856599 2.25575e-05 4.17368e-17
-0.000853967 2.28223e-05 4.17367e-17
-0.000851021 2.31112e-05 4.17367e-17
-0.000847797 2.34213e-05 4.17367e-17
-0.000844331 2.37498e-05 4.17367e-17
-0.000840657 2.40941e-05 4.17367e-17
-0.000836798 2.44525e-05 4.17367e-17
-0.000832773 2.48243e-05 4.17367e-17
-0.000828593 2.52092e-05 4.17367e-17
-0.00082427 2.5607e-05 4.17366e-17
-0.000819824 2.60177e-05 4.17366e-17
-0.00081527 2.64419e-05 4.17366e-17
-0.000810592 2.68802e-05 4.17366e-17
-0.0008058 2.73329e-05 4.17366e-17
-0.000800897 2.78002e-05 4.17365e-17
-0.000795899 2.8282e-05 4.17365e-17
-0.000790809 2.87782e-05 4.17365e-17
-0.000785629 2.92877e-05 4.17365e-17
-0.000780384 2.98095e-05 4.17365e-17
-0.000775085 3.03422e-05 4.17364e-17
-0.000769756 3.08842e-05 4.17364e-17
-0.000764419 3.14333e-05 4.17364e-17
-0.000759101 3.1987e-05 4.17364e-17
-0.000753819 3.25438e-05 4.17363e-17
-0.000748591 3.31018e-05 4.17363e-17
-0.00074344 3.36588e-05 4.17363e-17
-0.000738395 3.42117e-05 4.17363e-17
-0.000733487 3.47573e-05 4.17363e-17
-0.000728751 3.52916e-05 4.17362e-17
-0.000724228 3.58102e-05 4.17362e-17
-0.000719961 3.63085e-05 4.17362e-17
-0.000715987 3.6782e-05 4.17362e-17
-0.000712345 3.72265e-05 4.17362e-17
-0.000709078 3.7637e-05 4.17361e-17
-0.00070623 3.80085e-05 4.17361e-17
-0.000703851 3.83352e-05 4.17361e-17
-0.000701992 3.86112e-05 4.17361e-17
-0.000700707 3.88306e-05 4.17361e-17
-0.000700043 3.89876e-05 4.17361e-17
-0.000700043 3.90772e-05 4.17361e-17
-0.000700743 3.90952e-05 4.17361e-17
-0.000702178 3.90372e-05 4.17361e-17
-0.000704385 3.88994e-05 4.17361e-17
-0.000707395 3.86777e-05 4.17361e-17
-0.000711231 3.83684e-05 4.17361e-17
-0.000715921 3.79684e-05 4.17361e-17
-0.000721488 3.74746e-05 4.17361e-17
-0.000727953 3.68842e-05 4.17362e-17
-0.000735334 3.61947e-05 4.17362e-17
-0.000743647 3.54041e-05 4.17362e-17
-0.000752899 3.45109e-05 4.17363e-17
-0.000763098 3.35138e-05 4.17363e-17
-0.000774247 3.2412e-05 4.17364e-17
-0.000786342 3.12055e-05 4.17364e-17
-0.000799374 2.98948e-05 4.17365e-17
-0.000813336 2.84802e-05 4.17365e-17
-0.000828215 2.69626e-05 4.17366e-17
-0.00084399 2.5344e-05 4.17366e-17
-0.000860639 2.36273e-05 4.17367e-17
-0.000878111 2.18166e-05 4.17368e-17
-0.000896351 1.99176e-05 4.17369e-17
-0.000915299 1.79366e-05 4.17369e-17
-0.000934897 1.58807e-05 4.1737e-17
-0.000955062 1.37579e-05 4.17371e-17
-0.000975707 1.15767e-05 4.17372e-17
-0.000996759 9.34663e-06 4.17373e-17
-0.00101811 7.07763e-06 4.17374e-17
-0.00103968 4.78019e-06 4.17375e-17
-0.00106135 2.46553e-06 4.17376e-17
-0.001083 1.45405e-07 4.17377e-17
-0.00110452 -2.16783e-06 4.17378e-17
-0.0011258 -4.46154e-06 4.17379e-17
-0.00114672 -6.72261e-06 4.1738e-17
-0.00116715 -8.93777e-06 4.17381e-17
-0.00118697 -1.10937e-05 4.17381e-17
-0.00120606 -1.31774e-05 4.17382e-17
-0.00122431 -1.51763e-05 4.17383e-17
-0.00124161 -1.70777e-05 4.17384e-17
-0.00125783 -1.88692e-05 4.17385e-17
-0.00127286 -2.05381e-05 4.17385e-17
-0.0012866 -2.20722e-05 4.17386e-17
-0.00129894 -2.34597e-05 4.17386e-17
-0.00130977 -2.46899e-05 4.17387e-17
-0.00131903 -2.57538e-05 4.17387e-17
-0.00132663 -2.66439e-05 4.17388e-17
-0.00133253 -2.73533e-05 4.17388e-17
-0.00133667 -2.78767e-05 4.17388e-17
-0.00133902 -2.82103e-05 4.17388e-17
-0.00133957 -2.83521e-05 4.17388e-17
-0.0013383 -2.8301e-05 4.17388e-17
-0.00133523 -2.80572e-05 4.17388e-17
-0.00133036 -2.76227e-05 4.17388e-17
-0.00132375 -2.70009e-05 4.17388e-17
-0.00131542 -2.61961e-05 4.17388e-17
-0.00130543 -2.52141e-05 4.17387e-17
-0.00129385 -2.40619e-05 4.17387e-17
-0.00128075 -2.27479e-05 4.17386e-17
-0.00126623 -2.12814e-05 4.17386e-17
-0.00125038 -1.96724e-05 4.17385e-17
-0.0012333 -1.79325e-05 4.17384e-17
-0.00121512 -1.60739e-05 4.17383e-17
-0.00119594 -1.41093e-05 4.17383e-17
-0.0011759 -1.20522e-05 4.17382e-17
-0.00115511 -9.91575e-06 4.17381e-17
-0.00113371 -7.7133e-06 4.1738e-17
-0.00111181 -5.45856e-06 4.17379e-17
-0.00108955 -3.16522e-06 4.17378e-17
-0.00106705 -8.46672e-07 4.17377e-17
-0.00104444 1.48384e-06 4.17376e-17
-0.00102183 3.81319e-06 4.17375e-17
-0.000999341 6.12931e-06 4.17374e-17
-0.000977062 8.42231e-06 4.17373e-17
-0.000955076 1.06836e-05 4.17372e-17
-0.000933459 1.29049e-05 4.17372e-17
-0.000912285 1.50783e-05 4.17371e-17
-0.00089163 1.7196e-05 4.1737e-17
-0.000871564 1.92504e-05 4.17369e-17
-0.000852152 2.12345e-05 4.17368e-17
-0.000833452 2.31425e-05 4.17367e-17
-0.000815505 2.49701e-05 4.17367e-17
-0.00079834 2.67141e-05 4.17366e-17
-0.000781984 2.83721e-05 4.17365e-17
-0.000766456 2.9942e-05 4.17365e-17
-0.000751772 3.14224e-05 4.17364e-17
-0.000737942 3.28124e-05 4.17363e-17
-0.000724973 3.41117e-05 4.17363e-17
-0.000712862 3.53206e-05 4.17362e-17
-0.000701599 3.64405e-05 4.17362e-17
-0.000691168 3.74734e-05 4.17361e-17
-0.000681548 3.84218e-05 4.17361e-17
-0.000672721 3.92878e-05 4.17361e-17
-0.000664681 4.00725e-05 4.1736e-17
-0.000657422 4.07766e-05 4.1736e-17
-0.00065094 4.14011e-05 4.1736e-17
-0.000645225 4.19472e-05 4.1736e-17
-0.000640263 4.24165e-05 4.17359e-17
-0.000636039 4.28112e-05 4.17359e-17
-0.000632536 4.31331e-05 4.17359e-17
-0.000629727 4.33855e-05 4.17359e-17
-0.000627572 4.35728e-05 4.17359e-17
-0.00062602 4.37008e-05 4.17359e-17
-0.000625023 4.37748e-05 4.17359e-17
-0.000624539 4.37997e-05 4.17359e-17
-0.000624539 4.37786e-05 4.17359e-17
-0.000625003 4.37138e-05 4.17359e-17
-0.000625914 4.36075e-05 4.17359e-17
-0.000627251 4.34619e-05 4.17359e-17
-0.000628987 4.32801e-05 4.17359e-17
-0.000631094 4.30651e-05 4.17359e-17
-0.000633545 4.28199e-05 4.17359e-17
-0.000636323 4.25462e-05 4.17359e-17
-0.000639427 4.22442e-05 4.1736e-17
-0.000642865 4.19131e-05 4.1736e-17
-0.000646649 4.15515e-05 4.1736e-17
-0.000650786 4.11583e-05 4.1736e-17
-0.000655277 4.07335e-05 4.1736e-17
-0.000660119 4.02773e-05 4.1736e-17
-0.00066531 3.97894e-05 4.17361e-17
-0.000670862 3.92686e-05 4.17361e-17
-0.000676803 3.87114e-05 4.17361e-17
-0.000683173 3.81134e-05 4.17361e-17
-0.000690014 3.74698e-05 4.17361e-17
-0.000697363 3.67761e-05 4.17362e-17
-0.000705254 3.60286e-05 4.17362e-17
-0.000713714 3.52239e-05 4.17362e-17
-0.000722769 3.43587e-05 4.17363e-17
-0.000732454 3.34292e-05 4.17363e-17
-0.000742811 3.24304e-05 4.17364e-17
-0.000753888 3.13566e-05 4.17364e-17
-0.000765731 3.02028e-05 4.17364e-17
-0.000778374 2.89648e-05 4.17365e-17
-0.000791834 2.76406e-05 4.17366e-17
-0.000806116 2.62291e-05 4.17366e-17
-0.000821221 2.47301e-05 4.17367e-17
-0.000837149 2.31432e-05 4.17367e-17
-0.000853906 2.14676e-05 4.17368e-17
-0.000871497 1.97026e-05 4.17369e-17
-0.00088992 1.7848e-05 4.1737e-17
-0.000909168 1.59046e-05 4.1737e-17
-0.000929223 1.38741e-05 4.17371e-17
-0.000950059 1.17592e-05 4.17372e-17
-0.000971646 9.56306e-06 4.17373e-17
-0.000993949 7.28939e-06 4.17374e-17
-0.00101694 4.94163e-06 4.17375e-17
-0.00104057 2.52353e-06 4.17376e-17
-0.00106482 3.93879e-08 4.17377e-17
-0.00108963 -2.50602e-06 4.17378e-17
-0.00111497 -5.10756e-06 4.17379e-17
-0.00114077 -7.7597e-06 4.1738e-17
-0.00116699 -1.04565e-05 4.17381e-17
-0.00119357 -1.3192e-05 4.17382e-17
-0.00122046 -1.59605e-05 4.17383e-17
-0.00124761 -1.87561e-05 4.17385e-17
-0.00127497 -2.15731e-05 4.17386e-17
-0.00130249 -2.44058e-05 4.17387e-17
-0.00133012 -2.72495e-05 4.17388e-17
-0.00135783 -3.00996e-05 4.17389e-17
-0.00138562 -3.29568e-05 4.1739e-17
-0.00141344 -3.58146e-05 4.17392e-17
-0.00144122 -3.86657e-05 4.17393e-17
-0.00146895 -4.15092e-05 4.17394e-17
-0.00149661 -4.43412e-05 4.17395e-17
-0.00152417 -4.71592e-05 4.17396e-17
-0.00155161 -4.99603e-05 4.17397e-17
-0.0015789 -5.27418e-05 4.17398e-17
-0.00160603 -5.55013e-05 4.174e-17
-0.00163297 -5.82362e-05 4.17401e-17
-0.00165969 -6.09432e-05 4.17402e-17
-0.00168616 -6.36183e-05 4.17403e-17
-0.00171236 -6.62586e-05 4.17404e-17
-0.00173826 -6.88613e-05 4.17405e-17
-0.00176383 -7.14241e-05 4.17406e-17
-0.00178907 -7.3945e-05 4.17407e-17
-0.00181396 -7.64228e-05 4.17408e-17
-0.00183849 -7.88569e-05 4.17409e-17
-0.00186265 -8.12409e-05 4.1741e-17
-0.00188643 -8.35771e-05 4.17411e-17
-0.00190986 -8.58699e-05 4.17412e-17
-0.00193295 -8.81182e-05 4.17413e-17
-0.00195569 -9.03237e-05 4.17414e-17
-0.00197808 -9.24864e-05 4.17415e-17
-0.00200014 -9.46081e-05 4.17416e-17
-0.00202188 -9.66902e-05 4.17417e-17
-0.00204331 -9.87342e-05 4.17417e-17
-0.00206447 -0.000100742 4.17418e-17
-0.00208537 -0.000102716 4.17419e-17
-0.00210601 -0.000104659 4.1742e-17
-0.00212643 -0.000106573 4.17421e-17
-0.00214666 -0.000108463 4.17421e-17
-0.00216674 -0.000110333 4.17422e-17
-0.00218671 -0.000112187 4.17423e-17
-0.0022066 -0.000114032 4.17424e-17
-0.00222648 -0.000115872 4.17424e-17
-0.00224639 -0.000117715 4.17425e-17
-0.00226639 -0.000119565 4.17426e-17
-0.00228653 -0.00012143 4.17427e-17
-0.00230688 -0.000123316 4.17427e-17
-0.0023275 -0.000125231 4.17428e-17
-0.00234845 -0.000127181 4.17429e-17
-0.00236979 -0.000129173 4