0 0 0
-0.000225871 3.70936e-05 -8.79686e-22
-0.000451719 7.41873e-05 1.92743e-21
-0.000677544 0.000111281 -1.29203e-21
-0.000903346 0.000148375 -9.88751e-21
-0.00112913 0.000185469 3.52477e-22
-0.00135488 0.000222563 -3.46748e-21
-0.00159005 0.000259757 2.98172e-19
-0.00208744 0.000298682 1.03637e-17
-0.00270875 0.000339951 -1.18694e-18
-0.00339104 0.000387598 -3.71352e-18
-0.0035755 0.000399407 1.32799e-17
-0.00376129 0.000410862 -6.03984e-18
-0.00403915 0.000428436 8.21144e-17
-0.00450457 0.000454413 -9.60949e-17
-0.00520612 0.000490007 4.79854e-15
-0.00608956 0.000528991 -7.27754e-16
-0.00702061 0.000564363 -3.52659e-15
-0.00793274 0.0005968 4.424e-15
-0.00890136 0.00062777 1.81627e-15
-0.00989856 0.000656318 1.26739e-15
-0.0108734 0.000683278 -3.86903e-15
-0.0118271 0.000709049 -3.23208e-14
-0.0127651 0.000733483 -1.23516e-13
-0.013785 0.000757574 -7.42196e-14
-0.0148232 0.000780314 -6.10942e-14
-0.0158461 0.000802189 3.04736e-14
-0.0168502 0.000823975 9.03238e-14
-0.0178424 0.000844929 6.89016e-13
-0.0188239 0.000865266 8.94016e-13
-0.019796 0.000885123 2.41751e-12
-0.0207598 0.000904576 6.37907e-12
-0.0217161 0.00092367 1.72457e-11
-0.0226657 0.000942432 6.10813e-11
-0.0237057 0.00096115 7.75802e-12
-0.0247622 0.000979844 8.69765e-11
-0.0258153 0.000997873 5.88856e-11
-0.0268626 0.0010157 1.00255e-10
-0.0279031 0.0010334 -7.22937e-10
-0.02894 0.00105039 -7.1425e-10
-0.0299734 0.00106678 -1.66062e-09
-0.0310035 0.00108268 -3.70256e-09
-0.0320304 0.00109817 -1.25897e-08
-0.0330543 0.00111327 -1.11334e-09
-0.0340753 0.00112807 -1.20395e-09
-0.0350937 0.00114257 -1.49985e-09
-0.0361096 0.0011568 -2.62613e-09
-0.0371231 0.00117079 -2.24944e-09
-0.0381345 0.00118454 -1.88781e-09
-0.0391438 0.00119807 -1.83181e-09
-0.0401512 0.00121138 -1.83017e-09
-0.0411568 0.00122449 -1.83636e-09
-0.0421607 0.00123739 -1.35658e-09
-0.0431474 0.00125202 -1.37027e-09
-0.0441304 0.0012668 -1.21584e-09
-0.0451112 0.00128154 -1.1989e-09
-0.0460898 0.00129625 -1.19371e-09
-0.0470664 0.00131093 -1.17723e-09
-0.0480411 0.00132557 -1.17756e-09
-0.0490141 0.00134016 -1.15973e-09
-0.0499854 0.0013547 -1.16148e-09
-0.0510202 0.00136903 -1.15408e-09
-0.0520816 0.00138461 -1.16563e-09
-0.0531442 0.00140003 -1.15773e-09
-0.0542079 0.00141529 -1.1522e-09
-0.0552724 0.00143034 -1.14742e-09
-0.0563372 0.00144526 -1.14796e-09
-0.0573969 0.00146111 -1.14501e-09
-0.0584573 0.00147653 -1.14358e-09
-0.0595181 0.00149155 -1.14876e-09
-0.0605793 0.00150622 -1.14168e-09
-0.0616405 0.00152058 -1.13178e-09
-0.0627017 0.00153467 -1.13261e-09
-0.0637628 0.00154852 -1.13347e-09
-0.0648237 0.00156214 -1.13644e-09
-0.0658843 0.00157558 -1.12978e-09
-0.0669446 0.00158883 -1.15309e-09
-0.0680044 0.00160193 -1.13227e-09
-0.0690639 0.0016149 -1.11931e-09
-0.0701228 0.00162773 -1.11363e-09
-0.0711813 0.00164044 -1.10902e-09
-0.0722394 0.00165305 -1.10583e-09
-0.0732969 0.00166556 -1.10161e-09
-0.074354 0.00167798 -1.09794e-09
-0.0754105 0.00169032 -1.09647e-09
-0.0764666 0.00170258 -1.09463e-09
-0.0775221 0.00171476 -1.09025e-09
-0.0785772 0.00172687 -1.08541e-09
-0.0796319 0.00173891 -1.08321e-09
-0.080686 0.00175088 -1.08062e-09
-0.0817398 0.00176279 -1.07781e-09
-0.0827931 0.00177464 -1.07282e-09
-0.0838459 0.00178643 -1.07065e-09
-0.0848984 0.00179815 -1.06717e-09
-0.0859505 0.00180982 -1.06685e-09
-0.0870022 0.00182142 -1.06329e-09
-0.0880536 0.00183297 -1.05789e-09
-0.0891047 0.00184446 -1.05665e-09
-0.0901554 0.00185589 -1.05325e-09
-0.0912058 0.00186726 -1.04727e-09
-0.0922559 0.00187857 -1.0412e-09
-0.0933057 0.00188983 -1.03822e-09
-0.0943553 0.00190103 -1.03857e-09
-0.0954046 0.00191217 -1.04243e-09
-0.0964537 0.00192325 -1.03797e-09
-0.0975026 0.00193427 -1.03507e-09
-0.0985513 0.00194523 -1.03203e-09
-0.0995997 0.00195614 -1.03277e-09
-0.100648 0.00196699 -1.02745e-09
-0.101696 0.00197777 -1.02225e-09
-0.102744 0.0019885 -1.01761e-09
-0.103792 0.00199918 -1.01784e-09
-0.10484 0.00200979 -1.01432e-09
-0.105887 0.00202034 -1.01505e-09
-0.106935 0.00203084 -1.01072e-09
-0.107982 0.00204128 -1.00846e-09
-0.109029 0.00205166 -1.00584e-09
-0.110077 0.00206198 -1.00063e-09
-0.111124 0.00207224 -9.99309e-10
-0.112171 0.00208245 -9.9928e-10
-0.113218 0.0020926 -9.99053e-10
-0.114265 0.00210269 -9.96909e-10
-0.115312 0.00211273 -9.95465e-10
-0.116359 0.0021227 -9.91139e-10
-0.117406 0.00213263 -9.87916e-10
-0.118453 0.00214249 -9.86264e-10
-0.1195 0.0021523 -9.82837e-10
-0.120547 0.00216206 -9.8044e-10
-0.121594 0.00217176 -9.78821e-10
-0.122641 0.0021814 -9.75283e-10
-0.123688 0.00219099 -9.74417e-10
-0.124735 0.00220052 -9.72974e-10
-0.125782 0.00221001 -9.71222e-10
-0.126829 0.00221944 -9.69415e-10
-0.127876 0.00222881 -9.66943e-10
-0.128923 0.00223813 -9.64458e-10
-0.129971 0.0022474 -9.61717e-10
-0.131018 0.00225662 -9.59648e-10
-0.132066 0.00226579 -9.57658e-10
-0.133113 0.00227491 -9.56497e-10
-0.134161 0.00228397 -9.53054e-10
-0.135209 0.00229299 -9.51556e-10
-0.136256 0.00230195 -9.50451e-10
-0.137304 0.00231087 -9.479e-10
-0.138353 0.00231973 -9.4598e-10
-0.139401 0.00232855 -9.44632e-10
-0.140449 0.00233732 -9.42198e-10
-0.141497 0.00234604 -9.40785e-10
-0.142546 0.00235471 -9.37186e-10
-0.143595 0.00236334 -9.37676e-10
-0.144643 0.00237192 -9.33146e-10
-0.145692 0.00238045 -9.29961e-10
-0.146741 0.00238894 -9.3075e-10
-0.147791 0.00239738 -9.28888e-10
-0.14884 0.00240578 -9.27836e-10
-0.14989 0.00241413 -9.22315e-10
-0.150939 0.00242244 -9.23554e-10
-0.151989 0.0024307 -9.20162e-10
-0.153039 0.00243892 -9.16004e-10
-0.154089 0.0024471 -9.18849e-10
-0.15514 0.00245523 -9.13729e-10
-0.15619 0.00246332 -9.10684e-10
-0.157241 0.00247137 -9.07594e-10
-0.158292 0.00247938 -9.14919e-10
-0.159343 0.00248734 -9.12869e-10
-0.160394 0.00249526 -9.13221e-10
-0.161445 0.00250315 -9.03532e-10
-0.162497 0.00251099 -9.0481e-10
-0.163549 0.00251879 -8.99621e-10
-0.164601 0.00252655 -8.96478e-10
-0.165673 0.0025373 -9.51663e-10
-0.166743 0.00254765 -1.19532e-09
-0.167813 0.00255814 -6.27605e-10
-0.168884 0.00256877 -7.2899e-10
-0.169957 0.00257953 -6.65571e-10
-0.17103 0.00259042 -8.65848e-10
-0.172104 0.00260145 -9.82259e-10
-0.173179 0.0026126 -9.88577e-10
-0.174255 0.00262389 -1.10772e-09
-0.175333 0.00263529 -1.16313e-09
-0.176411 0.00264682 -8.46049e-10
-0.177491 0.00265847 -9.52126e-10
-0.178573 0.00267024 -1.06727e-09
-0.179655 0.00268212 -9.39186e-10
-0.18074 0.00269411 -1.09627e-09
-0.181826 0.00270621 -1.00557e-09
-0.182914 0.00271841 -9.81556e-10
-0.184004 0.00273071 -1.17578e-09
-0.185096 0.00274309 -1.1697e-09
-0.18619 0.00275555 -1.08035e-09
-0.187287 0.00276807 -1.27698e-09
-0.188386 0.00278064 -1.14088e-09
-0.189489 0.00279324 -9.25334e-10
-0.190595 0.00280584 -7.34975e-10
-0.191701 0.0028186 -8.84193e-10
-0.192807 0.00283144 -1.43191e-09
-0.193917 0.00284419 -4.9323e-10
-0.19503 0.00285679 -7.62871e-10
-0.196148 0.00286921 -1.07968e-09
-0.197272 0.00288137 -1.51385e-09
-0.1984 0.0028932 -7.10504e-10
-0.199535 0.00290461 -5.91318e-10
-0.200677 0.00291549 -8.88639e-10
-0.201501 0.00292303 -6.38146e-10
