0 0 0
-43.1459 2.72524 -2.04288e-17
-86.2874 5.45049 -1.01882e-16
-129.424 8.17573 8.21583e-18
-172.557 10.901 -3.00394e-16
-215.686 13.6262 -5.65065e-16
-258.809 16.3515 -1.40664e-16
-299.563 18.8862 1.51683e-15
-295.74 17.4115 -4.4409e-13
-288.996 15.1903 -8.53332e-13
-279.821 13.373 1.4696e-11
-277.14 12.9289 -9.19765e-13
-274.4 12.5732 -4.60194e-12
-269.714 11.9463 -1.84631e-12
-262.724 11.1438 1.71802e-10
-252.482 10.1322 -1.89894e-09
-240.657 9.05258 -1.13214e-10
-230.848 8.29112 8.35938e-11
-221.857 7.60933 7.84187e-11
-214.318 7.06616 -3.18826e-10
-208.115 6.6874 -3.31107e-10
-202.891 6.38969 -7.93217e-10
-197.966 6.0822 -7.39014e-10
-193.634 5.80164 -4.77204e-11
-189.916 5.59423 -1.56794e-09
-186.681 5.43207 5.79513e-10
-183.826 5.29671 2.59489e-09
-181.283 5.18476 7.1011e-09
-178.998 5.09199 2.2434e-08
-176.932 5.01443 8.42631e-08
-174.949 4.92609 3.47755e-08
-173.023 4.82793 -1.09734e-08
-171.264 4.73294 -1.90314e-08
-169.655 4.65581 -4.39132e-08
-168.175 4.58637 1.52074e-08
-166.806 4.5144 3.72052e-08
-165.535 4.44293 6.78833e-08
-164.352 4.37364 1.26581e-07
-163.246 4.30735 2.363e-07
-162.21 4.24437 4.52684e-07
-161.237 4.18474 1.14584e-06
-160.32 4.12824 3.68221e-07
-159.455 4.07474 1.29384e-07
-158.636 4.0239 8.99467e-08
-157.861 3.97541 7.60563e-08
-157.125 3.92898 6.23174e-08
-156.428 3.89778 7.91601e-08
-155.771 3.89958 1.02916e-09
-155.145 3.90298 3.44302e-08
-154.547 3.90763 -1.39734e-08
-153.975 3.91317 -1.15263e-08
-153.427 3.9193 3.31475e-08
-152.902 3.92578 -6.22373e-08
-152.364 3.91225 -4.41099e-06
-151.834 3.91569 1.30336e-06
-151.325 3.9164 1.11466e-06
-150.835 3.91409 6.72141e-07
-150.362 3.90875 5.30484e-07
-149.91 3.92091 3.63301e-08
-149.473 3.92657 7.9896e-08
-149.052 3.92486 9.12175e-08
-148.645 3.91775 1.38768e-07
-148.253 3.90648 7.72056e-08
-147.873 3.89202 3.54753e-08
-147.505 3.87527 1.01317e-07
-147.15 3.8569 6.69511e-08
-146.806 3.83742 1.37149e-08
-146.472 3.81727 -8.19817e-09
-146.148 3.79683 -2.11134e-08
-145.834 3.77629 -1.98955e-08
-145.53 3.75591 -1.7866e-08
-145.234 3.73581 -2.3694e-08
-144.946 3.71608 -3.864e-08
-144.667 3.69679 -2.51409e-08
-144.395 3.67798 -2.26715e-08
-144.13 3.65968 -4.90674e-09
-143.873 3.64188 2.2629e-08
-143.622 3.62458 -4.68245e-10
-143.377 3.60777 2.17078e-08
-143.139 3.59141 2.22175e-09
-142.906 3.57548 -1.79011e-08
-142.679 3.55996 -4.8576e-08
-142.458 3.5448 -1.72033e-08
-142.242 3.52997 -2.89186e-08
-142.03 3.51542 1.3495e-08
-141.824 3.50116 6.52982e-09
-141.622 3.48713 6.83978e-10
-141.425 3.47331 -1.37984e-08
-141.231 3.45967 7.24929e-10
-141.042 3.44618 6.24373e-09
-140.857 3.43282 4.44912e-08
-140.676 3.41956 -1.66296e-08
-140.499 3.40639 -2.32299e-08
-140.325 3.39329 -9.11811e-09
-140.154 3.38024 6.9126e-09
-139.987 3.36723 2.34362e-08
-139.823 3.35425 -2.49713e-08
-139.663 3.34128 -1.89938e-08
-139.505 3.32832 -1.87389e-08
-139.35 3.31536 -4.8155e-08
-139.198 3.30239 -2.74845e-08
-139.049 3.2894 -1.86381e-08
-138.903 3.27639 -1.55981e-08
-138.759 3.26336 -6.69846e-10
-138.617 3.25031 3.62714e-09
-138.478 3.23723 -7.81566e-09
-138.342 3.22412 -9.39733e-09
-138.208 3.21098 -8.4791e-09
-138.075 3.19781 -5.55379e-09
-137.946 3.18462 -5.19009e-09
-137.818 3.17139 -5.47127e-09
-137.692 3.15814 -7.49008e-09
-137.568 3.14487 -7.36851e-09
-137.446 3.13157 -1.30562e-08
-137.327 3.11825 -9.85044e-10
-137.208 3.10491 -2.3279e-08
-137.092 3.09155 5.54934e-09
-136.978 3.07818 -6.98786e-10
-136.865 3.0648 -2.11314e-08
-136.754 3.05141 -1.75576e-08
-136.644 3.03801 2.30409e-08
-136.536 3.02461 -1.97952e-09
-136.429 3.01122 -1.06096e-08
-136.324 2.99781 -2.28612e-08
-136.221 2.98441 -1.66857e-08
-136.119 2.97102 -1.66506e-08
-136.018 2.95764 -5.55268e-12
-135.919 2.94428 3.17482e-08
-135.821 2.93093 -3.24357e-08
-135.724 2.91759 -9.50293e-08
-135.628 2.90428 5.11646e-08
-135.534 2.89098 -2.71548e-08
-135.441 2.8777 -4.3863e-08
-135.349 2.86445 -2.0991e-08
-135.258 2.85123 -3.71546e-08
-135.169 2.83805 -1.03405e-08
-135.08 2.8249 5.85186e-08
-134.993 2.81177 3.8874e-08
-134.906 2.79868 3.32823e-08
-134.821 2.78562 2.80104e-08
-134.737 2.77261 -5.979e-08
-134.653 2.75963 -3.66126e-08
-134.571 2.7467 -2.55486e-08
-134.49 2.73381 -3.8437e-08
-134.408 2.73297 -2.11531e-08
-134.327 2.74795 3.84032e-07
-134.247 2.76419 1.45558e-06
-134.168 2.78161 -9.80595e-07
-134.089 2.80013 -1.80088e-06
-134.011 2.81966 -3.67471e-06
-133.934 2.84012 -1.40588e-06
-133.858 2.86143 2.56434e-06
-133.782 2.88351 -8.20107e-07
-133.707 2.90628 -2.23594e-06
-133.633 2.92966 1.59355e-06
-133.56 2.95354 1.2248e-06
-133.487 2.97783 -1.09621e-06
-133.415 3.00242 -1.57724e-06
-133.343 3.02716 -1.34818e-06
-133.272 3.05192 -1.03911e-06
-133.202 3.07648 2.2707e-06
-133.132 3.10064 7.08672e-07
-133.063 3.12409 4.13104e-07
-132.994 3.14643 7.05394e-07
-132.925 3.16789 1.4021e-05
-132.858 3.19136 5.87703e-07
-132.79 3.2121 -2.77015e-07
-132.724 3.22944 3.3382e-06
-132.657 3.24256 1.23036e-07
-132.591 3.2505 4.08764e-06
-132.525 3.25192 3.08236e-06
-132.46 3.24522 -3.38402e-06
-132.395 3.23512 -1.01234e-06
-132.331 3.22175 -5.46833e-07
-132.267 3.20535 -3.31132e-07
-132.204 3.18615 -4.43604e-07
-132.141 3.16439 -1.49975e-07
-132.079 3.14033 -8.14842e-07
-132.017 3.1142 -1.63728e-07
-131.956 3.08627 2.56901e-07
-131.895 3.05676 -1.09037e-06
-131.835 3.02591 3.86804e-07
-131.776 2.99393 -5.31129e-07
-131.717 2.96102 -2.36135e-07
-131.658 2.92738 -3.59655e-07
-131.6 2.89314 -2.78324e-07
-131.543 2.85858 -1.69094e-07
-131.486 2.82381 -1.8698e-08
-131.429 2.78884 -3.01894e-07
-131.373 2.75387 -1.37838e-07
-131.317 2.71899 7.38123e-08
-131.262 2.68419 -9.96214e-08
-131.207 2.64975 -1.03791e-07
-131.153 2.61567 -1.11551e-07
-131.099 2.58202 -1.25569e-07
-131.046 2.54881 -1.38787e-07
-130.993 2.51611 -4.46797e-08
-130.94 2.48395 -9.90193e-08
-130.888 2.45236 -1.86679e-07
-130.836 2.42137 -9.50916e-08
-130.784 2.39099 -1.98935e-08
-130.733 2.36125 -1.03493e-07
-130.683 2.33214 -7.77625e-08
-130.646 2.31158 -1.4387e-08
