0 0
-0.000494462 1.25
-0.00197785 2.5
-0.00445016 3.75
-0.0079114 5
-0.0123616 6.25
-0.0178007 7.5
-0.0259578 8.75
-0.0848223 10
-0.164172 11.25
-0.23052 12.5
-0.242569 12.8125
-0.256943 13.125
-0.282266 13.5938
-0.321066 14.2969
-0.378961 15.3516
-0.453866 16.6016
-0.537031 17.8516
-0.621798 19.1016
-0.715241 20.3516
-0.825112 21.6016
-0.93524 22.8516
-1.04508 24.1016
-1.15329 25.3516
-1.27141 26.6016
-1.40669 27.8516
-1.54134 29.1016
-1.6752 30.3516
-1.80726 31.6016
-1.93807 32.8516
-2.06816 34.1016
-2.19765 35.3516
-2.32737 36.6016
-2.48768 37.8516
-2.64774 39.1016
-2.8074 40.3516
-2.96661 41.6016
-3.12407 42.8516
-3.28055 44.1016
-3.43662 45.3516
-3.59236 46.6016
-3.74784 47.8516
-3.90315 49.1016
-4.05834 50.3516
-4.21349 51.6016
-4.36867 52.8516
-4.52393 54.1016
-4.67933 55.3516
-4.83493 56.6016
-4.99348 57.8516
-5.18078 59.1016
-5.36894 60.3516
-5.5579 61.6016
-5.74761 62.8516
-5.93802 64.1016
-6.12852 65.3516
-6.31893 66.6016
-6.50998 67.8516
-6.70167 69.1016
-6.894 70.3516
-7.08697 71.6016
-7.28058 72.8516
-7.47486 74.1016
-7.66979 75.3516
-7.86539 76.6016
-8.06168 77.8516
-8.25865 79.1016
-8.45633 80.3516
-8.65473 81.6016
-8.85384 82.8516
-9.05369 84.1016
-9.25429 85.3516
-9.45564 86.6016
-9.65776 87.8516
-9.86066 89.1016
-10.0643 90.3516
-10.2688 91.6016
-10.4741 92.8516
-10.6802 94.1016
-10.8871 95.3516
-11.0933 96.6016
-11.2968 97.8516
-11.5011 99.1016
-11.706 100.352
-11.9116 101.602
-12.118 102.852
-12.3251 104.102
-12.5329 105.352
-12.7414 106.602
-12.9508 107.852
-13.1609 109.102
-13.3717 110.352
-13.5834 111.602
-13.7959 112.852
-14.0092 114.102
-14.2234 115.352
-14.4646 116.602
-14.7067 117.852
-14.9501 119.102
-15.1948 120.352
-15.4409 121.602
-15.6882 122.852
-15.9368 124.102
-16.1866 125.352
-16.4376 126.602
-16.6886 127.852
-16.9404 129.102
-17.1934 130.352
-17.4477 131.602
-17.7031 132.852
-17.9597 134.102
-18.2174 135.352
-18.4762 136.602
-18.7362 137.852
-18.9973 139.102
-19.2594 140.352
-19.5226 141.602
-19.7869 142.852
-20.0522 144.102
-20.3186 145.352
-20.586 146.602
-20.8545 147.852
-21.124 149.102
-21.3945 150.352
-21.6661 151.602
-21.9387 152.852
-22.2123 154.102
-22.4869 155.352
-22.7625 156.602
-23.0392 157.852
-23.3169 159.102
-23.5956 160.352
-23.8753 161.602
-24.156 162.852
-24.4377 164.102
-24.7205 165.352
-25.0042 166.602
-25.289 167.852
-25.5748 169.102
-25.8616 170.352
-26.1495 171.602
-26.4383 172.852
-26.7282 174.102
-27.0191 175.352
-27.3111 176.602
-27.6041 177.852
-27.898 179.102
-28.1931 180.352
-28.4891 181.602
-28.7862 182.852
-29.0844 184.102
-29.3835 185.352
-29.6837 186.602
-29.985 187.852
-30.2873 189.102
-30.5907 190.352
-30.895 191.602
-31.2005 192.852
-31.507 194.102
-31.8146 195.352
-32.1232 196.602
-32.4328 197.852
-32.7436 199.102
-33.0554 200.352
-33.3682 201.602
-33.6822 202.852
-33.9972 204.102
-34.3132 205.352
-34.6304 206.602
-34.9486 207.852
-35.2679 209.102
-35.5883 210.352
-35.9097 211.602
-36.2323 212.852
-36.5559 214.102
-36.8806 215.352
-37.2064 216.602
-37.5333 217.852
-37.8613 219.102
-38.1904 220.352
-38.5205 221.602
-38.8518 222.852
-39.1842 224.102
-39.5177 225.352
-39.8522 226.602
-40.1879 227.852
-40.5247 229.102
-40.8626 230.352
-41.2016 231.602
-41.5418 232.852
-41.883 234.102
-42.2254 235.352
-42.5688 236.602
-42.9134 237.852
-43.2591 239.102
-43.606 240.352
-43.9539 241.602
-44.303 242.852
-44.6532 244.102
-45.0046 245.352
-45.3571 246.602
-45.7107 247.852
-46.0654 249.102
-46.3211 250
