0 0 0
-0.000225871 3.70936e-05 -1.11828e-21
-0.000451719 7.41873e-05 -3.84552e-21
-0.000677544 0.000111281 -3.09528e-21
-0.000903346 0.000148375 -3.75857e-21
-0.00112913 0.000185469 -7.30258e-21
-0.00135488 0.000222563 8.51649e-21
-0.00159036 0.000259786 1.14612e-19
-0.00210041 0.000299523 1.15164e-18
-0.00274992 0.000342869 6.52262e-18
-0.00348366 0.000393297 -6.05605e-17
-0.0036795 0.000405585 -3.31233e-18
-0.0038748 0.000417732 -2.57946e-18
-0.00418547 0.000436533 7.61608e-17
-0.00468019 0.000463569 1.02965e-16
-0.00542552 0.000500261 -1.90146e-15
-0.00639643 0.000540815 -4.74752e-15
-0.00738157 0.000576943 6.4975e-17
-0.00834992 0.000610621 3.75269e-16
-0.00942196 0.000642363 -1.32729e-15
-0.0104702 0.00067147 -5.73548e-16
-0.0114902 0.00069948 -8.32482e-15
-0.0124907 0.000725807 -5.03403e-14
-0.0135416 0.000751538 -2.4787e-14
-0.0146467 0.000775914 3.56725e-15
-0.0157348 0.00079912 2.38397e-14
-0.0168004 0.000822277 -1.89746e-14
-0.017852 0.000844479 -5.22235e-14
-0.0188913 0.000865988 -1.39982e-13
-0.0199198 0.000886957 -5.26003e-13
-0.0209387 0.000907476 -1.38559e-12
-0.0219492 0.000927595 -3.58068e-12
-0.0229581 0.000947379 -1.25415e-12
-0.0240786 0.000967696 -1.50005e-12
-0.0251955 0.000987229 -2.11185e-12
-0.0263082 0.00100604 -3.84928e-12
-0.0274118 0.00102507 -1.10461e-11
-0.0285103 0.00104339 -4.41697e-12
-0.0296047 0.00106099 -8.54442e-12
-0.0306951 0.00107799 -2.88766e-11
-0.0317817 0.00109449 -2.44968e-11
-0.0328648 0.00111056 -4.37847e-11
-0.0339446 0.00112627 -8.08096e-11
-0.0350213 0.00114164 -1.63352e-10
-0.0360951 0.00115671 -5.76227e-10
-0.0371661 0.0011715 -4.81503e-10
-0.0382346 0.00118603 -3.4738e-10
-0.0393008 0.00120031 -3.22931e-10
-0.0403647 0.00121434 -3.14574e-10
-0.0414266 0.00122815 -3.08391e-10
-0.0424865 0.00124173 -1.43913e-10
-0.0435331 0.00125653 -1.07363e-09
-0.0445704 0.0012721 -4.33643e-10
-0.0456052 0.00128764 -1.76063e-10
-0.0466377 0.00130314 -1.73071e-10
-0.0476679 0.0013186 -1.68911e-10
-0.0486961 0.00133402 -1.68497e-10
-0.0497224 0.00134938 -1.63018e-10
-0.0508062 0.00136397 -1.66659e-10
-0.0519275 0.00138039 -1.64159e-10
-0.05305 0.00139663 -1.65893e-10
-0.0541736 0.00141268 -1.66822e-10
-0.0552981 0.00142851 -1.65872e-10
-0.0564217 0.00144441 -1.67136e-10
-0.0575409 0.001461 -1.64459e-10
-0.0586609 0.0014771 -1.69274e-10
-0.0597813 0.0014926 -1.47305e-10
-0.0609018 0.00150809 -1.64061e-10
-0.0620224 0.00152307 -1.66251e-10
-0.0631428 0.00153776 -1.64153e-10
-0.0642629 0.0015522 -1.78657e-10
-0.0653827 0.0015664 -1.70019e-10
-0.0665021 0.00158041 -1.6751e-10
-0.067621 0.00159424 -1.65388e-10
-0.0687394 0.0016079 -1.64737e-10
-0.0698573 0.00162142 -1.62356e-10
-0.0709746 0.0016348 -1.60551e-10
-0.0720913 0.00164807 -1.59876e-10
-0.0732074 0.00166123 -1.59418e-10
-0.0743229 0.00167429 -1.60159e-10
-0.0754378 0.00168726 -1.59901e-10
-0.0765522 0.00170013 -1.57874e-10
-0.0776659 0.00171293 -1.56849e-10
-0.0787791 0.00172564 -1.57744e-10
-0.0798917 0.00173828 -1.56118e-10
-0.0810038 0.00175085 -1.54787e-10
-0.0821153 0.00176334 -1.54574e-10
-0.0832264 0.00177577 -1.53828e-10
-0.0843369 0.00178813 -1.54985e-10
-0.085447 0.00180042 -1.53707e-10
-0.0865567 0.00181264 -1.52136e-10
-0.0876658 0.0018248 -1.52599e-10
-0.0887746 0.0018369 -1.50108e-10
-0.089883 0.00184893 -1.48984e-10
-0.090991 0.00186089 -1.50086e-10
-0.0920986 0.00187279 -1.51255e-10
-0.0932059 0.00188463 -1.48082e-10
-0.0943129 0.0018964 -1.45521e-10
-0.0954196 0.0019081 -1.47319e-10
-0.0965259 0.00191974 -1.47536e-10
-0.097632 0.00193132 -1.47612e-10
-0.0987379 0.00194283 -1.51294e-10
-0.0998435 0.00195427 -1.49156e-10
-0.100949 0.00196565 -1.45996e-10
-0.102054 0.00197697 -1.45346e-10
-0.103159 0.00198822 -1.45375e-10
-0.104264 0.0019994 -1.46802e-10
-0.105368 0.00201052 -1.46767e-10
-0.106473 0.00202158 -1.46693e-10
-0.107577 0.00203257 -1.43909e-10
-0.108681 0.00204349 -1.39642e-10
-0.109785 0.00205436 -1.41188e-10
-0.110889 0.00206515 -1.41697e-10
-0.111993 0.00207588 -1.43548e-10
-0.113097 0.00208655 -1.4306e-10
-0.114201 0.00209716 -1.42626e-10
-0.115304 0.0021077 -1.43394e-10
-0.116408 0.00211818 -1.44052e-10
-0.117511 0.00212859 -1.43895e-10
-0.118615 0.00213895 -1.43654e-10
-0.119718 0.00214924 -1.42549e-10
-0.120822 0.00215947 -1.41522e-10
-0.121925 0.00216963 -1.4097e-10
-0.123029 0.00217974 -1.40933e-10
-0.124132 0.00218979 -1.4066e-10
-0.125236 0.00219978 -1.40183e-10
-0.126339 0.0022097 -1.39511e-10
-0.127443 0.00221957 -1.39493e-10
-0.128546 0.00222938 -1.39295e-10
-0.12965 0.00223913 -1.38915e-10
-0.130754 0.00224882 -1.38395e-10
-0.131857 0.00225846 -1.39604e-10
-0.132961 0.00226804 -1.35262e-10
-0.134065 0.00227756 -1.36966e-10
-0.135169 0.00228703 -1.38382e-10
-0.136273 0.00229644 -1.37956e-10
-0.137377 0.00230579 -1.38953e-10
-0.138481 0.00231509 -1.36015e-10
-0.139585 0.00232434 -1.36985e-10
-0.14069 0.00233353 -1.33361e-10
-0.141794 0.00234267 -1.35989e-10
-0.142899 0.00235176 -1.34711e-10
-0.144003 0.0023608 -1.34792e-10
-0.145108 0.00236978 -1.34004e-10
-0.146213 0.00237871 -1.35836e-10
-0.147318 0.00238759 -1.34103e-10
-0.148424 0.00239642 -1.35381e-10
-0.149529 0.0024052 -1.33289e-10
-0.150634 0.00241393 -1.38519e-10
-0.15174 0.00242262 -1.28436e-10
-0.152846 0.00243125 -1.28925e-10
-0.153952 0.00243984 -1.34891e-10
-0.155058 0.00244837 -1.37062e-10
-0.156164 0.00245686 -1.40457e-10
-0.15727 0.0024653 -1.23399e-10
-0.158377 0.0024737 -1.2664e-10
-0.159484 0.00248205 -1.37381e-10
-0.160591 0.00249035 -1.2364e-10
-0.161698 0.00249861 -1.20176e-10
-0.162805 0.00250683 -1.32369e-10
-0.163912 0.002515 -1.31003e-10
-0.165135 0.00253905 -1.20611e-10
-0.166328 0.00255151 -1.96937e-10
-0.167509 0.00256379 -1.35609e-10
-0.168691 0.00257606 -4.11814e-11
-0.169863 0.0025884 -1.85253e-10
-0.17102 0.00260096 -6.24572e-11
-0.172181 0.00261352 -7.89419e-11
-0.173346 0.00262608 -1.50709e-10
-0.174514 0.00263858 -4.68739e-11
-0.175686 0.00265098 -5.97945e-11
-0.176855 0.00266399 8.3799e-10
-0.178023 0.00267728 -2.12395e-10
-0.179195 0.00269034 -1.39253e-10
-0.180373 0.00270312 -1.73584e-08
-0.181557 0.0027155 -5.83303e-10
-0.182747 0.00272742 -8.32028e-10
-0.183943 0.00273876 -6.38893e-10
-0.185144 0.00274966 -6.11206e-10
-0.186345 0.00276024 -5.82541e-10
-0.187548 0.0027705 -5.31271e-10
-0.188752 0.00278047 -5.44771e-10
-0.189958 0.00279016 -6.60633e-10
-0.191164 0.00279957 -5.1581e-10
-0.192372 0.00280872 -6.1814e-10
-0.193581 0.00281762 -6.04909e-10
-0.19479 0.0028263 -5.92119e-10
-0.196 0.00283475 -6.73364e-10
-0.197211 0.00284299 -5.71258e-10
-0.198423 0.00285104 -6.11977e-10
-0.199635 0.00285891 -5.29422e-10
-0.200849 0.0028666 -6.12767e-10
-0.202062 0.00287412 -6.38332e-10
-0.203277 0.0028815 -5.22733e-10
-0.204491 0.00288872 -5.70359e-10
-0.205707 0.00289581 -5.43456e-10
-0.206923 0.00290278 -5.359e-10
-0.208139 0.00290963 -5.57398e-10
-0.209356 0.00291637 -5.42984e-10
-0.210573 0.002923 -5.73054e-10
-0.211791 0.00292954 -5.54831e-10
-0.213009 0.00293598 -5.60358e-10
-0.214227 0.00294234 -5.54633e-10
-0.215103 0.00294686 -5.58874e-10
