0 0 0
0.000224925 3.69345e-05 1.24681e-21
0.000449874 7.3869e-05 1.1847e-21
0.000674846 0.000110803 2.0001e-21
0.000899842 0.000147738 9.111e-21
0.00112486 0.000184673 -3.95206e-21
0.00134991 0.000221608 1.84486e-21
0.00157452 0.000258547 3.33881e-19
0.0017713 0.000294883 -1.32645e-17
0.00195291 0.000331139 -6.64861e-18
0.00226452 0.000372716 -4.99479e-17
0.00233855 0.00038304 8.04541e-17
0.00241245 0.000393168 -1.77139e-16
0.00252302 0.000407881 -9.48216e-17
0.00269932 0.000429841 -4.42944e-17
0.00293813 0.000461725 -3.16525e-16
0.0032194 0.000496138 7.44943e-15
0.00346663 0.000528494 3.95377e-16
0.00368801 0.000558227 -9.23896e-15
0.00391362 0.000585706 7.61034e-16
0.00413981 0.000611877 -8.35548e-15
0.00430042 0.000636938 1.20176e-17
0.00446657 0.000660292 -1.30653e-16
0.0046408 0.000682716 3.50982e-15
0.00482317 0.000704386 2.89718e-14
0.00501138 0.000725101 -4.61817e-15
0.00518609 0.000745309 9.80803e-14
0.00529506 0.000765025 3.42785e-14
0.00540901 0.000783834 7.34685e-14
0.00552922 0.00080207 1.79597e-13
0.00565912 0.00082037 1.5342e-12
0.00579436 0.000838139 2.28709e-13
0.00593456 0.000855404 4.4062e-13
0.00607932 0.0008723 -8.94299e-14
0.00622829 0.000888887 -3.27086e-13
0.00638113 0.000905201 1.94563e-12
0.0065375 0.000921273 4.36455e-12
0.00669714 0.000937116 6.14962e-12
0.00683923 0.000952856 -5.51198e-11
0.00691571 0.000968949 2.21267e-10
0.00699299 0.000984579 2.60753e-11
0.00707138 0.000999746 4.08568e-11
0.00715179 0.00101464 1.30423e-10
0.0072367 0.00102976 5.14534e-11
0.00732317 0.00104433 1.12363e-10
0.00741124 0.00105844 1.98754e-10
0.00750089 0.00107216 3.30005e-10
0.0075921 0.00108553 6.93302e-10
0.00768483 0.00109862 8.54625e-11
0.00777903 0.00111144 7.88643e-11
0.00787466 0.00112403 7.86217e-11
0.00797167 0.0011364 9.92034e-11
0.00807 0.00114857 -6.49885e-11
0.0081696 0.00116056 -3.29342e-11
0.00827041 0.00117237 5.09219e-11
0.0083724 0.00118402 5.69825e-11
0.00847549 0.00119551 5.75961e-11
0.00857966 0.00120685 5.73411e-11
0.00868485 0.00121804 5.67667e-11
0.00879101 0.00122908 5.6583e-11
0.00889811 0.00123999 5.59939e-11
0.00901404 0.00125174 6.29959e-11
0.00913736 0.00126423 6.54194e-11
0.00926214 0.0012767 6.73419e-11
0.00938833 0.00128914 6.6975e-11
0.00951584 0.00130156 6.70188e-11
0.00964461 0.00131396 6.66938e-11
0.00977458 0.00132634 6.60848e-11
0.0099057 0.00133868 6.55817e-11
0.0100379 0.00135099 6.58098e-11
0.0101712 0.00136326 6.56141e-11
0.010249 0.00137557 9.12516e-11
0.0103096 0.00138876 6.28938e-11
0.0103693 0.00140185 6.2254e-11
0.0104282 0.00141482 6.25306e-11
0.0104864 0.00142767 6.26238e-11
0.0105441 0.00144038 6.2486e-11
0.0106016 0.001453 6.27723e-11
0.0106631 0.00146645 6.22672e-11
0.0107241 0.00147959 6.3278e-11
0.0107848 0.00149245 6.37789e-11
0.0108452 0.00150505 6.35614e-11
0.0109056 0.00151741 6.33021e-11
0.0109659 0.00152955 6.34299e-11
0.0110263 0.00154151 6.26749e-11
0.0110868 0.00155329 6.38926e-11
0.0111475 0.00156491 6.33326e-11
0.0112085 0.00157638 6.60874e-11
0.0112697 0.00158774 6.26126e-11
0.0113312 0.00159896 6.40505e-11
0.0113931 0.00161008 6.30097e-11
0.0114553 0.0016211 6.40504e-11
0.0115179 0.00163202 6.41195e-11
0.0115808 0.00164286 6.42161e-11
0.0116442 0.00165363 6.39747e-11
0.011708 0.00166432 6.40584e-11
0.0117722 0.00167494 6.42053e-11
0.0118368 0.00168549 6.40839e-11
0.0119018 0.00169598 6.416e-11
0.0119673 0.00170642 6.42601e-11
0.0120332 0.0017168 6.43231e-11
0.0120995 0.00172713 6.42589e-11
0.0121662 0.00173741 6.41181e-11
0.0122334 0.00174764 6.40017e-11
0.012301 0.00175782 6.40507e-11
0.0123689 0.00176796 6.39907e-11
0.0124373 0.00177805 6.3671e-11
0.0125061 0.0017881 6.36845e-11
0.0125753 0.0017981 6.38292e-11
0.0126449 0.00180806 6.38769e-11
0.0127149 0.00181798 6.369e-11
0.0127852 0.00182786 6.38164e-11
0.0128559 0.00183769 6.39309e-11
0.012927 0.00184749 6.38691e-11
0.0129984 0.00185724 6.39536e-11
0.0130702 0.00186695 6.40215e-11
0.0131424 0.00187662 6.39746e-11
0.0132148 0.00188624 6.3893e-11
0.0132876 0.00189583 6.37041e-11
0.0133607 0.00190537 6.36939e-11
0.0134342 0.00191488 6.37711e-11
0.0135079 0.00192434 6.36485e-11
0.013582 0.00193376 6.33692e-11
0.0136563 0.00194314 6.36393e-11
0.013731 0.00195248 6.36224e-11
0.0138059 0.00196177 6.3771e-11
0.0138811 0.00197103 6.3773e-11
0.0139566 0.00198024 6.35778e-11
0.0140324 0.00198941 6.38693e-11
0.0141084 0.00199854 6.37493e-11
0.0141846 0.00200763 6.3685e-11
0.0142612 0.00201667 6.33032e-11
0.0143379 0.00202568 6.33204e-11
0.0144149 0.00203464 6.31929e-11
0.0144922 0.00204356 6.3638e-11
0.0145697 0.00205244 6.38638e-11
0.0146474 0.00206128 6.36647e-11
0.0147253 0.00207008 6.35174e-11
0.0148035 0.00207883 6.35734e-11
0.0148818 0.00208755 6.37718e-11
0.0149604 0.00209622 6.35274e-11
0.0150392 0.00210486 6.33689e-11
0.0151181 0.00211345 6.34178e-11
0.0151973 0.002122 6.34653e-11
0.0152767 0.00213052 6.3485e-11
0.0153562 0.00213899 6.34413e-11
0.015436 0.00214742 6.34579e-11
0.0155159 0.00215581 6.33675e-11
0.015596 0.00216416 6.34271e-11
0.0156763 0.00217248 6.33764e-11
0.0157568 0.00218075 6.3304e-11
0.0158374 0.00218899 6.32812e-11
0.0159182 0.00219718 6.32577e-11
0.0159991 0.00220534 6.33394e-11
0.0160803 0.00221346 6.33584e-11
0.0161615 0.00222154 6.32927e-11
0.016243 0.00222958 6.32415e-11
0.0163246 0.00223759 6.32457e-11
0.0164063 0.00224555 6.32658e-11
0.0164882 0.00225348 6.32951e-11
0.0165702 0.00226138 6.31986e-11
0.0166524 0.00226923 6.31364e-11
0.0167347 0.00227705 6.31142e-11
0.0168172 0.00228484 6.32757e-11
0.0168998 0.00229258 6.3176e-11
0.0169825 0.0023003 6.31306e-11
0.0170654 0.00230797 6.29651e-11
0.0171484 0.00231561 6.30731e-11
0.0172315 0.00232322 6.3237e-11
0.0173147 0.00233079 6.27564e-11
0.0173981 0.00233832 6.32553e-11
0.0174816 0.00234582 6.27803e-11
0.0175652 0.00235329 6.28362e-11
0.017649 0.00236072 6.28111e-11
0.0177329 0.00236812 6.29692e-11
0.0178168 0.00237549 6.30961e-11
0.0179009 0.00238282 6.27739e-11
0.0179851 0.00239012 6.29177e-11
0.0180695 0.00239739 6.27876e-11
0.0181539 0.00240462 6.28705e-11
0.0182384 0.00241182 6.31339e-11
0.0183231 0.00241899 6.27528e-11
0.0184078 0.00242613 6.26064e-11
0.0184927 0.00243324 6.26117e-11
0.0185777 0.00244031 6.27611e-11
0.0186628 0.00244736 6.27717e-11
0.0187479 0.00245437 6.27065e-11
0.0188332 0.00246135 6.25842e-11
0.0189186 0.0024683 6.2367e-11
0.0190041 0.00247522 6.25014e-11
0.0190897 0.00248211 6.23935e-11
0.0191753 0.00248897 6.23678e-11
0.0192611 0.00249581 6.22018e-11
0.019347 0.00250261 6.21093e-11
0.0194329 0.00250938 6.2409e-11
0.019519 0.00251612 6.21861e-11
0.0196051 0.00252284 6.25419e-11
0.0196914 0.00252953 6.24782e-11
0.0197777 0.00253618 6.22958e-11
0.0198641 0.00254281 6.20845e-11
0.0199506 0.00254941 6.23989e-11
0.0200243 0.00255799 5.2841e-11
0.0200975 0.00256669 5.4304e-11
0.0201499 0.00257299 5.35088e-11
