0 0
-0.000493433 1.25
-0.00197373 2.5
-0.0044409 3.75
-0.00789494 5
-0.0123359 6.25
-0.0177637 7.5
-0.025156 8.75
-0.0735055 10
-0.142831 11.25
-0.19378 12.5
-0.209392 12.8125
-0.225165 13.125
-0.249144 13.5938
-0.283654 14.2969
-0.348227 15.3516
-0.426467 16.6016
-0.519221 17.8516
-0.621533 19.1016
-0.722546 20.3516
-0.825645 21.6016
-0.950678 22.8516
-1.074 24.1016
-1.19469 25.3516
-1.31309 26.6016
-1.43003 27.8516
-1.55623 29.1016
-1.70143 30.3516
-1.8455 31.6016
-1.9878 32.8516
-2.12776 34.1016
-2.26668 35.3516
-2.40474 36.6016
-2.5421 37.8516
-2.6789 39.1016
-2.81529 40.3516
-2.95139 41.6016
-3.08732 42.8516
-3.2391 44.1016
-3.40458 45.3516
-3.57066 46.6016
-3.73725 47.8516
-3.90366 49.1016
-4.06988 50.3516
-4.23652 51.6016
-4.40358 52.8516
-4.57109 54.1016
-4.73906 55.3516
-4.9075 56.6016
-5.07644 57.8516
-5.24591 59.1016
-5.41593 60.3516
-5.58651 61.6016
-5.75769 62.8516
-5.92947 64.1016
-6.1019 65.3516
-6.27497 66.6016
-6.44873 67.8516
-6.62317 69.1016
-6.79833 70.3516
-6.97252 71.6016
-7.14458 72.8516
-7.31717 74.1016
-7.49033 75.3516
-7.66408 76.6016
-7.83845 77.8516
-8.01345 79.1016
-8.18912 80.3516
-8.36547 81.6016
-8.54251 82.8516
-8.73335 84.1016
-8.93593 85.3516
-9.13987 86.6016
-9.34513 87.8516
-9.55168 89.1016
-9.75948 90.3516
-9.9685 91.6016
-10.1774 92.8516
-10.3873 94.1016
-10.5984 95.3516
-10.8106 96.6016
-11.0239 97.8516
-11.2383 99.1016
-11.4538 100.352
-11.6703 101.602
-11.8878 102.852
-12.1064 104.102
-12.3259 105.352
-12.5463 106.602
-12.7678 107.852
-12.9902 109.102
-13.2136 110.352
-13.4379 111.602
-13.6632 112.852
-13.8894 114.102
-14.1166 115.352
-14.3447 116.602
-14.5737 117.852
-14.8037 119.102
-15.0346 120.352
-15.2665 121.602
-15.4994 122.852
-15.7331 124.102
-15.9679 125.352
-16.2036 126.602
-16.4402 127.852
-16.6778 129.102
-16.9164 130.352
-17.1559 131.602
-17.3964 132.852
-17.6378 134.102
-17.8803 135.352
-18.1237 136.602
-18.3681 137.852
-18.6135 139.102
-18.8598 140.352
-19.1072 141.602
-19.3555 142.852
-19.6049 144.102
-19.8552 145.352
-20.1065 146.602
-20.3589 147.852
-20.6122 149.102
-20.8666 150.352
-21.1219 151.602
-21.3783 152.852
-21.6357 154.102
-21.8942 155.352
-22.1536 156.602
-22.4141 157.852
-22.6756 159.102
-22.9381 160.352
-23.2017 161.602
-23.4663 162.852
-23.7319 164.102
-23.9986 165.352
-24.2663 166.602
-24.535 167.852
-24.8049 169.102
-25.0757 170.352
-25.3476 171.602
-25.6206 172.852
-25.8946 174.102
-26.1697 175.352
-26.4458 176.602
-26.723 177.852
-27.0013 179.102
-27.2806 180.352
-27.561 181.602
-27.8425 182.852
-28.125 184.102
-28.4086 185.352
-28.6933 186.602
-28.9791 187.852
-29.2659 189.102
-29.5538 190.352
-29.8428 191.602
-30.1329 192.852
-30.424 194.102
-30.7163 195.352
-31.0096 196.602
-31.3041 197.852
-31.5996 199.102
-31.8962 200.352
-32.1939 201.602
-32.4927 202.852
-32.7926 204.102
-33.0936 205.352
-33.3957 206.602
-33.6988 207.852
-34.0031 209.102
-34.3085 210.352
-34.615 211.602
-34.9227 212.852
-35.2314 214.102
-35.5412 215.352
-35.8521 216.602
-36.1642 217.852
-36.4774 219.102
-36.7916 220.352
-37.107 221.602
-37.4235 222.852
-37.7412 224.102
-38.0599 225.352
-38.3798 226.602
-38.7008 227.852
-39.0229 229.102
-39.3461 230.352
-39.6705 231.602
-39.996 232.852
-40.3226 234.102
-40.6504 235.352
-40.9792 236.602
-41.3093 237.852
-41.6404 239.102
-41.9727 240.352
-42.3061 241.602
-42.6407 242.852
-42.9764 244.102
-43.3177 245.352
-43.6601 246.602
-44.0037 247.852
-44.3487 249.102
-44.5974 250
