0 0 0
0.000225895 3.70936e-05 2.1877e-22
0.000451813 7.41873e-05 7.15495e-22
0.000677755 0.000111281 1.58779e-21
0.00090372 0.000148375 7.54775e-21
0.00112971 0.000185469 -1.46689e-21
0.00135572 0.000222563 9.67041e-21
0.00158403 0.000260273 -6.54327e-17
0.00189228 0.000317714 3.42965e-17
0.00319415 0.000480194 -2.22457e-18
0.00479282 0.00066685 -4.41131e-16
0.00510652 0.000702058 -1.34746e-16
0.00531491 0.000737433 1.29965e-17
0.00561028 0.000782828 -8.24993e-17
0.00608165 0.000841421 -9.40443e-16
0.00680291 0.000917172 -7.33009e-16
0.00724533 0.000999438 -2.01655e-15
0.0077294 0.0010707 -4.53199e-15
0.00823966 0.00113327 -1.63716e-15
0.00877071 0.00119035 3.46025e-15
0.0093548 0.0012481 -7.31982e-16
0.0100015 0.00130915 3.25838e-15
0.0102882 0.0013727 -6.00434e-16
0.0105734 0.00143575 7.40604e-16
0.0108627 0.00149439 1.39836e-14
0.0111566 0.00154886 -1.09694e-15
0.0114585 0.00160066 -3.60213e-15
0.0117696 0.00165061 -9.43503e-15
0.0120901 0.00169914 -1.48992e-14
0.0124194 0.00174646 -1.65179e-14
0.0127568 0.00179269 -1.36754e-14
0.0131014 0.00183787 -2.0009e-14
0.0134525 0.00188201 -2.19412e-14
0.0138094 0.00192513 -1.90267e-14
0.0141713 0.00196725 -1.87305e-14
0.0145379 0.00200837 -2.59414e-14
0.0149085 0.00204851 -3.48642e-14
0.0152828 0.00208769 -4.9372e-14
0.0156603 0.00212594 -6.35984e-14
0.0160407 0.00216328 -7.82533e-14
0.0164238 0.00219974 1.48733e-14
0.0168093 0.00223534 -1.85249e-15
0.0171969 0.00227011 -6.19544e-14
0.0175866 0.00230408 8.80522e-14
0.0179781 0.00233728 7.68339e-17
0.0183713 0.00236974 -2.80033e-13
0.0187661 0.00240147 -1.25425e-13
0.0191089 0.00244061 7.52173e-13
0.0194096 0.00248513 -3.44202e-12
0.0196916 0.00253163 3.49154e-12
0.0199467 0.00257974 -1.51072e-12
0.0201606 0.0026286 -4.15213e-13
0.020333 0.00267714 3.65714e-11
0.0204412 0.00272155 -5.09083e-12
0.0205145 0.00276036 5.11301e-11
0.0205749 0.00279483 1.41282e-12
0.0206268 0.00282549 2.97457e-12
0.0206737 0.00285304 2.19181e-12
0.0207181 0.00287816 2.52149e-12
0.0207616 0.00290138 2.41873e-12
0.0208054 0.00292317 2.3527e-12
0.0208501 0.00294385 2.41461e-12
0.0208961 0.0029637 2.36747e-12
0.0209435 0.0029829 2.399e-12
0.0209924 0.00300159 2.37543e-12
0.0210427 0.00301987 2.40078e-12
0.0210946 0.00303783 2.33308e-12
0.0211477 0.00305552 2.31597e-12
0.0212022 0.00307298 2.31672e-12
0.0212579 0.00309024 2.27024e-12
0.0213148 0.00310734 2.28288e-12
0.0213728 0.00312428 2.2793e-12
0.0214318 0.00314108 2.22444e-12
0.0214918 0.00315776 2.1937e-12
0.0215526 0.00317431 2.10105e-12
0.0216144 0.00319075 2.08178e-12
0.0216769 0.00320708 2.07968e-12
0.0217402 0.00322331 2.06071e-12
0.0218042 0.00323943 1.80782e-12
0.021869 0.00325544 1.98406e-12
0.0219343 0.00327135 2.02627e-12
0.0220003 0.00328716 1.64652e-12
0.0220669 0.00330287 1.92618e-12
0.0221341 0.00331848 2.10633e-12
0.0222018 0.00333399 1.17557e-12
0.02227 0.00334939 2.22666e-12
0.0223387 0.00336469 2.51043e-12
0.0224079 0.00337989 1.90388e-12
0.0224775 0.00339499 1.17011e-12
0.0225476 0.00340998 2.23255e-12
0.022618 0.00342487 1.02668e-12
0.0226889 0.00343965 5.51365e-13
0.0227602 0.00345433 1.32527e-12
0.0228318 0.00346891 1.81106e-12
0.0229038 0.00348338 8.39233e-13
0.0229761 0.00349775 2.44263e-12
0.0230487 0.00351201 6.41877e-14
0.0231217 0.00352617 3.97836e-12
0.0231949 0.00354022 -6.16134e-13
0.0232685 0.00355417 6.88345e-13
0.0233423 0.00356801 5.87181e-12
0.0234165 0.00358175 1.59748e-12
0.0234908 0.00359539 4.35582e-12
0.0235655 0.00360892 4.37913e-12
0.0236404 0.00362235 -1.96115e-13
0.0237155 0.00363567 -5.27035e-13
0.0237908 0.0036489 -3.35681e-12
0.0238664 0.00366202 -2.0266e-13
0.0239422 0.00367504 -9.45094e-12
0.0240182 0.00368797 -2.76044e-12
0.0240944 0.00370079 1.30655e-12
0.0241709 0.00371351 -7.002e-12
0.0242475 0.00372614 -1.16926e-11
0.0243242 0.00373866 -3.6264e-12
0.0244012 0.00375109 -7.50593e-12
0.0244784 0.00376342 -9.49381e-12
0.0245557 0.00377566 -1.53448e-11
0.0246332 0.0037878 -7.90351e-12
0.0247108 0.00379985 -9.9871e-12
0.0247886 0.0038118 -7.48889e-12
0.0248666 0.00382366 -1.28085e-11
0.0249447 0.00383543 3.32839e-12
0.025023 0.00384711 -1.0726e-11
0.0251014 0.0038587 1.17318e-11
0.0251799 0.0038702 -6.66295e-12
0.0252586 0.00388161 -3.89118e-11
0.0253374 0.00389293 -2.02678e-11
0.0254163 0.00390416 -1.84016e-11
0.0254954 0.00391531 3.05471e-12
0.0255746 0.00392638 -2.17701e-11
0.0256539 0.00393735 -1.62249e-11
0.0257333 0.00394826 -1.68298e-11
0.0258129 0.00395906 -3.39919e-13
0.0258925 0.00396979 -2.35212e-11
0.0259723 0.00398044 7.36018e-12
0.0260522 0.003991 -1.35262e-11
0.0261321 0.00400149 -7.55838e-12
0.0262122 0.0040119 -1.19891e-11
0.0262924 0.00402223 3.20191e-11
0.0263727 0.00403248 9.40181e-12
0.0264531 0.00404266 4.08708e-11
0.0265336 0.00405276 -3.00201e-11
0.0266142 0.00406278 1.3497e-11
0.0266948 0.00407275 5.52955e-11
0.0267756 0.00408261 5.07235e-11
0.0268564 0.00409241 4.50051e-11
0.0269374 0.00410214 1.39894e-10
0.0270184 0.0041118 5.23087e-11
0.0270995 0.00412138 4.73251e-11
0.0271807 0.0041309 3.80701e-11
0.027262 0.00414035 -9.52564e-12
0.0273433 0.00414973 5.68646e-11
0.0274248 0.00415903 -2.13012e-10
0.0275063 0.00416829 1.43853e-10
0.0275879 0.00417746 -1.89177e-10
0.0276695 0.00418656 6.13213e-11
0.0277513 0.00419561 1.3924e-10
0.0278331 0.00420458 -1.92497e-10
0.027915 0.00421349 -1.18025e-10
0.027997 0.00422233 1.78885e-10
0.028079 0.00423111 1.74885e-11
0.0281587 0.00424068 9.49709e-10
0.028236 0.00425113 1.50451e-10
0.0283132 0.00426161 -7.58135e-10
0.0283903 0.00427214 -3.86609e-10
0.0284675 0.00428271 -4.26989e-10
0.0285446 0.00429332 -5.87267e-10
0.0286216 0.00430398 -3.47305e-10
0.0286987 0.00431468 -2.56549e-10
0.0287756 0.0043254 5.79198e-10
0.0288526 0.00433619 -4.71558e-10
0.0289295 0.004347 1.01718e-09
0.0290063 0.00435785 1.34246e-09
0.0290831 0.00436875 5.89173e-10
0.0291599 0.00437969 8.77325e-10
0.0292365 0.00439069 -3.5755e-09
0.0293132 0.00440168 3.52982e-09
0.0293898 0.00441272 4.64541e-09
0.0294663 0.00442385 -6.39922e-09
