0 0
-0.000494462 1.25
-0.00197785 2.5
-0.00445016 3.75
-0.0079114 5
-0.0123616 6.25
-0.0178007 7.5
-0.0254326 8.75
-0.0682181 10
-0.125514 11.25
-0.176922 12.5
-0.191877 12.8125
-0.206429 13.125
-0.230211 13.5938
-0.271328 14.2969
-0.334225 15.3516
-0.427002 16.6016
-0.524272 17.8516
-0.620178 19.1016
-0.739343 20.3516
-0.855625 21.6016
-0.967889 22.8516
-1.07779 24.1016
-1.20038 25.3516
-1.33647 26.6016
-1.47048 27.8516
-1.60112 29.1016
-1.73015 30.3516
-1.85786 31.6016
-1.98451 32.8516
-2.11033 34.1016
-2.23555 35.3516
-2.36168 36.6016
-2.51435 37.8516
-2.66745 39.1016
-2.82087 40.3516
-2.97348 41.6016
-3.12616 42.8516
-3.27908 44.1016
-3.43227 45.3516
-3.58576 46.6016
-3.73958 47.8516
-3.89379 49.1016
-4.0484 50.3516
-4.20347 51.6016
-4.35902 52.8516
-4.51509 54.1016
-4.67171 55.3516
-4.82892 56.6016
-4.98673 57.8516
-5.14519 59.1016
-5.30157 60.3516
-5.45686 61.6016
-5.61262 62.8516
-5.76889 64.1016
-5.92572 65.3516
-6.08312 66.6016
-6.24113 67.8516
-6.41366 69.1016
-6.59592 70.3516
-6.77953 71.6016
-6.96445 72.8516
-7.15063 74.1016
-7.33766 75.3516
-7.52476 76.6016
-7.71306 77.8516
-7.90251 79.1016
-8.09301 80.3516
-8.28457 81.6016
-8.47713 82.8516
-8.67068 84.1016
-8.86518 85.3516
-9.06062 86.6016
-9.257 87.8516
-9.45429 89.1016
-9.65249 90.3516
-9.8516 91.6016
-10.0516 92.8516
-10.2525 94.1016
-10.4543 95.3516
-10.657 96.6016
-10.8606 97.8516
-11.0651 99.1016
-11.2705 100.352
-11.4768 101.602
-11.6841 102.852
-11.8922 104.102
-12.1013 105.352
-12.3112 106.602
-12.5221 107.852
-12.7339 109.102
-12.9467 110.352
-13.1604 111.602
-13.375 112.852
-13.5906 114.102
-13.8071 115.352
-14.0246 116.602
-14.243 117.852
-14.4624 119.102
-14.6828 120.352
-14.9041 121.602
-15.1264 122.852
-15.3497 124.102
-15.574 125.352
-15.7993 126.602
-16.0255 127.852
-16.2527 129.102
-16.481 130.352
-16.7102 131.602
-16.9404 132.852
-17.1717 134.102
-17.4039 135.352
-17.6372 136.602
-17.8714 137.852
-18.1067 139.102
-18.343 140.352
-18.5803 141.602
-18.8187 142.852
-19.0581 144.102
-19.2985 145.352
-19.5399 146.602
-19.7824 147.852
-20.0259 149.102
-20.2704 150.352
-20.516 151.602
-20.7626 152.852
-21.0103 154.102
-21.259 155.352
-21.5088 156.602
-21.7596 157.852
-22.0115 159.102
-22.2644 160.352
-22.5184 161.602
-22.7734 162.852
-23.0295 164.102
-23.2867 165.352
-23.5449 166.602
-23.8042 167.852
-24.0646 169.102
-24.326 170.352
-24.5885 171.602
-24.8521 172.852
-25.1167 174.102
-25.3824 175.352
-25.6492 176.602
-25.917 177.852
-26.186 179.102
-26.456 180.352
-26.7271 181.602
-26.9993 182.852
-27.2725 184.102
-27.5469 185.352
-27.8223 186.602
-28.0989 187.852
-28.3765 189.102
-28.6552 190.352
-28.935 191.602
-29.2158 192.852
-29.4978 194.102
-29.7809 195.352
-30.0651 196.602
-30.3775 197.852
-30.6844 199.102
-30.9891 200.352
-31.2953 201.602
-31.6001 202.852
-31.9026 204.102
-32.2069 205.352
-32.5131 206.602
-32.8212 207.852
-33.1315 209.102
-33.4418 210.352
-33.7531 211.602
-34.0665 212.852
-34.3823 214.102
-34.7004 215.352
-35.0211 216.602
-35.3444 217.852
-35.6696 219.102
-35.9962 220.352
-36.3242 221.602
-36.6536 222.852
-36.9842 224.102
-37.3162 225.352
-37.6495 226.602
-37.9841 227.852
-38.32 229.102
-38.6571 230.352
-38.9955 231.602
-39.3351 232.852
-39.6759 234.102
-40.018 235.352
-40.3612 236.602
-40.7057 237.852
-41.0514 239.102
-41.3983 240.352
-41.7463 241.602
-42.0956 242.852
-42.446 244.102
-42.7976 245.352
-43.1504 246.602
-43.5044 247.852
-43.8595 249.102
-44.1155 250
