0 0 0
-1.36147e-10 -20450.9 -3.11876e+07
-5.2249e-10 -40901.9 -6.23753e+07
-1.19826e-09 -61352.9 -9.35629e+07
-2.04102e-09 -81804.1 -1.24751e+08
-3.10803e-09 -102256 -1.55938e+08
-4.43094e-09 -122707 -1.87126e+08
-0.00435273 -142766 -2.17714e+08
-1.28523e-05 -153405 -2.33929e+08
-0.00311892 -160714 -2.45063e+08
-7.35602e-05 -163950 -2.49986e+08
-0.0232667 -164359 -2.50608e+08
0.000218374 -164581 -2.50943e+08
-0.00206495 -164726 -2.5116e+08
-0.000265979 -164898 -2.51417e+08
0.000223188 -165014 -2.51583e+08
-2.02298e-05 -164060 -2.50117e+08
0.00362791 -162870 -2.48288e+08
0.00375275 -161681 -2.46462e+08
7.41927e-05 -160247 -2.44262e+08
0.000965665 -158496 -2.41575e+08
0.000504311 -156849 -2.39047e+08
-0.000635483 -155326 -2.3671e+08
0.000226291 -153953 -2.346e+08
-0.000958758 -152405 -2.32223e+08
0.000159761 -150716 -2.29629e+08
-3.0986e-05 -149154 -2.2723e+08
-6.56576e-05 -147714 -2.25015e+08
-0.000550633 -146407 -2.23006e+08
-0.00111658 -145207 -2.21159e+08
0.00142997 -144101 -2.19456e+08
4.44819e-06 -143080 -2.17883e+08
-0.000664924 -142039 -2.16278e+08
-6.44057e-05 -140803 -2.14374e+08
0.00524126 -139646 -2.1259e+08
0.00251649 -138563 -2.10918e+08
0.00286394 -137548 -2.09351e+08
-0.00623259 -136614 -2.07909e+08
0.00127394 -135739 -2.06556e+08
-0.000603684 -134917 -2.05284e+08
-0.000410837 -134145 -2.04088e+08
-0.000377929 -133417 -2.02961e+08
-0.000914042 -132731 -2.01897e+08
0.00319911 -132084 -2.00891e+08
0.00062996 -131471 -1.9994e+08
0.00293203 -130892 -1.99038e+08
0.000202309 -130343 -1.98183e+08
0.00514022 -129821 -1.9737e+08
0.00382152 -129326 -1.96597e+08
0.00190492 -128757 -1.9571e+08
-0.0029026 -128122 -1.94721e+08
0.00323932 -127513 -1.9377e+08
0.00322176 -126927 -1.92857e+08
0.00215333 -126366 -1.91979e+08
0.00238314 -125827 -1.91136e+08
0.000166975 -125320 -1.90344e+08
-7.6784e-05 -124835 -1.89583e+08
-0.00366848 -124370 -1.88852e+08
-4.17695e-05 -123923 -1.8815e+08
0.0001326 -123494 -1.87476e+08
-9.20759e-05 -123082 -1.86827e+08
-0.000262569 -122687 -1.86203e+08
-0.000409041 -122307 -1.85602e+08
0.000151771 -121941 -1.85024e+08
-8.00214e-05 -121590 -1.84467e+08
-2.53733e-06 -121251 -1.8393e+08
0.000179942 -120926 -1.83412e+08
0.000281319 -120612 -1.82913e+08
0.000279259 -120310 -1.82431e+08
0.000250368 -120019 -1.81965e+08
0.000214944 -119738 -1.81516e+08
0.000183552 -119468 -1.81082e+08
0.000146532 -119207 -1.80662e+08
0.000129657 -118955 -1.80257e+08
0.000126941 -118712 -1.79864e+08
-0.00377172 -118477 -1.79485e+08
-0.000118041 -118251 -1.79117e+08
-8.51296e-05 -118032 -1.78762e+08
0.00230565 -117820 -1.78417e+08
-0.00647817 -117614 -1.78081e+08
-0.00223849 -117413 -1.77752e+08
-0.00133831 -117217 -1.77432e+08
-0.0010954 -117028 -1.77122e+08
-0.00053314 -116844 -1.7682e+08
-0.00183262 -116666 -1.76526e+08
-0.00216294 -116492 -1.7624e+08
0.00550614 -116324 -1.75961e+08
0.00535785 -116161 -1.7569e+08
0.0053016 -116002 -1.75426e+08
0.00523721 -115848 -1.75168e+08
0.00515735 -115698 -1.74917e+08
0.00509095 -115552 -1.74673e+08
0.00500972 -115410 -1.74434e+08
-0.00246569 -115273 -1.74201e+08
-0.000719782 -115139 -1.73974e+08
0.00117802 -114947 -1.73658e+08
-0.000298446 -114761 -1.73349e+08
-0.000277001 -114578 -1.73044e+08
0.00311559 -114397 -1.72744e+08
0.00348554 -114220 -1.72448e+08
0.00387894 -114046 -1.72158e+08
0.00427772 -113875 -1.71871e+08
0.00469472 -113707 -1.71589e+08
0.00390741 -113542 -1.71312e+08
-0.000353526 -113384 -1.71045e+08
-0.0092858 -113230 -1.70784e+08
0.00666085 -113078 -1.70527e+08
-0.00529145 -112929 -1.70274e+08
0.000800838 -112783 -1.70025e+08
-0.00125552 -112640 -1.6978e+08
-0.00161062 -112499 -1.69539e+08
-0.00116401 -112361 -1.69302e+08
-0.00086606 -112226 -1.69069e+08
-0.00014331 -112093 -1.6884e+08
-0.00139144 -111963 -1.68615e+08
-0.000784069 -111835 -1.68393e+08
-0.000508379 -111710 -1.68176e+08
-0.000443384 -111588 -1.67962e+08
7.60313e-05 -111467 -1.67751e+08
-0.000288384 -111350 -1.67544e+08
-0.000115796 -111234 -1.67341e+08
-0.000318437 -111121 -1.67141e+08
-0.000439284 -111010 -1.66945e+08
-0.00054822 -110902 -1.66751e+08
-0.000617395 -110795 -1.66561e+08
-0.000681718 -110691 -1.66374e+08
-0.000722274 -110589 -1.66191e+08
-0.000721224 -110489 -1.6601e+08
-0.000732095 -110391 -1.65832e+08
-0.00072145 -110295 -1.65658e+08
-0.000709148 -110201 -1.65486e+08
-0.000688969 -110109 -1.65317e+08
-0.000675168 -110018 -1.6515e+08
-0.000649177 -109930 -1.64987e+08
-0.000628881 -109843 -1.64826e+08
-0.000614307 -109758 -1.64667e+08
-0.000595495 -109675 -1.64511e+08
-0.000575073 -109594 -1.64358e+08
-0.000558299 -109514 -1.64207e+08
0.00464277 -109435 -1.64058e+08
0.00479726 -109359 -1.63912e+08
0.00503985 -109284 -1.63768e+08
0.00521047 -109210 -1.63626e+08
0.0053876 -109138 -1.63487e+08
0.00555522 -109068 -1.63349e+08
0.00560284 -108999 -1.63214e+08
0.00581761 -108931 -1.6308e+08
0.00582831 -108865 -1.62949e+08
-0.000373334 -108800 -1.6282e+08
-0.000446133 -108736 -1.62692e+08
-0.000284364 -108674 -1.62567e+08
-0.000385265 -108613 -1.62443e+08
-5.97934e-05 -108553 -1.62321e+08
0.000831135 -108495 -1.62201e+08
-0.00166594 -108437 -1.62083e+08
-0.00184926 -108381 -1.61966e+08
-0.000898251 -108326 -1.61851e+08
-0.000313188 -108272 -1.61737e+08
-0.000937776 -108220 -1.61626e+08
-0.000292208 -108168 -1.61516e+08
-0.000230197 -108118 -1.61407e+08
-0.000433371 -108069 -1.613e+08
-0.000903948 -108020 -1.61194e+08
-0.000788211 -107973 -1.6109e+08
-0.00080905 -107927 -1.60987e+08
-0.00152776 -107881 -1.60886e+08
-0.00117192 -107837 -1.60786e+08
-0.000564728 -107794 -1.60687e+08
-0.000984973 -107751 -1.6059e+08
-0.000536128 -107710 -1.60494e+08
-0.00105798 -107669 -1.60399e+08
-0.00178385 -107630 -1.60306e+08
0.0062805 -107591 -1.60213e+08
-0.000588595 -107553 -1.60122e+08
-0.00308656 -107516 -1.60033e+08
0.00625358 -107480 -1.59944e+08
0.00604794 -107445 -1.59856e+08
0.00590565 -107410 -1.5977e+08
0.00603263 -107377 -1.59685e+08
0.00597371 -107344 -1.59601e+08
0.00571275 -107312 -1.59517e+08
0.00576664 -107280 -1.59435e+08
0.00582404 -107250 -1.59354e+08
0.00588946 -107220 -1.59274e+08
0.00556464 -107191 -1.59195e+08
0.00583284 -107163 -1.59117e+08
0.00546415 -107135 -1.5904e+08
0.00522167 -107108 -1.58964e+08
0.00545661 -107082 -1.58889e+08
0.00517303 -107056 -1.58815e+08
0.00542881 -107031 -1.58741e+08
0.0052572 -107007 -1.58669e+08
0.0050922 -106984 -1.58597e+08
0.00500345 -106961 -1.58527e+08
0.00449768 -106939 -1.58457e+08
0.00497876 -106917 -1.58388e+08
0.00451702 -106896 -1.58319e+08
0.00455512 -106876 -1.58252e+08
0.00462158 -106856 -1.58185e+08
0.00425505 -106837 -1.5812e+08
0.00407216 -106818 -1.58055e+08
0.00418511 -106800 -1.5799e+08
0.00442774 -106783 -1.57927e+08
0.00291438 -106771 -1.57882e+08
