0 0 0
-1.19599e-10 -20395 -3.11023e+07
-5.23769e-10 -40790 -6.22047e+07
-1.08565e-09 -61185.1 -9.3307e+07
-1.96269e-09 -81580.4 -1.24409e+08
-2.89663e-09 -101976 -1.55512e+08
-4.11228e-09 -122372 -1.86614e+08
-0.00147896 -142533 -2.17359e+08
-6.37932e-06 -153741 -2.34442e+08
-0.00281643 -161348 -2.4603e+08
0.00225112 -164317 -2.50548e+08
0.000112444 -164579 -2.50946e+08
-0.00233065 -164691 -2.51114e+08
-0.000177 -164825 -2.51314e+08
0.0106441 -164997 -2.5157e+08
-2.36856e-05 -164592 -2.50943e+08
-0.000500072 -163232 -2.48857e+08
0.00125346 -161860 -2.46751e+08
0.000196995 -160255 -2.44291e+08
0.000241286 -158242 -2.41205e+08
2.51717e-05 -156371 -2.38337e+08
-0.000118482 -154682 -2.35746e+08
3.35182e-05 -153107 -2.3333e+08
3.52002e-05 -151108 -2.30263e+08
0.000507459 -149281 -2.2746e+08
0.000851123 -147617 -2.24906e+08
0.00146898 -146130 -2.22622e+08
0.000880081 -144780 -2.20547e+08
-0.00591285 -143550 -2.18656e+08
-0.00938047 -142428 -2.16929e+08
-0.00999956 -141014 -2.14754e+08
0.00190936 -139670 -2.12686e+08
0.00301052 -138425 -2.10768e+08
-0.0021117 -137274 -2.08995e+08
-5.32847e-05 -136221 -2.07372e+08
-0.000384959 -135244 -2.05864e+08
-9.55078e-06 -134334 -2.0446e+08
-0.000109872 -133486 -2.03148e+08
-0.000170389 -132692 -2.01922e+08
-0.000135867 -131950 -2.00772e+08
9.78737e-05 -131253 -1.99693e+08
0.000549619 -130599 -1.98678e+08
0.000591961 -129983 -1.97722e+08
0.000746132 -129403 -1.96821e+08
-0.00328692 -128788 -1.95866e+08
-0.00182613 -128055 -1.94728e+08
0.00182997 -127355 -1.93641e+08
-0.000281303 -126687 -1.92602e+08
0.00265052 -126050 -1.91611e+08
0.000233432 -125447 -1.90673e+08
-0.000677056 -124880 -1.89788e+08
0.000238462 -124339 -1.88944e+08
0.000131161 -123823 -1.88137e+08
-1.49105e-05 -123331 -1.87366e+08
-0.000237359 -122860 -1.86629e+08
0.00063892 -122410 -1.85924e+08
6.63302e-05 -121981 -1.85249e+08
0.000526553 -121569 -1.84602e+08
0.000962837 -121176 -1.83982e+08
0.00116416 -120799 -1.83388e+08
0.00325544 -120438 -1.82817e+08
0.00218634 -120091 -1.82269e+08
0.000357195 -119759 -1.81742e+08
0.000122726 -119441 -1.81236e+08
5.29909e-05 -119135 -1.8075e+08
0.00192948 -118841 -1.80281e+08
0.00181211 -118558 -1.79831e+08
0.00167911 -118287 -1.79397e+08
0.0015851 -118026 -1.78978e+08
0.00151144 -117775 -1.78575e+08
0.0014562 -117534 -1.78187e+08
-0.00599969 -117299 -1.77809e+08
0.00524911 -117071 -1.7744e+08
0.00494957 -116850 -1.77084e+08
0.0049216 -116637 -1.76738e+08
0.00487717 -116430 -1.76403e+08
0.00482101 -116231 -1.76078e+08
0.00476771 -116038 -1.75763e+08
0.0046928 -115851 -1.75457e+08
0.00461372 -115669 -1.7516e+08
0.00453791 -115494 -1.74872e+08
-0.00178564 -115324 -1.74592e+08
-0.0010769 -115159 -1.7432e+08
-0.00128657 -114999 -1.74055e+08
-8.04719e-05 -114795 -1.73721e+08
0.00114491 -114576 -1.73364e+08
0.00137692 -114360 -1.73013e+08
0.00280646 -114149 -1.72667e+08
0.0030854 -113943 -1.72328e+08
0.00342181 -113740 -1.71995e+08
0.00274307 -113541 -1.71668e+08
0.00310693 -113346 -1.71347e+08
-0.000774501 -113158 -1.71038e+08
-0.00477074 -112977 -1.70737e+08
0.00221891 -112798 -1.70441e+08
-0.00269233 -112624 -1.70151e+08
-0.0015309 -112453 -1.69866e+08
-0.00166785 -112285 -1.69587e+08
-0.00085328 -112121 -1.69312e+08
-5.88302e-05 -111961 -1.69043e+08
-0.00133431 -111804 -1.68779e+08
-0.000618839 -111650 -1.6852e+08
-0.000283114 -111500 -1.68266e+08
0.000431509 -111353 -1.68017e+08
0.00013254 -111209 -1.67773e+08
-9.24416e-06 -111068 -1.67534e+08
-0.000111085 -110931 -1.67299e+08
-0.000182291 -110796 -1.67068e+08
-0.000250375 -110665 -1.66842e+08
-0.000289631 -110536 -1.66621e+08
-0.000306598 -110410 -1.66403e+08
-0.000310358 -110287 -1.6619e+08
-0.000309584 -110166 -1.6598e+08
-0.000303749 -110049 -1.65775e+08
-0.000297274 -109933 -1.65574e+08
-0.000291464 -109821 -1.65376e+08
-0.000285596 -109710 -1.65182e+08
-0.00027916 -109603 -1.64991e+08
-0.000270835 -109497 -1.64804e+08
-0.000266491 -109394 -1.6462e+08
-0.000260458 -109293 -1.6444e+08
0.00350304 -109194 -1.64263e+08
0.00368376 -109098 -1.64089e+08
0.00383325 -109003 -1.63918e+08
0.00397851 -108911 -1.6375e+08
0.00411179 -108820 -1.63586e+08
0.00428186 -108732 -1.63424e+08
0.00432479 -108645 -1.63264e+08
0.0044782 -108561 -1.63108e+08
0.00453017 -108478 -1.62954e+08
0.00461148 -108397 -1.62803e+08
0.0046991 -108317 -1.62655e+08
0.0047136 -108240 -1.62508e+08
0.00476325 -108164 -1.62365e+08
0.00479323 -108089 -1.62223e+08
0.00479516 -108017 -1.62084e+08
0.00489874 -107945 -1.61948e+08
0.00491727 -107876 -1.61813e+08
0.00490844 -107808 -1.61681e+08
0.00484047 -107741 -1.61551e+08
0.0038799 -107676 -1.61423e+08
0.00394479 -107612 -1.61297e+08
0.00391966 -107549 -1.61173e+08
0.00392999 -107488 -1.6105e+08
0.00384845 -107428 -1.6093e+08
0.00391395 -107370 -1.60812e+08
0.00378317 -107312 -1.60695e+08
0.00378168 -107256 -1.6058e+08
0.00484543 -107201 -1.60467e+08
0.0047975 -107148 -1.60356e+08
0.00481585 -107095 -1.60246e+08
0.00472721 -107044 -1.60138e+08
0.00463578 -106994 -1.60032e+08
0.00458583 -106945 -1.59927e+08
0.00457117 -106897 -1.59823e+08
0.00447745 -106850 -1.59721e+08
0.00455514 -106804 -1.59621e+08
0.00445348 -106759 -1.59522e+08
0.00436586 -106715 -1.59425e+08
0.0042417 -106672 -1.59328e+08
0.00419556 -106630 -1.59234e+08
0.00418734 -106589 -1.5914e+08
0.00420857 -106549 -1.59048e+08
0.0041504 -106510 -1.58957e+08
0.00393595 -106472 -1.58868e+08
0.00383321 -106434 -1.58779e+08
0.00389652 -106398 -1.58692e+08
0.00391699 -106362 -1.58606e+08
0.00390955 -106328 -1.58521e+08
0.00365506 -106294 -1.58438e+08
0.00382984 -106261 -1.58355e+08
0.003528 -106228 -1.58274e+08
0.00363584 -106197 -1.58194e+08
0.00347803 -106166 -1.58114e+08
0.00353444 -106136 -1.58036e+08
0.003471 -106107 -1.57959e+08
0.00330123 -106079 -1.57883e+08
0.0033195 -106051 -1.57808e+08
0.0030441 -106024 -1.57733e+08
0.00316151 -105998 -1.5766e+08
0.00326785 -105972 -1.57588e+08
0.00321925 -105948 -1.57517e+08
0.00325218 -105923 -1.57446e+08
0.00304342 -105900 -1.57377e+08
0.0027722 -105877 -1.57308e+08
0.00285579 -105855 -1.5724e+08
0.00303121 -105833 -1.57173e+08
0.00281566 -105812 -1.57107e+08
0.00296859 -105792 -1.57042e+08
0.00276669 -105773 -1.56978e+08
0.00266919 -105753 -1.56914e+08
0.00280232 -105735 -1.56851e+08
0.00282291 -105717 -1.56789e+08
0.00273031 -105700 -1.56728e+08
0.00258985 -105683 -1.56667e+08
0.00214794 -105667 -1.56607e+08
0.00229026 -105652 -1.56548e+08
0.00237694 -105637 -1.5649e+08
0.00203631 -105622 -1.56432e+08
0.00193745 -105608 -1.56375e+08
0.00209633 -105595 -1.56319e+08
0.00184774 -105582 -1.56264e+08
0.0020196 -105570 -1.56209e+08
0.00107298 -105562 -1.5617e+08
