0 0 0
0.000225895 3.70936e-05 1.19793e-21
0.000451813 7.41873e-05 -1.52947e-21
0.000677755 0.000111281 5.67138e-21
0.00090372 0.000148375 1.73716e-21
0.00112971 0.000185469 -3.14994e-21
0.00135572 0.000222563 7.03334e-21
0.00157997 0.000259496 2.12791e-19
0.00175236 0.000291225 1.92014e-16
0.00190258 0.000320797 -3.15669e-18
0.00210357 0.000351955 -7.49432e-19
0.00216574 0.000359904 1.05145e-17
0.00222403 0.00036773 -2.26137e-17
0.00230523 0.000379165 1.92117e-16
0.00242625 0.000395699 -3.96928e-18
0.00261056 0.000419424 1.36322e-16
0.00282359 0.000447098 -3.4658e-16
0.00302337 0.00047311 8.85365e-16
0.00322223 0.000497337 -3.76405e-16
0.00340634 0.000520471 -9.99323e-16
0.00356072 0.000542416 -8.16294e-16
0.0037164 0.000562968 3.7181e-15
0.00387437 0.000582417 5.553e-16
0.00403716 0.000601357 2.39297e-15
0.00418212 0.00061967 -4.64723e-15
0.00429493 0.000637301 5.14809e-15
0.0044107 0.000654095 -2.71418e-15
0.00452974 0.000670202 -1.2295e-14
0.00465404 0.000686101 -2.29509e-14
0.00478257 0.000701599 -4.12035e-14
0.00491435 0.000716611 -1.35846e-14
0.00504918 0.00073121 -7.18536e-14
0.00518538 0.00074547 -1.53694e-13
0.00526184 0.000759756 -1.75722e-13
0.0053407 0.000773553 -6.07411e-12
0.00542223 0.000786929 -1.56229e-11
0.0055066 0.000799953 -3.60193e-11
0.00559635 0.00081311 -1.46659e-10
0.00569004 0.000826117 1.71048e-10
0.00578652 0.00083883 -5.27145e-11
0.00588565 0.000851304 -3.01211e-10
0.00598729 0.000863577 5.50924e-11
0.00609131 0.000875683 6.23242e-10
0.00619758 0.000887634 8.30937e-10
0.00630596 0.000899452 -1.62263e-10
0.00641633 0.000911143 -2.41665e-11
0.00652859 0.000922716 -1.38969e-10
0.00664261 0.000934174 4.50855e-11
0.00675831 0.000945523 9.63078e-11
0.00687006 0.000956786 8.78891e-11
0.00692529 0.000968488 3.7691e-10
0.00698086 0.000979956 -5.18941e-11
0.00703689 0.00099118 -2.07978e-10
0.0070935 0.00100217 -6.95834e-10
0.00715078 0.00101294 2.04284e-10
0.00720996 0.00102377 5.19702e-10
0.00727141 0.00103468 -1.23751e-10
0.00733368 0.0010453 3.15944e-10
0.00739678 0.00105567 6.30299e-10
0.00746072 0.00106581 -2.91029e-11
0.00752549 0.00107576 -1.47295e-10
0.00759109 0.00108553 -6.98636e-10
0.00765751 0.00109513 -4.3912e-11
0.00772473 0.00110459 -2.9185e-11
0.00779273 0.00111396 -6.89451e-11
0.0078615 0.00112312 -6.60049e-11
0.00793102 0.0011322 -1.11156e-10
0.00800127 0.00114118 -1.71257e-10
0.00807223 0.00115005 -2.33659e-10
0.00814388 0.00115883 -3.54613e-10
0.0082162 0.00116751 -5.14535e-11
0.00828918 0.0011761 -5.08285e-11
0.00836278 0.00118461 -5.91423e-11
0.00843701 0.00119303 -6.01616e-11
0.00851182 0.00120137 -6.98539e-11
0.00858722 0.00120964 -8.10832e-11
0.00866317 0.00121782 -1.58112e-10
0.00873967 0.00122593 -2.21253e-10
0.00881669 0.00123397 -4.00835e-10
0.00889422 0.00124193 1.57022e-10
0.00897557 0.00125023 4.75172e-10
0.00906427 0.00125934 6.12338e-11
0.0091538 0.00126844 -2.38467e-11
0.00924413 0.00127753 -2.54684e-11
0.00933522 0.00128661 -2.63325e-11
0.00942706 0.00129568 -2.6523e-11
0.00951961 0.00130474 -2.65143e-11
0.00961286 0.00131379 -2.70667e-11
0.00970678 0.00132283 -2.70575e-11
0.00980134 0.00133186 -2.70708e-11
0.00989652 0.00134087 -2.73258e-11
0.00999231 0.00134986 -2.8445e-11
0.0100887 0.00135884 -2.85898e-11
0.0101856 0.0013678 -2.87659e-11
0.0102831 0.00137674 -2.86983e-11
0.0103811 0.00138566 -2.88735e-11
0.0104259 0.0013954 -3.10159e-11
0.0104712 0.00140506 -2.85842e-11
0.010516 0.00141467 -2.86012e-11
0.0105604 0.00142423 -2.86637e-11
0.0106043 0.00143374 -2.92748e-11
0.0106479 0.00144319 -2.99447e-11
0.0106912 0.00145258 -3.09905e-11
0.0107342 0.00146189 -3.19969e-11
0.0107769 0.00147114 -3.40546e-11
0.0108219 0.00148087 -3.06396e-11
0.0108675 0.00149067 -5.75161e-11
0.0109129 0.00150031 -2.33372e-11
0.010958 0.0015098 -2.07762e-11
0.011003 0.00151915 -2.97929e-11
0.0110479 0.00152838 -2.93782e-11
0.0110928 0.00153749 -2.93247e-11
0.0111376 0.00154648 -2.91873e-11
0.0111824 0.00155538 -2.91891e-11
0.0112273 0.00156417 -2.90463e-11
0.0112722 0.00157288 -2.93857e-11
0.0113172 0.0015815 -2.93795e-11
0.0113623 0.00159004 -2.93311e-11
0.0114076 0.00159851 -2.91434e-11
0.0114529 0.00160691 -2.88027e-11
0.0114985 0.00161524 -2.83085e-11
0.0115441 0.00162352 -2.78562e-11
0.01159 0.00163173 -2.63731e-11
0.011636 0.0016399 -2.48801e-11
0.0116822 0.00164802 -2.47957e-11
0.0117286 0.00165609 -2.77853e-11
0.0117752 0.00166411 -2.8016e-11
0.011822 0.00167209 -2.82372e-11
0.011869 0.00168003 -2.84312e-11
0.0119163 0.00168794 -2.82719e-11
0.0119637 0.0016958 -2.85453e-11
0.0120114 0.00170364 -2.86163e-11
0.0120593 0.00171143 -2.8713e-11
0.0121074 0.0017192 -2.85099e-11
0.0121557 0.00172694 -2.87552e-11
0.0122043 0.00173465 -2.92219e-11
0.0122531 0.00174233 -2.84392e-11
0.0123021 0.00174998 -2.88923e-11
0.0123513 0.0017576 -2.88563e-11
0.0124008 0.0017652 -2.87549e-11
0.0124505 0.00177277 -2.91018e-11
0.0125004 0.00178032 -2.91606e-11
0.0125505 0.00178784 -2.92716e-11
0.0126009 0.00179534 -2.92097e-11
0.0126514 0.00180281 -2.90088e-11
0.0127022 0.00181026 -2.92898e-11
0.0127532 0.00181769 -2.90843e-11
0.0128044 0.0018251 -2.90704e-11
0.0128559 0.00183248 -2.89766e-11
0.0129075 0.00183984 -2.88966e-11
0.0129593 0.00184718 -2.89775e-11
0.0130114 0.0018545 -2.89554e-11
0.0130636 0.00186179 -2.88929e-11
0.013116 0.00186907 -2.8786e-11
0.0131687 0.00187632 -2.88452e-11
0.0132215 0.00188354 -2.88728e-11
0.0132745 0.00189075 -2.90266e-11
0.0133277 0.00189794 -2.85965e-11
0.0133811 0.0019051 -2.87041e-11
0.0134347 0.00191224 -2.88223e-11
0.0134885 0.00191936 -2.86331e-11
0.0135424 0.00192646 -2.90698e-11
0.0135965 0.00193354 -2.86757e-11
0.0136508 0.00194059 -2.87443e-11
0.0137053 0.00194763 -2.87404e-11
0.0137599 0.00195464 -2.86884e-11
0.0138147 0.00196163 -2.8832e-11
0.0138697 0.0019686 -2.83621e-11
0.0139248 0.00197554 -2.8673e-11
0.0139801 0.00198247 -2.84097e-11
0.0140356 0.00198937 -2.84766e-11
0.0140912 0.00199625 -2.8465e-11
0.0141469 0.00200311 -2.8512e-11
0.0142028 0.00200995 -2.871e-11
0.0142589 0.00201676 -2.90215e-11
0.0143151 0.00202356 -2.83345e-11
0.0143715 0.00203033 -2.85658e-11
0.014428 0.00203708 -2.84365e-11
0.0144846 0.00204381 -2.84311e-11
0.0145414 0.00205051 -2.83096e-11
0.0145983 0.0020572 -2.81955e-11
0.0146554 0.00206386 -2.82205e-11
0.0147125 0.0020705 -2.82202e-11
0.0147699 0.00207712 -2.80936e-11
0.0148273 0.00208372 -2.79802e-11
0.0148849 0.0020903 -2.79792e-11
0.0149426 0.00209685 -2.8115e-11
0.0150005 0.00210339 -2.82175e-11
0.0150584 0.0021099 -2.8262e-11
0.0151165 0.00211639 -2.80086e-11
0.0151747 0.00212286 -2.79873e-11
0.015233 0.00212931 -2.7972e-11
0.0152915 0.00213573 -2.79519e-11
0.01535 0.00214214 -2.79206e-11
0.0154087 0.00214852 -2.80775e-11
0.0154675 0.00215489 -2.81615e-11
0.0155264 0.00216123 -2.80068e-11
0.0155854 0.00216755 -2.78929e-11
0.0156445 0.00217385 -2.7871e-11
0.0157037 0.00218013 -2.79141e-11
0.0157631 0.00218638 -2.79969e-11
0.0158225 0.00219262 -2.79737e-11
0.015882 0.00219884 -2.77373e-11
0.0159249 0.0022033 -2.78303e-11
