0 0 0
-43.1459 2.72524 -7.11624e-17
-86.2874 5.45049 -1.87949e-16
-129.424 8.17573 -8.40242e-17
-172.557 10.901 -2.20177e-16
-215.686 13.6262 -8.40992e-16
-258.809 16.3515 6.06842e-17
-299.563 18.8849 -2.57667e-14
-295.169 17.2767 -1.08009e-13
-287.517 14.8929 1.38593e-13
-275.97 12.8263 9.12862e-11
-272.464 12.3461 -7.54443e-12
-268.752 11.8672 3.37437e-11
-263.217 11.2267 -2.6568e-11
-255.243 10.4215 4.01932e-12
-242.9 9.26143 1.06719e-11
-230.933 8.31669 -4.54503e-11
-220.323 7.5178 -8.86283e-12
-211.824 6.93189 -1.10917e-10
-205.047 6.53007 -2.29326e-10
-199.142 6.18397 -1.24419e-10
-193.874 5.83788 -1.83665e-11
-189.494 5.59135 -4.22231e-12
-185.778 5.40521 -1.57585e-11
-182.567 5.25544 5.99675e-10
-179.755 5.13551 2.23281e-10
-177.265 5.03868 -8.61988e-10
-174.932 4.93662 -4.90295e-10
-172.687 4.8195 -7.05361e-09
-170.668 4.70744 -3.28033e-09
-168.851 4.62734 2.03627e-09
-167.198 4.54277 3.44277e-09
-165.686 4.45803 3.97366e-09
-164.296 4.37614 6.99181e-09
-163.013 4.29851 1.15876e-08
-161.824 4.22554 2.88018e-08
-160.718 4.15715 -1.59383e-08
-159.686 4.093 2.01899e-08
-158.719 4.03265 4.16292e-09
-157.813 3.97561 2.31712e-09
-156.959 3.92143 1.87102e-09
-156.161 3.89678 1.57618e-07
-155.412 3.89933 2.51202e-08
-154.703 3.90397 -4.23058e-08
-154.03 3.91003 1.36952e-08
-153.39 3.91691 -5.55939e-08
-152.781 3.92427 -1.98717e-08
-152.15 3.92278 1.74628e-07
-151.543 3.92424 1.98141e-07
-150.963 3.92178 1.28134e-07
-150.409 3.91522 9.41383e-08
-149.88 3.92708 -9.05753e-08
-149.374 3.93142 -6.65878e-08
-148.888 3.92666 -1.00197e-07
-148.422 3.91537 -8.28936e-08
-147.974 3.89921 -1.29659e-07
-147.543 3.87969 -1.34794e-07
-147.128 3.85795 -1.31784e-07
-146.729 3.83475 -6.81244e-07
-146.344 3.81081 -2.44823e-07
-145.972 3.78664 -3.84818e-08
-145.613 3.76257 -8.35757e-09
-145.267 3.73884 8.36479e-11
-144.932 3.71561 6.12225e-09
-144.607 3.69301 1.08606e-08
-144.293 3.67109 4.27712e-09
-143.989 3.64986 6.44553e-09
-143.694 3.62934 -1.03648e-08
-143.408 3.60946 1.30741e-09
-143.13 3.59025 -2.43622e-09
-142.86 3.57162 2.21095e-09
-142.598 3.55355 8.49863e-09
-142.343 3.53596 3.31455e-08
-142.095 3.5188 5.0377e-09
-141.853 3.50203 8.86765e-09
-141.618 3.4856 1.55896e-08
-141.389 3.46945 5.86842e-09
-141.166 3.45354 2.15238e-08
-140.948 3.43784 1.38446e-09
-140.735 3.4223 2.08884e-08
-140.528 3.4069 1.43394e-08
-140.325 3.3916 -7.11887e-09
-140.128 3.37638 -8.6276e-09
-139.934 3.36121 -1.87002e-08
-139.745 3.34608 -2.88938e-09
-139.56 3.33097 7.76714e-09
-139.38 3.31587 6.36479e-09
-139.203 3.30076 1.20023e-09
-139.03 3.28563 -8.55208e-10
-138.86 3.27048 -2.52161e-09
-138.694 3.25531 -3.75556e-09
-138.531 3.2401 8.3832e-10
-138.372 3.22486 3.41005e-09
-138.215 3.20958 8.31155e-10
-138.062 3.19427 1.37806e-09
-137.911 3.17892 1.77817e-08
-137.764 3.16354 9.14857e-11
-137.619 3.14812 1.85758e-08
-137.477 3.13268 2.84469e-09
-137.337 3.1172 1.39508e-08
-137.2 3.1017 7.41891e-10
-137.065 3.08618 5.26904e-09
-136.933 3.07065 2.91476e-08
-136.803 3.05511 -2.44752e-08
-136.675 3.03955 1.93502e-09
-136.549 3.02399 2.6626e-08
-136.425 3.00843 -3.74455e-08
-136.304 2.99287 -5.7026e-09
-136.184 2.97731 -5.24159e-08
-136.066 2.96177 2.49133e-08
-135.95 2.94624 -1.42695e-09
-135.836 2.93074 2.03082e-08
-135.724 2.91525 -4.18483e-09
-135.613 2.89979 1.03696e-07
-135.504 2.88437 -1.28272e-08
-135.396 2.86897 5.05174e-08
-135.291 2.85361 4.58697e-08
-135.186 2.83829 -8.54871e-08
-135.084 2.82302 -3.92385e-08
-134.982 2.80778 1.94412e-07
-134.882 2.7926 6.1465e-08
-134.784 2.77747 -2.07934e-07
-134.687 2.76239 -6.27791e-08
-134.591 2.74736 -8.87758e-09
-134.496 2.73239 5.78833e-08
-134.401 2.75281 -1.3078e-07
-134.307 2.77196 1.46236e-06
-134.214 2.79269 1.34616e-06
-134.122 2.81486 1.2204e-06
-134.032 2.83835 1.67265e-06
-133.942 2.86303 5.69439e-07
-133.853 2.88875 2.03509e-06
-133.766 2.91539 2.24736e-06
-133.679 2.94279 -1.78924e-06
-133.593 2.97081 4.0427e-07
-133.508 2.99924 -3.37617e-06
-133.424 3.02788 -8.84459e-07
-133.341 3.05644 -8.005e-07
-133.259 3.0846 -1.63948e-06
-133.177 3.11189 4.92059e-07
-133.096 3.1378 -5.0128e-07
-133.016 3.16203 3.64389e-08
-132.936 3.18839 -6.0234e-06
-132.857 3.21057 7.74691e-06
-132.779 3.22738 -4.65375e-06
-132.701 3.23721 2.3237e-07
-132.624 3.23805 9.5412e-07
-132.547 3.22978 5.74486e-06
-132.471 3.21694 -3.99561e-08
-132.396 3.19979 -5.55394e-07
-132.321 3.17868 -1.17126e-06
-132.247 3.15401 1.14526e-07
-132.174 3.12617 1.489e-07
-132.102 3.09555 7.96458e-07
-132.031 3.06255 1.99629e-06
-131.96 3.02753 3.10993e-07
-131.89 2.99084 8.21912e-07
-131.82 2.9528 8.76585e-07
-131.752 2.91379 8.66955e-07
-131.684 2.87566 -3.55781e-07
-131.616 2.83363 7.46512e-07
-131.55 2.79302 9.1171e-07
-131.484 2.7522 6.25524e-07
-131.418 2.71159 6.92049e-07
-131.354 2.67121 6.07748e-07
-131.29 2.6312 6.33185e-07
-131.226 2.59166 7.29067e-07
-131.163 2.5527 7.46506e-07
-131.101 2.51439 7.44686e-07
-131.039 2.47679 7.71226e-07
-130.978 2.43996 8.61443e-07
-130.917 2.40394 8.74668e-07
-130.857 2.36875 7.14096e-07
-130.798 2.33442 7.16693e-07
-130.738 2.30096 8.6072e-07
-130.68 2.26839 7.74337e-07
-130.622 2.23671 8.23662e-07
-130.564 2.20592 7.4747e-07
-130.507 2.17601 7.65425e-07
-130.451 2.14698 8.74213e-07
-130.395 2.11881 8.71354e-07
-130.339 2.09149 7.25002e-07
-130.284 2.06501 7.49723e-07
-130.229 2.03934 8.81856e-07
-130.175 2.01449 8.00933e-07
-130.121 1.99042 6.62214e-07
-130.067 1.9671 8.39646e-07
-130.014 1.94454 6.86397e-07
-129.961 1.92269 8.94848e-07
-129.909 1.90156 8.60405e-07
-129.857 1.8811 7.90332e-07
-129.806 1.86131 9.69379e-07
-129.755 1.84218 1.03437e-06
-129.704 1.82364 7.46884e-07
-129.654 1.80572 8.36354e-07
-129.604 1.78838 8.43273e-07
-129.554 1.77162 9.87422e-07
-129.505 1.75538 6.72347e-07
-129.456 1.73967 7.8123e-07
-129.407 1.72446 7.42359e-07
-129.359 1.70976 4.86749e-07
-129.311 1.6955 6.36969e-07
-129.264 1.68173 4.45649e-07
-129.23 1.67206 7.42458e-07
