0 0
-0.000494462 1.25
-0.00197785 2.5
-0.00445016 3.75
-0.0079114 5
-0.0123616 6.25
-0.0178007 7.5
-0.0253273 8.75
-0.0667467 10
-0.123144 11.25
-0.176174 12.5
-0.191205 12.8125
-0.204905 13.125
-0.232229 13.5938
-0.273853 14.2969
-0.341432 15.3516
-0.439964 16.6016
-0.535365 17.8516
-0.650182 19.1016
-0.766857 20.3516
-0.878656 21.6016
-0.987503 22.8516
-1.1172 24.1016
-1.25172 25.3516
-1.38266 26.6016
-1.51078 27.8516
-1.63708 29.1016
-1.76194 30.3516
-1.88567 31.6016
-2.00856 32.8516
-2.14362 34.1016
-2.29416 35.3516
-2.44492 36.6016
-2.59505 37.8516
-2.74473 39.1016
-2.89451 40.3516
-3.04442 41.6016
-3.1945 42.8516
-3.34481 44.1016
-3.4954 45.3516
-3.64632 46.6016
-3.79762 47.8516
-3.94934 49.1016
-4.10153 50.3516
-4.25422 51.6016
-4.40746 52.8516
-4.56002 54.1016
-4.71012 55.3516
-4.8606 56.6016
-5.0115 57.8516
-5.16287 59.1016
-5.31474 60.3516
-5.46716 61.6016
-5.63601 62.8516
-5.81273 64.1016
-5.99082 65.3516
-6.1702 66.6016
-6.35082 67.8516
-6.53126 69.1016
-6.7128 70.3516
-6.89547 71.6016
-7.07921 72.8516
-7.26397 74.1016
-7.44972 75.3516
-7.63641 76.6016
-7.82403 77.8516
-8.01255 79.1016
-8.20197 80.3516
-8.39227 81.6016
-8.58345 82.8516
-8.77551 84.1016
-8.96843 85.3516
-9.16222 86.6016
-9.35689 87.8516
-9.55242 89.1016
-9.74883 90.3516
-9.94611 91.6016
-10.1443 92.8516
-10.3433 94.1016
-10.5433 95.3516
-10.7441 96.6016
-10.9459 97.8516
-11.1485 99.1016
-11.3521 100.352
-11.5565 101.602
-11.7619 102.852
-11.9682 104.102
-12.1755 105.352
-12.3837 106.602
-12.5928 107.852
-12.8029 109.102
-13.0139 110.352
-13.2259 111.602
-13.4389 112.852
-13.6528 114.102
-13.8677 115.352
-14.0836 116.602
-14.3004 117.852
-14.5182 119.102
-14.737 120.352
-14.9568 121.602
-15.1776 122.852
-15.3994 124.102
-15.6222 125.352
-15.846 126.602
-16.0708 127.852
-16.2966 129.102
-16.5234 130.352
-16.7513 131.602
-16.9801 132.852
-17.21 134.102
-17.4409 135.352
-17.6728 136.602
-17.9058 137.852
-18.1397 139.102
-18.3748 140.352
-18.6108 141.602
-18.8479 142.852
-19.086 144.102
-19.3252 145.352
-19.5654 146.602
-19.8067 147.852
-20.049 149.102
-20.2923 150.352
-20.5367 151.602
-20.7822 152.852
-21.0287 154.102
-21.2763 155.352
-21.5249 156.602
-21.7746 157.852
-22.0253 159.102
-22.2772 160.352
-22.53 161.602
-22.784 162.852
-23.039 164.102
-23.2951 165.352
-23.5522 166.602
-23.8104 167.852
-24.0697 169.102
-24.3301 170.352
-24.5915 171.602
-24.8541 172.852
-25.1177 174.102
-25.3824 175.352
-25.65 176.602
-25.9212 177.852
-26.1936 179.102
-26.4674 180.352
-26.7425 181.602
-27.0189 182.852
-27.2967 184.102
-27.5758 185.352
-27.8563 186.602
-28.1383 187.852
-28.4216 189.102
-28.7064 190.352
-28.9928 191.602
-29.2806 192.852
-29.5701 194.102
-29.8612 195.352
-30.1541 196.602
-30.4487 197.852
-30.7453 199.102
-31.0438 200.352
-31.3442 201.602
-31.6451 202.852
-31.9481 204.102
-32.2534 205.352
-32.5612 206.602
-32.8715 207.852
-33.1847 209.102
-33.501 210.352
-33.8188 211.602
-34.138 212.852
-34.4587 214.102
-34.7808 215.352
-35.1042 216.602
-35.429 217.852
-35.7551 219.102
-36.0825 220.352
-36.4112 221.602
-36.7412 222.852
-37.0724 224.102
-37.4049 225.352
-37.7386 226.602
-38.0735 227.852
-38.4096 229.102
-38.7469 230.352
-39.0853 231.602
-39.425 232.852
-39.7658 234.102
-40.1078 235.352
-40.4509 236.602
-40.7952 237.852
-41.1406 239.102
-41.4872 240.352
-41.835 241.602
-42.1839 242.852
-42.5339 244.102
-42.8851 245.352
-43.2375 246.602
-43.591 247.852
-43.9456 249.102
-44.2012 250
