0 0 0
0.000225895 3.70936e-05 1.47161e-21
0.000451813 7.41873e-05 1.85166e-21
0.000677755 0.000111281 -3.12805e-21
0.00090372 0.000148375 -1.16414e-21
0.00112971 0.000185469 1.44766e-20
0.00135572 0.000222563 2.45755e-21
0.00158142 0.000259786 5.24628e-19
0.00179561 0.000299523 -4.80677e-18
0.00203627 0.000342869 -2.52867e-18
0.00241945 0.000393298 -1.92507e-17
0.00251137 0.000405587 2.61606e-17
0.00260667 0.000417733 9.4468e-18
0.00275202 0.000436535 4.1132e-17
0.00295537 0.000463571 -7.77849e-17
0.00325854 0.000500264 -4.46501e-16
0.00356055 0.000540819 -5.88336e-16
0.00384773 0.000576949 2.25856e-17
0.00413823 0.000610625 2.15338e-15
0.00434601 0.000642369 3.39131e-15
0.00456281 0.000671476 3.57332e-15
0.00479356 0.000699487 -1.98492e-15
0.00503326 0.000725815 4.59489e-15
0.00522584 0.000751546 7.64421e-16
0.00536791 0.000775924 2.89346e-15
0.00551902 0.00079913 1.10429e-14
0.00568446 0.000822288 -6.86216e-15
0.00585811 0.000844491 4.59687e-15
0.00603917 0.000866001 -5.94487e-14
0.00622688 0.00088697 -1.52786e-13
0.00642055 0.000907489 -3.70116e-13
0.00661955 0.000927608 -7.65916e-13
0.00682335 0.000947355 -4.38238e-12
0.00691724 0.00096777 -2.91256e-13
0.00701482 0.00098732 -6.27046e-12
0.00711427 0.00100615 -8.29386e-12
0.0072199 0.00102518 -2.66017e-11
0.00732867 0.00104352 -1.30228e-11
0.00743991 0.00106113 -2.52689e-11
0.00755359 0.00107815 6.07435e-12
0.00766965 0.00109466 1.71698e-11
0.00778799 0.00111074 -7.64592e-11
0.00790853 0.00112646 -1.41121e-10
0.00803115 0.00114184 -2.81846e-10
0.00815577 0.00115692 -2.09072e-10
0.00828226 0.00117172 -1.29727e-10
0.00841053 0.00118625 -1.01528e-10
0.00854049 0.00120053 -9.65984e-11
0.00867204 0.00121458 -9.49529e-11
0.00880509 0.00122839 -9.39617e-11
0.00893955 0.00124197 -8.46591e-11
0.00908418 0.00125647 -9.29513e-11
0.00923996 0.00127204 -6.37965e-11
0.00939791 0.00128757 -5.95404e-11
0.00955788 0.00130307 -5.97605e-11
0.00971975 0.00131853 -5.975e-11
0.00988342 0.00133395 -5.98184e-11
0.0100488 0.0013493 -5.94521e-11
0.0101596 0.00136384 -5.46516e-11
0.0102343 0.00138026 -5.48422e-11
0.0103076 0.00139651 -5.54588e-11
0.0103797 0.00141256 -5.55127e-11
0.010451 0.00142838 -5.55105e-11
0.0105228 0.00144427 -5.63374e-11
0.0105986 0.00146086 -5.63075e-11
0.0106737 0.00147697 -5.677e-11
0.0107485 0.00149266 -5.6539e-11
0.0108231 0.00150796 -5.72109e-11
0.0108977 0.00152294 -5.67971e-11
0.0109725 0.00153764 -6.28981e-11
0.0110476 0.00155207 -6.09608e-11
0.0111231 0.00156628 -5.72491e-11
0.011199 0.00158029 -5.72397e-11
0.0112754 0.00159411 -5.70615e-11
0.0113524 0.00160778 -5.73254e-11
0.01143 0.00162129 -5.78204e-11
0.0115081 0.00163468 -5.76695e-11
0.0115869 0.00164794 -5.76488e-11
0.0116664 0.0016611 -5.75951e-11
0.0117465 0.00167416 -5.75845e-11
0.0118273 0.00168712 -5.7595e-11
0.0119088 0.00169999 -5.75226e-11
0.0119909 0.00171278 -5.7574e-11
0.0120737 0.0017255 -5.75762e-11
0.0121571 0.00173813 -5.75289e-11
0.0122412 0.0017507 -5.75227e-11
0.012326 0.00176319 -5.74801e-11
0.0124113 0.00177561 -5.74804e-11
0.0124973 0.00178797 -5.75016e-11
0.0125838 0.00180026 -5.75248e-11
0.012671 0.00181248 -5.74291e-11
0.0127587 0.00182464 -5.7524e-11
0.012847 0.00183673 -5.76145e-11
0.0129358 0.00184876 -5.75099e-11
0.0130252 0.00186072 -5.76097e-11
0.013115 0.00187262 -5.75263e-11
0.0132054 0.00188445 -5.73204e-11
0.0132963 0.00189622 -5.72461e-11
0.0133877 0.00190792 -5.72971e-11
0.0134795 0.00191956 -5.72866e-11
0.0135718 0.00193113 -5.71796e-11
0.0136645 0.00194264 -5.71322e-11
0.0137576 0.00195408 -5.71306e-11
0.0138512 0.00196546 -5.7254e-11
0.0139452 0.00197677 -5.72277e-11
0.0140395 0.00198802 -5.71813e-11
0.0141343 0.0019992 -5.71562e-11
0.0142294 0.00201032 -5.71288e-11
0.0143249 0.00202137 -5.70191e-11
0.0144208 0.00203236 -5.69832e-11
0.014517 0.00204329 -5.7026e-11
0.0146135 0.00205415 -5.7051e-11
0.0147104 0.00206494 -5.70305e-11
0.0148075 0.00207567 -5.6937e-11
0.014905 0.00208634 -5.69387e-11
0.0150028 0.00209694 -5.69265e-11
0.0151009 0.00210748 -5.67458e-11
0.0151993 0.00211795 -5.69159e-11
0.0152979 0.00212837 -5.66721e-11
0.0153969 0.00213872 -5.68823e-11
0.0154961 0.00214901 -5.66358e-11
0.0155955 0.00215924 -5.66393e-11
0.0156952 0.0021694 -5.65942e-11
0.0157952 0.00217951 -5.66772e-11
0.0158954 0.00218955 -5.65615e-11
0.0159958 0.00219954 -5.6517e-11
0.0160965 0.00220946 -5.66551e-11
0.0161974 0.00221933 -5.66274e-11
0.0162985 0.00222913 -5.61364e-11
0.0163998 0.00223888 -5.65295e-11
0.0165014 0.00224857 -5.62741e-11
0.0166031 0.00225821 -5.63381e-11
0.0167051 0.00226779 -5.62847e-11
0.0168072 0.00227731 -5.62312e-11
0.0169096 0.00228677 -5.61554e-11
0.0170121 0.00229618 -5.63993e-11
0.0171149 0.00230553 -5.62604e-11
0.0172178 0.00231483 -5.563e-11
0.0173209 0.00232408 -5.61558e-11
0.0174241 0.00233327 -5.61264e-11
0.0175276 0.00234241 -5.60243e-11
0.0176312 0.00235149 -5.60081e-11
0.017735 0.00236053 -5.57619e-11
0.0178389 0.00236951 -5.55774e-11
0.017943 0.00237844 -5.55911e-11
0.0180473 0.00238732 -5.5327e-11
0.0181517 0.00239615 -5.5871e-11
0.0182563 0.00240492 -5.51285e-11
0.018361 0.00241365 -5.60212e-11
0.0184659 0.00242233 -5.49965e-11
0.0185709 0.00243097 -5.48272e-11
0.018676 0.00243955 -5.5045e-11
0.0187813 0.00244808 -5.57335e-11
0.0188868 0.00245657 -5.55865e-11
0.0189924 0.00246501 -5.53381e-11
0.0190981 0.00247341 -5.60601e-11
0.0192039 0.00248176 -5.42829e-11
0.0193099 0.00249006 -5.4251e-11
0.019416 0.00249832 -5.50061e-11
0.0195222 0.00250653 -5.5574e-11
0.0196286 0.00251469 -5.53163e-11
0.0197137 0.00252599 -4.66281e-11
0.019802 0.00253692 -7.40227e-11
0.0198898 0.002548 -4.33415e-11
0.0199768 0.00255922 -5.16571e-11
0.0200632 0.0025706 -4.67893e-11
0.0201489 0.00258213 -4.31499e-11
0.0202337 0.0025938 -3.6243e-11
0.0203177 0.00260561 -3.89775e-11
0.0204007 0.00261756 -3.1275e-11
0.0204828 0.00262965 -3.04939e-11
0.0205638 0.00264187 -4.00138e-11
0.0206437 0.00265423 -2.49997e-11
0.0207223 0.00266671 2.06532e-11
0.0207995 0.00267932 -7.26735e-11
0.0208753 0.00269204 -2.94469e-11
0.0209494 0.00270488 -3.19893e-11
0.0210217 0.00271782 -2.07359e-11
0.021092 0.00273085 -3.24655e-11
0.0211602 0.00274396 -2.28658e-11
0.0212258 0.00275713 -4.07285e-11
0.0212887 0.00277035 -1.82313e-11
0.0213485 0.00278359 -1.8969e-11
0.0214053 0.00279684 8.54419e-11
0.0214656 0.00281036 -6.31592e-12
0.0215225 0.00282379 -2.67935e-11
0.0215755 0.00283708 -2.74565e-11
0.0216243 0.00285016 5.70898e-12
0.0216682 0.00286297 -1.14525e-10
0.0217068 0.00287541 3.71048e-11
0.0217393 0.00288739 2.36885e-11
0.0217649 0.00289877 2.03073e-11
0.0217874 0.0029097 -4.05109e-12
0.0218087 0.00292032 -2.20723e-11
0.021829 0.00293062 -2.34167e-11
0.0218483 0.00294063 -2.27641e-11
0.0218668 0.00295033 -2.31961e-11
0.0218845 0.00295975 -2.62041e-11
0.0219016 0.0029689 -2.57037e-11
0.021918 0.00297778 -2.56683e-11
0.021934 0.00298641 -2.69108e-11
0.0219494 0.0029948 -2.80054e-11
0.0219645 0.00300297 -1.86975e-11
0.0219751 0.00300872 -3.10267e-11
