0 0 0
43.0324 2.71779 1.39511e-16
86.0692 5.43558 -1.54841e-17
129.111 8.15337 -3.74056e-16
172.156 10.8712 -3.3677e-16
215.207 13.589 7.33169e-16
258.262 16.3068 5.25465e-16
301.119 19.0197 1.56629e-14
336.018 21.493 -2.55176e-12
366.479 23.8307 -1.12988e-12
371.522 23.3783 -1.54609e-13
371.568 23.1362 -4.29539e-14
371.605 22.9388 2.20716e-12
371.662 22.6383 1.90614e-14
371.748 22.1817 4.49513e-12
371.883 21.458 -2.25661e-12
371.998 20.8644 1.28131e-11
372.125 20.2092 -3.65156e-11
372.227 19.7245 -2.43817e-12
372.285 19.5176 4.52622e-10
372.365 19.1956 6.64367e-11
372.464 18.7909 -4.80519e-10
372.567 18.3874 4.36389e-10
372.586 18.4955 9.93741e-10
372.627 18.4796 1.59075e-11
372.688 18.361 -5.44749e-13
372.766 18.1692 4.28204e-11
372.86 17.9052 1.66653e-11
372.967 17.5884 1.92271e-10
373.085 17.2339 -1.19567e-08
373.093 17.4932 6.43749e-07
373.106 17.7184 3.18573e-06
373.135 17.8574 7.7452e-06
373.178 17.9218 1.27958e-05
373.236 17.9246 -1.09038e-06
373.308 17.8622 -3.47074e-07
373.392 17.7483 -1.92867e-06
373.486 17.594 -2.07105e-06
373.59 17.4071 -1.90031e-06
373.702 17.1957 -3.46492e-06
373.821 16.9653 -6.21408e-06
373.947 16.7209 -1.02856e-05
374.079 16.4663 -9.60186e-06
374.216 16.2046 -1.8503e-06
374.31 16.1624 5.37457e-07
374.315 16.5414 -4.97166e-06
374.325 16.8761 -1.12904e-05
374.342 17.1666 -2.96963e-05
374.366 17.4143 3.62139e-06
374.396 17.6301 1.24619e-05
374.434 17.812 5.78148e-06
374.48 17.9481 2.17927e-06
374.535 18.0439 4.43291e-06
374.596 18.1047 1.1089e-05
374.664 18.135 1.71624e-05
374.738 18.1378 1.40967e-05
374.818 18.1167 7.50497e-06
374.903 18.0747 1.03363e-05
374.993 18.0143 1.16207e-05
375.088 17.9378 9.36874e-06
375.186 17.8472 7.03432e-06
375.289 17.7444 -3.50518e-06
375.396 17.6306 1.86134e-08
375.506 17.5075 7.65619e-08
375.619 17.3765 8.4273e-08
375.735 17.2386 6.44222e-07
375.854 17.0949 7.28343e-07
375.976 16.9464 8.26791e-07
376.101 16.7939 9.38594e-07
376.228 16.638 1.06297e-06
376.357 16.4794 1.17873e-06
376.496 16.3185 1.31131e-06
376.644 16.1596 7.99259e-07
376.795 16.0018 8.6961e-07
376.949 15.8463 9.16009e-07
377.106 15.6931 9.63161e-07
377.266 15.5424 9.191e-07
377.428 15.3944 8.44119e-07
377.593 15.2491 7.62511e-07
377.76 15.1066 6.433e-07
377.93 14.9669 5.47489e-07
378.103 14.8299 3.78422e-07
378.278 14.6958 -1.38239e-07
378.456 14.5646 -1.66239e-07
378.522 14.8162 -1.04563e-07
378.555 15.1936 1.55337e-08
378.589 15.5568 3.36906e-08
378.622 15.9058 3.41465e-08
378.655 16.2405 3.13675e-08
378.689 16.5606 6.48547e-08
378.723 16.8659 6.86406e-08
378.759 17.1562 7.4872e-08
378.797 17.4491 2.40366e-08
378.838 17.728 1.8185e-07
378.881 17.9845 1.58212e-07
378.927 18.2206 1.45072e-07
378.975 18.437 1.41239e-07
379.026 18.6349 1.56922e-07
379.08 18.8154 1.58161e-07
379.136 18.9795 1.53798e-07
379.195 19.1281 1.54791e-07
379.256 19.2622 1.53619e-07
379.32 19.3826 1.38045e-07
379.387 19.4902 1.44828e-07
379.456 19.5858 1.04714e-07
379.527 19.6699 1.79793e-07
379.601 19.7433 2.54224e-07
379.677 19.807 -2.48777e-07
379.756 19.8609 1.55302e-07
379.837 19.906 1.41866e-07
379.92 19.9427 1.38055e-07
380.005 19.9715 1.52038e-07
380.092 19.9928 1.34664e-07
380.181 20.0073 1.3752e-07
380.272 20.0153 1.32931e-07
380.365 20.0172 1.40551e-07
380.46 20.0133 1.27226e-07
380.556 20.0041 1.33831e-07
380.654 19.9898 1.48861e-07
380.754 19.9707 1.27347e-07
380.856 19.9472 1.15822e-07
380.959 19.9194 1.51465e-07
381.063 19.8879 1.51314e-07
381.169 19.8529 1.44123e-07
381.277 19.8146 1.36929e-07
381.385 19.7731 1.28613e-07
381.495 19.7287 1.4024e-07
381.607 19.6816 1.40358e-07
381.719 19.632 1.48654e-07
381.833 19.58 1.42859e-07
381.948 19.5259 1.20702e-07
382.064 19.4699 1.27336e-07
382.181 19.4119 1.23451e-07
382.299 19.3523 1.23683e-07
382.418 19.2911 1.09775e-07
382.539 19.2285 1.1303e-07
382.66 19.1645 1.1904e-07
382.782 19.0994 1.22527e-07
382.905 19.0331 1.15283e-07
383.029 18.9659 1.14064e-07
383.154 18.8977 1.08399e-07
383.28 18.8287 1.19511e-07
383.407 18.759 1.24117e-07
383.534 18.6887 1.24835e-07
383.662 18.6177 1.02786e-07
383.791 18.5463 1.00944e-07
383.921 18.4744 1.0386e-07
384.052 18.4021 9.86276e-08
384.183 18.3294 1.00432e-07
384.315 18.2565 1.15451e-07
384.448 18.1834 1.01349e-07
384.581 18.1101 8.58045e-08
384.715 18.0367 1.00067e-07
384.85 17.9631 8.72953e-08
384.985 17.8895 8.21616e-08
385.122 17.8159 1.00985e-07
385.258 17.7423 9.38254e-08
385.396 17.6687 8.71983e-08
385.534 17.5951 9.81791e-08
385.672 17.5217 8.36552e-08
385.811 17.4483 5.90733e-08
385.951 17.3752 6.25485e-08
386.091 17.3021 9.44734e-08
386.232 17.2293 1.0223e-07
386.374 17.1566 1.00386e-07
386.516 17.0842 8.3808e-08
386.658 17.012 7.08086e-08
386.802 16.94 6.72722e-08
386.945 16.8683 6.99146e-08
387.089 16.7968 8.4266e-08
387.234 16.7257 7.78849e-08
387.379 16.6548 6.72255e-08
387.525 16.5842 6.74687e-08
387.671 16.5139 7.09208e-08
387.818 16.444 7.19421e-08
387.965 16.3743 6.84645e-08
388.113 16.305 6.31448e-08
388.261 16.2361 5.33508e-08
388.409 16.1674 5.81189e-08
388.558 16.0991 6.16152e-08
388.708 16.0312 5.97442e-08
388.858 15.9636 5.27686e-08
389.008 15.8964 6.06069e-08
389.159 15.8295 6.15013e-08
389.31 15.763 5.61607e-08
389.462 15.6968 5.28958e-08
389.614 15.631 5.11244e-08
389.766 15.5656 5.09964e-08
389.919 15.5006 4.4581e-08
390.073 15.4359 4.2548e-08
390.226 15.3715 4.51583e-08
390.381 15.3076 5.35405e-08
390.535 15.244 5.08806e-08
390.69 15.1808 4.98459e-08
390.845 15.1179 3.78369e-08
391.001 15.0554 3.9716e-08
391.157 14.9933 4.73495e-08
391.313 14.9315 4.57034e-08
391.47 14.8701 4.12384e-08
391.627 14.8091 3.50323e-08
391.785 14.7484 3.19395e-08
391.943 14.6881 3.41838e-08
392.101 14.6281 3.73631e-08
392.215 14.5852 3.52058e-08
