0 0 0
-1.36257e-10 -20450.9 -3.11876e+07
-5.23556e-10 -40901.9 -6.23753e+07
-1.13354e-09 -61352.9 -9.35629e+07
-2.06995e-09 -81804.1 -1.24751e+08
-3.1265e-09 -102256 -1.55938e+08
-4.39195e-09 -122707 -1.87126e+08
-0.00248689 -142865 -2.17865e+08
0.000755096 -154190 -2.35128e+08
-0.00745597 -161975 -2.46988e+08
-0.00181041 -164645 -2.51049e+08
0.00356418 -164772 -2.51241e+08
-0.00254239 -164875 -2.51395e+08
-2.13943e-05 -165007 -2.51593e+08
0.00606244 -165162 -2.51823e+08
2.07416e-05 -164402 -2.50655e+08
0.00150854 -162966 -2.48452e+08
0.000602237 -161531 -2.46251e+08
-0.00262406 -159607 -2.43303e+08
7.99959e-05 -157542 -2.40138e+08
9.87262e-06 -155647 -2.37233e+08
-0.000102012 -153972 -2.34664e+08
0.00066099 -152056 -2.31727e+08
0.00146012 -150060 -2.28665e+08
0.000927552 -148248 -2.25885e+08
0.00253529 -146625 -2.23394e+08
0.000887793 -145169 -2.21157e+08
1.21138e-06 -143849 -2.1913e+08
-5.61544e-05 -142651 -2.17287e+08
-0.00735689 -141232 -2.15105e+08
0.00194248 -139811 -2.1292e+08
0.00260621 -138499 -2.10901e+08
-0.00117817 -137290 -2.0904e+08
0.00103374 -136190 -2.07344e+08
0.0020625 -135171 -2.05774e+08
-2.10944e-06 -134226 -2.04315e+08
-0.0010092 -133347 -2.02958e+08
-0.00192971 -132528 -2.01692e+08
0.000143576 -131763 -2.00508e+08
3.22546e-05 -131047 -1.994e+08
-0.000427644 -130376 -1.9836e+08
-0.000706928 -129745 -1.97383e+08
0.00182843 -129153 -1.96462e+08
0.0467749 -128422 -1.95329e+08
0.000526215 -127673 -1.94167e+08
0.00171354 -126959 -1.93059e+08
0.00320899 -126279 -1.92003e+08
-0.000278415 -125633 -1.90999e+08
-0.00128702 -125031 -1.90061e+08
-0.00213144 -124457 -1.89168e+08
0.000436429 -123912 -1.88316e+08
-3.32254e-05 -123392 -1.87504e+08
0.00084547 -122896 -1.86729e+08
-0.000257874 -122424 -1.8599e+08
-0.000276176 -121973 -1.85283e+08
1.41382e-05 -121542 -1.84607e+08
0.00102593 -121131 -1.8396e+08
0.00164613 -120737 -1.83341e+08
0.00293928 -120361 -1.82748e+08
0.00206632 -120001 -1.82179e+08
0.000428596 -119656 -1.81634e+08
0.000171405 -119326 -1.81111e+08
0.00284996 -119009 -1.80608e+08
0.00262547 -118706 -1.80125e+08
0.00235257 -118415 -1.79661e+08
0.0021685 -118135 -1.79215e+08
0.00203907 -117866 -1.78786e+08
0.00193749 -117609 -1.78373e+08
0.00638874 -117360 -1.77973e+08
-0.00116522 -117117 -1.77583e+08
-0.000783116 -116883 -1.77207e+08
-2.37424e-05 -116657 -1.76842e+08
-0.000501602 -116438 -1.76489e+08
-0.000783444 -116227 -1.76148e+08
-0.00109226 -116023 -1.75817e+08
-0.000336773 -115826 -1.75496e+08
-0.000858328 -115635 -1.75185e+08
-0.000967609 -115451 -1.74883e+08
-0.00209503 -115272 -1.7459e+08
-0.00197779 -115099 -1.74306e+08
-0.00099543 -114931 -1.7403e+08
-0.00217977 -114711 -1.73672e+08
0.00164524 -114482 -1.733e+08
0.00343602 -114257 -1.72935e+08
0.00372042 -114037 -1.72576e+08
0.00294221 -113821 -1.72224e+08
0.00330643 -113609 -1.71878e+08
0.00371882 -113401 -1.71538e+08
0.000769159 -113199 -1.71207e+08
-0.00551383 -113006 -1.70889e+08
-0.00172278 -112817 -1.70578e+08
-0.00236163 -112632 -1.70272e+08
-0.0023933 -112450 -1.69972e+08
-0.000779345 -112273 -1.69678e+08
-0.00121543 -112099 -1.69389e+08
-0.000111933 -111930 -1.69107e+08
-0.00135612 -111764 -1.6883e+08
-0.000635269 -111601 -1.68558e+08
-0.000345165 -111442 -1.68292e+08
0.000195103 -111287 -1.68031e+08
2.97494e-05 -111136 -1.67776e+08
-0.000135309 -110987 -1.67525e+08
-0.000231631 -110842 -1.6728e+08
-0.000325783 -110701 -1.67039e+08
0.0148079 -110562 -1.66804e+08
-0.000347932 -110427 -1.66573e+08
-0.00040961 -110295 -1.66346e+08
-0.000402195 -110166 -1.66124e+08
-0.00039257 -110039 -1.65907e+08
-0.000377501 -109916 -1.65693e+08
-0.000366979 -109795 -1.65484e+08
-0.000358128 -109677 -1.65279e+08
-0.000347916 -109562 -1.65078e+08
-0.000343658 -109449 -1.6488e+08
0.00404584 -109339 -1.64687e+08
0.00427236 -109231 -1.64497e+08
0.00452764 -109126 -1.6431e+08
0.00471006 -109023 -1.64127e+08
0.00499281 -108922 -1.63948e+08
0.00514099 -108823 -1.63772e+08
0.00527384 -108727 -1.63599e+08
0.00540354 -108633 -1.63429e+08
0.00555847 -108541 -1.63262e+08
0.00568398 -108451 -1.63098e+08
0.00574133 -108363 -1.62937e+08
0.00587326 -108276 -1.62779e+08
0.00586506 -108192 -1.62624e+08
0.00600412 -108110 -1.62471e+08
0.00598097 -108029 -1.62321e+08
-0.000363923 -107950 -1.62174e+08
-0.000185885 -107873 -1.62029e+08
0.000181801 -107798 -1.61887e+08
0.00502661 -107724 -1.61747e+08
0.00503322 -107652 -1.61609e+08
0.00490322 -107581 -1.61474e+08
0.006397 -107512 -1.61341e+08
0.00640297 -107444 -1.6121e+08
0.00629059 -107378 -1.61081e+08
0.00628886 -107313 -1.60955e+08
0.00621967 -107250 -1.6083e+08
0.0062291 -107188 -1.60707e+08
0.00618067 -107128 -1.60586e+08
0.00620833 -107068 -1.60468e+08
0.00600913 -107010 -1.60351e+08
0.00595925 -106954 -1.60236e+08
0.00588283 -106898 -1.60122e+08
0.00597168 -106844 -1.60011e+08
0.00579532 -106791 -1.59901e+08
0.00575334 -106739 -1.59792e+08
0.0057648 -106689 -1.59686e+08
0.00560209 -106639 -1.59581e+08
0.00551175 -106590 -1.59477e+08
0.00542122 -106543 -1.59376e+08
0.00544905 -106497 -1.59275e+08
0.00530106 -106451 -1.59176e+08
0.005244 -106407 -1.59079e+08
0.00519934 -106364 -1.58983e+08
0.00504407 -106322 -1.58888e+08
0.00501067 -106280 -1.58795e+08
0.00492733 -106240 -1.58703e+08
0.00494557 -106201 -1.58612e+08
0.00485277 -106162 -1.58523e+08
0.00474204 -106125 -1.58435e+08
0.00465117 -106088 -1.58348e+08
0.0045829 -106052 -1.58262e+08
0.00457641 -106017 -1.58178e+08
0.00433831 -105983 -1.58094e+08
0.00440408 -105950 -1.58012e+08
0.00420198 -105917 -1.57931e+08
0.00443009 -105886 -1.57851e+08
0.00408797 -105855 -1.57772e+08
0.00411642 -105825 -1.57694e+08
0.00431173 -105795 -1.57618e+08
0.0040096 -105767 -1.57542e+08
0.00390765 -105739 -1.57467e+08
0.00395722 -105712 -1.57393e+08
0.0038934 -105685 -1.57321e+08
0.0038473 -105660 -1.57249e+08
0.00375564 -105635 -1.57178e+08
0.00386765 -105610 -1.57108e+08
0.00344917 -105587 -1.57039e+08
0.00354593 -105564 -1.56971e+08
0.0037254 -105542 -1.56904e+08
0.00361365 -105520 -1.56837e+08
0.00305974 -105499 -1.56772e+08
0.00315185 -105479 -1.56707e+08
0.00268335 -105459 -1.56643e+08
0.00287414 -105440 -1.5658e+08
0.00254601 -105421 -1.56518e+08
0.00255045 -105404 -1.56456e+08
0.00272198 -105386 -1.56396e+08
0.00261355 -105370 -1.56336e+08
0.0028488 -105353 -1.56276e+08
0.00266342 -105338 -1.56218e+08
0.00211054 -105323 -1.5616e+08
0.00226592 -105308 -1.56103e+08
0.00251745 -105294 -1.56047e+08
0.0024757 -105281 -1.55991e+08
0.00250376 -105268 -1.55936e+08
0.00180911 -105256 -1.55882e+08
0.00176675 -105244 -1.55828e+08
0.002405 -105233 -1.55775e+08
0.00247519 -105222 -1.55723e+08
0.00163753 -105215 -1.55686e+08
