0 0 0
-1.29745e-10 -20450.9 -3.11876e+07
-5.2394e-10 -40901.9 -6.23753e+07
-1.15432e-09 -61352.9 -9.35629e+07
-2.04602e-09 -81804.1 -1.24751e+08
-3.11803e-09 -102256 -1.55938e+08
-4.36944e-09 -122707 -1.87126e+08
-0.000822517 -142911 -2.17936e+08
0.000206745 -155849 -2.37659e+08
-0.000747489 -163629 -2.49514e+08
0.000337853 -164927 -2.51485e+08
-0.00136904 -165027 -2.51634e+08
-3.19531e-05 -164823 -2.51321e+08
-0.00117019 -163931 -2.49957e+08
0.000214493 -162571 -2.47877e+08
7.6639e-06 -160329 -2.44447e+08
0.00241721 -156795 -2.39043e+08
-0.00169268 -153829 -2.34506e+08
0.00063276 -150469 -2.29368e+08
-4.49994e-05 -147412 -2.2469e+08
-0.00106655 -144897 -2.2084e+08
-0.0004607 -142778 -2.17595e+08
0.00196449 -140428 -2.13996e+08
0.000471114 -138185 -2.10559e+08
-0.00219268 -136249 -2.07591e+08
-0.00105686 -134566 -2.0501e+08
-0.0013676 -133081 -2.0273e+08
-0.00114865 -131761 -2.00703e+08
-0.00241227 -130580 -1.98888e+08
0.00146979 -129517 -1.97254e+08
0.00299038 -128443 -1.95601e+08
0.0038259 -127197 -1.93684e+08
0.00543319 -126048 -1.91916e+08
0.000952783 -125000 -1.90301e+08
-4.04338e-05 -124046 -1.8883e+08
-0.000210905 -123165 -1.87471e+08
-0.000245886 -122351 -1.86214e+08
-0.000352902 -121597 -1.85048e+08
-0.000495111 -120897 -1.83964e+08
-0.00131021 -120247 -1.82956e+08
0.00237766 -119640 -1.82016e+08
0.00157401 -119075 -1.81137e+08
0.00267678 -118546 -1.80315e+08
0.00227809 -118052 -1.79545e+08
0.00205666 -117588 -1.78822e+08
0.00193489 -117153 -1.78142e+08
-0.00115169 -116744 -1.77503e+08
-0.00117714 -116352 -1.76889e+08
-0.00280748 -115981 -1.76308e+08
-0.00252235 -115630 -1.75756e+08
-0.00260776 -115296 -1.75231e+08
-0.00204822 -114979 -1.74731e+08
-0.00255718 -114677 -1.74256e+08
4.68832e-07 -114343 -1.73728e+08
0.0026246 -113948 -1.73108e+08
0.00365184 -113566 -1.72507e+08
0.00466883 -113195 -1.71924e+08
-0.000822581 -112837 -1.71359e+08
0.00130748 -112497 -1.70823e+08
-0.00219176 -112170 -1.70307e+08
-0.00357661 -111855 -1.69807e+08
0.000146307 -111549 -1.69323e+08
2.20259e-06 -111254 -1.68855e+08
-0.000472982 -110969 -1.68401e+08
-0.000554557 -110694 -1.67963e+08
-0.000173449 -110428 -1.67538e+08
-0.000242129 -110171 -1.67128e+08
-3.97115e-05 -109923 -1.6673e+08
0.00220094 -109683 -1.66346e+08
0.00410901 -109451 -1.65973e+08
0.00409789 -109227 -1.65613e+08
0.00425637 -109010 -1.65263e+08
0.00451831 -108801 -1.64924e+08
0.00478937 -108598 -1.64596e+08
0.00504606 -108402 -1.64278e+08
0.00525539 -108213 -1.63969e+08
0.00422482 -108029 -1.63669e+08
0.00440586 -107851 -1.63378e+08
0.00452913 -107679 -1.63096e+08
0.00460606 -107512 -1.62821e+08
0.00466029 -107350 -1.62555e+08
0.00469825 -107193 -1.62295e+08
0.00470006 -107041 -1.62043e+08
0.00467367 -106893 -1.61798e+08
0.00463629 -106750 -1.61559e+08
0.00593924 -106611 -1.61327e+08
0.00581014 -106476 -1.61101e+08
0.00571484 -106345 -1.60881e+08
0.00564039 -106217 -1.60666e+08
0.00553864 -106094 -1.60457e+08
0.00543636 -105974 -1.60253e+08
0.00535322 -105857 -1.60054e+08
0.00515558 -105743 -1.59859e+08
0.00501779 -105633 -1.5967e+08
0.00491745 -105525 -1.59485e+08
0.00478338 -105421 -1.59305e+08
0.0046668 -105319 -1.59128e+08
0.00455696 -105221 -1.58956e+08
0.004458 -105124 -1.58788e+08
0.004287 -105031 -1.58624e+08
0.00425333 -104940 -1.58463e+08
0.00405231 -104851 -1.58306e+08
0.00394747 -104765 -1.58152e+08
0.00389937 -104681 -1.58002e+08
0.00377989 -104599 -1.57855e+08
0.00366014 -104519 -1.57711e+08
0.0035515 -104441 -1.5757e+08
0.00349972 -104366 -1.57432e+08
0.00337178 -104292 -1.57298e+08
0.00330422 -104220 -1.57165e+08
0.00324054 -104150 -1.57036e+08
0.00315654 -104082 -1.56909e+08
0.00304453 -104016 -1.56785e+08
0.00295786 -103951 -1.56663e+08
0.00290882 -103888 -1.56544e+08
0.00279374 -103827 -1.56427e+08
0.00272004 -103767 -1.56312e+08
0.00273671 -103708 -1.562e+08
0.00257274 -103652 -1.5609e+08
0.0025758 -103596 -1.55982e+08
0.00254439 -103542 -1.55876e+08
0.00244259 -103490 -1.55772e+08
0.00235103 -103439 -1.55669e+08
0.0014009 -103389 -1.55569e+08
0.00137227 -103340 -1.55471e+08
0.00178303 -103293 -1.55374e+08
0.00133492 -103247 -1.5528e+08
0.00167357 -103202 -1.55187e+08
0.00171977 -103158 -1.55095e+08
0.00171119 -103116 -1.55006e+08
0.00165459 -103075 -1.54918e+08
0.00157901 -103034 -1.54831e+08
0.00154193 -102995 -1.54746e+08
0.00153314 -102957 -1.54663e+08
0.00147449 -102920 -1.54581e+08
0.00142924 -102884 -1.545e+08
0.00139863 -102849 -1.54421e+08
0.00100822 -102814 -1.54343e+08
0.000942119 -102781 -1.54267e+08
0.00130014 -102749 -1.54191e+08
0.0012791 -102718 -1.54118e+08
0.00123117 -102687 -1.54045e+08
0.00090653 -102658 -1.53973e+08
0.00115415 -102629 -1.53903e+08
0.00121797 -102601 -1.53834e+08
1.5529e-05 -102570 -1.5376e+08
-7.96416e-05 -102539 -1.53685e+08
-5.48288e-05 -102509 -1.53612e+08
-3.16369e-05 -102479 -1.53539e+08
-9.3475e-06 -102450 -1.53467e+08
-0.000250281 -102421 -1.53396e+08
-0.000348532 -102393 -1.53325e+08
-0.000353689 -102366 -1.53256e+08
-0.000365407 -102339 -1.53186e+08
-0.000315717 -102312 -1.53118e+08
0.00325055 -102286 -1.53049e+08
-0.00064065 -102260 -1.52982e+08
-0.0050395 -102235 -1.52914e+08
0.00207982 -102210 -1.52847e+08
-0.00155113 -102185 -1.5278e+08
0.00116731 -102161 -1.52714e+08
0.00220877 -102136 -1.52647e+08
0.010042 -102112 -1.5258e+08
0.0162253 -102087 -1.52513e+08
0.000393423 -102062 -1.52446e+08
-0.00682562 -102038 -1.52379e+08
-0.0227971 -102015 -1.52313e+08
-0.0227107 -101991 -1.52246e+08
-0.0169508 -101967 -1.52179e+08
-0.0163878 -101942 -1.52111e+08
-0.00475411 -101917 -1.52041e+08
-0.00407604 -101891 -1.5197e+08
5.87542e-06 -101863 -1.51897e+08
0.000674307 -101835 -1.51822e+08
0.000580704 -101806 -1.51746e+08
0.000359946 -101776 -1.51669e+08
0.00182146 -101745 -1.5159e+08
6.41732e-05 -101715 -1.51511e+08
0.0018701 -101683 -1.51432e+08
0.000448216 -101652 -1.51352e+08
-6.84127e-05 -101621 -1.51272e+08
0.000404258 -101589 -1.51191e+08
0.00575757 -101558 -1.51111e+08
0.00269289 -101527 -1.51031e+08
0.0047046 -101496 -1.50951e+08
0.00174529 -101465 -1.50871e+08
-0.00281789 -101435 -1.50792e+08
0.00142277 -101405 -1.50714e+08
-0.00171674 -101376 -1.50636e+08
-6.43115e-05 -101347 -1.50558e+08
0.00149942 -101318 -1.50482e+08
0.00808128 -101290 -1.50406e+08
-8.01846e-05 -101263 -1.5033e+08
0.00734872 -101236 -1.50256e+08
0.00214702 -101210 -1.50182e+08
0.011024 -101185 -1.50109e+08
0.00313142 -101160 -1.50037e+08
0.00908583 -101135 -1.49965e+08
0.0115412 -101111 -1.49894e+08
-0.000697442 -101088 -1.49825e+08
0.00864585 -101066 -1.49755e+08
-0.00810474 -101044 -1.49687e+08
0.000623356 -101022 -1.4962e+08
-0.000339197 -101007 -1.49572e+08
