0 0 0
43.1504 2.72524 1.76319e-17
86.3053 5.45049 -2.63227e-16
129.465 8.17573 2.60532e-16
172.629 10.901 6.20265e-16
215.797 13.6262 -8.51687e-16
258.97 16.3515 -4.24514e-17
301.747 19.063 9.33884e-16
334.742 21.3991 5.10557e-14
363.533 23.5824 -3.11407e-13
371.474 23.6241 -2.87302e-14
371.527 23.3487 -3.54821e-12
371.567 23.1382 -9.22022e-13
371.617 22.8764 1.86253e-12
371.692 22.4784 -6.50564e-13
371.813 21.8341 7.01635e-12
371.929 21.22 1.98882e-11
372.032 20.686 -7.41144e-12
372.145 20.1049 1.44929e-11
372.228 19.7179 3.29039e-12
372.277 19.5469 1.04711e-11
372.343 19.2852 1.96754e-11
372.425 18.9525 -1.0701e-10
372.518 18.5686 -1.06565e-11
372.572 18.4387 -6.09198e-11
372.594 18.5015 5.3605e-10
372.632 18.4741 4.28316e-10
372.686 18.3694 1.98906e-10
372.752 18.209 -5.77967e-10
372.831 17.9913 -1.40397e-09
372.921 17.7287 -6.34177e-09
373.019 17.4324 -5.8739e-08
373.096 17.2779 -3.02227e-08
373.097 17.5381 -3.82976e-07
373.11 17.7262 -4.6395e-07
373.135 17.8489 -9.8408e-07
373.171 17.9129 -2.78235e-06
373.218 17.9317 -1.19624e-05
373.277 17.8976 2.54842e-05
373.345 17.8195 -5.90495e-06
373.422 17.7055 -3.96124e-05
373.507 17.5622 2.55931e-05
373.599 17.3957 3.85751e-05
373.697 17.2104 1.80421e-05
373.801 17.0099 -8.93008e-06
373.91 16.798 -1.64977e-05
374.023 16.5774 -6.79622e-06
374.142 16.3506 -1.40236e-05
374.264 16.1193 7.96274e-06
374.318 16.2176 -2.366e-06
374.322 16.5465 4.4382e-07
374.332 16.8417 9.73945e-07
374.346 17.1027 2.29301e-06
374.365 17.3307 5.34379e-06
374.389 17.5269 1.38535e-05
374.419 17.7084 4.50047e-05
374.455 17.8532 1.83812e-05
374.497 17.9641 5.48457e-06
374.546 18.0447 2.61933e-05
374.6 18.0985 2.44443e-06
374.659 18.1282 6.95827e-06
374.723 18.1368 2.0968e-05
374.791 18.1258 1.61557e-05
374.864 18.1006 3.40824e-05
374.941 18.0543 1.45655e-05
375.021 17.9973 2.50158e-05
375.105 17.9283 8.90775e-07
375.192 17.8484 1.02625e-06
375.282 17.7589 1.77393e-06
375.375 17.6609 2.67915e-06
375.471 17.5554 3.78675e-06
375.569 17.4434 5.12755e-06
375.67 17.3254 4.97369e-06
375.773 17.2026 6.43615e-06
375.879 17.0755 8.14672e-06
375.986 16.9445 3.23529e-05
376.095 16.8106 -4.85013e-05
376.207 16.6738 2.75814e-05
376.32 16.535 -9.40382e-06
376.442 16.3936 -1.40337e-05
376.572 16.2535 -2.00622e-05
376.704 16.1138 -4.02472e-07
376.837 15.9757 -4.74914e-08
376.974 15.8393 7.80236e-08
377.112 15.7044 1.27442e-07
377.252 15.5717 1.74207e-07
377.394 15.4412 2.05643e-07
377.539 15.3126 2.45178e-07
377.685 15.1861 3.09312e-07
377.834 15.0618 3.65085e-07
377.985 14.9397 4.03654e-07
378.137 14.8197 4.49731e-07
378.292 14.7019 4.89264e-07
378.448 14.5861 4.99998e-07
378.607 14.4726 4.70253e-07
378.637 14.8237 -2.00809e-07
378.668 15.1551 -2.41263e-07
378.698 15.4756 -1.98464e-07
378.729 15.7849 -1.51742e-07
378.76 16.0835 -7.55885e-08
378.79 16.3708 -1.16296e-08
378.822 16.6468 5.84168e-08
378.854 16.9112 1.49046e-07
378.886 17.1641 2.06599e-07
378.922 17.4237 4.15538e-07
378.959 17.6703 1.18708e-07
378.998 17.8997 3.58479e-07
379.039 18.1125 6.64425e-08
379.082 18.3102 2.28775e-07
379.126 18.4932 2.94164e-07
379.173 18.6622 2.95649e-07
379.222 18.8181 3.26367e-07
379.273 18.9613 3.39573e-07
379.326 19.0927 3.47962e-07
379.381 19.2129 3.45168e-07
379.438 19.3223 3.60772e-07
379.497 19.4216 3.71531e-07
379.557 19.5112 3.83268e-07
379.62 19.5918 3.77907e-07
379.685 19.6638 3.92446e-07
379.751 19.7276 3.6148e-07
379.82 19.7836 3.37127e-07
379.89 19.8325 1.02402e-06
379.962 19.8743 3.407e-07
380.035 19.9095 4.26909e-07
380.11 19.9384 4.26028e-07
380.187 19.9614 4.1895e-07
380.266 19.9788 3.96953e-07
380.346 19.9909 4.17753e-07
380.427 19.998 4.19146e-07
380.51 20.0004 4.10016e-07
380.594 19.9983 4.37009e-07
380.68 19.9919 4.33805e-07
380.767 19.9816 4.21814e-07
380.855 19.9675 3.95771e-07
380.945 19.9497 4.17387e-07
381.036 19.9287 4.45621e-07
381.128 19.9045 4.31112e-07
381.221 19.8773 3.86365e-07
381.315 19.847 4.32283e-07
381.41 19.8143 4.36954e-07
381.507 19.7792 4.34929e-07
381.604 19.7417 4.26993e-07
381.703 19.7021 4.30106e-07
381.802 19.6604 4.15817e-07
381.903 19.6168 3.98646e-07
382.004 19.5714 3.63648e-07
382.106 19.5243 3.74122e-07
382.21 19.4755 3.89536e-07
382.314 19.4254 4.00311e-07
382.419 19.3739 3.76737e-07
382.524 19.3211 3.8211e-07
382.631 19.2672 3.7402e-07
382.738 19.2121 3.67218e-07
382.846 19.156 3.5943e-07
382.955 19.099 3.60233e-07
383.065 19.0412 3.51129e-07
383.175 18.9825 3.64996e-07
383.286 18.9231 3.62654e-07
383.397 18.863 3.5133e-07
383.51 18.8023 3.46442e-07
383.623 18.7411 3.2528e-07
383.736 18.6793 3.36973e-07
383.851 18.6171 3.54369e-07
383.965 18.5545 3.7724e-07
384.081 18.4915 3.21122e-07
384.197 18.4283 3.11834e-07
384.314 18.3647 3.22387e-07
384.431 18.3009 3.22625e-07
384.549 18.2368 2.94288e-07
384.667 18.1726 2.78677e-07
384.786 18.1083 2.86392e-07
384.905 18.0438 2.85272e-07
385.025 17.9793 3.01308e-07
385.146 17.9146 2.72977e-07
385.267 17.85 2.78833e-07
385.389 17.7853 2.74396e-07
385.511 17.7207 2.67602e-07
385.633 17.656 2.61437e-07
385.756 17.5915 2.59796e-07
385.88 17.5269 2.43452e-07
386.003 17.4625 2.43583e-07
386.128 17.3982 2.45958e-07
386.253 17.3339 2.3768e-07
386.378 17.2698 2.36272e-07
386.504 17.2059 2.32173e-07
386.63 17.142 2.38159e-07
386.757 17.0784 2.44254e-07
386.884 17.0149 2.33551e-07
387.011 16.9516 2.29089e-07
387.139 16.8885 2.23576e-07
387.268 16.8256 2.1764e-07
387.396 16.7629 2.15648e-07
387.526 16.7005 2.19235e-07
387.655 16.6382 2.12274e-07
387.785 16.5762 2.02844e-07
387.916 16.5144 1.93254e-07
388.046 16.4528 1.88427e-07
388.177 16.3915 1.97894e-07
388.309 16.3305 1.85697e-07
388.441 16.2697 1.76421e-07
388.573 16.2091 1.85573e-07
388.706 16.1488 1.97421e-07
388.801 16.1056 1.82983e-07
