0 0 0
-43.1459 2.72524 -8.61118e-17
-86.2874 5.45049 1.05663e-16
-129.424 8.17573 -2.47988e-16
-172.557 10.901 -1.91606e-16
-215.686 13.6262 -2.89204e-16
-258.809 16.3515 3.89461e-16
-299.943 18.9195 1.34975e-14
-297.064 17.6809 -5.68222e-14
-291.272 15.7219 2.78731e-13
-285.587 14.362 4.17866e-13
-283.863 13.9931 2.85924e-12
-282.077 13.6444 -5.12722e-12
-279.31 13.1612 1.08828e-11
-275.112 12.5772 7.87328e-12
-268.018 11.6675 -8.54776e-13
-259.749 10.7749 -2.64292e-10
-251.607 9.98481 -1.78563e-10
-243.674 9.2458 -1.60811e-10
-236.594 8.64835 3.22068e-09
-230.352 8.18966 5.03048e-09
-224.285 7.72544 4.55058e-09
-218.83 7.31805 1.25098e-08
-214.029 6.98417 2.53817e-08
-209.794 6.72631 2.32842e-08
-206.017 6.50742 2.7994e-07
-202.624 6.32044 4.24116e-07
-199.283 6.11594 3.01428e-07
-196.174 5.91537 -6.66717e-08
-193.366 5.73929 -1.48793e-07
-190.826 5.59879 -3.0875e-07
-188.514 5.48338 -2.71864e-06
-186.394 5.38088 -2.27266e-06
-184.442 5.29023 -7.39472e-06
-182.636 5.2107 -4.3851e-05
-180.96 5.14069 -7.99863e-05
-179.399 5.07912 -7.37496e-05
-177.94 5.02483 7.45708e-06
-176.573 4.97666 1.85955e-05
-175.235 4.92149 -3.373e-06
-173.887 4.85672 -3.53998e-05
-172.62 4.79322 -5.95565e-07
-171.426 4.73083 -3.94091e-06
-170.3 4.67279 -2.07963e-05
-169.24 4.62915 -7.00373e-06
-168.237 4.58232 -4.65558e-06
-167.284 4.53405 -4.34885e-05
-166.379 4.48549 -7.97785e-06
-165.518 4.43728 -1.28562e-05
-164.697 4.39003 -2.1641e-05
-163.913 4.34402 -3.39609e-05
-163.165 4.29944 -5.06917e-05
-162.448 4.25636 -7.19296e-05
-161.762 4.21477 -8.26816e-05
-161.104 4.17465 7.5817e-07
-160.472 4.13609 2.24985e-05
-159.864 4.09885 1.89322e-05
-159.28 4.06293 1.79043e-05
-158.717 4.02822 1.7531e-05
-158.174 3.9946 1.79906e-05
-157.651 3.96199 1.87974e-05
-157.146 3.9303 1.96563e-05
-156.659 3.90493 2.16425e-05
-156.195 3.90606 1.45129e-05
-155.745 3.9081 3.00815e-06
-155.31 3.91088 2.85695e-06
-154.889 3.91426 2.80898e-06
-154.48 3.91811 2.68788e-06
-154.084 3.92233 2.69135e-06
-153.699 3.92683 2.69287e-06
-153.326 3.9315 2.71843e-06
-152.962 3.93629 2.49417e-06
-152.609 3.94112 2.55161e-06
-152.242 3.93455 -6.65322e-07
-151.877 3.93835 1.8477e-06
-151.522 3.94099 1.78928e-06
-151.176 3.94235 1.6941e-06
-150.839 3.94232 1.62841e-06
-150.511 3.94083 1.58135e-06
-150.191 3.93787 1.49927e-06
-149.88 3.94672 1.4577e-06
-149.577 3.95406 1.60827e-06
-149.282 3.95748 1.49143e-06
-148.993 3.95754 1.39787e-06
-148.712 3.95474 1.36681e-06
-148.437 3.94954 1.41854e-06
-148.168 3.94234 1.29022e-06
-147.905 3.93352 9.97622e-07
-147.649 3.92333 9.65137e-07
-147.398 3.91208 9.78352e-07
-147.152 3.9 7.64993e-07
-146.912 3.88755 1.23191e-06
-146.677 3.87406 1.15457e-06
-146.447 3.86048 1.17345e-06
-146.222 3.84664 1.19287e-06
-146.002 3.83269 1.18451e-06
-145.786 3.81868 1.1576e-06
-145.575 3.80468 1.12887e-06
-145.367 3.79075 1.13791e-06
-145.164 3.77692 1.15734e-06
-144.965 3.76318 1.11848e-06
-144.769 3.74968 1.09145e-06
-144.578 3.73638 1.06692e-06
-144.39 3.72329 1.02304e-06
-144.205 3.71043 1.01676e-06
-144.024 3.69778 9.73066e-07
-143.846 3.68537 9.35324e-07
-143.671 3.67317 8.94211e-07
-143.5 3.66121 9.35381e-07
-143.331 3.64946 9.70329e-07
-143.165 3.63792 9.17868e-07
-143.002 3.62658 8.73772e-07
-142.842 3.61544 9.18142e-07
-142.685 3.60447 8.79428e-07
-142.53 3.59369 8.24908e-07
-142.377 3.58306 8.63991e-07
-142.228 3.57257 8.54891e-07
-142.08 3.56225 7.80463e-07
-141.935 3.55204 7.68159e-07
-141.792 3.54196 8.18789e-07
-141.651 3.53199 7.77116e-07
-141.513 3.52212 7.8102e-07
-141.377 3.51234 7.80472e-07
-141.242 3.50262 7.73029e-07
-141.11 3.493 7.92572e-07
-140.979 3.48344 7.80648e-07
-140.851 3.47394 7.89687e-07
-140.724 3.46449 7.35636e-07
-140.599 3.45509 7.35393e-07
-140.476 3.44572 7.35336e-07
-140.355 3.43638 6.5492e-07
-140.235 3.42707 6.92636e-07
-140.117 3.41779 6.8189e-07
-140.001 3.40852 6.924e-07
-139.886 3.39926 6.96385e-07
-139.772 3.39001 7.03505e-07
-139.661 3.38077 7.2822e-07
-139.55 3.37153 7.28516e-07
-139.441 3.36229 7.14633e-07
-139.334 3.35305 6.35916e-07
-139.227 3.3438 5.66541e-07
-139.123 3.33455 5.96163e-07
-139.019 3.32529 5.90994e-07
-138.917 3.31602 5.81969e-07
-138.816 3.30674 6.53093e-07
-138.716 3.29745 6.31516e-07
-138.617 3.28814 6.37176e-07
-138.52 3.27882 6.22481e-07
-138.424 3.26949 6.25308e-07
-138.329 3.26014 6.2292e-07
-138.235 3.25078 6.543e-07
-138.142 3.24141 6.59522e-07
-138.05 3.23202 6.19973e-07
-137.959 3.22262 6.34087e-07
-137.869 3.21321 6.24295e-07
-137.78 3.20378 5.96811e-07
-137.693 3.19434 5.38878e-07
-137.606 3.18489 5.43527e-07
-137.52 3.17542 6.09823e-07
-137.435 3.16595 5.69546e-07
-137.351 3.15647 5.91155e-07
-137.268 3.14698 6.14323e-07
-137.185 3.13747 5.87593e-07
-137.104 3.12797 5.61757e-07
-137.023 3.11845 5.33999e-07
-136.944 3.10893 5.6706e-07
-136.865 3.09941 5.62965e-07
-136.787 3.08988 5.48584e-07
-136.709 3.08034 5.43681e-07
-136.633 3.07081 5.59723e-07
-136.557 3.06127 5.38246e-07
-136.482 3.05174 5.27944e-07
-136.407 3.0422 5.21366e-07
-136.334 3.03267 5.0673e-07
-136.261 3.02314 5.23695e-07
-136.189 3.01361 5.1638e-07
-136.117 3.00409 5.12855e-07
-136.046 2.99457 5.05966e-07
-135.976 2.98506 5.10319e-07
-135.907 2.97555 5.06082e-07
-135.838 2.96606 5.00373e-07
-135.77 2.95657 4.96287e-07
-135.702 2.94709 4.94418e-07
-135.635 2.93762 4.95128e-07
-135.569 2.92816 4.933e-07
-135.503 2.91872 4.91765e-07
-135.437 2.90929 4.94841e-07
-135.373 2.89987 4.88418e-07
-135.309 2.89046 4.72266e-07
-135.245 2.88107 4.65433e-07
-135.182 2.87169 4.58044e-07
-135.12 2.86233 4.85937e-07
-135.058 2.85299 4.91004e-07
-134.996 2.84366 4.73726e-07
-134.935 2.83436 4.59819e-07
-134.875 2.82507 4.45309e-07
-134.815 2.81579 4.72081e-07
-134.756 2.80654 4.43958e-07
-134.697 2.79731 4.12365e-07
-134.638 2.7881 4.42318e-07
-134.58 2.77891 4.53555e-07
-134.523 2.76974 4.89028e-07
-134.466 2.76059 4.09576e-07
-134.425 2.75403 4.3527e-07
