0 0 0
-1.35181e-10 -20450.9 -3.11876e+07
-5.12102e-10 -40901.9 -6.23753e+07
-1.13451e-09 -61352.9 -9.35629e+07
-2.0699e-09 -81804.1 -1.24751e+08
-3.08768e-09 -102256 -1.55938e+08
-4.35955e-09 -122707 -1.87126e+08
-0.00322358 -142798 -2.17763e+08
-1.02712e-05 -153904 -2.34692e+08
-0.00330688 -161545 -2.46331e+08
0.0111846 -164377 -2.5064e+08
6.90319e-05 -164595 -2.50971e+08
-0.00305032 -164704 -2.51134e+08
-0.000149811 -164836 -2.51331e+08
-3.46944e-05 -165004 -2.51581e+08
-3.02278e-05 -164554 -2.50885e+08
-0.000408804 -163197 -2.48804e+08
0.0016127 -161829 -2.46704e+08
0.00137059 -160214 -2.44228e+08
0.000334311 -158208 -2.41154e+08
4.0107e-05 -156346 -2.38298e+08
-0.000186564 -154664 -2.35718e+08
1.85952e-05 -153089 -2.33301e+08
5.84047e-05 -151096 -2.30244e+08
0.000612763 -149275 -2.27451e+08
0.00101308 -147617 -2.24904e+08
0.00150563 -146133 -2.22626e+08
0.00104021 -144786 -2.20555e+08
-0.00466788 -143559 -2.18668e+08
-0.000118657 -142439 -2.16945e+08
-0.0105845 -141032 -2.1478e+08
0.00226901 -139690 -2.12716e+08
0.00293217 -138446 -2.108e+08
-0.00311782 -137296 -2.09028e+08
0.000575617 -136245 -2.07408e+08
-0.00034819 -135269 -2.05901e+08
-3.62402e-06 -134359 -2.04497e+08
-0.000145223 -133511 -2.03187e+08
-0.000216314 -132718 -2.01961e+08
2.35486e-05 -131976 -2.00812e+08
4.68757e-05 -131280 -1.99733e+08
-0.000611398 -130625 -1.98718e+08
-0.0010452 -130010 -1.97762e+08
0.0032785 -129429 -1.9686e+08
-0.0036747 -128825 -1.95921e+08
-0.00211389 -128092 -1.94784e+08
-0.000451117 -127392 -1.93697e+08
0.0019038 -126724 -1.92658e+08
0.00350669 -126087 -1.91667e+08
0.000562799 -125484 -1.90727e+08
-0.0010837 -124916 -1.89842e+08
0.000307864 -124375 -1.88997e+08
0.000188198 -123859 -1.8819e+08
1.19973e-07 -123366 -1.87419e+08
-0.00013742 -122895 -1.86681e+08
-0.000544291 -122445 -1.85976e+08
-0.000611764 -122015 -1.853e+08
-0.000686019 -121603 -1.84652e+08
0.000326516 -121209 -1.84032e+08
0.00341403 -120832 -1.83437e+08
-0.00328246 -120470 -1.82865e+08
0.000693389 -120124 -1.82317e+08
0.000520829 -119791 -1.8179e+08
0.000267472 -119472 -1.81283e+08
0.000154823 -119166 -1.80796e+08
0.00270917 -118871 -1.80327e+08
0.00257621 -118589 -1.79875e+08
0.00239258 -118317 -1.79441e+08
0.0022595 -118056 -1.79022e+08
0.00216121 -117804 -1.78618e+08
0.00208578 -117563 -1.78229e+08
0.00205381 -117328 -1.77851e+08
0.0066356 -117100 -1.77482e+08
0.00641461 -116879 -1.77125e+08
0.00647123 -116665 -1.76779e+08
0.00649976 -116458 -1.76444e+08
0.00651422 -116259 -1.76119e+08
0.00646801 -116065 -1.75803e+08
0.00639616 -115878 -1.75497e+08
-0.00231688 -115696 -1.752e+08
0.0153389 -115520 -1.74911e+08
-0.0018833 -115350 -1.7463e+08
-0.00125404 -115185 -1.74357e+08
-0.00175368 -115025 -1.74092e+08
1.64084e-06 -114829 -1.73771e+08
0.00145974 -114610 -1.73414e+08
0.00330636 -114394 -1.73062e+08
0.00359445 -114183 -1.72717e+08
0.00393293 -113976 -1.72378e+08
0.00315993 -113773 -1.72045e+08
0.0035417 -113574 -1.71717e+08
0.0039458 -113379 -1.71396e+08
0.000289858 -113191 -1.71086e+08
-0.00318194 -113009 -1.70784e+08
-0.00264579 -112831 -1.70488e+08
-0.0091493 -112656 -1.70198e+08
-0.0015565 -112485 -1.69913e+08
-0.000143034 -112317 -1.69633e+08
-0.00207105 -112153 -1.69358e+08
-0.000160506 -111993 -1.69089e+08
-0.0015013 -111836 -1.68825e+08
-0.000743208 -111682 -1.68566e+08
-0.000406703 -111531 -1.68311e+08
0.000282598 -111384 -1.68062e+08
9.821e-05 -111240 -1.67818e+08
-7.98376e-05 -111099 -1.67578e+08
-0.000221952 -110961 -1.67343e+08
-0.000320882 -110827 -1.67112e+08
-0.000404744 -110695 -1.66886e+08
-0.00045848 -110566 -1.66664e+08
-0.000474721 -110440 -1.66446e+08
-0.000484871 -110317 -1.66232e+08
-0.000477803 -110196 -1.66023e+08
-0.000465475 -110078 -1.65817e+08
-0.000445748 -109963 -1.65615e+08
-0.000435237 -109850 -1.65417e+08
-0.000419095 -109739 -1.65223e+08
-0.000407271 -109631 -1.65032e+08
-0.000400703 -109526 -1.64845e+08
0.0040475 -109423 -1.64661e+08
0.00426758 -109321 -1.6448e+08
0.00453134 -109223 -1.64303e+08
0.00470105 -109126 -1.64129e+08
0.00495177 -109031 -1.63958e+08
0.00510152 -108939 -1.63789e+08
0.00527839 -108848 -1.63624e+08
0.00548636 -108759 -1.63462e+08
0.00558469 -108673 -1.63303e+08
0.00573089 -108588 -1.63146e+08
0.00575639 -108505 -1.62992e+08
0.005899 -108424 -1.62841e+08
0.00603316 -108344 -1.62692e+08
0.00608232 -108266 -1.62545e+08
0.00302315 -108190 -1.62402e+08
-0.000440168 -108116 -1.6226e+08
-0.000494796 -108043 -1.62121e+08
-0.000423566 -107971 -1.61984e+08
-0.000681762 -107902 -1.61849e+08
0.00666935 -107833 -1.61717e+08
0.00660285 -107767 -1.61586e+08
0.00651126 -107701 -1.61458e+08
0.00645618 -107637 -1.61332e+08
0.0065649 -107575 -1.61207e+08
0.00650598 -107513 -1.61085e+08
0.0064257 -107453 -1.60965e+08
0.00650143 -107395 -1.60846e+08
0.00629888 -107337 -1.60729e+08
0.00637293 -107281 -1.60614e+08
0.00638009 -107226 -1.60501e+08
0.00633268 -107172 -1.60389e+08
0.00605876 -107120 -1.60279e+08
0.00613683 -107068 -1.60171e+08
0.00610229 -107018 -1.60064e+08
0.00613529 -106969 -1.59959e+08
0.00593496 -106921 -1.59856e+08
0.00585202 -106874 -1.59754e+08
0.00574523 -106828 -1.59653e+08
0.00578305 -106783 -1.59554e+08
0.00562718 -106739 -1.59456e+08
0.00559314 -106696 -1.5936e+08
0.00547666 -106654 -1.59265e+08
0.00527557 -106613 -1.59171e+08
0.00525191 -106572 -1.59079e+08
0.00538896 -106533 -1.58988e+08
0.00519915 -106495 -1.58898e+08
0.00510187 -106458 -1.5881e+08
0.0049593 -106421 -1.58723e+08
0.00502553 -106385 -1.58636e+08
0.00497744 -106351 -1.58552e+08
0.00493158 -106317 -1.58468e+08
0.00504941 -106283 -1.58385e+08
0.00487371 -106251 -1.58304e+08
0.00464363 -106220 -1.58223e+08
0.00460293 -106189 -1.58144e+08
0.00469909 -106159 -1.58065e+08
0.00457954 -106130 -1.57988e+08
0.00461302 -106101 -1.57912e+08
0.00428763 -106073 -1.57836e+08
0.00435508 -106046 -1.57762e+08
0.00418927 -106020 -1.57689e+08
0.00440173 -105994 -1.57616e+08
0.00418853 -105969 -1.57545e+08
0.00400173 -105945 -1.57474e+08
0.00374172 -105922 -1.57405e+08
0.00406705 -105899 -1.57336e+08
0.0038277 -105876 -1.57268e+08
0.00361025 -105855 -1.57201e+08
0.00391932 -105834 -1.57135e+08
0.0035303 -105814 -1.57069e+08
0.00350135 -105794 -1.57005e+08
0.00375012 -105775 -1.56941e+08
0.00330275 -105756 -1.56878e+08
0.00310779 -105738 -1.56816e+08
0.003047 -105721 -1.56754e+08
0.00305187 -105704 -1.56694e+08
0.00248801 -105688 -1.56634e+08
0.00309486 -105673 -1.56575e+08
0.00246433 -105658 -1.56516e+08
0.00296215 -105643 -1.56458e+08
0.00286015 -105629 -1.56401e+08
0.00257735 -105616 -1.56345e+08
0.00241376 -105603 -1.56289e+08
0.0027904 -105591 -1.56234e+08
0.00165386 -105582 -1.56195e+08
