0 0
-0.000494462 1.25
-0.00197785 2.5
-0.00445016 3.75
-0.0079114 5
-0.0123616 6.25
-0.0178007 7.5
-0.0255577 8.75
-0.0701191 10
-0.131114 11.25
-0.178767 12.5
-0.193248 12.8125
-0.207816 13.125
-0.230082 13.5938
-0.263983 14.2969
-0.323864 15.3516
-0.396322 16.6016
-0.487973 17.8516
-0.582124 19.1016
-0.674438 20.3516
-0.7797 21.6016
-0.894225 22.8516
-1.00687 24.1016
-1.11673 25.3516
-1.22509 26.6016
-1.33224 27.8516
-1.46647 29.1016
-1.59949 30.3516
-1.7312 31.6016
-1.86042 32.8516
-1.98865 34.1016
-2.11608 35.3516
-2.24286 36.6016
-2.36915 37.8516
-2.49508 39.1016
-2.62079 40.3516
-2.74639 41.6016
-2.891 42.8516
-3.04372 44.1016
-3.19704 45.3516
-3.35086 46.6016
-3.50419 47.8516
-3.65776 49.1016
-3.81177 50.3516
-3.96624 51.6016
-4.12117 52.8516
-4.27659 54.1016
-4.43252 55.3516
-4.58898 56.6016
-4.746 57.8516
-4.90359 59.1016
-5.06179 60.3516
-5.2206 61.6016
-5.38006 62.8516
-5.54019 64.1016
-5.701 65.3516
-5.86251 66.6016
-6.02474 67.8516
-6.18571 69.1016
-6.34529 70.3516
-6.50544 71.6016
-6.66618 72.8516
-6.82753 74.1016
-6.98952 75.3516
-7.15217 76.6016
-7.3155 77.8516
-7.47953 79.1016
-7.64428 80.3516
-7.8266 81.6016
-8.0149 82.8516
-8.20453 84.1016
-8.39543 85.3516
-8.58759 86.6016
-8.78097 87.8516
-8.97498 89.1016
-9.16932 90.3516
-9.36485 91.6016
-9.56153 92.8516
-9.75932 94.1016
-9.95819 95.3516
-10.1581 96.6016
-10.3591 97.8516
-10.561 99.1016
-10.764 100.352
-10.9679 101.602
-11.1729 102.852
-11.3787 104.102
-11.5856 105.352
-11.7934 106.602
-12.0021 107.852
-12.2118 109.102
-12.4225 110.352
-12.6341 111.602
-12.8466 112.852
-13.0601 114.102
-13.2745 115.352
-13.4898 116.602
-13.7061 117.852
-13.9234 119.102
-14.1416 120.352
-14.3607 121.602
-14.5808 122.852
-14.8019 124.102
-15.0239 125.352
-15.2469 126.602
-15.4708 127.852
-15.6958 129.102
-15.9216 130.352
-16.1485 131.602
-16.3763 132.852
-16.6051 134.102
-16.8349 135.352
-17.0657 136.602
-17.2975 137.852
-17.5302 139.102
-17.7639 140.352
-17.9987 141.602
-18.2344 142.852
-18.4712 144.102
-18.7089 145.352
-18.9477 146.602
-19.1874 147.852
-19.4282 149.102
-19.67 150.352
-19.9128 151.602
-20.1567 152.852
-20.4015 154.102
-20.6474 155.352
-20.8943 156.602
-21.1422 157.852
-21.3912 159.102
-21.6412 160.352
-21.8923 161.602
-22.1443 162.852
-22.3975 164.102
-22.6516 165.352
-22.9068 166.602
-23.1631 167.852
-23.4204 169.102
-23.6787 170.352
-23.9381 171.602
-24.1986 172.852
-24.4601 174.102
-24.7227 175.352
-24.9863 176.602
-25.251 177.852
-25.5168 179.102
-25.7836 180.352
-26.0515 181.602
-26.3204 182.852
-26.5905 184.102
-26.8616 185.352
-27.1337 186.602
-27.407 187.852
-27.6813 189.102
-27.9567 190.352
-28.2332 191.602
-28.5107 192.852
-28.7894 194.102
-29.0691 195.352
-29.3499 196.602
-29.6318 197.852
-29.9147 199.102
-30.1988 200.352
-30.484 201.602
-30.7702 202.852
-31.0575 204.102
-31.346 205.352
-31.6355 206.602
-31.9261 207.852
-32.2178 209.102
-32.5107 210.352
-32.8046 211.602
-33.0996 212.852
-33.3957 214.102
-33.693 215.352
-33.9913 216.602
-34.2907 217.852
-34.5913 219.102
-34.8929 220.352
-35.1957 221.602
-35.4995 222.852
-35.8045 224.102
-36.1106 225.352
-36.4178 226.602
-36.7262 227.852
-37.0356 229.102
-37.3462 230.352
-37.6578 231.602
-37.9706 232.852
-38.2846 234.102
-38.5996 235.352
-38.943 236.602
-39.2818 237.852
-39.6169 239.102
-39.9534 240.352
-40.2908 241.602
-40.6229 242.852
-40.9567 244.102
-41.292 245.352
-41.6291 246.602
-41.968 247.852
-42.3086 249.102
-42.5545 250
