0 0 0
0.000225895 3.70936e-05 2.00888e-21
0.000451813 7.41873e-05 -2.51738e-21
0.000677755 0.000111281 -3.99179e-22
0.00090372 0.000148375 4.47807e-21
0.00112971 0.000185469 5.85214e-21
0.00135572 0.000222563 6.40548e-21
0.00158153 0.000259804 3.40475e-19
0.0017985 0.000300069 -2.66955e-17
0.00205065 0.000344701 -4.00866e-18
0.00244515 0.000396618 -2.84386e-18
0.00254022 0.000409218 -4.38321e-18
0.00264356 0.000421995 1.63056e-16
0.00278907 0.000441475 -1.41294e-17
0.00300032 0.000469195 6.35031e-17
0.00331563 0.000506708 -8.55768e-15
0.00361763 0.000548196 -3.59292e-16
0.00391867 0.000585065 -1.29327e-15
0.00419603 0.00061979 -1.26169e-15
0.00441492 0.000651851 5.98532e-17
0.0046456 0.000681685 3.48261e-15
0.00488925 0.000710055 3.23677e-15
0.00514195 0.000736793 1.37618e-14
0.00529299 0.000763028 1.56486e-14
0.00544494 0.000787621 4.56414e-15
0.00561036 0.000811742 5.65421e-15
0.00578726 0.000835176 -4.02154e-15
0.00597243 0.000857756 -9.95164e-15
0.00616501 0.000879698 -5.43226e-14
0.0063642 0.000901126 -1.18504e-13
0.00656929 0.000922101 -1.25397e-13
0.00677964 0.000942671 -9.87888e-13
0.00689019 0.00096344 -6.07002e-14
0.00699106 0.000983783 -1.48027e-12
0.00709389 0.00100334 -8.83498e-13
0.00720301 0.00102304 -8.8753e-13
0.0073157 0.00104204 -2.92468e-11
0.00743104 0.00106025 -6.2964e-11
0.00754902 0.00107784 3.38355e-11
0.00766954 0.00109488 -1.66881e-10
0.00779251 0.00111149 -3.1413e-10
0.00791782 0.00112769 -5.85678e-10
0.00804535 0.00114355 -4.60516e-11
0.00817499 0.00115908 7.26583e-11
0.00830661 0.00117433 5.84429e-11
0.00844012 0.00118929 3.33663e-11
0.00857539 0.00120399 2.83974e-11
0.00871233 0.00121843 9.51054e-12
0.00885085 0.00123262 8.80748e-12
0.00899784 0.00124747 2.12606e-11
0.00915805 0.00126362 -5.68901e-12
0.00932066 0.00127974 -3.2335e-11
0.0094855 0.00129582 -3.24755e-11
0.00965244 0.00131186 -3.26684e-11
0.00982134 0.00132784 -3.29421e-11
0.00999209 0.00134378 -3.29834e-11
0.0101646 0.00135965 -3.30429e-11
0.01024 0.00137692 -2.89727e-11
0.0103168 0.00139389 -3.17599e-11
0.0103922 0.00141066 -3.16939e-11
0.0104665 0.0014272 -3.174e-11
0.0105401 0.00144348 -3.16987e-11
0.0106187 0.00146081 -3.15333e-11
0.0106969 0.00147767 -3.16684e-11
0.0107746 0.00149407 -3.16183e-11
0.0108521 0.00151005 -3.20714e-11
0.0109296 0.00152567 -3.16329e-11
0.0110072 0.00154098 -3.2406e-11
0.0110852 0.001556 -3.24414e-11
0.0111635 0.00157078 -3.27729e-11
0.0112423 0.00158535 -3.20043e-11
0.0113216 0.00159972 -3.21507e-11
0.0114015 0.00161392 -3.24527e-11
0.0114821 0.00162795 -3.21695e-11
0.0115633 0.00164186 -3.2191e-11
0.0116451 0.00165563 -3.21949e-11
0.0117277 0.00166929 -3.21759e-11
0.011811 0.00168284 -3.21377e-11
0.0118949 0.00169629 -3.21791e-11
0.0119796 0.00170964 -3.22645e-11
0.012065 0.00172291 -3.22518e-11
0.0121511 0.00173609 -3.21022e-11
0.0122379 0.0017492 -3.20972e-11
0.0123254 0.00176222 -3.19794e-11
0.0124135 0.00177517 -3.19527e-11
0.0125023 0.00178804 -3.19475e-11
0.0125917 0.00180085 -3.19438e-11
0.0126818 0.00181357 -3.21191e-11
0.0127724 0.00182623 -3.20911e-11
0.0128637 0.00183882 -3.19297e-11
0.0129556 0.00185134 -3.19418e-11
0.013048 0.00186378 -3.20003e-11
0.013141 0.00187616 -3.20241e-11
0.0132346 0.00188847 -3.19197e-11
0.0133286 0.0019007 -3.1899e-11
0.0134232 0.00191287 -3.18494e-11
0.0135182 0.00192496 -3.1774e-11
0.0136138 0.00193699 -3.17223e-11
0.0137098 0.00194895 -3.17307e-11
0.0138063 0.00196083 -3.17377e-11
0.0139032 0.00197265 -3.17615e-11
0.0140006 0.00198439 -3.17448e-11
0.0140984 0.00199607 -3.17267e-11
0.0141965 0.00200767 -3.17351e-11
0.0142951 0.00201921 -3.16734e-11
0.0143941 0.00203067 -3.16411e-11
0.0144934 0.00204206 -3.15519e-11
0.0145931 0.00205339 -3.15815e-11
0.0146932 0.00206464 -3.15354e-11
0.0147936 0.00207583 -3.16048e-11
0.0148943 0.00208694 -3.15402e-11
0.0149954 0.00209799 -3.13973e-11
0.0150968 0.00210897 -3.15001e-11
0.0151984 0.00211988 -3.13887e-11
0.0153004 0.00213073 -3.13821e-11
0.0154027 0.0021415 -3.13491e-11
0.0155053 0.00215221 -3.13489e-11
0.0156082 0.00216285 -3.14955e-11
0.0157113 0.00217343 -3.12497e-11
0.0158147 0.00218394 -3.1232e-11
0.0159183 0.00219438 -3.09812e-11
0.0160222 0.00220476 -3.1226e-11
0.0161264 0.00221508 -3.13035e-11
0.0162308 0.00222533 -3.10806e-11
0.0163354 0.00223552 -3.11203e-11
0.0164403 0.00224565 -3.10545e-11
0.0165453 0.00225571 -3.08449e-11
0.0166506 0.00226571 -3.12468e-11
0.0167562 0.00227565 -3.12234e-11
0.0168619 0.00228553 -3.12312e-11
0.0169678 0.00229535 -3.09657e-11
0.017074 0.00230511 -3.06584e-11
0.0171803 0.00231481 -3.11658e-11
0.0172868 0.00232445 -3.09389e-11
0.0173935 0.00233404 -3.06478e-11
0.0175004 0.00234356 -3.06039e-11
0.0176075 0.00235303 -3.06091e-11
0.0177148 0.00236245 -3.07131e-11
0.0178222 0.0023718 -3.09973e-11
0.0179299 0.0023811 -3.12529e-11
0.0180376 0.00239035 -3.10084e-11
0.0181456 0.00239954 -3.05096e-11
0.0182537 0.00240868 -3.12516e-11
0.018362 0.00241776 -3.03826e-11
0.0184704 0.00242679 -2.94259e-11
0.018579 0.00243577 -3.02998e-11
0.0186878 0.00244469 -3.04344e-11
0.0187966 0.00245356 -2.98336e-11
0.0189057 0.00246239 -2.99647e-11
0.0190149 0.00247116 -3.12359e-11
0.0191242 0.00247988 -3.03037e-11
0.0192337 0.00248855 -3.07045e-11
0.0193433 0.00249717 -3.04684e-11
0.019453 0.00250575 -2.88438e-11
0.0195629 0.00251427 -2.92317e-11
0.0196666 0.00252372 -2.33774e-11
0.0197584 0.00253492 -5.48701e-12
0.0198496 0.0025463 -1.42374e-11
0.0199401 0.00255784 -2.02784e-11
0.0200298 0.00256953 -1.63947e-11
0.0201188 0.00258139 -7.1804e-12
0.020207 0.00259341 -2.1174e-12
0.0202943 0.00260557 -9.25227e-12
0.0203806 0.00261789 8.7324e-12
0.0204659 0.00263036 -1.82265e-11
0.0205501 0.00264298 -1.03266e-11
0.0206331 0.00265574 3.04636e-12
0.0207147 0.00266863 -2.94453e-11
0.020795 0.00268166 -2.79272e-11
0.0208736 0.00269482 -1.85087e-11
0.0209505 0.0027081 -1.85717e-11
0.0210255 0.00272149 -1.75131e-11
0.0210984 0.00273498 -1.27717e-11
0.0211689 0.00274856 -4.34903e-13
0.0212368 0.00276221 -2.47526e-11
0.0213016 0.00277591 -2.97059e-11
0.021363 0.00278962 -1.46662e-11
0.0214213 0.00280334 -3.77714e-12
0.0214828 0.00281732 -1.52175e-11
0.0215405 0.00283119 -1.76205e-11
0.0215939 0.00284487 -9.13573e-12
0.0216424 0.00285832 9.71825e-11
0.0216856 0.00287144 -1.06254e-10
0.0217225 0.00288411 3.79908e-11
0.0217526 0.00289622 1.98533e-11
0.0217763 0.00290769 1.89256e-11
0.0217987 0.00291883 -7.32824e-12
0.02182 0.00292962 -9.59589e-12
0.0218402 0.00294009 -1.10085e-11
0.0218595 0.00295023 -1.3744e-11
0.0218779 0.00296005 -1.68808e-11
0.0218955 0.00296958 -1.42516e-11
0.0219125 0.00297882 -1.19259e-11
0.0219289 0.00298778 -1.65527e-11
0.0219448 0.00299648 -5.73258e-12
0.0219602 0.00300494 -2.47501e-11
0.0219752 0.00301316 -2.11981e-11
0.0219899 0.00302116 -1.82998e-11
0.0220044 0.00302896 -1.95368e-11
0.0220186 0.00303657 -2.0373e-11
0.0220327 0.003044 -1.98982e-11
0.0220466 0.00305126 -1.70196e-11
0.0220604 0.00305838 -1.9099e-11
0.0220703 0.00306341 -1.98137e-11
