0 0 0
-0.000225871 3.70936e-05 -1.74011e-21
-0.000451719 7.41873e-05 -4.70806e-21
-0.000677544 0.000111281 -6.8229e-21
-0.000903346 0.000148375 -3.81869e-21
-0.00112913 0.000185469 -9.66966e-21
-0.00135488 0.000222563 -1.09534e-20
-0.001587 0.000259592 1.26172e-19
-0.00201224 0.000293938 -8.40311e-17
-0.00252026 0.000327141 -1.42334e-17
-0.00301299 0.000363789 -1.86628e-17
-0.00314774 0.000373033 -3.60856e-17
-0.00328335 0.000382058 -4.17795e-17
-0.00348755 0.000395245 8.5854e-18
-0.00379542 0.000414193 6.34112e-17
-0.00426787 0.000442607 -1.719e-17
-0.00485932 0.000474155 -1.57913e-15
-0.00545273 0.000503106 2.22706e-15
-0.00609107 0.000530774 4.38426e-15
-0.00674893 0.000556367 -6.06452e-15
-0.0074017 0.000580161 4.05358e-15
-0.0080447 0.000603058 -1.44483e-14
-0.00872884 0.000625159 1.04038e-14
-0.00943732 0.000646054 6.36461e-15
-0.0101385 0.000665822 -9.06478e-15
-0.0108299 0.000685064 -4.9368e-14
-0.0115125 0.000703745 -1.44105e-13
-0.0121884 0.000721725 -1.61077e-12
-0.0128583 0.000739113 -2.15268e-12
-0.0135856 0.000756464 -3.05438e-12
-0.0143299 0.000773143 -1.35291e-11
-0.0150688 0.000789205 -3.70758e-11
-0.0158011 0.000804899 -4.89008e-11
-0.016524 0.00082075 -5.09161e-11
-0.0172416 0.000836134 2.27435e-11
-0.0179543 0.000851161 2.36244e-10
-0.0186624 0.00086589 2.6646e-10
-0.0193664 0.000880375 8.9691e-10
-0.0200664 0.00089465 5.45804e-09
-0.0207629 0.00090873 9.96736e-09
-0.0214561 0.000922633 9.64731e-10
-0.0221463 0.000936368 1.08075e-09
-0.0228336 0.000949936 1.14989e-09
-0.0235863 0.000963577 8.02548e-10
-0.0243506 0.000977349 7.4429e-10
-0.0251139 0.00099077 6.55196e-10
-0.025876 0.00100385 5.74326e-10
-0.0266363 0.00101671 4.573e-10
-0.027392 0.00102988 9.51075e-10
-0.0281462 0.00104261 8.99444e-10
-0.028899 0.00105499 1.225e-09
-0.0296504 0.00106704 4.14698e-09
-0.0304004 0.00107883 4.90162e-09
-0.0311491 0.00109038 3.20266e-09
-0.0318964 0.0011017 4.54271e-09
-0.0326424 0.00111284 6.92942e-09
-0.0333872 0.00112379 9.72998e-09
-0.0341309 0.00113458 9.4389e-09
-0.0348734 0.00114523 6.28252e-09
-0.0356149 0.00115573 1.73273e-09
-0.0363553 0.00116609 2.06601e-09
-0.0370947 0.00117633 2.05226e-09
-0.0378332 0.00118644 2.07165e-09
-0.0385708 0.00119643 2.04498e-09
-0.0393075 0.00120631 2.01348e-09
-0.0400435 0.00121608 1.97744e-09
-0.0407786 0.00122574 1.93622e-09
-0.0415131 0.00123529 1.88931e-09
-0.0422438 0.0012451 1.82047e-09
-0.0429643 0.00125597 1.8412e-09
-0.0436837 0.00126682 2.01163e-09
-0.044402 0.00127767 2.00451e-09
-0.0451192 0.0012885 1.98925e-09
-0.0458354 0.00129932 1.98534e-09
-0.0465506 0.00131012 1.97902e-09
-0.047265 0.00132091 1.96389e-09
-0.0479785 0.00133167 1.95292e-09
-0.0486911 0.00134241 1.94941e-09
-0.049403 0.00135312 1.93929e-09
-0.0501141 0.00136381 1.93172e-09
-0.0508245 0.00137448 1.92163e-09
-0.0515914 0.00138557 1.94877e-09
-0.0523672 0.00139708 1.94826e-09
-0.0531439 0.00140851 1.94154e-09
-0.0539213 0.00141987 1.93796e-09
-0.0546994 0.00143115 1.9309e-09
-0.0554781 0.00144232 1.92853e-09
-0.0562574 0.00145339 1.92459e-09
-0.0570366 0.00146447 1.93052e-09
-0.0578124 0.00147622 1.92857e-09
-0.0585889 0.00148773 1.92758e-09
-0.0593658 0.00149903 1.93004e-09
-0.0601431 0.00151013 1.92102e-09
-0.0609206 0.00152105 1.92096e-09
-0.0616985 0.00153179 1.91722e-09
-0.0624765 0.00154238 1.91095e-09
-0.0632546 0.00155283 1.90461e-09
-0.0640328 0.00156314 1.9033e-09
-0.0648111 0.00157334 1.90243e-09
-0.0655894 0.00158342 1.89956e-09
-0.0663676 0.00159341 1.89781e-09
-0.0671458 0.00160329 1.90017e-09
-0.067924 0.0016131 1.89987e-09
-0.068702 0.00162282 1.88661e-09
-0.06948 0.00163247 1.87931e-09
-0.0702579 0.00164204 1.87752e-09
-0.0710356 0.00165155 1.87379e-09
-0.0718132 0.001661 1.86911e-09
-0.0725907 0.0016704 1.86615e-09
-0.073368 0.00167974 1.86437e-09
-0.0741452 0.00168903 1.86177e-09
-0.0749223 0.00169827 1.8584e-09
-0.0756992 0.00170746 1.85449e-09
-0.076476 0.00171661 1.85385e-09
-0.0772526 0.00172572 1.85023e-09
-0.078029 0.00173479 1.84891e-09
-0.0788054 0.00174382 1.84791e-09
-0.0795816 0.00175281 1.84373e-09
-0.0803576 0.00176176 1.84371e-09
-0.0811335 0.00177068 1.83933e-09
-0.0819093 0.00177957 1.83591e-09
-0.082685 0.00178842 1.83007e-09
-0.0834605 0.00179724 1.82451e-09
-0.0842359 0.00180602 1.82713e-09
-0.0850113 0.00181477 1.82335e-09
-0.0857865 0.00182349 1.82124e-09
-0.0865616 0.00183218 1.81079e-09
-0.0873366 0.00184083 1.81131e-09
-0.0881115 0.00184946 1.81279e-09
-0.0888864 0.00185805 1.80955e-09
-0.0896611 0.00186661 1.80351e-09
-0.0904358 0.00187514 1.80299e-09
-0.0912104 0.00188363 1.79843e-09
-0.091985 0.0018921 1.79798e-09
-0.0927595 0.00190054 1.79975e-09
-0.093534 0.00190894 1.78918e-09
-0.0943084 0.00191731 1.78705e-09
-0.0950828 0.00192565 1.79039e-09
-0.0958571 0.00193397 1.78608e-09
-0.0966314 0.00194224 1.79061e-09
-0.0974057 0.00195049 1.78894e-09
-0.09818 0.00195871 1.78505e-09
-0.0989543 0.00196689 1.77696e-09
-0.0997285 0.00197505 1.77368e-09
-0.100503 0.00198317 1.76857e-09
-0.101277 0.00199126 1.76804e-09
-0.102051 0.00199932 1.76759e-09
-0.102826 0.00200735 1.76683e-09
-0.1036 0.00201535 1.75973e-09
-0.104374 0.00202331 1.7605e-09
-0.105149 0.00203125 1.75847e-09
-0.105923 0.00203915 1.75554e-09
-0.106697 0.00204702 1.75654e-09
-0.107472 0.00205486 1.74871e-09
-0.108246 0.00206267 1.74945e-09
-0.109021 0.00207045 1.74507e-09
-0.109795 0.0020782 1.74326e-09
-0.11057 0.00208591 1.74117e-09
-0.111345 0.0020936 1.73772e-09
-0.11212 0.00210125 1.72949e-09
-0.112894 0.00210888 1.73221e-09
-0.113669 0.00211647 1.72861e-09
-0.114444 0.00212403 1.72809e-09
-0.115219 0.00213156 1.72456e-09
-0.115995 0.00213906 1.72289e-09
-0.11677 0.00214653 1.71832e-09
-0.117545 0.00215397 1.72154e-09
-0.118321 0.00216138 1.71955e-09
-0.119096 0.00216876 1.7189e-09
-0.119872 0.00217611 1.71339e-09
-0.120648 0.00218343 1.70886e-09
-0.121423 0.00219072 1.70593e-09
-0.122199 0.00219799 1.70662e-09
-0.122975 0.00220522 1.70508e-09
-0.123752 0.00221242 1.70461e-09
-0.124528 0.00221959 1.69755e-09
-0.125304 0.00222674 1.69607e-09
-0.126081 0.00223385 1.69689e-09
-0.126857 0.00224094 1.6934e-09
-0.127634 0.002248 1.69063e-09
-0.128411 0.00225503 1.68787e-09
-0.129188 0.00226203 1.68679e-09
-0.129965 0.002269 1.68689e-09
-0.130743 0.00227595 1.68358e-09
-0.13152 0.00228287 1.68184e-09
-0.132298 0.00228976 1.67626e-09
-0.133076 0.00229662 1.67926e-09
-0.133854 0.00230345 1.68011e-09
-0.134632 0.00231026 1.67709e-09
-0.13541 0.00231704 1.67351e-09
-0.136188 0.0023238 1.66632e-09
-0.136967 0.00233052 1.6641e-09
-0.137745 0.00233723 1.66632e-09
-0.138524 0.0023439 1.66315e-09
-0.139303 0.00235055 1.66396e-09
-0.140082 0.00235717 1.6618e-09
-0.140862 0.00236377 1.65766e-09
-0.141641 0.00237034 1.65426e-09
-0.142421 0.00237688 1.65515e-09
-0.143201 0.0023834 1.65655e-09
-0.143981 0.0023899 1.65375e-09
-0.144761 0.00239637 1.64937e-09
-0.145541 0.00240281 1.64691e-09
-0.146102 0.00240743 1.64685e-09
