0 0 0
0.000225895 3.70936e-05 2.44534e-21
0.000451813 7.41873e-05 -5.20015e-21
0.000677755 0.000111281 -7.83852e-22
0.00090372 0.000148375 5.83946e-21
0.00112971 0.000185469 9.93602e-21
0.00135572 0.000222563 1.00807e-21
0.00158089 0.00025969 1.0714e-18
0.00178124 0.0002968 7.49409e-18
0.00197785 0.000334707 -7.7591e-18
0.00230362 0.000378042 -1.20277e-17
0.00238112 0.000388735 -4.51849e-18
0.00245862 0.000399245 1.79816e-16
0.00257438 0.000414406 -5.34341e-16
0.00275706 0.000437699 -8.18022e-17
0.00300841 0.000470612 -1.309e-16
0.00330472 0.000505899 7.36884e-17
0.0035456 0.00053931 -2.43259e-16
0.00378031 0.000569565 -8.7404e-16
0.00402169 0.000597864 -3.07353e-15
0.00422277 0.000625039 -3.4362e-15
0.00439522 0.000650386 -1.53895e-14
0.00457477 0.000674214 -6.93264e-14
0.00476464 0.000697417 -5.70638e-15
0.00496108 0.000719478 2.01916e-14
0.00516346 0.000740626 -3.17598e-14
0.00527664 0.000761572 -4.86134e-14
0.00539585 0.000781463 1.27011e-15
0.00552162 0.000800639 2.22836e-14
0.00565811 0.000819942 -2.63083e-14
0.00580048 0.000838567 -8.89744e-14
0.00594827 0.000856678 -2.14082e-13
0.00610104 0.000874387 1.35903e-13
0.00625836 0.000891755 -7.59344e-13
0.00641984 0.000908833 -1.70534e-12
0.00658512 0.000925643 -3.72726e-12
0.00675389 0.000942202 -7.84378e-12
0.00685926 0.0009586 -3.26992e-11
0.00693977 0.000975242 7.1829e-12
0.00702136 0.000991365 7.37201e-12
0.00710434 0.001007 1.59739e-11
0.00719208 0.00102289 5.72625e-11
0.00728224 0.00103834 2.69616e-11
0.00737415 0.00105324 6.77437e-11
0.00746782 0.00106771 8.81802e-11
0.0075632 0.00108178 1.5719e-10
0.00766027 0.00109553 1.69023e-11
0.00775897 0.00110898 1.37811e-11
0.00785923 0.00112217 1.15641e-11
0.00796101 0.00113513 1.38127e-11
0.00806424 0.00114787 2.36886e-10
0.00816886 0.00116041 3.07886e-10
0.0082748 0.00117276 1.07069e-10
0.00838201 0.00118492 9.75263e-11
0.00849043 0.00119692 8.40813e-11
0.00860001 0.00120874 8.11879e-11
0.00871069 0.00122041 8.03544e-11
0.00882241 0.00123191 7.98948e-11
0.00894233 0.00124416 6.34608e-11
0.00907081 0.00125726 6.83176e-11
0.00920094 0.00127034 6.54525e-11
0.00933263 0.00128339 6.65371e-11
0.00946581 0.00129642 6.74082e-11
0.00960039 0.00130943 6.82651e-11
0.00973631 0.00132241 6.90669e-11
0.00987349 0.00133535 7.01486e-11
0.0100119 0.00134826 7.11449e-11
0.0101514 0.00136113 7.20142e-11
0.0102321 0.00137407 5.87051e-11
0.0102954 0.00138789 6.31973e-11
0.0103576 0.00140159 6.40765e-11
0.010419 0.00141517 6.47786e-11
0.0104797 0.0014286 6.59181e-11
0.0105399 0.00144187 6.6407e-11
0.0106014 0.00145541 6.62241e-11
0.0106655 0.00146937 6.68239e-11
0.0107291 0.00148301 6.75281e-11
0.0107924 0.00149635 6.7931e-11
0.0108555 0.00150941 6.84989e-11
0.0109186 0.00152222 6.89121e-11
0.0109817 0.00153481 6.96124e-11
0.0110449 0.00154721 6.9965e-11
0.0111083 0.00155942 7.02451e-11
0.011172 0.00157147 7.3026e-11
0.0112359 0.00158338 7.06501e-11
0.0113002 0.00159515 7.12407e-11
0.0113649 0.0016068 7.11895e-11
0.0114299 0.00161833 7.14195e-11
0.0114953 0.00162977 7.15293e-11
0.0115612 0.00164111 7.16313e-11
0.0116275 0.00165237 7.19046e-11
0.0116942 0.00166354 7.22083e-11
0.0117614 0.00167464 7.24172e-11
0.0118291 0.00168567 7.24497e-11
0.0118972 0.00169663 7.26124e-11
0.0119658 0.00170753 7.27216e-11
0.0120349 0.00171838 7.28918e-11
0.0121044 0.00172916 7.316e-11
0.0121744 0.00173989 7.32804e-11
0.0122448 0.00175057 7.34717e-11
0.0123157 0.0017612 7.37175e-11
0.0123871 0.00177177 7.38279e-11
0.0124588 0.0017823 7.39294e-11
0.0125311 0.00179278 7.4162e-11
0.0126037 0.00180321 7.42407e-11
0.0126768 0.0018136 7.43261e-11
0.0127503 0.00182393 7.45493e-11
0.0128242 0.00183423 7.47028e-11
0.0128984 0.00184447 7.47716e-11
0.0129731 0.00185467 7.47657e-11
0.0130482 0.00186483 7.4876e-11
0.0131236 0.00187493 7.50367e-11
0.0131994 0.001885 7.51389e-11
0.0132756 0.00189502 7.51666e-11
0.0133521 0.00190499 7.52066e-11
0.0134289 0.00191491 7.5499e-11
0.0135061 0.00192479 7.57032e-11
0.0135836 0.00193463 7.57907e-11
0.0136615 0.00194442 7.59119e-11
0.0137396 0.00195416 7.59667e-11
0.0138181 0.00196386 7.6041e-11
0.0138968 0.00197351 7.61342e-11
0.0139759 0.00198312 7.61845e-11
0.0140552 0.00199268 7.62929e-11
0.0141349 0.00200219 7.64496e-11
0.0142148 0.00201166 7.65092e-11
0.0142949 0.00202108 7.66164e-11
0.0143753 0.00203046 7.67672e-11
0.014456 0.00203979 7.6669e-11
0.014537 0.00204908 7.68117e-11
0.0146181 0.00205832 7.68447e-11
0.0146996 0.00206752 7.70554e-11
0.0147812 0.00207666 7.70252e-11
0.0148631 0.00208577 7.71269e-11
0.0149452 0.00209483 7.73534e-11
0.0150276 0.00210384 7.72374e-11
0.0151101 0.00211281 7.70631e-11
0.0151929 0.00212174 7.7467e-11
0.0152758 0.00213062 7.73259e-11
0.015359 0.00213946 7.74025e-11
0.0154424 0.00214825 7.76292e-11
0.0155259 0.002157 7.75652e-11
0.0156097 0.0021657 7.76816e-11
0.0156936 0.00217437 7.77854e-11
0.0157778 0.00218298 7.7654e-11
0.0158621 0.00219156 7.79499e-11
0.0159466 0.00220009 7.80609e-11
0.0160312 0.00220859 7.78981e-11
0.0161161 0.00221704 7.75977e-11
0.0162011 0.00222544 7.77944e-11
0.0162862 0.00223381 7.781e-11
0.0163716 0.00224213 7.78926e-11
0.016457 0.00225042 7.78769e-11
0.0165427 0.00225866 7.79858e-11
0.0166285 0.00226686 7.83051e-11
0.0167144 0.00227502 7.83637e-11
0.0168005 0.00228314 7.80261e-11
0.0168868 0.00229123 7.81016e-11
0.0169731 0.00229927 7.80008e-11
0.0170597 0.00230727 7.75456e-11
0.0171463 0.00231524 7.74657e-11
0.0172331 0.00232316 7.81164e-11
0.0173201 0.00233105 7.86417e-11
0.0174071 0.0023389 7.77944e-11
0.0174943 0.00234671 7.86365e-11
0.0175817 0.00235449 7.81653e-11
0.0176691 0.00236223 7.83307e-11
0.0177567 0.00236993 7.77368e-11
0.0178444 0.00237759 7.80758e-11
0.0179322 0.00238522 7.77092e-11
0.0180202 0.00239281 7.82969e-11
0.0181082 0.00240036 7.81584e-11
0.0181964 0.00240788 7.85084e-11
0.0182847 0.00241537 7.80369e-11
0.0183731 0.00242282 7.77906e-11
0.0184616 0.00243023 7.75821e-11
0.0185502 0.00243761 7.85915e-11
0.018639 0.00244496 7.78953e-11
0.0187278 0.00245227 7.79886e-11
0.0188168 0.00245955 7.80276e-11
0.0189058 0.00246679 7.82058e-11
0.018995 0.002474 7.82382e-11
0.0190843 0.00248118 7.84531e-11
0.0191736 0.00248833 7.90747e-11
0.0192631 0.00249544 7.81399e-11
0.0193527 0.00250252 7.84038e-11
0.0194423 0.00250957 7.83494e-11
0.0195321 0.00251659 7.80461e-11
0.0196219 0.00252357 7.89701e-11
0.0197119 0.00253052 7.71747e-11
0.019802 0.00253745 7.68681e-11
0.0198921 0.00254434 7.85221e-11
0.019886 0.00256659 6.64139e-11
0.0198998 0.00257724 6.62131e-11
0.0199313 0.00258765 5.39502e-11
0.0199617 0.00259805 5.18433e-11
0.019993 0.00260846 4.87466e-11
0.0200472 0.00261904 4.94706e-11
0.0200998 0.00262966 6.12129e-11
0.0201506 0.00264031 5.32533e-11
0.0201996 0.00265098 5.7159e-11
0.0202464 0.00266164 4.89352e-11
0.0202911 0.00267228 4.637e-11
0.0203219 0.0026799 5.28348e-11
