0 0 0
43.1504 2.72524 5.14043e-17
86.3053 5.45049 -5.30899e-17
129.465 8.17573 -1.35527e-16
172.629 10.901 4.50794e-16
215.797 13.6262 -2.05357e-16
258.97 16.3515 2.41302e-16
302.04 19.0811 -4.15711e-14
341.293 21.88 -2.25136e-13
371.396 24.0266 1.94327e-15
371.642 22.7468 7.77828e-13
371.692 22.4815 -8.37138e-13
371.742 22.2116 4.29726e-14
371.831 21.7379 -5.78545e-12
371.928 21.2217 3.24514e-12
372.067 20.5066 7.79769e-12
372.226 19.7204 -9.71865e-09
372.312 19.4067 5.94372e-10
372.437 18.8996 5.27169e-10
372.573 18.3753 4.35288e-10
372.608 18.4708 8.80287e-10
372.684 18.3514 4.23665e-10
372.792 18.0843 3.72367e-10
372.928 17.6948 8.36892e-10
373.086 17.2253 1.68247e-09
373.101 17.5561 1.48405e-09
373.131 17.7977 1.11023e-09
373.189 17.8948 -4.67927e-12
373.273 17.8747 3.85163e-10
373.381 17.7463 1.47664e-09
373.509 17.5392 -3.59202e-09
373.654 17.276 1.07476e-07
373.813 16.9732 2.85975e-07
373.984 16.6439 7.09592e-07
374.165 16.2978 1.95815e-06
374.305 16.1761 3.31027e-06
374.313 16.6748 4.13002e-05
374.332 17.092 -1.60839e-06
374.363 17.4307 -3.4855e-06
374.407 17.7112 -1.30947e-05
374.465 17.9172 -2.07208e-06
374.538 18.0484 -9.42653e-06
374.623 18.1168 -2.01908e-05
374.72 18.1325 -5.07698e-05
374.828 18.104 -1.57279e-07
374.945 18.0382 -1.13754e-06
375.07 17.9413 1.33158e-05
375.204 17.8186 2.71759e-05
375.344 17.6744 1.8524e-05
375.49 17.5125 1.42927e-05
375.643 17.3359 6.53684e-06
375.801 17.1476 4.72341e-06
375.964 16.9498 4.15698e-06
376.131 16.7446 3.89945e-06
376.303 16.5338 3.69098e-06
376.479 16.3187 2.99785e-06
376.678 16.1042 3.34852e-07
376.883 15.8949 -7.6537e-07
377.092 15.6888 -6.80216e-07
377.306 15.4873 -5.63102e-07
377.525 15.2907 -4.46203e-07
377.749 15.099 -3.75142e-07
377.977 14.9124 -3.30484e-07
378.21 14.731 -2.47333e-07
378.356 14.8074 -3.31117e-07
378.398 15.3123 -2.83331e-07
378.44 15.793 -1.88626e-07
378.481 16.248 -1.04217e-07
378.524 16.6767 -3.04322e-08
378.567 17.0787 6.26111e-08
378.614 17.4683 -3.51083e-08
378.666 17.8391 6.11133e-08
378.723 18.1709 1.86059e-07
378.784 18.4662 3.36648e-07
378.85 18.7281 4.22961e-07
378.92 18.959 5.32249e-07
378.996 19.1612 6.38699e-07
379.076 19.3374 6.34996e-07
379.161 19.4897 5.76835e-07
379.25 19.6194 6.24663e-07
379.344 19.7289 9.25003e-07
379.442 19.8192 8.23103e-07
379.544 19.8924 8.40544e-07
379.65 19.9495 8.64163e-07
379.76 19.9919 9.02989e-07
379.874 20.0204 9.06826e-07
379.992 20.0368 9.29464e-07
380.113 20.0416 9.46198e-07
380.237 20.0361 9.55765e-07
380.364 20.021 9.62705e-07
380.494 19.997 9.71319e-07
380.627 19.965 9.77319e-07
380.763 19.9257 9.87423e-07
380.902 19.8797 9.85388e-07
381.043 19.8275 9.92308e-07
381.186 19.7698 9.9553e-07
381.332 19.7071 9.96181e-07
381.48 19.6398 1.00416e-06
381.63 19.5684 1.00376e-06
381.782 19.4933 9.97788e-07
381.936 19.4149 9.9149e-07
382.092 19.3334 9.97755e-07
382.25 19.2493 1.00111e-06
382.41 19.1629 9.95514e-07
382.571 19.0743 9.82401e-07
382.734 18.9839 9.82833e-07
382.898 18.8918 9.74844e-07
383.064 18.7983 9.78104e-07
383.232 18.7037 9.83285e-07
383.4 18.608 9.687e-07
383.571 18.5113 9.60576e-07
383.742 18.414 9.4869e-07
383.915 18.3161 9.4424e-07
384.089 18.2178 9.43915e-07
384.264 18.1191 9.4523e-07
384.441 18.0202 9.37898e-07
384.619 17.9211 9.20193e-07
384.797 17.822 9.11444e-07
384.977 17.7229 9.09346e-07
385.158 17.6239 9.01929e-07
385.34 17.525 8.89087e-07
385.524 17.4264 8.77399e-07
385.708 17.3281 8.72567e-07
385.893 17.2301 8.70692e-07
386.079 17.1324 8.70449e-07
386.266 17.0352 8.60318e-07
386.454 16.9384 8.51487e-07
386.643 16.8421 8.51399e-07
386.833 16.7463 8.5146e-07
387.024 16.651 8.37102e-07
387.215 16.5563 8.35605e-07
387.408 16.4622 8.2937e-07
387.601 16.3686 8.19024e-07
387.795 16.2756 8.06238e-07
387.99 16.1833 7.96594e-07
388.186 16.0916 8.032e-07
388.382 16.0005 7.987e-07
388.579 15.9101 7.77855e-07
388.777 15.8203 7.9721e-07
388.976 15.7312 7.59585e-07
389.175 15.6428 7.71669e-07
389.376 15.555 7.72515e-07
389.577 15.4679 7.58839e-07
389.778 15.3814 7.382e-07
389.98 15.2957 7.17405e-07
390.183 15.2106 7.5316e-07
390.387 15.1261 7.34385e-07
390.591 15.0424 7.23484e-07
390.796 14.9593 7.38149e-07
391.001 14.8768 6.86501e-07
391.207 14.7951 6.84289e-07
391.414 14.7139 7.16054e-07
391.621 14.6335 6.82808e-07
391.829 14.5537 6.71793e-07
392.038 14.4745 6.74683e-07
392.247 14.396 6.83274e-07
392.456 14.3181 6.83191e-07
392.666 14.2408 6.66216e-07
392.877 14.1642 6.64991e-07
393.088 14.0882 6.7208e-07
393.299 14.0128 6.43241e-07
393.512 13.938 6.19258e-07
393.724 13.8639 6.11195e-07
393.937 13.7903 6.22663e-07
394.151 13.7173 6.06353e-07
394.365 13.645 6.02909e-07
394.579 13.5732 6.05614e-07
394.794 13.502 6.26684e-07
395.01 13.4313 6.33065e-07
395.226 13.3612 6.00342e-07
395.442 13.2917 6.22638e-07
395.659 13.2228 5.34819e-07
395.876 13.1544 6.65689e-07
396.093 13.0865 6.29495e-07
396.311 13.0192 5.99344e-07
396.529 12.9524 5.33296e-07
396.748 12.8862 5.3804e-07
396.967 12.8204 5.24962e-07
397.186 12.7552 5.67174e-07
397.406 12.6905 5.52219e-07
397.568 12.8853 -1.30834e-06
397.732 13.0663 -1.30514e-06
397.895 13.2471 6.79189e-07
398.057 13.4282 -1.2366e-06
398.217 13.6098 -1.78947e-06
398.376 13.7922 -7.83804e-07
398.533 13.9758 -1.35747e-06
398.688 14.1609 -1.82513e-06
398.841 14.3477 -9.71912e-07
398.993 14.5367 -9.88824e-07
399.142 14.7281 -1.37845e-06
399.289 14.9224 -1.16332e-06
399.434 15.12 -2.65606e-06
399.576 15.3213 -3.44384e-06
399.715 15.5268 -1.12465e-06
399.851 15.7369 -1.3887e-06
399.983 15.9523 -2.316e-06
400.112 16.1735 -1.05853e-06
400.237 16.4014 -1.65012e-06
400.357 16.6365 -1.10788e-06
400.472 16.8798 -2.88951e-06
400.581 17.1321 2.378e-07
400.685 17.3947 -2.42481e-06
400.756 17.5903 -1.43507e-06
