0 0 0
-0.000225871 3.70936e-05 -9.68602e-22
-0.000451719 7.41873e-05 -2.5582e-21
-0.000677544 0.000111281 -1.14366e-21
-0.000903346 0.000148375 -2.99686e-21
-0.00112913 0.000185469 -1.14469e-20
-0.00135488 0.000222563 8.25981e-22
-0.00159165 0.000259912 -3.54627e-19
-0.00216284 0.000303529 -1.88357e-18
-0.00292806 0.000356453 2.26742e-18
-0.00391272 0.000418795 2.1348e-15
-0.00419212 0.000435549 2.33285e-16
-0.00448688 0.000452081 1.12814e-15
-0.00493129 0.000475444 -2.06167e-16
-0.00559751 0.000507561 4.81089e-16
-0.0067403 0.000552767 7.20521e-16
-0.00805626 0.000599142 -1.12126e-15
-0.00948713 0.000642262 -1.59569e-16
-0.0108939 0.000680935 -4.20891e-15
-0.0122459 0.000716897 -9.82886e-15
-0.0136459 0.000751272 -7.12127e-15
-0.0151216 0.000783195 -3.39602e-15
-0.0165545 0.000813938 -2.88678e-15
-0.0179529 0.000843411 -3.45207e-15
-0.0193257 0.000871608 2.5761e-14
-0.0206771 0.000898871 1.12044e-14
-0.0220107 0.000925369 -4.14127e-14
-0.0233973 0.000951533 -2.7814e-14
-0.0248755 0.000977583 -3.75421e-13
-0.0263443 0.00100231 -2.18489e-13
-0.0277957 0.00102717 5.07155e-14
-0.0292376 0.00105063 1.41035e-13
-0.0306709 0.00107298 1.91491e-13
-0.0320962 0.00109445 3.87469e-13
-0.0335143 0.00111521 6.94695e-13
-0.0349257 0.00113536 1.77447e-12
-0.0363311 0.00115498 -7.35231e-13
-0.0377309 0.00117412 1.36208e-12
-0.0391257 0.00119282 4.90662e-13
-0.040516 0.00121109 3.98715e-13
-0.0419021 0.00122897 3.83124e-13
-0.0432721 0.001248 1.02699e-11
-0.0446265 0.00126825 2.59402e-12
-0.045976 0.00128846 -1.6426e-12
-0.0473211 0.0013086 1.80547e-12
-0.0486623 0.00132865 -2.70145e-12
-0.0499998 0.00134861 -5.96264e-13
-0.0514511 0.00136956 1.24687e-11
-0.0529159 0.00139077 1.50177e-11
-0.0543822 0.00141162 1.12409e-11
-0.0558494 0.00143208 9.55222e-12
-0.0573096 0.00145359 -2.95353e-12
-0.0587695 0.00147454 -1.72572e-12
-0.0602296 0.00149476 -4.48213e-12
-0.0616895 0.00151439 -3.75347e-12
-0.0631488 0.0015335 -7.59061e-12
-0.0646073 0.00155218 -8.63657e-12
-0.0660649 0.00157049 -9.10575e-12
-0.0675213 0.00158847 -5.07775e-11
-0.0689765 0.00160618 -2.14317e-11
-0.0704305 0.00162364 -7.04321e-12
-0.0718832 0.00164089 -4.93905e-12
-0.0733347 0.00165796 -4.33245e-12
-0.0747848 0.00167485 -3.86484e-12
-0.0762336 0.00169158 -3.46528e-12
-0.0776812 0.00170817 -3.92768e-12
-0.0791276 0.00172463 -3.73541e-12
-0.0805728 0.00174095 -5.0391e-12
-0.0820169 0.00175715 -4.1568e-12
-0.0834599 0.00177324 -4.45155e-12
-0.0849018 0.00178921 -4.08731e-12
-0.0863427 0.00180506 -3.56467e-12
-0.0877826 0.0018208 -1.50508e-12
-0.0892216 0.00183643 -3.66061e-12
-0.0906598 0.00185195 -3.31912e-12
-0.0920971 0.00186736 -2.71665e-12
-0.0935336 0.00188266 -3.4565e-12
-0.0949694 0.00189785 -2.10998e-12
-0.0964046 0.00191292 -3.71305e-12
-0.097839 0.00192789 -2.04624e-12
-0.0992728 0.00194275 -2.5079e-12
-0.100706 0.00195749 -4.28585e-12
-0.102139 0.00197213 -4.44975e-12
-0.103571 0.00198665 -5.36526e-12
-0.105003 0.00200106 -4.0725e-12
-0.106434 0.00201536 -3.15116e-12
-0.107865 0.00202955 -3.23857e-12
-0.109295 0.00204363 -3.66635e-12
-0.110725 0.0020576 -3.84367e-12
-0.112155 0.00207147 -3.99658e-12
-0.113584 0.00208522 -4.11903e-12
-0.115013 0.00209887 -3.72201e-12
-0.116442 0.00211241 -3.48517e-12
-0.117871 0.00212584 -3.70415e-12
-0.119299 0.00213916 -3.65036e-12
-0.120727 0.00215238 -2.13861e-12
-0.122155 0.0021655 -3.68769e-12
-0.123583 0.00217852 -1.97658e-12
-0.125011 0.00219143 -3.35382e-12
-0.126438 0.00220424 -2.30457e-12
-0.127866 0.00221695 -3.47869e-12
-0.129293 0.00222956 -3.0495e-12
-0.13072 0.00224207 -7.70691e-13
-0.132147 0.00225449 -5.72244e-12
-0.133574 0.00226681 -3.31954e-12
-0.135001 0.00227903 -9.51999e-13
-0.136428 0.00229116 -6.97623e-12
-0.137855 0.00230319 -4.08927e-12
-0.139282 0.00231514 -8.62797e-12
-0.140709 0.00232699 -1.36475e-12
-0.142136 0.00233875 -3.81654e-12
-0.143563 0.00235042 -1.70004e-12
-0.14499 0.00236201 -4.01003e-12
-0.146417 0.0023735 6.58299e-12
-0.147844 0.00238491 -4.45642e-12
-0.149271 0.00239624 1.76081e-12
-0.150698 0.00240748 1.5237e-12
-0.152125 0.00241864 -1.13726e-11
-0.153553 0.00242972 -7.1243e-12
-0.15498 0.00244071 1.61602e-11
-0.156408 0.00245163 3.62969e-12
-0.157835 0.00246246 -2.33245e-11
-0.159263 0.00247322 -9.52667e-12
-0.160691 0.00248389 -4.3213e-12
-0.162119 0.0024945 2.45203e-12
-0.163574 0.00250886 -1.66163e-11
-0.165027 0.00252318 1.46529e-10
-0.166483 0.00253775 1.41107e-10
-0.167939 0.00255257 1.34139e-10
-0.169398 0.00256764 1.8654e-10
-0.170859 0.00258294 7.92185e-11
-0.172321 0.00259849 2.34807e-10
-0.173786 0.00261426 2.66183e-10
-0.175253 0.00263024 -1.47802e-10
-0.176724 0.00264644 7.53092e-11
-0.178197 0.00266284 -3.22499e-10
-0.179674 0.00267941 -7.35279e-11
-0.181154 0.00269613 -6.85964e-11
-0.182639 0.00271298 -1.6173e-10
-0.18413 0.00272991 5.89248e-11
-0.185626 0.00274687 -4.54597e-11
-0.187128 0.00276382 1.01455e-11
-0.188627 0.00278108 -6.43978e-10
-0.190134 0.00279807 8.19811e-10
-0.191649 0.00281466 -4.91726e-10
-0.193175 0.00283066 1.92153e-11
-0.194711 0.00284582 9.91977e-11
-0.196258 0.00286007 6.29003e-10
-0.197807 0.00287379 1.97336e-11
-0.199359 0.00288698 -3.73021e-11
-0.200913 0.00289966 -1.08026e-10
-0.202468 0.00291185 2.90939e-11
-0.204026 0.00292356 3.3455e-11
-0.205585 0.00293483 1.06382e-10
-0.207146 0.00294567 2.44321e-10
-0.208708 0.00295613 6.46873e-11
-0.210271 0.00296623 1.23605e-10
-0.211835 0.00297599 1.3363e-10
-0.2134 0.00298544 1.36657e-10
-0.214966 0.0029948 2.11609e-12
-0.216533 0.00300352 1.25733e-10
-0.2181 0.00301218 1.48061e-10
-0.219668 0.00302062 1.1964e-10
-0.221236 0.00302887 1.30192e-10
-0.222805 0.00303694 1.23754e-10
-0.224374 0.00304485 1.2953e-10
-0.225943 0.0030526 1.43561e-10
-0.227513 0.00306022 1.48991e-10
-0.229084 0.00306772 1.52272e-10
-0.230654 0.0030751 1.5884e-10
-0.232225 0.00308239 1.72961e-10
-0.233797 0.00308957 1.7853e-10
-0.235368 0.00309668 1.63805e-10
-0.23694 0.0031037 1.67442e-10
-0.238512 0.00311065 1.87737e-10
-0.240085 0.00311753 1.81559e-10
-0.241657 0.00312436 1.91e-10
-0.24323 0.00313113 1.85806e-10
-0.244804 0.00313785 1.91419e-10
-0.246377 0.00314451 2.07936e-10
-0.247951 0.00315114 2.11662e-10
-0.249525 0.00315772 1.98205e-10
-0.251099 0.00316427 2.04539e-10
-0.252674 0.00317078 2.23901e-10
-0.254249 0.00317726 2.1825e-10
-0.255824 0.0031837 2.05222e-10
-0.2574 0.00319012 2.29761e-10
-0.258976 0.00319651 2.15075e-10
-0.260552 0.00320287 2.43587e-10
-0.262129 0.00320921 2.43541e-10
-0.263706 0.00321552 2.38975e-10
-0.265283 0.00322181 2.64534e-10
-0.266861 0.00322809 2.76988e-10
-0.268438 0.00323433 2.46464e-10
-0.270017 0.00324057 2.60933e-10
-0.271595 0.00324678 2.65655e-10
-0.273174 0.00325298 2.87372e-10
-0.274754 0.00325915 2.52909e-10
-0.276333 0.00326532 2.69531e-10
-0.277913 0.00327146 2.68305e-10
-0.279494 0.00327759 2.39875e-10
-0.281074 0.00328371 2.60883e-10
-0.282655 0.00328981 2.3988e-10
-0.283792 0.00329419 2.78193e-10
