0 0 0
-0.000225871 3.70936e-05 -8.09521e-22
-0.000451719 7.41873e-05 -2.35898e-21
-0.000677544 0.000111281 -1.81097e-21
-0.000903346 0.000148375 4.19864e-21
-0.00112913 0.000185469 -1.02365e-20
-0.00135488 0.000222563 -9.32025e-21
-0.00158836 0.000259591 8.18032e-20
-0.00201955 0.000294205 8.24349e-18
-0.00253612 0.000327835 -5.14623e-19
-0.00303496 0.000364829 -4.288e-18
-0.00317247 0.000374204 5.71718e-17
-0.00331092 0.000383357 5.44167e-18
-0.00351921 0.000396757 -2.84785e-16
-0.00383314 0.00041601 -2.88658e-17
-0.00432165 0.000444985 -1.17727e-16
-0.0049272 0.000476939 -1.21728e-15
-0.00553412 0.000506267 1.81131e-15
-0.00619871 0.00053434 1.14617e-14
-0.0068714 0.00056017 1.02449e-14
-0.00753758 0.000584317 9.31022e-14
-0.00819394 0.000607433 5.69669e-15
-0.00891394 0.000629824 3.18121e-14
-0.00963719 0.000650853 -2.59154e-15
-0.0103525 0.000670784 -6.98535e-15
-0.0110563 0.000690424 -6.79594e-14
-0.0117522 0.000709266 -1.06059e-12
-0.0124414 0.000727432 -1.42361e-12
-0.0131394 0.000745187 -1.31411e-12
-0.0139042 0.000762665 -4.76838e-12
-0.0146634 0.000779416 -1.14872e-11
-0.0154165 0.000795577 -1.75952e-11
-0.0161603 0.000811796 -3.98914e-11
-0.0168969 0.000827743 -1.00106e-10
-0.017628 0.000843272 -1.09592e-09
-0.0183542 0.000858456 -9.34995e-10
-0.0190758 0.00087337 -2.94734e-09
-0.0197932 0.000888052 4.05806e-10
-0.0205067 0.000902523 1.17815e-09
-0.0212166 0.000916799 2.43248e-09
-0.0219232 0.0009309 4.4669e-09
-0.0226267 0.000944825 2.04849e-09
-0.0233794 0.000958679 1.39558e-09
-0.0241614 0.000972818 -3.07556e-11
-0.0249422 0.000986591 -1.56381e-10
-0.0257218 0.00100001 -8.80595e-10
-0.0264999 0.0010131 -4.225e-09
-0.0272727 0.0010266 1.44091e-09
-0.0280441 0.00103966 7.11272e-10
-0.0288139 0.00105232 2.17687e-09
-0.0295821 0.00106465 1.49587e-08
-0.0303489 0.0010767 1.38341e-09
-0.0311143 0.0010885 1.61168e-09
-0.0318782 0.00110007 2.09757e-09
-0.0326408 0.00111144 2.99374e-09
-0.0334021 0.00112262 4.42605e-09
-0.0341621 0.00113363 6.40267e-09
-0.034921 0.00114449 5.45782e-09
-0.0356787 0.0011552 -1.34104e-11
-0.0364353 0.00116577 1.00618e-09
-0.0371909 0.0011762 1.1313e-09
-0.0379455 0.00118651 1.10354e-09
-0.0386992 0.0011967 1.06334e-09
-0.0394519 0.00120676 1.00363e-09
-0.0402039 0.00121671 9.27436e-10
-0.040955 0.00122655 8.39232e-10
-0.0417053 0.00123627 7.39062e-10
-0.0424473 0.0012468 5.731e-10
-0.0431833 0.00125791 5.69635e-10
-0.043918 0.001269 1.15377e-09
-0.0446516 0.00128008 1.1586e-09
-0.045384 0.00129114 1.15287e-09
-0.0461155 0.00130219 1.14695e-09
-0.0468459 0.00131322 1.13892e-09
-0.0475755 0.00132423 1.13248e-09
-0.0483041 0.00133521 1.13148e-09
-0.0490319 0.00134617 1.12325e-09
-0.0497589 0.00135711 1.12085e-09
-0.0504851 0.00136802 1.1105e-09
-0.0512598 0.00137881 1.10664e-09
-0.0520527 0.00139056 1.12469e-09
-0.0528464 0.00140223 1.12428e-09
-0.053641 0.00141382 1.11805e-09
-0.0544362 0.00142532 1.11293e-09
-0.0552321 0.00143672 1.10941e-09
-0.0560286 0.00144801 1.10703e-09
-0.056825 0.0014593 1.10813e-09
-0.0576179 0.00147127 1.10632e-09
-0.0584114 0.00148301 1.10435e-09
-0.0592054 0.00149451 1.09775e-09
-0.0599997 0.00150581 1.10015e-09
-0.0607944 0.00151692 1.09847e-09
-0.0615893 0.00152785 1.09517e-09
-0.0623843 0.00153862 1.0924e-09
-0.0631794 0.00154924 1.0867e-09
-0.0639746 0.00155973 1.0756e-09
-0.0647699 0.0015701 1.0488e-09
-0.0655651 0.00158035 1.05534e-09
-0.0663603 0.0015905 1.04692e-09
-0.0671554 0.00160055 1.03404e-09
-0.0679504 0.00161052 1.05107e-09
-0.0687453 0.0016204 1.06887e-09
-0.0695401 0.0016302 1.06332e-09
-0.0703348 0.00163994 1.06484e-09
-0.0711293 0.00164961 1.06243e-09
-0.0719237 0.00165921 1.0612e-09
-0.0727179 0.00166876 1.06124e-09
-0.073512 0.00167826 1.05881e-09
-0.0743059 0.0016877 1.05551e-09
-0.0750996 0.00169709 1.05174e-09
-0.0758932 0.00170644 1.05302e-09
-0.0766866 0.00171574 1.0464e-09
-0.0774798 0.001725 1.04671e-09
-0.0782729 0.00173422 1.04861e-09
-0.0790658 0.0017434 1.04688e-09
-0.0798586 0.00175254 1.04688e-09
-0.0806512 0.00176165 1.04553e-09
-0.0814437 0.00177071 1.044e-09
-0.082236 0.00177975 1.03909e-09
-0.0830282 0.00178874 1.03832e-09
-0.0838203 0.00179771 1.0333e-09
-0.0846122 0.00180663 1.02566e-09
-0.085404 0.00181553 1.03141e-09
-0.0861957 0.00182439 1.03287e-09
-0.0869873 0.00183322 1.02549e-09
-0.0877788 0.00184201 1.02159e-09
-0.0885702 0.00185077 1.02198e-09
-0.0893615 0.0018595 1.02405e-09
-0.0901527 0.0018682 1.02071e-09
-0.0909438 0.00187687 1.01934e-09
-0.0917349 0.0018855 1.02119e-09
-0.0925259 0.0018941 1.01187e-09
-0.0933168 0.00190266 1.01827e-09
-0.0941077 0.0019112 1.01087e-09
-0.0948985 0.0019197 1.00993e-09
-0.0956893 0.00192817 1.01061e-09
-0.09648 0.0019366 1.0108e-09
-0.0972707 0.00194501 1.00586e-09
-0.0980614 0.00195338 1.00421e-09
-0.0988521 0.00196172 1.00438e-09
-0.0996427 0.00197003 1.00343e-09
-0.100433 0.0019783 1.00527e-09
-0.101224 0.00198654 1.00079e-09
-0.102015 0.00199475 9.95616e-10
-0.102805 0.00200292 9.9395e-10
-0.103596 0.00201106 9.96739e-10
-0.104387 0.00201917 9.91776e-10
-0.105177 0.00202725 9.90473e-10
-0.105968 0.0020353 9.8572e-10
-0.106759 0.00204331 9.88049e-10
-0.10755 0.00205129 9.87805e-10
-0.10834 0.00205923 9.83546e-10
-0.109131 0.00206715 9.79792e-10
-0.109922 0.00207503 9.78521e-10
-0.110713 0.00208288 9.84403e-10
-0.111504 0.0020907 9.86981e-10
-0.112295 0.00209848 9.7727e-10
-0.113086 0.00210623 9.7037e-10
-0.113878 0.00211395 9.73278e-10
-0.114669 0.00212164 9.73328e-10
-0.11546 0.0021293 9.70829e-10
-0.116252 0.00213692 9.63186e-10
-0.117043 0.00214452 9.61921e-10
-0.117835 0.00215208 9.66236e-10
-0.118627 0.00215961 9.62911e-10
-0.119418 0.00216711 9.60745e-10
-0.12021 0.00217458 9.56697e-10
-0.121002 0.00218202 9.55618e-10
-0.121794 0.00218942 9.5755e-10
-0.122587 0.0021968 9.51917e-10
-0.123379 0.00220414 9.55068e-10
-0.124171 0.00221146 9.52951e-10
-0.124964 0.00221874 9.51876e-10
-0.125757 0.002226 9.54843e-10
-0.126549 0.00223322 9.51692e-10
-0.127342 0.00224041 9.47725e-10
-0.128135 0.00224758 9.46025e-10
-0.128929 0.00225472 9.45845e-10
-0.129722 0.00226182 9.44301e-10
-0.130515 0.0022689 9.4254e-10
-0.131309 0.00227595 9.42464e-10
-0.132103 0.00228297 9.38808e-10
-0.132896 0.00228996 9.38001e-10
-0.13369 0.00229692 9.3923e-10
-0.134485 0.00230385 9.38202e-10
-0.135279 0.00231076 9.36579e-10
-0.136073 0.00231763 9.29212e-10
-0.136868 0.00232448 9.30578e-10
-0.137663 0.00233131 9.30556e-10
-0.138458 0.0023381 9.31538e-10
-0.139253 0.00234487 9.27737e-10
-0.140048 0.00235161 9.22642e-10
-0.140844 0.00235832 9.25106e-10
-0.141639 0.00236501 9.27227e-10
-0.142435 0.00237167 9.25552e-10
-0.143231 0.0023783 9.22595e-10
-0.144027 0.00238491 9.22844e-10
-0.144823 0.00239149 9.20139e-10
-0.14562 0.00239804 9.1882e-10
-0.146416 0.00240457 9.17097e-10
-0.147213 0.00241107 9.17245e-10
-0.14801 0.00241755 9.15009e-10
-0.148807 0.002424 9.13638e-10
-0.149381 0.00242863 9.13033e-10
