0 0 0
-43.1459 2.72524 -8.15087e-17
-86.2874 5.45049 -1.64296e-16
-129.424 8.17573 -1.13623e-16
-172.557 10.901 -4.14026e-16
-215.686 13.6262 -5.61103e-16
-258.809 16.3515 1.93802e-16
-299.943 18.9212 5.74417e-14
-297.491 17.8054 -7.63522e-13
-292.19 16.0744 -1.31044e-13
-287.587 14.766 -2.02738e-11
-286.277 14.4754 7.53236e-12
-284.853 14.1594 1.93234e-12
-282.626 13.7092 1.21949e-12
-279.141 13.102 -2.92468e-12
-273.725 12.3601 -1.15391e-12
-266.75 11.5003 -1.47675e-10
-259.91 10.7678 1.93547e-10
-253.226 10.1185 2.48125e-11
-246.495 9.47211 -3.57099e-10
-240.333 8.9285 -6.38037e-11
-234.745 8.48101 -8.52296e-11
-229.701 8.11645 1.49812e-09
-224.658 7.72609 3.57721e-10
-220.067 7.38164 7.91016e-09
-215.931 7.08664 3.80612e-09
-212.203 6.84755 8.27611e-09
-208.825 6.64632 3.06152e-08
-205.744 6.47027 2.86434e-07
-202.923 6.31626 3.75192e-07
-200.157 6.15408 4.62734e-07
-197.483 5.98192 2.05097e-06
-195.027 5.82681 4.85943e-06
-192.765 5.68781 1.28602e-05
-190.682 5.57801 1.63375e-05
-188.754 5.48275 3.99104e-05
-186.959 5.39597 0.000177945
-185.284 5.31819 -0.00021973
-183.716 5.24755 -1.4611e-05
-182.244 5.18436 -2.4284e-05
-180.859 5.1278 -5.3366e-05
-179.554 5.07703 -0.000109708
-178.32 5.03132 -0.000166797
-177.151 4.98998 -0.000108285
-176.043 4.95233 -6.47915e-05
-174.902 4.89475 1.65243e-05
-173.787 4.84185 -2.0398e-06
-172.728 4.78979 -8.99304e-06
-171.721 4.73835 -2.59197e-05
-170.761 4.68767 -4.0086e-05
-169.848 4.64777 4.3732e-05
-168.977 4.61081 2.46324e-05
-168.145 4.57189 4.02167e-05
-167.348 4.53187 9.06933e-05
-166.585 4.49155 0.000206105
-165.852 4.45156 1.3017e-05
-165.149 4.41191 1.42717e-05
-164.473 4.37298 -2.47973e-05
-163.822 4.33498 -4.57356e-05
-163.196 4.29796 -7.86199e-05
-162.592 4.26195 -4.76746e-05
-162.009 4.22702 -6.24544e-05
-161.447 4.19311 7.96833e-06
-160.904 4.16027 6.6609e-06
-160.378 4.12837 6.69741e-06
-159.87 4.09745 7.28437e-06
-159.378 4.06743 7.94577e-06
-158.901 4.03819 6.10502e-06
-158.438 4.00979 7.34804e-06
-157.99 3.98212 8.90314e-06
-157.555 3.95512 1.08327e-05
-157.132 3.92874 1.32061e-05
-156.726 3.92156 1.71786e-05
-156.333 3.92245 1.9769e-06
-155.951 3.92377 1.1083e-06
-155.579 3.92567 9.89016e-07
-155.217 3.92804 1.06454e-06
-154.864 3.93082 1.10654e-06
-154.521 3.93393 1.09407e-06
-154.186 3.9373 1.13158e-06
-153.859 3.94089 1.2134e-06
-153.54 3.94457 1.1252e-06
-153.229 3.94842 1.07225e-06
-152.926 3.95233 9.31412e-07
-152.629 3.95626 9.88922e-07
-152.339 3.96019 9.56593e-07
-152.029 3.96507 3.3467e-07
-151.727 3.96809 5.40169e-07
-151.432 3.97035 4.59329e-07
-151.142 3.97178 4.40012e-07
-150.86 3.97229 3.50704e-07
-150.583 3.97182 4.18643e-07
-150.312 3.97035 4.13379e-07
-150.046 3.96786 4.47542e-07
-149.788 3.97553 2.77054e-07
-149.534 3.98265 2.82062e-07
-149.286 3.9868 2.85112e-07
-149.043 3.98844 2.2809e-07
-148.805 3.98788 2.48292e-07
-148.571 3.98537 2.50253e-07
-148.342 3.98118 2.59191e-07
-148.117 3.97556 2.62376e-07
-147.897 3.96871 3.02371e-07
-147.68 3.96082 3.50096e-07
-147.468 3.95206 3.62817e-07
-147.26 3.94257 3.90247e-07
-147.056 3.93248 4.74193e-07
-146.855 3.92191 7.22565e-07
-146.658 3.91097 6.91009e-07
-146.464 3.89979 1.73754e-07
-146.274 3.88832 5.18587e-07
-146.087 3.8767 3.54199e-07
-145.903 3.865 3.56941e-07
-145.723 3.85324 3.41988e-07
-145.545 3.84146 2.85807e-07
-145.371 3.82972 2.61328e-07
-145.199 3.81804 2.37082e-07
-145.031 3.80644 2.06233e-07
-144.865 3.79494 2.34452e-07
-144.701 3.78355 1.57089e-07
-144.54 3.77228 9.48228e-08
-144.382 3.76116 1.59527e-07
-144.226 3.75012 1.30925e-07
-144.073 3.7393 1.43921e-07
-143.922 3.72862 8.97395e-08
-143.773 3.71811 8.73278e-08
-143.627 3.70775 1.37442e-07
-143.482 3.69754 1.14982e-07
-143.34 3.68748 1.40954e-07
-143.2 3.67756 1.93298e-07
-143.062 3.66779 2.21578e-07
-142.926 3.65816 1.55913e-07
-142.791 3.64866 1.35925e-07
-142.659 3.63929 7.63541e-08
-142.528 3.63004 9.37157e-08
-142.4 3.6209 1.17493e-07
-142.273 3.61186 1.3247e-07
-142.147 3.60294 1.1203e-07
-142.024 3.59411 9.76546e-08
-141.902 3.58538 1.00883e-07
-141.781 3.57672 1.38029e-07
-141.663 3.56815 1.29923e-07
-141.545 3.55965 6.49599e-08
-141.43 3.55122 5.19534e-08
-141.315 3.54285 9.60229e-08
-141.202 3.53454 7.5139e-08
-141.091 3.52628 1.18068e-07
-140.981 3.51807 1.1693e-07
-140.872 3.50991 1.04999e-07
-140.765 3.50178 7.63947e-08
-140.659 3.49368 7.79068e-08
-140.554 3.48562 8.51653e-08
-140.45 3.47758 1.44391e-09
-140.348 3.46956 3.35323e-08
-140.246 3.46157 4.7462e-08
-140.146 3.45359 7.99887e-08
-140.047 3.44563 -4.23518e-09
-139.95 3.43768 -6.25499e-09
-139.853 3.42974 9.35598e-08
-139.757 3.4218 6.22134e-08
-139.663 3.41387 7.00824e-08
-139.569 3.40595 3.63065e-08
-139.477 3.39802 1.41415e-07
-139.385 3.39009 6.12682e-08
-139.295 3.38217 1.36698e-08
-139.205 3.37424 7.32874e-08
-139.117 3.3663 4.37371e-08
-139.029 3.35836 7.0511e-08
-138.942 3.35042 3.16349e-09
-138.856 3.34247 -1.32764e-08
-138.771 3.33451 -2.36025e-08
-138.687 3.32654 3.42209e-08
-138.604 3.31857 7.84134e-08
-138.522 3.31058 8.27282e-08
-138.44 3.30259 -1.07864e-08
-138.359 3.29459 2.77983e-08
-138.279 3.28658 1.39193e-08
-138.2 3.27856 4.93085e-10
-138.122 3.27052 -9.38902e-08
-138.044 3.26248 -7.36006e-08
-137.967 3.25444 2.09964e-09
-137.891 3.24638 2.27359e-08
-137.815 3.23831 4.2721e-08
-137.74 3.23024 6.56987e-08
-137.666 3.22215 -8.01824e-09
-137.593 3.21406 3.5968e-08
-137.52 3.20596 5.94823e-08
-137.448 3.19785 1.24587e-07
-137.377 3.18974 1.65017e-08
-137.306 3.18162 5.23783e-08
-137.236 3.17349 7.24313e-08
-137.166 3.16536 -1.04524e-08
-137.097 3.15722 -4.31022e-09
-137.029 3.14908 5.51244e-08
-136.961 3.14094 2.48443e-08
-136.894 3.13279 8.96779e-08
-136.827 3.12464 5.90271e-08
-136.761 3.11649 4.51643e-09
-136.696 3.10833 -6.71854e-09
-136.631 3.10017 -1.256e-09
-136.567 3.09202 -1.45165e-08
-136.503 3.08386 -7.35367e-08
-136.44 3.0757 -3.1152e-08
-136.394 3.06986 -5.29191e-09
