0 0 0
0.000225895 3.70936e-05 9.45943e-22
0.000451813 7.41873e-05 -4.28036e-22
0.000677755 0.000111281 -1.08016e-21
0.00090372 0.000148375 -8.66794e-22
0.00112971 0.000185469 6.45846e-21
0.00135572 0.000222563 -7.85632e-21
0.00158127 0.000259757 -8.20749e-19
0.00179116 0.000298682 -4.94031e-20
0.00201522 0.000339951 -6.89806e-18
0.00237572 0.000387598 -6.62501e-18
0.00246279 0.000399407 1.59414e-18
0.00254961 0.000410862 7.86953e-19
0.00269194 0.000428436 -5.16659e-16
0.00288366 0.000454413 -4.82037e-16
0.00316952 0.000490007 1.1311e-14
0.00347309 0.000528991 7.57169e-16
0.00374158 0.000564363 9.95406e-18
0.00401708 0.0005968 1.47065e-15
0.00424413 0.00062777 8.72322e-16
0.00444324 0.000656318 5.89887e-16
0.00465294 0.000683278 1.31395e-15
0.00487353 0.000709049 1.10837e-15
0.00510189 0.000733483 -8.55659e-15
0.00525723 0.000757574 -5.21282e-15
0.00539262 0.000780314 -3.27846e-15
0.00553691 0.000802189 5.32285e-15
0.00569364 0.000823975 3.60498e-15
0.00585771 0.000844929 -3.37727e-14
0.00602844 0.000865266 6.06568e-14
0.0062052 0.000885123 1.5033e-13
0.0063874 0.000904576 3.80979e-13
0.0065745 0.00092367 9.45651e-13
0.00676602 0.000942432 4.19162e-12
0.00687338 0.00096115 3.02397e-13
0.00696497 0.000979844 9.13492e-13
0.0070581 0.000997873 3.90708e-12
0.00715493 0.0010157 1.20728e-11
0.00725653 0.0010334 -2.02534e-11
0.00736034 0.00105039 -5.24825e-11
0.00746639 0.00106678 -1.17692e-10
0.00757463 0.00108268 -2.60458e-10
0.00768499 0.00109817 5.93706e-11
0.0077974 0.00111327 -3.72276e-11
0.00791178 0.00112807 -4.27562e-11
0.00802802 0.00114257 -6.03433e-11
0.00814606 0.0011568 -1.48733e-10
0.00826579 0.00117079 -1.22261e-10
0.00838712 0.00118454 -9.75549e-11
0.00850999 0.00119807 -9.53512e-11
0.0086343 0.00121138 -9.6678e-11
0.00875999 0.00122449 -9.85739e-11
0.00888697 0.00123739 -6.61942e-11
0.00903039 0.00125202 -6.62671e-11
0.00917713 0.0012668 -5.65185e-11
0.00932587 0.00128154 -5.64522e-11
0.00947648 0.00129625 -5.723e-11
0.00962887 0.00131093 -5.71608e-11
0.00978293 0.00132557 -5.82697e-11
0.00993857 0.00134016 -5.79986e-11
0.0100957 0.0013547 -5.91136e-11
0.0101919 0.00136903 -5.0915e-11
0.0102628 0.00138461 -5.35728e-11
0.0103325 0.00140003 -5.36179e-11
0.0104011 0.00141529 -5.40134e-11
0.0104689 0.00143034 -5.4436e-11
0.0105364 0.00144526 -5.4647e-11
0.0106086 0.00146111 -5.5026e-11
0.0106801 0.00147653 -5.56092e-11
0.0107512 0.00149155 -5.68544e-11
0.0108221 0.00150622 -5.59957e-11
0.010893 0.00152058 -5.70023e-11
0.010964 0.00153467 -5.6861e-11
0.0110352 0.00154852 -5.84371e-11
0.0111067 0.00156214 -5.76153e-11
0.0111785 0.00157558 -5.70062e-11
0.0112508 0.00158883 -5.88736e-11
0.0113235 0.00160193 -5.78363e-11
0.0113967 0.0016149 -5.78753e-11
0.0114705 0.00162773 -5.77173e-11
0.0115448 0.00164044 -5.81041e-11
0.0116196 0.00165305 -5.81839e-11
0.0116951 0.00166556 -5.82428e-11
0.0117712 0.00167798 -5.82696e-11
0.0118478 0.00169032 -5.84128e-11
0.011925 0.00170258 -5.8551e-11
0.0120029 0.00171476 -5.86338e-11
0.0120813 0.00172687 -5.85914e-11
0.0121604 0.00173891 -5.86694e-11
0.01224 0.00175088 -5.87693e-11
0.0123201 0.00176279 -5.8854e-11
0.0124009 0.00177464 -5.88381e-11
0.0124822 0.00178643 -5.88956e-11
0.012564 0.00179815 -5.89694e-11
0.0126464 0.00180982 -5.91272e-11
0.0127293 0.00182142 -5.92171e-11
0.0128128 0.00183297 -5.91074e-11
0.0128967 0.00184446 -5.92073e-11
0.0129811 0.00185589 -5.92746e-11
0.013066 0.00186726 -5.91948e-11
0.0131513 0.00187857 -5.9063e-11
0.0132371 0.00188983 -5.90756e-11
0.0133234 0.00190103 -5.92981e-11
0.0134101 0.00191217 -5.95712e-11
0.0134972 0.00192325 -5.96231e-11
0.0135847 0.00193427 -5.9668e-11
0.0136726 0.00194523 -5.96999e-11
0.0137609 0.00195614 -5.98532e-11
0.0138496 0.00196699 -5.98242e-11
0.0139387 0.00197777 -5.97738e-11
0.0140281 0.0019885 -5.96872e-11
0.0141179 0.00199918 -5.98011e-11
0.014208 0.00200979 -5.98013e-11
0.0142985 0.00202034 -5.99322e-11
0.0143892 0.00203084 -5.9964e-11
0.0144803 0.00204128 -5.99582e-11
0.0145717 0.00205166 -5.99979e-11
0.0146635 0.00206198 -6.00189e-11
0.0147555 0.00207224 -5.99857e-11
0.0148478 0.00208245 -6.00237e-11
0.0149403 0.0020926 -6.00814e-11
0.0150332 0.00210269 -6.01886e-11
0.0151263 0.00211273 -6.01585e-11
0.0152197 0.0021227 -6.02709e-11
0.0153133 0.00213263 -6.02068e-11
0.0154072 0.00214249 -6.01541e-11
0.0155013 0.0021523 -6.03132e-11
0.0155957 0.00216206 -6.0216e-11
0.0156903 0.00217176 -6.0201e-11
0.0157851 0.0021814 -6.04297e-11
0.0158802 0.00219099 -6.00923e-11
0.0159754 0.00220052 -6.02291e-11
0.0160709 0.00221001 -6.01194e-11
0.0161666 0.00221944 -6.02469e-11
0.0162625 0.00222881 -6.02903e-11
0.0163586 0.00223813 -6.06069e-11
0.0164549 0.0022474 -6.04564e-11
0.0165514 0.00225662 -6.0298e-11
0.016648 0.00226579 -6.01166e-11
0.0167449 0.00227491 -6.03367e-11
0.0168419 0.00228397 -5.99268e-11
0.0169392 0.00229299 -6.00387e-11
0.0170365 0.00230195 -6.0263e-11
0.0171341 0.00231087 -6.00716e-11
0.0172318 0.00231973 -6.0068e-11
0.0173297 0.00232855 -6.02483e-11
0.0174278 0.00233732 -6.01584e-11
0.017526 0.00234604 -6.0258e-11
0.0176244 0.00235471 -5.99014e-11
0.0177229 0.00236334 -6.03081e-11
0.0178216 0.00237192 -5.98482e-11
0.0179204 0.00238045 -5.96196e-11
0.0180194 0.00238894 -6.00384e-11
0.0181185 0.00239738 -6.00014e-11
0.0182178 0.00240578 -6.01094e-11
0.0183172 0.00241413 -5.95585e-11
0.0184167 0.00242244 -5.99683e-11
0.0185164 0.0024307 -5.97074e-11
0.0186162 0.00243892 -5.94231e-11
0.0187162 0.0024471 -5.99488e-11
0.0188162 0.00245523 -5.94973e-11
0.0189165 0.00246332 -5.9335e-11
0.0190168 0.00247137 -5.92109e-11
0.0191172 0.00247938 -6.01686e-11
0.0192178 0.00248734 -6.00478e-11
0.0193185 0.00249526 -6.02209e-11
0.0194193 0.00250315 -5.93166e-11
0.0195203 0.00251099 -5.96678e-11
0.0196213 0.00251879 -5.92866e-11
0.0197225 0.00252655 -5.90829e-11
0.0198035 0.0025373 -3.96409e-11
0.0198879 0.00254765 -5.68167e-11
0.0199717 0.00255814 -1.96902e-11
0.0200549 0.00256877 -2.70842e-11
0.0201376 0.00257953 -2.43251e-11
0.0202196 0.00259042 -3.42123e-11
0.0203009 0.00260145 -3.87961e-11
0.0203815 0.0026126 -3.89249e-11
0.0204613 0.00262389 -4.32095e-11
0.0205403 0.00263529 -4.65591e-11
0.0206184 0.00264682 -2.10897e-11
0.0206955 0.00265847 -3.15487e-11
0.0207716 0.00267024 -4.72278e-11
0.0208466 0.00268212 -2.85836e-11
0.0209204 0.00269411 -4.67754e-11
0.0209928 0.00270621 -3.70533e-11
0.0210638 0.00271841 -3.07496e-11
0.0211333 0.00273071 -5.82232e-11
0.021201 0.00274309 -3.981e-11
0.0212668 0.00275555 -3.54616e-11
0.0213305 0.00276807 -2.57254e-11
0.0213918 0.00278064 -3.1071e-11
0.0214505 0.00279324 -2.40119e-11
0.0215062 0.00280584 -4.39511e-11
0.0215628 0.0028186 -3.14942e-11
0.0216194 0.00283144 -3.1881e-11
0.0216728 0.00284419 -1.19461e-11
0.0217227 0.00285679 -2.37986e-11
0.0217687 0.00286921 -4.13677e-11
0.0218103 0.00288137 -1.06942e-10
0.021847 0.0028932 1.79411e-11
0.0218784 0.00290461 3.80451e-11
0.0219036 0.00291549 -1.31329e-11
0.0219192 0.00292303 7.83661e-12
