0 0
-0.000493922 1.25
-0.00197569 2.5
-0.0044453 3.75
-0.00790277 5
-0.0123481 6.25
-0.0177813 7.5
-0.0251008 8.75
-0.066192 10
-0.12276 11.25
-0.175518 12.5
-0.190537 12.8125
-0.204087 13.125
-0.231409 13.5938
-0.273025 14.2969
-0.340255 15.3516
-0.43884 16.6016
-0.534344 17.8516
-0.648725 19.1016
-0.765542 20.3516
-0.877453 21.6016
-0.9864 22.8516
-1.11544 24.1016
-1.25008 25.3516
-1.38117 26.6016
-1.5094 27.8516
-1.6358 29.1016
-1.76075 30.3516
-1.88457 31.6016
-2.00754 32.8516
-2.14139 34.1016
-2.29198 35.3516
-2.44278 36.6016
-2.59304 37.8516
-2.74278 39.1016
-2.89262 40.3516
-3.04258 41.6016
-3.19273 42.8516
-3.3431 44.1016
-3.49374 45.3516
-3.64472 46.6016
-3.79607 47.8516
-3.94784 49.1016
-4.10008 50.3516
-4.25282 51.6016
-4.40611 52.8516
-4.55918 54.1016
-4.70935 55.3516
-4.85988 56.6016
-5.01084 57.8516
-5.16226 59.1016
-5.31419 60.3516
-5.46666 61.6016
-5.63463 62.8516
-5.81137 64.1016
-5.98947 65.3516
-6.16888 66.6016
-6.34952 67.8516
-6.53007 69.1016
-6.71162 70.3516
-6.89432 71.6016
-7.0781 72.8516
-7.26289 74.1016
-7.44867 75.3516
-7.63539 76.6016
-7.82305 77.8516
-8.01161 79.1016
-8.20107 80.3516
-8.39141 81.6016
-8.58264 82.8516
-8.77473 84.1016
-8.96769 85.3516
-9.16153 86.6016
-9.35623 87.8516
-9.5518 89.1016
-9.74825 90.3516
-9.94558 91.6016
-10.1438 92.8516
-10.3429 94.1016
-10.5429 95.3516
-10.7437 96.6016
-10.9455 97.8516
-11.1482 99.1016
-11.3518 100.352
-11.5563 101.602
-11.7617 102.852
-11.9681 104.102
-12.1754 105.352
-12.3836 106.602
-12.5928 107.852
-12.8029 109.102
-13.014 110.352
-13.226 111.602
-13.439 112.852
-13.6529 114.102
-13.8679 115.352
-14.0838 116.602
-14.3006 117.852
-14.5185 119.102
-14.7373 120.352
-14.9572 121.602
-15.178 122.852
-15.3998 124.102
-15.6226 125.352
-15.8465 126.602
-16.0713 127.852
-16.2971 129.102
-16.524 130.352
-16.7518 131.602
-16.9807 132.852
-17.2106 134.102
-17.4416 135.352
-17.6735 136.602
-17.9065 137.852
-18.1405 139.102
-18.3756 140.352
-18.6116 141.602
-18.8487 142.852
-19.0869 144.102
-19.3261 145.352
-19.5663 146.602
-19.8076 147.852
-20.05 149.102
-20.2933 150.352
-20.5378 151.602
-20.7833 152.852
-21.0298 154.102
-21.2774 155.352
-21.5261 156.602
-21.7758 157.852
-22.0266 159.102
-22.2784 160.352
-22.5313 161.602
-22.7853 162.852
-23.0403 164.102
-23.2964 165.352
-23.5536 166.602
-23.8118 167.852
-24.0712 169.102
-24.3315 170.352
-24.593 171.602
-24.8556 172.852
-25.1192 174.102
-25.3839 175.352
-25.6508 176.602
-25.922 177.852
-26.1945 179.102
-26.4682 180.352
-26.7433 181.602
-27.0197 182.852
-27.2975 184.102
-27.5766 185.352
-27.857 186.602
-28.1389 187.852
-28.4222 189.102
-28.707 190.352
-28.9933 191.602
-29.2811 192.852
-29.5705 194.102
-29.8616 195.352
-30.1543 196.602
-30.4488 197.852
-30.7452 199.102
-31.0436 200.352
-31.3441 201.602
-31.6449 202.852
-31.9477 204.102
-32.2528 205.352
-32.5602 206.602
-32.8703 207.852
-33.1831 209.102
-33.499 210.352
-33.8167 211.602
-34.1359 212.852
-34.4565 214.102
-34.7785 215.352
-35.1019 216.602
-35.4267 217.852
-35.7528 219.102
-36.0802 220.352
-36.4089 221.602
-36.7389 222.852
-37.0701 224.102
-37.4026 225.352
-37.7362 226.602
-38.0711 227.852
-38.4073 229.102
-38.7445 230.352
-39.083 231.602
-39.4227 232.852
-39.7635 234.102
-40.1055 235.352
-40.4487 236.602
-40.793 237.852
-41.1385 239.102
-41.4851 240.352
-41.8329 241.602
-42.1818 242.852
-42.5319 244.102
-42.8831 245.352
-43.2355 246.602
-43.589 247.852
-43.9437 249.102
-44.1993 250
