0 0 0
-3.83103 2.72524 7.4118e-17
-7.6576 5.45049 -1.62856e-16
-11.4797 8.17573 6.2029e-17
-15.2974 10.901 -1.50365e-16
-19.1105 13.6262 -1.78437e-17
-22.9193 16.3515 1.38022e-17
-27.711 19.0792 1.14526e-14
-59.0853 21.8057 9.49394e-14
-102.024 24.5907 -5.58916e-13
-136.282 27.7744 -1.75385e-12
-146.596 28.56 6.29911e-13
-156.927 29.3322 1.85736e-11
-172.637 30.4461 -4.33193e-11
-196.526 32.1574 -3.08725e-12
-238.328 34.5755 2.2509e-11
-288.252 37.168 -1.08632e-11
-293.682 34.6772 -7.74777e-11
-290.729 31.7113 -2.31945e-10
-288.03 28.7655 -1.08058e-09
-285.019 25.6721 -1.61934e-09
-281.106 22.9004 -4.85719e-09
-276.839 20.754 -1.76654e-08
-272.471 19.1104 -9.93473e-09
-268.104 17.7804 -1.18755e-08
-263.827 16.69 -9.82086e-09
-258.506 15.3388 -8.74217e-09
-253.453 14.2399 3.58578e-09
-248.713 13.3448 5.78156e-09
-244.341 12.6497 -6.96524e-09
-240.277 12.0665 -2.08978e-08
-236.501 11.5756 -5.51305e-08
-232.992 11.1607 -2.41052e-07
-229.726 10.8082 -2.11625e-07
-226.683 10.5074 -4.66567e-07
-223.842 10.2492 -1.0219e-06
-221.184 10.0262 -2.3783e-06
-218.251 9.71266 -7.14876e-06
-215.343 9.40751 2.06073e-06
-212.628 9.13247 2.04561e-06
-210.091 8.88355 3.79586e-06
-207.733 8.68195 1.11259e-05
-205.526 8.49831 4.70485e-06
-203.452 8.32611 2.61574e-05
-201.501 8.16548 1.56722e-05
-199.662 8.01617 2.97935e-05
-197.925 7.87777 8.74466e-05
-196.281 7.74939 0.000100043
-194.724 7.63035 0.000103526
-193.247 7.51987 9.23241e-05
-191.842 7.41703 4.17996e-05
-190.505 7.32147 4.91352e-05
-189.23 7.23229 1.0014e-05
-188.014 7.14892 6.59897e-06
-186.851 7.07073 3.332e-06
-185.739 6.99719 2.13586e-06
-184.673 6.92782 1.42873e-06
-183.651 6.86215 8.54809e-07
-182.686 6.82569 1.98787e-06
-181.773 6.819 -4.56427e-07
-180.896 6.81528 -1.27687e-06
-180.052 6.81435 -1.35199e-06
-179.238 6.81581 -1.45266e-06
-178.454 6.81931 -1.54444e-06
-177.698 6.82454 -1.63096e-06
-176.967 6.83123 -1.65447e-06
-176.26 6.83912 -1.67976e-06
-175.577 6.84801 -1.72117e-06
-174.817 6.82081 -1.96525e-06
-174.054 6.80362 -1.6149e-06
-173.316 6.78601 -1.58136e-06
-172.6 6.76781 -1.56988e-06
-171.907 6.74876 -1.50164e-06
-171.235 6.7287 -1.49747e-06
-170.586 6.71728 -1.43948e-06
-169.96 6.71795 -1.42952e-06
-169.352 6.71305 -1.39648e-06
-168.761 6.70356 -1.38986e-06
-168.188 6.69031 -1.36168e-06
-167.631 6.67401 -1.33891e-06
-167.09 6.65536 -1.3421e-06
-166.563 6.63485 -1.37272e-06
-166.051 6.61299 -1.23369e-06
-165.554 6.59022 -1.19032e-06
-165.069 6.56683 -1.28515e-06
-164.597 6.54299 -1.34714e-06
-164.138 6.51902 -1.29439e-06
-163.69 6.49503 -1.27509e-06
-163.254 6.47124 -1.26283e-06
-162.829 6.44774 -1.25676e-06
-162.414 6.42462 -1.26598e-06
-162.01 6.40195 -1.23261e-06
-161.615 6.37968 -1.2322e-06
-161.23 6.35804 -1.24184e-06
-160.853 6.33696 -1.24513e-06
-160.486 6.31641 -1.24691e-06
-160.126 6.29648 -1.22955e-06
-159.775 6.27712 -1.20836e-06
-159.432 6.25832 -1.21592e-06
-159.096 6.24008 -1.19157e-06
-158.767 6.22236 -1.1702e-06
-158.445 6.20516 -1.19183e-06
-158.13 6.18844 -1.17993e-06
-157.822 6.17218 -1.16659e-06
-157.52 6.15636 -1.17583e-06
-157.224 6.14094 -1.16672e-06
-156.934 6.12591 -1.15215e-06
-156.649 6.11123 -1.14449e-06
-156.37 6.09687 -1.1735e-06
-156.097 6.08282 -1.18714e-06
-155.829 6.06904 -1.17099e-06
-155.565 6.0555 -1.17798e-06
-155.307 6.0422 -1.1541e-06
-155.053 6.02911 -1.1924e-06
-154.804 6.0162 -1.19541e-06
-154.56 6.00344 -1.12501e-06
-154.319 5.99084 -1.13508e-06
-154.083 5.97836 -1.11858e-06
-153.851 5.96598 -1.11891e-06
-153.623 5.9537 -1.12871e-06
-153.399 5.9415 -1.11617e-06
-153.179 5.92935 -1.12949e-06
-152.962 5.91726 -1.12926e-06
-152.748 5.90521 -1.11218e-06
-152.539 5.89318 -1.10164e-06
-152.332 5.88118 -1.10684e-06
-152.129 5.86917 -1.08794e-06
-151.929 5.85717 -1.11042e-06
-151.732 5.84516 -1.10454e-06
-151.538 5.83314 -1.10058e-06
-151.347 5.82109 -1.08064e-06
-151.159 5.80902 -1.08355e-06
-150.974 5.79691 -1.08514e-06
-150.791 5.78477 -1.07626e-06
-150.611 5.77259 -1.09257e-06
-150.434 5.76036 -1.08231e-06
-150.259 5.74809 -1.05671e-06
-150.087 5.73575 -1.0547e-06
-149.917 5.7234 -1.05143e-06
-149.75 5.71095 -1.04342e-06
-149.584 5.69847 -1.04864e-06
-149.421 5.68594 -1.04919e-06
-149.261 5.67334 -1.04586e-06
-149.102 5.66069 -1.04467e-06
-148.946 5.64799 -1.03958e-06
-148.791 5.63522 -1.03378e-06
-148.639 5.6224 -1.03438e-06
-148.489 5.60952 -1.0324e-06
-148.34 5.59659 -1.03004e-06
-148.194 5.5836 -1.0193e-06
-148.049 5.57056 -1.01695e-06
-147.906 5.55746 -1.01337e-06
-147.765 5.54431 -1.01173e-06
-147.625 5.53111 -1.0054e-06
-147.488 5.51785 -9.9144e-07
-147.352 5.50455 -9.86443e-07
-147.217 5.4912 -9.99094e-07
-147.085 5.47781 -9.93203e-07
-146.953 5.46436 -9.94403e-07
-146.824 5.45088 -1.01566e-06
-146.695 5.43735 -1.01774e-06
-146.569 5.42379 -9.801e-07
-146.444 5.41018 -9.46534e-07
-146.32 5.39654 -9.92728e-07
-146.197 5.38286 -9.39679e-07
-146.076 5.36915 -9.64891e-07
-145.957 5.3554 -9.51731e-07
-145.838 5.34163 -9.85497e-07
-145.721 5.32782 -9.63643e-07
-145.605 5.31399 -9.81328e-07
-145.491 5.30014 -9.43187e-07
-145.378 5.28625 -9.46638e-07
-145.265 5.27236 -9.22025e-07
-145.155 5.25842 -9.47113e-07
-145.045 5.24447 -9.61054e-07
-144.936 5.23051 -9.7125e-07
-144.829 5.21653 -8.95583e-07
-144.722 5.20253 -9.37067e-07
-144.617 5.18853 -9.28933e-07
-144.513 5.17451 -9.24683e-07
-144.41 5.16047 -9.08213e-07
-144.307 5.14643 -8.98823e-07
-144.206 5.13238 -8.75758e-07
-144.106 5.11832 -8.24268e-07
-144.007 5.10426 -8.91585e-07
-143.909 5.09019 -8.69607e-07
-143.812 5.07612 -8.6931e-07
-143.715 5.06205 -8.86864e-07
-143.62 5.04797 -8.12475e-07
-143.525 5.0339 -9.47806e-07
-143.432 5.01983 -9.7258e-07
-143.339 5.00576 -8.32798e-07
-143.225 5.16962 -5.62336e-07
-143.119 5.18396 -4.16335e-07
-143.017 5.19878 -1.57627e-06
-142.916 5.21309 -2.4242e-06
-142.817 5.22726 -8.80917e-07
-142.722 5.24879 -8.71314e-07
-142.628 5.26999 9.50292e-07
-142.535 5.29067 -4.05983e-07
-142.442 5.31067 5.82043e-07
-142.35 5.32971 -8.25051e-08
-142.258 5.34761 -3.99033e-07
-142.192 5.35967 -5.50841e-08
