0 0 0
-43.1459 2.72524 -3.40157e-17
-86.2874 5.45049 9.45326e-17
-129.424 8.17573 -2.68056e-16
-172.557 10.901 -4.33098e-16
-215.686 13.6262 -1.02612e-15
-258.809 16.3515 2.09093e-16
-299.564 18.8916 -1.28493e-14
-297.041 17.7622 -9.78784e-14
-291.72 16.0096 -2.85006e-14
-287.084 14.7171 4.96366e-15
-285.731 14.4118 1.26532e-14
-284.284 14.0942 -1.51118e-12
-282.022 13.644 1.09799e-12
-278.482 13.0347 8.3351e-12
-272.937 12.2795 8.97949e-12
-265.87 11.4226 -2.70674e-11
-258.962 10.6921 -6.41172e-12
-252.138 10.0294 -6.94583e-12
-245.385 9.38834 5.80037e-10
-239.22 8.85122 -3.23298e-10
-233.649 8.41457 -3.45992e-09
-228.563 8.04643 1.11642e-09
-223.492 7.64991 -1.02175e-10
-218.939 7.31175 -3.08748e-10
-214.841 7.0231 -9.62644e-10
-211.157 6.7953 -2.39575e-09
-207.814 6.59821 -8.48976e-09
-204.767 6.4263 -8.86986e-08
-201.977 6.27573 -1.23776e-06
-199.131 6.09505 -1.84364e-05
-196.496 5.92581 2.81716e-06
-194.076 5.77408 6.82815e-06
-191.849 5.64184 8.45878e-06
-189.801 5.53986 -4.32408e-06
-187.901 5.44659 -1.97913e-07
-186.132 5.36218 -3.171e-06
-184.481 5.28653 -5.56708e-06
-182.936 5.21854 -1.12085e-05
-181.485 5.15779 -2.53592e-05
-180.119 5.10339 -5.47588e-05
-178.832 5.05459 -0.000108942
-177.615 5.01065 -0.000145958
-176.462 4.97075 -6.71603e-05
-175.334 4.92652 -1.51474e-05
-174.177 4.87186 -6.35556e-05
-173.079 4.81808 2.08228e-05
-172.036 4.76498 4.42522e-05
-171.044 4.71268 6.28015e-05
-170.1 4.6667 -2.56003e-05
-169.202 4.62962 0.000127977
-168.345 4.59023 0.000157586
-167.525 4.54955 1.6011e-05
-166.74 4.5084 3.48616e-05
-165.988 4.46739 6.47035e-05
-165.266 4.42674 9.41201e-05
-164.573 4.38683 -8.18817e-06
-163.907 4.34783 -1.471e-05
-163.266 4.30985 -2.68234e-05
-162.648 4.27295 -5.14e-05
-162.053 4.23711 9.42384e-06
-161.479 4.2024 2.66103e-05
-160.924 4.16876 2.61429e-05
-160.389 4.13613 2.54019e-05
-159.871 4.10452 2.77801e-05
-159.369 4.07379 1.90793e-05
-158.884 4.04399 2.39593e-05
-158.414 4.015 2.99686e-05
-157.958 3.98677 3.76799e-05
-157.515 3.95925 4.71664e-05
-157.086 3.93237 5.6242e-05
-156.671 3.91355 -9.98865e-05
-156.272 3.91464 -2.25352e-05
-155.884 3.91636 -2.61796e-05
-155.508 3.91863 -2.92909e-05
-155.141 3.92139 -3.19101e-05
-154.784 3.92454 -3.40348e-05
-154.436 3.92801 -3.54264e-05
-154.097 3.93173 -3.59983e-05
-153.766 3.93559 -2.57844e-05
-153.444 3.93964 -8.90889e-07
-153.13 3.94379 -8.06469e-07
-152.823 3.94799 -9.01309e-07
-152.523 3.9522 -8.79929e-07
-152.211 3.94388 -8.53108e-07
-151.899 3.94731 -9.94126e-07
-151.594 3.95001 -9.13559e-07
-151.296 3.95187 -9.39628e-07
-151.004 3.95279 -8.53061e-07
-150.719 3.95269 -8.69311e-07
-150.44 3.95155 -8.14757e-07
-150.167 3.94936 -7.68552e-07
-149.9 3.95371 -8.91991e-07
-149.64 3.96185 -8.59039e-07
-149.385 3.96681 -8.50561e-07
-149.135 3.96908 -8.31784e-07
-148.89 3.969 -8.06876e-07
-148.651 3.96685 -8.05456e-07
-148.415 3.96291 -8.04385e-07
-148.185 3.95748 -8.45924e-07
-147.959 3.95072 -7.90922e-07
-147.738 3.94287 -8.2173e-07
-147.52 3.93411 -8.33508e-07
-147.307 3.92458 -8.43413e-07
-147.098 3.91445 -1.0411e-06
-146.893 3.9038 -1.11513e-06
-146.691 3.89278 -9.39486e-07
-146.493 3.88148 -8.18592e-07
-146.299 3.86993 -8.06209e-07
-146.108 3.85821 -6.92034e-07
-145.921 3.8464 -1.16278e-06
-145.737 3.83453 -1.00979e-06
-145.555 3.82268 -9.26316e-07
-145.378 3.81085 -7.87087e-07
-145.203 3.79909 -6.42682e-07
-145.031 3.78742 -5.78582e-07
-144.861 3.77586 -5.08215e-07
-144.695 3.76442 -5.3471e-07
-144.531 3.7531 -4.62217e-07
-144.37 3.74187 -4.89479e-07
-144.212 3.73087 -5.26202e-07
-144.056 3.72001 -4.79309e-07
-143.902 3.70932 -4.46652e-07
-143.751 3.69879 -4.94179e-07
-143.602 3.68842 -4.64567e-07
-143.455 3.67821 -4.45943e-07
-143.311 3.66815 -5.21951e-07
-143.168 3.65824 -5.02568e-07
-143.028 3.64848 -4.53513e-07
-142.89 3.63886 -4.54483e-07
-142.753 3.62937 -4.285e-07
-142.619 3.62001 -4.113e-07
-142.487 3.61078 -3.82089e-07
-142.356 3.60166 -4.74477e-07
-142.227 3.59263 -4.00616e-07
-142.1 3.58373 -3.83452e-07
-141.975 3.57492 -4.23141e-07
-141.851 3.5662 -4.44928e-07
-141.729 3.55756 -3.88853e-07
-141.609 3.549 -3.97515e-07
-141.49 3.54051 -4.27468e-07
-141.373 3.53209 -3.46075e-07
-141.257 3.52373 -3.53334e-07
-141.143 3.51542 -4.13852e-07
-141.03 3.50717 -4.49114e-07
-140.919 3.49896 -3.98212e-07
-140.809 3.49079 -4.67657e-07
-140.7 3.48265 -4.51757e-07
-140.593 3.47455 -4.45789e-07
-140.487 3.46647 -3.61184e-07
-140.382 3.45842 -3.78834e-07
-140.278 3.45039 -3.39516e-07
-140.176 3.44238 -3.76944e-07
-140.075 3.43438 -4.44738e-07
-139.975 3.4264 -4.53524e-07
-139.876 3.41842 -3.68963e-07
-139.778 3.41045 -3.75621e-07
-139.682 3.40248 -2.98377e-07
-139.586 3.39452 -2.27551e-07
-139.492 3.38656 -3.18611e-07
-139.399 3.37859 -4.17233e-07
-139.306 3.37063 -3.92748e-07
-139.215 3.36266 -4.09977e-07
-139.124 3.35468 -3.58359e-07
-139.035 3.3467 -3.48833e-07
-138.947 3.33871 -3.99381e-07
-138.859 3.33071 -3.17697e-07
-138.772 3.32271 -3.27284e-07
-138.687 3.31469 -3.07333e-07
-138.602 3.30667 -3.85687e-07
-138.518 3.29863 -3.83271e-07
-138.435 3.29059 -3.22591e-07
-138.353 3.28253 -3.65251e-07
-138.271 3.27447 -4.07054e-07
-138.191 3.26639 -4.23896e-07
-138.111 3.2583 -4.09225e-07
-138.032 3.25021 -3.51497e-07
-137.953 3.2421 -3.72073e-07
-137.876 3.23398 -3.72233e-07
-137.799 3.22585 -3.72104e-07
-137.723 3.21771 -3.42264e-07
-137.648 3.20957 -3.47736e-07
-137.573 3.20141 -3.77438e-07
-137.499 3.19324 -3.63455e-07
-137.426 3.18507 -3.36623e-07
-137.353 3.17689 -3.66057e-07
-137.281 3.1687 -3.50235e-07
-137.21 3.16051 -3.16489e-07
-137.139 3.15231 -3.18368e-07
-137.069 3.1441 -3.11374e-07
-137 3.13589 -3.87254e-07
-136.931 3.12767 -3.88399e-07
-136.863 3.11945 -4.12655e-07
-136.796 3.11123 -3.50392e-07
-136.729 3.103 -2.90971e-07
-136.662 3.09477 -3.43206e-07
-136.596 3.08654 -3.48618e-07
-136.531 3.07831 -3.53761e-07
-136.466 3.07008 -2.87086e-07
-136.402 3.06185 -3.50502e-07
-136.338 3.05361 -3.7589e-07
-136.275 3.04539 -3.47906e-07
-136.213 3.03716 -2.71244e-07
-136.168 3.03126 -3.27578e-07
