0 0 0
-0.000225348 3.70078e-05 -2.02057e-21
-0.000450673 7.40156e-05 -3.20398e-21
-0.000675975 0.000111023 -7.86203e-22
-0.000901255 0.000148031 6.08146e-22
-0.00112651 0.000185039 5.86552e-21
-0.00135174 0.000222047 -7.03041e-21
-0.00158213 0.000258983 -6.7482e-20
-0.00199665 0.00029266 -7.27525e-18
-0.00248 0.000324426 -1.79524e-18
-0.00295683 0.000359298 -2.9305e-17
-0.0030803 0.000368193 -2.95534e-18
-0.0032098 0.00037694 7.57973e-18
-0.00340529 0.000389674 5.99022e-18
-0.00369952 0.000408108 -1.7394e-17
-0.00414476 0.000435265 7.87096e-17
-0.00470935 0.00046597 -2.3761e-15
-0.00527619 0.000494289 2.50612e-15
-0.00586623 0.000521089 1.65853e-15
-0.00649512 0.000546269 -9.50578e-16
-0.00712035 0.000569648 1.06529e-15
-0.00773861 0.000591899 2.09137e-13
-0.00835803 0.000613267 2.82883e-15
-0.00903767 0.000633914 5.74831e-14
-0.00971116 0.000653402 3.71086e-14
-0.0103781 0.000671959 4.73685e-14
-0.011035 0.000690333 7.74874e-14
-0.0116855 0.000707996 2.58569e-13
-0.0123302 0.000725057 2.2242e-12
-0.0129697 0.0007416 2.6336e-11
-0.0136802 0.000758131 4.2319e-11
-0.0143911 0.000774003 1.78545e-10
-0.015097 0.000789328 4.51948e-10
-0.015797 0.000804358 5.5102e-10
-0.0164884 0.000819534 -5.09809e-11
-0.0171752 0.000834284 3.43824e-11
-0.0178575 0.000848699 -2.21452e-10
-0.0185357 0.000862849 -4.00851e-10
-0.0192101 0.000876762 -7.79109e-10
-0.019881 0.000890481 -1.63766e-09
-0.0205486 0.000904022 -3.19768e-09
-0.0212132 0.000917398 -5.54692e-09
-0.021875 0.000930614 -5.99297e-09
-0.0225341 0.000943683 -3.26328e-09
-0.0232214 0.000956703 -1.40362e-09
-0.0239536 0.000970049 -7.9241e-10
-0.0246849 0.000983078 -7.23905e-10
-0.0254153 0.000995787 -5.67008e-10
-0.0261445 0.0010082 -4.39357e-10
-0.0268708 0.00102066 5.95135e-10
-0.0275941 0.00103314 -1.52201e-10
-0.0283161 0.00104525 -1.08305e-10
-0.0290369 0.00105703 6.11547e-10
-0.0297564 0.00106854 2.11079e-09
-0.0304747 0.0010798 4.05189e-09
-0.0311917 0.00109084 4.85536e-09
-0.0319076 0.00110169 4.88591e-09
-0.0326224 0.00111236 7.02694e-09
-0.033336 0.00112287 7.61566e-09
-0.0340487 0.00113323 6.05056e-09
-0.0347603 0.00114345 4.09172e-09
-0.0354709 0.00115354 -2.11442e-09
-0.0361807 0.0011635 1.4967e-09
-0.0368895 0.00117335 1.43928e-09
-0.0375975 0.00118308 1.46209e-09
-0.0383047 0.0011927 1.24658e-09
-0.0390111 0.00120221 1.31671e-09
-0.0397168 0.00121162 1.3973e-09
-0.0404218 0.00122094 1.49557e-09
-0.0411262 0.00123015 1.60539e-09
-0.0418299 0.00123926 1.72524e-09
-0.0425258 0.00124913 1.96324e-09
-0.0432161 0.00125957 1.93085e-09
-0.0439053 0.00126998 2.03276e-09
-0.0445935 0.00128039 2.09991e-09
-0.0452807 0.00129078 2.14507e-09
-0.0459671 0.00130116 2.15889e-09
-0.0466526 0.00131152 2.1546e-09
-0.0473374 0.00132187 2.12026e-09
-0.0480213 0.0013322 2.06383e-09
-0.0487045 0.0013425 1.98864e-09
-0.049387 0.00135278 1.69881e-09
-0.0500689 0.00136304 1.19028e-09
-0.0507501 0.00137328 1.19189e-09
-0.051484 0.00138383 1.18796e-09
-0.0522278 0.00139486 1.18605e-09
-0.0529725 0.00140584 1.1794e-09
-0.0537178 0.00141674 1.17561e-09
-0.0544639 0.00142756 1.17393e-09
-0.0552105 0.0014383 1.17077e-09
-0.0559577 0.00144895 1.16776e-09
-0.0567053 0.00145949 1.1634e-09
-0.0574502 0.00147061 1.16288e-09
-0.0581946 0.00148175 1.16021e-09
-0.0589395 0.00149268 1.15884e-09
-0.0596848 0.00150341 1.1586e-09
-0.0604304 0.00151398 1.15497e-09
-0.0611763 0.00152438 1.15115e-09
-0.0619225 0.00153463 1.14655e-09
-0.0626688 0.00154474 1.1415e-09
-0.0634152 0.00155473 1.1364e-09
-0.0641616 0.0015646 1.13457e-09
-0.0649082 0.00157436 1.13085e-09
-0.0656547 0.00158402 1.12486e-09
-0.0664013 0.00159358 1.11702e-09
-0.0671478 0.00160307 1.11631e-09
-0.0678942 0.00161247 1.11908e-09
-0.0686407 0.0016218 1.10754e-09
-0.069387 0.00163106 1.11213e-09
-0.0701332 0.00164026 1.11131e-09
-0.0708794 0.0016494 1.10383e-09
-0.0716255 0.00165848 1.10412e-09
-0.0723714 0.00166751 1.10343e-09
-0.0731173 0.00167648 1.10228e-09
-0.073863 0.00168542 1.09863e-09
-0.0746086 0.0016943 1.09481e-09
-0.0753541 0.00170315 1.09262e-09
-0.0760995 0.00171195 1.08786e-09
-0.0768447 0.00172071 1.08892e-09
-0.0775899 0.00172944 1.08611e-09
-0.0783349 0.00173813 1.08181e-09
-0.0790798 0.00174678 1.07906e-09
-0.0798246 0.0017554 1.08173e-09
-0.0805693 0.00176399 1.07764e-09
-0.0813138 0.00177255 1.07372e-09
-0.0820583 0.00178107 1.07036e-09
-0.0828027 0.00178956 1.06782e-09
-0.083547 0.00179802 1.05937e-09
-0.0842912 0.00180646 1.05747e-09
-0.0850353 0.00181486 1.05604e-09
-0.0857793 0.00182323 1.05512e-09
-0.0865233 0.00183157 1.05453e-09
-0.0872671 0.00183989 1.05195e-09
-0.0880109 0.00184817 1.04735e-09
-0.0887547 0.00185643 1.04705e-09
-0.0894984 0.00186465 1.0441e-09
-0.090242 0.00187285 1.04466e-09
-0.0909856 0.00188102 1.03316e-09
-0.0917292 0.00188916 1.03256e-09
-0.0924727 0.00189727 1.02111e-09
-0.0932162 0.00190536 1.02028e-09
-0.0939596 0.00191341 1.02768e-09
-0.0947031 0.00192144 1.02751e-09
-0.0954465 0.00192944 1.02611e-09
-0.0961899 0.00193741 1.02287e-09
-0.0969333 0.00194535 1.01675e-09
-0.0976767 0.00195326 1.01112e-09
-0.0984201 0.00196114 1.0107e-09
-0.0991635 0.00196899 1.00472e-09
-0.0999069 0.00197682 1.00717e-09
-0.10065 0.00198462 1.00124e-09
-0.101394 0.00199238 9.99708e-10
-0.102137 0.00200012 9.95543e-10
-0.102881 0.00200783 9.93437e-10
-0.103624 0.00201551 9.92373e-10
-0.104368 0.00202317 9.8954e-10
-0.105111 0.00203079 9.94037e-10
-0.105855 0.00203839 9.95275e-10
-0.106599 0.00204595 9.91245e-10
-0.107343 0.00205349 9.8493e-10
-0.108086 0.002061 9.85789e-10
-0.10883 0.00206848 9.88206e-10
-0.109574 0.00207593 9.83939e-10
-0.110318 0.00208335 9.7681e-10
-0.111062 0.00209075 9.73723e-10
-0.111806 0.00209812 9.68155e-10
-0.112551 0.00210545 9.63655e-10
-0.113295 0.00211276 9.6833e-10
-0.114039 0.00212005 9.61424e-10
-0.114784 0.0021273 9.62361e-10
-0.115528 0.00213452 9.60667e-10
-0.116273 0.00214172 9.58177e-10
-0.117018 0.00214889 9.53467e-10
-0.117763 0.00215603 9.52793e-10
-0.118508 0.00216315 9.54612e-10
-0.119253 0.00217024 9.54227e-10
-0.119998 0.00217729 9.59692e-10
-0.120743 0.00218433 9.48868e-10
-0.121489 0.00219133 9.46303e-10
-0.122234 0.00219831 9.40508e-10
-0.12298 0.00220526 9.41248e-10
-0.123726 0.00221218 9.37951e-10
-0.124471 0.00221908 9.36612e-10
-0.125217 0.00222595 9.41399e-10
-0.125964 0.0022328 9.39291e-10
-0.12671 0.00223961 9.31852e-10
-0.127456 0.00224641 9.27033e-10
-0.128203 0.00225317 9.23685e-10
-0.12895 0.00225991 9.22743e-10
-0.129696 0.00226663 9.18883e-10
-0.130443 0.00227331 9.18919e-10
-0.13119 0.00227998 9.14209e-10
-0.131938 0.00228661 9.14046e-10
-0.132685 0.00229323 9.14629e-10
-0.133433 0.00229981 9.08691e-10
-0.13418 0.00230637 9.10154e-10
-0.134928 0.00231291 9.1016e-10
-0.135676 0.00231942 9.14725e-10
-0.136425 0.00232591 9.10708e-10
-0.137173 0.00233237 9.07452e-10
-0.137922 0.00233881 8.9988e-10
-0.13867 0.00234523 9.01967e-10
-0.139419 0.00235162 8.98087e-10
-0.139957 0.0023562 8.99493e-10
