0 0
-0.000494462 1.25
-0.00197785 2.5
-0.00445016 3.75
-0.0079114 5
-0.0123616 6.25
-0.0178007 7.5
-0.0256837 8.75
-0.0787471 10
-0.152555 11.25
-0.204883 12.5
-0.220741 12.8125
-0.236904 13.125
-0.261472 13.5938
-0.299009 14.2969
-0.356692 15.3516
-0.436102 16.6016
-0.51715 17.8516
-0.614613 19.1016
-0.719933 20.3516
-0.82481 21.6016
-0.927664 22.8516
-1.04632 24.1016
-1.17491 25.3516
-1.30228 26.6016
-1.42756 27.8516
-1.55101 29.1016
-1.67335 30.3516
-1.79479 31.6016
-1.93827 32.8516
-2.0892 34.1016
-2.23939 35.3516
-2.38843 36.6016
-2.53524 37.8516
-2.6813 39.1016
-2.82674 40.3516
-2.97167 41.6016
-3.11619 42.8516
-3.26042 44.1016
-3.40445 45.3516
-3.54837 46.6016
-3.69227 47.8516
-3.83622 49.1016
-4.00552 50.3516
-4.18019 51.6016
-4.35556 52.8516
-4.53158 54.1016
-4.70802 55.3516
-4.88387 56.6016
-5.06027 57.8516
-5.2372 59.1016
-5.41467 60.3516
-5.59268 61.6016
-5.77126 62.8516
-5.9504 64.1016
-6.13012 65.3516
-6.31044 66.6016
-6.49138 67.8516
-6.67295 69.1016
-6.85517 70.3516
-7.03805 71.6016
-7.2216 72.8516
-7.40586 74.1016
-7.59082 75.3516
-7.7765 76.6016
-7.96293 77.8516
-8.1501 79.1016
-8.33804 80.3516
-8.52563 81.6016
-8.71045 82.8516
-8.89587 84.1016
-9.0819 85.3516
-9.26858 86.6016
-9.45591 87.8516
-9.64391 89.1016
-9.83261 90.3516
-10.022 91.6016
-10.2121 92.8516
-10.403 94.1016
-10.5946 95.3516
-10.787 96.6016
-11.0016 97.8516
-11.2206 99.1016
-11.441 100.352
-11.6626 101.602
-11.8855 102.852
-12.1097 104.102
-12.3351 105.352
-12.5616 106.602
-12.7878 107.852
-13.0153 109.102
-13.244 110.352
-13.4738 111.602
-13.7048 112.852
-13.9369 114.102
-14.1701 115.352
-14.4043 116.602
-14.6397 117.852
-14.876 119.102
-15.1134 120.352
-15.3518 121.602
-15.5912 122.852
-15.8317 124.102
-16.0731 125.352
-16.3155 126.602
-16.5589 127.852
-16.8033 129.102
-17.0487 130.352
-17.2951 131.602
-17.5424 132.852
-17.7907 134.102
-18.04 135.352
-18.2903 136.602
-18.5415 137.852
-18.7937 139.102
-19.0469 140.352
-19.3011 141.602
-19.5563 142.852
-19.8124 144.102
-20.0695 145.352
-20.3276 146.602
-20.5867 147.852
-20.8468 149.102
-21.1079 150.352
-21.37 151.602
-21.633 152.852
-21.8971 154.102
-22.1622 155.352
-22.4282 156.602
-22.6953 157.852
-22.9634 159.102
-23.2325 160.352
-23.5026 161.602
-23.7737 162.852
-24.0459 164.102
-24.319 165.352
-24.5932 166.602
-24.8684 167.852
-25.1447 169.102
-25.422 170.352
-25.7003 171.602
-25.9796 172.852
-26.26 174.102
-26.5414 175.352
-26.8238 176.602
-27.1073 177.852
-27.3919 179.102
-27.6775 180.352
-27.9641 181.602
-28.2518 182.852
-28.5406 184.102
-28.8304 185.352
-29.1213 186.602
-29.4132 187.852
-29.7062 189.102
-30.0002 190.352
-30.2954 191.602
-30.5916 192.852
-30.8888 194.102
-31.1872 195.352
-31.4866 196.602
-31.7871 197.852
-32.0887 199.102
-32.3913 200.352
-32.6951 201.602
-32.9999 202.852
-33.3058 204.102
-33.6128 205.352
-33.9209 206.602
-34.2301 207.852
-34.5403 209.102
-34.8517 210.352
-35.1642 211.602
-35.4777 212.852
-35.7924 214.102
-36.1082 215.352
-36.425 216.602
-36.743 217.852
-37.0621 219.102
-37.3823 220.352
-37.7036 221.602
-38.026 222.852
-38.3495 224.102
-38.6741 225.352
-38.9999 226.602
-39.3267 227.852
-39.6547 229.102
-39.9838 230.352
-40.314 231.602
-40.6454 232.852
-40.9778 234.102
-41.3114 235.352
-41.6462 236.602
-41.982 237.852
-42.319 239.102
-42.6571 240.352
-42.9963 241.602
-43.3367 242.852
-43.6782 244.102
-44.0209 245.352
-44.3647 246.602
-44.7096 247.852
-45.0556 249.102
-45.3051 250
