0 0 0
43.1504 2.72524 7.33116e-17
86.3053 5.45049 -3.58482e-16
129.465 8.17573 7.1177e-17
172.629 10.901 -2.39884e-16
215.797 13.6262 1.51496e-16
258.97 16.3515 -1.76557e-17
301.832 19.0689 3.4852e-14
336.631 21.5392 2.91044e-13
367.382 23.9075 -2.35044e-13
371.529 23.3398 7.18812e-14
371.572 23.1127 -1.6382e-13
371.61 22.9155 -3.54412e-12
371.666 22.6157 4.00385e-13
371.752 22.1595 8.87906e-12
371.886 21.4441 -1.10201e-11
372 20.851 -2.36771e-12
372.128 20.1966 -1.00486e-11
372.227 19.7229 3.9554e-12
372.285 19.5148 1.37755e-09
372.366 19.1928 -1.06682e-11
372.465 18.7888 -1.20119e-09
372.567 18.3885 1.32332e-09
372.586 18.4961 -3.5714e-10
372.627 18.4805 -8.312e-11
372.687 18.3627 -3.4101e-10
372.765 18.1721 -4.97941e-10
372.858 17.9096 -2.13617e-09
372.965 17.5943 -6.10715e-09
373.082 17.2414 5.53984e-08
373.093 17.4871 -5.97849e-06
373.106 17.7138 7.35898e-07
373.134 17.8547 1.84125e-06
373.176 17.9208 3.59471e-06
373.234 17.926 -1.59262e-06
373.305 17.8659 -6.85126e-08
373.388 17.754 -7.08855e-07
373.482 17.6019 -8.67836e-07
373.585 17.4168 -1.00488e-06
373.696 17.207 -2.18202e-06
373.814 16.9781 -4.59995e-06
373.94 16.7351 -9.72259e-06
374.071 16.4818 -1.42586e-05
374.208 16.2211 -3.32898e-06
374.312 16.1305 -2.22551e-06
374.316 16.5119 -2.44124e-05
374.326 16.849 7.57957e-06
374.342 17.1421 1.53134e-05
374.365 17.3927 2.58746e-05
374.395 17.6099 -1.65376e-05
374.432 17.7955 5.11249e-05
374.478 17.9352 2.6349e-05
374.531 18.0345 4.18915e-06
374.591 18.0984 8.78849e-06
374.659 18.1316 1.51102e-05
374.732 18.1372 1.804e-05
374.811 18.1187 1.93735e-07
374.895 18.0791 -7.81479e-07
374.985 18.0209 -1.7849e-06
375.078 17.9465 -6.17028e-06
375.177 17.8576 8.82614e-07
375.279 17.7564 3.12814e-06
375.384 17.6443 3.0002e-06
375.494 17.5227 2.034e-06
375.606 17.3932 2.08326e-06
375.722 17.2564 7.22924e-06
375.84 17.114 8.75283e-06
375.961 16.9666 1.06596e-05
376.085 16.815 1.31357e-05
376.211 16.66 1.61919e-05
376.34 16.5023 2.73786e-05
376.475 16.3427 -3.93489e-05
376.623 16.1833 -6.70719e-06
376.773 16.0257 -8.00537e-06
376.926 15.8702 -8.68195e-06
377.082 15.717 -9.21325e-06
377.241 15.5663 -9.58676e-06
377.402 15.4182 -9.73287e-06
377.566 15.2729 -9.63223e-06
377.733 15.13 -8.01508e-06
377.902 14.9902 1.63895e-06
378.073 14.8533 1.53913e-06
378.248 14.7191 1.35347e-06
378.425 14.5878 1.22481e-06
378.507 14.7668 1.70403e-06
378.54 15.1442 1.56413e-06
378.574 15.508 1.52643e-06
378.607 15.858 1.42712e-06
378.64 16.1937 1.39674e-06
378.673 16.5149 1.30546e-06
378.707 16.8214 1.26266e-06
378.742 17.1131 1.21375e-06
378.78 17.4035 1.18715e-06
378.82 17.6851 1.11625e-06
378.863 17.9443 1.04141e-06
378.908 18.1827 9.76355e-07
378.956 18.4015 9.20581e-07
379.006 18.6018 8.55499e-07
379.059 18.7844 7.93631e-07
379.115 18.9507 7.28328e-07
379.173 19.1014 7.00043e-07
379.233 19.2375 6.41566e-07
379.297 19.3599 5.79153e-07
379.363 19.4693 5.29156e-07
379.431 19.5667 5.19627e-07
379.502 19.6525 3.93864e-07
379.575 19.7277 4.07522e-07
379.65 19.7929 4.48007e-07
379.728 19.8484 3.66077e-07
379.808 19.8949 4.20048e-07
379.891 19.933 3.32857e-07
379.975 19.9631 2.97919e-07
380.061 19.9858 2.90242e-07
380.15 20.0016 2.76533e-07
380.24 20.0108 2.632e-07
380.332 20.0138 2.55476e-07
380.426 20.0111 2.2334e-07
380.522 20.0029 2.4747e-07
380.62 19.9895 1.90857e-07
380.719 19.9712 1.94239e-07
380.82 19.9487 1.65517e-07
380.922 19.922 1.55564e-07
381.026 19.8915 1.53112e-07
381.131 19.8573 1.27434e-07
381.238 19.8197 1.13815e-07
381.346 19.779 1.08204e-07
381.455 19.7353 7.63645e-08
381.566 19.6889 5.91842e-08
381.678 19.6399 6.27725e-08
381.791 19.5886 5.49694e-08
381.905 19.5351 5.0201e-08
382.02 19.4796 4.52512e-08
382.137 19.4222 4.23909e-08
382.254 19.3631 1.25024e-08
382.373 19.3023 1.46555e-08
382.493 19.2402 1.4477e-08
382.613 19.1767 -5.84874e-09
382.735 19.112 -2.20424e-08
382.857 19.0461 -1.17446e-08
382.981 18.9793 -2.42875e-08
383.105 18.9115 -3.88366e-08
383.23 18.8429 -2.9715e-08
383.356 18.7735 -3.18683e-08
383.483 18.7035 -5.19884e-08
383.61 18.6328 -6.74729e-08
383.739 18.5617 -6.66711e-08
383.868 18.4901 -8.07086e-08
383.998 18.418 -8.63419e-08
384.129 18.3457 -8.82344e-08
384.26 18.273 -7.76721e-08
384.392 18.2001 -7.77335e-08
384.525 18.127 -7.88918e-08
384.658 18.0538 -8.66418e-08
384.793 17.9804 -1.04895e-07
384.927 17.907 -1.14011e-07
385.063 17.8335 -1.02487e-07
385.199 17.76 -1.00652e-07
385.336 17.6866 -9.36811e-08
385.473 17.6132 -8.01481e-08
385.611 17.5399 -9.20965e-08
385.75 17.4667 -1.18771e-07
385.889 17.3936 -1.27209e-07
386.028 17.3207 -1.27216e-07
386.169 17.248 -1.22264e-07
386.31 17.1754 -1.20341e-07
386.451 17.1031 -1.29208e-07
386.593 17.0309 -1.22813e-07
386.735 16.959 -1.21609e-07
386.878 16.8874 -1.21703e-07
387.022 16.816 -1.32415e-07
387.166 16.7449 -1.38809e-07
387.311 16.6741 -1.32916e-07
387.456 16.6036 -1.3418e-07
387.601 16.5334 -1.44884e-07
387.747 16.4635 -1.50174e-07
387.894 16.3939 -1.51126e-07
388.041 16.3247 -1.44783e-07
388.189 16.2557 -1.43413e-07
388.337 16.1871 -1.46273e-07
388.485 16.1189 -1.46782e-07
388.634 16.051 -1.46613e-07
388.783 15.9834 -1.44083e-07
388.933 15.9162 -1.48171e-07
389.083 15.8494 -1.51008e-07
389.234 15.7829 -1.47345e-07
389.385 15.7167 -1.48563e-07
389.536 15.651 -1.51634e-07
389.688 15.5856 -1.47269e-07
389.841 15.5205 -1.47691e-07
389.993 15.4559 -1.4926e-07
390.146 15.3915 -1.53742e-07
390.3 15.3276 -1.59214e-07
390.454 15.264 -1.55983e-07
390.608 15.2008 -1.60018e-07
390.763 15.1379 -1.50886e-07
390.918 15.0755 -1.48403e-07
391.073 15.0133 -1.55766e-07
391.229 14.9516 -1.56256e-07
391.385 14.8902 -1.54811e-07
391.542 14.8291 -1.51547e-07
391.699 14.7685 -1.56498e-07
391.856 14.7082 -1.58313e-07
392.014 14.6482 -1.5769e-07
392.127 14.6053 -1.4507e-07
