0 0 0
-1.27024e-10 -20450.9 -3.11876e+07
-5.13282e-10 -40901.9 -6.23753e+07
-1.17848e-09 -61352.9 -9.35629e+07
-2.03443e-09 -81804.1 -1.24751e+08
-3.14276e-09 -102256 -1.55938e+08
-4.33374e-09 -122707 -1.87126e+08
4.22387e-05 -143074 -2.18185e+08
-0.010853 -160249 -2.44373e+08
-0.011139 -161778 -2.46696e+08
0.00212521 -144866 -2.20888e+08
-0.0299229 -142419 -2.17153e+08
0.00401757 -139499 -2.12694e+08
0.00133017 -135991 -2.07339e+08
0.00562676 -132290 -2.01688e+08
0.000204874 -128448 -1.95817e+08
1.13846e-05 -123918 -1.88896e+08
0.000296798 -120799 -1.84126e+08
-0.0017098 -118488 -1.8059e+08
0.00769086 -116709 -1.77863e+08
-2.91891e-05 -115284 -1.75679e+08
6.05797e-05 -114099 -1.73861e+08
0.00023879 -112642 -1.71625e+08
-0.00354402 -111368 -1.6967e+08
-0.00648673 -110252 -1.67955e+08
-0.0015575 -109266 -1.66438e+08
-0.00203223 -108390 -1.65091e+08
-0.00194237 -107610 -1.63888e+08
-0.00190068 -106912 -1.6281e+08
-0.00186622 -106283 -1.61838e+08
-0.0018221 -105713 -1.60957e+08
-0.00654499 -105196 -1.60155e+08
-0.00600079 -104723 -1.59421e+08
-0.0053896 -104290 -1.58748e+08
-0.00483973 -103891 -1.58127e+08
-0.00434976 -103523 -1.57553e+08
-0.00391858 -103183 -1.57021e+08
-0.00354016 -102867 -1.56526e+08
0.00119149 -102573 -1.56064e+08
0.00084874 -102299 -1.55633e+08
0.00072151 -102043 -1.55229e+08
0.000544475 -101803 -1.5485e+08
0.000468277 -101578 -1.54494e+08
0.000403399 -101367 -1.54159e+08
0.000353056 -101169 -1.53843e+08
0.000306007 -100982 -1.53545e+08
0.000269867 -100806 -1.53262e+08
0.000931063 -100628 -1.52976e+08
-0.000751208 -100449 -1.52688e+08
0.00132138 -100275 -1.52408e+08
-0.00703253 -100104 -1.52133e+08
0.000297333 -99932.2 -1.51856e+08
0.00680268 -99760.1 -1.51579e+08
-0.0401419 -99582.4 -1.51292e+08
-0.000968175 -99392.6 -1.50987e+08
0.000485246 -99195.7 -1.5067e+08
0.00114277 -98996.7 -1.50351e+08
0.00269774 -98799.1 -1.50034e+08
0.00392425 -98605.6 -1.49722e+08
0.00534441 -98417.7 -1.4942e+08
0.00650176 -98236.3 -1.49127e+08
-0.00742677 -98061.6 -1.48844e+08
-0.00149845 -97893.7 -1.48571e+08
-0.00152491 -97732.6 -1.48309e+08
-0.00150203 -97577.8 -1.48056e+08
-0.00151352 -97429.2 -1.47813e+08
-0.00148204 -97286.4 -1.47579e+08
-0.00149787 -97149 -1.47352e+08
-0.00143796 -97016.8 -1.47134e+08
-0.00782175 -96889.4 -1.46922e+08
-0.00778815 -96766.6 -1.46718e+08
-0.00757683 -96648.1 -1.4652e+08
-0.0073119 -96533.7 -1.46328e+08
-0.00715412 -96423.1 -1.46142e+08
-0.00699104 -96316.1 -1.45961e+08
-0.00691133 -96212.5 -1.45786e+08
-0.00671547 -96112.2 -1.45615e+08
0.00623519 -96014.9 -1.45449e+08
0.00547351 -95920.6 -1.45287e+08
0.00546701 -95829 -1.4513e+08
0.00500617 -95740.1 -1.44976e+08
0.00473348 -95653.7 -1.44826e+08
0.00480804 -95569.6 -1.4468e+08
0.00450059 -95487.9 -1.44537e+08
0.00421085 -95408.3 -1.44397e+08
0.00423096 -95330.9 -1.4426e+08
0.00407643 -95255.4 -1.44127e+08
0.00366495 -95181.8 -1.43996e+08
0.00324798 -95110.1 -1.43868e+08
0.00330942 -95040.1 -1.43742e+08
0.00337267 -94971.8 -1.43619e+08
0.00337694 -94905.1 -1.43498e+08
0.00311311 -94840 -1.4338e+08
0.00304493 -94776.4 -1.43264e+08
0.00254116 -94714.2 -1.43149e+08
0.00269859 -94653.3 -1.43037e+08
0.002754 -94593.9 -1.42927e+08
0.00185749 -94535.7 -1.42819e+08
0.00202116 -94478.7 -1.42712e+08
0.00227229 -94422.9 -1.42607e+08
0.00199694 -94368.3 -1.42504e+08
0.00174157 -94314.8 -1.42403e+08
0.00172293 -94262.4 -1.42303e+08
0.0017594 -94211 -1.42204e+08
0.00165196 -94160.6 -1.42107e+08
0.00168126 -94111.2 -1.42011e+08
0.00160946 -94062.7 -1.41917e+08
0.0016216 -94015.1 -1.41824e+08
0.00139224 -93968.4 -1.41732e+08
0.0012288 -93922.6 -1.41641e+08
0.00126959 -93877.6 -1.41552e+08
0.00148401 -93833.4 -1.41464e+08
0.00127085 -93789.9 -1.41376e+08
0.000955059 -93747.3 -1.4129e+08
0.00127563 -93705.3 -1.41205e+08
0.00100273 -93664.1 -1.41121e+08
0.00141119 -93623.5 -1.41038e+08
0.000678768 -93583.6 -1.40955e+08
0.00114385 -93544.4 -1.40874e+08
0.00081863 -93505.8 -1.40793e+08
0.00102739 -93467.8 -1.40714e+08
0.00082468 -93430.4 -1.40635e+08
0.00102363 -93393.6 -1.40557e+08
0.000661894 -93357.4 -1.40479e+08
-0.000307371 -93321.7 -1.40403e+08
0.00101861 -93286.5 -1.40327e+08
0.00108947 -93251.9 -1.40252e+08
0.000640686 -93217.7 -1.40177e+08
0.000573671 -93184.1 -1.40103e+08
0.000832859 -93150.9 -1.4003e+08
-0.000259759 -93118.2 -1.39958e+08
0.000570802 -93086 -1.39886e+08
-0.00125 -93054.2 -1.39814e+08
0.000765273 -93022.8 -1.39744e+08
0.000578678 -92991.9 -1.39673e+08
-0.00152073 -92961.4 -1.39604e+08
0.000803577 -92931.3 -1.39534e+08
0.000334816 -92901.5 -1.39466e+08
0.000587857 -92872.2 -1.39397e+08
0.000605817 -92843.2 -1.3933e+08
0.000603552 -92814.6 -1.39262e+08
0.000571339 -92786.4 -1.39196e+08
0.000422641 -92758.5 -1.39129e+08
-1.30445e-05 -92731 -1.39063e+08
7.12617e-06 -92703.7 -1.38998e+08
-0.00028475 -92676.9 -1.38933e+08
0.000641761 -92650.3 -1.38868e+08
0.000699142 -92624 -1.38803e+08
0.000496453 -92598.1 -1.38739e+08
0.000185023 -92572.4 -1.38676e+08
0.000198741 -92547.1 -1.38612e+08
7.14989e-06 -92522 -1.38549e+08
0.000321755 -92497.2 -1.38487e+08
-1.85148e-05 -92472.7 -1.38424e+08
-5.52503e-05 -92448.4 -1.38362e+08
0.000739049 -92424.4 -1.38301e+08
9.50579e-05 -92400.7 -1.38239e+08
5.03086e-05 -92377.2 -1.38178e+08
5.34671e-05 -92354 -1.38117e+08
0.000355276 -92331 -1.38057e+08
0.00019869 -92308.3 -1.37997e+08
-4.21895e-05 -92285.6 -1.37936e+08
8.64775e-05 -92263 -1.37876e+08
0.000687992 -92240.7 -1.37816e+08
-4.07833e-05 -92218.5 -1.37756e+08
-0.000289901 -92196.6 -1.37697e+08
0.000646818 -92174.9 -1.37637e+08
-0.00284253 -92153.4 -1.37578e+08
0.000588682 -92132.1 -1.37519e+08
0.000124574 -92111 -1.37461e+08
-0.000313727 -92090.1 -1.37402e+08
0.001148 -92069.4 -1.37344e+08
0.000270448 -92048.8 -1.37286e+08
0.00181483 -92028.5 -1.37228e+08
0.000145951 -92008.4 -1.3717e+08
0.000673603 -91988.4 -1.37113e+08
-0.000430174 -91968.6 -1.37055e+08
0.000120582 -91949 -1.36998e+08
0.000145575 -91929.6 -1.36941e+08
