0 0 0
-1.14881e-10 -20395 -3.11023e+07
-4.94154e-10 -40790 -6.22047e+07
-1.1276e-09 -61185.1 -9.3307e+07
-1.92733e-09 -81580.4 -1.24409e+08
-2.92846e-09 -101976 -1.55512e+08
-4.14821e-09 -122372 -1.86614e+08
-0.000850544 -142563 -2.17405e+08
-8.78133e-06 -154500 -2.35601e+08
0.00326144 -162486 -2.47768e+08
1.32709e-05 -164641 -2.51046e+08
-0.000903697 -164758 -2.51221e+08
-0.000635903 -164862 -2.51377e+08
0.00286068 -164992 -2.51572e+08
-8.41009e-05 -164769 -2.51225e+08
-0.000859368 -163353 -2.49057e+08
5.09695e-05 -161660 -2.46462e+08
0.000172795 -159466 -2.43104e+08
-1.4115e-06 -157048 -2.394e+08
-1.66513e-05 -154889 -2.36094e+08
1.86094e-05 -152887 -2.33027e+08
0.000686424 -150447 -2.29289e+08
0.00198691 -148274 -2.25958e+08
0.00129298 -146364 -2.23031e+08
8.49136e-08 -144683 -2.20451e+08
-9.9433e-06 -143186 -2.18155e+08
-0.00373303 -141666 -2.1582e+08
0.00371535 -139955 -2.13193e+08
0.00556546 -138399 -2.10802e+08
-0.00235855 -136990 -2.08637e+08
0.000375039 -135722 -2.06688e+08
-0.000254917 -134564 -2.04905e+08
-0.00110041 -133502 -2.03269e+08
-4.34924e-05 -132525 -2.01764e+08
-0.000828717 -131624 -2.00374e+08
-0.00135544 -130791 -1.99087e+08
-0.00301022 -130018 -1.97893e+08
0.0083026 -129299 -1.96782e+08
0.00245288 -128504 -1.95553e+08
0.00143958 -127615 -1.94178e+08
0.00243862 -126775 -1.9288e+08
0.00283402 -125983 -1.91653e+08
0.000357651 -125242 -1.90506e+08
-5.18e-05 -124552 -1.89435e+08
-3.89116e-05 -123900 -1.88423e+08
9.41694e-05 -123285 -1.87466e+08
8.21959e-05 -122703 -1.8656e+08
-0.000666 -122152 -1.85703e+08
-5.41392e-05 -121630 -1.84889e+08
-2.411e-05 -121136 -1.84117e+08
2.3044e-05 -120666 -1.83383e+08
0.000121948 -120221 -1.82686e+08
0.00798224 -119797 -1.82022e+08
-0.01698 -119395 -1.8139e+08
-0.000338068 -119011 -1.80787e+08
0.00160461 -118646 -1.80212e+08
0.00144423 -118299 -1.79663e+08
0.00129704 -117967 -1.79139e+08
0.00120607 -117650 -1.78637e+08
0.00114187 -117348 -1.78158e+08
0.0104107 -117057 -1.77696e+08
-0.00347051 -116776 -1.77249e+08
-0.00163301 -116505 -1.76818e+08
-0.00219371 -116246 -1.76404e+08
-0.000856385 -115996 -1.76005e+08
-0.00137285 -115756 -1.75621e+08
5.26337e-05 -115525 -1.7525e+08
-0.00122552 -115302 -1.74892e+08
-0.00191185 -115088 -1.74546e+08
-0.00114072 -114881 -1.74213e+08
0.00341826 -114655 -1.73848e+08
2.30443e-05 -114377 -1.73404e+08
0.00104496 -114106 -1.72969e+08
0.0022711 -113841 -1.72544e+08
0.00265064 -113582 -1.72128e+08
0.00311876 -113330 -1.71722e+08
0.00363849 -113083 -1.71324e+08
-0.000189973 -112848 -1.70944e+08
-0.00414812 -112619 -1.70574e+08
-0.00213536 -112396 -1.70213e+08
-0.00190791 -112178 -1.69859e+08
-0.000294848 -111966 -1.69514e+08
-0.00197702 -111759 -1.69176e+08
0.000293175 -111557 -1.68847e+08
0.000181162 -111360 -1.68525e+08
6.01685e-05 -111169 -1.68211e+08
-3.99703e-05 -110982 -1.67904e+08
-0.000111053 -110800 -1.67604e+08
0.00638848 -110623 -1.67311e+08
-1.46811e-05 -110450 -1.67026e+08
-0.000132677 -110281 -1.66746e+08
-0.000139825 -110117 -1.66474e+08
-0.000149803 -109957 -1.66207e+08
-0.000158653 -109801 -1.65947e+08
-0.000164938 -109650 -1.65693e+08
0.00131687 -109502 -1.65444e+08
0.00146535 -109357 -1.65201e+08
0.00322705 -109217 -1.64963e+08
0.00344296 -109079 -1.64731e+08
0.00366213 -108946 -1.64504e+08
0.00384381 -108815 -1.64282e+08
0.00404763 -108688 -1.64065e+08
0.00420739 -108564 -1.63852e+08
0.00432622 -108443 -1.63644e+08
0.00443275 -108325 -1.6344e+08
0.00456564 -108210 -1.63241e+08
0.0046127 -108097 -1.63045e+08
0.00472768 -107988 -1.62854e+08
0.00474501 -107880 -1.62667e+08
0.00480152 -107776 -1.62483e+08
0.00487245 -107674 -1.62304e+08
0.00486676 -107574 -1.62128e+08
0.00389663 -107477 -1.61955e+08
0.00390054 -107382 -1.61786e+08
0.00387928 -107290 -1.6162e+08
0.00386343 -107199 -1.61457e+08
0.00381455 -107111 -1.61297e+08
0.00378854 -107024 -1.61141e+08
0.0037797 -106940 -1.60987e+08
0.00371213 -106858 -1.60836e+08
0.00370252 -106777 -1.60688e+08
0.003617 -106699 -1.60543e+08
0.00364932 -106622 -1.604e+08
0.00358412 -106547 -1.60261e+08
0.00351462 -106473 -1.60123e+08
0.00352477 -106402 -1.59988e+08
0.00338374 -106332 -1.59855e+08
0.00337831 -106263 -1.59725e+08
0.00433173 -106197 -1.59597e+08
0.00431259 -106131 -1.59471e+08
0.00417941 -106068 -1.59348e+08
0.00416911 -106005 -1.59226e+08
0.00404451 -105944 -1.59107e+08
0.00388634 -105885 -1.5899e+08
0.00384803 -105827 -1.58874e+08
0.00380199 -105770 -1.58761e+08
0.00372193 -105714 -1.58649e+08
0.00375418 -105660 -1.58539e+08
0.00365817 -105607 -1.58431e+08
0.00363668 -105555 -1.58325e+08
0.00359562 -105505 -1.5822e+08
0.00342062 -105455 -1.58118e+08
0.00345047 -105407 -1.58016e+08
0.00325956 -105360 -1.57917e+08
0.00324196 -105314 -1.57819e+08
0.00322508 -105269 -1.57722e+08
0.00315497 -105225 -1.57627e+08
0.00314868 -105182 -1.57534e+08
0.00304643 -105141 -1.57442e+08
0.00294758 -105100 -1.57351e+08
0.00296772 -105060 -1.57262e+08
0.00293412 -105021 -1.57174e+08
0.00279754 -104983 -1.57087e+08
0.00285646 -104946 -1.57002e+08
0.00275647 -104910 -1.56918e+08
0.00275122 -104875 -1.56835e+08
0.00269249 -104841 -1.56753e+08
0.00256468 -104807 -1.56673e+08
0.00255388 -104775 -1.56594e+08
0.0025106 -104743 -1.56516e+08
0.00248658 -104712 -1.56439e+08
0.00249264 -104682 -1.56363e+08
0.00238334 -104653 -1.56288e+08
0.00248338 -104624 -1.56215e+08
0.00242984 -104596 -1.56142e+08
0.00227979 -104569 -1.56071e+08
0.00220061 -104543 -1.56e+08
0.00184148 -104518 -1.5593e+08
0.00213541 -104493 -1.55862e+08
0.00199575 -104469 -1.55794e+08
0.00157339 -104445 -1.55727e+08
0.00171143 -104422 -1.55662e+08
0.00155686 -104400 -1.55597e+08
0.00151679 -104379 -1.55533e+08
0.001638 -104358 -1.5547e+08
0.00163366 -104338 -1.55408e+08
0.00153058 -104319 -1.55346e+08
0.00156559 -104300 -1.55286e+08
0.00138402 -104282 -1.55226e+08
0.00137341 -104264 -1.55167e+08
0.00141638 -104247 -1.55109e+08
0.00151801 -104231 -1.55051e+08
0.0012961 -104215 -1.54995e+08
0.00121942 -104200 -1.54939e+08
0.00132132 -104185 -1.54884e+08
0.00116982 -104171 -1.5483e+08
0.00121276 -104158 -1.54776e+08
0.0014206 -104145 -1.54723e+08
0.00125064 -104132 -1.54671e+08
0.00120764 -104120 -1.54619e+08
0.00117312 -104109 -1.54568e+08
0.00129536 -104098 -1.54518e+08
0.00115251 -104088 -1.54468e+08
0.00114187 -104078 -1.54419e+08
0.00100447 -104069 -1.54371e+08
0.00120806 -104060 -1.54323e+08
0.000885 -104051 -1.54276e+08
0.00119308 -104043 -1.5423e+08
0.000733009 -104036 -1.54184e+08
0.0031747 -104026 -1.54133e+08
-0.00174337 -104016 -1.54083e+08
-0.00156235 -104007 -1.54034e+08
-0.00151717 -103998 -1.53985e+08
-0.000247731 -103992 -1.5395e+08
