0 0
-0.000494462 1.25
-0.00197785 2.5
-0.00445016 3.75
-0.0079114 5
-0.0123616 6.25
-0.0178007 7.5
-0.0260435 8.75
-0.0808958 10
-0.156366 11.25
-0.212479 12.5
-0.22732 12.8125
-0.243614 13.125
-0.268486 13.5938
-0.30634 14.2969
-0.363109 15.3516
-0.443082 16.6016
-0.524809 17.8516
-0.616298 19.1016
-0.722788 20.3516
-0.829184 21.6016
-0.934318 22.8516
-1.04111 24.1016
-1.17187 25.3516
-1.30167 26.6016
-1.43034 27.8516
-1.55656 29.1016
-1.68158 30.3516
-1.80566 31.6016
-1.92896 32.8516
-2.07989 34.1016
-2.23315 35.3516
-2.38574 36.6016
-2.53728 37.8516
-2.68667 39.1016
-2.83538 40.3516
-2.98353 41.6016
-3.13122 42.8516
-3.27856 44.1016
-3.42563 45.3516
-3.57253 46.6016
-3.71934 47.8516
-3.86615 49.1016
-4.01301 50.3516
-4.16912 51.6016
-4.34679 52.8516
-4.52522 54.1016
-4.70435 55.3516
-4.88412 56.6016
-5.064 57.8516
-5.24364 59.1016
-5.42385 60.3516
-5.60462 61.6016
-5.78595 62.8516
-5.96786 64.1016
-6.15034 65.3516
-6.33342 66.6016
-6.5171 67.8516
-6.70141 69.1016
-6.88634 70.3516
-7.07193 71.6016
-7.25817 72.8516
-7.4451 74.1016
-7.63271 75.3516
-7.82103 76.6016
-8.01007 77.8516
-8.19985 79.1016
-8.39037 80.3516
-8.58165 81.6016
-8.7737 82.8516
-8.96653 84.1016
-9.15857 85.3516
-9.34817 86.6016
-9.53839 87.8516
-9.72925 89.1016
-9.92077 90.3516
-10.113 91.6016
-10.3058 92.8516
-10.4994 94.1016
-10.6938 95.3516
-10.8888 96.6016
-11.0846 97.8516
-11.2812 99.1016
-11.4785 100.352
-11.6949 101.602
-11.9192 102.852
-12.1447 104.102
-12.3716 105.352
-12.5998 106.602
-12.8293 107.852
-13.0599 109.102
-13.2919 110.352
-13.524 111.602
-13.7567 112.852
-13.9907 114.102
-14.2258 115.352
-14.4621 116.602
-14.6995 117.852
-14.938 119.102
-15.1777 120.352
-15.4184 121.602
-15.6601 122.852
-15.9029 124.102
-16.1468 125.352
-16.3916 126.602
-16.6375 127.852
-16.8844 129.102
-17.1323 130.352
-17.3812 131.602
-17.6311 132.852
-17.882 134.102
-18.1339 135.352
-18.3868 136.602
-18.6407 137.852
-18.8955 139.102
-19.1514 140.352
-19.4082 141.602
-19.666 142.852
-19.9248 144.102
-20.1846 145.352
-20.4453 146.602
-20.7071 147.852
-20.9698 149.102
-21.2336 150.352
-21.4983 151.602
-21.764 152.852
-22.0307 154.102
-22.2985 155.352
-22.5672 156.602
-22.8369 157.852
-23.1076 159.102
-23.3793 160.352
-23.6521 161.602
-23.9258 162.852
-24.2006 164.102
-24.4764 165.352
-24.7532 166.602
-25.031 167.852
-25.3098 169.102
-25.5897 170.352
-25.8706 171.602
-26.1525 172.852
-26.4355 174.102
-26.7194 175.352
-27.0045 176.602
-27.2905 177.852
-27.5776 179.102
-27.8658 180.352
-28.155 181.602
-28.4452 182.852
-28.7365 184.102
-29.0289 185.352
-29.3223 186.602
-29.6167 187.852
-29.9122 189.102
-30.2088 190.352
-30.5065 191.602
-30.8052 192.852
-31.1049 194.102
-31.4058 195.352
-31.7077 196.602
-32.0107 197.852
-32.3147 199.102
-32.6199 200.352
-32.9261 201.602
-33.2334 202.852
-33.5418 204.102
-33.8513 205.352
-34.1618 206.602
-34.4735 207.852
-34.7862 209.102
-35.1 210.352
-35.4149 211.602
-35.7309 212.852
-36.048 214.102
-36.3663 215.352
-36.6856 216.602
-37.006 217.852
-37.3275 219.102
-37.6501 220.352
-37.9738 221.602
-38.2987 222.852
-38.6246 224.102
-38.9517 225.352
-39.2799 226.602
-39.6091 227.852
-39.9395 229.102
-40.2711 230.352
-40.6037 231.602
-40.9375 232.852
-41.2724 234.102
-41.6084 235.352
-41.9455 236.602
-42.2838 237.852
-42.6231 239.102
-42.9637 240.352
-43.3053 241.602
-43.6481 242.852
-43.992 244.102
-44.3371 245.352
-44.6833 246.602
-45.0306 247.852
-45.379 249.102
-45.6302 250
