0 0 0
-0.000225253 3.69922e-05 -9.48391e-22
-0.000450484 7.39844e-05 6.55985e-22
-0.000675691 0.000110977 4.38258e-22
-0.000900875 0.000147969 -1.06861e-20
-0.00112604 0.000184961 -1.00916e-20
-0.00135118 0.000221954 -1.1062e-20
-0.00158185 0.000258955 1.83279e-19
-0.00203854 0.000295455 -5.99723e-18
-0.00258695 0.00033109 -1.62827e-18
-0.00315414 0.000372621 -4.65867e-18
-0.00331121 0.000383024 -2.18184e-17
-0.00346882 0.000393229 1.65362e-16
-0.00370632 0.000408056 -4.07459e-18
-0.00406284 0.000430241 1.66014e-16
-0.00464947 0.000462413 -4.82752e-15
-0.00534781 0.000497098 1.1188e-14
-0.00609529 0.000529733 -2.39065e-15
-0.00687296 0.000559651 1.39776e-13
-0.00764043 0.000587339 1.22829e-14
-0.00840959 0.000613757 1.67164e-14
-0.00925068 0.000638932 -1.43038e-14
-0.0100801 0.000662399 3.11451e-15
-0.0108949 0.000685018 -4.41678e-14
-0.0116966 0.000706797 -3.16852e-13
-0.0124883 0.000727623 -6.52084e-13
-0.0133067 0.000748068 -6.21778e-13
-0.0141846 0.000767846 -1.23834e-12
-0.0150539 0.000786727 -2.95205e-12
-0.0159127 0.000805188 -5.94372e-12
-0.0167592 0.000823598 1.1113e-12
-0.017598 0.000841414 4.03017e-12
-0.0184296 0.000858776 1.34341e-11
-0.0192549 0.000875775 7.0246e-11
-0.0200743 0.000892465 6.86587e-11
-0.0208884 0.000908889 1.67473e-10
-0.0216977 0.000925066 4.25764e-10
-0.0225026 0.000941012 1.23381e-09
-0.0233557 0.000956866 -8.6361e-10
-0.0242503 0.000972981 4.36136e-10
-0.0251431 0.000988611 4.36305e-10
-0.0260338 0.00100378 8.49701e-10
-0.0269201 0.00101895 2.61182e-09
-0.027802 0.00103402 1.22787e-09
-0.0286816 0.00104856 5.39572e-09
-0.029559 0.00106265 7.49694e-09
-0.0304342 0.00107637 6.43098e-09
-0.0313073 0.00108976 -3.59496e-10
-0.0321785 0.00110286 -4.06153e-09
-0.0330477 0.00111571 -5.55928e-09
-0.0339151 0.00112832 -6.31003e-09
-0.0347808 0.00114072 -5.56651e-09
-0.0356448 0.00115293 -1.3176e-09
-0.0365073 0.00116495 1.39647e-09
-0.0373683 0.0011768 9.66729e-09
-0.0382279 0.00118849 -7.03237e-10
-0.0390861 0.00120002 -7.07627e-10
-0.0399432 0.00121139 -7.01521e-10
-0.040799 0.00122261 -7.07721e-10
-0.0416538 0.00123369 -7.10158e-10
-0.042502 0.00124529 -8.83638e-10
-0.04334 0.00125789 6.18582e-11
-0.0441763 0.00127049 1.37016e-10
-0.0450111 0.00128307 1.30557e-10
-0.0458444 0.00129563 1.30711e-10
-0.0466764 0.00130816 1.30388e-10
-0.047507 0.00132067 1.28665e-10
-0.0483364 0.00133315 1.26276e-10
-0.0491646 0.00134559 1.36049e-10
-0.0499918 0.001358 1.29844e-10
-0.0508601 0.00136946 1.32944e-10
-0.0517629 0.00138279 1.35262e-10
-0.0526669 0.00139603 1.25523e-10
-0.0535717 0.00140914 1.27289e-10
-0.0544774 0.00142214 1.26098e-10
-0.0553837 0.00143499 1.26942e-10
-0.0562907 0.00144769 1.27143e-10
-0.0571938 0.00146113 1.23573e-10
-0.0580968 0.00147444 1.25962e-10
-0.0590003 0.00148746 1.22635e-10
-0.0599041 0.0015002 1.2354e-10
-0.0608083 0.00151271 1.22339e-10
-0.0617126 0.00152499 1.26103e-10
-0.062617 0.00153707 1.28307e-10
-0.0635214 0.00154897 1.29504e-10
-0.0644257 0.0015607 1.15813e-10
-0.06533 0.00157229 1.35357e-10
-0.0662341 0.00158375 1.25615e-10
-0.0671381 0.00159508 1.24574e-10
-0.0680418 0.0016063 1.27739e-10
-0.0689454 0.00161741 1.20349e-10
-0.0698486 0.00162843 1.20033e-10
-0.0707517 0.00163937 1.18054e-10
-0.0716544 0.00165022 1.16061e-10
-0.0725569 0.001661 1.16411e-10
-0.0734591 0.0016717 1.21028e-10
-0.074361 0.00168235 1.2286e-10
-0.0752627 0.00169293 1.20165e-10
-0.076164 0.00170345 1.17677e-10
-0.0770651 0.00171392 1.17991e-10
-0.0779659 0.00172433 1.1786e-10
-0.0788664 0.00173469 1.14939e-10
-0.0797667 0.001745 1.15827e-10
-0.0806666 0.00175527 1.14636e-10
-0.0815664 0.00176549 1.17647e-10
-0.0824659 0.00177566 1.18658e-10
-0.0833651 0.00178579 1.16826e-10
-0.0842641 0.00179587 1.21516e-10
-0.0851629 0.00180591 1.22786e-10
-0.0860615 0.00181591 1.17202e-10
-0.0869599 0.00182586 1.12527e-10
-0.0878581 0.00183577 1.14561e-10
-0.0887561 0.00184564 1.13553e-10
-0.0896539 0.00185547 1.12257e-10
-0.0905515 0.00186525 1.12731e-10
-0.091449 0.00187499 1.09008e-10
-0.0923464 0.00188469 1.16079e-10
-0.0932436 0.00189435 1.11721e-10
-0.0941406 0.00190397 1.06587e-10
-0.0950376 0.00191354 1.06357e-10
-0.0959344 0.00192307 1.05802e-10
-0.0968312 0.00193256 1.07452e-10
-0.0977278 0.00194201 9.91863e-11
-0.0986244 0.00195141 1.11299e-10
-0.0995208 0.00196078 1.04292e-10
-0.100417 0.0019701 1.02199e-10
-0.101314 0.00197938 1.08581e-10
-0.10221 0.00198861 1.06648e-10
-0.103106 0.0019978 1.01049e-10
-0.104002 0.00200695 1.00357e-10
-0.104898 0.00201606 9.73386e-11
-0.105795 0.00202513 1.00836e-10
-0.106691 0.00203415 1.01286e-10
-0.107587 0.00204314 1.05978e-10
-0.108483 0.00205208 1.03861e-10
-0.109379 0.00206097 1.04114e-10
-0.110275 0.00206983 1.05281e-10
-0.111171 0.00207864 1.00304e-10
-0.112067 0.00208741 9.84068e-11
-0.112963 0.00209614 1.00312e-10
-0.11386 0.00210483 1.02337e-10
-0.114756 0.00211348 1.07219e-10
-0.115652 0.00212209 9.95493e-11
-0.116548 0.00213065 1.00316e-10
-0.117445 0.00213918 9.96647e-11
-0.118341 0.00214766 1.00163e-10
-0.119237 0.0021561 9.9208e-11
-0.120134 0.00216451 1.05269e-10
-0.121031 0.00217287 1.00366e-10
-0.121927 0.00218119 9.68397e-11
-0.122824 0.00218948 9.6957e-11
-0.123721 0.00219772 9.25688e-11
-0.124618 0.00220592 9.53997e-11
-0.125515 0.00221409 9.85421e-11
-0.126412 0.00222222 9.64116e-11
-0.127309 0.0022303 9.67397e-11
-0.128206 0.00223835 9.47743e-11
-0.129104 0.00224637 9.61623e-11
-0.130001 0.00225434 9.42893e-11
-0.130899 0.00226228 9.41789e-11
-0.131797 0.00227017 9.41063e-11
-0.132694 0.00227804 9.25757e-11
-0.133592 0.00228586 9.33007e-11
-0.134491 0.00229365 9.20326e-11
-0.135389 0.0023014 9.11418e-11
-0.136287 0.00230912 9.26572e-11
-0.137186 0.0023168 9.18313e-11
-0.138084 0.00232444 8.99664e-11
-0.138983 0.00233205 9.0801e-11
-0.139882 0.00233962 9.09426e-11
-0.140781 0.00234716 9.20027e-11
-0.14168 0.00235466 9.06798e-11
-0.14258 0.00236213 8.96275e-11
-0.143479 0.00236957 8.99141e-11
-0.144379 0.00237697 8.93677e-11
-0.145279 0.00238434 8.78633e-11
-0.146179 0.00239167 8.85033e-11
-0.147079 0.00239897 8.84111e-11
-0.14798 0.00240624 8.83294e-11
-0.14888 0.00241347 8.82328e-11
-0.149781 0.00242068 8.7937e-11
-0.150682 0.00242785 8.75229e-11
-0.151583 0.00243498 8.78479e-11
-0.152484 0.00244209 8.68077e-11
-0.153386 0.00244916 8.69809e-11
-0.154287 0.00245621 8.63797e-11
-0.155189 0.00246322 8.67341e-11
-0.156091 0.0024702 8.76417e-11
-0.156993 0.00247715 8.67218e-11
-0.157896 0.00248407 8.56015e-11
-0.158798 0.00249096 8.54759e-11
-0.159701 0.00249782 8.57527e-11
-0.160604 0.00250465 8.52647e-11
-0.161507 0.00251145 8.76224e-11
-0.162411 0.00251822 8.36442e-11
-0.163314 0.00252496 8.93219e-11
-0.164218 0.00253167 8.67245e-11
-0.165122 0.00253836 8.5044e-11
-0.166027 0.00254501 8.7195e-11
-0.166945 0.0025538 1.10903e-10
-0.167864 0.00256258 3.07933e-10
-0.168783 0.00257147 1.93538e-10
-0.169703 0.00258045 3.58006e-10
-0.170364 0.00258696 6.47033e-11
