0 0 0
-0.000225871 3.70936e-05 -1.17208e-21
-0.000451719 7.41873e-05 1.43819e-21
-0.000677544 0.000111281 -3.37541e-21
-0.000903346 0.000148375 -2.60797e-21
-0.00112913 0.000185469 -3.9364e-21
-0.00135488 0.000222563 5.30101e-21
-0.00158758 0.000259649 1.85239e-19
-0.0020379 0.000295649 -9.41771e-19
-0.00258666 0.000331423 4.73244e-18
-0.00313812 0.000372028 8.54522e-18
-0.00328955 0.000382109 5.25334e-17
-0.00344161 0.000391981 -9.04464e-17
-0.0036704 0.000406369 2.10963e-16
-0.00400746 0.00042767 1.75778e-16
-0.00456954 0.000458826 3.33267e-18
-0.00523905 0.000492583 -6.7885e-15
-0.00593968 0.000524154 -5.73518e-15
-0.00668576 0.000553458 -6.12621e-15
-0.00742469 0.000580377 9.68904e-14
-0.0081505 0.000606049 1.69651e-13
-0.0089409 0.000630773 1.78316e-13
-0.00973985 0.000653864 4.76669e-13
-0.0105277 0.000675729 9.95253e-13
-0.0113013 0.000697129 1.03035e-12
-0.0120655 0.000717565 1.08079e-11
-0.0128212 0.000737204 1.75277e-11
-0.0136403 0.000756731 1.44997e-11
-0.0144793 0.000775397 7.93702e-13
-0.0153106 0.000793302 -2.91439e-12
-0.016131 0.00081108 -1.03269e-11
-0.0169416 0.000828604 -1.15825e-10
-0.0177454 0.000845629 -1.06874e-10
-0.0185429 0.000862245 -3.44736e-10
-0.0193347 0.000878543 -2.02889e-09
-0.0201213 0.000894554 -3.857e-09
-0.0209031 0.000910319 -3.85543e-09
-0.0216806 0.000925862 -2.68845e-10
-0.022454 0.000941193 2.92284e-10
-0.023257 0.000956456 -7.12249e-10
-0.0241161 0.000972041 -2.31551e-09
-0.0249738 0.000987183 -6.98255e-10
-0.0258297 0.00100189 -8.7089e-10
-0.0266829 0.00101634 -1.75439e-09
-0.0275307 0.00103104 -1.11075e-09
-0.0283766 0.00104521 -1.01211e-09
-0.0292204 0.00105894 -3.09854e-09
-0.0300623 0.00107229 -1.33901e-09
-0.0309023 0.00108532 -1.6323e-09
-0.0317405 0.00109807 -2.15952e-09
-0.0325769 0.00111057 -2.91726e-09
-0.0334117 0.00112284 -3.9697e-09
-0.0342448 0.0011349 -5.34091e-09
-0.0350764 0.00114678 -6.19467e-09
-0.0359066 0.00115847 -1.6706e-09
-0.0367354 0.00117 -4.07231e-10
-0.0375629 0.00118137 -5.42081e-10
-0.0383891 0.00119259 -5.41067e-10
-0.0392142 0.00120366 -5.05361e-10
-0.0400382 0.0012146 -4.21512e-10
-0.0408611 0.00122539 -3.15378e-10
-0.041683 0.00123605 -2.03483e-10
-0.0425015 0.00124687 -2.00381e-11
-0.0433074 0.001259 -3.92247e-10
-0.0441119 0.00127112 -1.06097e-09
-0.0449149 0.00128322 -1.06122e-09
-0.0457166 0.0012953 -1.05556e-09
-0.046517 0.00130737 -1.05474e-09
-0.0473162 0.0013194 -1.04644e-09
-0.0481142 0.00133142 -1.0383e-09
-0.0489112 0.0013434 -1.02864e-09
-0.0497072 0.00135535 -1.03512e-09
-0.0505022 0.00136727 -1.02402e-09
-0.0513529 0.00137923 -1.2275e-09
-0.0522211 0.00139207 -1.06324e-09
-0.0530903 0.00140481 -1.06123e-09
-0.0539603 0.00141745 -1.06192e-09
-0.0548311 0.00142997 -1.06096e-09
-0.0557026 0.00144236 -1.059e-09
-0.0565747 0.00145462 -1.05959e-09
-0.0574431 0.00146759 -1.05774e-09
-0.0583114 0.00148044 -1.04279e-09
-0.0591802 0.00149303 -1.04587e-09
-0.0600494 0.00150536 -1.04775e-09
-0.0609189 0.00151747 -1.04558e-09
-0.0617886 0.00152936 -1.0377e-09
-0.0626584 0.00154107 -1.0424e-09
-0.0635283 0.00155261 -1.05924e-09
-0.0643982 0.00156398 -1.0585e-09
-0.065268 0.00157522 -1.05458e-09
-0.0661378 0.00158633 -1.067e-09
-0.0670074 0.00159734 -1.03077e-09
-0.0678769 0.00160821 -1.03266e-09
-0.0687463 0.00161899 -1.02776e-09
-0.0696154 0.00162968 -1.02277e-09
-0.0704843 0.00164028 -1.01978e-09
-0.0713531 0.00165081 -1.01821e-09
-0.0722215 0.00166127 -1.01686e-09
-0.0730898 0.00167165 -1.0128e-09
-0.0739578 0.00168198 -1.00792e-09
-0.0748256 0.00169223 -1.0074e-09
-0.0756932 0.00170244 -1.00611e-09
-0.0765605 0.00171259 -1.00473e-09
-0.0774275 0.00172269 -1.00492e-09
-0.0782943 0.00173274 -1.00237e-09
-0.0791609 0.00174274 -1.00273e-09
-0.0800273 0.0017527 -1.00279e-09
-0.0808934 0.00176261 -1.00323e-09
-0.0817594 0.00177248 -9.97383e-10
-0.0826251 0.0017823 -9.91898e-10
-0.0834906 0.00179209 -9.93183e-10
-0.0843559 0.00180183 -9.93983e-10
-0.085221 0.00181153 -9.87914e-10
-0.086086 0.00182119 -9.8832e-10
-0.0869507 0.00183081 -9.90118e-10
-0.0878154 0.0018404 -9.84589e-10
-0.0886798 0.00184994 -9.82817e-10
-0.0895441 0.00185944 -9.86353e-10
-0.0904083 0.00186891 -9.85096e-10
-0.0912723 0.00187833 -9.78763e-10
-0.0921362 0.00188772 -9.79806e-10
-0.093 0.00189706 -9.77252e-10
-0.0938636 0.00190637 -9.75055e-10
-0.0947272 0.00191564 -9.73431e-10
-0.0955907 0.00192487 -9.69602e-10
-0.0964541 0.00193406 -9.68326e-10
-0.0973174 0.00194321 -9.65345e-10
-0.0981807 0.00195232 -9.67609e-10
-0.0990438 0.00196139 -9.65536e-10
-0.099907 0.00197043 -9.6345e-10
-0.10077 0.00197942 -9.68144e-10
-0.101633 0.00198838 -9.63097e-10
-0.102496 0.00199729 -9.62048e-10
-0.103359 0.00200617 -9.59225e-10
-0.104222 0.00201501 -9.56928e-10
-0.105085 0.00202381 -9.54354e-10
-0.105948 0.00203256 -9.50249e-10
-0.106811 0.00204128 -9.48174e-10
-0.107674 0.00204996 -9.47325e-10
-0.108537 0.00205861 -9.5214e-10
-0.1094 0.00206721 -9.56386e-10
-0.110262 0.00207577 -9.52216e-10
-0.111125 0.0020843 -9.50999e-10
-0.111988 0.00209278 -9.50138e-10
-0.112851 0.00210123 -9.42259e-10
-0.113715 0.00210964 -9.42339e-10
-0.114578 0.00211801 -9.40078e-10
-0.115441 0.00212634 -9.39606e-10
-0.116304 0.00213464 -9.37622e-10
-0.117167 0.00214289 -9.36097e-10
-0.118031 0.00215111 -9.31562e-10
-0.118894 0.00215929 -9.29278e-10
-0.119758 0.00216744 -9.31003e-10
-0.120621 0.00217554 -9.28014e-10
-0.121485 0.00218361 -9.27144e-10
-0.122349 0.00219164 -9.27906e-10
-0.123212 0.00219964 -9.31518e-10
-0.124076 0.0022076 -9.29607e-10
-0.12494 0.00221552 -9.22057e-10
-0.125804 0.00222341 -9.24061e-10
-0.126669 0.00223126 -9.2051e-10
-0.127533 0.00223907 -9.16752e-10
-0.128397 0.00224685 -9.17527e-10
-0.129262 0.0022546 -9.183e-10
-0.130127 0.0022623 -9.19329e-10
-0.130991 0.00226998 -9.14793e-10
-0.131856 0.00227762 -9.13619e-10
-0.132721 0.00228522 -9.13418e-10
-0.133587 0.00229279 -9.12374e-10
-0.134452 0.00230033 -9.09382e-10
-0.135317 0.00230783 -9.0987e-10
-0.136183 0.0023153 -9.09369e-10
-0.137049 0.00232274 -9.08548e-10
-0.137914 0.00233014 -9.0851e-10
-0.13878 0.00233751 -9.05518e-10
-0.139647 0.00234485 -9.04786e-10
-0.140513 0.00235215 -9.03715e-10
-0.141379 0.00235942 -9.02976e-10
-0.142246 0.00236666 -9.01182e-10
-0.143113 0.00237387 -9.002e-10
-0.14398 0.00238105 -8.99373e-10
-0.144847 0.00238819 -8.98408e-10
-0.145714 0.00239531 -8.9724e-10
-0.146582 0.00240239 -8.95829e-10
-0.147449 0.00240944 -8.94663e-10
-0.148317 0.00241647 -8.93475e-10
-0.149185 0.00242346 -8.91842e-10
-0.150053 0.00243042 -8.91129e-10
-0.150921 0.00243735 -8.91387e-10
-0.15179 0.00244425 -8.90779e-10
-0.152659 0.00245112 -8.90245e-10
-0.153528 0.00245797 -8.86261e-10
-0.154397 0.00246478 -8.84448e-10
-0.155266 0.00247157 -8.84829e-10
-0.156135 0.00247832 -8.84928e-10
-0.157005 0.00248505 -8.85127e-10
-0.157875 0.00249175 -8.81263e-10
-0.158745 0.00249842 -8.82793e-10
-0.159615 0.00250507 -8.84751e-10
-0.160486 0.00251168 -8.80642e-10
-0.161356 0.00251827 -8.78324e-10
-0.162227 0.00252483 -8.73539e-10
-0.163098 0.00253137 -8.80221e-10
-0.163725 0.00253605 -8.76857e-10
