0 0 0
-43.1459 2.72524 -6.29513e-17
-86.2874 5.45049 1.08968e-17
-129.424 8.17573 -1.95192e-16
-172.557 10.901 -4.62065e-16
-215.686 13.6262 -3.54059e-16
-258.809 16.3515 -2.80743e-16
-299.563 18.8869 -7.57037e-15
-295.848 17.4385 8.14664e-13
-289.105 15.2145 -1.24101e-13
-280.575 13.4949 -4.01122e-13
-278.1 13.073 2.72154e-13
-275.61 12.7225 3.55893e-12
-271.416 12.153 4.70683e-13
-264.959 11.3818 5.51589e-13
-255.62 10.4306 -2.40154e-09
-244.364 9.36582 9.40963e-11
-234.685 8.56166 -2.37885e-10
-226.216 7.93604 -9.36645e-11
-218.512 7.35224 1.50457e-10
-212.094 6.91689 1.41841e-09
-206.683 6.59346 2.68086e-09
-202.039 6.33369 7.30837e-09
-197.506 6.03875 4.05786e-09
-193.555 5.78497 2.00112e-10
-190.12 5.59419 3.08349e-10
-187.098 5.44301 -3.50669e-09
-184.407 5.3149 -6.33586e-09
-181.991 5.20731 -1.80422e-08
-179.807 5.117 -4.3046e-08
-177.82 5.04068 -6.24092e-08
-176.002 4.97569 -3.04175e-07
-174.15 4.88123 -1.84057e-08
-172.43 4.79251 -3.42071e-07
-170.845 4.70665 -1.93995e-07
-169.385 4.64166 -3.65667e-07
-168.031 4.57733 -7.33341e-06
-166.771 4.51111 -1.62055e-05
-165.594 4.44537 -5.8317e-05
-164.492 4.3812 -4.33111e-05
-163.457 4.31959 -8.00477e-05
-162.484 4.26076 -0.000131811
-161.565 4.20472 1.29102e-05
-160.697 4.15149 4.07193e-05
-159.874 4.10086 3.46867e-05
-159.093 4.05262 2.61557e-05
-158.351 4.00653 2.31192e-05
-157.645 3.96231 1.48025e-05
-156.971 3.91982 1.37461e-05
-156.332 3.89487 1.90338e-05
-155.726 3.89714 8.47858e-06
-155.147 3.90073 1.63254e-06
-154.591 3.90536 1.58428e-06
-154.058 3.91075 1.50738e-06
-153.546 3.91664 1.41278e-06
-153.054 3.92285 1.39247e-06
-152.58 3.92922 1.35535e-06
-152.079 3.93498 1.58771e-06
-151.598 3.93739 1.03847e-06
-151.133 3.9374 1.02217e-06
-150.685 3.93487 1.00321e-06
-150.252 3.92971 1.00441e-06
-149.836 3.94202 9.71091e-07
-149.433 3.94767 9.38152e-07
-149.043 3.94714 8.77595e-07
-148.666 3.9415 8.1941e-07
-148.301 3.93204 9.98334e-07
-147.947 3.9197 7.83931e-07
-147.603 3.90498 8.87862e-07
-147.27 3.88861 8.3399e-07
-146.947 3.87107 7.25101e-07
-146.633 3.85274 7.17871e-07
-146.328 3.83391 7.29995e-07
-146.032 3.81481 6.73481e-07
-145.743 3.79572 6.49412e-07
-145.463 3.77671 6.32882e-07
-145.19 3.75796 6.2011e-07
-144.924 3.73951 6.18085e-07
-144.665 3.72143 5.84261e-07
-144.412 3.70375 5.43338e-07
-144.166 3.68649 5.50854e-07
-143.926 3.66966 5.61786e-07
-143.691 3.65326 5.42436e-07
-143.463 3.63727 5.65482e-07
-143.239 3.62169 5.53886e-07
-143.021 3.60649 5.38085e-07
-142.807 3.59165 5.18668e-07
-142.599 3.57715 4.62199e-07
-142.395 3.56295 4.90875e-07
-142.195 3.54904 4.96185e-07
-142 3.53539 4.73776e-07
-141.808 3.52196 4.39451e-07
-141.621 3.50874 4.44227e-07
-141.438 3.4957 4.51819e-07
-141.258 3.48281 4.50042e-07
-141.082 3.47007 4.45844e-07
-140.909 3.45745 4.67673e-07
-140.74 3.44494 4.59642e-07
-140.574 3.43251 4.45191e-07
-140.411 3.42014 4.30498e-07
-140.251 3.40784 4.10906e-07
-140.094 3.39558 4.12021e-07
-139.939 3.38335 3.78154e-07
-139.788 3.37115 3.91161e-07
-139.639 3.35896 3.94951e-07
-139.493 3.34678 4.10053e-07
-139.349 3.3346 3.88287e-07
-139.208 3.32241 3.84212e-07
-139.069 3.31022 3.64121e-07
-138.933 3.29801 3.65459e-07
-138.799 3.28579 3.63683e-07
-138.666 3.27355 3.47107e-07
-138.537 3.26128 3.4774e-07
-138.409 3.249 3.44657e-07
-138.283 3.23669 3.41625e-07
-138.159 3.22436 3.40312e-07
-138.037 3.212 3.4254e-07
-137.917 3.19963 3.48845e-07
-137.798 3.18723 3.47692e-07
-137.682 3.17481 3.41341e-07
-137.567 3.16237 3.3753e-07
-137.453 3.14991 3.26398e-07
-137.342 3.13743 3.26218e-07
-137.232 3.12494 3.30485e-07
-137.123 3.11244 3.24498e-07
-137.016 3.09992 3.23456e-07
-136.911 3.0874 3.29289e-07
-136.807 3.07486 3.04393e-07
-136.704 3.06233 3.02265e-07
-136.603 3.04978 2.96301e-07
-136.503 3.03724 3.10106e-07
-136.404 3.0247 3.20922e-07
-136.307 3.01216 2.88584e-07
-136.211 2.99962 3.00727e-07
-136.116 2.98709 3.13507e-07
-136.022 2.97457 3.12243e-07
-135.93 2.96207 3.04428e-07
-135.839 2.94957 2.93497e-07
-135.748 2.93709 2.68405e-07
-135.659 2.92464 2.48225e-07
-135.571 2.91219 2.60162e-07
-135.484 2.89976 2.94328e-07
-135.398 2.88736 2.25213e-07
-135.313 2.87498 2.99106e-07
-135.229 2.86263 3.82124e-07
-135.146 2.8503 2.97993e-07
-135.064 2.83801 2.72465e-07
-134.983 2.82574 3.26474e-07
-134.903 2.8135 3.08384e-07
-134.823 2.8013 1.84908e-07
-134.745 2.78913 2.60909e-07
-134.667 2.77699 2.21193e-07
-134.59 2.76489 2.38916e-07
-134.514 2.75283 4.00264e-07
-134.439 2.7408 3.52781e-07
-134.364 2.7378 2.18189e-08
-134.289 2.75127 2.88603e-06
-134.215 2.76585 1.42295e-06
-134.142 2.78147 2.86732e-07
-134.069 2.79807 8.938e-07
-133.997 2.81557 2.75919e-06
-133.925 2.83391 3.16285e-06
-133.854 2.85303 1.85586e-06
-133.784 2.87287 4.79556e-06
-133.715 2.89337 -6.56009e-08
-133.646 2.91446 1.28877e-06
-133.577 2.93608 1.79351e-06
-133.509 2.95816 -2.15513e-06
-133.442 2.98061 -1.42556e-06
-133.376 3.00336 5.25285e-07
-133.309 3.02633 -5.27363e-07
-133.244 3.04938 -2.73659e-07
-133.179 3.07239 2.42608e-07
-133.114 3.09522 2.63822e-06
-133.05 3.11767 -1.26016e-06
-132.986 3.1395 -2.24656e-06
-132.922 3.16035 -2.41527e-06
-132.859 3.18041 -5.37848e-06
-132.797 3.20241 -1.91701e-06
-132.735 3.22222 -1.99994e-06
-132.674 3.23932 -2.35878e-07
-132.612 3.25314 1.17434e-06
-132.551 3.26297 -4.36897e-06
-132.491 3.26786 2.70495e-06
-132.43 3.2667 1.46962e-06
-132.37 3.25925 2.58868e-06
-132.31 3.24889 1.64215e-07
-132.251 3.23575 -1.38592e-07
-132.192 3.22001 -1.96365e-07
-132.134 3.20185 -4.67328e-07
-132.076 3.18148 -8.8684e-07
-132.019 3.15909 -8.01764e-07
-131.962 3.13488 8.7772e-07
-131.906 3.10905 -5.76651e-07
-131.85 3.0818 1.80953e-06
-131.794 3.05332 -1.08355e-06
-131.739 3.02378 -4.85352e-07
-131.684 2.99335 5.59456e-08
-131.63 2.96218 -4.6634e-09
-131.576 2.93045 -3.63114e-08
-131.523 2.89827 1.23319e-07
-131.47 2.86576 3.4248e-07
-131.417 2.8331 3.96156e-07
-131.38 2.80952 3.38105e-07
