0 0 0
43.0505 2.71893 9.0135e-17
86.1055 5.43787 1.63944e-16
129.165 8.1568 3.54826e-16
172.229 10.8757 2.756e-17
215.298 13.5947 5.82756e-16
258.371 16.3137 4.3751e-17
301.229 19.0273 1.40052e-14
336.132 21.5015 -1.12675e-13
366.53 23.8353 1.35557e-12
371.523 23.3726 -1.34957e-13
371.568 23.1324 -6.05935e-13
371.606 22.9347 8.23468e-13
371.663 22.6338 -6.72981e-15
371.749 22.1766 -1.00237e-12
371.884 21.454 -8.841e-12
371.999 20.8594 -3.15249e-11
372.126 20.2031 3.56891e-11
372.227 19.7231 3.57031e-11
372.285 19.5147 -4.53896e-11
372.367 19.1913 9.18119e-11
372.466 18.7854 2.30364e-09
372.567 18.3898 -1.2738e-09
372.586 18.4959 2.73278e-10
372.628 18.4784 1.05365e-10
372.689 18.3582 1.46985e-10
372.767 18.1652 2.43735e-10
372.862 17.8999 1.56651e-09
372.969 17.582 5.10461e-09
373.087 17.2265 7.84294e-08
373.093 17.499 2.25056e-07
373.107 17.7224 1.15027e-06
373.135 17.8598 2.84368e-06
373.179 17.9228 5.02258e-06
373.238 17.9238 -1.03884e-06
373.31 17.86 -2.00629e-07
373.394 17.7449 -1.3232e-06
373.489 17.5895 -1.45545e-06
373.593 17.4016 -1.37596e-06
373.705 17.1894 -2.59407e-06
373.825 16.9583 -4.77533e-06
373.951 16.7133 -8.53937e-06
374.083 16.458 -5.02709e-06
374.221 16.1962 -1.57448e-06
374.309 16.1787 -2.16487e-06
374.314 16.5562 2.10629e-06
374.325 16.8894 2.34191e-06
374.342 17.1784 3.14091e-06
374.366 17.4247 3.33814e-06
374.396 17.6397 1.1275e-05
374.435 17.8197 5.41142e-06
374.482 17.9541 2.20736e-06
374.536 18.0483 4.57458e-06
374.598 18.1077 1.16499e-05
374.666 18.1367 1.84848e-05
374.741 18.1383 1.44638e-05
374.821 18.1161 8.48441e-06
374.906 18.073 1.17906e-05
374.996 18.0117 1.26808e-05
375.091 17.9344 9.53531e-06
375.19 17.843 7.59855e-06
375.294 17.7394 -5.65502e-06
375.4 17.625 7.53694e-07
375.511 17.5013 5.6214e-07
375.624 17.3698 5.57413e-07
375.74 17.2313 2.49721e-06
375.86 17.0873 2.80954e-06
375.982 16.9384 3.16214e-06
376.107 16.7854 3.59789e-06
376.234 16.6292 4.06096e-06
376.363 16.4703 4.55421e-06
376.504 16.3092 4.82907e-06
376.653 16.1503 4.03245e-06
376.804 15.9926 4.31785e-06
376.958 15.837 4.39692e-06
377.116 15.6838 4.35973e-06
377.275 15.5332 4.17433e-06
377.438 15.3853 3.91958e-06
377.603 15.24 3.54018e-06
377.771 15.0976 3.08381e-06
377.941 14.958 2.57247e-06
378.114 14.821 1.67835e-06
378.289 14.6871 -1.30999e-06
378.467 14.556 -1.12142e-06
378.527 14.8351 -1.25013e-06
378.561 15.212 -1.14805e-06
378.594 15.5748 -1.09075e-06
378.627 15.9234 -1.005e-06
378.661 16.2577 -9.13407e-07
378.695 16.5774 -8.43071e-07
378.729 16.8822 -7.75476e-07
378.765 17.172 -7.21803e-07
378.803 17.4656 -6.48871e-07
378.844 17.7437 -6.18458e-07
378.888 17.9991 -5.56046e-07
378.934 18.2342 -4.89353e-07
378.982 18.4498 -4.52597e-07
379.034 18.6468 -4.15573e-07
379.087 18.8265 -3.98184e-07
379.144 18.9898 -3.69164e-07
379.203 19.1376 -3.51395e-07
379.264 19.271 -3.32966e-07
379.329 19.3908 -2.95148e-07
379.395 19.4977 -2.89883e-07
379.465 19.5926 -2.48603e-07
379.536 19.6761 -2.44203e-07
379.611 19.749 -1.40864e-07
379.687 19.8121 -2.94964e-07
379.766 19.8655 -1.73041e-07
379.847 19.91 -1.30758e-07
379.93 19.9462 -1.37289e-07
380.015 19.9745 -1.11277e-07
380.103 19.9955 -8.18169e-08
380.192 20.0095 -6.67425e-08
380.284 20.0171 -5.44116e-08
380.377 20.0186 -4.40706e-08
380.472 20.0143 -3.76073e-08
380.568 20.0047 -1.27703e-08
380.667 19.99 -1.97645e-08
380.767 19.9706 -2.86196e-09
380.869 19.9466 1.12798e-08
380.972 19.9187 1.85935e-08
381.077 19.887 4.91753e-08
381.183 19.8517 5.52718e-08
381.29 19.8131 5.60736e-08
381.399 19.7714 5.83359e-08
381.51 19.7267 6.4343e-08
381.621 19.6794 5.14656e-08
381.734 19.6296 5.37949e-08
381.848 19.5774 6.56875e-08
381.963 19.5231 7.72161e-08
382.079 19.4669 8.98425e-08
382.196 19.4087 9.79856e-08
382.315 19.3489 9.21095e-08
382.434 19.2876 1.01962e-07
382.555 19.2248 1.06539e-07
382.676 19.1607 1.18173e-07
382.799 19.0954 9.43659e-08
382.922 19.029 9.8439e-08
383.046 18.9616 8.27847e-08
383.171 18.8934 6.90914e-08
383.297 18.8243 1.11407e-07
383.424 18.7545 1.27216e-07
383.552 18.6841 1.34355e-07
383.68 18.613 1.31065e-07
383.809 18.5415 1.18787e-07
383.939 18.4694 1.09701e-07
384.07 18.3971 1.13511e-07
384.202 18.3244 1.07248e-07
384.334 18.2514 1.18293e-07
384.467 18.1782 1.13218e-07
384.6 18.1049 1.11935e-07
384.735 18.0314 1.08279e-07
384.87 17.9578 1.09595e-07
385.005 17.8841 1.12872e-07
385.142 17.8104 1.12369e-07
385.279 17.7367 1.26509e-07
385.416 17.6631 1.35812e-07
385.554 17.5895 1.32095e-07
385.693 17.516 1.20869e-07
385.833 17.4427 1.24754e-07
385.972 17.3695 1.34347e-07
386.113 17.2964 1.28401e-07
386.254 17.2235 1.16285e-07
386.396 17.1508 1.09667e-07
386.538 17.0783 1.01626e-07
386.681 17.0061 9.1477e-08
386.824 16.9341 1.04152e-07
386.968 16.8624 9.79556e-08
387.112 16.7909 9.99316e-08
387.257 16.7197 1.00559e-07
387.403 16.6488 1.00068e-07
387.548 16.5782 9.45483e-08
387.695 16.5079 9.3162e-08
387.842 16.438 9.91861e-08
387.989 16.3683 1.01734e-07
388.137 16.299 1.11699e-07
388.285 16.23 1.0203e-07
388.434 16.1614 9.03458e-08
388.583 16.0931 8.4552e-08
388.733 16.0251 8.24887e-08
388.883 15.9575 8.25403e-08
389.034 15.8903 7.86524e-08
389.185 15.8234 8.52428e-08
389.336 15.7569 8.76915e-08
389.488 15.6907 7.8778e-08
389.64 15.6249 6.83829e-08
389.793 15.5595 6.74514e-08
389.946 15.4945 6.31359e-08
390.1 15.4298 6.2572e-08
390.253 15.3654 5.6755e-08
390.408 15.3015 5.99693e-08
390.563 15.2379 5.36844e-08
390.718 15.1746 5.44125e-08
390.873 15.1118 5.69838e-08
391.029 15.0493 4.93098e-08
391.185 14.9872 5.43393e-08
391.342 14.9254 5.5668e-08
391.499 14.864 5.79122e-08
391.656 14.803 5.06958e-08
391.814 14.7423 4.47816e-08
391.972 14.682 4.21325e-08
392.13 14.622 3.79777e-08
392.244 14.5791 3.14423e-08
