0 0 0
-43.1459 2.72524 -9.9161e-17
-86.2874 5.45049 -9.19015e-17
-129.424 8.17573 1.36232e-16
-172.557 10.901 -5.1225e-16
-215.686 13.6262 -1.6513e-16
-258.809 16.3515 -6.06267e-16
-299.563 18.8895 6.46709e-15
-296.556 17.6232 -3.59509e-13
-290.704 15.6378 -8.1431e-13
-284.811 14.2542 -5.14032e-13
-283.017 13.879 6.08492e-14
-281.165 13.529 -4.74474e-12
-278.293 13.0389 1.001e-12
-273.849 12.4311 1.02316e-12
-266.509 11.5186 -7.9866e-11
-258.02 10.6249 4.99251e-10
-249.53 9.80504 -1.19092e-11
-241.527 9.0779 3.69997e-09
-234.449 8.50377 -2.1931e-10
-228.117 8.04137 -1.81122e-10
-221.972 7.56445 -6.24133e-10
-216.603 7.17274 -3.89361e-10
-211.901 6.86541 -1.76671e-09
-207.751 6.61826 -1.41751e-08
-204.053 6.40908 -2.40581e-08
-200.605 6.21355 -2.32249e-08
-197.243 5.99396 -4.95105e-08
-194.224 5.80178 -1.34931e-07
-191.504 5.64139 -2.63054e-07
-189.046 5.51784 1.25737e-05
-186.803 5.40798 1.1161e-05
-184.745 5.31125 3.66936e-05
-182.849 5.22658 0.000205156
-181.095 5.15265 -1.33156e-06
-179.467 5.08798 1.09223e-06
-177.949 5.03118 8.7477e-06
-176.531 4.98098 3.44534e-05
-175.135 4.92059 -3.03101e-05
-173.743 4.85296 -0.000185898
-172.437 4.78651 1.70411e-05
-171.21 4.72147 4.0054e-05
-170.055 4.66487 0.000143433
-168.97 4.61842 5.76804e-05
-167.943 4.56898 0.00031869
-166.97 4.51868 1.19044e-05
-166.047 4.46819 8.14704e-06
-165.17 4.41843 2.80665e-05
-164.335 4.36986 0.000125341
-163.54 4.32273 0.000173855
-162.78 4.27727 -4.21294e-06
-162.054 4.23337 -4.00258e-06
-161.359 4.19111 -4.06715e-06
-160.693 4.1505 -2.01392e-05
-160.054 4.11143 -3.73853e-05
-159.44 4.07378 -3.56919e-05
-158.85 4.03745 -3.36043e-05
-158.283 4.00234 -3.37551e-05
-157.736 3.96834 -3.46964e-05
-157.209 3.93535 -3.58405e-05
-156.701 3.90549 -3.83997e-05
-156.217 3.90643 -2.53892e-05
-155.751 3.9084 -5.3941e-06
-155.299 3.91118 -5.12949e-06
-154.862 3.91462 -4.97e-06
-154.439 3.91858 -5.02099e-06
-154.029 3.92293 -4.85015e-06
-153.632 3.92756 -4.78688e-06
-153.246 3.93239 -4.68147e-06
-152.872 3.93734 -4.5734e-06
-152.508 3.94232 -4.47884e-06
-152.124 3.94452 -4.48697e-06
-151.748 3.94761 -2.75698e-06
-151.384 3.94938 -2.72179e-06
-151.028 3.94976 -2.51101e-06
-150.683 3.94862 -2.3689e-06
-150.346 3.94594 -2.29149e-06
-150.019 3.94738 -2.33413e-06
-149.701 3.95684 -2.81444e-06
-149.392 3.9618 -3.23889e-06
-149.09 3.96292 -2.99423e-06
-148.795 3.96077 -2.9979e-06
-148.508 3.95592 -2.747e-06
-148.227 3.9488 -2.61594e-06
-147.953 3.93986 -2.53032e-06
-147.686 3.9294 -2.41301e-06
-147.425 3.91776 -2.40436e-06
-147.169 3.90525 -2.23403e-06
-146.92 3.89235 -2.56251e-06
-146.676 3.87813 -2.14876e-06
-146.438 3.86393 -2.12098e-06
-146.204 3.8495 -2.07516e-06
-145.976 3.83493 -2.06498e-06
-145.753 3.82031 -2.03321e-06
-145.534 3.80572 -2.03158e-06
-145.32 3.79119 -2.00559e-06
-145.11 3.77676 -1.88449e-06
-144.904 3.76255 -1.84618e-06
-144.703 3.74854 -1.78576e-06
-144.505 3.73476 -1.77316e-06
-144.311 3.72121 -1.7726e-06
-144.121 3.7079 -1.75055e-06
-143.935 3.69484 -1.68486e-06
-143.752 3.68203 -1.6375e-06
-143.572 3.66946 -1.58433e-06
-143.396 3.65713 -1.60098e-06
-143.223 3.64503 -1.61149e-06
-143.053 3.63316 -1.5363e-06
-142.886 3.6215 -1.51807e-06
-142.722 3.61005 -1.47413e-06
-142.56 3.59878 -1.43619e-06
-142.402 3.5877 -1.44529e-06
-142.246 3.57678 -1.40105e-06
-142.093 3.56602 -1.44071e-06
-141.942 3.55541 -1.44551e-06
-141.794 3.54492 -1.47257e-06
-141.648 3.53456 -1.43323e-06
-141.504 3.52431 -1.32139e-06
-141.363 3.51417 -1.21483e-06
-141.223 3.50409 -1.26432e-06
-141.086 3.49411 -1.25641e-06
-140.951 3.4842 -1.23164e-06
-140.818 3.47436 -1.264e-06
-140.687 3.46457 -1.25731e-06
-140.558 3.45483 -1.2518e-06
-140.431 3.44513 -1.2149e-06
-140.306 3.43546 -1.19239e-06
-140.183 3.42583 -1.23297e-06
-140.061 3.41621 -1.20626e-06
-139.941 3.40661 -1.2158e-06
-139.822 3.39703 -1.14546e-06
-139.706 3.38746 -1.14547e-06
-139.591 3.37789 -1.15463e-06
-139.477 3.36832 -1.09952e-06
-139.365 3.35875 -1.11333e-06
-139.254 3.34918 -1.13025e-06
-139.145 3.33961 -1.13337e-06
-139.037 3.33003 -1.12512e-06
-138.931 3.32043 -1.14231e-06
-138.826 3.31083 -1.12607e-06
-138.722 3.30122 -1.05863e-06
-138.62 3.29159 -1.04974e-06
-138.519 3.28195 -1.09406e-06
-138.419 3.2723 -1.09453e-06
-138.32 3.26263 -1.07359e-06
-138.223 3.25294 -1.05478e-06
-138.127 3.24325 -1.03669e-06
-138.032 3.23353 -1.06652e-06
-137.938 3.22381 -1.03054e-06
-137.845 3.21407 -1.01388e-06
-137.753 3.20431 -9.97228e-07
-137.662 3.19455 -9.76331e-07
-137.572 3.18477 -9.41433e-07
-137.484 3.17497 -9.76611e-07
-137.396 3.16517 -9.61858e-07
-137.309 3.15536 -9.49406e-07
-137.223 3.14554 -9.58667e-07
-137.138 3.13571 -9.4752e-07
-137.054 3.12587 -9.3066e-07
-136.971 3.11603 -9.27404e-07
-136.889 3.10618 -9.37062e-07
-136.808 3.09632 -9.21921e-07
-136.728 3.08646 -9.09095e-07
-136.648 3.0766 -9.11129e-07
-136.569 3.06674 -8.94338e-07
-136.491 3.05688 -8.84386e-07
-136.414 3.04701 -9.09893e-07
-136.338 3.03715 -9.00589e-07
-136.262 3.02729 -8.96169e-07
-136.187 3.01744 -8.86029e-07
-136.113 3.00759 -8.76631e-07
-136.039 2.99774 -8.60207e-07
-135.967 2.9879 -8.55088e-07
-135.895 2.97807 -8.50998e-07
-135.823 2.96825 -8.45224e-07
-135.753 2.95843 -8.40833e-07
-135.683 2.94863 -8.35761e-07
-135.613 2.93884 -8.32064e-07
-135.545 2.92906 -8.21686e-07
-135.477 2.91929 -8.27672e-07
-135.409 2.90953 -8.26734e-07
-135.342 2.89979 -7.97523e-07
-135.276 2.89007 -8.22983e-07
-135.211 2.88036 -8.01623e-07
-135.146 2.87066 -7.92018e-07
-135.081 2.86099 -7.80513e-07
-135.017 2.85133 -7.91444e-07
-134.954 2.84169 -7.5887e-07
-134.891 2.83207 -7.86587e-07
-134.829 2.82247 -7.25136e-07
-134.767 2.81288 -8.35579e-07
-134.706 2.80333 -7.99379e-07
-134.645 2.79379 -7.82174e-07
-134.585 2.78427 -7.82407e-07
-134.525 2.77478 -7.87778e-07
-134.466 2.76531 -8.14077e-07
-134.408 2.75586 -7.30437e-07
-134.349 2.74643 -7.70646e-07
-134.292 2.73703 -7.39264e-07
-134.234 2.72766 -6.81106e-07
-134.177 2.73538 -2.52043e-07
-134.119 2.74558 -5.18589e-07
-134.062 2.75644 -3.53104e-07
-134.022 2.7646 2.42359e-06
