0 0 0
26.8351 2.72524 1.43007e-16
53.6747 5.45049 -3.05931e-16
80.5188 8.17573 -1.60492e-17
107.367 10.901 2.27817e-16
134.221 13.6262 4.7029e-16
161.078 16.3515 5.31356e-17
187.489 19.0792 5.53565e-14
201.574 21.8057 3.92353e-13
211.177 24.5907 -5.66187e-13
239.898 27.7744 -1.18586e-12
245.979 28.56 2.06327e-15
252.056 29.3322 1.50733e-11
261.032 30.4461 -4.06681e-11
275.515 32.1574 -4.99498e-12
292.337 34.5755 1.53938e-12
311.945 37.168 -2.38723e-13
320.207 39.6227 -4.24086e-11
327.352 41.8455 -1.39479e-10
336.039 43.9246 -6.05215e-10
336.815 45.9212 -9.37046e-10
332.031 47.7833 -3.18771e-09
328.853 49.534 -1.26807e-08
327.901 51.2387 -6.7237e-09
328.391 52.8595 -7.25896e-09
330.174 54.4132 -9.33154e-09
314.534 55.9521 -1.02762e-08
300.196 57.4135 -5.26049e-10
287.251 58.8224 2.24419e-09
276.502 60.2405 -8.56067e-09
266.979 61.6089 -2.20649e-08
258.582 62.9395 -5.47267e-08
251.216 64.2405 -1.81968e-07
244.789 65.5166 -2.1763e-07
239.219 66.7713 -4.7712e-07
234.431 68.0063 -1.04866e-06
230.356 69.2228 -2.41664e-06
214.038 70.4276 -7.79344e-06
192.911 71.6503 1.56808e-06
172.029 72.8348 1.70699e-06
151.45 73.9834 3.82839e-06
131.833 75.1508 1.27439e-05
112.714 76.2857 6.06398e-06
93.9584 77.3811 2.85077e-05
75.5628 78.4435 2.11153e-05
57.5206 79.4775 3.90689e-05
39.8216 80.4874 9.07509e-05
22.4539 81.4758 0.000108357
5.40486 82.4452 0.000117652
-11.3387 83.3973 0.000112356
-27.7903 84.333 7.62445e-05
-43.9626 85.2542 8.96635e-05
-59.8688 86.1615 4.15371e-05
-75.5214 87.0554 3.79941e-05
-90.9326 87.9366 3.41934e-05
-106.114 88.8055 3.29344e-05
-121.077 89.6624 3.22325e-05
-135.832 90.5077 3.16502e-05
-149.01 91.4075 3.21717e-05
-160.536 92.37 2.97523e-05
-171.743 93.3306 2.86609e-05
-182.646 94.2898 2.85644e-05
-193.262 95.2473 2.84244e-05
-203.605 96.2028 2.8289e-05
-213.69 97.1562 2.81525e-05
-223.531 98.1071 2.80996e-05
-233.138 99.0554 2.80398e-05
-242.524 100.001 2.79539e-05
-248.333 97.2244 2.59343e-05
-250.622 93.0808 2.50805e-05
-252.448 89.0644 2.37372e-05
-253.844 85.1883 2.24168e-05
-254.846 81.4627 2.12431e-05
-255.491 77.895 2.00231e-05
-256.145 74.2714 1.88367e-05
-257.026 70.5427 1.76183e-05
-257.617 67.1192 1.654e-05
-257.957 63.9725 1.55151e-05
-258.079 61.0765 1.46088e-05
-258.013 58.4076 1.37678e-05
-257.785 55.9449 1.29803e-05
-257.415 53.6691 1.22141e-05
-256.925 51.5634 1.16776e-05
-256.329 49.6125 1.11821e-05
-255.644 47.8028 1.04079e-05
-254.883 46.1215 9.81972e-06
-254.057 44.558 9.36003e-06
-253.177 43.1019 8.91234e-06
-252.251 41.7446 8.4857e-06
-251.288 40.4778 8.08223e-06
-250.295 39.2942 7.69684e-06
-249.277 38.1871 7.37562e-06
-248.241 37.1503 7.04347e-06
-247.19 36.1787 6.71758e-06
-246.13 35.2671 6.42045e-06
-245.064 34.4109 6.14056e-06
-243.995 33.6062 5.89525e-06
-242.926 32.8489 5.6707e-06
-241.859 32.1357 5.4307e-06
-240.796 31.4634 5.23266e-06
-239.74 30.8291 5.04515e-06
-238.691 30.23 4.82853e-06
-237.652 29.6638 4.65002e-06
-236.622 29.1282 4.48565e-06
-235.603 28.6211 4.30726e-06
-234.596 28.1405 4.15244e-06
-233.601 27.6848 4.01334e-06
-232.619 27.2523 3.8739e-06
-231.65 26.8414 3.70941e-06
-230.695 26.4508 3.56186e-06
-229.753 26.0792 3.4471e-06
-228.825 25.7254 3.32069e-06
-227.911 25.3882 3.22251e-06
-227.012 25.0668 3.07837e-06
-226.126 24.76 2.96702e-06
-225.254 24.4671 2.92354e-06
-224.396 24.1871 2.81916e-06
-223.552 23.9194 2.73649e-06
-222.721 23.6632 2.64528e-06
-221.904 23.4178 2.54869e-06
-221.1 23.1827 2.47307e-06
-220.309 22.9572 2.3812e-06
-219.532 22.7408 2.30168e-06
-218.767 22.533 2.23914e-06
-218.014 22.3333 2.17539e-06
-217.274 22.1413 2.10008e-06
-216.546 21.9566 2.04644e-06
-215.83 21.7787 1.96492e-06
-215.125 21.6074 1.90139e-06
-214.432 21.4422 1.84386e-06
-213.75 21.2829 1.79786e-06
-213.079 21.1292 1.74061e-06
-212.419 20.9807 1.68094e-06
-211.769 20.8372 1.63364e-06
-211.13 20.6985 1.57199e-06
-210.501 20.5643 1.52425e-06
-209.881 20.4344 1.48825e-06
-209.272 20.3085 1.44854e-06
-208.671 20.1866 1.39974e-06
-208.081 20.0684 1.36034e-06
-207.499 19.9537 1.31564e-06
-206.926 19.8424 1.26958e-06
-206.361 19.7343 1.23124e-06
-205.806 19.6292 1.1922e-06
-205.258 19.5271 1.15238e-06
-204.719 19.4278 1.12274e-06
-204.187 19.3311 1.08572e-06
-203.664 19.237 1.04612e-06
-203.148 19.1453 1.00514e-06
-202.639 19.0559 9.8097e-07
-202.138 18.9688 9.48096e-07
-201.644 18.8838 9.18273e-07
-201.157 18.8009 8.85961e-07
-200.677 18.7199 8.60222e-07
-200.204 18.6408 8.44706e-07
-199.737 18.5635 8.18505e-07
-199.277 18.4879 7.72939e-07
-198.822 18.414 7.49151e-07
-198.375 18.3416 7.17676e-07
-197.933 18.2708 6.66023e-07
-197.497 18.2015 6.35679e-07
-197.067 18.1335 6.47657e-07
-196.642 18.0669 6.54927e-07
-196.223 18.0016 5.81093e-07
-195.81 17.9376 6.08947e-07
-195.402 17.8747 5.58098e-07
-194.999 17.813 5.46434e-07
-194.601 17.7524 4.88502e-07
-194.209 17.6929 4.87055e-07
-193.821 17.6344 4.45603e-07
-193.438 17.577 4.60915e-07
-193.06 17.5204 4.34527e-07
-192.687 17.4648 4.3694e-07
-192.318 17.4101 3.90444e-07
-191.953 17.3562 3.5617e-07
-191.593 17.3032 3.25589e-07
-191.238 17.2509 3.76635e-07
-190.886 17.1995 3.1665e-07
-190.539 17.1487 3.05355e-07
-190.196 17.0988 2.90775e-07
-189.857 17.0494 2.87437e-07
-189.522 17.0008 2.77021e-07
-189.19 16.9528 2.79578e-07
-188.863 16.9054 3.09156e-07
-188.539 16.8587 2.30256e-07
-188.219 16.8125 2.33804e-07
-187.902 16.7669 2.17272e-07
-187.589 16.7218 1.84498e-07
-187.28 16.6773 2.36161e-07
-186.973 16.6333 9.782e-08
-186.671 16.5898 6.07699e-08
-186.371 16.5467 1.70004e-07
-185.785 16.6936 1.35012e-07
-185.284 16.5866 2.18812e-07
-184.838 16.5137 -7.82569e-07
-184.396 16.4413 -1.40095e-06
-183.963 16.3733 -4.16619e-07
-183.593 16.3582 -4.04215e-07
-183.225 16.3417 1.01176e-06
-182.856 16.3234 -3.57369e-08
-182.488 16.3027 6.87505e-07
-182.12 16.2791 1.04879e-07
-181.752 16.2519 -1.51808e-07
-181.487 16.2299 1.79824e-07
