0 0
-0.000493433 1.25
-0.00197373 2.5
-0.0044409 3.75
-0.00789494 5
-0.0123359 6.25
-0.0177637 7.5
-0.0249018 8.75
-0.0653451 10
-0.122321 11.25
-0.174866 12.5
-0.189881 12.8125
-0.203117 13.125
-0.230437 13.5938
-0.272019 14.2969
-0.338144 15.3516
-0.436807 16.6016
-0.532635 17.8516
-0.645075 19.1016
-0.762334 20.3516
-0.874816 21.6016
-0.984216 22.8516
-1.10968 24.1016
-1.24483 25.3516
-1.37677 26.6016
-1.50556 27.8516
-1.63251 29.1016
-1.75797 30.3516
-1.88228 31.6016
-2.0057 32.8516
-2.13184 34.1016
-2.28265 35.3516
-2.43374 36.6016
-2.58469 37.8516
-2.73478 39.1016
-2.88498 40.3516
-3.03532 41.6016
-3.18583 42.8516
-3.33656 44.1016
-3.48757 45.3516
-3.6389 46.6016
-3.7906 47.8516
-3.94272 49.1016
-4.09529 50.3516
-4.24836 51.6016
-4.40197 52.8516
-4.55615 54.1016
-4.70905 55.3516
-4.85999 56.6016
-5.01134 57.8516
-5.16315 59.1016
-5.31544 60.3516
-5.46827 61.6016
-5.62166 62.8516
-5.79669 64.1016
-5.97464 65.3516
-6.15394 66.6016
-6.33451 67.8516
-6.51609 69.1016
-6.6976 70.3516
-6.88031 71.6016
-7.06415 72.8516
-7.24905 74.1016
-7.43497 75.3516
-7.62187 76.6016
-7.80973 77.8516
-7.9985 79.1016
-8.1882 80.3516
-8.37878 81.6016
-8.57026 82.8516
-8.76262 84.1016
-8.95586 85.3516
-9.14997 86.6016
-9.34495 87.8516
-9.54081 89.1016
-9.73755 90.3516
-9.93516 91.6016
-10.1337 92.8516
-10.333 94.1016
-10.5333 95.3516
-10.7345 96.6016
-10.9365 97.8516
-11.1395 99.1016
-11.3434 100.352
-11.5482 101.602
-11.7539 102.852
-11.9605 104.102
-12.1681 105.352
-12.3766 106.602
-12.586 107.852
-12.7964 109.102
-13.0078 110.352
-13.2201 111.602
-13.4333 112.852
-13.6475 114.102
-13.8627 115.352
-14.0788 116.602
-14.296 117.852
-14.5141 119.102
-14.7332 120.352
-14.9532 121.602
-15.1743 122.852
-15.3964 124.102
-15.6194 125.352
-15.8435 126.602
-16.0686 127.852
-16.2946 129.102
-16.5217 130.352
-16.7498 131.602
-16.9789 132.852
-17.209 134.102
-17.4402 135.352
-17.6724 136.602
-17.9056 137.852
-18.1398 139.102
-18.3751 140.352
-18.6114 141.602
-18.8487 142.852
-19.0871 144.102
-19.3265 145.352
-19.5669 146.602
-19.8084 147.852
-20.051 149.102
-20.2945 150.352
-20.5392 151.602
-20.7849 152.852
-21.0316 154.102
-21.2794 155.352
-21.5283 156.602
-21.7782 157.852
-22.0292 159.102
-22.2812 160.352
-22.5343 161.602
-22.7885 162.852
-23.0437 164.102
-23.3 165.352
-23.5574 166.602
-23.8158 167.852
-24.0753 169.102
-24.3359 170.352
-24.5976 171.602
-24.8603 172.852
-25.1242 174.102
-25.3891 175.352
-25.655 176.602
-25.9221 177.852
-26.1922 179.102
-26.4658 180.352
-26.7406 181.602
-27.0168 182.852
-27.2942 184.102
-27.573 185.352
-27.8531 186.602
-28.1345 187.852
-28.4174 189.102
-28.7016 190.352
-28.9872 191.602
-29.2744 192.852
-29.563 194.102
-29.8531 195.352
-30.1448 196.602
-30.4382 197.852
-30.7332 199.102
-31.03 200.352
-31.3287 201.602
-31.6293 202.852
-31.932 204.102
-32.2354 205.352
-32.5404 206.602
-32.8477 207.852
-33.1574 209.102
-33.4695 210.352
-33.7845 211.602
-34.1023 212.852
-34.4225 214.102
-34.744 215.352
-35.0671 216.602
-35.3915 217.852
-35.7173 219.102
-36.0445 220.352
-36.373 221.602
-36.7029 222.852
-37.034 224.102
-37.3665 225.352
-37.7002 226.602
-38.0351 227.852
-38.3713 229.102
-38.7086 230.352
-39.0472 231.602
-39.387 232.852
-39.728 234.102
-40.0702 235.352
-40.4135 236.602
-40.758 237.852
-41.1037 239.102
-41.4505 240.352
-41.7985 241.602
-42.1477 242.852
-42.498 244.102
-42.8494 245.352
-43.2021 246.602
-43.5558 247.852
-43.9107 249.102
-44.1665 250
