0 0 0
43.1504 2.72524 7.2018e-17
86.3053 5.45049 3.13758e-17
129.465 8.17573 3.9379e-16
172.629 10.901 -5.39762e-17
215.797 13.6262 8.97943e-17
258.97 16.3515 3.22318e-16
301.877 19.072 -1.77065e-14
337.659 21.615 -1.27574e-12
369.519 24.0858 -2.81642e-13
371.555 23.2054 -8.00145e-13
371.594 22.996 5.33156e-12
371.635 22.7837 3.38574e-13
371.695 22.4626 -1.30299e-11
371.789 21.9634 -1.34273e-12
371.918 21.2761 -2.10106e-12
372.046 20.6167 -2.6527e-11
372.188 19.8902 1.74821e-11
372.254 19.6327 2.59603e-10
372.331 19.335 2.51603e-10
372.431 18.9272 8.76098e-10
372.549 18.442 -7.49412e-11
372.581 18.488 3.75582e-10
372.622 18.4855 -2.18319e-10
372.686 18.3634 -1.10369e-10
372.77 18.1563 -3.53034e-10
372.872 17.868 -4.45981e-09
372.988 17.5224 -3.22566e-09
373.093 17.2677 -5.78145e-09
373.095 17.5788 -3.12459e-08
373.115 17.7837 -6.92701e-08
373.153 17.8943 -7.66886e-08
373.207 17.9298 -3.09041e-07
373.278 17.8904 -5.53397e-07
373.364 17.7869 -4.48059e-06
373.462 17.6325 -4.85401e-06
373.57 17.4398 -2.04072e-05
373.689 17.2176 1.54976e-06
373.815 16.973 2.38394e-06
373.95 16.7118 1.7752e-06
374.091 16.4396 3.43191e-06
374.239 16.1598 1.13889e-05
374.3 16.2927 6.34976e-06
374.307 16.6812 -3.28625e-06
374.32 17.0192 -3.27997e-06
374.341 17.3076 -6.95992e-06
374.37 17.5488 -3.42235e-05
374.407 17.7635 9.63766e-06
374.453 17.9238 2.97114e-06
374.509 18.0365 1.20588e-05
374.572 18.1078 6.76566e-05
374.644 18.1439 1.52788e-06
374.722 18.1483 7.82264e-07
374.807 18.1252 8.01125e-07
374.898 18.0785 1.87048e-06
374.995 18.0111 3.5209e-06
375.097 17.9258 6.89314e-06
375.203 17.8249 6.92997e-06
375.314 17.7106 -1.97241e-06
375.429 17.5848 -8.32969e-07
375.548 17.4488 -1.76018e-06
375.67 17.3047 -1.66344e-06
375.796 17.1535 -1.65118e-06
375.925 16.9964 -1.75216e-06
376.057 16.8345 -1.9434e-06
376.191 16.6686 -2.18457e-06
376.329 16.4995 -2.47988e-06
376.478 16.3278 -2.93037e-06
376.636 16.1585 -2.94784e-06
376.797 15.9905 5.55134e-07
376.962 15.8247 6.42663e-07
377.129 15.6619 6.49735e-07
377.3 15.5019 6.52415e-07
377.473 15.3451 6.40675e-07
377.65 15.1913 6.36059e-07
377.829 15.0407 6.59481e-07
378.012 14.8934 6.40028e-07
378.197 14.7492 6.50301e-07
378.385 14.6082 6.15072e-07
378.468 14.8171 -2.27882e-07
378.504 15.2194 1.70248e-08
378.538 15.6059 7.18896e-08
378.573 15.9765 8.15834e-08
378.608 16.3307 1.0497e-07
378.643 16.6682 1.37736e-07
378.68 16.9888 1.76179e-07
378.717 17.2955 1.38122e-07
378.759 17.606 2.00894e-07
378.803 17.8908 2.30302e-07
378.85 18.1514 1.9943e-07
378.9 18.389 2.61435e-07
378.953 18.6052 2.77588e-07
379.009 18.8013 2.92256e-07
379.067 18.9785 3.21544e-07
379.129 19.138 3.09564e-07
379.194 19.2809 2.9224e-07
379.262 19.4083 3.48142e-07
379.332 19.5212 3.00216e-07
379.406 19.6205 2.68562e-07
379.482 19.7071 -8.54657e-08
379.561 19.7818 2.67992e-07
379.643 19.8452 3.91626e-07
379.727 19.8981 3.87131e-07
379.814 19.9411 3.98454e-07
379.903 19.975 3.8944e-07
379.994 20.0003 4.04546e-07
380.088 20.0175 4.108e-07
380.184 20.0272 4.04911e-07
380.282 20.0299 4.08857e-07
380.383 20.0259 4.05274e-07
380.485 20.0155 3.87417e-07
380.589 19.9997 3.69239e-07
380.695 19.9786 3.69956e-07
380.803 19.9526 3.84085e-07
380.913 19.9219 3.8833e-07
381.024 19.887 3.89066e-07
381.137 19.848 3.90425e-07
381.251 19.8053 3.88769e-07
381.367 19.7593 3.75667e-07
381.485 19.71 3.7238e-07
381.604 19.6578 3.60768e-07
381.724 19.6029 3.3497e-07
381.845 19.5456 3.50183e-07
381.968 19.4859 3.68388e-07
382.092 19.4241 3.50266e-07
382.218 19.3603 3.3035e-07
382.344 19.2947 3.34691e-07
382.472 19.2276 3.4896e-07
382.601 19.159 3.39919e-07
382.731 19.0892 3.35213e-07
382.861 19.018 3.45883e-07
382.993 18.9457 3.23611e-07
383.126 18.8725 3.33568e-07
383.26 18.7984 3.21e-07
383.395 18.7235 3.15942e-07
383.531 18.648 3.19657e-07
383.667 18.5718 3.22416e-07
383.805 18.4951 3.1234e-07
383.943 18.418 3.04644e-07
384.082 18.3405 3.06764e-07
384.222 18.2626 3.06424e-07
384.363 18.1845 3.08815e-07
384.505 18.1062 3.01969e-07
384.647 18.0278 2.9015e-07
384.79 17.9492 2.83453e-07
384.934 17.8706 2.89761e-07
385.078 17.792 2.82476e-07
385.224 17.7134 2.75032e-07
385.37 17.6349 2.67047e-07
385.516 17.5564 2.67176e-07
385.664 17.4781 2.7255e-07
385.812 17.3999 2.63256e-07
385.961 17.322 2.55518e-07
386.11 17.2442 2.49493e-07
386.26 17.1666 2.58853e-07
386.41 17.0893 2.68233e-07
386.562 17.0122 2.55642e-07
386.713 16.9354 2.38348e-07
386.866 16.8589 2.35146e-07
387.019 16.7828 2.40773e-07
387.172 16.7069 2.37839e-07
387.327 16.6314 2.22962e-07
387.481 16.5562 2.16162e-07
387.636 16.4814 2.19855e-07
387.792 16.407 2.22705e-07
387.949 16.3329 2.15947e-07
388.106 16.2592 2.1294e-07
388.263 16.1859 2.07325e-07
388.421 16.113 2.10104e-07
388.579 16.0405 2.07848e-07
388.738 15.9683 2.02108e-07
388.898 15.8966 2.06218e-07
389.058 15.8253 2.01795e-07
389.218 15.7544 2.00493e-07
389.379 15.684 2.01324e-07
389.54 15.6139 1.9605e-07
389.702 15.5443 1.88839e-07
389.864 15.475 1.86271e-07
390.027 15.4062 1.87365e-07
390.19 15.3378 1.84873e-07
390.354 15.2699 1.81279e-07
390.518 15.2023 1.82909e-07
390.682 15.1352 1.73223e-07
390.847 15.0685 1.72158e-07
391.013 15.0022 1.72967e-07
391.179 14.9363 1.69406e-07
391.345 14.8709 1.70759e-07
391.511 14.8058 1.59626e-07
391.678 14.7412 1.6236e-07
391.846 14.6769 1.5675e-07
392.013 14.6131 1.61662e-07
392.181 14.5497 1.62681e-07
392.35 14.4867 1.4586e-07
392.519 14.4241 1.42409e-07
392.688 14.3619 1.46708e-07
392.858 14.3001 1.48453e-07
393.028 14.2387 1.3362e-07
393.198 14.1777 1.48877e-07
393.369 14.1171 1.38633e-07
393.54 14.0568 1.414e-07
393.711 13.997 1.24734e-07
393.883 13.9375 1.40239e-07
394.055 13.8784 1.30505e-07
394.179 13.8362 1.19765e-07
