0 0 0
-1.27145e-10 -20363.1 -3.10538e+07
-4.71147e-10 -40726.3 -6.21076e+07
-1.06121e-09 -61089.6 -9.31614e+07
-1.84878e-09 -81453.1 -1.24215e+08
-2.84837e-09 -101817 -1.55269e+08
-3.97392e-09 -122181 -1.86323e+08
-0.000430271 -142402 -2.17159e+08
-5.56968e-06 -154352 -2.35376e+08
0.00267053 -162491 -2.47776e+08
-9.85563e-07 -164642 -2.51048e+08
-0.000692634 -164758 -2.51221e+08
-0.000478227 -164861 -2.51376e+08
0.00288075 -164991 -2.5157e+08
-9.33452e-05 -164784 -2.5125e+08
-0.000978845 -163385 -2.49105e+08
5.71168e-05 -161708 -2.46537e+08
0.000139681 -159567 -2.43258e+08
-5.6588e-07 -157165 -2.39579e+08
4.16677e-05 -155012 -2.36282e+08
8.88548e-06 -153074 -2.33312e+08
0.00135456 -150639 -2.29582e+08
0.000955603 -148467 -2.26253e+08
0.00155462 -146552 -2.23317e+08
-6.29446e-07 -144867 -2.20732e+08
-4.04995e-06 -143366 -2.18428e+08
-4.96255e-05 -141912 -2.16196e+08
0.00286073 -140196 -2.13562e+08
0.00487042 -138634 -2.11162e+08
0.0038509 -137215 -2.08981e+08
-7.72058e-05 -135941 -2.07021e+08
-0.000126881 -134776 -2.05228e+08
-0.000888851 -133707 -2.03583e+08
-2.78238e-05 -132725 -2.02068e+08
-5.33219e-05 -131818 -2.00669e+08
-0.00100715 -130978 -1.99374e+08
-0.00211356 -130200 -1.98171e+08
-0.0167935 -129476 -1.97052e+08
-0.000458721 -128749 -1.95926e+08
-0.000907389 -127855 -1.94546e+08
0.00208093 -127011 -1.9324e+08
0.00236332 -126214 -1.92006e+08
0.000346019 -125463 -1.90843e+08
-0.0026867 -124767 -1.89764e+08
0.000251396 -124110 -1.88744e+08
9.451e-05 -123490 -1.87779e+08
-0.000752928 -122903 -1.86866e+08
0.00010777 -122347 -1.86001e+08
-7.81043e-05 -121821 -1.8518e+08
-8.26229e-05 -121321 -1.84401e+08
-7.50332e-05 -120848 -1.8366e+08
-3.60057e-05 -120398 -1.82956e+08
0.00175515 -119970 -1.82286e+08
0.0034853 -119563 -1.81647e+08
0.00244236 -119176 -1.81038e+08
0.00161771 -118807 -1.80457e+08
0.00128924 -118456 -1.79903e+08
0.00113954 -118120 -1.79373e+08
0.00105476 -117800 -1.78866e+08
0.00099767 -117495 -1.78382e+08
0.000957528 -117203 -1.77918e+08
-0.00521125 -116921 -1.77469e+08
-0.00171928 -116648 -1.77035e+08
0.000418008 -116386 -1.76617e+08
-0.00100189 -116134 -1.76214e+08
-0.00156817 -115891 -1.75826e+08
-0.000895827 -115658 -1.75452e+08
-0.00142927 -115433 -1.75091e+08
-0.0012452 -115217 -1.74742e+08
-0.000479795 -115008 -1.74405e+08
-0.0014261 -114807 -1.7408e+08
6.0884e-07 -114558 -1.7368e+08
0.00119477 -114286 -1.73245e+08
0.000928343 -114021 -1.72819e+08
0.00206124 -113761 -1.72402e+08
0.00242332 -113508 -1.71994e+08
0.00285948 -113260 -1.71595e+08
-0.00105548 -113018 -1.71205e+08
-0.00856568 -112789 -1.70834e+08
-0.00514072 -112565 -1.70471e+08
-0.00142736 -112346 -1.70115e+08
-0.00167597 -112132 -1.69768e+08
-0.000419115 -111924 -1.69429e+08
-0.00174813 -111721 -1.69097e+08
0.000269395 -111523 -1.68773e+08
0.000166373 -111330 -1.68456e+08
6.63377e-05 -111141 -1.68147e+08
-2.69317e-05 -110958 -1.67845e+08
-8.53128e-05 -110779 -1.6755e+08
0.00723123 -110605 -1.67262e+08
-3.48265e-05 -110435 -1.6698e+08
-0.000117938 -110269 -1.66705e+08
-0.000123066 -110108 -1.66437e+08
-0.000130543 -109950 -1.66174e+08
-0.000137625 -109797 -1.65917e+08
-0.000142603 -109647 -1.65667e+08
-0.000141638 -109502 -1.65421e+08
0.00124687 -109359 -1.65181e+08
0.00134972 -109221 -1.64947e+08
0.00302253 -109086 -1.64718e+08
0.00321095 -108954 -1.64493e+08
0.00338604 -108825 -1.64274e+08
0.0035064 -108700 -1.64059e+08
0.00368513 -108577 -1.63849e+08
0.0038129 -108458 -1.63643e+08
0.00392056 -108342 -1.63442e+08
0.00405234 -108228 -1.63245e+08
0.00413211 -108117 -1.63052e+08
0.00421461 -108009 -1.62862e+08
0.00424142 -107903 -1.62677e+08
0.00432458 -107800 -1.62495e+08
0.00432868 -107699 -1.62318e+08
0.00435547 -107601 -1.62143e+08
0.00441231 -107505 -1.61972e+08
0.00345068 -107411 -1.61804e+08
0.00345934 -107319 -1.6164e+08
0.00342699 -107230 -1.61479e+08
0.00339745 -107143 -1.61321e+08
0.00338778 -107057 -1.61165e+08
0.00336775 -106974 -1.61013e+08
0.00333614 -106892 -1.60864e+08
0.0033247 -106813 -1.60717e+08
0.00326482 -106735 -1.60573e+08
0.00328467 -106659 -1.60431e+08
0.00319344 -106585 -1.60293e+08
0.0031041 -106512 -1.60156e+08
0.00312645 -106442 -1.60022e+08
0.00312002 -106372 -1.59891e+08
0.00304643 -106305 -1.59761e+08
0.00300967 -106239 -1.59634e+08
0.00290138 -106174 -1.59509e+08
0.00288445 -106111 -1.59387e+08
0.00283351 -106049 -1.59266e+08
0.00279211 -105989 -1.59147e+08
0.00273392 -105930 -1.59031e+08
0.00272166 -105872 -1.58916e+08
0.00264402 -105816 -1.58803e+08
0.00258526 -105761 -1.58692e+08
0.00250748 -105707 -1.58583e+08
0.00323155 -105655 -1.58476e+08
0.00326819 -105604 -1.5837e+08
0.00233861 -105554 -1.58266e+08
0.00306415 -105505 -1.58164e+08
0.00301234 -105457 -1.58063e+08
0.00303568 -105410 -1.57964e+08
0.00289499 -105365 -1.57867e+08
0.00278668 -105320 -1.57771e+08
0.00275929 -105277 -1.57676e+08
0.00285355 -105234 -1.57583e+08
0.00271943 -105193 -1.57491e+08
0.00263221 -105152 -1.57401e+08
0.00268045 -105113 -1.57312e+08
0.00264688 -105074 -1.57225e+08
0.00252972 -105037 -1.57139e+08
0.0025092 -105000 -1.57054e+08
0.00246772 -104964 -1.5697e+08
0.00239254 -104930 -1.56887e+08
0.00244331 -104896 -1.56806e+08
0.00222693 -104862 -1.56726e+08
0.00229168 -104830 -1.56647e+08
0.00227249 -104799 -1.5657e+08
0.00216231 -104768 -1.56493e+08
0.00204422 -104738 -1.56417e+08
0.00212474 -104709 -1.56343e+08
0.00204624 -104681 -1.5627e+08
0.00197341 -104653 -1.56197e+08
0.00194017 -104627 -1.56126e+08
0.00195007 -104601 -1.56055e+08
0.00190275 -104575 -1.55986e+08
0.0019568 -104551 -1.55918e+08
0.00192665 -104527 -1.5585e+08
0.00173108 -104504 -1.55784e+08
0.00177658 -104481 -1.55718e+08
0.00162585 -104459 -1.55654e+08
0.00137448 -104438 -1.5559e+08
0.000998516 -104418 -1.55527e+08
0.000935302 -104398 -1.55465e+08
0.0012821 -104378 -1.55403e+08
0.0013712 -104360 -1.55343e+08
0.000882609 -104342 -1.55283e+08
0.00110633 -104324 -1.55225e+08
0.0013812 -104308 -1.55167e+08
0.000885487 -104291 -1.55109e+08
0.0010406 -104276 -1.55053e+08
0.00119875 -104261 -1.54997e+08
0.00131763 -104246 -1.54942e+08
0.0012208 -104232 -1.54888e+08
0.000992353 -104219 -1.54834e+08
0.00108675 -104206 -1.54781e+08
0.000909175 -104194 -1.54729e+08
0.00100468 -104182 -1.54678e+08
0.0010576 -104171 -1.54627e+08
0.00107295 -104160 -1.54577e+08
0.000918209 -104150 -1.54527e+08
0.00101047 -104140 -1.54478e+08
0.000930292 -104131 -1.5443e+08
0.000993065 -104122 -1.54382e+08
0.000950425 -104114 -1.54335e+08
0.00104332 -104106 -1.54289e+08
0.000739053 -104099 -1.54243e+08
0.000855646 -104092 -1.54198e+08
0.00101884 -104083 -1.54148e+08
-0.00144879 -104074 -1.54099e+08
-0.000562933 -104068 -1.54064e+08
