0 0 0
-1.28534e-10 -20450.9 -3.11876e+07
-5.30321e-10 -40901.9 -6.23753e+07
-1.20929e-09 -61352.9 -9.35629e+07
-2.05051e-09 -81804.1 -1.24751e+08
-3.14071e-09 -102256 -1.55938e+08
-4.33408e-09 -122707 -1.87126e+08
-0.00322568 -142798 -2.17762e+08
-5.80163e-06 -153902 -2.34688e+08
-0.00330865 -161542 -2.46326e+08
0.00876603 -164375 -2.50638e+08
6.45238e-05 -164595 -2.5097e+08
-0.00304237 -164704 -2.51133e+08
0.000126939 -164836 -2.5133e+08
-6.93357e-05 -165004 -2.51581e+08
-2.77619e-05 -164557 -2.50889e+08
-0.000418572 -163201 -2.48809e+08
0.00160983 -161833 -2.46711e+08
0.00200294 -160222 -2.4424e+08
0.000326547 -158217 -2.41166e+08
4.07983e-05 -156354 -2.38311e+08
-0.000187337 -154672 -2.35731e+08
3.94468e-05 -153101 -2.3332e+08
5.94753e-05 -151109 -2.30264e+08
0.000607083 -149288 -2.2747e+08
0.00100791 -147629 -2.24923e+08
0.00152322 -146145 -2.22644e+08
0.00105271 -144798 -2.20573e+08
-0.00390875 -143570 -2.18686e+08
-0.0138686 -142450 -2.16962e+08
0.0016761 -141047 -2.14803e+08
0.00208994 -139705 -2.12738e+08
0.0026256 -138461 -2.10822e+08
-0.00305729 -137310 -2.09049e+08
0.000628072 -136258 -2.07428e+08
-0.000372106 -135281 -2.05921e+08
8.6317e-06 -134372 -2.04516e+08
-0.000168112 -133523 -2.03205e+08
-0.000304854 -132730 -2.01979e+08
-0.000375091 -131988 -2.00829e+08
-0.000286028 -131291 -1.9975e+08
0.000464368 -130636 -1.98735e+08
0.0012834 -130020 -1.97778e+08
0.00121128 -129440 -1.96876e+08
-0.00350182 -128840 -1.95943e+08
0.000566145 -128106 -1.94805e+08
0.00199645 -127406 -1.93718e+08
0.00219617 -126738 -1.92679e+08
-0.00128739 -126100 -1.91687e+08
-0.00628479 -125496 -1.90747e+08
-0.00119725 -124929 -1.89861e+08
-2.6807e-05 -124387 -1.89016e+08
0.000178584 -123871 -1.88209e+08
-2.79113e-07 -123377 -1.87437e+08
-0.000203538 -122906 -1.86699e+08
0.00183439 -122456 -1.85993e+08
-0.000499152 -122026 -1.85317e+08
-0.000906791 -121614 -1.84669e+08
-0.00130686 -121220 -1.84048e+08
0.00376948 -120842 -1.83452e+08
-0.00301189 -120480 -1.82881e+08
0.000769845 -120134 -1.82332e+08
0.000564432 -119801 -1.81805e+08
0.00028988 -119481 -1.81298e+08
0.000173053 -119175 -1.8081e+08
0.00272836 -118881 -1.80341e+08
0.00259509 -118598 -1.79889e+08
0.00241633 -118326 -1.79454e+08
0.00228608 -118064 -1.79035e+08
0.0021929 -117813 -1.78631e+08
-0.00323662 -117571 -1.78241e+08
0.0117134 -117337 -1.77864e+08
0.00647222 -117108 -1.77495e+08
0.0062535 -116887 -1.77138e+08
0.00628754 -116673 -1.76791e+08
0.00629011 -116466 -1.76456e+08
0.00626364 -116266 -1.7613e+08
0.00622164 -116073 -1.75815e+08
0.00615241 -115885 -1.75508e+08
-0.00231387 -115704 -1.75211e+08
0.00583946 -115528 -1.74922e+08
-0.00198457 -115357 -1.74641e+08
-0.00175481 -115192 -1.74368e+08
-0.00137904 -115032 -1.74103e+08
6.28898e-06 -114838 -1.73786e+08
0.00143677 -114619 -1.73428e+08
0.00329606 -114403 -1.73076e+08
0.00356887 -114192 -1.72731e+08
0.00391229 -113985 -1.72392e+08
0.00314424 -113782 -1.72059e+08
0.00353301 -113583 -1.71731e+08
0.00393244 -113388 -1.7141e+08
0.000385303 -113200 -1.71099e+08
-0.000332686 -113018 -1.70798e+08
-0.00213328 -112839 -1.70502e+08
-0.00887103 -112664 -1.70211e+08
-0.00268193 -112493 -1.69926e+08
-0.00173109 -112326 -1.69646e+08
-0.00102326 -112161 -1.69371e+08
-0.000300244 -112001 -1.69102e+08
-0.00154924 -111844 -1.68837e+08
-0.000764179 -111690 -1.68578e+08
-0.000408986 -111539 -1.68324e+08
0.000290111 -111392 -1.68074e+08
0.000106743 -111248 -1.6783e+08
-6.46014e-05 -111107 -1.6759e+08
-0.000214056 -110969 -1.67355e+08
-0.000315648 -110834 -1.67124e+08
-0.000402474 -110702 -1.66898e+08
0.0152794 -110573 -1.66675e+08
-0.000441666 -110447 -1.66458e+08
-0.000483688 -110324 -1.66244e+08
-0.000475756 -110203 -1.66034e+08
-0.000466485 -110085 -1.65828e+08
-0.000449214 -109970 -1.65627e+08
-0.000433883 -109857 -1.65428e+08
-0.000418498 -109746 -1.65234e+08
-0.00040867 -109638 -1.65043e+08
-0.000399497 -109533 -1.64856e+08
0.00395187 -109429 -1.64672e+08
0.00420273 -109328 -1.64491e+08
0.00452609 -109229 -1.64313e+08
0.00473798 -109132 -1.64139e+08
0.00492383 -109038 -1.63968e+08
0.00511735 -108945 -1.638e+08
0.00535017 -108855 -1.63635e+08
0.005442 -108766 -1.63472e+08
0.00559018 -108679 -1.63313e+08
0.00567514 -108594 -1.63156e+08
0.00579448 -108511 -1.63002e+08
0.00591239 -108430 -1.6285e+08
0.00591207 -108350 -1.62702e+08
0.00606918 -108272 -1.62555e+08
0.00600866 -108196 -1.62411e+08
-0.000349732 -108122 -1.6227e+08
-0.000502431 -108049 -1.6213e+08
0.000193195 -107977 -1.61993e+08
-0.000228283 -107908 -1.61859e+08
-0.000339856 -107839 -1.61726e+08
0.00665648 -107772 -1.61596e+08
0.00648486 -107707 -1.61467e+08
0.0065679 -107643 -1.61341e+08
0.00642012 -107580 -1.61216e+08
0.00642637 -107519 -1.61094e+08
0.00650278 -107459 -1.60973e+08
0.00638602 -107400 -1.60855e+08
0.00637254 -107343 -1.60738e+08
0.00631118 -107286 -1.60623e+08
0.00619686 -107231 -1.60509e+08
0.00618163 -107178 -1.60398e+08
0.00619262 -107125 -1.60288e+08
0.00607848 -107074 -1.6018e+08
0.00594739 -107023 -1.60073e+08
0.00589316 -106974 -1.59968e+08
0.00581303 -106926 -1.59864e+08
0.00596562 -106879 -1.59762e+08
0.0058283 -106833 -1.59661e+08
0.00564387 -106788 -1.59562e+08
0.00565875 -106744 -1.59464e+08
0.00554323 -106701 -1.59368e+08
0.00559498 -106659 -1.59273e+08
0.00544367 -106617 -1.59179e+08
0.00542891 -106577 -1.59087e+08
0.00536172 -106538 -1.58996e+08
0.00500116 -106500 -1.58906e+08
0.00522497 -106462 -1.58818e+08
0.00509356 -106426 -1.5873e+08
0.00491978 -106390 -1.58644e+08
0.00496112 -106355 -1.58559e+08
0.00496394 -106321 -1.58475e+08
0.00495262 -106288 -1.58393e+08
0.00477788 -106256 -1.58311e+08
0.00486748 -106224 -1.5823e+08
0.00453158 -106193 -1.58151e+08
0.00469782 -106163 -1.58073e+08
0.00452747 -106134 -1.57995e+08
0.00456576 -106105 -1.57919e+08
0.00446508 -106078 -1.57844e+08
0.00427384 -106051 -1.57769e+08
0.00446101 -106024 -1.57696e+08
0.00410904 -105999 -1.57623e+08
0.00415853 -105974 -1.57552e+08
0.00406323 -105949 -1.57481e+08
0.0038894 -105926 -1.57412e+08
0.00375371 -105903 -1.57343e+08
0.00411868 -105881 -1.57275e+08
0.00412354 -105859 -1.57208e+08
0.00366407 -105838 -1.57142e+08
0.00360839 -105818 -1.57076e+08
0.00393829 -105798 -1.57012e+08
0.00320461 -105779 -1.56948e+08
0.00378482 -105760 -1.56885e+08
0.00310487 -105742 -1.56823e+08
0.00288126 -105725 -1.56761e+08
0.00280917 -105708 -1.567e+08
0.00278645 -105692 -1.5664e+08
0.00302705 -105676 -1.56581e+08
0.00300639 -105661 -1.56523e+08
0.00290755 -105647 -1.56465e+08
0.00289984 -105633 -1.56408e+08
0.00247938 -105620 -1.56351e+08
0.0027525 -105607 -1.56296e+08
0.00231115 -105594 -1.56241e+08
0.00184019 -105586 -1.56201e+08
