0 0 0
0.000225372 3.70078e-05 1.22684e-21
0.000450767 7.40156e-05 2.23146e-21
0.000676185 0.000111023 4.82959e-21
0.000901628 0.000148031 3.75123e-22
0.00112709 0.000185039 7.93197e-21
0.00135258 0.000222047 5.95501e-22
0.00157695 0.000258983 1.90627e-19
0.00175967 0.00029266 -1.53364e-18
0.00191881 0.000324426 1.84508e-17
0.00216308 0.000359298 -2.07465e-18
0.00222846 0.000368193 -8.80764e-18
0.00229046 0.00037694 1.10695e-17
0.00238293 0.000389674 -2.34734e-19
0.00252133 0.000408108 -1.49343e-17
0.00273633 0.000435265 -1.37473e-16
0.00296847 0.00046597 -5.07849e-16
0.00319925 0.000494289 4.78832e-16
0.00341112 0.000521089 5.44736e-16
0.00359113 0.000546269 -6.31721e-16
0.00377307 0.000569648 1.38408e-15
0.00395945 0.000591899 3.53287e-14
0.00414334 0.000613267 -1.55335e-14
0.00427414 0.000633914 5.83424e-15
0.00440872 0.000653402 3.65923e-15
0.0045476 0.000671959 4.39312e-15
0.00469385 0.000690333 6.01738e-15
0.00484464 0.000707996 2.61994e-14
0.00499952 0.000725057 8.17236e-14
0.00515817 0.0007416 1.19706e-12
0.00525113 0.000758131 3.39182e-12
0.00534273 0.000774003 1.69932e-11
0.00543793 0.000789328 4.26353e-11
0.00553783 0.000804358 7.70976e-11
0.00564474 0.000819534 -6.55492e-12
0.0057554 0.000834284 4.5724e-12
0.00586958 0.000848699 -1.22411e-11
0.00598708 0.000862849 -1.57596e-11
0.00610767 0.000876762 -1.63348e-11
0.00623115 0.000890481 -3.60769e-11
0.00635734 0.000904022 -7.1688e-11
0.00648605 0.000917398 -1.33709e-10
0.00661711 0.000930614 -9.22414e-11
0.00675037 0.000943683 -4.70674e-11
0.00685658 0.000956703 -5.71799e-11
0.00692008 0.000970049 2.45527e-12
0.00698412 0.000983078 7.31926e-12
0.00704889 0.000995787 2.03856e-11
0.00711453 0.0010082 2.54106e-11
0.00718261 0.00102066 1.41348e-10
0.00725332 0.00103314 6.549e-11
0.00732513 0.00104525 2.35262e-11
0.00739804 0.00105703 5.91715e-11
0.00747206 0.00106854 1.64283e-10
0.00754718 0.0010798 2.71457e-10
0.00762337 0.00109084 2.2786e-10
0.00770062 0.00110169 1.52965e-10
0.0077789 0.00111236 2.0717e-10
0.00785818 0.00112287 2.29288e-10
0.00793843 0.00113323 1.93946e-10
0.00801963 0.00114345 1.73486e-10
0.00810174 0.00115354 -1.22039e-11
0.00818473 0.0011635 7.52153e-11
0.00826857 0.00117335 7.26405e-11
0.00835324 0.00118308 7.26134e-11
0.00843871 0.0011927 1.00783e-10
0.00852494 0.00120221 1.07095e-10
0.00861191 0.00121162 1.14287e-10
0.00869959 0.00122094 1.23022e-10
0.00878796 0.00123015 1.32569e-10
0.00887699 0.00123926 1.42998e-10
0.00897351 0.00124913 1.51028e-10
0.00907561 0.00125957 1.43849e-10
0.00917877 0.00126998 1.51731e-10
0.00928295 0.00128039 1.56914e-10
0.0093881 0.00129078 1.60495e-10
0.0094942 0.00130116 1.61872e-10
0.0096012 0.00131152 1.62036e-10
0.00970906 0.00132187 1.60089e-10
0.00981775 0.0013322 1.56588e-10
0.00992724 0.0013425 1.51762e-10
0.0100375 0.00135278 1.407e-10
0.0101485 0.00136304 9.76362e-11
0.0102602 0.00137328 9.80646e-11
0.010321 0.00138383 9.50733e-11
0.0103722 0.00139486 9.54813e-11
0.0104228 0.00140584 9.53304e-11
0.0104728 0.00141674 9.56308e-11
0.0105224 0.00142756 9.60751e-11
0.0105714 0.0014383 9.62811e-11
0.0106201 0.00144895 9.64974e-11
0.0106685 0.00145949 9.65626e-11
0.0107196 0.00147061 9.69001e-11
0.0107712 0.00148175 9.66748e-11
0.0108225 0.00149268 9.69296e-11
0.0108736 0.00150341 9.72877e-11
0.0109245 0.00151398 9.72657e-11
0.0109754 0.00152438 9.72739e-11
0.0110262 0.00153463 9.70298e-11
0.011077 0.00154474 9.69649e-11
0.011128 0.00155473 9.67611e-11
0.011179 0.0015646 9.65804e-11
0.0112301 0.00157436 9.66882e-11
0.0112814 0.00158402 9.63592e-11
0.0113329 0.00159358 9.65465e-11
0.0113845 0.00160307 9.62372e-11
0.0114364 0.00161247 9.73355e-11
0.0114885 0.0016218 9.48455e-11
0.0115409 0.00163106 9.61841e-11
0.0115935 0.00164026 9.64653e-11
0.0116464 0.0016494 9.60808e-11
0.0116995 0.00165848 9.61566e-11
0.0117529 0.00166751 9.62988e-11
0.0118067 0.00167648 9.62562e-11
0.0118607 0.00168542 9.61858e-11
0.011915 0.0016943 9.60967e-11
0.0119696 0.00170315 9.5961e-11
0.0120244 0.00171195 9.60923e-11
0.0120796 0.00172071 9.57885e-11
0.0121351 0.00172944 9.58224e-11
0.0121909 0.00173813 9.58295e-11
0.0122469 0.00174678 9.57504e-11
0.0123033 0.0017554 9.60089e-11
0.01236 0.00176399 9.59401e-11
0.0124169 0.00177255 9.58021e-11
0.0124741 0.00178107 9.56875e-11
0.0125317 0.00178956 9.56299e-11
0.0125895 0.00179802 9.53094e-11
0.0126475 0.00180646 9.51997e-11
0.0127059 0.00181486 9.52298e-11
0.0127645 0.00182323 9.52645e-11
0.0128234 0.00183157 9.53245e-11
0.0128826 0.00183989 9.53309e-11
0.012942 0.00184817 9.51448e-11
0.0130017 0.00185643 9.51814e-11
0.0130616 0.00186465 9.51513e-11
0.0131218 0.00187285 9.52269e-11
0.0131822 0.00188102 9.48067e-11
0.0132429 0.00188916 9.47708e-11
0.0133038 0.00189727 9.44581e-11
0.013365 0.00190536 9.41651e-11
0.0134264 0.00191341 9.46648e-11
0.013488 0.00192144 9.48163e-11
0.0135498 0.00192944 9.48567e-11
0.0136118 0.00193741 9.47548e-11
0.0136741 0.00194535 9.45242e-11
0.0137366 0.00195326 9.43329e-11
0.0137993 0.00196114 9.43217e-11
0.0138622 0.00196899 9.4171e-11
0.0139253 0.00197682 9.42654e-11
0.0139886 0.00198462 9.41388e-11
0.0140521 0.00199238 9.40648e-11
0.0141158 0.00200012 9.39579e-11
0.0141796 0.00200783 9.39213e-11
0.0142437 0.00201551 9.39156e-11
0.0143079 0.00202317 9.38598e-11
0.0143724 0.00203079 9.4015e-11
0.014437 0.00203839 9.41127e-11
0.0145017 0.00204595 9.40322e-11
0.0145667 0.00205349 9.38432e-11
0.0146318 0.002061 9.38643e-11
0.0146971 0.00206848 9.39715e-11
0.0147625 0.00207593 9.38646e-11
0.0148281 0.00208335 9.36667e-11
0.0148939 0.00209075 9.35404e-11
0.0149598 0.00209812 9.33906e-11
0.0150259 0.00210545 9.32064e-11
0.0150921 0.00211276 9.33436e-11
0.0151585 0.00212005 9.3221e-11
0.015225 0.0021273 9.32126e-11
0.0152917 0.00213452 9.31877e-11
0.0153585 0.00214172 9.31488e-11
0.0154254 0.00214889 9.30388e-11
0.0154925 0.00215603 9.29856e-11
0.0155597 0.00216315 9.3039e-11
0.0156271 0.00217024 9.30484e-11
0.0156946 0.00217729 9.31674e-11
0.0157622 0.00218433 9.30134e-11
0.0158299 0.00219133 9.28246e-11
0.0158978 0.00219831 9.27131e-11
0.0159658 0.00220526 9.26521e-11
0.0160339 0.00221218 9.26213e-11
0.0161021 0.00221908 9.25353e-11
0.0161705 0.00222595 9.25981e-11
0.016239 0.0022328 9.26075e-11
0.0163076 0.00223961 9.24569e-11
0.0163763 0.00224641 9.22796e-11
0.0164451 0.00225317 9.22316e-11
0.016514 0.00225991 9.21355e-11
0.0165831 0.00226663 9.20913e-11
0.0166522 0.00227331 9.19724e-11
0.0167215 0.00227998 9.19801e-11
0.0167909 0.00228661 9.18549e-11
0.0168603 0.00229323 9.18268e-11
0.0169299 0.00229981 9.18269e-11
0.0169996 0.00230637 9.16829e-11
0.0170694 0.00231291 9.17167e-11
0.0171393 0.00231942 9.17022e-11
0.0172092 0.00232591 9.17029e-11
0.0172793 0.00233237 9.15704e-11
0.0173495 0.00233881 9.14521e-11
0.0174198 0.00234523 9.13773e-11
0.0174902 0.00235162 9.12799e-11
0.0175408 0.0023562 9.11585e-11
