0 0 0
-0.000225871 3.70936e-05 -3.88188e-22
-0.000451719 7.41873e-05 1.48373e-22
-0.000677544 0.000111281 1.87725e-21
-0.000903346 0.000148375 -2.67209e-21
-0.00112913 0.000185469 -2.41162e-21
-0.00135488 0.000222563 -7.57905e-21
-0.00158793 0.00025955 9.7474e-20
-0.00200425 0.000293181 1.11849e-17
-0.00249627 0.000325427 4.31101e-18
-0.0029698 0.000360263 3.9876e-19
-0.00309439 0.000369121 4.3151e-18
-0.00322354 0.000377817 3.85575e-17
-0.0034184 0.000390492 -1.08598e-17
-0.00371177 0.000408826 2.32972e-17
-0.00415636 0.0004359 -3.76093e-17
-0.00471899 0.000466462 5.69813e-16
-0.00528386 0.000494651 -6.07904e-16
-0.0058725 0.000521348 -6.59274e-16
-0.00649907 0.000546421 1.61461e-16
-0.00712201 0.000569711 -6.59484e-15
-0.00773805 0.000591883 9.27777e-14
-0.00835498 0.000613174 -4.10166e-14
-0.00903217 0.000633757 4.07367e-14
-0.00970329 0.000653187 1.54846e-14
-0.010368 0.000671691 4.37369e-14
-0.0110227 0.000690003 6.18725e-14
-0.0116711 0.000707619 2.75125e-13
-0.0123137 0.000724635 2.69381e-12
-0.0129511 0.000741136 3.30238e-11
-0.0136568 0.000757626 5.71911e-11
-0.0143654 0.000773465 2.64231e-10
-0.0150691 0.000788757 7.35729e-10
-0.0157671 0.000803723 9.66599e-10
-0.0164564 0.00081887 -3.98995e-10
-0.017141 0.000833588 4.16877e-11
-0.0178213 0.000847969 -4.0856e-10
-0.0184975 0.000862088 -8.12574e-10
-0.0191699 0.000875968 -1.74211e-09
-0.0198387 0.000889653 -4.0215e-09
-0.0205044 0.000903162 -8.15366e-09
-0.0211669 0.000916502 -8.07243e-10
-0.0218267 0.000929686 -9.00654e-10
-0.0224839 0.000942725 -1.27223e-09
-0.0231618 0.000955704 -2.72308e-10
-0.0238916 0.000969038 8.25815e-10
-0.0246206 0.000982056 2.64541e-09
-0.0253486 0.000994757 -1.09692e-09
-0.0260755 0.00100716 -1.52164e-09
-0.0268 0.00101954 -2.8388e-09
-0.027521 0.00103203 5.66659e-10
-0.0282408 0.00104413 9.19103e-10
-0.0289594 0.00105591 3.01347e-09
-0.0296767 0.00106741 7.84306e-09
-0.0303928 0.00107867 5.05355e-10
-0.0311077 0.00108971 5.89127e-10
-0.0318214 0.00110054 1.16195e-09
-0.032534 0.0011112 2.24161e-09
-0.0332455 0.0011217 4.12714e-09
-0.033956 0.00113205 5.44709e-09
-0.0346655 0.00114226 1.10331e-10
-0.035374 0.00115233 -6.282e-10
-0.0360816 0.00116229 -7.00137e-10
-0.0367884 0.00117212 -7.44407e-10
-0.0374942 0.00118184 -9.08094e-10
-0.0381993 0.00119144 -6.01287e-10
-0.0389036 0.00120095 -8.61744e-10
-0.0396072 0.00121035 -1.1836e-09
-0.0403101 0.00121964 -1.59614e-09
-0.0410123 0.00122884 -2.10713e-09
-0.0417139 0.00123795 -2.72465e-09
-0.0424109 0.00124744 -7.6939e-09
-0.0430992 0.00125783 1.23882e-09
-0.0437864 0.00126822 1.58628e-09
-0.0444726 0.00127859 1.90017e-09
-0.0451579 0.00128895 2.1918e-09
-0.0458423 0.0012993 2.4442e-09
-0.0465258 0.00130964 2.63988e-09
-0.0472085 0.00131996 2.77778e-09
-0.0478905 0.00133025 2.09004e-09
-0.0485717 0.00134053 2.53052e-10
-0.0492522 0.00135079 2.35018e-10
-0.0499321 0.00136102 2.58555e-10
-0.0506113 0.00137123 2.59651e-10
-0.0513358 0.00138133 2.43715e-10
-0.0520773 0.00139233 2.47028e-10
-0.0528195 0.00140327 2.4533e-10
-0.0535624 0.00141415 2.45695e-10
-0.0543061 0.00142494 2.44368e-10
-0.0550503 0.00143565 2.44046e-10
-0.0557951 0.00144627 2.43625e-10
-0.0565404 0.0014568 2.39587e-10
-0.0572837 0.00146774 2.34736e-10
-0.0580257 0.00147887 2.36096e-10
-0.0587682 0.00148979 2.37278e-10
-0.0595112 0.00150052 2.32726e-10
-0.0602545 0.00151108 2.2873e-10
-0.0609981 0.00152147 2.27178e-10
-0.0617419 0.00153171 2.29846e-10
-0.0624859 0.00154181 2.28429e-10
-0.06323 0.00155178 2.3064e-10
-0.0639742 0.00156163 2.28925e-10
-0.0647184 0.00157138 2.28827e-10
-0.0654627 0.00158102 2.28082e-10
-0.066207 0.00159057 2.2298e-10
-0.0669512 0.00160004 2.2239e-10
-0.0676954 0.00160942 2.32159e-10
-0.0684396 0.00161873 2.32376e-10
-0.0691836 0.00162797 2.2204e-10
-0.0699277 0.00163715 2.19935e-10
-0.0706716 0.00164626 2.17193e-10
-0.0714154 0.00165532 2.1691e-10
-0.0721591 0.00166433 2.18877e-10
-0.0729027 0.00167329 2.1941e-10
-0.0736462 0.00168219 2.16788e-10
-0.0743896 0.00169106 2.16726e-10
-0.0751328 0.00169988 2.18033e-10
-0.075876 0.00170866 2.18162e-10
-0.076619 0.0017174 2.16511e-10
-0.0773619 0.0017261 2.15543e-10
-0.0781047 0.00173476 2.16913e-10
-0.0788474 0.0017434 2.17771e-10
-0.0795899 0.00175199 2.14824e-10
-0.0803324 0.00176056 2.08607e-10
-0.0810747 0.00176909 2.08875e-10
-0.081817 0.00177759 2.10298e-10
-0.0825591 0.00178606 2.08181e-10
-0.0833012 0.0017945 2.12856e-10
-0.0840432 0.00180291 2.0978e-10
-0.0847851 0.00181129 2.07471e-10
-0.0855269 0.00181964 2.00145e-10
-0.0862686 0.00182796 2.08657e-10
-0.0870102 0.00183625 2.08148e-10
-0.0877518 0.00184451 2.05089e-10
-0.0884933 0.00185275 2.09752e-10
-0.0892348 0.00186095 1.96639e-10
-0.0899762 0.00186913 2.04048e-10
-0.0907176 0.00187728 1.97491e-10
-0.0914589 0.0018854 1.99134e-10
-0.0922002 0.00189349 1.96069e-10
-0.0929415 0.00190155 1.92434e-10
-0.0936827 0.00190959 1.92642e-10
-0.0944239 0.00191759 1.8832e-10
-0.0951651 0.00192557 1.87971e-10
-0.0959063 0.00193352 1.90569e-10
-0.0966475 0.00194144 1.87806e-10
-0.0973886 0.00194933 1.85459e-10
-0.0981298 0.0019572 1.81146e-10
-0.098871 0.00196503 1.8223e-10
-0.0996121 0.00197284 1.84213e-10
-0.100353 0.00198062 1.82426e-10
-0.101095 0.00198837 1.89712e-10
-0.101836 0.00199609 1.92796e-10
-0.102577 0.00200378 1.92098e-10
-0.103318 0.00201145 1.99289e-10
-0.10406 0.00201908 1.97071e-10
-0.104801 0.00202669 1.88786e-10
-0.105543 0.00203427 1.84067e-10
-0.106284 0.00204182 1.83742e-10
-0.107026 0.00204934 1.85295e-10
-0.107767 0.00205683 1.84625e-10
-0.108509 0.0020643 1.82812e-10
-0.10925 0.00207173 1.79589e-10
-0.109992 0.00207914 1.78719e-10
-0.110734 0.00208652 1.77607e-10
-0.111476 0.00209387 1.75624e-10
-0.112218 0.00210119 1.79902e-10
-0.11296 0.00210849 1.78634e-10
-0.113702 0.00211575 1.7463e-10
-0.114444 0.00212299 1.71021e-10
-0.115187 0.0021302 1.70237e-10
-0.115929 0.00213739 1.77777e-10
-0.116672 0.00214454 1.68091e-10
-0.117414 0.00215167 1.70842e-10
-0.118157 0.00215877 1.69058e-10
-0.1189 0.00216585 1.76675e-10
-0.119643 0.00217289 1.73577e-10
-0.120386 0.00217991 1.74063e-10
-0.121129 0.0021869 1.7642e-10
-0.121872 0.00219387 1.7184e-10
-0.122616 0.00220081 1.69507e-10
-0.123359 0.00220772 1.67035e-10
-0.124103 0.0022146 1.67984e-10
-0.124847 0.00222146 1.68195e-10
-0.125591 0.00222829 1.65608e-10
-0.126335 0.0022351 1.65057e-10
-0.127079 0.00224188 1.66828e-10
-0.127823 0.00224863 1.64713e-10
-0.128567 0.00225536 1.68274e-10
-0.129312 0.00226206 1.60238e-10
-0.130057 0.00226874 1.62862e-10
-0.130802 0.00227539 1.601e-10
-0.131547 0.00228201 1.6068e-10
-0.132292 0.00228861 1.61431e-10
-0.133037 0.00229519 1.64361e-10
-0.133783 0.00230174 1.62157e-10
-0.134528 0.00230827 1.59889e-10
-0.135274 0.00231477 1.60319e-10
-0.13602 0.00232124 1.62698e-10
-0.136766 0.0023277 1.61251e-10
-0.137512 0.00233412 1.55774e-10
-0.138259 0.00234053 1.55464e-10
-0.139005 0.00234691 1.54311e-10
-0.139542 0.00235148 1.56097e-10
