0 0 0
-0.000225471 3.70279e-05 -1.10004e-21
-0.000450919 7.40559e-05 -2.97898e-21
-0.000676344 0.000111084 -2.73151e-21
-0.000901746 0.000148112 -1.28802e-21
-0.00112712 0.00018514 2.82458e-21
-0.00135248 0.000222168 -5.39391e-21
-0.00158444 0.000259208 -1.78397e-19
-0.00204028 0.000295575 3.91754e-18
-0.00259168 0.000331443 -6.57256e-18
-0.00315939 0.000372969 -9.72634e-18
-0.00331691 0.000383388 1.17038e-17
-0.00347494 0.000393616 -5.55854e-17
-0.00371317 0.000408468 1.94182e-17
-0.00407174 0.000430748 -2.53626e-16
-0.00466069 0.000463 -2.04758e-15
-0.00536173 0.000497754 7.60114e-15
-0.00611393 0.000530474 2.94621e-15
-0.00689448 0.000560437 1.97237e-14
-0.00766453 0.000588186 2.44238e-14
-0.00843975 0.000614687 2.22137e-14
-0.00928374 0.000639885 5.28757e-14
-0.010116 0.00066338 5.8432e-14
-0.0109332 0.000686066 1.96786e-13
-0.0117374 0.000707875 1.85723e-12
-0.0125317 0.000728734 2.82711e-12
-0.0133586 0.00074926 3.2393e-12
-0.0142394 0.000769051 6.54221e-12
-0.0151115 0.000787951 1.631e-11
-0.0159726 0.000806497 3.40429e-11
-0.0168217 0.000824928 5.97768e-11
-0.0176631 0.000842771 1.6206e-10
-0.0184973 0.000860165 4.88942e-10
-0.0193252 0.000877199 2.53e-09
-0.0201472 0.000893925 2.53097e-09
-0.0209639 0.000910385 5.85132e-09
-0.0217757 0.000926601 3.04923e-10
-0.0225832 0.000942583 -3.45771e-10
-0.0234512 0.000958439 1.48238e-09
-0.024349 0.00097455 1.66822e-10
-0.0252449 0.000990176 7.97095e-11
-0.0261387 0.00100534 -5.06292e-10
-0.0270275 0.00102062 -2.99822e-09
-0.0279123 0.00103567 -1.20248e-09
-0.0287949 0.00105018 -1.35865e-08
-0.0296753 0.00106427 -2.60239e-09
-0.0305534 0.00107799 -5.21091e-09
-0.0314295 0.00109137 1.35794e-09
-0.0323036 0.00110448 2.33346e-09
-0.0331757 0.00111733 3.44013e-09
-0.034046 0.00112995 4.39995e-09
-0.0349146 0.00114236 2.90505e-09
-0.0357816 0.00115458 3.94204e-09
-0.036647 0.00116662 1.04339e-09
-0.0375109 0.00117848 9.49357e-10
-0.0383734 0.00119018 8.48358e-10
-0.0392346 0.00120172 8.35535e-10
-0.0400945 0.0012131 8.51124e-10
-0.0409533 0.00122433 8.69179e-10
-0.0418109 0.00123542 4.55109e-10
-0.0426575 0.00124758 2.9693e-09
-0.0434982 0.00126024 1.77166e-09
-0.0443373 0.00127288 4.93875e-10
-0.0451748 0.0012855 4.82187e-10
-0.0460108 0.0012981 4.84041e-10
-0.0468455 0.00131067 4.75649e-10
-0.0476789 0.00132322 4.7512e-10
-0.0485111 0.00133574 4.71491e-10
-0.0493421 0.00134822 4.6044e-10
-0.050172 0.00136067 4.62662e-10
-0.0510529 0.00137274 4.76754e-10
-0.0519592 0.00138611 4.71748e-10
-0.0528665 0.00139938 4.72424e-10
-0.0537747 0.00141254 4.689e-10
-0.0546837 0.00142557 4.66727e-10
-0.0555934 0.00143845 4.64636e-10
-0.0565035 0.00145121 4.63899e-10
-0.0574091 0.00146484 4.70071e-10
-0.0583154 0.00147816 4.71312e-10
-0.0592222 0.00149118 4.67665e-10
-0.0601293 0.00150393 4.68595e-10
-0.0610367 0.00151645 4.6573e-10
-0.0619443 0.00152874 4.63741e-10
-0.0628519 0.00154084 4.69416e-10
-0.0637595 0.0015527 4.88666e-10
-0.0646671 0.00156451 4.76716e-10
-0.0655745 0.00157612 4.54533e-10
-0.0664818 0.00158763 4.97547e-10
-0.067389 0.00159896 4.59917e-10
-0.0682959 0.00161021 4.57485e-10
-0.0692026 0.00162135 4.62707e-10
-0.070109 0.0016324 4.6235e-10
-0.0710152 0.00164336 4.6229e-10
-0.0719211 0.00165425 4.63017e-10
-0.0728267 0.00166506 4.62278e-10
-0.0737321 0.0016758 4.59385e-10
-0.0746371 0.00168647 4.58557e-10
-0.0755419 0.00169708 4.57808e-10
-0.0764464 0.00170764 4.57755e-10
-0.0773506 0.00171814 4.5713e-10
-0.0782545 0.00172858 4.54189e-10
-0.0791581 0.00173898 4.5233e-10
-0.0800615 0.00174933 4.56967e-10
-0.0809646 0.00175962 4.58914e-10
-0.0818675 0.00176988 4.58428e-10
-0.0827701 0.00178008 4.4946e-10
-0.0836725 0.00179024 4.50068e-10
-0.0845746 0.00180036 4.5039e-10
-0.0854766 0.00181043 4.52823e-10
-0.0863783 0.00182046 4.53917e-10
-0.0872798 0.00183044 4.49537e-10
-0.0881811 0.00184038 4.53718e-10
-0.0890822 0.00185028 4.53837e-10
-0.0899832 0.00186014 4.56061e-10
-0.090884 0.00186995 4.52963e-10
-0.0917846 0.00187973 4.54793e-10
-0.0926851 0.00188945 4.50187e-10
-0.0935854 0.00189914 4.4457e-10
-0.0944856 0.00190879 4.40047e-10
-0.0953857 0.00191839 4.46323e-10
-0.0962857 0.00192795 4.48192e-10
-0.0971856 0.00193746 4.43916e-10
-0.0980854 0.00194694 4.47344e-10
-0.0989851 0.00195637 4.40328e-10
-0.0998847 0.00196576 4.40051e-10
-0.100784 0.0019751 4.48144e-10
-0.101684 0.00198441 4.46733e-10
-0.102583 0.00199367 4.41033e-10
-0.103483 0.00200289 4.39807e-10
-0.104382 0.00201206 4.48381e-10
-0.105281 0.00202119 4.44342e-10
-0.10618 0.00203028 4.42449e-10
-0.10708 0.00203933 4.48427e-10
-0.107979 0.00204834 4.49914e-10
-0.108878 0.0020573 4.42252e-10
-0.109777 0.00206622 4.38276e-10
-0.110677 0.0020751 4.45278e-10
-0.111576 0.00208393 4.42698e-10
-0.112475 0.00209272 4.43104e-10
-0.113375 0.00210148 4.38764e-10
-0.114274 0.00211019 4.40229e-10
-0.115173 0.00211885 4.4325e-10
-0.116073 0.00212748 4.42629e-10
-0.116972 0.00213607 4.38292e-10
-0.117872 0.00214461 4.4038e-10
-0.118771 0.00215311 4.40121e-10
-0.119671 0.00216158 4.38429e-10
-0.120571 0.00217 4.3766e-10
-0.12147 0.00217838 4.4092e-10
-0.12237 0.00218672 4.41494e-10
-0.12327 0.00219502 4.39055e-10
-0.12417 0.00220328 4.38284e-10
-0.12507 0.00221151 4.4125e-10
-0.12597 0.00221969 4.40569e-10
-0.126871 0.00222783 4.40199e-10
-0.127771 0.00223594 4.3944e-10
-0.128672 0.00224401 4.34153e-10
-0.129572 0.00225203 4.35259e-10
-0.130473 0.00226002 4.39012e-10
-0.131374 0.00226798 4.38087e-10
-0.132275 0.00227589 4.3625e-10
-0.133176 0.00228377 4.37882e-10
-0.134077 0.00229161 4.36059e-10
-0.134978 0.00229941 4.34831e-10
-0.13588 0.00230718 4.3554e-10
-0.136781 0.00231491 4.34345e-10
-0.137683 0.00232261 4.33207e-10
-0.138585 0.00233026 4.34366e-10
-0.139487 0.00233789 4.32751e-10
-0.140389 0.00234548 4.33162e-10
-0.141291 0.00235303 4.32638e-10
-0.142194 0.00236055 4.33645e-10
-0.143096 0.00236803 4.34611e-10
-0.143999 0.00237548 4.33341e-10
-0.144902 0.00238289 4.32548e-10
-0.145805 0.00239028 4.32006e-10
-0.146708 0.00239762 4.31829e-10
-0.147612 0.00240494 4.31949e-10
-0.148515 0.00241222 4.31323e-10
-0.149419 0.00241947 4.31944e-10
-0.150323 0.00242668 4.31306e-10
-0.151227 0.00243386 4.3131e-10
-0.152132 0.00244102 4.31057e-10
-0.153036 0.00244813 4.30722e-10
-0.153941 0.00245522 4.28851e-10
-0.154846 0.00246228 4.30106e-10
-0.155751 0.0024693 4.30368e-10
-0.156656 0.00247629 4.30801e-10
-0.157561 0.00248326 4.28584e-10
-0.158467 0.00249019 4.31463e-10
-0.159373 0.00249709 4.27591e-10
-0.160279 0.00250396 4.30968e-10
-0.161185 0.0025108 4.28191e-10
-0.162092 0.00251761 4.28953e-10
-0.162998 0.0025244 4.22963e-10
-0.163905 0.00253115 4.30421e-10
-0.164812 0.00253787 4.23819e-10
-0.165719 0.00254457 4.24742e-10
-0.166636 0.0025526 4.29477e-10
-0.167557 0.00256138 7.36262e-10
-0.168479 0.00257026 4.68902e-10
-0.169402 0.00257924 1.08475e-10
-0.170325 0.00258832 7.23332e-10
-0.170989 0.0025949 5.17117e-10
