0 0 0
-1.33628e-10 -20450.9 -3.11876e+07
-5.33774e-10 -40901.9 -6.23753e+07
-1.15202e-09 -61352.9 -9.35629e+07
-2.06069e-09 -81804.1 -1.24751e+08
-3.12127e-09 -102256 -1.55938e+08
-4.3616e-09 -122707 -1.87126e+08
-0.00138072 -142853 -2.17847e+08
-2.42456e-05 -154847 -2.36131e+08
9.25684e-06 -162788 -2.4823e+08
1.50631e-06 -164704 -2.51145e+08
-0.000922297 -164813 -2.51308e+08
-0.000826631 -164917 -2.51464e+08
9.3143e-05 -165035 -2.5164e+08
-9.58743e-06 -164440 -2.50728e+08
-0.000370104 -162959 -2.4846e+08
-0.000613603 -161208 -2.45779e+08
-0.000105988 -158671 -2.41895e+08
0.000454688 -156228 -2.38156e+08
-0.000184508 -154094 -2.3489e+08
-0.0017738 -151752 -2.31304e+08
0.000920924 -149337 -2.27605e+08
0.000285314 -147206 -2.24341e+08
-4.26499e-05 -145356 -2.21506e+08
-1.61463e-05 -143721 -2.18998e+08
-0.000250323 -142269 -2.16771e+08
0.0058537 -140426 -2.13944e+08
0.00469164 -138760 -2.11387e+08
0.00165158 -137252 -2.09072e+08
0.00207955 -135907 -2.07005e+08
5.56308e-05 -134683 -2.05124e+08
-0.000746537 -133565 -2.03405e+08
-2.90608e-05 -132542 -2.01829e+08
-0.000557096 -131600 -2.00379e+08
-0.000781577 -130732 -1.99041e+08
-0.00133612 -129930 -1.97802e+08
-0.00418489 -129186 -1.96653e+08
0.00433626 -128325 -1.95325e+08
0.00092371 -127407 -1.93908e+08
0.00222972 -126543 -1.92573e+08
0.00254329 -125729 -1.91315e+08
0.000515337 -124975 -1.9015e+08
0.000768586 -124270 -1.89057e+08
3.51272e-05 -123605 -1.88026e+08
-0.000391591 -122978 -1.87054e+08
-0.000235705 -122386 -1.86135e+08
6.43215e-05 -121827 -1.85266e+08
2.59661e-05 -121299 -1.84443e+08
-6.20521e-05 -120799 -1.83664e+08
-0.000175629 -120325 -1.82924e+08
0.000211317 -119875 -1.82222e+08
0.00283247 -119449 -1.81555e+08
0.00160144 -119044 -1.8092e+08
0.0022394 -118658 -1.80316e+08
0.00162419 -118292 -1.7974e+08
0.00131783 -117943 -1.79191e+08
0.00116933 -117611 -1.78667e+08
0.00108148 -117294 -1.78167e+08
-3.18978e-05 -116990 -1.77686e+08
-0.00146842 -116696 -1.77221e+08
0.00104854 -116414 -1.76774e+08
-0.000736758 -116143 -1.76344e+08
-0.00136431 -115884 -1.75931e+08
8.21782e-05 -115634 -1.75534e+08
-0.000287729 -115394 -1.75151e+08
-0.00229234 -115164 -1.74782e+08
-0.00163102 -114942 -1.74426e+08
-0.00107066 -114728 -1.74083e+08
3.88586e-06 -114464 -1.73662e+08
0.00133551 -114177 -1.73204e+08
0.00302043 -113896 -1.72757e+08
0.00230535 -113622 -1.7232e+08
0.00275668 -113354 -1.71892e+08
0.00326591 -113093 -1.71474e+08
0.000149143 -112841 -1.7107e+08
-0.00341367 -112600 -1.70683e+08
-0.00251697 -112365 -1.70304e+08
-0.00173803 -112135 -1.69934e+08
-0.000182243 -111911 -1.69572e+08
-0.00186031 -111693 -1.6922e+08
0.000281205 -111481 -1.68876e+08
0.000186946 -111274 -1.6854e+08
7.86958e-05 -111072 -1.68212e+08
-1.42639e-05 -110876 -1.67892e+08
0.00121773 -110685 -1.6758e+08
0.000163377 -110499 -1.67276e+08
0.000163741 -110318 -1.66979e+08
2.193e-06 -110141 -1.66689e+08
-5.39756e-05 -109969 -1.66406e+08
-9.03974e-05 -109802 -1.6613e+08
-0.000112963 -109639 -1.65861e+08
-0.000126024 -109480 -1.65598e+08
0.00143618 -109326 -1.65341e+08
0.00153111 -109175 -1.6509e+08
0.0016286 -109028 -1.64844e+08
0.00356885 -108885 -1.64605e+08
0.00372891 -108746 -1.64371e+08
0.00390709 -108610 -1.64142e+08
0.00403107 -108478 -1.63918e+08
0.00419172 -108349 -1.63699e+08
0.00433437 -108223 -1.63485e+08
0.00442659 -108100 -1.63276e+08
0.00450811 -107980 -1.63072e+08
0.00459136 -107863 -1.62871e+08
0.00466712 -107750 -1.62675e+08
0.00471928 -107638 -1.62483e+08
0.0048037 -107530 -1.62295e+08
0.00476388 -107424 -1.62111e+08
0.00484255 -107321 -1.61931e+08
0.00478867 -107220 -1.61755e+08
0.00483624 -107122 -1.61582e+08
0.00377258 -107026 -1.61412e+08
0.00372146 -106932 -1.61246e+08
0.0037198 -106840 -1.61083e+08
0.00368191 -106751 -1.60924e+08
0.00368644 -106664 -1.60767e+08
0.00363757 -106578 -1.60614e+08
0.00360344 -106495 -1.60463e+08
0.00354598 -106414 -1.60315e+08
0.00339997 -106334 -1.6017e+08
0.00343923 -106256 -1.60028e+08
0.00338205 -106181 -1.59888e+08
0.00333712 -106106 -1.59751e+08
0.00328588 -106034 -1.59616e+08
0.00318242 -105963 -1.59484e+08
0.00316628 -105894 -1.59354e+08
0.0030669 -105826 -1.59226e+08
0.00307255 -105760 -1.59101e+08
0.0030263 -105696 -1.58978e+08
0.0029285 -105633 -1.58857e+08
0.00278979 -105571 -1.58738e+08
0.00277589 -105511 -1.58621e+08
0.00278667 -105452 -1.58506e+08
0.00271111 -105395 -1.58393e+08
0.00268638 -105339 -1.58282e+08
0.00257094 -105284 -1.58173e+08
0.00253149 -105230 -1.58066e+08
0.0025126 -105178 -1.5796e+08
0.00328662 -105127 -1.57856e+08
0.00240627 -105077 -1.57754e+08
0.00309476 -105028 -1.57653e+08
0.0031045 -104980 -1.57554e+08
0.00291172 -104933 -1.57457e+08
0.00297266 -104888 -1.57361e+08
0.00291717 -104843 -1.57267e+08
0.00281713 -104800 -1.57174e+08
0.00285382 -104758 -1.57082e+08
0.00280704 -104716 -1.56992e+08
0.00262394 -104676 -1.56904e+08
0.00252889 -104636 -1.56816e+08
0.00258558 -104598 -1.5673e+08
0.00260322 -104560 -1.56646e+08
0.00240838 -104524 -1.56562e+08
0.00245365 -104488 -1.5648e+08
0.00248285 -104453 -1.56399e+08
0.0024149 -104419 -1.5632e+08
0.00232902 -104386 -1.56241e+08
0.00227906 -104354 -1.56164e+08
0.00224598 -104322 -1.56088e+08
0.0022965 -104291 -1.56013e+08
0.00224297 -104261 -1.55939e+08
0.00216991 -104232 -1.55866e+08
0.00202416 -104204 -1.55794e+08
0.00210239 -104176 -1.55723e+08
0.00206309 -104149 -1.55653e+08
0.001861 -104123 -1.55584e+08
0.00119453 -104098 -1.55516e+08
0.001538 -104073 -1.55449e+08
0.00159398 -104049 -1.55383e+08
0.00110834 -104026 -1.55318e+08
0.00142365 -104003 -1.55254e+08
0.00150479 -103981 -1.55191e+08
0.00109179 -103960 -1.55128e+08
0.000973227 -103939 -1.55067e+08
0.000930307 -103919 -1.55006e+08
0.000962124 -103900 -1.54946e+08
0.000897858 -103881 -1.54887e+08
0.00118882 -103863 -1.54829e+08
0.00142248 -103845 -1.54772e+08
0.00086398 -103828 -1.54715e+08
0.00111531 -103812 -1.54659e+08
0.000877645 -103796 -1.54604e+08
0.000757057 -103780 -1.54549e+08
0.00109245 -103766 -1.54496e+08
0.00104101 -103751 -1.54443e+08
0.0012689 -103738 -1.5439e+08
0.00099222 -103725 -1.54339e+08
0.00122572 -103712 -1.54288e+08
0.00108368 -103700 -1.54237e+08
0.00107385 -103688 -1.54188e+08
0.000843539 -103677 -1.54139e+08
0.00105175 -103667 -1.5409e+08
0.00259189 -103653 -1.54037e+08
-0.00105633 -103640 -1.53984e+08
-0.000157566 -103628 -1.53932e+08
-0.000733758 -103616 -1.53881e+08
-0.00310821 -103604 -1.5383e+08
-0.00318506 -103593 -1.53779e+08
-0.00312871 -103582 -1.53729e+08
-0.00476895 -103571 -1.53679e+08
-0.00338343 -103561 -1.5363e+08
0.00911259 -103551 -1.53581e+08
-0.000671897 -103542 -1.53533e+08
-0.00461132 -103535 -1.53498e+08
