0 0 0
43.0324 2.71779 1.46563e-16
86.0692 5.43558 -4.81269e-17
129.111 8.15337 -2.8882e-17
172.156 10.8712 -2.84977e-16
215.207 13.589 -5.03789e-16
258.262 16.3068 3.93077e-16
301.315 19.0332 3.69683e-14
343.646 22.0516 1.19753e-12
371.433 23.8352 -2.30953e-13
371.714 22.3637 6.97681e-13
371.777 22.0287 1.91749e-12
371.857 21.5917 -1.54144e-12
371.927 21.2278 4.82649e-12
372.044 20.6287 6.1221e-12
372.219 19.7528 -7.74283e-11
372.335 19.3118 -3.44883e-11
372.508 18.6 8.92592e-12
372.595 18.4628 -1.50024e-12
372.688 18.3244 4.09946e-11
372.83 17.9582 -6.69975e-12
373.013 17.4232 6.98145e-11
373.094 17.4898 1.25995e-11
373.131 17.7925 -1.47283e-11
373.211 17.8774 -4.37569e-11
373.331 17.7841 -5.29209e-10
373.483 17.5525 7.74253e-10
373.662 17.2292 3.74184e-10
373.862 16.8477 1.11209e-09
374.08 16.431 3.26075e-09
374.286 16.1193 -7.46495e-10
374.296 16.7339 -8.12568e-09
374.323 17.2232 -2.00483e-09
374.369 17.6013 -9.03952e-09
374.436 17.8839 3.82056e-09
374.525 18.0482 6.56806e-09
374.634 18.1182 -1.0496e-08
374.76 18.1115 1.51117e-08
374.9 18.0442 2.31808e-08
375.054 17.9278 3.65204e-08
375.22 17.7722 8.53854e-08
375.396 17.5855 -1.82911e-07
375.581 17.3743 5.52709e-07
375.775 17.1441 2.1974e-06
375.976 16.8997 1.95698e-06
376.184 16.6447 1.59519e-06
376.399 16.3823 1.28967e-06
376.63 16.1178 1.19728e-06
376.882 15.859 2.68578e-07
377.141 15.6066 -2.92796e-07
377.408 15.3613 -2.55239e-07
377.681 15.1235 -2.14e-07
377.962 14.8935 -1.77679e-07
378.25 14.6712 -1.44292e-07
378.319 15.2211 -1.72462e-07
378.369 15.8168 -1.56988e-07
378.419 16.3737 -1.31957e-07
378.47 16.8903 -1.11343e-07
378.524 17.3716 -5.95412e-08
378.586 17.8384 -7.5642e-08
378.654 18.2458 -1.29061e-07
378.73 18.597 -6.10255e-08
378.813 18.8993 -5.48024e-09
378.903 19.1576 -9.98677e-08
379 19.3753 -4.03305e-08
379.104 19.5565 -6.78028e-08
379.216 19.705 -4.10888e-08
379.333 19.8237 -6.59213e-08
379.458 19.9153 -3.14693e-08
379.588 19.9829 -2.57796e-08
379.724 20.0287 -2.26937e-08
379.866 20.0545 -2.35534e-08
380.013 20.0628 -2.16105e-08
380.165 20.0552 -1.96811e-08
380.321 20.0331 -1.56029e-08
380.482 19.9983 -1.19325e-08
380.648 19.9519 -1.15251e-08
380.817 19.8953 -6.22087e-09
380.99 19.8295 -5.66366e-09
381.167 19.7556 -1.01777e-08
381.347 19.6745 -5.93937e-09
381.53 19.587 -1.36067e-08
381.716 19.4939 3.76747e-09
381.906 19.3959 7.54908e-09
382.098 19.2936 6.25745e-09
382.293 19.1876 1.03425e-08
382.49 19.0784 7.32953e-09
382.689 18.9665 1.54908e-09
382.891 18.8522 7.01597e-09
383.096 18.736 6.05912e-09
383.302 18.6182 7.16684e-09
383.51 18.4991 2.26291e-08
383.721 18.379 2.12469e-08
383.933 18.2581 1.8797e-08
384.147 18.1367 8.80783e-09
384.363 18.0149 6.06356e-09
384.581 17.8929 1.05327e-08
384.8 17.7708 1.25973e-08
385.021 17.6489 1.01859e-08
385.244 17.5273 2.68083e-09
385.468 17.406 6.91151e-09
385.694 17.2851 1.20274e-08
385.921 17.1648 1.22793e-08
386.15 17.0452 1.27138e-08
386.379 16.9261 1.39617e-08
386.611 16.8079 9.30676e-09
386.843 16.6904 7.12141e-09
387.077 16.5737 1.19553e-08
387.312 16.4579 9.8261e-09
387.549 16.343 6.48517e-09
387.786 16.2291 1.17422e-08
388.025 16.1161 1.07308e-08
388.265 16.004 3.35649e-09
388.506 15.8929 1.06497e-08
388.748 15.7829 2.06083e-08
388.992 15.6738 6.88977e-09
389.236 15.5657 2.5727e-09
389.481 15.4587 2.15548e-09
389.728 15.3527 7.33664e-09
389.975 15.2477 1.34934e-08
390.224 15.1437 -3.17299e-09
390.473 15.0407 4.73765e-09
390.723 14.9387 8.77362e-09
390.974 14.8377 -9.01042e-10
391.226 14.7378 -1.07335e-09
391.479 14.6388 2.90814e-08
391.733 14.5408 5.31616e-09
391.987 14.4438 4.05924e-09
392.243 14.3478 -2.73488e-08
392.499 14.2527 9.27867e-09
392.756 14.1586 -2.58774e-08
393.013 14.0654 -1.83358e-08
393.272 13.9731 5.05321e-08
393.531 13.8818 7.931e-09
393.791 13.7913 -9.31944e-09
394.051 13.7018 6.84937e-09
394.313 13.6132 -4.96766e-09
394.575 13.5254 4.08569e-08
394.837 13.4385 -4.47601e-09
395.1 13.3525 3.46638e-08
395.364 13.2673 -3.16944e-08
395.628 13.183 -8.59696e-09
395.893 13.0995 -1.49892e-08
396.159 13.0168 6.97336e-08
396.425 12.9349 -1.04475e-07
396.691 12.8539 1.00358e-07
396.925 12.9211 -8.76374e-08
397.121 13.1531 5.45347e-07
397.314 13.3853 1.02282e-06
397.505 13.6183 7.64205e-07
397.694 13.8528 2.21628e-06
397.879 14.0893 4.04905e-07
398.062 14.3286 -3.37804e-07
398.242 14.5713 2.42046e-07
398.418 14.8182 -7.06558e-07
398.59 15.07 -9.13638e-07
398.758 15.3276 -3.34373e-07
398.922 15.5921 1.42511e-06
399.08 15.8644 -1.55479e-06
399.232 16.1457 -3.75162e-07
399.378 16.4375 3.69912e-07
399.516 16.7413 -1.89473e-07
399.646 17.0589 -1.01907e-06
399.766 17.3925 -9.42833e-07
399.875 17.7444 -1.09851e-09
399.972 18.1177 1.10111e-07
400.054 18.5168 -1.0875e-07
400.144 18.8914 -6.17319e-06
400.225 19.274 -1.00415e-06
400.29 19.68 -8.00268e-07
400.336 20.1125 2.58978e-06
400.362 20.5752 2.30038e-06
400.363 21.0723 5.41112e-06
400.336 21.6088 1.99724e-06
400.294 22.1538 2.54294e-07
400.249 22.68 -2.06796e-07
400.202 23.1871 -3.59154e-08
400.154 23.6754 1.09396e-07
400.105 24.1449 -6.25911e-08
400.055 24.5961 3.6639e-08
400.006 25.0291 5.36966e-08
399.956 25.4444 2.47538e-08
399.908 25.8424 8.56729e-08
399.86 26.2234 6.57947e-07
399.814 26.5879 -1.13017e-07
399.769 26.9365 -4.92509e-09
399.727 27.2696 -4.6876e-08
399.686 27.5875 -1.4075e-08
399.647 27.891 -1.05667e-07
399.61 28.1809 5.77268e-09
399.576 28.457 2.8643e-08
399.544 28.7199 -6.33592e-08
399.515 28.9704 2.65885e-08
399.488 29.2078 1.84265e-09
399.464 29.4344 -2.21073e-08
399.442 29.6498 -3.24031e-08
399.423 29.8545 -3.99367e-08
399.406 30.0489 -4.07658e-08
399.392 30.2334 -2.57999e-08
399.38 30.4083 -1.83905e-08
399.371 30.5742 -7.70799e-08
399.364 30.7312 -4.69956e-08
399.36 30.8799 -6.31268e-08
399.358 30.9822 -6.16211e-08
