0 0 0
-43.1459 2.72524 -2.85199e-17
-86.2874 5.45049 1.09009e-17
-129.424 8.17573 1.3792e-16
-172.557 10.901 -1.96316e-16
-215.686 13.6262 -1.7718e-16
-258.809 16.3515 -5.56827e-16
-299.564 18.8916 7.09475e-15
-297.04 17.7618 6.83184e-13
-291.717 16.0084 1.41681e-13
-287.08 14.7164 -1.03903e-13
-285.727 14.4108 1.31567e-13
-284.278 14.0931 2.07973e-12
-282.015 13.6428 -7.68507e-13
-278.473 13.0333 1.04265e-12
-272.923 12.2777 -1.90764e-12
-265.853 11.4208 2.3798e-11
-258.942 10.6902 -2.642e-11
-252.113 10.027 -2.42374e-11
-245.357 9.38596 8.35702e-12
-239.192 8.84896 -2.21094e-10
-233.621 8.41256 3.04551e-09
-228.531 8.04407 -1.54396e-09
-223.46 7.64766 1.11996e-09
-218.908 7.30965 2.46695e-10
-214.811 7.02115 1.0255e-09
-211.128 6.79367 1.42303e-09
-207.786 6.59669 7.08929e-09
-204.739 6.42489 7.09079e-08
-201.95 6.27441 8.57263e-07
-199.102 6.09312 1.38918e-06
-196.467 5.924 6.41416e-06
-194.049 5.77237 1.73676e-05
-191.823 5.6405 2.14346e-05
-189.775 5.53857 -1.25949e-05
-187.876 5.44537 -1.34698e-06
-186.108 5.36104 -1.15702e-05
-184.458 5.28547 -1.98534e-05
-182.913 5.21756 -3.91704e-05
-181.463 5.15688 -8.66414e-05
-180.098 5.10257 -0.000170647
-178.811 5.05376 -1.5965e-06
-177.594 5.00976 -3.47781e-06
-176.442 4.97004 -1.10627e-05
-175.312 4.92516 1.03617e-05
-174.155 4.87046 3.20794e-05
-173.058 4.81668 6.67011e-05
-172.015 4.7636 -1.22079e-05
-171.023 4.71129 -1.98304e-05
-170.08 4.66564 -4.43558e-05
-169.183 4.62849 2.41822e-05
-168.326 4.58905 2.95173e-05
-167.506 4.54828 6.7571e-05
-166.722 4.50708 0.000154581
-165.97 4.46611 9.19558e-06
-165.249 4.42546 1.02401e-05
-164.556 4.38553 2.01841e-05
-163.89 4.34652 3.87326e-05
-163.249 4.30854 7.06954e-05
-162.632 4.27163 9.06591e-05
-162.037 4.23587 -8.65046e-06
-161.463 4.20118 -2.12244e-05
-160.909 4.16756 -2.14332e-05
-160.373 4.13494 -2.11563e-05
-159.855 4.10334 -2.29585e-05
-159.354 4.07263 -1.6616e-05
-158.869 4.04284 -2.02627e-05
-158.399 4.01387 -2.47565e-05
-157.943 3.98566 -3.05402e-05
-157.501 3.95815 -3.7671e-05
-157.072 3.93128 -4.62074e-05
-156.657 3.91405 -0.000125975
-156.259 3.91503 2.57086e-05
-155.871 3.91674 3.02651e-05
-155.494 3.91902 3.40646e-05
-155.128 3.92178 3.73315e-05
-154.771 3.92493 3.98237e-05
-154.423 3.9284 4.1304e-05
-154.084 3.93212 4.18088e-05
-153.754 3.93598 2.92998e-05
-153.432 3.94004 -6.3564e-07
-153.118 3.94418 -8.91484e-07
-152.811 3.94838 -4.91758e-07
-152.511 3.95258 -4.55766e-07
-152.199 3.94522 -6.8102e-07
-151.887 3.94862 -6.0232e-07
-151.582 3.95127 -6.03166e-07
-151.284 3.95309 -5.72958e-07
-150.992 3.95395 -5.69532e-07
-150.707 3.9538 -5.51306e-07
-150.428 3.95261 -5.35431e-07
-150.155 3.95036 -5.73669e-07
-149.889 3.95513 -6.22255e-07
-149.629 3.96315 -5.78047e-07
-149.374 3.96799 -5.38404e-07
-149.124 3.97016 -5.83512e-07
-148.879 3.96998 -6.18698e-07
-148.64 3.96775 -6.17396e-07
-148.405 3.96374 -5.55919e-07
-148.174 3.95823 -5.55159e-07
-147.948 3.95142 -5.03122e-07
-147.727 3.94352 -5.08605e-07
-147.51 3.93471 -4.91203e-07
-147.297 3.92514 -4.83602e-07
-147.088 3.91497 -5.36964e-07
-146.882 3.90429 -5.25682e-07
-146.681 3.89323 -3.71966e-07
-146.483 3.88191 -3.55684e-07
-146.289 3.87033 -4.845e-07
-146.098 3.85859 -4.96064e-07
-145.911 3.84677 -5.1587e-07
-145.727 3.83488 -5.01667e-07
-145.546 3.82301 -4.57743e-07
-145.368 3.81117 -4.34769e-07
-145.193 3.7994 -4.54907e-07
-145.021 3.78772 -4.40189e-07
-144.852 3.77615 -4.07879e-07
-144.686 3.7647 -3.92389e-07
-144.522 3.75337 -4.00969e-07
-144.361 3.74214 -4.00278e-07
-144.203 3.73113 -3.69043e-07
-144.047 3.72027 -3.45647e-07
-143.893 3.70957 -3.7256e-07
-143.742 3.69904 -4.40888e-07
-143.593 3.68866 -4.23068e-07
-143.446 3.67845 -3.9104e-07
-143.302 3.66838 -4.05577e-07
-143.16 3.65847 -3.32821e-07
-143.019 3.6487 -3.61355e-07
-142.881 3.63908 -3.79191e-07
-142.745 3.62959 -4.59893e-07
-142.611 3.62022 -3.3804e-07
-142.478 3.61098 -3.33834e-07
-142.348 3.60184 -3.61763e-07
-142.219 3.59283 -2.92251e-07
-142.092 3.58391 -4.46573e-07
-141.967 3.5751 -3.40804e-07
-141.843 3.56637 -4.11541e-07
-141.721 3.55773 -3.78689e-07
-141.601 3.54916 -4.04903e-07
-141.482 3.54067 -4.37258e-07
-141.365 3.53224 -4.21526e-07
-141.249 3.52387 -4.61603e-07
-141.135 3.51556 -4.52047e-07
-141.022 3.5073 -4.07067e-07
-140.911 3.49908 -4.28414e-07
-140.801 3.4909 -4.44062e-07
-140.692 3.48276 -4.82867e-07
-140.585 3.47465 -4.55715e-07
-140.479 3.46657 -4.1869e-07
-140.374 3.45851 -4.27833e-07
-140.271 3.45048 -3.28759e-07
-140.168 3.44246 -2.82678e-07
-140.067 3.43445 -2.82805e-07
-139.967 3.42645 -1.89848e-07
-139.868 3.41847 -2.10537e-07
-139.771 3.41049 -3.01788e-07
-139.674 3.40252 -3.48483e-07
-139.579 3.39454 -3.42427e-07
-139.484 3.38657 -3.14705e-07
-139.391 3.3786 -3.13655e-07
-139.299 3.37062 -3.25895e-07
-139.207 3.36265 -3.54072e-07
-139.117 3.35466 -3.54265e-07
-139.028 3.34667 -3.57246e-07
-138.939 3.33867 -3.70145e-07
-138.852 3.33067 -3.11001e-07
-138.765 3.32265 -3.16947e-07
-138.68 3.31463 -3.53895e-07
-138.595 3.3066 -3.85259e-07
-138.511 3.29856 -3.83686e-07
-138.428 3.2905 -2.88044e-07
-138.346 3.28244 -3.8954e-07
-138.264 3.27436 -3.48102e-07
-138.184 3.26628 -3.5879e-07
-138.104 3.25818 -2.63867e-07
-138.025 3.25008 -2.9146e-07
-137.946 3.24196 -2.78294e-07
-137.869 3.23384 -2.44695e-07
-137.792 3.2257 -2.89075e-07
-137.716 3.21755 -3.07296e-07
-137.641 3.2094 -3.26535e-07
-137.566 3.20123 -3.07517e-07
-137.492 3.19306 -2.97162e-07
-137.419 3.18488 -3.17824e-07
-137.346 3.17669 -3.15603e-07
-137.275 3.1685 -2.88075e-07
-137.203 3.16029 -3.0369e-07
-137.133 3.15209 -2.57116e-07
-137.063 3.14387 -3.37778e-07
-136.993 3.13565 -3.00686e-07
-136.925 3.12743 -3.22875e-07
-136.857 3.1192 -3.08381e-07
-136.789 3.11097 -2.92451e-07
-136.722 3.10274 -2.53545e-07
-136.656 3.0945 -2.70771e-07
-136.59 3.08626 -2.8821e-07
-136.525 3.07803 -2.76364e-07
-136.46 3.06979 -2.44064e-07
-136.396 3.06155 -2.53351e-07
-136.332 3.05331 -3.0516e-07
-136.269 3.04508 -3.00838e-07
-136.206 3.03684 -3.05558e-07
-136.162 3.03094 -2.8109e-07
