0 0 0
43.1504 2.72524 1.07526e-16
86.3053 5.45049 -1.67068e-16
129.465 8.17573 2.22116e-16
172.629 10.901 -1.80086e-17
215.797 13.6262 -7.23901e-16
258.97 16.3515 -6.25183e-16
301.874 19.0697 -1.91752e-13
336.496 21.5268 6.36994e-13
367.026 23.8732 -1.91826e-13
371.525 23.3619 -1.8201e-11
371.571 23.1199 1.89557e-11
371.607 22.9271 1.35494e-12
371.663 22.6337 -3.81574e-13
371.747 22.188 -1.9835e-11
371.883 21.4582 3.95414e-11
371.994 20.8847 -3.26563e-11
372.117 20.2512 5.4246e-11
372.226 19.7186 1.45877e-11
372.279 19.5357 -7.70213e-10
372.355 19.238 1.93911e-10
372.449 18.8548 -1.79275e-11
372.559 18.4063 -7.88771e-11
372.584 18.4686 -7.72946e-11
372.619 18.4819 1.71704e-09
372.675 18.3907 1.07953e-09
372.747 18.2222 1.87129e-09
372.834 17.9833 7.96885e-09
372.936 17.6875 5.17843e-08
373.048 17.3518 5.03712e-08
373.1 17.3666 9.76277e-08
373.107 17.6245 6.03842e-07
373.129 17.7957 1.3621e-06
373.165 17.8895 3.60689e-06
373.216 17.9211 5.98572e-06
373.28 17.8889 1.04359e-05
373.357 17.8009 6.84517e-05
373.445 17.6703 -1.43962e-05
373.542 17.5024 -4.18726e-06
373.648 17.3077 -3.38269e-06
373.761 17.092 -5.94877e-06
373.881 16.8601 -1.14903e-05
374.007 16.6163 -1.84285e-05
374.139 16.364 -1.14033e-05
374.276 16.1059 -4.73596e-06
374.319 16.2889 6.38284e-06
374.326 16.6469 -8.5576e-08
374.338 16.9626 -2.53001e-06
374.356 17.2362 -8.3624e-06
374.381 17.4691 -1.6696e-05
374.413 17.6759 1.64881e-05
374.452 17.8439 9.18063e-06
374.499 17.9691 5.36046e-06
374.554 18.0564 1.54846e-05
374.615 18.1107 5.33556e-05
374.683 18.1365 4.18805e-06
374.757 18.1362 3.0166e-06
374.836 18.1131 -2.68235e-06
374.92 18.0702 -4.90252e-06
375.009 18.0097 -9.93831e-06
375.102 17.9338 -5.46384e-06
375.199 17.8443 -8.83933e-06
375.3 17.743 2.93097e-07
375.405 17.6314 3.0861e-07
375.513 17.5107 8.39944e-08
375.624 17.3824 6.13907e-08
375.738 17.2474 3.60313e-08
375.855 17.1066 1.12233e-06
375.974 16.9612 1.48858e-06
376.096 16.8118 1.96823e-06
376.221 16.6591 2.56918e-06
376.347 16.5038 3.326e-06
376.487 16.3456 5.52968e-06
376.632 16.19 -3.81866e-07
376.78 16.0351 -7.19614e-07
376.931 15.8823 -7.48549e-07
377.084 15.7316 -7.07598e-07
377.24 15.5833 -6.80037e-07
377.399 15.4375 -6.70663e-07
377.56 15.2943 -6.43457e-07
377.724 15.1537 -6.05752e-07
377.89 15.0156 -6.05848e-07
378.059 14.8805 -6.13311e-07
378.23 14.748 -6.50795e-07
378.404 14.6182 -6.11125e-07
378.58 14.4911 -6.09513e-07
378.609 14.8947 1.9393e-08
378.643 15.262 1.1747e-07
378.676 15.6158 5.12962e-08
378.71 15.9561 3.19397e-08
378.743 16.2825 -2.56571e-08
378.777 16.5949 7.06874e-09
378.812 16.893 -1.61722e-08
378.847 17.1766 -1.29974e-08
378.886 17.4658 1.88943e-08
378.927 17.7381 5.48914e-09
378.971 17.9889 -1.23181e-08
379.016 18.2201 -7.95874e-08
379.064 18.4325 -8.84512e-08
379.115 18.6272 -1.1182e-07
379.168 18.805 -1.22767e-07
379.224 18.9671 -1.32553e-07
379.282 19.1143 -1.35079e-07
379.343 19.2474 -1.33896e-07
379.406 19.3674 -1.23056e-07
379.471 19.4749 -1.23111e-07
379.539 19.5707 -9.10909e-08
379.61 19.6554 -5.99108e-08
379.683 19.7298 3.85322e-09
379.757 19.7946 -1.15815e-06
379.835 19.8499 -1.01092e-07
379.914 19.8966 -1.91593e-07
379.995 19.9351 -1.9639e-07
380.079 19.9659 -1.96331e-07
380.164 19.9894 -2.06872e-07
380.252 20.0061 -2.12589e-07
380.341 20.0164 -2.11603e-07
380.432 20.0207 -2.21623e-07
380.525 20.0194 -2.30262e-07
380.62 20.0127 -1.87981e-07
380.716 20.001 -2.21138e-07
380.814 19.9847 -2.34125e-07
380.913 19.9636 -2.30297e-07
381.014 19.9388 -2.27321e-07
381.117 19.9102 -2.39131e-07
381.221 19.8779 -2.43773e-07
381.326 19.8423 -2.26175e-07
381.432 19.8036 -2.26069e-07
381.54 19.7619 -2.20079e-07
381.649 19.7176 -2.02203e-07
381.76 19.6707 -1.87608e-07
381.871 19.6214 -1.99273e-07
381.984 19.57 -2.10608e-07
382.097 19.5165 -2.24058e-07
382.212 19.4611 -2.25996e-07
382.328 19.404 -2.11374e-07
382.445 19.3453 -2.03832e-07
382.563 19.2851 -2.07446e-07
382.681 19.2236 -2.09062e-07
382.801 19.1608 -2.08133e-07
382.922 19.0969 -1.93717e-07
383.043 19.0319 -1.93305e-07
383.166 18.966 -2.08706e-07
383.289 18.8992 -2.11506e-07
383.413 18.8316 -2.02197e-07
383.538 18.7634 -2.01332e-07
383.664 18.6945 -1.93414e-07
383.79 18.6251 -1.87547e-07
383.918 18.5551 -1.89074e-07
384.046 18.4848 -1.93061e-07
384.174 18.414 -1.93123e-07
384.304 18.3429 -1.89896e-07
384.434 18.2716 -2.03637e-07
384.565 18.2 -1.99918e-07
384.696 18.1283 -1.93197e-07
384.828 18.0564 -1.86579e-07
384.961 17.9843 -1.97397e-07
385.094 17.9123 -2.00151e-07
385.228 17.8402 -1.80453e-07
385.363 17.768 -1.76746e-07
385.498 17.6959 -1.78841e-07
385.634 17.6239 -1.81026e-07
385.771 17.5519 -1.64084e-07
385.908 17.4801 -1.68949e-07
386.045 17.4084 -1.81472e-07
386.183 17.3368 -1.7261e-07
386.322 17.2653 -1.70132e-07
386.461 17.1941 -1.67986e-07
386.601 17.123 -1.77162e-07
386.741 17.0522 -1.81067e-07
386.882 16.9816 -1.82948e-07
387.023 16.9112 -1.72074e-07
387.165 16.8411 -1.60056e-07
387.307 16.7712 -1.56347e-07
387.45 16.7016 -1.65884e-07
387.594 16.6323 -1.6969e-07
387.737 16.5633 -1.63832e-07
387.882 16.4945 -1.65699e-07
388.026 16.4261 -1.74624e-07
388.172 16.358 -1.78942e-07
388.317 16.2902 -1.68267e-07
388.463 16.2227 -1.57801e-07
388.61 16.1556 -1.5289e-07
388.757 16.0887 -1.47176e-07
388.904 16.0223 -1.49919e-07
389.052 15.9561 -1.54716e-07
389.2 15.8903 -1.44145e-07
389.349 15.8248 -1.40532e-07
389.498 15.7597 -1.3951e-07
389.648 15.6949 -1.48003e-07
389.798 15.6305 -1.43355e-07
389.948 15.5664 -1.40048e-07
390.099 15.5027 -1.5156e-07
390.25 15.4393 -1.45342e-07
390.401 15.3763 -1.41134e-07
390.553 15.3136 -1.44071e-07
390.705 15.2513 -1.32878e-07
390.858 15.1893 -1.397e-07
391.011 15.1277 -1.43644e-07
391.164 15.0664 -1.41734e-07
391.318 15.0055 -1.39902e-07
391.472 14.9449 -1.41034e-07
391.626 14.8847 -1.44355e-07
391.738 14.8416 -1.37421e-07
