0 0 0
2.00791e-05 3.70936e-05 1.24324e-21
4.01815e-05 7.41873e-05 -2.70351e-21
6.03074e-05 0.000111281 5.78602e-22
8.04567e-05 0.000148375 -7.59773e-22
0.000100629 0.000185469 1.41814e-21
0.000120826 0.000222563 3.21707e-22
0.000136577 0.00025969 3.05279e-19
3.18271e-05 0.0002968 2.30427e-18
-0.000124196 0.000334707 -7.63223e-18
-0.000221112 0.000378042 -2.19391e-17
-0.000253649 0.000388735 6.43738e-18
-0.00028626 0.000399245 2.40897e-16
-0.000336195 0.000414406 -5.80604e-16
-0.000411035 0.000437699 -4.85126e-17
-0.000553144 0.000470612 2.35018e-16
-0.000723499 0.000505899 -1.11708e-16
-0.000958834 0.00053931 -1.04803e-15
-0.00119958 0.000569565 -3.34261e-15
-0.00143027 0.000597864 -1.55175e-14
-0.00170395 0.000625039 -2.58899e-14
-0.00200739 0.000650386 -8.28581e-14
-0.00230059 0.000674214 -3.1818e-13
-0.00258027 0.000697417 -2.12485e-13
-0.00285101 0.000719478 -2.66549e-13
-0.0031138 0.000740626 -2.61291e-13
-0.00347066 0.000761572 -2.68516e-13
-0.00381957 0.000781463 -1.90442e-14
-0.00416018 0.000800639 4.21935e-14
-0.00448819 0.000819942 -2.43693e-13
-0.00480902 0.000838567 -5.98273e-13
-0.00512328 0.000856679 -1.49318e-12
-0.00543156 0.000874387 -6.15991e-12
-0.0057344 0.000891755 -6.06756e-12
-0.0060323 0.000908833 -1.32449e-11
-0.00632571 0.000925643 -2.91404e-11
-0.00661503 0.000942202 -6.82052e-11
-0.00696941 0.0009586 -2.09519e-10
-0.00734943 0.000975242 4.13053e-11
-0.00772787 0.000991365 4.55947e-11
-0.00810445 0.001007 1.03048e-10
-0.0084756 0.00102289 3.37261e-10
-0.00884388 0.00103834 1.60883e-10
-0.00921005 0.00105324 8.39519e-10
-0.00957414 0.0010677 5.68247e-10
-0.00993621 0.00108178 1.05982e-09
-0.0102963 0.00109552 2.95269e-09
-0.0106545 0.00110898 3.53455e-09
-0.011011 0.00112217 3.84255e-09
-0.0113657 0.00113513 3.66566e-09
-0.0117187 0.00114787 2.16679e-09
-0.0120702 0.00116041 2.50682e-09
-0.0124202 0.00117276 1.21143e-09
-0.0127688 0.00118492 1.10868e-09
-0.013116 0.00119692 1.00297e-09
-0.013462 0.00120874 9.65756e-10
-0.0138068 0.00122041 9.43908e-10
-0.0141504 0.00123191 9.25459e-10
-0.0144857 0.00124416 9.6573e-10
-0.0148122 0.00125726 8.7953e-10
-0.0151371 0.00127034 8.47774e-10
-0.0154602 0.00128339 8.43078e-10
-0.0157819 0.00129642 8.37259e-10
-0.0161021 0.00130943 8.31609e-10
-0.0164209 0.00132241 8.26003e-10
-0.0167385 0.00133535 8.22743e-10
-0.0170547 0.00134826 8.19378e-10
-0.0173699 0.00136113 8.15336e-10
-0.0177448 0.00137407 8.00468e-10
-0.0181376 0.00138789 8.11727e-10
-0.0185314 0.00140159 8.10337e-10
-0.0189261 0.00141517 8.081e-10
-0.0193215 0.0014286 8.083e-10
-0.0197176 0.00144187 8.05896e-10
-0.0201121 0.00145541 8.05657e-10
-0.0205041 0.00146937 8.03674e-10
-0.0208966 0.00148301 8.02713e-10
-0.0212894 0.00149634 8.00655e-10
-0.0216825 0.00150941 7.99571e-10
-0.0220757 0.00152222 7.98295e-10
-0.0224689 0.00153481 7.95994e-10
-0.022862 0.00154721 7.92442e-10
-0.023255 0.00155942 7.96287e-10
-0.0236478 0.00157147 7.9659e-10
-0.0240403 0.00158338 7.89994e-10
-0.0244326 0.00159515 7.85179e-10
-0.0248246 0.0016068 7.85317e-10
-0.0252162 0.00161833 7.84096e-10
-0.0256075 0.00162977 7.82581e-10
-0.0259984 0.00164111 7.80813e-10
-0.0263889 0.00165237 7.7839e-10
-0.026779 0.00166354 7.77935e-10
-0.0271687 0.00167464 7.76e-10
-0.027558 0.00168567 7.73576e-10
-0.0279469 0.00169663 7.71462e-10
-0.0283354 0.00170753 7.69413e-10
-0.0287235 0.00171838 7.68287e-10
-0.0291112 0.00172916 7.674e-10
-0.0294985 0.00173989 7.65155e-10
-0.0298853 0.00175057 7.64453e-10
-0.0302718 0.0017612 7.63666e-10
-0.030658 0.00177177 7.6081e-10
-0.0310437 0.0017823 7.59559e-10
-0.0314291 0.00179278 7.58428e-10
-0.0318141 0.00180321 7.56188e-10
-0.0321988 0.0018136 7.54847e-10
-0.0325831 0.00182393 7.53823e-10
-0.0329671 0.00183423 7.52473e-10
-0.0333508 0.00184447 7.49288e-10
-0.0337342 0.00185467 7.4682e-10
-0.0341172 0.00186483 7.45861e-10
-0.0345 0.00187493 7.43767e-10
-0.0348825 0.001885 7.43232e-10
-0.0352647 0.00189501 7.39544e-10
-0.0356466 0.00190499 7.37615e-10
-0.0360283 0.00191491 7.39517e-10
-0.0364097 0.00192479 7.37356e-10
-0.0367909 0.00193463 7.36546e-10
-0.0371718 0.00194442 7.34896e-10
-0.0375525 0.00195416 7.3274e-10
-0.037933 0.00196386 7.31753e-10
-0.0383133 0.00197351 7.29426e-10
-0.0386933 0.00198312 7.27793e-10
-0.0390732 0.00199268 7.2707e-10
-0.0394529 0.00200219 7.26039e-10
-0.0398324 0.00201166 7.24168e-10
-0.0402117 0.00202108 7.23596e-10
-0.0405909 0.00203046 7.20833e-10
-0.0409699 0.00203979 7.19532e-10
-0.0413487 0.00204908 7.18178e-10
-0.0417274 0.00205832 7.17688e-10
-0.042106 0.00206751 7.16012e-10
-0.0424844 0.00207666 7.14368e-10
-0.0428627 0.00208577 7.13322e-10
-0.0432408 0.00209483 7.10923e-10
-0.0436189 0.00210384 7.09916e-10
-0.0439968 0.00211281 7.09773e-10
-0.0443746 0.00212174 7.08451e-10
-0.0447523 0.00213062 7.07117e-10
-0.0451299 0.00213946 7.06093e-10
-0.0455074 0.00214825 7.04363e-10
-0.0458848 0.002157 7.02844e-10
-0.0462621 0.0021657 7.01576e-10
-0.0466393 0.00217437 7.00191e-10
-0.0470165 0.00218298 6.98996e-10
-0.0473936 0.00219156 6.9792e-10
-0.0477706 0.00220009 6.96459e-10
-0.0481476 0.00220859 6.95103e-10
-0.0485244 0.00221703 6.93751e-10
-0.0489013 0.00222544 6.92972e-10
-0.049278 0.00223381 6.91694e-10
-0.0496548 0.00224213 6.90505e-10
-0.0500314 0.00225042 6.89194e-10
-0.050408 0.00225866 6.88183e-10
-0.0507846 0.00226686 6.87665e-10
-0.0511612 0.00227502 6.866e-10
-0.0515377 0.00228314 6.8444e-10
-0.0519142 0.00229123 6.83426e-10
-0.0522906 0.00229927 6.81974e-10
-0.052667 0.00230727 6.79271e-10
-0.0530434 0.00231524 6.77742e-10
-0.0534198 0.00232316 6.78704e-10
-0.0537961 0.00233105 6.79461e-10
-0.0541725 0.0023389 6.75255e-10
-0.0545488 0.00234671 6.77234e-10
-0.0549251 0.00235449 6.74354e-10
-0.0553014 0.00236223 6.73865e-10
-0.0556777 0.00236993 6.70425e-10
-0.056054 0.00237759 6.70472e-10
-0.0564303 0.00238522 6.68026e-10
-0.0568066 0.00239281 6.69124e-10
-0.0571829 0.00240036 6.67614e-10
-0.0575592 0.00240788 6.67903e-10
-0.0579355 0.00241537 6.65036e-10
-0.0583118 0.00242282 6.62857e-10
-0.0586881 0.00243023 6.60897e-10
-0.0590644 0.00243761 6.64447e-10
-0.0594408 0.00244496 6.6055e-10
-0.0598171 0.00245227 6.59812e-10
-0.0601935 0.00245955 6.58837e-10
-0.0605699 0.00246679 6.58657e-10
-0.0609463 0.002474 6.58035e-10
-0.0613228 0.00248118 6.58317e-10
-0.0616992 0.00248833 6.60493e-10
-0.0620757 0.00249544 6.54985e-10
-0.0624522 0.00250252 6.5523e-10
-0.0628288 0.00250957 6.54079e-10
-0.0632054 0.00251659 6.51754e-10
-0.063582 0.00252357 6.55467e-10
-0.0639586 0.00253052 6.45445e-10
-0.0643353 0.00253745 6.42548e-10
-0.064712 0.00254434 6.50497e-10
-0.0651861 0.00256659 6.64654e-10
-0.0656402 0.00257724 6.73199e-10
-0.0660766 0.00258765 5.95399e-10
-0.0665142 0.00259805 5.37607e-10
-0.0669511 0.00260845 6.33983e-10
-0.0673649 0.00261904 6.33471e-10
-0.0677805 0.00262966 7.53202e-10
-0.068198 0.00264031 6.64414e-10
-0.0686176 0.00265098 7.29344e-10
-0.0690394 0.00266163 6.85105e-10
-0.0694636 0.00267228 6.63686e-10
-0.0697699 0.0026799 6.86926e-10
