0 0 0
-0.000225871 3.70936e-05 -7.88061e-22
-0.000451719 7.41873e-05 -3.24798e-21
-0.000677544 0.000111281 -8.04847e-22
-0.000903346 0.000148375 -1.01599e-20
-0.00112913 0.000185469 2.49158e-22
-0.00135488 0.000222563 2.06666e-21
-0.00159513 0.000260273 3.05039e-17
-0.00238633 0.000317714 1.181e-17
-0.00527311 0.000480194 7.6355e-18
-0.0115254 0.00066685 -2.96854e-16
-0.0128227 0.000702058 -5.87103e-16
-0.0143199 0.000737433 -2.9146e-16
-0.0164106 0.000782828 1.09802e-15
-0.01921 0.000841421 -1.6346e-15
-0.0230577 0.000917172 8.66703e-16
-0.0280286 0.000999438 -1.46406e-14
-0.0326799 0.0010707 -2.9846e-14
-0.0371466 0.00113327 -1.3064e-14
-0.0414885 0.00119035 5.15542e-15
-0.045707 0.0012481 -3.60621e-15
-0.0498149 0.00130915 -1.83748e-14
-0.0543386 0.0013727 -2.67822e-14
-0.058828 0.00143575 -2.27484e-14
-0.0632833 0.00149439 1.05337e-13
-0.06771 0.00154886 -6.26729e-14
-0.0721076 0.00160066 -1.18302e-13
-0.0764781 0.00165061 -1.83681e-13
-0.080824 0.00169914 -2.06141e-13
-0.0851481 0.00174646 -2.45312e-13
-0.0894532 0.00179269 -2.29114e-13
-0.0937415 0.00183787 -3.19238e-13
-0.0980154 0.00188201 -3.73204e-13
-0.102276 0.00192513 -3.74873e-13
-0.106526 0.00196725 -3.64899e-13
-0.110767 0.00200837 -3.5457e-13
-0.114998 0.00204851 -4.28684e-13
-0.119222 0.00208769 -5.96941e-13
-0.123439 0.00212594 -8.43997e-13
-0.12765 0.00216328 -8.05173e-13
-0.131856 0.00219974 1.54648e-13
-0.136057 0.00223534 1.27938e-13
-0.140254 0.00227011 -6.33439e-13
-0.144446 0.00230408 4.41808e-13
-0.148636 0.00233728 -2.52741e-13
-0.152822 0.00236974 -2.69786e-12
-0.157005 0.00240147 -1.61074e-12
-0.16124 0.00244061 2.27467e-12
-0.165518 0.00248513 -4.45675e-11
-0.169814 0.00253163 4.12897e-11
-0.174137 0.00257974 -2.04932e-11
-0.178502 0.0026286 -6.435e-12
-0.182911 0.00267714 7.74072e-10
-0.187386 0.00272155 5.95663e-11
-0.191901 0.00276036 -3.70972e-10
-0.196432 0.00279483 2.47955e-11
-0.200974 0.00282549 5.07827e-11
-0.205522 0.00285304 4.05215e-11
-0.210074 0.00287816 4.49097e-11
-0.214626 0.00290138 4.40415e-11
-0.219177 0.00292317 4.34999e-11
-0.223728 0.00294385 4.46434e-11
-0.228277 0.0029637 4.51435e-11
-0.232824 0.0029829 4.60547e-11
-0.23737 0.00300159 4.65919e-11
-0.241914 0.00301987 4.74284e-11
-0.246456 0.00303783 4.73404e-11
-0.250996 0.00305552 4.79973e-11
-0.255536 0.00307298 4.82304e-11
-0.260074 0.00309024 4.88663e-11
-0.264611 0.00310734 4.94682e-11
-0.269146 0.00312428 5.03681e-11
-0.273681 0.00314108 5.03108e-11
-0.278215 0.00315776 4.96219e-11
-0.282749 0.00317431 5.0114e-11
-0.287282 0.00319075 5.04397e-11
-0.291814 0.00320708 5.08818e-11
-0.296346 0.00322331 5.11205e-11
-0.300878 0.00323943 5.06355e-11
-0.305409 0.00325544 5.15718e-11
-0.30994 0.00327135 5.18189e-11
-0.314471 0.00328716 4.96031e-11
-0.319002 0.00330287 5.2128e-11
-0.323533 0.00331848 5.59507e-11
-0.328063 0.00333399 4.53332e-11
-0.332594 0.00334939 5.63558e-11
-0.337125 0.00336469 6.14422e-11
-0.341656 0.00337989 5.64473e-11
-0.346187 0.00339499 4.93756e-11
-0.350719 0.00340998 6.11091e-11
-0.35525 0.00342487 4.56177e-11
-0.359782 0.00343965 3.89044e-11
-0.364315 0.00345433 5.13679e-11
-0.368847 0.00346891 5.68175e-11
-0.37338 0.00348338 4.58343e-11
-0.377914 0.00349775 6.6086e-11
-0.382447 0.00351201 3.70188e-11
-0.386982 0.00352617 8.75368e-11
-0.391516 0.00354022 2.94051e-11
-0.396052 0.00355417 4.67953e-11
-0.400587 0.00356801 1.08499e-10
-0.405124 0.00358175 6.18586e-11
-0.409661 0.00359539 9.2905e-11
-0.414198 0.00360892 8.89336e-11
-0.418736 0.00362235 3.81839e-11
-0.423275 0.00363567 2.86307e-11
-0.427814 0.0036489 -7.97022e-12
-0.432354 0.00366202 4.02563e-11
-0.436894 0.00367504 -7.0743e-11
-0.441436 0.00368797 6.38904e-12
-0.445978 0.00370079 6.06896e-11
-0.45052 0.00371351 -5.06886e-11
-0.455064 0.00372614 -9.80879e-11
-0.459608 0.00373866 -1.34287e-12
-0.464153 0.00375109 -5.73579e-11
-0.468698 0.00376342 -7.17853e-11
-0.473245 0.00377566 -1.44134e-10
-0.477792 0.0037878 -4.88529e-11
-0.48234 0.00379985 -7.18446e-11
-0.486889 0.0038118 -3.84906e-11
-0.491439 0.00382366 -1.01002e-10
-0.495989 0.00383543 8.97521e-11
-0.50054 0.00384711 -7.98297e-11
-0.505093 0.0038587 2.15042e-10
-0.509646 0.0038702 -3.44469e-11
-0.5142 0.00388161 -4.59622e-10
-0.518755 0.00389293 -2.01574e-10
-0.52331 0.00390416 -1.80763e-10
-0.527867 0.00391531 1.08719e-10
-0.532424 0.00392638 -2.23891e-10
-0.536983 0.00393735 -1.51911e-10
-0.541542 0.00394826 -2.30479e-10
-0.546103 0.00395906 7.05638e-11
-0.550664 0.00396979 -2.22067e-10
-0.555226 0.00398044 1.81411e-10
-0.559789 0.003991 -1.08366e-10
-0.564354 0.00400149 -3.10686e-11
-0.568919 0.0040119 -5.59891e-11
-0.573485 0.00402223 4.78637e-10
-0.578052 0.00403248 1.9951e-10
-0.58262 0.00404266 6.08442e-10
-0.587189 0.00405276 -3.36232e-10
-0.59176 0.00406278 2.39227e-10
-0.596331 0.00407275 9.6813e-10
-0.600903 0.00408261 8.04698e-10
-0.605476 0.00409241 6.42127e-10
-0.61005 0.00410214 1.86227e-09
-0.614626 0.0041118 7.27689e-10
-0.619202 0.00412138 6.50081e-10
-0.62378 0.0041309 4.66819e-10
-0.628358 0.00414035 -1.1953e-10
-0.632938 0.00414973 6.76481e-10
-0.637519 0.00415903 -2.72794e-09
-0.6421 0.00416829 2.14781e-09
-0.646683 0.00417746 -2.15839e-09
-0.651267 0.00418656 8.08976e-10
-0.655852 0.00419561 2.26742e-09
-0.660438 0.00420458 -2.4273e-09
-0.665026 0.00421349 -1.52078e-09
-0.669614 0.00422233 2.33825e-09
-0.674204 0.00423111 2.07957e-10
-0.678797 0.00424068 1.97552e-08
-0.683393 0.00425113 1.95061e-09
-0.687991 0.00426161 -1.47878e-08
-0.69259 0.00427214 -8.62093e-09
-0.697191 0.00428271 -8.37643e-09
-0.701792 0.00429332 -1.13449e-08
-0.706395 0.00430398 -6.29949e-09
-0.710999 0.00431468 -3.67748e-08
-0.715604 0.0043254 9.75294e-09
-0.720211 0.00433619 -9.33936e-09
-0.724819 0.004347 1.73023e-08
-0.729428 0.00435785 2.6052e-08
-0.734039 0.00436875 9.7314e-09
-0.73865 0.00437969 1.88591e-08
-0.743264 0.00439069 -6.56644e-08
-0.747878 0.00440168 4.03138e-08
-0.752494 0.00441272 7.68514e-08
-0.757111 0.00442385 -1.09065e-07
