0 0 0
-43.0279 2.71779 -9.17987e-18
-86.0514 5.43558 -3.3442e-16
-129.07 8.15337 -2.78594e-16
-172.085 10.8712 3.47519e-17
-215.096 13.589 -2.45208e-16
-258.102 16.3068 -1.05286e-16
-299.564 18.9006 -9.96764e-15
-295.828 17.4377 -5.45174e-13
-289.146 15.2261 2.21243e-13
-280.153 13.4288 1.6634e-12
-277.516 12.9868 1.13257e-12
-274.871 12.6395 -4.47561e-12
-270.254 12.0118 2.89626e-12
-263.353 11.2105 1.00776e-10
-253.298 10.2113 -3.18633e-10
-241.508 9.12332 -9.8973e-11
-231.679 8.34874 4.88396e-11
-222.762 7.67751 2.09531e-11
-215.16 7.12243 4.53675e-11
-208.898 6.73289 1.17552e-11
-203.625 6.42923 2.40499e-10
-198.748 6.13488 9.07403e-11
-194.361 5.84849 -4.42167e-11
-190.592 5.62911 -1.01152e-10
-187.316 5.46349 7.43816e-10
-184.427 5.32456 1.73193e-09
-181.854 5.20911 2.36933e-09
-179.543 5.11336 6.46402e-09
-177.453 5.03334 1.72706e-08
-175.524 4.96094 -6.53888e-10
-173.573 4.86326 -1.71094e-08
-171.791 4.76875 -1.06744e-08
-170.158 4.6834 -2.30474e-08
-168.659 4.61691 1.64084e-08
-167.272 4.5464 3.02841e-08
-165.986 4.47554 8.37523e-08
-164.787 4.40609 6.39824e-08
-163.668 4.33937 1.0248e-07
-162.619 4.27577 1.64555e-07
-161.634 4.21543 2.98498e-07
-160.707 4.15827 -5.06087e-07
-159.832 4.10408 3.00614e-06
-159.004 4.05257 7.86839e-06
-158.219 4.00353 7.15587e-06
-157.475 3.95663 5.99827e-06
-156.767 3.91161 4.99996e-06
-156.097 3.88791 6.78949e-06
-155.464 3.8912 1.86161e-06
-154.86 3.89582 -3.69364e-07
-154.282 3.90144 -3.73632e-07
-153.728 3.90774 -3.58985e-07
-153.197 3.91447 -3.42008e-07
-152.688 3.92141 -3.24694e-07
-152.156 3.92219 -2.77898e-07
-151.641 3.92484 -2.67705e-07
-151.145 3.92484 -2.4079e-07
-150.668 3.92191 -2.15074e-07
-150.208 3.91937 -9.9914e-08
-149.767 3.93162 -1.56549e-07
-149.341 3.93572 -3.16487e-08
-148.93 3.933 -1.60579e-07
-148.533 3.92523 4.43868e-07
-148.149 3.91366 -1.64594e-08
-147.777 3.89908 -1.97441e-07
-147.418 3.88233 -1.17616e-07
-147.069 3.86409 -1.81624e-07
-146.732 3.84484 -1.67353e-07
-146.405 3.82489 -1.79341e-07
-146.088 3.80471 -1.75756e-07
-145.779 3.78447 -1.6932e-07
-145.48 3.76432 -1.73333e-07
-145.19 3.74447 -1.78837e-07
-144.907 3.72497 -1.7416e-07
-144.632 3.7059 -1.54634e-07
-144.365 3.68728 -1.5542e-07
-144.104 3.66916 -1.57286e-07
-143.851 3.65151 -1.52358e-07
-143.603 3.63435 -1.46148e-07
-143.363 3.61766 -1.70748e-07
-143.127 3.60142 -1.55447e-07
-142.898 3.58559 -1.79192e-07
-142.674 3.57015 -1.14059e-07
-142.456 3.55507 -1.44115e-07
-142.242 3.54031 -1.0827e-07
-142.034 3.52585 -1.12777e-07
-141.83 3.51165 -1.34196e-07
-141.63 3.49768 -1.52357e-07
-141.435 3.48392 -1.19486e-07
-141.244 3.47034 -1.21047e-07
-141.057 3.45691 -9.48805e-08
-140.874 3.44361 -7.6229e-08
-140.695 3.43042 -6.42681e-08
-140.52 3.41732 -9.01254e-08
-140.347 3.40429 -1.36396e-07
-140.179 3.39132 -1.01202e-07
-140.013 3.37839 -1.06331e-07
-139.851 3.36547 -8.50544e-08
-139.692 3.35258 -1.25245e-07
-139.536 3.33971 -1.32991e-07
-139.382 3.32684 -1.1925e-07
-139.232 3.31396 -1.03341e-07
-139.084 3.30108 -1.03484e-07
-138.939 3.28817 -9.43589e-08
-138.796 3.27525 -9.98254e-08
-138.656 3.26231 -9.73182e-08
-138.518 3.24934 -9.06607e-08
-138.382 3.23634 -9.29187e-08
-138.249 3.22332 -9.51072e-08
-138.118 3.21027 -7.77556e-08
-137.989 3.1972 -7.81925e-08
-137.862 3.18409 -8.62664e-08
-137.737 3.17097 -8.31044e-08
-137.614 3.15782 -8.48456e-08
-137.493 3.14464 -9.31116e-08
-137.374 3.13145 -9.45478e-08
-137.257 3.11824 -8.90804e-08
-137.141 3.10501 -8.74892e-08
-137.028 3.09176 -8.56712e-08
-136.915 3.07851 -8.23779e-08
-136.805 3.06525 -9.16389e-08
-136.696 3.05197 -8.41431e-08
-136.588 3.0387 -8.18166e-08
-136.483 3.02542 -8.95995e-08
-136.378 3.01215 -8.86448e-08
-136.275 2.99888 -6.07859e-08
-136.174 2.98562 -8.18209e-08
-136.073 2.97235 -8.31776e-08
-135.975 2.95911 -9.99051e-08
-135.877 2.94588 -7.60441e-08
-135.781 2.93266 -1.04565e-07
-135.686 2.91946 -9.86798e-08
-135.592 2.90628 -3.71979e-08
-135.499 2.89312 -7.66448e-08
-135.408 2.87999 -8.99643e-08
-135.317 2.86688 -7.4932e-08
-135.228 2.8538 -8.21039e-08
-135.14 2.84075 -3.57927e-08
-135.053 2.82773 -7.8655e-08
-134.967 2.81475 -3.5854e-08
-134.882 2.8018 -1.09593e-07
-134.798 2.78889 -8.65882e-08
-134.715 2.77601 -9.3078e-08
-134.633 2.76317 5.83515e-09
-134.552 2.75038 -1.88476e-07
-134.472 2.73763 3.87553e-08
-134.392 2.73781 8.37715e-08
-134.312 2.75254 1.71893e-06
-134.233 2.7685 3.00448e-06
-134.154 2.78561 2.49352e-06
-134.077 2.80379 5.91379e-06
-134 2.82297 2.07676e-06
-133.924 2.84306 3.13059e-07
-133.849 2.86398 1.67401e-06
-133.775 2.88566 -9.15487e-07
-133.701 2.90803 -1.79181e-06
-133.628 2.93099 -1.12511e-07
-133.555 2.95448 1.43512e-06
-133.483 2.97839 -3.81959e-06
-133.412 3.00261 -2.96203e-07
-133.342 3.02703 1.66042e-06
-133.272 3.0515 1.10493e-08
-133.202 3.07586 -1.27622e-06
-133.133 3.0999 -1.77343e-06
-133.065 3.12334 3.0461e-07
-132.997 3.14582 9.16586e-07
-132.929 3.16703 8.90344e-08
-132.862 3.18992 -1.07925e-05
-132.796 3.21134 -4.96171e-06
-132.73 3.22973 -2.59637e-06
-132.665 3.24436 5.97948e-06
-132.599 3.25434 5.08663e-07
-132.535 3.25855 2.72879e-06
-132.47 3.25554 1.09962e-06
-132.406 3.24691 2.47289e-07
-132.342 3.23506 -8.53947e-07
-132.279 3.22012 -2.73958e-07
-132.216 3.20233 1.15612e-07
-132.154 3.18193 -3.04076e-07
-132.093 3.15914 -3.3472e-07
-132.032 3.13421 9.93345e-07
-131.971 3.10738 -2.73528e-07
-131.911 3.07889 3.00258e-07
-131.852 3.04896 8.9759e-07
-131.793 3.01781 -2.04803e-07
-131.735 2.98564 -5.03442e-08
-131.677 2.95265 -1.44029e-07
-131.619 2.919 -1.72865e-07
-131.562 2.88487 -2.03435e-07
-131.506 2.85048 -6.20155e-08
-131.45 2.81584 -1.63448e-07
-131.394 2.78111 -1.55804e-09
-131.339 2.74643 3.98133e-08
-131.284 2.71175 1.85958e-08
-131.23 2.6774 4.8627e-09
-131.176 2.64335 1.56136e-08
-131.123 2.60965 3.70592e-08
-131.07 2.57638 -2.20684e-08
-131.017 2.54357 7.83002e-08
-130.965 2.51127 1.06397e-07
-130.913 2.47951 -1.17757e-07
-130.862 2.44832 -8.62167e-09
-130.811 2.41772 -4.44472e-08
-130.774 2.39606 -1.66223e-08
