0 0 0
-0.000225871 3.70936e-05 -9.98618e-22
-0.000451719 7.41873e-05 -4.62984e-21
-0.000677544 0.000111281 -3.93138e-21
-0.000903346 0.000148375 6.84955e-21
-0.00112913 0.000185469 1.43536e-21
-0.00135488 0.000222563 1.53154e-20
-0.001591 0.000259849 -9.37463e-19
-0.00213068 0.000301478 8.6255e-18
-0.0028391 0.000349724 9.29461e-19
-0.00368972 0.000405579 -1.82705e-17
-0.0039107 0.000419466 1.81255e-17
-0.00414916 0.000433919 6.42961e-18
-0.00452882 0.000455066 1.24312e-16
-0.00510109 0.000484468 1.05139e-14
-0.00600554 0.000525112 -1.30901e-14
-0.00715387 0.000568309 -1.97566e-15
-0.00826688 0.000607194 -3.53767e-16
-0.00950887 0.000643827 -9.24103e-17
-0.0107145 0.000677148 2.51767e-14
-0.0118821 0.000708665 7.05771e-14
-0.0130271 0.000738198 1.36352e-14
-0.014308 0.0007669 5.00479e-15
-0.0155646 0.000793677 7.24302e-15
-0.0167897 0.000820273 -3.1608e-14
-0.0179943 0.000845639 3.43362e-14
-0.0191816 0.000870093 4.60049e-14
-0.0203541 0.00089386 1.09493e-13
-0.0215138 0.000917053 2.84889e-13
-0.0226623 0.000939733 1.11006e-12
-0.0239264 0.000962444 1.40412e-13
-0.0252039 0.000984723 1.2965e-12
-0.0264748 0.00100612 6.11155e-12
-0.027733 0.00102773 1.31199e-11
-0.028985 0.00104824 3.43854e-11
-0.0302312 0.00106788 7.29889e-11
-0.0314717 0.00108683 1.39954e-10
-0.0327072 0.0011052 2.5259e-10
-0.0339378 0.00112307 4.41075e-10
-0.035164 0.00114051 8.13439e-10
-0.0363861 0.00115756 9.24665e-10
-0.0376044 0.00117425 4.13283e-10
-0.0388192 0.0011906 3.33444e-10
-0.0400308 0.00120664 3.06596e-10
-0.0412395 0.00122237 2.93791e-10
-0.0424453 0.0012378 1.9935e-10
-0.0436285 0.00125546 1.8249e-10
-0.0448077 0.00127316 1.806e-10
-0.0459835 0.00129079 1.75299e-10
-0.0471562 0.00130837 1.6949e-10
-0.0483259 0.0013259 1.75701e-10
-0.049493 0.00134335 1.69137e-10
-0.0507237 0.00135986 1.72034e-10
-0.0519993 0.00137848 1.72272e-10
-0.0532763 0.00139686 1.72797e-10
-0.0545544 0.00141496 1.71832e-10
-0.0558335 0.00143276 1.70589e-10
-0.0571066 0.00145152 1.702e-10
-0.0583795 0.00146989 1.60541e-10
-0.0596528 0.00148768 1.58807e-10
-0.0609262 0.001505 1.51668e-10
-0.0621994 0.0015219 1.67578e-10
-0.0634722 0.00153843 1.66335e-10
-0.0647445 0.00155464 1.611e-10
-0.0660161 0.00157059 1.57635e-10
-0.0672871 0.00158628 1.60396e-10
-0.0685572 0.00160177 1.6109e-10
-0.0698265 0.00161707 1.61969e-10
-0.071095 0.00163219 1.60824e-10
-0.0723626 0.00164717 1.6077e-10
-0.0736292 0.00166201 1.60629e-10
-0.0748951 0.00167673 1.59667e-10
-0.07616 0.00169133 1.59034e-10
-0.0774241 0.00170582 1.56883e-10
-0.0786873 0.0017202 1.56431e-10
-0.0799497 0.00173449 1.56025e-10
-0.0812114 0.00174869 1.56221e-10
-0.0824722 0.00176279 1.54809e-10
-0.0837323 0.00177681 1.5374e-10
-0.0849917 0.00179074 1.55447e-10
-0.0862504 0.00180458 1.54755e-10
-0.0875085 0.00181834 1.53898e-10
-0.0887659 0.00183202 1.53246e-10
-0.0900228 0.00184561 1.51693e-10
-0.091279 0.00185911 1.52776e-10
-0.0925347 0.00187254 1.5165e-10
-0.0937899 0.00188588 1.53155e-10
-0.0950447 0.00189913 1.52516e-10
-0.0962989 0.0019123 1.51449e-10
-0.0975527 0.00192539 1.52482e-10
-0.0988061 0.00193839 1.50732e-10
-0.100059 0.00195131 1.49065e-10
-0.101312 0.00196415 1.5077e-10
-0.102564 0.0019769 1.48763e-10
-0.103816 0.00198957 1.48429e-10
-0.105068 0.00200215 1.47684e-10
-0.106319 0.00201465 1.47333e-10
-0.10757 0.00202707 1.46694e-10
-0.108821 0.0020394 1.45965e-10
-0.110072 0.00205165 1.45384e-10
-0.111322 0.00206382 1.45334e-10
-0.112573 0.0020759 1.44717e-10
-0.113823 0.0020879 1.4418e-10
-0.115073 0.00209982 1.43676e-10
-0.116323 0.00211166 1.43371e-10
-0.117572 0.00212342 1.43118e-10
-0.118822 0.00213509 1.42642e-10
-0.120071 0.00214669 1.42251e-10
-0.121321 0.00215821 1.42295e-10
-0.12257 0.00216965 1.42952e-10
-0.123819 0.00218101 1.41389e-10
-0.125068 0.00219229 1.4046e-10
-0.126318 0.0022035 1.3902e-10
-0.127567 0.00221463 1.39399e-10
-0.128816 0.00222568 1.3992e-10
-0.130065 0.00223666 1.37305e-10
-0.131314 0.00224756 1.36205e-10
-0.132563 0.00225839 1.39008e-10
-0.133812 0.00226915 1.33732e-10
-0.135061 0.00227984 1.36279e-10
-0.13631 0.00229045 1.38972e-10
-0.137559 0.00230099 1.3359e-10
-0.138808 0.00231147 1.34085e-10
-0.140058 0.00232187 1.34048e-10
-0.141307 0.0023322 1.44094e-10
-0.142556 0.00234247 1.35092e-10
-0.143806 0.00235267 1.29438e-10
-0.145055 0.0023628 1.37085e-10
-0.146305 0.00237287 1.29651e-10
-0.147555 0.00238287 1.30928e-10
-0.148805 0.0023928 1.34787e-10
-0.150054 0.00240267 1.37497e-10
-0.151304 0.00241248 1.51848e-10
-0.152555 0.00242222 1.35204e-10
-0.153805 0.00243191 1.33727e-10
-0.155055 0.00244153 1.32868e-10
-0.156306 0.00245108 1.42495e-10
-0.157556 0.00246058 1.32515e-10
-0.158807 0.00247002 1.29449e-10
-0.160058 0.0024794 1.40015e-10
-0.161309 0.00248872 1.11001e-10
-0.16256 0.00249798 1.29592e-10
-0.16383 0.00250991 1.81353e-10
-0.165103 0.00252229 5.22596e-10
-0.166377 0.00253487 -3.10462e-11
-0.167653 0.00254764 2.17344e-10
-0.168929 0.0025606 2.42855e-10
-0.170207 0.00257376 -4.99824e-10
-0.171486 0.00258709 -8.14819e-11
-0.172767 0.0026006 1.09599e-10
-0.17405 0.0026143 1.37891e-10
-0.175335 0.00262816 1.39694e-10
-0.176621 0.00264219 1.07403e-11
-0.17791 0.00265637 -1.14381e-10
-0.1792 0.00267071 2.19078e-10
-0.180494 0.00268519 2.92597e-10
-0.18179 0.0026998 -9.22401e-11
-0.18309 0.00271452 3.32544e-11
-0.184393 0.00272932 -2.20517e-10
-0.1857 0.00274419 -1.688e-10
-0.187012 0.00275907 1.74524e-10
-0.188328 0.00277394 -4.93267e-10
-0.189641 0.00278915 8.07844e-11
-0.190959 0.0028042 7.93269e-10
-0.192283 0.00281902 -2.86171e-10
-0.193614 0.00283351 1.51555e-10
-0.194952 0.00284753 -1.41652e-10
-0.196299 0.00286094 -1.67223e-13
-0.197656 0.00287354 1.04066e-09
-0.199015 0.00288573 9.30125e-11
-0.200376 0.00289751 1.232e-10
-0.201739 0.00290891 2.01443e-10
-0.203104 0.00291991 1.34097e-10
-0.20447 0.00293055 9.90773e-11
-0.205837 0.00294084 1.2148e-10
-0.207206 0.00295078 1.44425e-10
-0.208576 0.00296041 1.01405e-10
-0.209947 0.00296973 4.24296e-10
-0.211319 0.00297877 5.03025e-11
-0.212692 0.00298755 2.28964e-10
-0.214066 0.00299608 1.87468e-10
-0.21544 0.00300438 1.53409e-10
-0.216816 0.00301247 1.46883e-10
-0.218191 0.00302036 8.65672e-11
-0.219568 0.00302807 1.54112e-10
-0.220945 0.00303561 1.50815e-10
-0.222322 0.00304299 1.31003e-10
-0.2237 0.00305023 1.83249e-10
-0.225079 0.00305732 1.62612e-10
-0.226457 0.00306431 1.59213e-10
-0.227836 0.00307118 1.63427e-10
-0.229216 0.00307795 1.63788e-10
-0.230596 0.00308462 1.60836e-10
-0.231976 0.00309121 1.68718e-10
-0.233357 0.00309771 1.69742e-10
-0.234737 0.00310415 1.7493e-10
-0.236119 0.00311051 1.69575e-10
-0.2375 0.0031168 1.60653e-10
-0.238882 0.00312304 1.61587e-10
-0.240264 0.00312922 1.83926e-10
-0.241647 0.00313536 2.00134e-10
-0.243029 0.00314144 1.76586e-10
-0.244412 0.00314748 1.85339e-10
-0.245407 0.0031518 1.68205e-10
