0 0 0
43.1504 2.72524 1.13283e-16
86.3053 5.45049 3.81128e-16
129.465 8.17573 -1.79445e-16
172.629 10.901 4.94339e-16
215.797 13.6262 -3.1911e-16
258.97 16.3515 -5.80454e-17
302.152 19.0909 2.93863e-13
344.982 22.1494 -6.09612e-13
371.47 23.6461 -4.68849e-15
371.748 22.179 -4.03278e-13
371.822 21.7827 1.06751e-12
371.886 21.4451 -1.00034e-13
371.96 21.059 -5.02699e-12
372.084 20.4199 1.70848e-10
372.238 19.6882 -1.07287e-10
372.374 19.1506 -1.34129e-11
372.565 18.3652 -1.97712e-12
372.618 18.4553 6.93509e-12
372.732 18.2193 5.79894e-11
372.896 17.7667 1.58085e-10
373.092 17.201 9.79261e-11
373.104 17.6657 -9.67515e-11
373.164 17.8602 -1.60996e-11
373.267 17.8556 -3.19501e-09
373.41 17.675 8.5494e-11
373.584 17.3766 2.69446e-10
373.782 17.0034 5.37742e-10
374 16.5844 8.1047e-10
374.236 16.1401 3.8969e-09
374.278 16.6146 -4.28607e-10
374.302 17.147 6.71668e-09
374.345 17.5537 2.80831e-08
374.409 17.8667 4.82917e-08
374.498 18.05 1.44612e-07
374.608 18.13 2.94181e-07
374.736 18.1275 5.37691e-07
374.88 18.0594 9.39945e-07
375.038 17.9389 1.57111e-06
375.209 17.7769 2.99422e-06
375.39 17.5821 3.24507e-06
375.582 17.3617 1.05776e-06
375.782 17.1219 5.85412e-07
375.99 16.8676 4.22069e-07
376.205 16.6026 3.42132e-07
376.427 16.3302 -2.69816e-09
376.68 16.059 -1.80464e-07
376.941 15.7955 -1.62674e-07
377.21 15.5378 -1.48198e-07
377.487 15.2877 -1.40549e-07
377.771 15.0457 -8.43179e-08
378.062 14.8118 -8.63269e-08
378.225 14.9839 -1.27599e-07
378.275 15.6128 -1.06667e-07
378.325 16.2009 -8.22892e-08
378.375 16.7467 -7.53022e-08
378.428 17.2488 -6.59301e-08
378.489 17.7391 -6.01691e-08
378.556 18.1721 9.54423e-08
378.632 18.544 -6.24942e-08
378.715 18.863 5.13226e-09
378.805 19.1343 -8.41904e-09
378.904 19.362 -2.36151e-08
379.01 19.5505 -3.74415e-08
379.123 19.7042 1.99768e-08
379.243 19.8259 1.55649e-09
379.37 19.919 -1.56568e-08
379.504 19.9866 -1.07227e-08
379.644 20.031 -9.98201e-09
379.789 20.0549 -5.68314e-09
379.94 20.0601 1.36529e-09
380.097 20.0487 1.78108e-09
380.258 20.0224 2.89991e-09
380.424 19.9828 2.67653e-09
380.595 19.9313 -1.47161e-09
380.769 19.8692 1.03771e-09
380.948 19.7979 1.77822e-09
381.13 19.7182 3.70726e-09
381.316 19.6313 6.39251e-09
381.505 19.538 6.19912e-09
381.698 19.4391 1.34897e-08
381.893 19.3352 1.44419e-08
382.092 19.2272 9.09377e-09
382.293 19.1156 1.10803e-08
382.497 19.0008 1.04463e-08
382.703 18.8835 1.14833e-08
382.912 18.7639 1.28715e-08
383.123 18.6424 1.75347e-08
383.336 18.5196 1.48084e-08
383.551 18.3957 1.20316e-08
383.768 18.2708 1.42049e-08
383.988 18.1454 1.50056e-08
384.209 18.0196 1.04983e-08
384.432 17.8935 1.37085e-08
384.657 17.7674 1.04194e-08
384.884 17.6415 1.14183e-08
385.112 17.5158 1.22791e-08
385.342 17.3905 7.94777e-09
385.574 17.2657 1.10164e-08
385.807 17.1415 8.19001e-09
386.041 17.0179 5.55939e-09
386.278 16.8951 8.81762e-09
386.515 16.7731 9.39649e-09
386.754 16.6519 1.13577e-08
386.995 16.5317 1.05462e-08
387.236 16.4124 1.17661e-08
387.479 16.294 5.79377e-09
387.724 16.1767 1.58212e-09
387.969 16.0604 9.97281e-09
388.216 15.9451 2.7851e-08
388.464 15.8309 8.06684e-09
388.713 15.7177 1.68118e-09
388.963 15.6057 -1.43225e-08
389.215 15.4947 -4.55901e-09
389.467 15.3848 8.77208e-09
389.721 15.276 -1.51213e-08
389.975 15.1683 -2.12517e-08
390.231 15.0616 9.19608e-09
390.487 14.9561 -3.59506e-08
390.745 14.8516 -4.8884e-09
391.003 14.7482 2.06671e-08
391.263 14.6459 -3.39445e-08
391.523 14.5445 -1.2556e-08
391.784 14.4444 -1.479e-08
392.047 14.3451 9.3142e-08
392.31 14.247 -7.45373e-09
392.573 14.1498 -5.27436e-08
392.838 14.0536 2.77869e-08
393.103 13.9585 -4.42981e-08
393.37 13.8643 -2.06131e-08
393.636 13.7711 1.48576e-08
393.904 13.6789 4.19102e-08
394.173 13.5876 1.53691e-07
394.442 13.4972 1.3145e-09
394.711 13.4078 -2.94347e-09
394.982 13.3193 -6.2835e-09
395.253 13.2317 7.08361e-08
395.524 13.145 -1.27579e-08
395.797 13.0591 -2.96148e-08
396.07 12.9742 5.11667e-08
396.343 12.8901 -1.69034e-07
396.617 12.8068 -8.33883e-09
396.825 13.0167 -5.08061e-08
397.024 13.2578 1.34419e-06
397.22 13.4996 -1.00696e-06
397.414 13.7426 1.15981e-07
397.605 13.9877 7.08798e-08
397.793 14.2356 -2.63037e-06
397.977 14.4869 -7.69428e-07
398.158 14.7425 -1.4862e-07
398.334 15.0033 -6.90962e-08
398.506 15.2702 -5.19534e-09
398.673 15.5442 -3.61601e-07
398.835 15.8265 -9.05185e-07
398.99 16.1184 5.19758e-07
399.138 16.4214 2.84527e-07
399.278 16.7373 -9.77744e-07
399.409 17.068 -5.70745e-07
399.53 17.4159 -1.39229e-06
399.639 17.7837 -1.37796e-06
399.735 18.175 4.84443e-07
399.815 18.5913 1.06648e-06
399.908 18.9709 8.58247e-08
399.986 19.3731 1.82431e-06
400.046 19.8009 -1.77253e-06
400.085 20.2579 3.8061e-06
400.102 20.748 -5.87383e-06
400.091 21.2764 5.83252e-08
400.049 21.8465 4.78076e-06
400.005 22.397 -1.41602e-07
399.958 22.9271 -8.28537e-08
399.909 23.4373 8.49867e-08
399.859 23.9275 -9.92229e-08
399.808 24.3982 -1.94951e-07
399.757 24.8496 -2.65677e-07
399.706 25.2821 -2.47434e-07
399.656 25.6961 -4.06106e-07
399.608 26.0922 2.38405e-06
399.56 26.4709 -9.21559e-07
399.514 26.8325 1.47801e-07
399.47 27.1776 -7.74454e-08
399.428 27.5068 -3.4946e-07
399.388 27.8211 -3.8072e-07
399.35 28.1203 -2.17882e-07
399.315 28.4051 -4.39717e-07
399.282 28.6762 -4.49041e-07
399.252 28.9339 -3.3773e-07
399.224 29.179 -4.57482e-07
399.2 29.4107 -4.34952e-07
399.177 29.6317 -4.86523e-07
399.158 29.8414 -4.5514e-07
399.141 30.0403 -4.69808e-07
399.127 30.2288 -4.79032e-07
399.115 30.4074 -4.83357e-07
399.106 30.5763 -4.94554e-07
399.099 30.7362 -4.6986e-07
399.095 30.8871 -4.9703e-07
399.094 31.0298 -5.2828e-07
399.094 31.1643 -5.31605e-07
399.097 31.2911 -4.78775e-07
399.103 31.4105 -4.36821e-07
399.11 31.5228 -5.00206e-07
399.12 31.6282 -4.78998e-07
399.128 31.7002 -5.26878e-07
