0 0 0
-43.0695 2.72041 -8.08194e-17
-86.1346 5.44083 -2.18863e-16
-129.195 8.16125 -2.00682e-16
-172.251 10.8817 -9.46296e-17
-215.303 13.6021 2.0752e-16
-258.351 16.3225 -3.96287e-16
-299.564 18.898 -1.30063e-14
-296.647 17.6508 2.35606e-13
-290.86 15.6852 -4.13737e-13
-284.998 14.2924 -4.84807e-13
-283.199 13.9132 7.42135e-13
-281.339 13.558 -2.95182e-12
-278.452 13.0628 1.1549e-12
-273.985 12.4485 -1.18783e-11
-266.578 11.5256 -8.47652e-11
-258.012 10.6237 2.99698e-10
-249.442 9.79675 7.83498e-11
-241.378 9.06551 6.25695e-10
-234.257 8.48996 6.75022e-10
-227.866 8.0225 5.05492e-10
-221.7 7.54511 1.32424e-09
-216.318 7.15376 1.29601e-09
-211.611 6.84883 4.92128e-09
-207.459 6.60235 4.86444e-08
-203.76 6.39396 6.83593e-08
-200.276 6.19339 7.10919e-08
-196.92 5.97442 1.44081e-07
-193.908 5.7832 3.63086e-07
-191.197 5.6268 7.43187e-07
-188.746 5.50386 1.26511e-06
-186.509 5.3947 3.46745e-06
-184.458 5.29887 1.04476e-05
-182.568 5.21516 5.43435e-05
-180.82 5.14205 4.98354e-05
-179.198 5.07817 0.000116541
-177.686 5.02214 -9.05297e-06
-176.273 4.97257 -2.18506e-05
-174.846 4.90167 1.70573e-05
-173.46 4.83371 -1.06244e-05
-172.161 4.76709 -1.15198e-05
-170.939 4.70191 -2.20703e-05
-169.792 4.64974 -6.84322e-05
-168.712 4.60196 -2.93374e-05
-167.691 4.55169 -0.000260292
-166.723 4.50097 -3.79921e-05
-165.805 4.45028 -8.34579e-05
-164.933 4.40047 4.17381e-05
-164.102 4.35198 5.66323e-05
-163.311 4.30502 7.28014e-05
-162.555 4.25967 8.52405e-05
-161.833 4.21602 5.38074e-05
-161.141 4.17407 6.85786e-05
-160.479 4.13374 1.45923e-05
-159.843 4.09492 1.21347e-05
-159.233 4.05752 9.7268e-06
-158.646 4.02142 8.96037e-06
-158.082 3.98651 8.71974e-06
-157.538 3.95269 8.53805e-06
-157.013 3.91984 1.28069e-06
-156.513 3.91014 4.21816e-05
-156.032 3.91151 2.06045e-05
-155.568 3.91363 -9.87918e-07
-155.119 3.91652 -1.12434e-06
-154.684 3.92002 -1.03861e-06
-154.263 3.924 -1.11937e-06
-153.856 3.92835 -1.07288e-06
-153.46 3.93295 -1.07741e-06
-153.077 3.93772 -1.19664e-06
-152.704 3.94258 -1.1059e-06
-152.32 3.93079 -8.36549e-07
-151.936 3.93438 -8.6995e-07
-151.563 3.9368 -8.16298e-07
-151.2 3.93781 -8.28376e-07
-150.847 3.9373 -8.19861e-07
-150.503 3.9352 -8.107e-07
-150.169 3.93188 -7.82335e-07
-149.845 3.943 -6.55188e-07
-149.529 3.94935 -6.06253e-07
-149.221 3.95157 -6.30318e-07
-148.92 3.95033 -5.87683e-07
-148.627 3.94616 -6.01346e-07
-148.342 3.93957 -6.01972e-07
-148.063 3.93102 -4.94728e-07
-147.791 3.92004 -2.02797e-07
-147.525 3.90938 -3.60263e-07
-147.265 3.89698 -6.51806e-07
-147.012 3.88411 -2.98031e-08
-146.764 3.86998 -5.44974e-07
-146.521 3.85579 -5.5456e-07
-146.284 3.8413 -4.59714e-07
-146.053 3.82667 -4.44901e-07
-145.826 3.81199 -4.26839e-07
-145.604 3.79732 -3.99129e-07
-145.386 3.78274 -3.92292e-07
-145.173 3.76822 -4.14426e-07
-144.965 3.75391 -4.08267e-07
-144.76 3.73983 -4.01408e-07
-144.56 3.72597 -3.85768e-07
-144.364 3.71234 -3.7832e-07
-144.171 3.69897 -4.01348e-07
-143.982 3.68585 -4.09374e-07
-143.797 3.67298 -3.33398e-07
-143.615 3.66036 -2.95269e-07
-143.437 3.64799 -2.89909e-07
-143.261 3.63586 -3.92775e-07
-143.089 3.62395 -3.69874e-07
-142.92 3.61226 -3.51574e-07
-142.754 3.60078 -3.0751e-07
-142.591 3.5895 -2.82109e-07
-142.431 3.5784 -3.26119e-07
-142.273 3.56747 -2.61862e-07
-142.118 3.55669 -2.50592e-07
-141.966 3.54607 -2.13816e-07
-141.816 3.53558 -2.4401e-07
-141.668 3.52521 -2.12599e-07
-141.523 3.51496 -2.61055e-07
-141.38 3.50481 -3.19904e-07
-141.24 3.49474 -3.63155e-07
-141.101 3.48476 -2.74223e-07
-140.965 3.47485 -2.41876e-07
-140.831 3.46501 -2.84556e-07
-140.699 3.45521 -2.33449e-07
-140.569 3.44547 -3.08835e-07
-140.44 3.43575 -3.01253e-07
-140.314 3.42608 -1.94856e-07
-140.189 3.41643 -2.04723e-07
-140.067 3.40681 -2.64676e-07
-139.945 3.3972 -2.69909e-07
-139.826 3.38761 -1.60384e-07
-139.708 3.37802 -2.01971e-07
-139.592 3.36844 -2.17069e-07
-139.478 3.35886 -1.40466e-07
-139.365 3.34928 -1.18549e-07
-139.253 3.33969 -2.02754e-07
-139.143 3.3301 -2.4159e-07
-139.035 3.3205 -1.53408e-07
-138.928 3.31088 -1.77738e-07
-138.822 3.30126 -1.67227e-07
-138.717 3.29162 -2.10944e-07
-138.614 3.28197 -1.87445e-07
-138.513 3.2723 -1.47246e-07
-138.412 3.26262 -1.49425e-07
-138.313 3.25292 -1.93195e-07
-138.215 3.24321 -1.63605e-07
-138.118 3.23348 -1.61219e-07
-138.022 3.22374 -1.74856e-07
-137.927 3.21398 -1.77786e-07
-137.834 3.2042 -1.36064e-07
-137.741 3.19441 -1.2541e-07
-137.65 3.18461 -1.4827e-07
-137.56 3.1748 -1.52048e-07
-137.47 3.16497 -1.14819e-07
-137.382 3.15513 -1.18657e-07
-137.295 3.14528 -1.1898e-07
-137.208 3.13542 -1.23523e-07
-137.123 3.12555 -1.76932e-07
-137.039 3.11567 -1.59524e-07
-136.955 3.10579 -1.14182e-07
-136.872 3.0959 -1.20618e-07
-136.791 3.086 -1.36607e-07
-136.71 3.0761 -1.15e-07
-136.63 3.0662 -1.30939e-07
-136.551 3.0563 -1.40042e-07
-136.472 3.04639 -1.2828e-07
-136.395 3.03649 -1.37075e-07
-136.318 3.02659 -1.44971e-07
-136.242 3.01669 -1.28422e-07
-136.166 3.00679 -1.41568e-07
-136.092 2.9969 -1.33046e-07
-136.018 2.98701 -1.34586e-07
-135.945 2.97713 -1.20095e-07
-135.873 2.96726 -1.06496e-07
-135.801 2.95739 -1.1655e-07
-135.73 2.94754 -1.21358e-07
-135.66 2.93769 -1.23416e-07
-135.59 2.92786 -1.21644e-07
-135.521 2.91804 -1.1687e-07
-135.453 2.90823 -1.19914e-07
-135.385 2.89843 -1.10078e-07
-135.318 2.88865 -1.13432e-07
-135.251 2.87889 -1.1013e-07
-135.185 2.86914 -1.0955e-07
-135.12 2.85941 -1.09814e-07
-135.055 2.84969 -1.2565e-07
-134.991 2.84 -1.09384e-07
-134.928 2.83032 -1.03631e-07
-134.865 2.82066 -9.63389e-08
-134.802 2.81102 -1.15906e-07
-134.74 2.8014 -8.37628e-08
-134.679 2.79181 -1.20163e-07
-134.618 2.78223 -8.30721e-08
-134.557 2.77268 -1.08428e-07
-134.498 2.76315 -9.78265e-08
-134.438 2.75365 -1.54565e-07
-134.379 2.74417 -7.64042e-08
-134.321 2.73471 -1.39553e-07
-134.263 2.72528 -1.26595e-07
-134.205 2.72856 -7.64676e-08
-134.147 2.73874 2.93875e-06
-134.089 2.7496 2.36456e-07
-134.032 2.76112 -3.29574e-06
-133.975 2.77327 2.79791e-06
-133.935 2.78232 7.17032e-07
