0 0 0
-1.2982e-10 -20450.9 -3.11876e+07
-5.25148e-10 -40901.9 -6.23753e+07
-1.18609e-09 -61352.9 -9.35629e+07
-2.03266e-09 -81804.1 -1.24751e+08
-3.10843e-09 -102256 -1.55938e+08
-4.37217e-09 -122707 -1.87126e+08
-0.00273353 -142814 -2.17788e+08
-3.59164e-06 -154171 -2.35099e+08
-0.00308863 -161997 -2.47021e+08
-0.000177258 -164535 -2.50882e+08
0.00295051 -164661 -2.51072e+08
-0.00300463 -164763 -2.51224e+08
-4.37085e-05 -164899 -2.51427e+08
0.00105356 -165040 -2.51637e+08
6.52478e-06 -164153 -2.50274e+08
0.00121438 -162685 -2.48024e+08
-0.00185249 -161232 -2.45796e+08
-0.00117198 -159147 -2.42601e+08
2.79849e-05 -157068 -2.39416e+08
-9.11437e-05 -155180 -2.36521e+08
0.000945235 -153513 -2.33965e+08
-0.00117355 -151419 -2.30753e+08
0.000606994 -149433 -2.27708e+08
0.00109286 -147637 -2.24952e+08
0.00148089 -146042 -2.22505e+08
2.08088e-05 -144606 -2.20299e+08
-2.6997e-05 -143306 -2.18302e+08
-0.00046633 -142048 -2.16368e+08
0.00227923 -140528 -2.1403e+08
0.00232471 -139126 -2.11875e+08
0.00547219 -137835 -2.09887e+08
0.00103311 -136658 -2.08076e+08
-0.00031287 -135578 -2.06412e+08
5.5264e-05 -134579 -2.04871e+08
-0.000697096 -133652 -2.03441e+08
0.000224231 -132791 -2.02111e+08
-0.000248115 -131988 -2.0087e+08
-0.000285224 -131239 -1.99711e+08
-0.000252287 -130538 -1.98626e+08
3.40657e-05 -129881 -1.97607e+08
0.00517582 -129264 -1.96651e+08
0.0027189 -128559 -1.95557e+08
-0.00101141 -127783 -1.94355e+08
0.00317312 -127046 -1.9321e+08
0.00341677 -126344 -1.92121e+08
0.000103227 -125677 -1.91084e+08
-0.00023804 -125056 -1.90119e+08
-0.00196429 -124466 -1.892e+08
0.000404897 -123905 -1.88326e+08
1.52528e-06 -123372 -1.87493e+08
-0.00016541 -122864 -1.867e+08
-0.000287806 -122380 -1.85943e+08
-0.000403806 -121918 -1.8522e+08
-0.000491722 -121478 -1.8453e+08
-0.000408979 -121058 -1.8387e+08
0.0010226 -120657 -1.83239e+08
0.00325902 -120274 -1.82635e+08
0.00180711 -119907 -1.82057e+08
0.000320141 -119556 -1.81503e+08
0.00330096 -119221 -1.80971e+08
0.00294791 -118899 -1.80462e+08
0.00252233 -118591 -1.79972e+08
0.00226267 -118296 -1.79502e+08
0.0020912 -118012 -1.79051e+08
0.00196719 -117741 -1.78616e+08
0.00187648 -117480 -1.78199e+08
-0.00517025 -117227 -1.77793e+08
-0.0011705 -116981 -1.77399e+08
-0.000665932 -116744 -1.77019e+08
3.4162e-05 -116516 -1.76651e+08
-0.000452196 -116295 -1.76295e+08
-0.000469089 -116082 -1.7595e+08
-0.00145783 -115876 -1.75617e+08
-0.00122844 -115677 -1.75294e+08
-0.00242712 -115485 -1.7498e+08
0.000949607 -115299 -1.74677e+08
-0.00289818 -115119 -1.74382e+08
-0.00172831 -114945 -1.74097e+08
-5.30912e-06 -114733 -1.73751e+08
0.00161172 -114495 -1.73367e+08
0.00352424 -114263 -1.7299e+08
0.00379893 -114035 -1.7262e+08
0.00298865 -113812 -1.72257e+08
0.00338162 -113593 -1.71901e+08
0.00380654 -113379 -1.71552e+08
0.00155999 -113171 -1.71211e+08
-0.00133084 -112971 -1.70884e+08
-0.000975698 -112777 -1.70564e+08
-0.0017259 -112586 -1.7025e+08
-0.00251749 -112399 -1.69942e+08
-0.00209046 -112217 -1.69641e+08
-0.00110667 -112038 -1.69345e+08
-0.00232285 -111863 -1.69055e+08
-0.00106543 -111693 -1.68772e+08
-0.000493765 -111526 -1.68494e+08
0.000269299 -111363 -1.68222e+08
0.000101054 -111204 -1.67955e+08
-6.85166e-05 -111049 -1.67694e+08
-0.000194378 -110897 -1.67438e+08
-0.000290235 -110748 -1.67188e+08
-0.000349936 -110603 -1.66943e+08
-0.000375303 -110461 -1.66702e+08
-0.000383451 -110323 -1.66467e+08
-0.000377217 -110188 -1.66236e+08
-0.000368892 -110056 -1.6601e+08
-0.000359298 -109927 -1.65789e+08
-0.000351478 -109801 -1.65571e+08
-0.000339414 -109677 -1.65359e+08
-0.000335118 -109557 -1.6515e+08
0.00381835 -109439 -1.64946e+08
0.00406727 -109324 -1.64745e+08
0.00429972 -109212 -1.64549e+08
0.00455674 -109102 -1.64356e+08
0.00477989 -108995 -1.64167e+08
0.00497517 -108890 -1.63981e+08
0.00512148 -108787 -1.63799e+08
0.00530569 -108687 -1.6362e+08
0.00549185 -108589 -1.63445e+08
0.00560594 -108493 -1.63273e+08
0.00563764 -108399 -1.63104e+08
0.00583705 -108308 -1.62938e+08
0.00586622 -108218 -1.62776e+08
0.00598628 -108131 -1.62616e+08
0.00606503 -108045 -1.62459e+08
0.0060531 -107961 -1.62305e+08
-0.00169614 -107880 -1.62153e+08
-0.000614122 -107799 -1.62004e+08
0.000310065 -107721 -1.61858e+08
0.00510522 -107645 -1.61714e+08
0.00500614 -107570 -1.61573e+08
0.0065045 -107496 -1.61434e+08
0.0064399 -107425 -1.61297e+08
0.00635959 -107355 -1.61163e+08
0.00631828 -107286 -1.61031e+08
0.00636499 -107219 -1.60901e+08
0.00622484 -107153 -1.60773e+08
0.00614882 -107089 -1.60648e+08
0.00611473 -107027 -1.60524e+08
0.00607914 -106965 -1.60403e+08
0.00597166 -106905 -1.60283e+08
0.00593501 -106846 -1.60165e+08
0.005813 -106789 -1.60049e+08
0.00585683 -106733 -1.59935e+08
0.00571405 -106678 -1.59823e+08
0.00576508 -106624 -1.59712e+08
0.00563593 -106572 -1.59603e+08
0.00552464 -106521 -1.59496e+08
0.00552911 -106470 -1.59391e+08
0.00546068 -106421 -1.59287e+08
0.0052606 -106373 -1.59184e+08
0.00522066 -106327 -1.59083e+08
0.00515201 -106281 -1.58984e+08
0.00524749 -106236 -1.58886e+08
0.00500732 -106192 -1.5879e+08
0.00485147 -106150 -1.58695e+08
0.00483071 -106108 -1.58601e+08
0.0049104 -106067 -1.58509e+08
0.00484163 -106027 -1.58418e+08
0.00467572 -105988 -1.58328e+08
0.00454288 -105950 -1.58239e+08
0.00463405 -105913 -1.58152e+08
0.00445329 -105877 -1.58066e+08
0.00436275 -105842 -1.57982e+08
0.00439005 -105807 -1.57898e+08
0.004229 -105773 -1.57816e+08
0.00420061 -105741 -1.57734e+08
0.00430685 -105709 -1.57654e+08
0.00412223 -105677 -1.57575e+08
0.00405353 -105647 -1.57497e+08
0.00398266 -105617 -1.5742e+08
0.00400848 -105589 -1.57345e+08
0.00360014 -105560 -1.5727e+08
0.0036915 -105533 -1.57196e+08
0.00369931 -105506 -1.57123e+08
0.00360004 -105481 -1.57051e+08
0.00352651 -105455 -1.5698e+08
0.00364882 -105431 -1.5691e+08
0.00357085 -105407 -1.56841e+08
0.0033119 -105384 -1.56773e+08
0.00338346 -105361 -1.56706e+08
0.00311818 -105339 -1.5664e+08
0.00280209 -105318 -1.56574e+08
0.00285732 -105298 -1.56509e+08
0.00295928 -105278 -1.56446e+08
0.00289364 -105258 -1.56382e+08
0.00252447 -105240 -1.5632e+08
0.00232691 -105222 -1.56259e+08
0.0025042 -105204 -1.56198e+08
0.00232452 -105187 -1.56138e+08
0.00238742 -105171 -1.56079e+08
0.00239226 -105155 -1.56021e+08
0.00261041 -105140 -1.55963e+08
0.00247909 -105125 -1.55906e+08
0.0025488 -105111 -1.5585e+08
0.00239549 -105098 -1.55794e+08
0.00190365 -105085 -1.5574e+08
0.00216358 -105072 -1.55685e+08
0.0021274 -105061 -1.55632e+08
0.00190067 -105049 -1.55579e+08
0.00199613 -105038 -1.55527e+08
0.00211243 -105028 -1.55475e+08
0.00228383 -105018 -1.55424e+08
0.00135971 -105011 -1.55388e+08
