0 0 0
-43.1459 2.72524 -8.21594e-17
-86.2874 5.45049 -2.82528e-16
-129.424 8.17573 -2.27408e-16
-172.557 10.901 -2.7614e-16
-215.686 13.6262 -5.36515e-16
-258.809 16.3515 6.257e-16
-299.559 18.8869 8.33251e-15
-295.946 17.4637 6.76894e-14
-289.342 15.2683 3.4184e-13
-281.227 13.6022 -2.95738e-12
-278.858 13.1887 2.41802e-13
-276.445 12.8181 2.60691e-13
-272.549 12.2961 3.92832e-12
-266.331 11.5311 4.45623e-12
-257.253 10.5798 -7.1878e-11
-246.421 9.54951 -1.51194e-10
-236.778 8.71847 3.15256e-11
-228.566 8.11389 3.49929e-11
-220.759 7.50919 -1.94679e-11
-214.21 7.04206 4.24335e-12
-208.687 6.70476 -2e-10
-203.94 6.43236 -1.24302e-09
-199.549 6.17373 -4.42199e-10
-195.476 5.90705 2.92061e-10
-191.92 5.68671 7.2437e-10
-188.804 5.52783 -3.33064e-10
-186.03 5.39113 -1.03284e-09
-183.541 5.27515 -2.8297e-09
-181.291 5.17723 -1.0777e-08
-179.245 5.09443 -2.77356e-08
-177.374 5.02397 -7.03611e-08
-175.644 4.96145 -1.66717e-08
-173.867 4.87404 -1.98898e-08
-172.229 4.78892 -2.98929e-08
-170.715 4.70629 -6.04067e-08
-169.315 4.64506 -1.90887e-07
-168.014 4.58298 -5.08954e-08
-166.798 4.51903 -1.22414e-07
-165.661 4.45545 -4.81026e-07
-164.593 4.39328 -3.63977e-07
-163.588 4.33341 -6.76747e-07
-162.641 4.27609 -1.2725e-06
-161.746 4.22143 -2.60477e-06
-160.898 4.16936 -9.47765e-06
-160.094 4.11975 -7.19194e-06
-159.329 4.07242 -4.43654e-06
-158.602 4.02717 -3.72344e-06
-157.908 3.98377 -3.33267e-06
-157.246 3.94203 -3.00904e-06
-156.613 3.90173 -1.57366e-07
-156.013 3.88845 -1.50252e-05
-155.441 3.89199 -3.92464e-06
-154.893 3.89641 3.72578e-07
-154.367 3.90165 3.96654e-07
-153.861 3.90747 4.37347e-07
-153.374 3.91367 4.17888e-07
-152.905 3.92007 4.77153e-07
-152.427 3.9028 3.93275e-07
-151.95 3.90705 4.06341e-07
-151.489 3.90922 3.5577e-07
-151.044 3.90906 3.2058e-07
-150.614 3.90643 3.1528e-07
-150.199 3.90621 2.78314e-07
-149.798 3.91755 3.00657e-07
-149.41 3.92203 2.14445e-07
-149.035 3.91826 5.14305e-07
-148.671 3.91535 2.48797e-07
-148.318 3.90623 2.04171e-07
-147.975 3.89447 2.22085e-07
-147.643 3.88057 9.18411e-09
-147.32 3.86512 1.27475e-07
-147.006 3.84854 1.54903e-07
-146.701 3.83122 1.75473e-07
-146.405 3.81343 1.75003e-07
-146.117 3.79532 1.97817e-07
-145.836 3.77722 2.11651e-07
-145.563 3.75917 2.09724e-07
-145.296 3.74132 2.05086e-07
-145.037 3.72374 1.84993e-07
-144.784 3.70649 1.79099e-07
-144.537 3.68959 1.96522e-07
-144.296 3.67307 2.00091e-07
-144.061 3.65695 1.78798e-07
-143.832 3.64123 1.90926e-07
-143.607 3.62589 1.98667e-07
-143.388 3.61093 1.91876e-07
-143.174 3.59633 1.92179e-07
-142.965 3.58207 1.68635e-07
-142.76 3.56813 1.76708e-07
-142.559 3.55449 1.88023e-07
-142.363 3.54112 1.73637e-07
-142.171 3.528 1.96358e-07
-141.983 3.51511 2.0121e-07
-141.798 3.50242 1.78685e-07
-141.618 3.48991 1.56464e-07
-141.44 3.47756 1.8787e-07
-141.267 3.46535 2.10397e-07
-141.096 3.45326 1.7958e-07
-140.929 3.44126 1.69135e-07
-140.765 3.42937 1.60886e-07
-140.604 3.41755 1.10314e-07
-140.446 3.40579 1.308e-07
-140.291 3.39408 1.62349e-07
-140.139 3.38241 1.63063e-07
-139.989 3.37077 1.5584e-07
-139.842 3.35914 1.32724e-07
-139.697 3.34753 1.27583e-07
-139.555 3.33591 1.23136e-07
-139.415 3.3243 1.5002e-07
-139.278 3.31268 1.92667e-07
-139.142 3.30105 1.67173e-07
-139.009 3.2894 1.54593e-07
-138.878 3.27774 1.27392e-07
-138.75 3.26605 1.27765e-07
-138.623 3.25434 1.27525e-07
-138.498 3.24261 1.13838e-07
-138.375 3.23086 1.01986e-07
-138.254 3.21908 9.97041e-08
-138.134 3.20728 9.84483e-08
-138.017 3.19545 1.06802e-07
-137.901 3.1836 1.13952e-07
-137.787 3.17173 1.1559e-07
-137.674 3.15983 1.11533e-07
-137.563 3.14791 1.10215e-07
-137.454 3.13598 1.11188e-07
-137.346 3.12402 1.14223e-07
-137.24 3.11205 1.10091e-07
-137.135 3.10007 1.0806e-07
-137.031 3.08807 1.08067e-07
-136.929 3.07606 1.09583e-07
-136.829 3.06404 9.2604e-08
-136.729 3.05202 1.35318e-07
-136.631 3.03999 1.12252e-07
-136.534 3.02795 9.3155e-08
-136.438 3.01592 9.42203e-08
-136.344 3.00388 8.02985e-08
-136.25 2.99185 1.08145e-07
-136.158 2.97983 9.40947e-08
-136.067 2.96781 1.28426e-07
-135.977 2.9558 9.65168e-08
-135.888 2.9438 1.06282e-07
-135.801 2.93181 1.01645e-07
-135.714 2.91983 1.06139e-07
-135.628 2.90787 8.35612e-08
-135.543 2.89593 9.83419e-08
-135.46 2.884 8.18234e-08
-135.377 2.8721 1.00259e-07
-135.295 2.86022 4.36231e-08
-135.214 2.84837 1.44244e-07
-135.134 2.83653 1.34291e-07
-135.055 2.82472 6.95153e-08
-134.976 2.81294 4.5299e-08
-134.899 2.80119 9.70051e-09
-134.822 2.78946 1.79929e-07
-134.746 2.77777 1.41448e-07
-134.671 2.76611 2.97716e-08
-134.597 2.75448 1.65111e-07
-134.523 2.74288 1.93803e-07
-134.451 2.73132 6.68748e-08
-134.379 2.7198 7.80701e-08
-134.299 2.85493 1.76944e-07
-134.223 2.874 -5.75365e-07
-134.148 2.89193 4.30781e-08
-134.074 2.90888 9.59993e-07
-134.002 2.92693 -4.71741e-07
-133.931 2.94769 7.33728e-07
-133.861 2.96761 5.49225e-07
-133.791 2.9864 -1.61174e-07
-133.722 3.00372 8.42306e-07
-133.653 3.0192 6.8944e-07
-133.585 3.0403 9.25251e-06
-133.518 3.0635 -1.08521e-06
-133.451 3.08333 -3.52048e-07
-133.384 3.09928 -0.000163812
-133.318 3.11053 6.46097e-07
-133.252 3.11649 -1.7254e-06
-133.187 3.11626 1.53507e-07
-133.122 3.1116 4.08442e-07
-133.057 3.10409 6.63199e-07
-132.994 3.09389 1.12007e-06
-132.93 3.08124 9.55839e-07
-132.867 3.06636 -1.55404e-07
-132.805 3.04947 1.19503e-06
-132.744 3.03077 2.06199e-07
-132.683 3.01045 3.21545e-07
-132.622 2.98874 4.28659e-07
-132.562 2.96576 -3.33521e-07
-132.502 2.94168 6.153e-07
-132.443 2.91668 2.21572e-07
-132.385 2.8909 9.6884e-07
-132.327 2.86447 1.76256e-07
-132.269 2.8375 -6.22998e-08
-132.212 2.81011 9.89577e-07
-132.155 2.7823 5.25177e-07
-132.099 2.75437 7.51051e-07
-132.043 2.72629 7.9443e-07
-131.988 2.69815 5.74708e-07
-131.933 2.67001 6.8532e-07
-131.879 2.64194 3.93265e-07
-131.825 2.614 5.43427e-07
-131.771 2.58623 4.76353e-07
-131.718 2.55866 5.11843e-07
-131.68 2.53898 4.61734e-07
