0 0 0
-1.26111e-10 -20450.9 -3.11876e+07
-5.21325e-10 -40901.9 -6.23753e+07
-1.1531e-09 -61352.9 -9.35629e+07
-2.03011e-09 -81804.1 -1.24751e+08
-3.12616e-09 -102256 -1.55938e+08
-4.45823e-09 -122707 -1.87126e+08
-0.00096699 -142897 -2.17915e+08
-4.22131e-05 -155698 -2.37429e+08
0.0041365 -163571 -2.49425e+08
-1.33422e-06 -164893 -2.51432e+08
-0.000978456 -164996 -2.51587e+08
-0.000286813 -164948 -2.51511e+08
0.000214009 -164241 -2.5043e+08
-0.000259417 -162994 -2.48521e+08
-8.51245e-05 -161132 -2.45672e+08
-0.000925218 -157861 -2.4067e+08
-0.000538895 -154923 -2.36176e+08
0.000456446 -152111 -2.31873e+08
0.00564556 -149030 -2.27159e+08
-0.0014885 -146426 -2.23173e+08
-0.000621992 -144234 -2.19817e+08
-0.000361226 -142357 -2.16941e+08
0.0023237 -140084 -2.13457e+08
0.000372673 -138041 -2.10326e+08
-0.00386257 -136261 -2.07596e+08
-0.000374884 -134695 -2.05193e+08
-0.000877586 -133301 -2.03052e+08
-0.000751183 -132051 -2.01132e+08
-0.000598653 -130925 -1.994e+08
-0.00729133 -129906 -1.97832e+08
0.00406303 -128980 -1.96405e+08
0.0176396 -127833 -1.9464e+08
0.00336227 -126720 -1.92926e+08
0.0041211 -125688 -1.91336e+08
-0.0135292 -124748 -1.89886e+08
-0.000204329 -123880 -1.88546e+08
-0.000194658 -123075 -1.87301e+08
-1.87189e-05 -122326 -1.86142e+08
-0.000360139 -121628 -1.85062e+08
-0.00054522 -120976 -1.84052e+08
-0.000707135 -120368 -1.83108e+08
0.0021827 -119798 -1.82223e+08
0.000745934 -119265 -1.81393e+08
0.00139325 -118764 -1.80613e+08
0.00110263 -118293 -1.79879e+08
0.000986533 -117850 -1.79187e+08
0.00214066 -117433 -1.78534e+08
0.00204009 -117040 -1.77918e+08
0.00438985 -116666 -1.77332e+08
-0.00187293 -116308 -1.7677e+08
-0.00101286 -115967 -1.76235e+08
-0.0019437 -115644 -1.75725e+08
-0.00226448 -115335 -1.75238e+08
-0.0085169 -115041 -1.74774e+08
-0.00315436 -114761 -1.7433e+08
-0.00438171 -114493 -1.73905e+08
0.00179544 -114119 -1.73316e+08
0.00284532 -113762 -1.72754e+08
0.00353489 -113416 -1.72207e+08
0.0044183 -113079 -1.71676e+08
0.00655992 -112753 -1.71159e+08
0.000985614 -112445 -1.70671e+08
-0.00243733 -112147 -1.70197e+08
-8.81169e-05 -111857 -1.69737e+08
-9.24884e-05 -111577 -1.69291e+08
5.18069e-05 -111305 -1.68857e+08
-2.00885e-05 -111042 -1.68437e+08
-0.000104616 -110787 -1.68029e+08
-0.000183323 -110541 -1.67634e+08
-0.000287843 -110302 -1.6725e+08
-0.00718208 -110070 -1.66878e+08
-8.67555e-05 -109846 -1.66517e+08
0.00195085 -109630 -1.66167e+08
0.00182979 -109419 -1.65827e+08
0.00394827 -109216 -1.65497e+08
0.00411816 -109019 -1.65177e+08
0.00433822 -108827 -1.64865e+08
0.00460527 -108642 -1.64563e+08
0.00485115 -108462 -1.64269e+08
0.00503423 -108288 -1.63983e+08
0.00526009 -108119 -1.63705e+08
0.00542647 -107955 -1.63435e+08
0.00433327 -107796 -1.63172e+08
0.00445023 -107642 -1.62916e+08
0.00450484 -107492 -1.62666e+08
0.00458066 -107346 -1.62424e+08
0.00457221 -107204 -1.62187e+08
0.00458358 -107067 -1.61957e+08
0.00456153 -106933 -1.61732e+08
0.00457281 -106803 -1.61513e+08
0.00452557 -106677 -1.61299e+08
0.00448076 -106554 -1.61091e+08
0.00441104 -106435 -1.60888e+08
0.00557312 -106319 -1.60689e+08
0.0054629 -106205 -1.60495e+08
0.00538144 -106095 -1.60306e+08
0.00531898 -105988 -1.60121e+08
0.00518322 -105884 -1.5994e+08
0.0050733 -105783 -1.59764e+08
0.00500019 -105684 -1.59591e+08
0.00489817 -105588 -1.59422e+08
0.00477633 -105494 -1.59257e+08
0.00468565 -105402 -1.59096e+08
0.00453899 -105313 -1.58938e+08
0.00445746 -105227 -1.58783e+08
0.00432923 -105142 -1.58632e+08
0.00418689 -105060 -1.58484e+08
0.00413117 -104980 -1.58339e+08
0.00396204 -104901 -1.58197e+08
0.00389151 -104825 -1.58058e+08
0.00378037 -104751 -1.57921e+08
0.00379543 -104678 -1.57788e+08
0.00360127 -104608 -1.57657e+08
0.00349793 -104539 -1.57528e+08
0.00343131 -104472 -1.57403e+08
0.00332159 -104406 -1.57279e+08
0.00326677 -104343 -1.57158e+08
0.00322099 -104280 -1.5704e+08
0.00315603 -104220 -1.56923e+08
0.00307662 -104160 -1.56809e+08
0.0029831 -104103 -1.56697e+08
0.0029828 -104046 -1.56587e+08
0.0028832 -103992 -1.56479e+08
0.00286247 -103938 -1.56373e+08
0.00276557 -103886 -1.56269e+08
0.00266752 -103835 -1.56167e+08
0.00261907 -103786 -1.56067e+08
0.00259969 -103737 -1.55968e+08
0.00250372 -103690 -1.55871e+08
0.00250098 -103644 -1.55776e+08
0.00239629 -103600 -1.55683e+08
0.00188365 -103556 -1.55591e+08
0.00192901 -103514 -1.55501e+08
0.00181882 -103472 -1.55412e+08
0.00180249 -103432 -1.55325e+08
0.00175394 -103393 -1.5524e+08
0.0017716 -103355 -1.55156e+08
0.00165929 -103317 -1.55073e+08
0.00162738 -103281 -1.54992e+08
0.00153347 -103246 -1.54912e+08
0.00158895 -103212 -1.54833e+08
0.00158157 -103178 -1.54756e+08
0.00155676 -103146 -1.5468e+08
0.00149726 -103114 -1.54605e+08
0.00144426 -103084 -1.54531e+08
0.00146472 -103054 -1.54459e+08
0.00141626 -103025 -1.54388e+08
0.00134063 -102997 -1.54318e+08
0.001396 -102969 -1.54249e+08
0.00138083 -102943 -1.54181e+08
0.00136862 -102917 -1.54114e+08
0.00120461 -102892 -1.54048e+08
0.00130901 -102868 -1.53984e+08
0.0012618 -102844 -1.5392e+08
0.00180233 -102751 -1.53749e+08
0.00335699 -102734 -1.53693e+08
0.00443801 -102711 -1.53627e+08
0.00021654 -102685 -1.53558e+08
0.000225796 -102655 -1.53484e+08
0.000730777 -102626 -1.5341e+08
0.00239066 -102597 -1.53336e+08
-0.00019214 -102568 -1.53262e+08
-0.000323616 -102539 -1.53188e+08
-0.000623211 -102510 -1.53114e+08
0.000888945 -102482 -1.5304e+08
0.00300682 -102455 -1.52969e+08
-0.0556376 -102427 -1.52896e+08
-0.0117821 -102400 -1.52824e+08
0.00192758 -102372 -1.5275e+08
0.0206882 -102343 -1.52675e+08
-0.0207253 -102314 -1.52599e+08
0.0163035 -102284 -1.52522e+08
0.000539795 -102254 -1.52444e+08
0.000216977 -102223 -1.52366e+08
-0.00413299 -102193 -1.52287e+08
7.54578e-05 -102161 -1.52208e+08
-0.000621543 -102130 -1.52128e+08
-0.00189466 -102099 -1.52048e+08
-0.000258945 -102068 -1.51969e+08
2.4539e-05 -102037 -1.51889e+08
-0.000695619 -102007 -1.5181e+08
-0.000755342 -101976 -1.51731e+08
-0.000895013 -101946 -1.51652e+08
-0.00104839 -101916 -1.51574e+08
-0.00121438 -101887 -1.51496e+08
0.00576586 -101858 -1.51418e+08
0.00712442 -101829 -1.51342e+08
0.00735716 -101801 -1.51265e+08
0.00867873 -101773 -1.5119e+08
0.00950589 -101746 -1.51115e+08
0.000280428 -101720 -1.5104e+08
0.0101667 -101694 -1.50967e+08
0.00107869 -101668 -1.50894e+08
-0.000324443 -101643 -1.50821e+08
-0.000549982 -101618 -1.5075e+08
-0.00111656 -101594 -1.50679e+08
-0.000387796 -101571 -1.50608e+08
-0.000713966 -101548 -1.50539e+08
-0.000923077 -101526 -1.5047e+08
-0.00114286 -101504 -1.50402e+08
-0.000846294 -101483 -1.50334e+08
-0.000970823 -101462 -1.50268e+08
0.00588276 -101447 -1.5022e+08
