0 0 0
43.1504 2.72524 1.55941e-16
86.3053 5.45049 9.64564e-17
129.465 8.17573 2.54225e-16
172.629 10.901 -1.16633e-16
215.797 13.6262 -9.91849e-16
258.97 16.3515 8.23572e-16
302.342 19.1041 4.81264e-13
351.33 22.6029 6.85363e-13
371.622 22.8499 -2.15975e-12
371.998 20.8648 4.56487e-13
372.088 20.4044 9.65323e-12
372.184 19.9136 -8.27761e-12
372.254 19.6481 -3.6781e-11
372.392 19.0939 -1.42249e-10
372.584 18.4664 1.04121e-11
372.765 18.11 1.61938e-11
373.058 17.2689 -8.8681e-11
373.131 17.7045 1.76203e-11
373.278 17.7681 1.45078e-10
373.517 17.4357 6.33281e-12
373.82 16.8839 1.46707e-10
374.169 16.2309 2.30293e-10
374.26 16.811 1.4273e-10
374.317 17.4901 1.02595e-10
374.425 17.9269 1.52158e-10
374.585 18.0872 2.71797e-09
374.788 18.0541 3.25633e-09
375.027 17.8854 4.35684e-09
375.293 17.6219 2.12548e-08
375.583 17.2934 1.67731e-08
375.893 16.9215 1.48409e-08
376.22 16.5223 -2.20358e-10
376.587 16.1142 2.07411e-09
376.984 15.717 -3.88539e-09
377.399 15.3354 -3.5343e-10
377.831 14.9712 4.1334e-10
378.085 15.1787 1.8594e-08
378.155 16.0991 3.49369e-08
378.228 16.9223 -1.89821e-08
378.31 17.6698 1.04307e-08
378.41 18.3162 6.02323e-10
378.528 18.8302 9.0517e-09
378.663 19.2312 -4.74859e-09
378.817 19.536 -8.28395e-09
378.987 19.7588 5.97014e-09
379.173 19.9119 -2.39809e-10
379.375 20.0057 -3.47925e-09
379.59 20.049 2.76938e-09
379.818 20.0496 1.55213e-09
380.057 20.0139 -5.19672e-10
380.308 19.9479 3.25381e-09
380.568 19.8563 -1.82457e-10
380.837 19.7435 9.57405e-10
381.115 19.613 -1.31965e-09
381.4 19.468 1.0891e-09
381.692 19.3113 1.09784e-09
381.991 19.1451 -3.88679e-10
382.296 18.9713 -1.75576e-09
382.606 18.7918 8.21319e-10
382.922 18.6078 3.0843e-11
383.243 18.4206 -2.85044e-09
383.569 18.2313 5.9527e-09
383.899 18.0407 4.3881e-09
384.233 17.8495 -1.19343e-08
384.571 17.6584 3.27255e-09
384.914 17.4678 -8.16053e-09
385.26 17.2781 -7.90269e-09
385.609 17.0898 -2.1658e-08
385.962 16.9031 -1.3395e-09
386.318 16.7182 6.52393e-09
386.677 16.5353 1.31245e-08
387.039 16.3545 -4.7193e-09
387.405 16.1761 4.83075e-09
387.773 16 -6.28973e-09
388.143 15.8264 -3.37435e-08
388.517 15.6551 3.35296e-08
388.892 15.4864 -3.8057e-08
389.271 15.3202 4.31178e-08
389.651 15.1565 2.6345e-08
390.034 14.9952 3.14851e-08
390.419 14.8365 -2.55289e-08
390.807 14.6802 -1.66046e-08
391.196 14.5264 8.45693e-09
391.587 14.375 2.25202e-08
391.98 14.226 5.33706e-08
392.375 14.0793 -8.5521e-08
392.772 13.9349 -2.08019e-08
393.171 13.7928 -8.16547e-08
393.571 13.6529 8.50308e-09
393.972 13.5152 -1.10032e-07
394.376 13.3797 -2.22471e-08
394.78 13.2463 9.87134e-08
395.186 13.1149 -3.57442e-08
395.594 12.9856 -8.401e-08
395.952 13.0726 8.05765e-08
396.238 13.458 8.15488e-07
396.517 13.8473 9.4481e-07
396.788 14.2432 8.04154e-07
397.051 14.6488 -6.31727e-07
397.303 15.0669 -1.1596e-06
397.543 15.5016 -9.23275e-07
397.769 15.9572 -1.79639e-07
397.978 16.4391 3.54194e-07
398.167 16.954 -1.0066e-08
398.33 17.5107 -5.33233e-07
398.462 18.1202 1.25907e-06
398.563 18.7787 1.10207e-06
398.666 19.4108 2.34738e-06
398.725 20.1073 -2.90205e-06
398.728 20.8826 -2.40377e-06
398.665 21.748 2.01919e-06
398.594 22.5687 7.68884e-07
398.519 23.3443 4.33212e-07
398.441 24.0753 7.89846e-08
398.361 24.7628 -2.30077e-07
398.283 25.4083 -1.94847e-06
398.205 26.0127 -1.53502e-06
398.131 26.5779 -2.19294e-08
398.061 27.1057 -6.70037e-07
397.994 27.5978 -8.03692e-07
397.933 28.0553 -9.17678e-07
397.878 28.4812 -9.63121e-07
397.827 28.8766 -9.71416e-07
397.783 29.2434 -1.02032e-06
397.745 29.5832 -1.2035e-06
397.712 29.8975 -1.26968e-06
397.686 30.1879 -1.20314e-06
397.665 30.4559 -1.28805e-06
397.65 30.7026 -1.28412e-06
397.641 30.9296 -1.31238e-06
397.637 31.1378 -1.32731e-06
397.638 31.3286 -1.34698e-06
397.644 31.503 -1.34148e-06
397.655 31.6618 -1.3535e-06
397.671 31.8062 -1.35463e-06
397.691 31.9368 -1.36521e-06
397.716 32.0547 -1.34567e-06
397.744 32.1604 -1.34124e-06
397.777 32.2548 -1.32526e-06
397.813 32.3384 -1.32016e-06
397.852 32.412 -1.3121e-06
397.895 32.4761 -1.29753e-06
397.942 32.5313 -1.31841e-06
397.991 32.578 -1.34566e-06
398.043 32.6169 -1.28392e-06
398.098 32.6482 -1.3125e-06
398.155 32.6725 -1.26401e-06
398.215 32.6901 -1.25992e-06
398.277 32.7014 -1.22499e-06
398.342 32.7069 -1.21667e-06
398.408 32.7067 -1.22814e-06
398.477 32.7013 -1.18905e-06
398.547 32.6909 -1.17528e-06
398.619 32.6758 -1.19032e-06
398.693 32.6562 -1.14495e-06
398.769 32.6325 -1.15617e-06
398.846 32.6048 -1.15665e-06
398.924 32.5736 -1.13608e-06
399.004 32.5387 -1.09864e-06
399.085 32.5005 -1.1067e-06
399.167 32.4591 -1.09497e-06
399.25 32.4149 -1.08095e-06
399.335 32.3678 -1.05554e-06
399.42 32.3181 -1.05335e-06
399.506 32.266 -1.02901e-06
399.593 32.2115 -1.02828e-06
399.681 32.1549 -1.03984e-06
399.77 32.0962 -1.00281e-06
399.86 32.0354 -9.998e-07
399.95 31.973 -9.72615e-07
400.041 31.9087 -9.50274e-07
400.133 31.8431 -9.08812e-07
400.225 31.7758 -9.16066e-07
400.318 31.707 -9.18842e-07
400.411 31.637 -8.61285e-07
400.504 31.5657 -9.124e-07
400.599 31.4932 -9.41189e-07
400.693 31.4197 -8.13237e-07
400.788 31.3451 -8.65328e-07
400.884 31.2696 -8.65979e-07
400.979 31.1933 -9.08019e-07
401.075 31.1161 -7.97043e-07
401.172 31.0381 -1.03135e-06
401.268 30.9594 -8.54324e-07
401.365 30.8801 -8.5179e-07
401.462 30.8003 -9.75044e-07
401.56 30.7198 -7.4855e-07
401.657 30.6388 -8.38293e-07
401.755 30.5575 -8.13157e-07
401.853 30.4755 -9.86913e-07
401.951 30.3932 -7.47909e-07
402.049 30.3106 -6.54244e-07
402.148 30.2277 -7.72162e-07
402.246 30.1446 -8.91939e-07
402.345 30.0611 -8.41912e-07
402.444 29.9774 -6.01329e-07
402.543 29.8935 -6.42828e-07
402.642 29.8097 -6.74877e-07
402.741 29.7255 -7.56197e-07
402.84 29.6413 -5.1737e-07
402.939 29.5569 -5.53757e-07
403.038 29.4725 -8.3272e-07
403.11 29.4117 -8.19749e-07
