0 0 0
43.0885 2.72133 8.22258e-17
86.1815 5.44267 -1.08607e-16
129.279 8.164 -4.42943e-17
172.381 10.8853 -4.61627e-16
215.488 13.6067 -4.29594e-17
258.599 16.3281 -1.43939e-16
301.71 19.0605 -5.29436e-14
343.707 22.0566 1.42686e-12
371.437 23.8166 -9.2943e-13
371.719 22.3374 2.89823e-12
371.782 21.9979 -1.28846e-13
371.862 21.5678 1.6422e-11
371.933 21.197 1.65206e-10
372.052 20.5863 -3.4728e-11
372.223 19.7392 7.12412e-11
372.345 19.2722 1.26606e-11
372.523 18.5377 -1.55789e-11
372.601 18.4627 -1.58543e-11
372.7 18.2943 4.54614e-11
372.849 17.903 -2.25172e-11
373.038 17.3465 -8.95231e-11
373.097 17.5491 -1.94803e-11
373.14 17.8181 -3.89828e-11
373.228 17.8741 -1.96756e-10
373.356 17.7512 4.14236e-10
373.516 17.4962 -1.06205e-11
373.701 17.1553 -2.17061e-11
373.908 16.7601 3.42846e-10
374.132 16.333 1.49449e-09
374.278 16.311 2.52428e-10
374.292 16.8973 -1.70843e-09
374.324 17.3562 -1.69068e-10
374.376 17.7128 -1.73082e-09
374.451 17.9578 -2.50746e-09
374.548 18.09 -3.4516e-09
374.663 18.1321 -5.43199e-09
374.796 18.102 -9.76117e-09
374.943 18.014 -1.95704e-08
375.103 17.8797 -3.00753e-08
375.275 17.7087 -7.54993e-08
375.456 17.5087 -3.31492e-08
375.647 17.2859 -1.16789e-08
375.846 17.046 -1.01697e-08
376.052 16.7932 -8.30165e-09
376.266 16.5311 -5.29583e-09
376.49 16.2635 -5.38718e-09
376.74 15.9992 1.83887e-08
376.998 15.7407 -1.34577e-09
377.264 15.489 -1.14479e-09
377.537 15.2449 5.14841e-09
377.817 15.0085 -1.76441e-09
378.105 14.7799 -7.80736e-09
378.248 15.0224 5.27699e-09
378.298 15.638 1.60617e-08
378.347 16.2143 -3.6368e-08
378.397 16.7496 -1.70795e-08
378.449 17.2428 -1.19924e-08
378.509 17.7251 -1.58737e-09
378.575 18.1529 -6.3287e-08
378.649 18.5212 3.29469e-09
378.73 18.8384 7.92729e-08
378.819 19.1092 -9.28231e-09
378.915 19.3372 -7.08529e-09
379.018 19.5273 -2.07696e-08
379.129 19.6831 1.36932e-08
379.246 19.8079 5.38573e-09
379.37 19.9042 2.42475e-09
379.5 19.9757 1.51903e-10
379.637 20.0242 2.13544e-09
379.779 20.0524 -6.92784e-10
379.926 20.0622 -1.39742e-09
380.078 20.0554 1.23128e-10
380.236 20.0339 2.85656e-09
380.398 19.999 2.33767e-09
380.564 19.9523 -3.82749e-09
380.734 19.8949 -1.25742e-08
380.909 19.8282 -4.03927e-09
381.087 19.7531 -1.33386e-09
381.268 19.6706 -6.37758e-09
381.453 19.5816 -4.4346e-09
381.641 19.4868 4.89787e-09
381.832 19.3871 1.34254e-09
382.026 19.283 -1.14601e-09
382.222 19.1751 -3.69454e-09
382.421 19.064 -9.68628e-09
382.623 18.9502 1.64964e-09
382.827 18.8338 -2.4556e-09
383.033 18.7157 -1.65224e-10
383.242 18.596 2.91454e-09
383.452 18.4749 -2.50861e-09
383.665 18.3529 -3.67678e-09
383.879 18.2302 -1.56188e-09
384.096 18.1069 -6.52757e-09
384.314 17.9833 -6.0908e-09
384.534 17.8595 2.72981e-09
384.756 17.7358 3.9156e-09
384.979 17.6122 -6.2877e-10
385.204 17.4889 -4.48377e-09
385.431 17.366 1.70365e-09
385.659 17.2436 3.43077e-09
385.888 17.1217 2.46943e-10
386.119 17.0006 2.86404e-09
386.352 16.8801 -1.0995e-10
386.586 16.7604 -2.97191e-09
386.821 16.6416 5.47385e-09
387.058 16.5236 -8.09328e-09
387.295 16.4065 8.44339e-09
387.534 16.2904 9.38897e-09
387.775 16.1753 -5.52022e-09
388.016 16.0611 -6.01263e-09
388.259 15.9479 -1.22654e-08
388.503 15.8358 1.26888e-08
388.748 15.7246 -1.20658e-08
388.994 15.6145 9.13388e-09
389.241 15.5055 5.61511e-09
389.489 15.3975 3.19518e-08
389.739 15.2906 -4.98552e-09
389.989 15.1846 -1.04389e-08
390.24 15.0798 -2.56987e-09
390.492 14.976 -2.17766e-08
390.746 14.8732 1.00948e-08
391 14.7715 -5.54018e-09
391.255 14.6708 5.21827e-08
391.511 14.5711 -3.38995e-08
391.767 14.4724 -3.17769e-08
392.025 14.3747 -6.52807e-09
392.283 14.278 -1.02042e-08
392.543 14.1822 -3.37091e-08
392.803 14.0875 -7.64399e-08
393.063 13.9937 1.37973e-08
393.325 13.9009 8.28549e-08
393.587 13.809 -6.94212e-08
393.85 13.718 1.42549e-08
394.114 13.628 -1.21214e-09
394.378 13.5388 5.66617e-08
394.643 13.4506 -6.20481e-08
394.909 13.3633 -3.96999e-08
395.175 13.2768 -1.61939e-09
395.442 13.1912 1.39744e-08
395.71 13.1064 2.77359e-08
395.978 13.0225 4.48727e-08
396.246 12.9395 -3.36656e-08
396.516 12.8572 -7.14167e-08
396.767 12.8577 6.93704e-09
396.964 13.0935 5.14253e-07
397.16 13.3296 1.15811e-06
397.352 13.5665 1.53779e-06
397.543 13.8049 7.94497e-08
397.73 14.0454 -6.26869e-07
397.915 14.2886 1.95799e-07
398.096 14.5353 1.00491e-06
398.273 14.7863 -7.33264e-07
398.447 15.0423 1.58559e-07
398.616 15.3044 4.08071e-08
398.78 15.5733 3.18611e-07
398.939 15.8504 -1.0909e-06
399.092 16.1368 -5.99736e-07
399.238 16.4339 -5.10503e-07
399.376 16.7434 -3.24323e-07
399.506 17.0673 -6.94152e-07
399.626 17.4076 -2.582e-07
399.734 17.767 3.38065e-07
399.83 18.1492 -1.00326e-06
399.91 18.5568 1.69167e-05
400.002 18.9296 1.28497e-06
400.081 19.3209 -1.82186e-06
400.144 19.7364 -1.71466e-07
400.187 20.1795 4.1395e-07
400.208 20.654 2.57681e-08
400.204 21.1643 -2.83008e-06
400.17 21.7155 1.09457e-06
400.127 22.2615 -2.22637e-06
400.081 22.7883 -3.58411e-07
400.034 23.2955 5.42937e-08
399.985 23.7835 -1.29567e-07
399.935 24.2524 1.18162e-07
399.885 24.7027 5.96155e-08
399.835 25.1345 -1.96906e-09
399.786 25.5483 1.3522e-07
399.737 25.9445 -3.21352e-07
399.69 26.3237 -2.67519e-06
399.644 26.6862 -1.67841e-07
399.6 27.0323 4.74473e-07
399.558 27.3632 -6.49528e-08
399.517 27.6788 -7.33376e-08
399.479 27.9803 -1.44609e-07
399.444 28.2666 3.64633e-09
399.41 28.5406 1.67481e-07
399.379 28.801 -6.41004e-09
399.351 29.0478 6.69461e-08
399.325 29.2833 8.54944e-08
399.302 29.5072 1.90747e-08
399.281 29.7199 5.48831e-08
399.263 29.9219 4.79324e-08
399.248 30.1135 5.04555e-08
399.235 30.2952 6.09091e-08
399.224 30.4675 8.0856e-08
399.216 30.6307 8.63245e-08
399.211 30.7851 2.37371e-08
399.207 30.931 5.09124e-08
399.207 31.069 1.11488e-07
399.208 31.1992 6.63069e-08
399.21 31.2886 7.4693e-08
