0 0 0
6.02138e-05 3.70936e-05 1.47766e-21
0.000120451 7.41873e-05 -3.19036e-21
0.000180712 0.000111281 3.12919e-22
0.000240996 0.000148375 5.27099e-22
0.000301304 0.000185469 3.07916e-21
0.000361635 0.000222563 4.5555e-22
0.000418223 0.00025969 4.54674e-19
0.000372969 0.0002968 3.3163e-18
0.00028571 0.000334707 -7.65697e-18
0.000271218 0.000378042 -2.00064e-17
0.000260139 0.000388735 4.30095e-18
0.000249002 0.000399245 2.28986e-16
0.000231376 0.000414406 -5.71582e-16
0.000206755 0.000437699 -5.50042e-17
0.000141371 0.000470612 1.63663e-16
6.20163e-05 0.000505899 -7.55552e-17
-8.04552e-05 0.00053931 -8.91093e-16
-0.000228487 0.000569565 -2.86123e-15
-0.000367118 0.000597864 -1.30909e-14
-0.000548216 0.000625039 -2.15114e-14
-0.00075886 0.000650386 -6.97015e-14
-0.000959871 0.000674214 -2.69653e-13
-0.00114799 0.000697417 -1.72162e-13
-0.00132763 0.000719478 -2.10633e-13
-0.00149971 0.000740626 -2.16532e-13
-0.0017649 0.000761572 -2.25634e-13
-0.00202253 0.000781463 -1.50829e-14
-0.00227219 0.000800639 3.8311e-14
-0.00250962 0.000819942 -2.01302e-13
-0.00274013 0.000838567 -4.98958e-13
-0.00296429 0.000856679 -1.24375e-12
-0.00318266 0.000874387 -4.9322e-12
-0.00339577 0.000891755 -5.03244e-12
-0.00360409 0.000908833 -1.09947e-11
-0.00380806 0.000925643 -2.41847e-11
-0.00400805 0.000942202 -5.64345e-11
-0.00427277 0.0009586 -1.75038e-10
-0.00456299 0.000975242 3.46513e-11
-0.00485172 0.000991365 3.81412e-11
-0.00513868 0.001007 8.60683e-11
-0.00542035 0.00102289 2.82661e-10
-0.00569923 0.00103834 1.34768e-10
-0.00597607 0.00105324 6.8902e-10
-0.0062509 0.0010677 4.74632e-10
-0.00652377 0.00108178 8.83805e-10
-0.00679472 0.00109552 2.3802e-09
-0.00706384 0.00110898 2.84799e-09
-0.00733121 0.00112217 3.09549e-09
-0.00759689 0.00113513 2.95354e-09
-0.00786097 0.00114787 1.79045e-09
-0.00812351 0.00116041 2.07802e-09
-0.00838461 0.00117276 9.96074e-10
-0.00864431 0.00118492 9.11498e-10
-0.00890271 0.00119692 8.23785e-10
-0.00915985 0.00120874 7.93262e-10
-0.00941581 0.00122041 7.75512e-10
-0.00967065 0.00123191 7.60571e-10
-0.00991717 0.00124416 7.89785e-10
-0.010155 0.00125726 7.21341e-10
-0.0103911 0.00127034 6.95219e-10
-0.0106256 0.00128339 6.9165e-10
-0.0108585 0.00129642 6.87136e-10
-0.01109 0.00130943 6.82754e-10
-0.0113202 0.00132241 6.78398e-10
-0.011549 0.00133535 6.75984e-10
-0.0117767 0.00134826 6.7347e-10
-0.0120031 0.00136113 6.70385e-10
-0.0122892 0.00137407 6.55822e-10
-0.0125931 0.00138789 6.65761e-10
-0.012898 0.00140159 6.64813e-10
-0.0132037 0.00141517 6.63149e-10
-0.0135102 0.0014286 6.63533e-10
-0.0138173 0.00144187 6.61693e-10
-0.0141229 0.00145541 6.61465e-10
-0.0144259 0.00146937 6.59985e-10
-0.0147295 0.00148301 6.59349e-10
-0.0150334 0.00149634 6.57771e-10
-0.0153375 0.00150941 6.5701e-10
-0.0156417 0.00152222 6.56063e-10
-0.0159459 0.00153481 6.54347e-10
-0.01625 0.00154721 6.51557e-10
-0.016554 0.00155942 6.54707e-10
-0.0168578 0.00157147 6.55493e-10
-0.0171613 0.00158338 6.4972e-10
-0.0174646 0.00159515 6.45959e-10
-0.0177675 0.0016068 6.4606e-10
-0.0180701 0.00161833 6.45122e-10
-0.0183723 0.00162977 6.43924e-10
-0.0186741 0.00164111 6.42521e-10
-0.0189756 0.00165237 6.40623e-10
-0.0192766 0.00166354 6.40316e-10
-0.0195772 0.00167464 6.38799e-10
-0.0198774 0.00168567 6.36854e-10
-0.0201772 0.00169663 6.35184e-10
-0.0204765 0.00170753 6.33556e-10
-0.0207755 0.00171838 6.32683e-10
-0.021074 0.00172916 6.32021e-10
-0.0213721 0.00173989 6.30237e-10
-0.0216698 0.00175057 6.29709e-10
-0.0219671 0.0017612 6.29124e-10
-0.022264 0.00177177 6.26846e-10
-0.0225606 0.0017823 6.25859e-10
-0.0228567 0.00179278 6.24994e-10
-0.0231525 0.00180321 6.23206e-10
-0.0234479 0.0018136 6.22143e-10
-0.023743 0.00182393 6.21362e-10
-0.0240377 0.00183423 6.20306e-10
-0.024332 0.00184447 6.17755e-10
-0.0246261 0.00185467 6.15767e-10
-0.0249198 0.00186483 6.15017e-10
-0.0252132 0.00187493 6.13362e-10
-0.0255063 0.001885 6.12951e-10
-0.0257992 0.00189501 6.09989e-10
-0.0260917 0.00190499 6.08443e-10
-0.0263839 0.00191491 6.10031e-10
-0.0266759 0.00192479 6.08332e-10
-0.0269677 0.00193463 6.07697e-10
-0.0272591 0.00194442 6.06392e-10
-0.0275504 0.00195416 6.04667e-10
-0.0278414 0.00196386 6.03887e-10
-0.0281321 0.00197351 6.02032e-10
-0.0284227 0.00198312 6.00727e-10
-0.028713 0.00199268 6.00167e-10
-0.0290031 0.00200219 5.99367e-10
-0.029293 0.00201166 5.97872e-10
-0.0295828 0.00202108 5.97433e-10
-0.0298723 0.00203046 5.95238e-10
-0.0301617 0.00203979 5.94171e-10
-0.0304508 0.00204908 5.9311e-10
-0.0307399 0.00205832 5.92722e-10
-0.0310287 0.00206751 5.91413e-10
-0.0313174 0.00207666 5.90084e-10
-0.031606 0.00208577 5.89262e-10
-0.0318944 0.00209483 5.87374e-10
-0.0321826 0.00210384 5.86542e-10
-0.0324707 0.00211281 5.86392e-10
-0.0327587 0.00212174 5.85407e-10
-0.0330466 0.00213062 5.84306e-10
-0.0333343 0.00213946 5.83496e-10
-0.033622 0.00214825 5.82148e-10
-0.0339095 0.002157 5.80912e-10
-0.0341969 0.0021657 5.79915e-10
-0.0344842 0.00217437 5.7882e-10
-0.0347714 0.00218298 5.77832e-10
-0.0350585 0.00219156 5.77024e-10
-0.0353455 0.00220009 5.75869e-10
-0.0356325 0.00220859 5.74746e-10
-0.0359193 0.00221703 5.73599e-10
-0.0362061 0.00222544 5.7301e-10
-0.0364928 0.00223381 5.71985e-10
-0.0367794 0.00224213 5.71044e-10
-0.0370659 0.00225042 5.69985e-10
-0.0373524 0.00225866 5.69192e-10
-0.0376388 0.00226686 5.68837e-10
-0.0379252 0.00227502 5.67992e-10
-0.0382115 0.00228314 5.66187e-10
-0.0384977 0.00229123 5.65386e-10
-0.0387839 0.00229927 5.64197e-10
-0.0390701 0.00230727 5.61933e-10
-0.0393562 0.00231524 5.60686e-10
-0.0396422 0.00232316 5.61588e-10
-0.0399282 0.00233105 5.62299e-10
-0.0402142 0.0023389 5.58748e-10
-0.0405001 0.00234671 5.60505e-10
-0.040786 0.00235449 5.58095e-10
-0.0410719 0.00236223 5.57733e-10
-0.0413577 0.00236993 5.54849e-10
-0.0416436 0.00237759 5.54952e-10
-0.0419293 0.00238522 5.52912e-10
-0.0422151 0.00239281 5.53911e-10
-0.0425008 0.00240036 5.52668e-10
-0.0427866 0.00240788 5.52969e-10
-0.0430723 0.00241537 5.50569e-10
-0.043358 0.00242282 5.48767e-10
-0.0436436 0.00243023 5.47148e-10
-0.0439293 0.00243761 5.50204e-10
-0.0442149 0.00244496 5.4693e-10
-0.0445006 0.00245227 5.46355e-10
-0.0447862 0.00245955 5.45577e-10
-0.0450719 0.00246679 5.45467e-10
-0.0453575 0.002474 5.44972e-10
-0.0456431 0.00248118 5.45242e-10
-0.0459287 0.00248833 5.47115e-10
-0.0462144 0.00249544 5.42499e-10
-0.0465 0.00250252 5.42747e-10
-0.0467856 0.00250957 5.4181e-10
-0.0470713 0.00251659 5.39879e-10
-0.0473569 0.00252357 5.43048e-10
-0.0476426 0.00253052 5.34631e-10
-0.0479282 0.00253745 5.32239e-10
-0.0482139 0.00254434 5.3896e-10
-0.0485967 0.00256659 5.47995e-10
-0.0489596 0.00257724 5.54834e-10
-0.0493047 0.00258765 4.89814e-10
-0.0496511 0.00259805 4.42881e-10
-0.0499967 0.00260845 5.1986e-10
-0.0503192 0.00261904 5.19589e-10
-0.0506435 0.00262966 6.18262e-10
-0.0509697 0.00264031 5.45236e-10
-0.0512979 0.00265098 5.98266e-10
-0.0516283 0.00266163 5.6105e-10
-0.0519611 0.00267228 5.43308e-10
-0.0522017 0.0026799 5.63276e-10
