0 0 0
-0.000225871 3.70936e-05 -5.97066e-22
-0.000451719 7.41873e-05 -9.44481e-22
-0.000677544 0.000111281 6.6815e-21
-0.000903346 0.000148375 -4.68166e-21
-0.00112913 0.000185469 -6.61746e-21
-0.00135488 0.000222563 -1.42526e-20
-0.00158827 0.000259716 1.6036e-19
-0.00207066 0.000297812 1.10958e-18
-0.00267176 0.000337636 -7.38415e-19
-0.0033168 0.00038343 6.3263e-18
-0.00349147 0.000394728 -2.35871e-17
-0.00366688 0.000405744 5.8368e-18
-0.00392716 0.000422137 2.39209e-18
-0.00435263 0.000446842 -1.72128e-16
-0.00501036 0.000481191 1.79054e-15
-0.00580956 0.000518382 -2.74917e-13
-0.00668498 0.000552841 -2.54832e-14
-0.00754827 0.000584121 -2.18131e-14
-0.00840645 0.000613711 -2.09044e-14
-0.00934973 0.000641777 1.19763e-14
-0.0102768 0.000667723 -5.14908e-15
-0.0111832 0.000692797 -4.29842e-15
-0.0120742 0.000716614 9.32169e-14
-0.0129524 0.000739339 3.04888e-13
-0.0139277 0.000761823 2.22859e-13
-0.0149011 0.000783099 2.03298e-13
-0.0158615 0.000803649 3.21911e-14
-0.0168055 0.000824166 1.03933e-13
-0.0177393 0.000843936 3.44437e-13
-0.0186638 0.00086315 9.97469e-13
-0.0195802 0.000881927 2.62301e-11
-0.0204892 0.000900337 7.00014e-11
-0.0213915 0.000918424 1.85157e-10
-0.0222879 0.000936212 5.31034e-10
-0.0232089 0.000953871 1.15758e-09
-0.0242042 0.000971868 6.96234e-09
-0.025197 0.000989258 2.30216e-10
-0.0261869 0.00100608 -1.57803e-10
-0.0271706 0.00102299 -1.78867e-09
-0.0281495 0.00103954 -1.39095e-09
-0.0291254 0.00105547 -1.50843e-09
-0.0300984 0.00107089 -3.87012e-09
-0.0310686 0.00108588 -8.83648e-09
-0.032036 0.0011005 2.18683e-09
-0.033001 0.00111478 3.19313e-09
-0.0339635 0.00112878 2.52454e-09
-0.0349237 0.00114252 5.22381e-09
-0.0358818 0.00115601 4.0072e-09
-0.0368378 0.00116928 3.35112e-09
-0.0377919 0.00118234 2.05009e-09
-0.0387442 0.0011952 1.76671e-09
-0.0396949 0.00120787 1.71687e-09
-0.0406439 0.00122034 1.72171e-09
-0.0415915 0.00123264 1.73253e-09
-0.0425376 0.00124475 1.36172e-09
-0.0434668 0.00125863 1.04304e-09
-0.0443933 0.00127257 7.75057e-10
-0.0453179 0.00128647 7.61095e-10
-0.0462406 0.00130035 7.55952e-10
-0.0471616 0.00131419 7.53018e-10
-0.048081 0.001328 7.43864e-10
-0.0489989 0.00134177 7.31317e-10
-0.0499153 0.0013555 7.28466e-10
-0.0508757 0.00136821 7.42569e-10
-0.0518762 0.00138294 7.29917e-10
-0.0528778 0.00139755 7.2605e-10
-0.0538805 0.00141202 7.20552e-10
-0.0548841 0.00142632 7.13651e-10
-0.0558884 0.00144044 7.08608e-10
-0.0568906 0.00145493 7.12559e-10
-0.0578904 0.00146973 7.01527e-10
-0.0588908 0.00148416 6.9629e-10
-0.0598916 0.00149826 6.95598e-10
-0.0608927 0.00151205 6.92607e-10
-0.0618939 0.00152557 6.868e-10
-0.0628951 0.00153885 6.70478e-10
-0.0638963 0.00155191 6.69909e-10
-0.0648973 0.00156479 6.55026e-10
-0.0658981 0.00157749 6.40616e-10
-0.0668986 0.00159003 5.67978e-10
-0.0678988 0.00160243 5.99921e-10
-0.0688987 0.0016147 6.21615e-10
-0.0698982 0.00162686 6.26575e-10
-0.0708973 0.00163891 6.27433e-10
-0.0718961 0.00165085 6.26912e-10
-0.0728944 0.00166271 6.24288e-10
-0.0738924 0.00167449 6.19523e-10
-0.0748899 0.00168619 6.14017e-10
-0.075887 0.00169781 6.09874e-10
-0.0768837 0.00170937 6.04907e-10
-0.0778801 0.00172085 6.01224e-10
-0.078876 0.00173228 5.98525e-10
-0.0798715 0.00174364 5.92636e-10
-0.0808667 0.00175495 5.90414e-10
-0.0818615 0.0017662 5.8652e-10
-0.0828559 0.00177739 5.82234e-10
-0.08385 0.00178853 5.81477e-10
-0.0848438 0.00179961 5.76891e-10
-0.0858372 0.00181064 5.71118e-10
-0.0868304 0.00182162 5.67875e-10
-0.0878232 0.00183254 5.66954e-10
-0.0888158 0.00184342 5.64391e-10
-0.0898081 0.00185424 5.59237e-10
-0.0908001 0.00186501 5.53902e-10
-0.0917919 0.00187572 5.51463e-10
-0.0927835 0.00188639 5.47569e-10
-0.0937748 0.00189701 5.47513e-10
-0.094766 0.00190757 5.4643e-10
-0.0957569 0.00191808 5.39293e-10
-0.0967477 0.00192854 5.36507e-10
-0.0977383 0.00193894 5.30906e-10
-0.0987287 0.0019493 5.28305e-10
-0.099719 0.0019596 5.27475e-10
-0.100709 0.00196985 5.26849e-10
-0.101699 0.00198005 5.2201e-10
-0.102689 0.0019902 5.14508e-10
-0.103679 0.0020003 5.11821e-10
-0.104669 0.00201034 5.09643e-10
-0.105658 0.00202033 5.03874e-10
-0.106648 0.00203027 4.99193e-10
-0.107637 0.00204016 4.94459e-10
-0.108627 0.00204999 4.9123e-10
-0.109616 0.00205978 4.90941e-10
-0.110606 0.00206951 4.88528e-10
-0.111595 0.00207919 4.82464e-10
-0.112584 0.00208882 4.8373e-10
-0.113573 0.0020984 4.83791e-10
-0.114563 0.00210793 4.79969e-10
-0.115552 0.00211741 4.75954e-10
-0.116541 0.00212684 4.71462e-10
-0.11753 0.00213621 4.67433e-10
-0.11852 0.00214554 4.63392e-10
-0.119509 0.00215482 4.62218e-10
-0.120498 0.00216405 4.61442e-10
-0.121488 0.00217323 4.57757e-10
-0.122477 0.00218236 4.5322e-10
-0.123467 0.00219144 4.51333e-10
-0.124456 0.00220048 4.47532e-10
-0.125446 0.00220946 4.46043e-10
-0.126435 0.0022184 4.43325e-10
-0.127425 0.00222729 4.39504e-10
-0.128415 0.00223613 4.36427e-10
-0.129405 0.00224493 4.34227e-10
-0.130395 0.00225368 4.3232e-10
-0.131385 0.00226239 4.30258e-10
-0.132375 0.00227105 4.26543e-10
-0.133365 0.00227966 4.23813e-10
-0.134355 0.00228823 4.22004e-10
-0.135346 0.00229675 4.17315e-10
-0.136336 0.00230523 4.1515e-10
-0.137327 0.00231367 4.13837e-10
-0.138318 0.00232206 4.10172e-10
-0.139309 0.00233041 4.07726e-10
-0.1403 0.00233871 4.05592e-10
-0.141291 0.00234698 4.0363e-10
-0.142282 0.0023552 4.01417e-10
-0.143274 0.00236338 3.98124e-10
-0.144265 0.00237151 3.95983e-10
-0.145257 0.00237961 3.9456e-10
-0.146249 0.00238766 3.90307e-10
-0.147241 0.00239568 3.86402e-10
-0.148233 0.00240365 3.83519e-10
-0.149225 0.00241158 3.82464e-10
-0.150218 0.00241947 3.78809e-10
-0.15121 0.00242733 3.76501e-10
-0.152203 0.00243514 3.74686e-10
-0.153196 0.00244292 3.75261e-10
-0.154189 0.00245066 3.74337e-10
-0.155183 0.00245835 3.69228e-10
-0.156176 0.00246602 3.69986e-10
-0.15717 0.00247364 3.5779e-10
-0.158164 0.00248123 3.7198e-10
-0.159158 0.00248877 3.66958e-10
-0.160152 0.00249629 3.61742e-10
-0.161147 0.00250376 3.5144e-10
-0.162141 0.0025112 3.49537e-10
-0.163136 0.00251861 3.46322e-10
-0.164131 0.00252597 3.50369e-10
-0.165126 0.00253331 3.46509e-10
-0.166138 0.00254302 3.93734e-10
-0.167149 0.00255274 3.70945e-10
-0.168161 0.00256258 8.29703e-10
-0.169173 0.00257254 4.28623e-10
-0.170187 0.00258263 2.76359e-10
-0.171201 0.00259283 2.38327e-10
-0.172217 0.00260315 1.76806e-10
-0.173233 0.00261359 2.57558e-10
-0.17425 0.00262414 5.14895e-10
-0.175268 0.0026348 4.72569e-10
-0.176287 0.00264558 3.82967e-10
-0.177307 0.00265646 4.49685e-10
-0.178329 0.00266746 1.71972e-10
-0.179351 0.00267856 1.35492e-10
-0.180375 0.00268976 4.54007e-10
-0.1814 0.00270106 3.87925e-10
-0.182427 0.00271246 3.48715e-10
-0.183455 0.00272396 1.14243e-10
-0.184485 0.00273554 3.6795e-10
-0.185516 0.00274721 4.95495e-10
-0.18655 0.00275896 -1.95298e-11
-0.187585 0.00277077 3.71055e-10
-0.188623 0.00278265 2.36227e-10
-0.18937 0.00279121 5.42055e-10
