0 0 0
0.000216948 3.70936e-05 2.39309e-21
0.00043392 7.41873e-05 -5.09162e-21
0.000650915 0.000111281 -7.24628e-22
0.000867934 0.000148375 5.5526e-21
0.00108498 0.000185469 9.56575e-21
0.00130204 0.000222563 9.78235e-22
0.00151811 0.00025969 1.03809e-18
0.0017052 0.0002968 7.2685e-18
0.00188648 0.000334707 -7.75359e-18
0.00219387 0.000378042 -1.24586e-17
0.00226659 0.000388735 -4.04225e-18
0.00233931 0.000399245 1.82471e-16
0.00244786 0.000414406 -5.36352e-16
0.00261935 0.000437699 -8.03551e-17
0.00285359 0.000470612 -1.14993e-16
0.00312961 0.000505899 6.56294e-17
0.00334979 0.00053931 -2.78241e-16
0.00356384 0.000569565 -9.81346e-16
0.0037847 0.000597864 -3.61446e-15
0.00396514 0.000625039 -4.41224e-15
0.0041169 0.000650386 -1.83223e-14
0.0042759 0.000674214 -8.01438e-14
0.00444536 0.000697417 -1.46948e-14
0.0046215 0.000719478 7.72729e-15
0.00480365 0.000740626 -4.17373e-14
0.00489641 0.000761572 -5.81723e-14
0.00499527 0.000781463 3.87069e-16
0.00510076 0.000800639 2.3149e-14
0.00521707 0.000819942 -3.57577e-14
0.0053393 0.000838567 -1.11113e-13
0.005467 0.000856679 -2.69682e-13
0.00559973 0.000874387 -1.37769e-13
0.00573705 0.000891755 -9.90086e-13
0.00587856 0.000908833 -2.20695e-12
0.0060239 0.000925643 -4.83194e-12
0.00617276 0.000942202 -1.04676e-11
0.00625814 0.0009586 -4.03854e-11
0.00631864 0.000975242 8.66616e-12
0.00638023 0.000991365 9.03351e-12
0.00644323 0.001007 1.97589e-11
0.00651102 0.00102289 6.94338e-11
0.00658126 0.00103834 3.27831e-11
0.00665326 0.00105324 1.01292e-10
0.00672702 0.0010677 1.09048e-10
0.00680252 0.00108178 1.96426e-10
0.00687972 0.00109553 1.44518e-10
0.00695855 0.00110898 1.66825e-10
0.00703897 0.00112217 1.78093e-10
0.0071209 0.00113513 1.72554e-10
0.0072043 0.00114787 3.20777e-10
0.00728909 0.00116041 4.03472e-10
0.00737521 0.00117276 1.55074e-10
0.00746261 0.00118492 1.4148e-10
0.00755122 0.00119692 1.24024e-10
0.007641 0.00120874 1.19639e-10
0.00773188 0.00122041 1.17892e-10
0.00782381 0.00123191 1.16651e-10
0.00792393 0.00124416 1.02681e-10
0.00803264 0.00125726 1.0358e-10
0.00814299 0.00127034 9.94592e-11
0.00825491 0.00128339 1.00293e-10
0.00836832 0.00129642 1.00873e-10
0.00848313 0.00130943 1.01447e-10
0.00859928 0.00132241 1.0197e-10
0.0087167 0.00133535 1.02863e-10
0.00883533 0.00134826 1.0367e-10
0.00895511 0.00136113 1.04326e-10
0.00901602 0.00137407 9.09487e-11
0.00905941 0.00138789 9.5735e-11
0.00910184 0.00140159 9.65156e-11
0.00914344 0.00141517 9.70899e-11
0.00918432 0.0014286 9.81886e-11
0.00922462 0.00144187 9.85518e-11
0.00926634 0.00145541 9.83664e-11
0.00931058 0.00146937 9.88539e-11
0.00935435 0.00148301 9.94857e-11
0.00939781 0.00149634 9.97817e-11
0.00944111 0.00150941 1.00278e-10
0.00948435 0.00152222 1.00618e-10
0.00952762 0.00153481 1.01187e-10
0.00957101 0.00154721 1.0137e-10
0.00961459 0.00155942 1.01805e-10
0.00965841 0.00157147 1.04479e-10
0.00970252 0.00158338 1.01919e-10
0.00974695 0.00159515 1.02275e-10
0.00979174 0.0016068 1.02232e-10
0.00983691 0.00161833 1.02399e-10
0.00988249 0.00162977 1.02438e-10
0.00992849 0.00164111 1.02459e-10
0.00997493 0.00165237 1.02615e-10
0.0100218 0.00166354 1.02885e-10
0.0100692 0.00167464 1.03001e-10
0.010117 0.00168567 1.02927e-10
0.0101652 0.00169663 1.02991e-10
0.0102139 0.00170753 1.03006e-10
0.0102631 0.00171838 1.0312e-10
0.0103128 0.00172916 1.03338e-10
0.0103629 0.00173989 1.03355e-10
0.0104135 0.00175057 1.03508e-10
0.0104645 0.0017612 1.03709e-10
0.0105159 0.00177177 1.0369e-10
0.0105678 0.0017823 1.03733e-10
0.0106202 0.00179278 1.03906e-10
0.0106729 0.00180321 1.03884e-10
0.0107261 0.0018136 1.03908e-10
0.0107797 0.00182393 1.04077e-10
0.0108337 0.00183423 1.04165e-10
0.010888 0.00184447 1.04092e-10
0.0109428 0.00185467 1.03979e-10
0.010998 0.00186483 1.04043e-10
0.0110535 0.00187493 1.04106e-10
0.0111094 0.001885 1.0418e-10
0.0111656 0.00189501 1.04046e-10
0.0112222 0.00190499 1.04001e-10
0.0112791 0.00191491 1.04363e-10
0.0113363 0.00192479 1.04465e-10
0.0113939 0.00193463 1.04513e-10
0.0114518 0.00194442 1.04557e-10
0.01151 0.00195416 1.04516e-10
0.0115685 0.00196386 1.04544e-10
0.0116273 0.00197351 1.04532e-10
0.0116864 0.00198312 1.04509e-10
0.0117458 0.00199268 1.04581e-10
0.0118055 0.00200219 1.04687e-10
0.0118654 0.00201166 1.04662e-10
0.0119256 0.00202108 1.0474e-10
0.011986 0.00203046 1.04764e-10
0.0120467 0.00203979 1.04614e-10
0.0121077 0.00204908 1.04691e-10
0.0121689 0.00205832 1.04701e-10
0.0122303 0.00206751 1.0483e-10
0.012292 0.00207666 1.0473e-10
0.0123538 0.00208577 1.04782e-10
0.0124159 0.00209483 1.04894e-10
0.0124783 0.00210384 1.04739e-10
0.0125408 0.00211281 1.04566e-10
0.0126035 0.00212174 1.04895e-10
0.0126665 0.00213062 1.04702e-10
0.0127296 0.00213946 1.04731e-10
0.012793 0.00214825 1.04873e-10
0.0128565 0.002157 1.04745e-10
0.0129202 0.0021657 1.04802e-10
0.0129841 0.00217437 1.04841e-10
0.0130482 0.00218298 1.04663e-10
0.0131124 0.00219156 1.04899e-10
0.0131769 0.00220009 1.04942e-10
0.0132415 0.00220859 1.04727e-10
0.0133062 0.00221704 1.04381e-10
0.0133711 0.00222544 1.04535e-10
0.0134362 0.00223381 1.04495e-10
0.0135015 0.00224213 1.04522e-10
0.0135669 0.00225042 1.0445e-10
0.0136324 0.00225866 1.0451e-10
0.0136981 0.00226686 1.04793e-10
0.0137639 0.00227502 1.04803e-10
0.0138299 0.00228314 1.04386e-10
0.0138961 0.00229123 1.04414e-10
0.0139623 0.00229927 1.04255e-10
0.0140287 0.00230727 1.03702e-10
0.0140953 0.00231524 1.03559e-10
0.0141619 0.00232316 1.04223e-10
0.0142287 0.00233105 1.04759e-10
0.0142956 0.0023389 1.03765e-10
0.0143627 0.00234671 1.04657e-10
0.0144299 0.00235449 1.04081e-10
0.0144972 0.00236223 1.04218e-10
0.0145646 0.00236993 1.035e-10
0.0146321 0.00237759 1.03827e-10
0.0146998 0.00238522 1.0337e-10
0.0147675 0.00239281 1.03979e-10
0.0148354 0.00240036 1.03781e-10
0.0149034 0.00240788 1.04129e-10
0.0149715 0.00241537 1.03553e-10
0.0150397 0.00242282 1.03223e-10
0.015108 0.00243023 1.02938e-10
0.0151764 0.00243761 1.04058e-10
0.0152449 0.00244496 1.03223e-10
0.0153136 0.00245227 1.0328e-10
0.0153823 0.00245955 1.03275e-10
0.0154511 0.00246679 1.03437e-10
0.01552 0.002474 1.03441e-10
0.0155891 0.00248118 1.03659e-10
0.0156582 0.00248833 1.04348e-10
0.0157274 0.00249544 1.03215e-10
0.0157967 0.00250252 1.03478e-10
0.0158661 0.00250957 1.03376e-10
0.0159356 0.00251659 1.02985e-10
0.0160052 0.00252357 1.0403e-10
0.0160748 0.00253052 1.01877e-10
0.0161446 0.00253745 1.01458e-10
0.0162145 0.00254434 1.03385e-10
0.016188 0.00256659 9.24187e-11
0.0161815 0.00257724 9.25981e-11
0.0161926 0.00258765 7.74864e-11
0.0162027 0.00259805 7.29589e-11
0.0162137 0.00260845 7.41861e-11
0.0162475 0.00261904 7.48565e-11
0.0162798 0.00262966 9.12929e-11
0.0163102 0.00264031 7.98198e-11
0.0163388 0.00265098 8.63781e-11
0.0163653 0.00266163 7.65888e-11
0.0163896 0.00267228 7.32041e-11
0.0164057 0.0026799 8.0398e-11
