0 0 0
-43.1459 2.72524 -4.3866e-17
-86.2874 5.45049 -6.93903e-17
-129.424 8.17573 4.90885e-16
-172.557 10.901 -3.43958e-16
-215.686 13.6262 -4.86179e-16
-258.809 16.3515 -1.04713e-15
-299.943 18.9182 1.1681e-14
-296.691 17.5791 6.59054e-14
-290.47 15.4949 -5.27945e-14
-283.543 13.9659 3.14128e-13
-281.478 13.5715 -1.31852e-12
-279.35 13.2003 3.11193e-13
-276.119 12.7271 1.11408e-13
-270.753 12.0178 -7.73071e-12
-262.53 11.0803 7.18325e-11
-253.07 10.1514 -9.92699e-09
-243.681 9.2688 3.97703e-10
-235.482 8.58616 4.42329e-10
-228.307 8.06162 3.96612e-10
-221.414 7.52855 1.27569e-09
-215.5 7.10161 6.06491e-10
-210.412 6.78185 5.44477e-10
-205.975 6.52235 3.02266e-09
-202.066 6.30674 8.04571e-09
-198.184 6.05725 5.01245e-09
-194.717 5.83488 3.93988e-09
-191.636 5.65039 -5.09379e-10
-188.889 5.5122 1.18896e-09
-186.41 5.391 6.47045e-09
-184.158 5.28606 2.0241e-08
-182.101 5.19575 5.65382e-07
-180.213 5.11805 1.44769e-06
-178.472 5.05098 3.73905e-06
-176.86 4.99267 1.05778e-05
-175.313 4.93121 2.24281e-05
-173.753 4.85532 0.000136039
-172.302 4.78111 -7.70086e-06
-170.947 4.70862 -1.45677e-05
-169.684 4.65118 -4.45332e-05
-168.501 4.59761 -3.35339e-05
-167.389 4.5417 -3.31496e-05
-166.341 4.48522 -7.41233e-05
-165.352 4.42941 -0.000159034
-164.416 4.37494 5.06546e-05
-163.529 4.32223 6.50083e-05
-162.687 4.27151 4.87637e-05
-161.886 4.22289 9.25316e-05
-161.123 4.17634 6.54049e-05
-160.395 4.13174 4.9935e-05
-159.7 4.08899 2.47056e-05
-159.035 4.04793 1.83963e-05
-158.398 4.00842 1.64296e-05
-157.788 3.97032 1.55097e-05
-157.201 3.93348 1.47571e-05
-156.638 3.89771 7.86907e-06
-156.105 3.89782 2.28377e-06
-155.591 3.90063 -2.12982e-06
-155.097 3.90412 -2.23283e-06
-154.62 3.90832 -2.19123e-06
-154.16 3.91307 -2.11837e-06
-153.715 3.91822 -2.14721e-06
-153.285 3.92362 -2.22731e-06
-152.869 3.92916 -2.15472e-06
-152.447 3.90999 -1.82429e-06
-152.021 3.91448 -1.91335e-06
-151.608 3.91756 -1.86592e-06
-151.208 3.91885 -1.84588e-06
-150.819 3.9182 -1.84801e-06
-150.443 3.91558 -1.82309e-06
-150.077 3.91954 -1.66939e-06
-149.724 3.92904 -1.74176e-06
-149.38 3.9332 -1.72693e-06
-149.046 3.93284 -1.64834e-06
-148.72 3.92882 -1.60706e-06
-148.404 3.92179 -1.60808e-06
-148.096 3.91232 -1.75669e-06
-147.796 3.90096 -1.67775e-06
-147.504 3.88819 -1.80178e-06
-147.22 3.87419 -1.91281e-06
-146.942 3.85941 -2.81629e-06
-146.672 3.84398 -2.2462e-06
-146.408 3.82819 -1.84554e-06
-146.151 3.81218 -1.69185e-06
-145.899 3.79607 -1.60142e-06
-145.654 3.77991 -1.53426e-06
-145.414 3.76391 -1.49868e-06
-145.18 3.74806 -1.49339e-06
-144.951 3.73245 -1.49828e-06
-144.727 3.71709 -1.48527e-06
-144.508 3.70202 -1.4838e-06
-144.293 3.68724 -1.46593e-06
-144.083 3.67277 -1.43639e-06
-143.878 3.65861 -1.4494e-06
-143.677 3.64476 -1.41506e-06
-143.48 3.6312 -1.40377e-06
-143.287 3.61794 -1.39812e-06
-143.098 3.60495 -1.34833e-06
-142.912 3.59222 -1.3491e-06
-142.73 3.57974 -1.36482e-06
-142.552 3.56749 -1.34841e-06
-142.376 3.55546 -1.30403e-06
-142.205 3.54363 -1.28208e-06
-142.036 3.53198 -1.29312e-06
-141.87 3.52049 -1.30598e-06
-141.708 3.50916 -1.283e-06
-141.548 3.49796 -1.27885e-06
-141.391 3.48688 -1.22844e-06
-141.237 3.47591 -1.19272e-06
-141.085 3.46503 -1.23145e-06
-140.936 3.45422 -1.21646e-06
-140.789 3.4435 -1.23579e-06
-140.645 3.43283 -1.2187e-06
-140.503 3.42222 -1.18142e-06
-140.364 3.41164 -1.14337e-06
-140.226 3.4011 -1.15655e-06
-140.091 3.39059 -1.20048e-06
-139.958 3.3801 -1.1864e-06
-139.827 3.36961 -1.16703e-06
-139.698 3.35914 -1.19019e-06
-139.571 3.34867 -1.19989e-06
-139.446 3.3382 -1.20987e-06
-139.323 3.32772 -1.20221e-06
-139.201 3.31724 -1.16126e-06
-139.082 3.30674 -1.14625e-06
-138.964 3.29623 -1.1734e-06
-138.847 3.28571 -1.11643e-06
-138.732 3.27517 -1.07538e-06
-138.619 3.26461 -1.07973e-06
-138.508 3.25404 -1.08611e-06
-138.398 3.24344 -1.09764e-06
-138.289 3.23283 -1.10359e-06
-138.182 3.22219 -1.1095e-06
-138.076 3.21154 -1.08341e-06
-137.972 3.20087 -1.05396e-06
-137.869 3.19018 -1.05774e-06
-137.767 3.17947 -1.07079e-06
-137.667 3.16875 -1.05434e-06
-137.568 3.158 -1.05945e-06
-137.47 3.14725 -1.03922e-06
-137.374 3.13648 -1.03313e-06
-137.278 3.1257 -1.03925e-06
-137.184 3.1149 -1.03713e-06
-137.091 3.1041 -1.02568e-06
-136.999 3.09328 -1.01152e-06
-136.908 3.08246 -9.99586e-07
-136.818 3.07163 -1.00576e-06
-136.729 3.0608 -1.00125e-06
-136.641 3.04996 -9.8714e-07
-136.555 3.03913 -1.00409e-06
-136.469 3.02829 -9.93779e-07
-136.384 3.01745 -9.74882e-07
-136.3 3.00661 -9.81412e-07
-136.217 2.99578 -9.74941e-07
-136.135 2.98495 -9.65471e-07
-136.054 2.97413 -9.54555e-07
-135.974 2.96332 -9.46662e-07
-135.894 2.95251 -9.50271e-07
-135.816 2.94172 -9.41848e-07
-135.738 2.93093 -9.26325e-07
-135.661 2.92016 -9.40518e-07
-135.585 2.90941 -9.50658e-07
-135.509 2.89866 -9.49993e-07
-135.435 2.88794 -9.30674e-07
-135.361 2.87723 -9.38567e-07
-135.288 2.86654 -9.32496e-07
-135.215 2.85587 -9.21641e-07
-135.144 2.84522 -8.86961e-07
-135.073 2.83459 -8.68616e-07
-135.002 2.82398 -8.93082e-07
-134.933 2.8134 -8.57746e-07
-134.864 2.80284 -9.53575e-07
-134.796 2.7923 -7.82111e-07
-134.728 2.78179 -8.08201e-07
-134.661 2.77131 -8.35386e-07
-134.594 2.76085 -9.12253e-07
-134.529 2.75042 -9.03305e-07
-134.464 2.74002 -9.07634e-07
-134.399 2.72964 -8.40136e-07
-134.335 2.7193 -8.52741e-07
-134.27 2.73139 -3.62523e-07
-134.206 2.74326 -5.74906e-07
-134.143 2.75592 3.93097e-06
-134.08 2.76936 -1.03978e-07
-134.017 2.78352 -1.58395e-06
-133.955 2.79835 -1.90561e-06
-133.894 2.81383 -2.44462e-06
-133.833 2.82991 -1.58942e-06
-133.773 2.84655 9.43299e-07
-133.713 2.86373 5.07126e-07
-133.653 2.88137 -3.69579e-07
-133.594 2.89947 2.81583e-07
-133.535 2.918 -2.38555e-06
-133.477 2.93688 -2.66281e-06
-133.419 2.9561 4.53035e-07
-133.362 2.9756 -1.89097e-07
-133.305 2.99533 -5.55697e-07
-133.248 3.01526 -2.7604e-06
-133.192 3.03532 -2.80092e-07
-133.136 3.05543 9.3145e-07
-133.08 3.07552 -3.94469e-06
-133.025 3.09549 -1.58522e-07
-132.97 3.11527 -1.41787e-06
-132.931 3.12933 1.49779e-06
