0 0
-2.40172e-05 -0.275248
-0.000134116 -0.650435
-0.000333462 -1.02562
-0.000622056 -1.40081
-0.000999898 -1.77599
-0.00146699 -2.15118
-0.00202332 -2.52637
-0.00266891 -2.90155
-0.00340374 -3.27674
-0.00422782 -3.65192
-0.00514115 -4.02711
-0.00614373 -4.4023
-0.00723556 -4.77748
-0.00841663 -5.15267
-0.00731459 -4.80351
-0.00628985 -4.45434
-0.00534241 -4.10518
-0.00447227 -3.75601
-0.00367942 -3.40685
-0.00296387 -3.05769
-0.00232561 -2.70852
-0.00176466 -2.35936
-0.001281 -2.01019
-0.000874637 -1.66103
-0.000545572 -1.31187
-0.000293803 -0.962702
-0.000119332 -0.613538
-2.2157e-05 -0.264374
-2.27909e-06 0.08479
-5.9698e-05 0.433954
-0.000194414 0.783118
-0.000406426 1.13228
-0.000695736 1.48145
-0.00106234 1.83061
-0.00150625 2.17977
-0.00202745 2.52894
-0.00262594 2.8781
-0.00330174 3.22727
-0.00405483 3.57643
-0.00488522 3.92559
-0.00579291 4.27476
-0.00677789 4.62392
-0.00784017 4.97309
-0.00897975 5.32225
-0.00758981 4.89304
-0.00631667 4.46383
-0.00516033 4.03462
-0.0041208 3.60541
-0.00319806 3.17619
-0.00239213 2.74698
-0.001703 2.31777
-0.00113067 1.88856
-0.000675136 1.45935
-0.000336406 1.03014
-0.000114476 0.600926
-9.34736e-06 0.171715
-2.10191e-05 -0.257496
-0.000149491 -0.686707
-0.000394764 -1.11592
-0.000756838 -1.54513
-0.00123571 -1.97434
-0.00183139 -2.40355
-0.00254386 -2.83276
-0.00337314 -3.26198
-0.00431922 -3.69119
-0.0053821 -4.1204
-0.00656178 -4.54961
-0.00785826 -4.97882
-0.00729422 -4.79681
-0.00675118 -4.6148
-0.00622915 -4.43279
-0.00572811 -4.25078
-0.00524809 -4.06878
-0.00478906 -3.88677
-0.00435104 -3.70476
-0.00393402 -3.52275
-0.00353801 -3.34074
-0.003163 -3.15873
-0.00280899 -2.97672
-0.00247598 -2.79471
-0.00216398 -2.61271
-0.00187299 -2.4307
-0.00160299 -2.24869
-0.001354 -2.06668
-0.00112601 -1.88467
-0.00091903 -1.70266
-0.00073305 -1.52065
-0.000568072 -1.33864
-0.000424098 -1.15664
-0.000301127 -0.974627
-0.00019916 -0.792619
-0.000118195 -0.61061
-5.82344e-05 -0.428601
-1.92767e-05 -0.246593
-1.32227e-06 -0.0645837
-4.37113e-06 0.117425
-2.84233e-05 0.299434
-7.34787e-05 0.481443
-0.000139537 0.663451
-0.000226599 0.84546
-0.000334665 1.02747
-0.000463733 1.20948
-0.000613805 1.39149
-0.00078488 1.5735
-0.000976959 1.7555
-0.00119004 1.93751
-0.00142413 2.11952
-0.00167921 2.30153
-0.00195531 2.48354
-0.0022524 2.66555
-0.0025705 2.84756
-0.0029096 3.02957
-0.00326971 3.21157
-0.00365082 3.39358
-0.00405293 3.57559
-0.00447604 3.7576
-0.00492016 3.93961
-0.00538528 4.12162
-0.00587141 4.30363
-0.00637854 4.48563
-0.00690667 4.66764
-0.00745581 4.84965
-0.00802595 5.03166
-0.00861709 5.21367
-0.00922924 5.39568
-0.00986239 5.57769
-0.00744806 4.84713
-0.00537212 4.11658
-0.00363456 3.38602
-0.00223539 2.65546
-0.00117461 1.92491
-0.000452208 1.19435
-6.81913e-05 0.463797
-2.25584e-05 -0.266758
-0.000315309 -0.997314
-0.000946444 -1.72787
-0.00191596 -2.45843
-0.00322387 -3.18898
-0.00487016 -3.91954
-0.00685483 -4.65009
-0.0091779 -5.38065
-0.0118393 -6.1112
-0.0148392 -6.84176
-0.0114059 -5.99829
-0.00842367 -5.15482
-0.00589252 -4.31135
-0.00381244 -3.46789
-0.00218343 -2.62442
-0.00100549 -1.78095
-0.00027861 -0.93748
-2.8018e-06 -0.0940118
-0.00017806 0.749457
-0.000804384 1.59293
-0.00188178 2.43639
-0.00341024 3.27986
-0.00538976 4.12333
-0.00782036 4.9668
-0.010702 5.81027
-0.0140348 6.65374
-0.0178186 7.4972
-0.0147616 6.82384
-0.011992 6.15048
-0.00950997 5.47712
-0.00731538 4.80376
-0.00540827 4.1304
-0.00378864 3.45704
-0.00245648 2.78368
-0.00141179 2.11032
-0.000654583 1.43696
-0.000184845 0.763604
-2.5817e-06 0.0902437
-0.000107791 -0.583116
-0.000500474 -1.25648
-0.00118063 -1.92984
-0.00214826 -2.6032
-0.00340337 -3.27656
-0.00494594 -3.94992
-0.006776 -4.62328
-0.00889353 -5.29664
-0.0112985 -5.97
-0.013991 -6.64336
-0.0110498 -5.90392
-0.00845525 -5.16448
-0.00620736 -4.42504
-0.00430615 -3.6856
-0.00275159 -2.94616
-0.00154371 -2.20672
-0.000682489 -1.46727
-0.000167934 -0.727834
-4.27014e-08 0.0116061
-0.000178816 0.751046
-0.000704254 1.49049
-0.00157636 2.22993
-0.00279512 2.96937
-0.00436056 3.70881
-0.00627266 4.44825
-0.00853143 5.18769
-0.0111369 5.92713
-0.014089 6.66657
-0.0173878 7.40601
-0.0134405 6.51135
-0.0100008 5.6167
-0.00706859 4.72204
-0.00464384 3.82738
-0.00272657 2.93273
-0.00131677 2.03807
-0.000414458 1.14341
-1.96167e-05 0.248758
-0.000132252 -0.645899
-0.000752363 -1.54056
-0.00187995 -2.43521
-0.00351501 -3.32987
-0.00565756 -4.22452
-0.00830758 -5.11918
-0.0114651 -6.01384
-0.0151301 -6.90849
-0.0193026 -7.80315
-0.0239825 -8.69781
-0.02917 -9.59246
-0.034865 -10.4871
-0.0281676 -9.42621
-0.0221839 -8.3653
-0.0169138 -7.30438
-0.0123574 -6.24347
-0.00851456 -5.18256
-0.00538536 -4.12165
-0.00296978 -3.06074
-0.00126782 -1.99982
-0.000279462 -0.938912
-4.71837e-06 0.122
-0.000443586 1.18291
-0.00159606 2.24382
-0.00346216 3.30474
-0.00604186 4.36565
-0.00933519 5.42656
-0.0133421 6.48747
-0.0180627 7.54838
-0.0234969 8.6093
-0.0296448 9.67021
-0.0365063 10.7311
-0.0285097 9.48327
-0.0215004 8.23541
-0.0154784 6.98756
-0.0104437 5.73971
-0.00639623 4.49185
-0.00333606 3.244
-0.00126316 1.99614
-0.000177506 0.748291
-7.9114e-05 -0.499563
-0.000967979 -1.74742
-0.0028441 -2.99527
-0.00570749 -4.24312
-0.00955814 -5.49098
-0.0143961 -6.73883
-0.0202213 -7.98669
-0.0270338 -9.23454
-0.0348336 -10.4824
-0.0316371 -9.98987
-0.0285944 -9.49735
-0.0257055 -9.00483
-0.0229705 -8.51231
-0.0203892 -8.01978
-0.0179618 -7.52726
-0.0156881 -7.03474
-0.0135683 -6.54222
-0.0116022 -6.0497
-0.00978998 -5.55717
-0.00813154 -5.06465
-0.00662691 -4.57213
-0.00527607 -4.07961
-0.00407903 -3.58709
-0.00303579 -3.09457
-0.00214636 -2.60204
-0.00141072 -2.10952
-0.000828882 -1.617
-0.000400843 -1.12448
-0.000126604 -0.631956
-6.16331e-06 -0.139435
-3.95218e-05 0.353087
-0.000226679 0.845609
-0.000567636 1.33813
-0.00106239 1.83065
-0.00171095 2.32317
-0.0025133 2.8157
-0.00346946 3.30822
-0.00457941 3.80074
-0.00584316 4.29326
-0.00726072 4.78578
-0.00883208 5.27831
-0.0105572 5.77083
-0.0124362 6.26335
-0.014469 6.75587
-0.0166555 7.24839
-0.0189959 7.74091
-0.0214901 8.23344
-0.024138 8.72596
-0.0269398 9.21848
-0.0298954 9.711
-0.0330048 10.2035
-0.036268 10.696
-0.0306655 9.83528
-0.0255327 8.97451
-0.0208698 8.11374
-0.0166766 7.25297
-0.0129532 6.39221
-0.00969951 5.53144
-0.00691563 4.67067
-0.00460152 3.8099
-0.00275716 2.94913
-0.00138257 2.08837
-0.000477733 1.2276
-4.26584e-05 0.366831
-7.73421e-05 -0.493937
-0.000581784 -1.3547
-0.00155599 -2.21547
-0.00299995 -3.07624
-0.00491367 -3.93701
-0.00729716 -4.79778
-0.0101504 -5.65854
-0.0134734 -6.51931
-0.0172662 -7.38008
-0.0215288 -8.24085
-0.0262611 -9.10162
-0.0314632 -9.96238
-0.0371351 -10.8232
-0.0430581 -11.6839
-0.0497257 -12.5447
-0.0567521 -13.4055
-0.06439 -14.2662
-0.0540143 -13.0725
-0.0445422 -11.8788
-0.0359736 -10.6851
-0.0283086 -9.4914
-0.021547 -8.29769
-0.0156889 -7.10398
-0.0107342 -5.91028
-0.00668301 -4.71657
-0.00353525 -3.52286
-0.00129095 -2.32916
4.99217e-05 -1.13545
0.000487353 0.058255
2.13475e-05 1.25196
-0.0013481 2.44567
-0.00362098 3.63937
-0.0067973 4.83308
-0.01108 6.02679
-0.0162515 7.22049
-0.0221748 8.4142
-0.0290185 9.60791
-0.0368943 10.8016
-0.0455846 11.9953
-0.0552004 13.189
-0.0655865 14.3827
-0.0559038 13.283
-0.0469878 12.1832
-0.0388388 11.0835
-0.0314566 9.98374
-0.0248412 8.88399
-0.0189927 7.78425
-0.0139111 6.6845
-0.00959627 5.58475
-0.00604827 4.485
-0.0032671 3.38525
-0.00125274 2.28551
-5.20159e-06 1.18576
0.000475527 0.08601
0.000189444 -1.01374
-0.000863451 -2.11349
-0.00275512 -3.21323
-0.00539968 -4.31298
-0.00877926 -5.41273
-0.0129376 -6.51248
-0.0178751 -7.61223
-0.0235952 -8.71197
-0.0300984 -9.81172
-0.0373844 -10.9115
-0.0454537 -12.0112
-0.0543065 -13.111
-0.063978 -14.2107
-0.0522467 -12.8492
-0.041691 -11.4877
-0.0323106 -10.1262
-0.0241056 -8.76466
-0.017076 -7.40315
-0.0112217 -6.04164
-0.00654266 -4.68012
-0.00303897 -3.31861
-0.000710577 -1.9571
0.000442517 -0.595585
0.000420318 0.765928
-0.000900015 2.12744
-0.00338367 3.48895
-0.0069606 4.85047
-0.0117299 6.21198
-0.0177741 7.57349
-0.0249367 8.935
-0.0332974 10.2965
-0.042857 11.658
-0.0535925 13.0195
-0.0655516 14.3811
-0.0554918 13.2375
-0.0462615 12.0939
-0.0378604 10.9503
-0.0302886 9.80674
-0.0235459 8.66316
-0.0176324 7.51958
-0.0125481 6.376
-0.00829303 5.23242
-0.00486708 4.08884
-0.00227029 2.94526
-0.000502659 1.80168
0.000435816 0.658105
0.000545138 -0.485475
-0.000280739 -1.62905
-0.00191691 -2.77263
-0.0043161 -3.91621
-0.00755591 -5.05979
-0.0116732 -6.20337
-0.0166007 -7.34695
-0.0223723 -8.49053
-0.0289886 -9.63411
-0.0364501 -10.7777
-0.0447574 -11.9213
-0.053994 -13.0648
-0.0639937 -14.2084
-0.0556546 -13.255
-0.047892 -12.3015
-0.0407059 -11.348
-0.0340963 -10.3946
-0.028063 -9.44112
-0.0226061 -8.48766
-0.0177257 -7.5342
-0.0134216 -6.58074
-0.00969398 -5.62728
-0.00654271 -4.67382
-0.00396782 -3.72036
-0.00196932 -2.7669
-0.000547201 -1.81344
0.000298539 -0.859978
0.0005679 0.0934825
0.000260882 1.04694
-0.000722111 2.0004
-0.00226643 2.95386
-0.00431932 3.90732
-0.0069564 4.86079
-0.0102362 5.81425
-0.0140461 6.76771
-0.0184423 7.72117
-0.0234252 8.67463
-0.0289952 9.62809
-0.0351525 10.5815
-0.0418976 11.535
-0.0491946 12.4885
-0.0571163 13.4419
-0.0656278 14.3954
-0.0565918 13.3737
-0.0482178 12.352
-0.0405056 11.3303
-0.0334553 10.3087
-0.0270669 9.28697
-0.0213403 8.26528
-0.0162755 7.2436
-0.0118726 6.22191
-0.0081315 5.20023
-0.00505223 4.17854
-0.00263479 3.15686
-0.000879163 2.13517
0.000214646 1.11349
0.000646641 0.091805
0.000416821 -0.92988
-0.000585073 -1.95156
-0.0022304 -2.97325
-0.00446382 -3.99493
-0.00736803 -5.01662
-0.0109952 -6.0383
-0.0152468 -7.05999
-0.0201717 -8.08167
-0.0257704 -9.10336
-0.0320432 -10.125
-0.0390969 -11.1467
-0.0467183 -12.1684
-0.055016 -13.1901
-0.0639905 -14.2118
-0.0591074 -13.6616
-0.0544164 -13.1113
-0.0499173 -12.5611
-0.0456102 -12.0109
-0.041495 -11.4607
-0.0375718 -10.9105
-0.0338406 -10.3603
-0.0303013 -9.81004
-0.026954 -9.25983
-0.0237986 -8.70961
-0.0208352 -8.15939
-0.0180637 -7.60918
-0.0154842 -7.05896
-0.0130966 -6.50874
-0.010901 -5.95852
-0.00889733 -5.40831
-0.00708559 -4.85809
-0.0054658 -4.30787
-0.00403795 -3.75766
-0.00280205 -3.20744
-0.00175809 -2.65722
-0.000906069 -2.107
-0.000245994 -1.55679
0.000222138 -1.00657
0.000498328 -0.456353
0.000582575 0.0938637
0.00047488 0.644081
0.000175243 1.1943
-0.000316336 1.74451
-0.000999859 2.29473
-0.00197371 2.84495
-0.00312052 3.39517
-0.00438926 3.94538
-0.0058525 4.4956
-0.0075103 5.04582
-0.00941186 5.59603
-0.0114609 6.14625
-0.013705 6.69647
-0.0161443 7.24669
-0.0187789 7.7969
-0.0216087 8.34712
-0.024634 8.89734
-0.0278547 9.44755
-0.031271 9.99777
-0.0348828 10.548
-0.0386579 11.0982
-0.0426612 11.6484
-0.0468605 12.1986
-0.051256 12.7489
-0.0558477 13.2991
-0.0606357 13.8493
-0.06562 14.3995
-0.0553387 13.231
-0.0459233 12.0625
-0.0373736 10.894
-0.0296897 9.72547
-0.0228715 8.55696
-0.016919 7.38845
-0.0118323 6.21994
-0.00761128 5.05143
-0.00425599 3.88293
-0.0017664 2.71442
-0.000142517 1.54591
0.000615668 0.377398
0.000508155 -0.791111
-0.000465058 -1.95962
-0.00241509 -3.12813
-0.00522189 -4.29664
-0.00887545 -5.46515
-0.0133591 -6.63366
-0.018723 -7.80217
-0.0249679 -8.97067
-0.0320943 -10.1392
-0.0402108 -11.3077
-0.0491028 -12.4762
-0.0588793 -13.6447
-0.069541 -14.8132
-0.0810887 -15.9817
-0.0931613 -17.1502
-0.106452 -18.3187
-0.120631 -19.4873
-0.135699 -20.6558
-0.151656 -21.8243
-0.134228 -20.5365
-0.117852 -19.2486
-0.102528 -17.9608
-0.0882555 -16.673
-0.0750346 -15.3852
-0.0628653 -14.0974
-0.0517477 -12.8096
-0.0416817 -11.5217
-0.0326673 -10.2339
-0.0247044 -8.9461
-0.0177932 -7.65828
-0.0119334 -6.37046
-0.00712519 -5.08265
-0.0035569 -3.79483
-0.00099047 -2.50701
0.000557016 -1.21919
0.00114234 0.068625
0.00066097 1.35644
-0.00101919 2.64426
-0.00363985 3.93208
-0.00733032 5.2199
-0.0120916 6.50771
-0.0179247 7.79553
-0.0248306 9.08335
-0.0328102 10.3712
-0.0421653 11.659
-0.0522819 12.9468
-0.0634731 14.2346
-0.0757399 15.5224
-0.0890835 16.8103
-0.103505 18.0981
-0.119005 19.3859
-0.135585 20.6737
-0.153245 21.9615
-0.135199 20.6349
-0.118269 19.3082
-0.102455 17.9816
-0.0877568 16.6549
-0.0741751 15.3282
-0.0617093 14.0016
-0.0503596 12.6749
-0.040126 11.3483
-0.0310082 10.0216
-0.0230065 8.69495
-0.0161206 7.36829
-0.0103507 6.04163
-0.00569671 4.71498
-0.00237176 3.38832
-0.000110519 2.06166
0.00107109 0.735004
0.00123575 -0.591654
0.000109658 -1.91831
-0.00199688 -3.24497
-0.00523731 -4.57163
-0.00961269 -5.89828
-0.0151241 -7.22494
-0.0217725 -8.5516
-0.0297004 -9.87826
-0.0386232 -11.2049
-0.0486843 -12.5316
-0.0598846 -13.8582
-0.0722252 -15.1849
-0.0857074 -16.5115
-0.100332 -17.8382
-0.116101 -19.1649
-0.133014 -20.4915
-0.151073 -21.8182
-0.142354 -21.1831
-0.133891 -20.548
-0.125684 -19.9129
-0.117732 -19.2778
-0.110037 -18.6427
-0.102597 -18.0077
-0.095413 -17.3726
-0.0884847 -16.7375
-0.0818123 -16.1024
-0.0753956 -15.4673
-0.0692346 -14.8322
-0.0633295 -14.1972
-0.05768 -13.5621
-0.0522863 -12.927
-0.0471484 -12.2919
-0.0422662 -11.6568
-0.0376397 -11.0217
-0.033269 -10.3866
-0.029154 -9.75156
-0.0252948 -9.11647
-0.0216913 -8.48139
-0.0183435 -7.8463
-0.0152514 -7.21122
-0.0124151 -6.57613
-0.00983454 -5.94105
-0.00750967 -5.30596
-0.00544053 -4.67088
-0.00362712 -4.03579
-0.00206943 -3.40071
-0.0009677 -2.76562
-7.28055e-05 -2.13054
0.000717982 -1.49545
0.00125013 -0.860365
0.00141794 -0.22528
0.00143068 0.409805
0.00118418 1.04489
0.000678341 1.67998
-0.00023451 2.31506
-0.00126265 2.95015
-0.00255051 3.58523
-0.00409821 4.22032
-0.00590587 4.8554
-0.00797362 5.49049
-0.0103016 6.12557
-0.0128898 6.76066
-0.0157385 7.39574
-0.0188478 8.03083
-0.022469 8.66591
-0.0261012 9.301
-0.0299937 9.93608
-0.0341467 10.5712
-0.0385602 11.2063
-0.0432345 11.8413
-0.0481696 12.4764
-0.0533656 13.1115
-0.0588227 13.7466
-0.0645411 14.3817
-0.0705208 15.0168
-0.0767619 15.6518
-0.0832646 16.2869
-0.090029 16.922
-0.0970552 17.5571
-0.104343 18.1922
-0.111894 18.8273
-0.119706 19.4624
-0.127781 20.0974
-0.136118 20.7325
-0.144718 21.3676
-0.15358 22.0027
-0.13786 20.8538
-0.122977 19.7048
-0.108932 18.5559
-0.0957234 17.407
-0.083352 16.258
-0.0718177 15.1091
-0.0611205 13.9602
-0.0512602 12.8112
-0.042237 11.6623
-0.0340508 10.5133
-0.0267017 9.36442
-0.0201894 8.21548
-0.0145142 7.06655
-0.00967592 5.91761
-0.00567459 4.76867
-0.00251022 3.61974
-0.00040029 2.4708
0.000923718 1.32187
0.00156951 0.172935
0.00124729 -0.976
0.000193437 -2.12493
-0.00186478 -3.27387
-0.00462431 -4.4228
-0.00823468 -5.57174
-0.0126966 -6.72067
-0.018198 -7.86961
-0.0243689 -9.01855
-0.0313919 -10.1675
-0.0392676 -11.3164
-0.0479967 -12.4654
-0.0575799 -13.6143
-0.068018 -14.7632
-0.0793115 -15.9122
-0.0914613 -17.0611
-0.104468 -18.21
-0.118332 -19.359
-0.133055 -20.5079
-0.148637 -21.6568
-0.165078 -22.8058
-0.181506 -23.9547
-0.198976 -25.1036
-0.217859 -26.2526
-0.237602 -27.4015
-0.258205 -28.5504
-0.27967 -29.6994
-0.254117 -28.323
-0.229765 -26.9466
-0.206615 -25.5703
-0.184667 -24.1939
-0.16392 -22.8175
-0.144375 -21.4412
-0.126031 -20.0648
-0.108888 -18.6884
-0.0929465 -17.3121
-0.0782065 -15.9357
-0.0646676 -14.5594
-0.0523301 -13.183
-0.0411937 -11.8066
-0.0312585 -10.4303
-0.0230511 -9.05389
-0.0154871 -7.67752
-0.00930259 -6.30116
-0.00416895 -4.92479
-0.000489162 -3.54843
0.00220162 -2.17206
0.00367326 -0.795695
0.00355406 0.58067
0.00257003 1.95704
0.000365822 3.3334
-0.00305955 4.70977
-0.00770712 6.08613
-0.0135779 7.4625
-0.0206731 8.83886
-0.0289938 10.2152
-0.0385412 11.5916
-0.0493164 12.968
-0.0613206 14.3443
-0.074555 15.7207
-0.0901324 17.0971
-0.105776 18.4734
-0.12264 19.8498
-0.140727 21.2262
-0.160038 22.6025
-0.185541 23.9789
-0.217422 25.3553
-0.254314 26.7316
-0.295563 28.108
-0.34375 29.4844
-0.321396 28.2747
-0.299971 27.065
-0.279473 25.8553
-0.259904 24.6457
-0.241263 23.436
-0.22355 22.2263
-0.206765 21.0167
-0.190909 19.807
-0.17598 18.5973
-0.161979 17.3877
-0.148906 16.178
-0.136761 14.9683
-0.125544 13.7587
-0.115255 12.549
-0.105894 11.3393
-0.0974603 10.1297
-0.0814232 8.92
-0.06813 7.71034
-0.0578083 6.50067
-0.0458012 5.291
-0.0349282 4.08134
-0.0257809 2.87167
-0.0205351 1.662
-0.0128612 0.452334
-0.00540434 -0.757334
-0.000144232 -1.967
0.00133687 -3.17667
0.0015382 -4.38634
0.00044777 -5.596
-0.00193402 -6.80567
-0.00560247 -8.01534
-0.0105488 -9.22501
-0.018588 -10.4347
-0.0284144 -11.6443
-0.0366992 -12.854
-0.0453995 -14.0637
-0.0545212 -15.2733
-0.0640719 -16.483
-0.0740619 -17.6927
-0.0853157 -18.9023
-0.104149 -20.112
-0.129421 -21.3217
-0.1583 -22.5313
-0.190468 -23.741
-0.228056 -24.9507
-0.270302 -26.1603
-0.316149 -27.37
-0.36485 -28.5797
-0.413522 -29.7894
-0.394851 -28.8118
-0.376786 -27.8342
-0.359328 -26.8567
-0.342476 -25.8792
-0.326231 -24.9016
-0.310591 -23.924
-0.295558 -22.9465
-0.281131 -21.969
-0.26731 -20.9914
-0.254096 -20.0138
-0.241487 -19.0363
-0.229485 -18.0588
-0.218089 -17.0812
-0.207298 -16.1036
-0.197114 -15.1261
-0.187537 -14.1486
-0.178565 -13.171
-0.170199 -12.1934
-0.162439 -11.2159
-0.152803 -10.2383
-0.139645 -9.2608
-0.128384 -8.28325
-0.1223 -7.3057
-0.115092 -6.32815
-0.105758 -5.3506
-0.0986035 -4.37305
-0.0886607 -3.3955
-0.0800992 -2.41795
-0.0731722 -1.4404
-0.063785 -0.46285
-0.0548278 0.5147
-0.0463679 1.49225
-0.0391014 2.4698
-0.0350271 3.44735
-0.0318871 4.4249
-0.0298059 5.40245
-0.0289968 6.38
-0.0289794 7.35755
-0.0256023 8.3351
-0.0228143 9.31265
-0.0227885 10.2902
-0.0231766 11.2677
-0.0240187 12.2453
-0.0253332 13.2228
-0.0271358 14.2004
-0.0294406 15.1779
-0.0322602 16.1555
-0.035606 17.1331
-0.0417288 18.1106
-0.0508943 19.0882
-0.0668449 20.0657
-0.0854209 21.0432
-0.108618 22.0208
-0.134914 22.9984
-0.163939 23.9759
-0.195393 24.9534
-0.228955 25.931
-0.264013 26.9086
-0.299065 27.8861
-0.335381 28.8636
-0.372761 29.8412
-0.34623 28.4777
-0.32088 27.1141
-0.296709 25.7506
-0.273718 24.387
-0.251907 23.0235
-0.231275 21.66
-0.211823 20.2964
-0.193551 18.9329
-0.176458 17.5693
-0.160544 16.2058
-0.14581 14.8423
-0.132255 13.4787
-0.11988 12.1152
-0.105893 10.7516
-0.0828841 9.38809
-0.0633189 8.02455
-0.0535318 6.66101
-0.0400829 5.29747
-0.0264637 3.93393
-0.0129446 2.57039
0.0014554 1.20685
0.0140593 -0.156694
0.0256113 -1.52023
0.0360163 -2.88377
0.0434356 -4.24732
0.0455536 -5.61086
0.0416579 -6.9744
0.0347198 -8.33794
0.0251371 -9.70148
0.0133627 -11.065
-0.000384255 -12.4286
-0.0158791 -13.7921
-0.0358212 -15.1556
-0.0621085 -16.5192
-0.0939296 -17.8827
-0.131378 -19.2463
-0.171823 -20.6098
-0.214802 -21.9733
-0.259868 -23.3369
-0.306613 -24.7004
-0.354697 -26.064
-0.403312 -27.4275
-0.452496 -28.791
-0.516608 -30.1546
-0.586162 -31.5181
-0.658814 -32.8817
-0.73355 -34.2452
-0.809984 -35.6087
-0.887793 -36.9723
-0.966717 -38.3358
-1.04656 -39.6994
-1.12692 -41.0629
-1.21249 -42.4265
-1.31026 -43.79
-1.40988 -45.1535
-1.51111 -46.5171
-1.4534 -44.8866
-1.39738 -43.2562
-1.34306 -41.6258
-1.29043 -39.9953
-1.23949 -38.3649
-1.19025 -36.7344
-1.1427 -35.104
-1.09683 -33.4736
-1.04905 -31.8431
-0.992749 -30.2127
-0.934302 -28.5822
-0.871737 -26.9518
-0.805135 -25.3214
-0.7474 -23.6909
-0.695844 -22.0605
-0.639432 -20.43
-0.583102 -18.7996
-0.53295 -17.1692
-0.484049 -15.5387
-0.43657 -13.9083
-0.391485 -12.2779
-0.347093 -10.6474
-0.311674 -9.01698
-0.283653 -7.38654
-0.258951 -5.7561
-0.23733 -4.12566
-0.222562 -2.49522
-0.217386 -0.864782
-0.215375 0.765657
-0.215705 2.3961
-0.218935 4.02654
-0.229156 5.65697
-0.24332 7.28741
-0.271919 8.91785
-0.310552 10.5483
-0.352877 12.1787
-0.396658 13.8092
-0.441835 15.4396
-0.493327 17.07
-0.562221 18.7005
-0.635759 20.3309
-0.713009 21.9614
-0.793338 23.5918
-0.876205 25.2222
-0.961272 26.8527
-1.04718 28.4831
-1.13373 30.1136
-1.22356 31.744
-1.31959 33.3744
-1.4185 35.0049
-1.52025 36.6353
-1.62524 38.2658
-1.73547 39.8962
-1.84995 41.5266
-1.96788 43.1571
-2.08824 44.7875
-2.2106 46.4179
-2.14844 44.7403
-2.08807 43.0627
-2.02949 41.385
-1.97271 39.7074
-1.91772 38.0298
-1.86452 36.3521
-1.81312 34.6745
-1.76099 32.9969
-1.69977 31.3192
-1.63595 29.6416
-1.56886 27.964
-1.49392 26.2863
-1.41937 24.6087
-1.35162 22.931
-1.28854 21.2534
-1.22603 19.5758
-1.16434 17.8981
-1.10112 16.2205
-1.0413 14.5429
-0.982801 12.8652
-0.925761 11.1876
-0.870293 9.50995
-0.827293 7.83232
-0.795119 6.15468
-0.77221 4.47705
-0.753474 2.79941
-0.738429 1.12177
-0.726399 -0.555862
-0.719583 -2.2335
-0.727164 -3.91113
-0.738403 -5.58877
-0.754975 -7.26641
-0.790191 -8.94404
-0.831539 -10.6217
-0.875994 -12.2993
-0.923107 -13.977
-0.972543 -15.6546
-1.0237 -17.3322
-1.07812 -19.0099
-1.14013 -20.6875
-1.2069 -22.3651
-1.27841 -24.0428
-1.35381 -25.7204
-1.43276 -27.398
-1.51509 -29.0757
-1.60237 -30.7533
-1.69306 -32.431
-1.78609 -34.1086
-1.89019 -35.7862
-1.99917 -37.4639
-2.11278 -39.1415
-2.23008 -40.8191
-2.35046 -42.4968
-2.47362 -44.1744
-2.59923 -45.852
-2.72706 -47.5297
-2.6699 -46.046
-2.61413 -44.5623
-2.55978 -43.0786
-2.50682 -41.5949
-2.45527 -40.1113
-2.40513 -38.6276
-2.35639 -37.1439
-2.30905 -35.6602
-2.25866 -34.1765
-2.20063 -32.6929
-2.14072 -31.2092
-2.07862 -29.7255
-2.01367 -28.2418
-1.94627 -26.7581
-1.88544 -25.2744
-1.83506 -23.7908
-1.78868 -22.3071
-1.74266 -20.8234
-1.69897 -19.3397
-1.65942 -17.856
-1.61898 -16.3724
-1.57923 -14.8887
-1.54052 -13.405
-1.51306 -11.9213
-1.4906 -10.4376
-1.4699 -8.95394
-1.45084 -7.47026
-1.43329 -5.98658
-1.41853 -4.5029
-1.4157 -3.01921
-1.41489 -1.53553
-1.41871 -0.05185
-1.43813 1.43183
-1.46088 2.91551
-1.48589 4.3992
-1.51302 5.88288
-1.54204 7.36656
-1.57282 8.85024
-1.61136 10.3339
-1.65523 11.8176
-1.70251 13.3013
-1.75305 14.785
-1.80664 16.2687
-1.86303 17.7523
-1.9217 19.236
-1.98358 20.7197
-2.04866 22.2034
-2.11618 23.6871
-2.18592 25.1707
-2.25768 26.6544
-2.33132 28.1381
-2.41188 29.6218
-2.49711 31.1055
-2.58561 32.5892
-2.67727 34.0728
-2.77193 35.5565
-2.8691 37.0402
-2.9691 38.5239
-3.07166 40.0076
-3.17636 41.4912
-3.2832 42.9749
-3.39321 44.4586
-3.50572 45.9423
-3.62046 47.426
-3.52177 44.9093
-3.42712 42.3926
-3.33652 39.8759
-3.24996 37.3592
-3.15587 34.8425
-3.05106 32.3258
-2.94007 29.8091
-2.82062 27.2924
-2.70578 24.7758
-2.62934 22.2591
-2.55324 19.7424
-2.49525 17.2257
-2.43923 14.709
-2.39647 12.1923
-2.36419 9.67562
-2.33624 7.15893
-2.31628 4.64224
-2.32397 2.12555
-2.35296 -0.391146
-2.38686 -2.90784
-2.42534 -5.42453
-2.47378 -7.94122
-2.54551 -10.4579
-2.62837 -12.9746
-2.71971 -15.4913
-2.8176 -18.008
-2.92057 -20.5247
-3.02847 -23.0414
-3.14102 -25.5581
-3.25795 -28.0747
-3.38292 -30.5914
-3.52403 -33.1081
-3.67827 -35.6248
-3.84322 -38.1415
-4.01743 -40.6582
-4.19811 -43.1749
-4.38394 -45.6916
-4.57381 -48.2083
-4.76827 -50.725
-4.96712 -53.2416
-5.17026 -55.7583
-5.38487 -58.275
-5.61015 -60.7917
-5.84242 -63.3084
-6.08158 -65.8251
-6.0473 -65.1969
-5.99635 -64.2545
-5.921 -62.8409
-5.81038 -60.7206
-5.683 -58.2076
-5.55766 -55.6946
-5.4137 -53.1816
-5.26412 -50.6686
-5.1085 -48.1556
-4.94496 -45.6426
-4.7927 -43.1296
-4.66698 -40.6166
-4.54977 -38.1036
-4.44218 -35.5906
-4.34917 -33.0776
-4.25798 -30.5646
-4.1791 -28.0516
-4.11167 -25.5387
-4.04701 -23.0257
-3.98571 -20.5127
-3.96971 -17.9997
-3.96422 -15.4867
-3.96354 -12.9737
-3.96838 -10.4607
-3.98339 -7.94769
-4.0031 -5.4347
-4.0273 -2.9217
-4.05574 -0.408706
-4.09338 2.10429
-4.1437 4.61728
-4.20257 7.13028
-4.27018 9.64327
-4.34573 12.1563
-4.4286 14.6693
-4.52182 17.1823
-4.62109 19.6953
-4.72567 22.2082
-4.83503 24.7212
-4.94882 27.2342
-5.07212 29.7472
-5.20924 32.2602
-5.35452 34.7732
-5.50752 37.2862
-5.66757 39.7992
-5.83396 42.3122
-6.00607 44.8252
-6.18342 47.3382
-6.36617 49.8512
-6.55681 52.3642
-6.75422 54.8772
-6.95697 57.3902
-7.1647 59.9032
-7.37712 62.4162
-7.58386 64.7567
-7.54428 64.005
-7.48558 62.8776
-7.39907 61.1864
-7.27274 58.6496
-7.12837 55.6431
-6.96699 52.6366
-6.79366 49.63
-6.6119 46.6235
-6.41937 43.617
-6.27346 40.6104
-6.14293 37.6039
-6.01879 34.5973
-5.90775 31.5908
-5.82356 28.5843
-5.74712 25.5777
-5.67323 22.5712
-5.63539 19.5647
-5.64135 16.5581
-5.65198 13.5516
-5.66716 10.545
-5.68681 7.5385
-5.71088 4.53197
-5.75387 1.52543
-5.81566 -1.48111
-5.88685 -4.48765
-5.96627 -7.49418
-6.05287 -10.5007
-6.14595 -13.5073
-6.2451 -16.5138
-6.3501 -19.5203
-6.46087 -22.5269
-6.57739 -25.5334
-6.6997 -28.5399
-6.84257 -31.5465
-7.00647 -34.553
-7.18221 -37.5596
-7.36875 -40.5661
-7.56487 -43.5726
-7.76922 -46.5792
-7.98016 -49.5857
-8.19816 -52.5922
-8.42287 -55.5988
-8.65404 -58.6053
-8.89155 -61.6119
-9.13578 -64.6184
-9.35609 -67.2391
-9.31471 -66.4475
-9.25339 -65.2601
-9.16311 -63.4789
-9.03153 -60.8072
-8.87936 -57.6407
-8.70147 -54.4742
-8.51007 -51.3077
-8.30997 -48.1412
-8.11221 -44.9748
-7.97439 -41.8083
-7.83761 -38.6418
-7.71667 -35.4753
-7.59996 -32.3088
-7.50971 -29.1423
-7.42178 -25.9758
-7.34367 -22.8094
-7.33632 -19.6429
-7.34232 -16.4764
-7.35342 -13.3099
-7.36928 -10.1434
-7.38977 -6.97692
-7.43584 -3.81044
-7.50272 -0.64395
-7.57888 2.52254
-7.66271 5.68902
-7.75317 8.85551
-7.84969 12.022
-7.95203 15.1885
-8.06011 18.355
-8.17397 21.5215
-8.2937 24.6879
-8.43023 27.8544
-8.59094 31.0209
-8.76374 34.1874
-8.95104 37.3539
-9.15134 40.5204
-9.36346 43.6869
-9.58609 46.8533
-9.81799 50.0198
-10.0582 53.1863
-10.2821 56.056
