0 0
-0.000511976 1.27083
-0.00204791 2.54167
-0.00460779 3.8125
-0.00819164 5.08333
-0.0127995 6.35417
-0.0184312 7.625
-0.025087 8.89583
-0.0327668 10.1667
-0.0412417 11.4375
-0.0507752 12.7083
-0.0613466 13.9792
-0.0732369 15.25
-0.0614145 13.9792
-0.0506162 12.7083
-0.040842 11.4375
-0.0320918 10.1667
-0.0243656 8.89583
-0.0176634 7.625
-0.0119851 6.35417
-0.0073309 5.08333
-0.00370063 3.8125
-0.00109431 2.54167
0.000488042 1.27083
0.00104645 -8.88178e-16
0.000580897 -1.27083
-0.000908604 -2.54167
-0.00342206 -3.8125
-0.0074222 -5.08333
-0.0119881 -6.35417
-0.0179882 -7.625
-0.0246354 -8.89583
-0.0323293 -10.1667
-0.0410701 -11.4375
-0.0510881 -12.7083
-0.0619161 -13.9792
-0.0737952 -15.25
-0.0622687 -14.0135
-0.0517117 -12.777
-0.0421242 -11.5405
-0.0335061 -10.3041
-0.0258574 -9.06757
-0.0191781 -7.83108
-0.0134682 -6.59459
-0.00872763 -5.35811
-0.00495646 -4.12162
-0.00215466 -2.88514
-0.00032221 -1.64865
0.000540884 -0.412162
0.000434626 0.824324
-0.000640984 2.06081
-0.00279644 3.2973
-0.00588562 4.53378
-0.0099052 5.77027
-0.0149125 7.00676
-0.0209079 8.24324
-0.0278917 9.47973
-0.0357948 10.7162
-0.0447576 11.9527
-0.0547123 13.1892
-0.0656594 14.4257
-0.0775993 15.6622
-0.0900927 16.8986
-0.103999 18.1351
-0.1189 19.3716
-0.134798 20.6081
-0.150619 21.8446
-0.168437 23.0811
-0.187253 24.3176
-0.207066 25.5541
-0.227878 26.7905
-0.249688 28.027
-0.272497 29.2635
-0.296306 30.5
-0.272469 29.2551
-0.249616 28.0102
-0.227746 26.7653
-0.206859 25.5204
-0.186955 24.2755
-0.168034 23.0306
-0.150095 21.7857
-0.13314 20.5408
-0.117167 19.2959
-0.102178 18.051
-0.0881705 16.8061
-0.0751463 15.5612
-0.0637383 14.3163
-0.053147 13.0714
-0.043003 11.8265
-0.0338548 10.5816
-0.0257031 9.33673
-0.0190226 8.09184
-0.0128631 6.84694
-0.00770233 5.60204
-0.0035409 4.35714
-0.000379473 3.11224
0.00138111 1.86735
0.00217957 0.622449
0.00233897 -0.622449
0.00149712 -1.86735
-0.000346644 -3.11224
-0.00319297 -4.35714
-0.00704249 -5.60204
-0.0118958 -6.84694
-0.0177535 -8.09184
-0.0258188 -9.33673
-0.0336671 -10.5816
-0.0425175 -11.8265
-0.0523706 -13.0714
-0.0632273 -14.3163
-0.0750882 -15.5612
-0.0879542 -16.8061
-0.101826 -18.051
-0.116704 -19.2959
-0.132589 -20.5408
-0.149482 -21.7857
-0.167383 -23.0306
-0.186293 -24.2755
-0.206212 -25.5204
-0.227141 -26.7653
-0.24908 -28.0102
-0.272031 -29.2551
-0.295992 -30.5
-0.272443 -29.2702
-0.249854 -28.0403
-0.228223 -26.8105
-0.207553 -25.5806
-0.187841 -24.3508
-0.169089 -23.121
-0.151296 -21.8911
-0.134463 -20.6613
-0.118588 -19.4315
-0.103673 -18.2016
-0.0897171 -16.9718
-0.0767201 -15.7419
-0.0646822 -14.5121
-0.0543425 -13.2823
-0.0445298 -12.0524
-0.0353276 -10.8226
-0.0274404 -9.59274
-0.0201863 -8.3629
-0.0139056 -7.13306
-0.008599 -5.90323
-0.00471745 -4.67339
-0.00137136 -3.44355
0.000999855 -2.21371
0.00239562 -0.983871
0.00281542 0.245968
0.00225871 1.47581
0.000724993 2.70565
-0.00178623 3.93548
-0.00545731 5.16532
-0.0103018 6.39516
-0.0157498 7.625
-0.0221741 8.85484
-0.0295754 10.0847
-0.0379541 11.3145
-0.0473107 12.5444
-0.0576459 13.7742
-0.0689601 15.004
-0.0812539 16.2339
-0.0945279 17.4637
-0.108783 18.6935
-0.124018 19.9234
-0.140236 21.1532
-0.157436 22.3831
-0.175619 23.6129
-0.194785 24.8427
-0.214935 26.0726
-0.23607 27.3024
-0.258189 28.5323
-0.281293 29.7621
-0.305383 30.9919
-0.326672 32.2218
-0.352481 33.4516
-0.379274 34.6814
-0.407052 35.9113
-0.435815 37.1411
-0.465564 38.371
-0.496299 39.6008
-0.52802 40.8306
-0.560727 42.0605
-0.594422 43.2903
-0.629104 44.5202
-0.664773 45.75
-0.628942 44.5135
-0.594081 43.277
-0.560191 42.0405
-0.52727 40.8041
-0.495321 39.5676
-0.464341 38.3311
-0.434332 37.0946
-0.405293 35.8581
-0.377224 34.6216
-0.350125 33.3851
-0.323996 32.1486
-0.298837 30.9122
-0.274647 29.6757
-0.251428 28.4392
-0.230679 27.2027
-0.209268 25.9662
-0.188838 24.7297
-0.169891 23.4932
-0.151423 22.2568
-0.133937 21.0203
-0.118187 19.7838
-0.102685 18.5473
-0.0881653 17.3108
-0.0746296 16.0743
-0.062078 14.8378
-0.050511 13.6014
-0.041288 12.3649
-0.0317331 11.1284
-0.0231607 9.89189
-0.0155713 8.65541
-0.00896535 7.41892
-0.00334324 6.18243
0.00129455 4.94595
0.00494756 3.70946
0.00761533 2.47297
0.00929737 1.23649
0.00999319 -5.32907e-15
0.00970229 -1.23649
0.00842414 -2.47297
0.00615822 -3.70946
0.00290399 -4.94595
-0.00133909 -6.18243
-0.00657157 -7.41892
-0.012794 -8.65541
-0.0200069 -9.89189
-0.0282108 -11.1284
-0.0374064 -12.3649
-0.0515565 -13.6014
-0.0627153 -14.8378
-0.0748537 -16.0743
-0.0879729 -17.3108
-0.102074 -18.5473
-0.117157 -19.7838
-0.133224 -21.0203
-0.150274 -22.2568
-0.16831 -23.4932
-0.187332 -24.7297
-0.207341 -25.9662
-0.228336 -27.2027
-0.25032 -28.4392
-0.273293 -29.6757
-0.297255 -30.9122
-0.322208 -32.1486
-0.348151 -33.3851
-0.375086 -34.6216
-0.403013 -35.8581
-0.431933 -37.0946
-0.461846 -38.3311
-0.492753 -39.5676
-0.524654 -40.8041
-0.557551 -42.0405
-0.591442 -43.277
-0.62633 -44.5135
-0.662214 -45.75
-0.626662 -44.523
-0.592067 -43.296
-0.558427 -42.069
-0.525743 -40.842
-0.494014 -39.6149
-0.463241 -38.3879
-0.433423 -37.1609
-0.404561 -35.9339
-0.376654 -34.7069
-0.349702 -33.4799
-0.323705 -32.2529
-0.298663 -31.0259
-0.274577 -29.7989
-0.251445 -28.5718
-0.229269 -27.3448
-0.209503 -26.1178
-0.189574 -24.8908
-0.170161 -23.6638
-0.15234 -22.4368
-0.134866 -21.2098
-0.118359 -19.9828
-0.103702 -18.7557
-0.089158 -17.5287
-0.0755818 -16.3017
-0.0629739 -15.0747
-0.0513347 -13.8477
-0.0419806 -12.6207
-0.0323384 -11.3937
-0.0236634 -10.1667
-0.0159559 -8.93966
-0.00921627 -7.71264
-0.00344486 -6.48563
0.00135801 -5.25862
0.00519199 -4.03161
0.00805672 -2.8046
0.00995184 -1.57759
0.0108769 -0.350575
0.0108316 0.876437
0.0098155 2.10345
0.00782808 3.33046
0.00486892 4.55747
0.000937553 5.78448
-0.00396651 7.01149
-0.0117341 8.23851
-0.0186243 9.46552
-0.0264791 10.6925
-0.0352991 11.9195
-0.0450847 13.1466
-0.0558364 14.3736
-0.0675546 15.6006
-0.0802399 16.8276
-0.0938928 18.0546
-0.108514 19.2816
-0.124104 20.5086
-0.140663 21.7356
-0.158192 22.9626
-0.176691 24.1897
-0.196162 25.4167
-0.216604 26.6437
-0.238019 27.8707
-0.260406 29.0977
-0.283768 30.3247
-0.308103 31.5517
-0.333413 32.7787
-0.359698 34.0057
-0.386959 35.2328
-0.415196 36.4598
-0.444411 37.6868
-0.474602 38.9138
-0.505772 40.1408
-0.53792 41.3678
-0.571047 42.5948
-0.605154 43.8218
-0.641468 45.0489
-0.683033 46.2759
-0.728285 47.5029
-0.777026 48.7299
-0.829048 49.9569
-0.884126 51.1839
-0.942022 52.4109
-1.00249 53.6379
-1.06528 54.8649
-1.13016 56.092
-1.19856 57.319
-1.28428 58.546
-1.3752 59.773
-1.46703 61
-1.41873 59.7677
-1.37139 58.5354
-1.32501 57.303
-1.2796 56.0707
-1.23515 54.8384
-1.19167 53.6061
-1.14915 52.3737
-1.1076 51.1414
-1.06701 49.9091
-1.02739 48.6768
-0.988734 47.4444
-0.95104 46.2121
-0.914311 44.9798
-0.878546 43.7475
-0.843745 42.5152
-0.790037 41.2828
-0.740465 40.0505
-0.701833 38.8182
-0.663046 37.5859
-0.620125 36.3535
-0.583901 35.1212
-0.544559 33.8889
-0.50463 32.6566
-0.467716 31.4242
-0.435672 30.1919
-0.399549 28.9596
-0.364022 27.7273
-0.330716 26.4949
-0.300391 25.2626
-0.271057 24.0303
-0.247171 22.798
-0.225329 21.5657
-0.204761 20.3333
-0.185467 19.101
-0.166336 17.8687
-0.144356 16.6364
-0.123416 15.404
-0.103494 14.1717
-0.0845876 12.9394
-0.0666941 11.7071
-0.0498094 10.4747
-0.0339289 9.24242
-0.0190477 8.0101
-0.00516047 6.77778
0.00773846 5.54545
0.0196548 4.31313
0.0305945 3.08081
0.0404266 1.84848
0.0440769 0.616162
0.0436993 -0.616162
0.0379553 -1.84848
0.0314873 -3.08081
0.0242766 -4.31313
0.0163091 -5.54545
0.0075741 -6.77778
-0.00193719 -8.0101
-0.012232 -9.24242
-0.0233168 -10.4747
-0.0351974 -11.7071
-0.0478796 -12.9394
-0.0613691 -14.1717
-0.0799859 -15.404
-0.102369 -16.6364
-0.12773 -17.8687
-0.155918 -19.101
-0.186769 -20.3333
-0.220108 -21.5657
-0.255755 -22.798
-0.294878 -24.0303
-0.337893 -25.2626
-0.383881 -26.4949
-0.432564 -27.7273
-0.483668 -28.9596
-0.536253 -30.1919
-0.58883 -31.4242
-0.643155 -32.6566
-0.699052 -33.8889
-0.75636 -35.1212
-0.81493 -36.3535
-0.874632 -37.5859
-0.953443 -38.8182
-1.03314 -40.0505
-1.11429 -41.2828
-1.19675 -42.5152
-1.28042 -43.7475
-1.36518 -44.9798
-1.45093 -46.2121
-1.5376 -47.4444
-1.62512 -48.6768
-1.71342 -49.9091
-1.80246 -51.1414
-1.8922 -52.3737
-1.9826 -53.6061
-2.07364 -54.8384
-2.16531 -56.0707
-2.25764 -57.303
-2.36163 -58.5354
-2.46774 -59.7677
-2.57686 -61
