0 0 0
-1.02851e-12 7539.91 1.14984e+07
4.80238e-12 17817.4 2.71716e+07
-1.62323e-11 28095 4.28448e+07
-8.66862e-13 38372.5 5.8518e+07
6.23857e-12 48650 7.41912e+07
-2.54374e-11 58927.6 8.98645e+07
-2.28795e-12 69205.1 1.05538e+08
-1.5973e-11 79482.7 1.21211e+08
5.6275e-12 89760.3 1.36884e+08
-3.91083e-11 100038 1.52557e+08
-3.02407e-11 110316 1.68231e+08
-5.70708e-11 120593 1.83904e+08
-3.79146e-11 130871 1.99577e+08
-5.25802e-11 141149 2.1525e+08
-3.61524e-11 131584 2.00664e+08
-4.09273e-11 122019 1.86078e+08
-1.35856e-11 112454 1.71492e+08
1.29035e-11 102889 1.56906e+08
4.51905e-12 93324.5 1.4232e+08
-3.02123e-11 83759.7 1.27733e+08
1.4893e-11 74195 1.13147e+08
4.83169e-13 64630.2 9.8561e+07
-7.2049e-12 55065.5 8.39748e+07
1.79554e-11 45500.8 6.93887e+07
-5.62395e-12 35936.1 5.48025e+07
-8.71836e-12 26371.4 4.02164e+07
1.57208e-13 16806.7 2.56302e+07
1.11267e-12 7242.02 1.10441e+07
-1.05377e-12 -2322.66 -3.54206e+06
-5.52047e-12 -11887.3 -1.81282e+07
7.38254e-12 -21452 -3.27144e+07
1.42713e-11 -31016.7 -4.73005e+07
-8.41283e-12 -40581.4 -6.18867e+07
-8.09308e-12 -50146.1 -7.64728e+07
-7.29017e-12 -59710.9 -9.1059e+07
-3.28129e-11 -69275.6 -1.05645e+08
-2.305e-11 -78840.3 -1.20231e+08
-2.21689e-11 -88405.1 -1.34817e+08
-3.27418e-11 -97969.9 -1.49404e+08
1.56888e-11 -107535 -1.6399e+08
-2.89901e-12 -117099 -1.78576e+08
-3.16049e-11 -126664 -1.93162e+08
1.29603e-11 -136229 -2.07748e+08
-6.44604e-11 -145794 -2.22335e+08
-9.66338e-13 -134036 -2.04404e+08
-1.01466e-10 -122279 -1.86474e+08
-6.52562e-11 -110521 -1.68544e+08
-1.80478e-11 -98763.6 -1.50614e+08
-3.92504e-11 -87006 -1.32684e+08
1.56604e-11 -75248.5 -1.14754e+08
-2.22826e-11 -63491 -9.68237e+07
9.05231e-12 -51733.6 -7.88936e+07
-2.78177e-11 -39976.1 -6.09636e+07
1.05729e-11 -28218.7 -4.30335e+07
5.00489e-12 -16461.2 -2.51034e+07
3.40172e-12 -4703.81 -7.17331e+06
-4.61009e-12 7053.62 1.07568e+07
-3.64153e-13 18811.1 2.86869e+07
-4.53682e-12 30568.5 4.66169e+07
4.1851e-12 42325.9 6.4547e+07
1.50777e-11 54083.4 8.24771e+07
-1.66125e-11 65840.9 1.00407e+08
4.57874e-11 77598.4 1.18337e+08
-4.65548e-11 89355.9 1.36267e+08
-3.2685e-12 101113 1.54198e+08
-2.50111e-11 112871 1.72128e+08
2.95586e-12 124629 1.90058e+08
-5.98561e-11 136386 2.07988e+08
3.60956e-11 131400 2.00385e+08
-2.52385e-11 126414 1.92781e+08
-3.22302e-11 121429 1.85178e+08
-2.84217e-13 116443 1.77575e+08
-4.12115e-11 111457 1.69971e+08
-1.16529e-11 106471 1.62368e+08
-3.6664e-12 101485 1.54765e+08
-2.39027e-11 96499.4 1.47161e+08
2.55795e-13 91513.6 1.39558e+08
-7.44649e-12 86527.7 1.31955e+08
-3.52429e-12 81541.9 1.24351e+08
3.1406e-11 76556.1 1.16748e+08
-9.86233e-12 71570.3 1.09145e+08
-1.06013e-11 66584.5 1.01541e+08
-1.22213e-12 61598.7 9.39378e+07
-1.63141e-11 56612.8 8.63345e+07
1.18234e-11 51627 7.87312e+07
-7.76623e-12 46641.3 7.11279e+07
-9.9476e-14 41655.5 6.35245e+07
1.20792e-13 36669.7 5.59212e+07
-1.33049e-11 31683.9 4.83179e+07
-2.25491e-11 26698.1 4.07146e+07
4.04654e-12 21712.3 3.31112e+07
6.33715e-12 16726.5 2.55079e+07
5.41345e-12 11740.7 1.79046e+07
3.57492e-12 6754.93 1.03013e+07
4.30767e-14 1769.15 2.69795e+06
2.367e-13 -3216.64 -4.90537e+06
3.51896e-12 -8202.42 -1.25087e+07
2.69473e-12 -13188.2 -2.0112e+07
-6.97842e-12 -18174 -2.77153e+07
-8.61533e-12 -23159.8 -3.53187e+07
-3.43547e-12 -28145.6 -4.2922e+07
-9.94049e-12 -33131.4 -5.05253e+07
-1.16884e-11 -38117.2 -5.81286e+07
3.9293e-12 -43102.9 -6.5732e+07
2.92104e-11 -48088.7 -7.33353e+07
-2.82512e-11 -53074.5 -8.09386e+07
-1.25908e-11 -58060.3 -8.85419e+07
5.11591e-12 -63046.1 -9.61453e+07
9.72022e-12 -68032 -1.03749e+08
2.49543e-11 -73017.8 -1.11352e+08
-9.49285e-12 -78003.6 -1.18955e+08
1.29319e-11 -82989.4 -1.26559e+08
-8.56062e-11 -87975.2 -1.34162e+08
4.37126e-11 -92961.1 -1.41765e+08
-2.64322e-12 -97946.9 -1.49369e+08
1.82183e-11 -102933 -1.56972e+08
5.4456e-11 -107919 -1.64575e+08
1.92699e-11 -112904 -1.72179e+08
-4.00746e-11 -117890 -1.79782e+08
3.04681e-11 -122876 -1.87385e+08
3.88809e-11 -127862 -1.94989e+08
-2.7967e-11 -132848 -2.02592e+08
-1.98952e-12 -137834 -2.10195e+08
-9.43601e-12 -142820 -2.17799e+08
-5.07043e-11 -147806 -2.25402e+08
-2.87628e-11 -152791 -2.33005e+08
-4.34227e-10 -132779 -2.02487e+08
-2.9479e-10 -112766 -1.71968e+08
-2.07933e-10 -92753.9 -1.41449e+08
-1.06084e-10 -72741.6 -1.10931e+08
-6.52136e-11 -52729.3 -8.04121e+07
-2.14477e-11 -32717.1 -4.98935e+07
-8.60778e-12 -12704.9 -1.93749e+07
-3.53095e-12 7307.34 1.11437e+07
-3.06493e-11 27319.5 4.16623e+07
-3.84759e-11 47331.8 7.21809e+07
-1.17595e-10 67344 1.027e+08
-1.95627e-10 87356.3 1.33218e+08
-2.94278e-10 107369 1.63737e+08
-4.50655e-10 127381 1.94255e+08
-5.50813e-10 147394 2.24774e+08
-8.09791e-10 167407 2.55293e+08
-9.13587e-10 187419 2.85812e+08
-1.25374e-09 164313 2.50576e+08
-9.67816e-10 141208 2.1534e+08
-6.82633e-10 118102 1.80105e+08
-3.98302e-10 94996.5 1.44869e+08
-2.71456e-10 71891.1 1.09634e+08
-1.02723e-10 48785.8 7.43982e+07
-4.20819e-11 25680.5 3.91628e+07
-6.78085e-12 2575.27 3.92729e+06
-9.57812e-12 -20530 -3.13082e+07
-7.16724e-11 -43635.2 -6.65436e+07
-1.86077e-10 -66740.5 -1.01779e+08
-3.23723e-10 -89845.9 -1.37015e+08
-5.34442e-10 -112951 -1.7225e+08
-7.54994e-10 -136057 -2.07486e+08
-9.98398e-10 -159163 -2.42721e+08
-1.23509e-09 -182269 -2.77957e+08
-1.61515e-09 -205375 -3.13193e+08
-4.60318e-10 -186929 -2.85063e+08
-5.5968e-10 -168483 -2.56934e+08
-3.53225e-10 -150037 -2.28804e+08
-3.06613e-10 -131591 -2.00675e+08
-2.21462e-10 -113145 -1.72546e+08
-1.42165e-10 -94699.5 -1.44416e+08
-8.89884e-11 -76253.9 -1.16287e+08
-3.84404e-11 -57808.4 -8.81577e+07
-2.98499e-11 -39362.9 -6.00284e+07
-6.60094e-12 -20917.5 -3.18992e+07
3.00038e-13 -2472.06 -3.76988e+06
4.30145e-12 15973.4 2.43594e+07
-2.1199e-11 34418.8 5.24887e+07
-4.43805e-11 52864.3 8.0618e+07
-5.85629e-11 71309.8 1.08747e+08
-1.65755e-10 89755.3 1.36877e+08
-2.41471e-10 108201 1.65006e+08
-3.05079e-10 126647 1.93135e+08
-3.50951e-10 145092 2.21265e+08
-5.11022e-10 163538 2.49394e+08
-6.64954e-10 181984 2.77524e+08
-7.18842e-10 161728 2.46634e+08
-5.76506e-10 141472 2.15744e+08
-4.52758e-10 121216 1.84854e+08
-2.99707e-10 100960 1.53964e+08
-1.97872e-10 80704.5 1.23074e+08
-8.70841e-11 60448.9 9.21844e+07
-2.12879e-11 40193.2 6.12947e+07
-1.53992e-11 19937.6 3.04049e+07
4.24055e-13 -317.926 -484837
6.46594e-13 -20573.5 -3.13746e+07
-6.65779e-11 -40829.1 -6.22643e+07
-8.5592e-11 -61084.7 -9.31541e+07
-1.79341e-10 -81340.4 -1.24044e+08
-2.84871e-10 -101596 -1.54934e+08
-4.3616e-10 -121852 -1.85824e+08
-5.13523e-10 -142108 -2.16713e+08
-5.97652e-10 -162364 -2.47603e+08
-9.37689e-10 -182620 -2.78493e+08
-8.01379e-10 -202877 -3.09383e+08
-1.61083e-09 -178368 -2.72009e+08
-1.14039e-09 -153860 -2.34635e+08
-7.66363e-10 -129352 -1.97261e+08
-5.28985e-10 -104844 -1.59887e+08
-3.21307e-10 -80336.7 -1.22513e+08
-1.77991e-10 -55829.2 -8.51394e+07
-5.27258e-11 -31321.7 -4.77656e+07
4.53881e-12 -6814.25 -1.03917e+07
-1.22427e-11 17693.2 2.69821e+07
-1.04549e-10 42200.6 6.43559e+07
-2.38799e-10 66708.1 1.0173e+08
-4.48694e-10 91215.7 1.39104e+08
-7.19297e-10 115723 1.76478e+08
-1.00579e-09 140231 2.13852e+08
-1.48884e-09 164739 2.51226e+08
-2.1081e-09 189248 2.886e+08
-2.64185e-09 213756 3.25974e+08
-3.38423e-09 238265 3.63348e+08
-4.05407e-09 262774 4.00722e+08
-5.24642e-09 287283 4.38097e+08
-8.5472e-09 258219 3.93777e+08
-7.77982e-09 229156 3.49457e+08
-5.9722e-09 200093 3.05138e+08
-4.31623e-09 171030 2.60818e+08
-2.87008e-09 141967 2.16499e+08
-1.7597e-09 112905 1.7218e+08
-9.33312e-10 83843.3 1.27861e+08
-3.91125e-10 54781.5 8.35416e+07
-9.20206e-11 25719.7 3.92226e+07
3.87634e-12 -3341.96 -5.09649e+06
-1.08681e-10 -32403.6 -4.94155e+07
-3.83537e-10 -61465.4 -9.37346e+07
-8.08541e-10 -90527.2 -1.38054e+08
-1.36896e-09 -119589 -1.82373e+08
-2.18563e-09 -148652 -2.26692e+08
-2.87082e-09 -177714 -2.71012e+08
-3.95232e-09 -206777 -3.15331e+08
-5.00563e-09 -235840 -3.59651e+08
-6.19821e-09 -264904 -4.0397e+08
-7.43785e-09 -293968 -4.4829e+08
-1.14414e-08 -259782 -3.96161e+08
-7.48014e-09 -225598 -3.44032e+08
-5.8011e-09 -191413 -2.91903e+08
-4.01371e-09 -157230 -2.39774e+08
-2.50918e-09 -123046 -1.87645e+08
-1.31865e-09 -88863.4 -1.35516e+08
-5.52518e-10 -54680.7 -8.33879e+07
-6.10694e-11 -20498 -3.12595e+07
-3.11475e-11 13684.6 2.0869e+07
-4.47876e-10 47867.2 7.29975e+07
-1.36805e-09 82050 1.25126e+08
-2.86627e-09 116233 1.77255e+08
-5.03633e-09 150416 2.29383e+08
-7.81779e-09 184600 2.81512e+08
-1.14273e-08 218784 3.33641e+08
-1.56035e-08 252968 3.8577e+08
-2.09454e-08 287154 4.37899e+08
-2.19461e-09 273661 4.17324e+08
-4.12456e-10 260168 3.96749e+08
-1.79398e-10 246676 3.76174e+08
-1.95996e-10 233183 3.55599e+08
-3.05818e-10 219691 3.35024e+08
-2.81943e-10 206198 3.14449e+08
-2.41357e-10 192706 2.93874e+08
-1.52909e-10 179214 2.73299e+08
-1.37675e-10 165722 2.52724e+08
-5.76392e-11 152230 2.32149e+08
-1.3506e-10 138738 2.11574e+08
-1.15278e-10 125246 1.90999e+08
-9.3678e-11 111754 1.70424e+08
-7.35554e-11 98261.8 1.49849e+08
-4.58158e-11 84770 1.29274e+08
-3.09086e-11 71278.2 1.08699e+08
-3.93641e-11 57786.4 8.81242e+07
1.10134e-12 44294.7 6.75494e+07
-2.32347e-12 30803 4.69745e+07
-3.55449e-12 17311.3 2.63997e+07
-6.70963e-13 3819.55 5.82481e+06
8.3844e-13 -9672.15 -1.475e+07
-8.46789e-12 -23163.9 -3.53249e+07
6.75016e-12 -36655.6 -5.58997e+07
-4.54037e-12 -50147.3 -7.64746e+07
-6.37073e-11 -63639.1 -9.70495e+07
-3.15481e-12 -77130.8 -1.17624e+08
-6.41194e-11 -90622.6 -1.38199e+08
-9.10063e-11 -104114 -1.58774e+08
-6.65068e-11 -117606 -1.79349e+08
-2.06342e-11 -131098 -1.99924e+08
-1.27443e-10 -144590 -2.20499e+08
-1.87015e-10 -158082 -2.41074e+08
-1.37447e-10 -171574 -2.61649e+08
-2.0998e-10 -185067 -2.82224e+08
-1.17325e-10 -198559 -3.02799e+08
-1.99634e-10 -212051 -3.23374e+08
-2.36696e-10 -225543 -3.43949e+08
-3.70392e-10 -239036 -3.64524e+08
-3.02634e-10 -252529 -3.85099e+08
-2.39424e-10 -266021 -4.05674e+08
-4.06544e-10 -279514 -4.2625e+08
-4.5884e-10 -293007 -4.46825e+08
-3.25508e-09 -269426 -4.10866e+08
-2.38651e-09 -245845 -3.74907e+08
-2.05523e-09 -222265 -3.38949e+08
-1.54876e-09 -198684 -3.0299e+08
-1.29444e-09 -175104 -2.67032e+08
-1.00499e-09 -151525 -2.31073e+08
-7.81995e-10 -127945 -1.95115e+08
-4.55088e-10 -104365 -1.59157e+08
-2.73218e-10 -80786.1 -1.23199e+08
-1.20494e-10 -57206.9 -8.72405e+07
-5.99663e-11 -33627.8 -5.12823e+07
-8.32667e-13 -10048.6 -1.53242e+07
-1.48859e-11 13530.5 2.0634e+07
-6.35936e-11 37109.6 5.65921e+07
-1.56675e-10 60688.8 9.25503e+07
-3.14486e-10 84268 1.28508e+08
-5.62807e-10 107847 1.64467e+08
-7.51299e-10 131427 2.00425e+08
-1.0823e-09 155006 2.36383e+08
-1.57877e-09 178586 2.72342e+08
-2.09582e-09 202166 3.083e+08
-2.53294e-09 225747 3.44259e+08
-3.2453e-09 249327 3.80217e+08
-3.91742e-09 272908 4.16176e+08
-4.77166e-09 296489 4.52135e+08
5.83011e-07 308673 4.70713e+08
-1.17082e-05 313119 4.77491e+08
-6.25916e-06 317561 4.84263e+08
3.16703e-05 321698 4.90568e+08
3.38919e-08 288995 4.40701e+08
-7.37964e-09 256292 3.90833e+08
-1.76146e-08 223589 3.40966e+08
-1.8161e-08 190888 2.91098e+08
-1.49771e-08 158187 2.41231e+08
-1.09118e-08 125486 1.91364e+08
-7.19598e-09 92785.8 1.41497e+08
-4.34713e-09 60085.9 9.16307e+07
-2.27435e-09 27386.3 4.1764e+07
-9.87034e-10 -5313.1 -8.10248e+06
-2.56339e-10 -38012.4 -5.79689e+07
6.25144e-12 -70711.7 -1.07835e+08
-1.58892e-10 -103411 -1.57702e+08
-7.68068e-10 -136110 -2.07568e+08
-1.54131e-09 -168810 -2.57435e+08
-2.66618e-09 -201510 -3.07301e+08
-4.00416e-09 -234210 -3.57168e+08
-4.22423e-05 -256414 -3.91027e+08
-0.000353824 -269562 -4.11076e+08
-0.000239007 -277113 -4.22589e+08
-0.000190057 -284578 -4.33971e+08
-0.00016226 -291964 -4.45233e+08
-0.000138974 -299278 -4.56383e+08
-0.000548657 -305086 -4.65237e+08
1.59938e-06 -274957 -4.19294e+08
-1.76879e-06 -244828 -3.73351e+08
-1.0591e-06 -214700 -3.27409e+08
-3.2043e-07 -184572 -2.81467e+08
5.74732e-09 -154445 -2.35524e+08
-6.73504e-09 -124318 -1.89582e+08
-3.1643e-09 -94191.4 -1.43641e+08
-2.48838e-09 -64065.3 -9.76989e+07
-1.71622e-09 -33939.3 -5.17573e+07
-9.86276e-10 -3813.63 -5.81577e+06
-5.06688e-10 26312 4.01257e+07
-1.02482e-10 56437.4 8.60671e+07
-2.40021e-11 86562.9 1.32009e+08
-4.01599e-11 116688 1.7795e+08
-3.84063e-10 146814 2.23891e+08
-9.48887e-10 176940 2.69833e+08
-1.73657e-09 207066 3.15774e+08
-5.43166e-05 224072 3.41708e+08
-5.70618e-05 237053 3.61503e+08
-0.000206177 245240 3.73987e+08
-0.000158091 253304 3.86283e+08
-0.00013921 261252 3.98401e+08
-0.000121237 269089 4.1035e+08
-0.000105671 276821 4.22139e+08
-6.72604e-05 284377 4.33659e+08
-0.000207019 289412 4.41335e+08
-2.62321e-08 252112 3.84457e+08
-5.42238e-08 214812 3.27579e+08
-7.58107e-08 177513 2.70702e+08
-9.2911e-08 140215 2.13824e+08
-1.07098e-07 102917 1.56947e+08
-1.20209e-07 65620.3 1.0007e+08
-1.34851e-07 28323.7 4.31935e+07
-1.56038e-07 -8972.58 -1.36832e+07
-1.96134e-07 -46268.7 -7.05597e+07
-2.95637e-07 -83564.6 -1.27436e+08
-6.52589e-07 -120861 -1.84313e+08
-3.16323e-06 -158157 -2.41189e+08
-0.000117052 -191517 -2.92063e+08
-0.000154897 -211260 -3.2217e+08
-1.84257e-07 -222491 -3.39296e+08
-0.000375926 -233446 -3.56001e+08
-0.000336388 -244184 -3.72374e+08
-0.000278826 -254714 -3.88431e+08
-0.000230869 -265050 -4.0419e+08
-0.000685492 -274371 -4.18402e+08
-0.000446195 -281304 -4.2897e+08
1.08413e-06 -249975 -3.81197e+08
-1.03405e-06 -218645 -3.33424e+08
-3.19537e-07 -187316 -2.8565e+08
7.48514e-09 -155988 -2.37877e+08
-9.97306e-09 -124660 -1.90103e+08
-4.51206e-09 -93332.5 -1.4233e+08
-3.8238e-09 -62005.5 -9.45576e+07
-2.62324e-09 -30678.8 -4.67849e+07
-1.71046e-09 647.701 987742
-8.79517e-10 31974 4.87603e+07
-3.56692e-10 63300.2 9.65328e+07
-6.76934e-11 94626.3 1.44305e+08
-2.8507e-11 125952 1.92078e+08
-2.1393e-10 157279 2.3985e+08
-4.45867e-05 180650 2.75492e+08
-0.000174094 196023 2.98934e+08
-0.000260009 206032 3.14198e+08
-0.000214606 215861 3.29185e+08
-0.000183854 225515 3.43907e+08
-0.000157463 235003 3.58374e+08
-0.000135234 244330 3.72597e+08
-0.000116493 253504 3.86584e+08
-5.62705e-05 262396 4.00142e+08
-0.000223757 268782 4.09878e+08
-0.000191607 275017 4.19384e+08
1.82745e-08 248896 3.79553e+08
-8.70841e-10 222775 3.39722e+08
-6.99447e-09 196655 2.9989e+08
-7.49924e-09 170534 2.60059e+08
-6.23254e-09 144415 2.20228e+08
-5.03258e-09 118295 1.80397e+08
-3.87581e-09 92175.8 1.40567e+08
-2.85695e-09 66056.8 1.00736e+08
-2.02479e-09 39938.1 6.09053e+07
-1.36377e-09 13819.6 2.10748e+07
-8.60563e-10 -12298.8 -1.87557e+07
-5.15186e-10 -38417.1 -5.85861e+07
-2.10449e-10 -64535.3 -9.84164e+07
-2.33698e-11 -90653.5 -1.38247e+08
-1.9992e-11 -116772 -1.78077e+08
-7.73781e-11 -142890 -2.17907e+08
-2.48041e-06 -167374 -2.55245e+08
-3.78989e-05 -181749 -2.77166e+08
-0.000384814 -191844 -2.92561e+08
-0.000166651 -200443 -3.05674e+08
-0.000131585 -208911 -3.18587e+08
-0.000112992 -217251 -3.31305e+08
-9.79139e-05 -225468 -3.43835e+08
-8.51474e-05 -233565 -3.56182e+08
-7.42921e-05 -241546 -3.68351e+08
-6.50445e-05 -249415 -3.80349e+08
-0.000231028 -256881 -3.91733e+08
-0.000131061 -262490 -4.00285e+08
-0.000115422 -267986 -4.08664e+08
-0.000103899 -273373 -4.16876e+08
9.44078e-08 -245382 -3.74194e+08
-4.54424e-08 -217392 -3.31513e+08
-1.71212e-10 -189403 -2.88831e+08
-7.40488e-09 -161413 -2.4615e+08
-4.70368e-09 -133425 -2.03469e+08
-4.05441e-09 -105436 -1.60788e+08
-3.15413e-09 -77448.1 -1.18107e+08
-2.36426e-09 -49460.3 -7.54264e+07
-1.74451e-09 -21472.8 -3.27458e+07
-1.10376e-09 6514.58 9.9347e+06
-6.27054e-10 34501.8 5.26151e+07
-3.42794e-10 62488.9 9.52955e+07
-1.33653e-10 90476 1.37976e+08
-1.78026e-11 118463 1.80656e+08
-4.93543e-11 146450 2.23337e+08
-2.2325e-05 169299 2.58181e+08
-0.000188572 183111 2.79243e+08
-0.000189242 192598 2.93711e+08
-0.00016399 201929 3.0794e+08
-0.000140935 211107 3.21936e+08
-0.000121669 220137 3.35706e+08
-0.000105339 229024 3.49257e+08
-9.15004e-05 237772 3.62597e+08
-7.97547e-05 246386 3.75731e+08
2.65142e-05 253645 3.86799e+08
-0.000156578 259848 3.96255e+08
-0.000136343 265914 4.05505e+08
-0.000122615 271850 4.14554e+08
6.24368e-09 256776 3.91569e+08
-3.67436e-10 241702 3.68583e+08
-8.33097e-10 226629 3.45597e+08
-9.68839e-10 211555 3.22612e+08
-9.60881e-10 196481 2.99626e+08
-7.98309e-10 181408 2.76641e+08
-5.99357e-10 166335 2.53655e+08
-5.55701e-10 151262 2.3067e+08
-5.51495e-10 136189 2.07684e+08
-4.00064e-10 121116 1.84699e+08
-4.55771e-10 106043 1.61714e+08
-3.49985e-10 90970.4 1.38728e+08
-3.70221e-10 75897.8 1.15743e+08
-3.19801e-10 60825.3 9.27578e+07
-2.01538e-10 45752.8 6.97726e+07
-1.45576e-10 30680.4 4.67874e+07
-1.02908e-10 15608.1 2.38023e+07
-1.12738e-10 535.844 817160
-1.09551e-10 -14536.4 -2.21679e+07
-1.85878e-11 -29608.6 -4.5153e+07
-3.39639e-11 -44680.7 -6.81381e+07
-4.67821e-11 -59752.9 -9.11231e+07
-2.22968e-11 -74825 -1.14108e+08
2.15934e-11 -89897.1 -1.37093e+08
-3.19211e-11 -104969 -1.60078e+08
4.42704e-11 -120041 -1.83063e+08
1.65059e-11 -135114 -2.06048e+08
5.14433e-11 -150186 -2.29033e+08
-6.54609e-09 -165146 -2.51847e+08
-5.68999e-06 -173547 -2.6466e+08
-3.748e-05 -181422 -2.76668e+08
-2.33635e-05 -186628 -2.84606e+08
-2.14164e-05 -191786 -2.92473e+08
-1.96246e-05 -196898 -3.00268e+08
-1.79991e-05 -201964 -3.07994e+08
-1.65248e-05 -206985 -3.1565e+08
-1.51874e-05 -211962 -3.2324e+08
-1.39732e-05 -216895 -3.30762e+08
-1.28705e-05 -221786 -3.3822e+08
-1.18684e-05 -226634 -3.45612e+08
-1.09567e-05 -231441 -3.52942e+08
-1.01276e-05 -236207 -3.60209e+08
-9.37233e-06 -240933 -3.67416e+08
-8.68414e-06 -245619 -3.74562e+08
-9.59224e-05 -249345 -3.80243e+08
-1.93192e-05 -252817 -3.85536e+08
-1.75204e-05 -256247 -3.90765e+08
-1.64816e-05 -259635 -3.95931e+08
-1.55162e-05 -262983 -4.01036e+08
-1.46135e-05 -266292 -4.0608e+08
-1.37689e-05 -269561 -4.11064e+08
-1.2978e-05 -272792 -4.1599e+08
1.00395e-08 -240779 -3.67175e+08
-2.1123e-08 -208767 -3.1836e+08
-8.67681e-09 -176755 -2.69545e+08
-9.20318e-09 -144744 -2.2073e+08
-6.89613e-09 -112733 -1.71915e+08
-5.34601e-09 -80722.7 -1.23101e+08
-3.91648e-09 -48712.8 -7.42864e+07
-2.71912e-09 -16703.2 -2.54723e+07
-1.61791e-09 15306.1 2.33417e+07
-7.87779e-10 47315.3 7.21557e+07
-3.18678e-10 79324.3 1.2097e+08
-6.60556e-11 111333 1.69783e+08
-2.03215e-11 143342 2.18597e+08
-1.40409e-05 171789 2.61978e+08
-0.00035239 186571 2.84521e+08
-0.000265198 197562 3.01281e+08
-0.000236815 208345 3.17725e+08
-0.000198725 218927 3.33861e+08
-0.000169014 229314 3.49699e+08
-0.000144184 239513 3.65251e+08
4.72095e-05 247811 3.77904e+08
-0.000274991 255266 3.8927e+08
-0.000230906 262531 4.00347e+08
-0.000204328 269613 4.11144e+08
-0.000181313 276520 4.21673e+08
-0.00016103 283257 4.31944e+08
0.000128863 289091 4.40837e+08
-0.000397643 293843 4.48079e+08
-0.000337265 298438 4.55082e+08
-0.000315645 302884 4.61857e+08
-0.000293334 307187 4.68414e+08
1.24501e-07 271901 4.14612e+08
9.04683e-08 236615 3.6081e+08
7.69987e-08 201331 3.07009e+08
1.02737e-07 166048 2.53208e+08
3.12425e-07 130765 1.99407e+08
-4.80782e-10 95484.1 1.45607e+08
-2.99031e-08 60203.7 9.18076e+07
-3.69135e-08 24924.1 3.80082e+07
-3.45598e-08 -10354.9 -1.57909e+07
-2.77429e-08 -45633.3 -6.95898e+07
-1.97105e-08 -80911.3 -1.23388e+08
-1.25904e-08 -116189 -1.77187e+08
-3.72535e-05 -146873 -2.23981e+08
-0.000936801 -162451 -2.47737e+08
-0.000617451 -175305 -2.6734e+08
-0.000460292 -187887 -2.86528e+08
-0.000370489 -200204 -3.05312e+08
-0.00169881 -210825 -3.21509e+08
-0.000845474 -220202 -3.35807e+08
-0.00063536 -229307 -3.49693e+08
-0.000532487 -238152 -3.6318e+08
-0.000456177 -246744 -3.76281e+08
-0.000393097 -255092 -3.89011e+08
-0.000339905 -263207 -4.01384e+08
-0.00104659 -270847 -4.13033e+08
-0.000889815 -276783 -4.22082e+08
-0.000805667 -282499 -4.30797e+08
-0.000733809 -288006 -4.39191e+08
-0.000668356 -293312 -4.47278e+08
-0.000608246 -298426 -4.55073e+08
-0.000553099 -303358 -4.6259e+08
-0.000502616 -308117 -4.69842e+08
-0.0004565 -312712 -4.76843e+08
-0.000414443 -317150 -4.83605e+08
1.96978e-06 -280799 -4.2818e+08
-3.34123e-06 -244449 -3.72756e+08
-3.836e-06 -208100 -3.17332e+08
-5.87812e-06 -171753 -2.61908e+08
-1.62806e-05 -135407 -2.06485e+08
-2.68942e-08 -99061.5 -1.51063e+08
-2.12402e-08 -62717.1 -9.56404e+07
-2.01705e-08 -26373.5 -4.02185e+07
-1.50989e-08 9969.44 1.52031e+07
-1.23119e-08 46311.8 7.06244e+07
-9.19698e-09 82653.6 1.26045e+08
-6.61447e-09 118995 1.81466e+08
-4.88782e-05 150243 2.2912e+08
-0.000716036 165986 2.53129e+08
-0.000394388 179491 2.73723e+08
-0.000385918 192699 2.93867e+08
-0.000233935 203546 3.10409e+08
-0.000712936 213773 3.26004e+08
-0.000581846 223695 3.41134e+08
-0.000511305 233322 3.55815e+08
-0.000449616 242663 3.70059e+08
-0.000394985 251729 3.83883e+08
-0.000744656 259655 3.95968e+08
-0.000922484 266494 4.06396e+08
-0.000831412 273072 4.16424e+08
-0.000770389 279398 4.26068e+08
-0.000712094 285483 4.35344e+08
-0.000656838 291337 4.44267e+08
-0.000605103 296970 4.52854e+08
-0.000556655 302394 4.6112e+08
-0.000511436 307617 4.6908e+08
-0.00046933 312649 4.76749e+08
-0.000430221 317501 4.84142e+08
4.68865e-07 300100 4.5761e+08
1.23993e-07 282698 4.31077e+08
1.94823e-08 265297 4.04545e+08
-8.62656e-10 247896 3.78013e+08
-3.86535e-09 230496 3.51481e+08
-3.85853e-09 213095 3.24949e+08
-3.68709e-09 195695 2.98417e+08
-3.5941e-09 178296 2.71885e+08
-3.36968e-09 160896 2.45353e+08
-2.94722e-09 143497 2.18822e+08
-2.70279e-09 126098 1.9229e+08
-2.51737e-09 108699 1.65759e+08
-2.10878e-09 91300.2 1.39228e+08
-1.81024e-09 73901.8 1.12696e+08
-1.66693e-09 56503.5 8.61653e+07
-1.50396e-09 39105.5 5.96342e+07
-1.48461e-09 21707.6 3.31032e+07
-1.2829e-09 4309.8 6.57231e+06
-1.21931e-09 -13087.8 -1.99585e+07
-8.56232e-10 -30485.3 -4.64893e+07
-8.00355e-10 -47882.7 -7.302e+07
-6.26528e-10 -65279.9 -9.95507e+07
-6.01005e-10 -82677.1 -1.26081e+08
-6.12715e-10 -100074 -1.52612e+08
-4.03475e-10 -117471 -1.79142e+08
-3.37252e-10 -134868 -2.05673e+08
-3.60956e-10 -152265 -2.32203e+08
-2.81311e-05 -163478 -2.49303e+08
-0.000134093 -171494 -2.61528e+08
-4.0534e-05 -178003 -2.71455e+08
-3.51372e-05 -184443 -2.81276e+08
-3.2132e-05 -190815 -2.90993e+08
-2.94453e-05 -197120 -3.00608e+08
-0.000190932 -202564 -3.0891e+08
-6.6107e-05 -207603 -3.16594e+08
-5.89383e-05 -212569 -3.24168e+08
-5.48219e-05 -217464 -3.31632e+08
-5.10645e-05 -222288 -3.38989e+08
-4.75833e-05 -227043 -3.4624e+08
-4.43565e-05 -231729 -3.53386e+08
-4.13651e-05 -236348 -3.60429e+08
-3.85923e-05 -240900 -3.67371e+08
-3.60215e-05 -245387 -3.74213e+08
-3.36375e-05 -249810 -3.80958e+08
-0.000311672 -253647 -3.86808e+08
-9.32097e-05 -257158 -3.92163e+08
-8.43804e-05 -260605 -3.97418e+08
-8.06181e-05 -263988 -4.02576e+08
-7.71161e-05 -267308 -4.07638e+08
-7.37539e-05 -270567 -4.12606e+08
-7.05256e-05 -273765 -4.17483e+08
-6.74266e-05 -276904 -4.22268e+08
-6.44532e-05 -279985 -4.26965e+08
-6.16005e-05 -283009 -4.31575e+08
-5.88658e-05 -285977 -4.36099e+08
-5.62449e-05 -288890 -4.40541e+08
-5.37331e-05 -291750 -4.449e+08
-5.13277e-05 -294557 -4.49179e+08
-4.90244e-05 -297313 -4.5338e+08
-4.68197e-05 -300019 -4.57505e+08
-4.471e-05 -302676 -4.61554e+08
-4.26926e-05 -305285 -4.65531e+08
-4.0762e-05 -307848 -4.69435e+08
-3.89174e-05 -310364 -4.7327e+08
-3.71529e-05 -312836 -4.77037e+08
-3.5468e-05 -315264 -4.80738e+08
-3.38573e-05 -317650 -4.84373e+08
-3.2319e-05 -319994 -4.87945e+08
-3.08502e-05 -322298 -4.91455e+08
4.62605e-08 -290816 -4.43455e+08
-7.00197e-08 -259336 -3.95455e+08
-1.14419e-08 -227856 -3.47456e+08
-2.94053e-08 -196377 -2.99457e+08
-1.88372e-08 -164899 -2.51458e+08
-1.94766e-08 -133422 -2.0346e+08
-1.60035e-08 -101946 -1.55462e+08
-1.4139e-08 -70470.4 -1.07464e+08
-1.21154e-08 -38995.4 -5.94663e+07
-9.9653e-09 -7520.84 -1.1469e+07
-8.15851e-09 23953.2 3.6528e+07
-6.62544e-09 55426.8 8.45248e+07
-4.83857e-09 86900.1 1.32521e+08
-3.79339e-09 118373 1.80518e+08
-2.45348e-09 149846 2.28514e+08
-8.35038e-05 172911 2.63689e+08
-0.000249522 185196 2.82423e+08
-0.000254598 196783 3.00095e+08
-0.000515393 207152 3.15906e+08
-0.000441666 216259 3.29796e+08
-0.00040336 225131 3.43324e+08
-0.000357716 233772 3.56502e+08
-0.000319203 242189 3.69337e+08
-0.000882899 249754 3.80873e+08
-0.000710534 256354 3.90936e+08
-0.000682917 262735 4.00665e+08
-0.000630583 268903 4.10071e+08
-0.000585863 274866 4.19163e+08
-0.000543359 280631 4.27951e+08
-0.000503686 286203 4.36446e+08
-0.000466606 291591 4.44659e+08
-0.000431999 296800 4.526e+08
-0.000399735 301837 4.60278e+08
-0.000369686 306710 4.67704e+08
-0.000341731 311424 4.74889e+08
-0.000315748 315986 4.81842e+08
-0.000291627 320403 4.88572e+08
-0.000269251 324681 4.9509e+08
0.00153993 328338 5.00661e+08
-0.00107854 331476 5.05442e+08
-0.000803128 334492 5.10033e+08
-0.000804026 337389 5.14445e+08
-0.000779597 340174 5.18685e+08
-0.000756348 342853 5.22762e+08
-0.000732284 345430 5.26684e+08
3.66287e-06 307709 4.69178e+08
1.1274e-05 269990 4.11673e+08
-1.3622e-08 232273 3.54168e+08
-1.48371e-07 194558 2.96665e+08
-2.75271e-07 156844 2.39162e+08
-4.37713e-07 119132 1.8166e+08
-7.19135e-07 81421.9 1.24158e+08
-1.42327e-06 43712.7 6.66572e+07
-4.39013e-06 6004.77 9.15672e+06
5.94434e-09 -31702.1 -4.83432e+07
-4.75731e-08 -69408 -1.05843e+08
-6.76503e-08 -107113 -1.63342e+08
-7.10772e-08 -144817 -2.2084e+08
-0.000814581 -168207 -2.5651e+08
-0.000623107 -182687 -2.78593e+08
-0.00169456 -196236 -2.99256e+08
-0.00127853 -207687 -3.16721e+08
-0.00105176 -218787 -3.33649e+08
-0.000890716 -229544 -3.50054e+08
6.29501e-09 -238497 -3.63708e+08
-0.00171036 -247003 -3.7668e+08
-0.00200172 -255176 -3.89144e+08
-0.00190241 -263026 -4.01116e+08
-0.00172023 -270566 -4.12614e+08
-0.00153661 -277807 -4.23654e+08
-0.0013694 -284759 -4.34255e+08
-0.0012206 -291435 -4.44434e+08
-0.0010888 -297846 -4.54208e+08
-0.00097208 -304003 -4.63596e+08
-0.000868653 -309919 -4.72615e+08
-0.0040602 -315479 -4.8109e+08
-0.00336526 -319952 -4.87907e+08
-0.00311919 -324211 -4.94398e+08
-0.00293961 -328268 -5.00579e+08
-0.00277638 -332132 -5.06466e+08
-0.00261941 -335815 -5.12077e+08
-0.00246733 -339327 -5.17425e+08
-0.00232037 -342676 -5.22527e+08
-0.00217897 -345874 -5.27395e+08
-0.00204348 -348928 -5.32044e+08
-0.00191411 -351846 -5.36486e+08
-0.00179098 -354638 -5.40735e+08
-0.00167413 -357311 -5.44801e+08
3.04167e-05 -324158 -4.9426e+08
1.21699e-08 -291008 -4.43719e+08
-1.02031e-07 -257858 -3.9318e+08
-2.65268e-08 -224710 -3.4264e+08
-6.0455e-08 -191564 -2.92102e+08
-3.70828e-08 -158418 -2.41564e+08
-4.24909e-08 -125274 -1.91026e+08
-3.5089e-08 -92131.2 -1.40489e+08
-3.33949e-08 -58989.1 -8.99521e+07
-2.9471e-08 -25848.1 -3.94159e+07
-2.63568e-08 7292.17 1.112e+07
-2.33438e-08 40431.6 6.16554e+07
-2.01765e-08 73570.3 1.12191e+08
-1.74904e-08 106708 1.62725e+08
-1.48773e-08 139846 2.1326e+08
-8.31093e-05 165301 2.5208e+08
-0.000380117 179323 2.73463e+08
-0.00024858 192080 2.92919e+08
-0.000695878 203393 3.10172e+08
-0.000444188 213572 3.25696e+08
-0.000434193 223477 3.40802e+08
-0.001626 232535 3.54616e+08
-0.000862487 240549 3.66838e+08
-0.000941601 248291 3.78645e+08
-0.00085352 255767 3.90046e+08
-0.000801212 262986 4.01054e+08
-0.00074651 269953 4.11678e+08
-0.000695856 276676 4.21931e+08
-0.000648033 283164 4.31824e+08
-0.000603063 289425 4.41369e+08
-0.000560792 295464 4.50578e+08
-0.000521096 301292 4.59464e+08
-0.00227767 306619 4.67584e+08
-0.00147394 311213 4.74588e+08
-0.0015932 315614 4.81296e+08
-0.00152619 319829 4.8772e+08
-0.00149199 323866 4.93872e+08
-0.00146158 327732 4.99764e+08
-0.00141701 331436 5.05408e+08
-0.00137425 334985 5.10815e+08
-0.00132986 338386 5.15995e+08
-0.00128475 341645 5.2096e+08
-0.00123906 344771 5.25721e+08
-0.00119301 347769 5.30286e+08
-0.00114683 350645 5.34666e+08
-0.00110072 353407 5.3887e+08
-0.00105486 356060 5.42907e+08
-0.00100946 358609 5.46787e+08
-0.000964668 361061 5.50517e+08
5.7888e-06 334270 5.09674e+08
8.88952e-06 307480 4.68831e+08
1.88782e-05 280690 4.27989e+08
-8.43374e-09 253902 3.87147e+08
-4.0649e-08 227115 3.46306e+08
-5.32696e-08 200328 3.05464e+08
-5.65378e-08 173542 2.64624e+08
-5.46192e-08 146758 2.23783e+08
-4.99622e-08 119973 1.82943e+08
-4.47296e-08 93190 1.42103e+08
-3.91348e-08 66407.3 1.01264e+08
-3.39799e-08 39625.2 6.04244e+07
-2.93455e-08 12843.6 1.95854e+07
-2.4888e-08 -13937.3 -2.12533e+07
-2.10613e-08 -40717.8 -6.20918e+07
-1.76464e-08 -67497.7 -1.0293e+08
-1.48334e-08 -94277.3 -1.43768e+08
-1.2079e-08 -121056 -1.84606e+08
-1.00481e-08 -147835 -2.25443e+08
-2.61457e-05 -169849 -2.59014e+08
-0.000322436 -182913 -2.78938e+08
-0.000145222 -193280 -2.94749e+08
-0.000121218 -203480 -3.10304e+08
-0.000571954 -212515 -3.24083e+08
-0.000272406 -220707 -3.36577e+08
-0.000230205 -228719 -3.48797e+08
-0.000435555 -236528 -3.60705e+08
-3.01233e-08 -243127 -3.70769e+08
-0.000495867 -249517 -3.80514e+08
-0.000514533 -255730 -3.89989e+08
-0.000486407 -261769 -3.99199e+08
-0.000455573 -267639 -4.08151e+08
-0.000426204 -273343 -4.16849e+08
-0.000398593 -278886 -4.25301e+08
-0.000372676 -284270 -4.33511e+08
-0.000348364 -289501 -4.41487e+08
-0.000325567 -294582 -4.49235e+08
-0.000487609 -299511 -4.56751e+08
-5.18521e-08 -303704 -4.63143e+08
-0.000955249 -307709 -4.69249e+08
-0.00104207 -311577 -4.75145e+08
-0.0010228 -315313 -4.8084e+08
-0.000991565 -318920 -4.86339e+08
-0.000959127 -322404 -4.91649e+08
-0.000926748 -325768 -4.96776e+08
-0.000894623 -329016 -5.01726e+08
-0.000862848 -332153 -5.06507e+08
-0.000831486 -335182 -5.11122e+08
-0.000800599 -338108 -5.1558e+08
-0.000770258 -340933 -5.19885e+08
-0.0007405 -343663 -5.24044e+08
-0.000711368 -346301 -5.28062e+08
-0.000682916 -348850 -5.31944e+08
-0.000655161 -351314 -5.35696e+08
-0.000628135 -353697 -5.39324e+08
-0.000601855 -356001 -5.42832e+08
-0.00057635 -358230 -5.46225e+08
-0.000551619 -360387 -5.49508e+08
-0.000527676 -362475 -5.52686e+08
-0.000504518 -364498 -5.55763e+08
-0.000482158 -366457 -5.58744e+08
3.90636e-06 -329087 -5.01774e+08
-9.45853e-06 -291719 -4.44805e+08
-2.49735e-05 -254354 -3.87836e+08
-4.29659e-08 -216989 -3.30868e+08
-8.47508e-08 -179627 -2.73901e+08
-5.73866e-08 -142266 -2.16935e+08
-5.72559e-08 -104906 -1.59969e+08
-5.12704e-08 -67548.3 -1.03004e+08
-4.45905e-08 -30191.4 -4.6039e+07
-4.06485e-08 7164.42 1.09252e+07
-3.4954e-08 44519.2 6.78889e+07
-3.00074e-08 81873.1 1.24852e+08
-2.5394e-08 119226 1.81815e+08
-2.08686e-08 156579 2.38778e+08
8.09807e-08 183348 2.79602e+08
-1.13637e-07 197978 3.01913e+08
-0.00035199 212173 3.23562e+08
-0.000570293 224135 3.41805e+08
-0.000556271 235333 3.58882e+08
-0.00185304 245728 3.74735e+08
-0.00112434 254718 3.88446e+08
-0.00121193 263363 4.01629e+08
-0.00108802 271671 4.14299e+08
-0.0010222 279654 4.26472e+08
-0.000948443 287321 4.38165e+08
-0.000881376 294685 4.49392e+08
5.37671e-09 301031 4.59069e+08
-0.00349013 306931 4.68064e+08
-0.0022953 312553 4.76635e+08
-0.00256746 317909 4.848e+08
-0.00239721 323010 4.92576e+08
-0.00234987 327868 4.9998e+08
-0.00226738 332494 5.07031e+08
-0.00219177 336900 5.13744e+08
-0.00211292 341096 5.20137e+08
-0.00203354 345092 5.26226e+08
-0.00195342 348900 5.32026e+08
-0.00187298 352529 5.37554e+08
-0.00179253 355989 5.42823e+08
-0.00171242 359290 5.47848e+08
-0.00163297 362440 5.52643e+08
-0.00155448 365448 5.57222e+08
-0.00147725 368323 5.61596e+08
-0.00140155 371072 5.65778e+08
-0.00132762 373703 5.69779e+08
-0.00125568 376223 5.73611e+08
-0.000178441 378514 5.77095e+08
-1.12355e-06 380430 5.80005e+08
-0.00665819 382254 5.82773e+08
-0.00564568 383992 5.85411e+08
-0.00584302 385651 5.87926e+08
-0.00584585 387234 5.90326e+08
-0.00586221 388747 5.92619e+08
-0.00586376 390195 5.94811e+08
-3.54203e-06 391411 5.96648e+08
5.26527e-05 392233 5.97883e+08
3.4907e-07 347521 5.29745e+08
-1.81406e-07 302814 4.61609e+08
-1.26928e-06 258111 3.93475e+08
-6.18306e-06 213411 3.25343e+08
1.4822e-08 168716 2.57212e+08
-5.98783e-07 124024 1.89083e+08
-2.01981e-06 79335.3 1.20955e+08
-8.91474e-06 34650.1 5.28289e+07
2.32133e-08 -10032.3 -1.52959e+07
-3.94183e-07 -54711.8 -8.34195e+07
-1.13178e-06 -99388.7 -1.51542e+08
-3.72632e-06 -144063 -2.19663e+08
-1.56705e-05 -173023 -2.63825e+08
0.000359003 -189296 -2.88644e+08
0.000703191 -204637 -3.12044e+08
0.00106857 -218432 -3.33084e+08
0.00218651 -231999 -3.53778e+08
1.6012e-07 -243589 -3.71456e+08
-0.0026659 -254582 -3.88223e+08
-0.00344084 -265072 -4.04225e+08
-0.00378037 -275065 -4.19468e+08
1.97949e-07 -283777 -4.32757e+08
-6.37783e-10 -291860 -4.45086e+08
-0.00728883 -299502 -4.56742e+08
5.20686e-11 -306720 -4.67752e+08
-0.00666606 -313537 -4.78149e+08
1.07855e-09 -319970 -4.8796e+08
-0.0060397 -326039 -4.97217e+08
6.04359e-10 -331765 -5.05948e+08
-0.00542293 -337165 -5.14183e+08
1.21963e-09 -342260 -5.21951e+08
-0.0048276 -347067 -5.2928e+08
-0.00601089 -351603 -5.36196e+08
-0.0059357 -355887 -5.42726e+08
-0.00549844 -359934 -5.48894e+08
-0.00500063 -363761 -5.54724e+08
-0.00452945 -367381 -5.60241e+08
-0.00410331 -370810 -5.65464e+08
-0.00372163 -374061 -5.70414e+08
1.93883e-07 -376883 -5.74712e+08
9.60426e-10 -379359 -5.78479e+08
9.99535e-10 -381692 -5.82028e+08
-1.81899e-12 -383892 -5.85374e+08
-2.12835e-05 -385838 -5.8833e+08
0.000109089 -387136 -5.90295e+08
2.59931e-05 -388130 -5.91793e+08
5.83636e-05 -388855 -5.92881e+08
9.00372e-05 -389345 -5.93608e+08
0.000132723 -389633 -5.94025e+08
0.000564609 -389653 -5.9403e+08
-0.000172126 -389330 -5.93512e+08
0.000782951 -388792 -5.92662e+08
0.0151682 -388076 -5.91539e+08
-0.00412627 -387218 -5.902e+08
0.00082369 -386365 -5.88868e+08
-0.00604919 -385524 -5.87553e+08
0.000893327 -384616 -5.86133e+08
1.4556e-05 -339319 -5.1712e+08
6.93944e-08 -294026 -4.4811e+08
-1.14776e-06 -248739 -3.79101e+08
6.14409e-07 -203456 -3.10095e+08
-2.21954e-06 -158177 -2.41091e+08
8.22483e-07 -112902 -1.72089e+08
-2.25547e-06 -67631.4 -1.03088e+08
1.44829e-06 -22364.2 -3.40899e+07
-2.9515e-06 22899.5 3.49068e+07
2.01592e-06 68160.1 1.03902e+08
-3.15916e-06 113418 1.72895e+08
-0.000254471 154054 2.34849e+08
-0.000705327 180246 2.74787e+08
0.000400636 198472 3.02579e+08
-3.24006e-05 214256 3.2665e+08
-0.000351607 227864 3.47405e+08
9.21568e-05 239400 3.65001e+08
-2.97197e-05 250263 3.81573e+08
5.20384e-05 259738 3.96027e+08
-9.77405e-05 268208 4.08951e+08
-9.06757e-05 276235 4.212e+08
-8.17925e-05 283854 4.32825e+08
-7.29304e-05 291093 4.43873e+08
-0.000359851 297646 4.53872e+08
-8.84236e-05 303866 4.63361e+08
-8.34278e-05 309779 4.72383e+08
-7.7777e-05 315411 4.80976e+08
-0.00945109 320794 4.89189e+08
-2.6539e-06 325886 4.96957e+08
3.30081e-06 330456 5.0393e+08
3.28411e-06 334770 5.10513e+08
-0.00170689 339119 5.17149e+08
-2.88458e-08 343351 5.23604e+08
-1.45014e-07 347326 5.29667e+08
-1.53452e-07 351062 5.35366e+08
-1.55466e-07 354577 5.40726e+08
-1.55291e-07 357886 5.45772e+08
-1.52329e-07 361003 5.50525e+08
-1.48238e-07 363944 5.55007e+08
-1.4314e-07 366719 5.59238e+08
-2.15368e-05 369194 5.63007e+08
6.41547e-05 370969 5.65707e+08
-0.00761127 372466 5.67983e+08
-2.36719e-05 373719 5.69884e+08
2.46224e-05 374738 5.71425e+08
0.000262079 375232 5.72161e+08
2.8868e-06 375286 5.72223e+08
2.63095e-05 375089 5.71899e+08
-0.000117055 374679 5.71247e+08
-0.000240606 374092 5.70325e+08
-0.000103972 373362 5.69184e+08
0.000486614 372586 5.67971e+08
5.5102e-05 371862 5.66837e+08
-8.31185e-05 371067 5.65594e+08
-0.000371917 370219 5.6427e+08
-0.0010085 369336 5.6289e+08
1.40943e-05 329675 5.0246e+08
-6.956e-08 290017 4.42032e+08
-8.24448e-07 250364 3.81605e+08
-2.52388e-06 210715 3.21181e+08
-8.95876e-06 171069 2.60758e+08
8.70978e-09 131426 2.00337e+08
-5.20266e-07 91787.5 1.39918e+08
-1.58611e-06 52151.5 7.95e+07
-5.38258e-06 12518.8 1.90841e+07
4.28088e-09 -27111.1 -4.13302e+07
-3.86013e-07 -66738.2 -1.01743e+08
-1.03055e-06 -106363 -1.62154e+08
-0.000141065 -143772 -2.19192e+08
-0.000137644 -173713 -2.6485e+08
0.000302669 -195078 -2.97433e+08
0.000940492 -211313 -3.22192e+08
0.000117984 -225038 -3.43127e+08
-0.000117489 -238108 -3.63064e+08
-0.000329661 -248971 -3.79636e+08
-0.000115214 -258932 -3.94834e+08
-3.35671e-05 -268355 -4.09212e+08
-0.000286171 -276584 -4.21771e+08
-0.000107576 -284133 -4.33291e+08
-9.63862e-05 -291350 -4.44306e+08
-8.77637e-05 -298256 -4.54847e+08
-7.96047e-05 -304868 -4.64939e+08
-7.19906e-05 -311202 -4.74606e+08
-0.00021131 -317147 -4.8368e+08
-8.60839e-05 -322665 -4.921e+08
-7.96413e-05 -327935 -5.00142e+08
3.7409e-06 -332260 -5.0674e+08
-5.56701e-05 -335327 -5.11419e+08
-1.91156e-05 -338071 -5.15604e+08
-0.00565747 -340577 -5.19426e+08
-5.14778e-05 -342886 -5.22945e+08
-0.0001436 -344970 -5.26122e+08
-8.49859e-06 -346852 -5.28989e+08
3.13449e-05 -348552 -5.31578e+08
4.82137e-05 -350090 -5.33917e+08
6.28811e-05 -351481 -5.36034e+08
6.15209e-05 -352743 -5.37953e+08
5.77402e-05 -353890 -5.39695e+08
-0.000673881 -354713 -5.4094e+08
5.09149e-05 -355427 -5.42016e+08
-0.000650967 -356345 -5.43403e+08
9.15072e-05 -357172 -5.44649e+08
0.00010463 -357800 -5.45593e+08
-0.000277129 -358105 -5.4604e+08
-2.77917e-05 -358272 -5.46275e+08
-4.08214e-05 -358319 -5.46328e+08
0.000373493 -358264 -5.46224e+08
9.54915e-05 -358123 -5.45987e+08
0.00010843 -357909 -5.45639e+08
0.00014966 -357636 -5.45201e+08
0.000201466 -357316 -5.44689e+08
0.000259136 -356957 -5.44119e+08
0.000319787 -356570 -5.43504e+08
0.000376638 -356161 -5.42856e+08
0.000149375 -355753 -5.42209e+08
7.51367e-05 -355382 -5.41619e+08
9.53348e-05 -355002 -5.41014e+08
-0.00106844 -354540 -5.40282e+08
0.00286907 -353838 -5.39178e+08
4.58706e-05 -353133 -5.38069e+08
2.31446e-07 -289818 -4.41623e+08
-9.20016e-06 -226516 -3.45184e+08
-7.22048e-09 -163227 -2.48753e+08
-6.20601e-06 -99950.7 -1.5233e+08
-3.1398e-09 -36685.5 -5.59132e+07
-4.97941e-06 26568.8 4.0496e+07
0.00403008 87577.5 1.33492e+08
-0.000799981 136595 2.08223e+08
0.000248948 178969 2.72838e+08
1.55913e-05 205197 3.12838e+08
-0.00448785 225501 3.43809e+08
-0.00123623 243136 3.70716e+08
-0.0043574 258209 3.93715e+08
-0.00332997 272315 4.15242e+08
3.55918e-05 284656 4.34079e+08
2.09077e-05 295573 4.50744e+08
-0.00504347 305765 4.66304e+08
-1.67904e-05 314905 4.80256e+08
-0.00186933 321370 4.90123e+08
9.81869e-07 326558 4.98036e+08
-0.000339065 331047 5.04878e+08
-0.000239061 334781 5.10568e+08
-0.000256125 338042 5.15534e+08
-0.000234728 340909 5.19896e+08
-0.00283029 343450 5.23759e+08
-0.000187582 345776 5.27292e+08
-0.000100842 348038 5.30728e+08
0.00019766 349580 5.3306e+08
4.84488e-06 350385 5.34261e+08
1.31266e-05 350703 5.34713e+08
8.24419e-05 350817 5.34852e+08
0.00291785 350706 5.34646e+08
0.00407407 350430 5.34185e+08
0.00543931 350035 5.33542e+08
0.00355258 349631 5.32886e+08
0.00300166 349202 5.32189e+08
0.0011853 348709 5.31393e+08
-0.000146369 347699 5.29798e+08
0.00912844 346552 5.2799e+08
0.00129647 345276 5.25984e+08
0.000974926 343947 5.23895e+08
0.00107591 342593 5.21768e+08
0.00179645 341240 5.19641e+08
0.00287197 339905 5.1754e+08
0.00397089 338602 5.15487e+08
-4.09273e-10 323483 4.92481e+08
-3.55729e-07 300807 4.57972e+08
-2.77833e-06 266797 4.06213e+08
1.3315e-09 215794 3.28581e+08
-7.98536e-10 155361 2.36581e+08
-9.58607e-10 94945.7 1.44593e+08
2.33058e-10 34546.5 5.26149e+07
6.59611e-10 -25836.9 -3.93529e+07
0.00164345 -78940.3 -1.20246e+08
-0.00189327 -123853 -1.88678e+08
0.000843126 -162724 -2.47922e+08
2.31847e-05 -190256 -2.89896e+08
0.000204078 -208956 -3.18415e+08
-0.00627023 -225876 -3.44226e+08
-0.00113026 -241356 -3.67847e+08
3.62291e-05 -254413 -3.87777e+08
2.00798e-05 -266633 -4.06432e+08
-0.00625865 -278148 -4.24015e+08
2.62748e-05 -288945 -4.40503e+08
2.04834e-05 -298587 -4.55228e+08
-2.11701e-05 -306957 -4.68013e+08
-0.00118142 -313129 -4.77439e+08
-2.35811e-06 -317910 -4.84741e+08
-0.00175111 -321887 -4.90814e+08
-0.00189679 -324732 -4.95153e+08
-2.62607e-06 -326935 -4.9851e+08
2.98145e-06 -328764 -5.01295e+08
0.000152325 -330308 -5.03641e+08
-0.000142538 -331751 -5.05831e+08
6.50187e-05 -333181 -5.08002e+08
-1.35966e-05 -334616 -5.10178e+08
0.0125503 -335406 -5.1136e+08
7.00297e-06 -335826 -5.11977e+08
1.48405e-05 -336144 -5.12435e+08
1.71005e-05 -336390 -5.12783e+08
2.05642e-05 -336590 -5.13058e+08
2.50155e-05 -336763 -5.1329e+08
3.0691e-05 -336924 -5.13503e+08
2.66661e-05 -337035 -5.13639e+08
-0.0203693 -336635 -5.12985e+08
-6.1619e-07 -335819 -5.1169e+08
-8.2756e-07 -334977 -5.10353e+08
0.00198503 -334145 -5.0903e+08
0.00214494 -333307 -5.07697e+08
0.00481107 -332458 -5.06346e+08
0.00854422 -331612 -5.05e+08
-3.80226e-05 -330815 -5.03727e+08
0.00344717 -330043 -5.02493e+08
0.00475313 -329290 -5.01286e+08
0.000320386 -328493 -5.0001e+08
-7.10619e-05 -327662 -4.9868e+08
-8.87516e-05 -326833 -4.97353e+08
-0.000142457 -325908 -4.95875e+08
0.00131867 -324974 -4.94388e+08
-4.98403e-10 -307682 -4.68095e+08
-7.86022e-07 -281749 -4.28659e+08
-6.15782e-07 -242856 -3.69508e+08
5.19321e-10 -184532 -2.80792e+08
7.63066e-10 -115432 -1.75664e+08
5.50699e-10 -46356.5 -7.05522e+07
-3.1474e-05 21709.7 3.30441e+07
-0.00139545 76149.1 1.1592e+08
-0.00410258 124447 1.89466e+08
-0.00056809 166570 2.53634e+08
0.000145776 192497 2.93146e+08
-0.00628076 211538 3.22176e+08
4.76719e-05 228531 3.48094e+08
-1.86299e-05 244383 3.72276e+08
3.56426e-05 258312 3.9353e+08
5.6969e-05 271292 4.13339e+08
-0.000581082 282909 4.31077e+08
-0.00752204 292666 4.45979e+08
9.94148e-05 299401 4.56267e+08
-1.15292e-05 304701 4.64361e+08
-6.49042e-07 308911 4.70791e+08
5.0858e-06 312550 4.76347e+08
8.96357e-06 315739 4.81215e+08
-3.70081e-05 317774 4.84313e+08
2.22214e-05 319468 4.86888e+08
-0.00409327 321102 4.8937e+08
1.23111e-05 322599 4.91638e+08
2.01253e-06 324018 4.93787e+08
1.85463e-05 324966 4.9521e+08
0.000931765 325452 4.95919e+08
-0.000836345 325883 4.96541e+08
8.63473e-05 326292 4.9713e+08
0.000539777 326620 4.9759e+08
2.35392e-05 326698 4.97667e+08
-0.00038423 326668 4.97578e+08
-6.59585e-05 326636 4.97482e+08
-0.123173 326207 4.96771e+08
-0.0109704 325424 4.95514e+08
2.71971e-06 324674 4.94302e+08
1.47996e-06 324003 4.93211e+08
-9.5448e-07 323427 4.92263e+08
8.21085e-07 322925 4.91424e+08
-0.00161571 322422 4.90583e+08
0.00871564 321860 4.89648e+08
9.87469e-05 321036 4.88308e+08
-9.21214e-05 320227 4.87001e+08
4.66178e-07 301945 4.59212e+08
-3.06009e-08 274527 4.17531e+08
-5.0134e-06 233407 3.55015e+08
7.72707e-09 171746 2.61252e+08
4.81577e-10 98693.1 1.50144e+08
1.52772e-09 25668.6 3.90543e+07
5.93304e-06 -43735 -6.65491e+07
-0.00380343 -98982.4 -1.50636e+08
-0.00336964 -147987 -2.25244e+08
-0.000315815 -185345 -2.82145e+08
4.33079e-05 -208361 -3.17218e+08
-0.000391247 -226955 -3.45566e+08
5.94087e-05 -243946 -3.71479e+08
4.67829e-05 -258859 -3.94228e+08
5.1551e-05 -272366 -4.14837e+08
0.0124603 -284391 -4.33194e+08
3.55939e-06 -292948 -4.46263e+08
9.5192e-06 -298924 -4.5539e+08
9.92921e-06 -303836 -4.6289e+08
5.41768e-06 -308076 -4.69363e+08
1.26114e-05 -311785 -4.75024e+08
-0.000926826 -315037 -4.79986e+08
6.15185e-05 -317087 -4.83105e+08
3.48063e-05 -318754 -4.85636e+08
-5.33671e-05 -320119 -4.87703e+08
-0.000682758 -321327 -4.89529e+08
-0.000399585 -322367 -4.91094e+08
0.0047457 -322479 -4.91233e+08
0.00066994 -322527 -4.9127e+08
-0.000491405 -322559 -4.9128e+08
1.47684e-06 -322582 -4.91276e+08
-0.000206671 -322636 -4.91316e+08
-0.000262018 -322658 -4.91305e+08
0.0422154 -322105 -4.90404e+08
-0.0032512 -321471 -4.89377e+08
-1.18848e-05 -320896 -4.88437e+08
-2.31012e-06 -320342 -4.87525e+08
-2.70906e-05 -319655 -4.86407e+08
-4.18236e-06 -318980 -4.85306e+08
-3.72388e-06 -318342 -4.84259e+08
0.0019164 -317712 -4.83227e+08
