0 0
-0.000511976 1.27083
-0.00204791 2.54167
-0.00460779 3.8125
-0.00819164 5.08333
-0.0127995 6.35417
-0.0184312 7.625
-0.025087 8.89583
-0.0327668 10.1667
-0.0413227 11.4375
-0.050956 12.7083
-0.0616395 13.9792
-0.073552 15.25
-0.0617314 13.9792
-0.0509349 12.7083
-0.0411626 11.4375
-0.0324142 10.1667
-0.0246898 8.89583
-0.0179895 7.625
-0.0123131 6.35417
-0.00766074 5.08333
-0.00403232 3.8125
-0.00142786 2.54167
0.000152638 1.27083
0.000709185 -6.66134e-16
0.00024178 -1.27083
-0.00124958 -2.54167
-0.00376489 -3.8125
-0.00760781 -5.08333
-0.0124437 -6.35417
-0.0180642 -7.625
-0.0247287 -8.89583
-0.0326068 -10.1667
-0.0413602 -11.4375
-0.0511626 -12.7083
-0.0620147 -13.9792
-0.0736913 -15.25
-0.062166 -14.0135
-0.0516102 -12.777
-0.0420238 -11.5405
-0.0334068 -10.3041
-0.0257592 -9.06757
-0.0190811 -7.83108
-0.0133723 -6.59459
-0.0086329 -5.35811
-0.00486287 -4.12162
-0.0020622 -2.88514
-0.000230886 -1.64865
0.000631075 -0.412162
0.000523685 0.824324
-0.000553057 2.06081
-0.00271968 3.2973
-0.00583959 4.53378
-0.00986518 5.77027
-0.0148767 7.00676
-0.0208875 8.24324
-0.0278764 9.47973
-0.0358554 10.7162
-0.0448249 11.9527
-0.0547854 13.1892
-0.0657931 14.4257
-0.0777283 15.6622
-0.0906578 16.8986
-0.104582 18.1351
-0.118913 19.3716
-0.134783 20.6081
-0.15165 21.8446
-0.169514 23.0811
-0.188378 24.3176
-0.208239 25.5541
-0.226994 26.7905
-0.248665 28.027
-0.271337 29.2635
-0.295009 30.5
-0.271176 29.2551
-0.248327 28.0102
-0.226461 26.7653
-0.205578 25.5204
-0.185678 24.2755
-0.166761 23.0306
-0.148827 21.7857
-0.131875 20.5408
-0.115907 19.2959
-0.100921 18.051
-0.0869182 16.8061
-0.073898 15.5612
-0.0622398 14.3163
-0.0514422 13.0714
-0.041312 11.8265
-0.0321761 10.5816
-0.0243059 9.33673
-0.0171571 8.09184
-0.0110052 6.84694
-0.00585105 5.60204
-0.0021494 4.35714
0.00100624 3.11224
0.00316265 1.86735
0.00431905 0.622449
0.00447465 -0.622449
0.0036287 -1.86735
0.00101127 -3.11224
-0.00196272 -4.35714
-0.00581334 -5.60204
-0.010665 -6.84694
-0.0165185 -8.09184
-0.0233748 -9.33673
-0.0312348 -10.5816
-0.0400992 -11.8265
-0.0499691 -13.0714
-0.060845 -14.3163
-0.0727279 -15.5612
-0.0856185 -16.8061
-0.0995174 -18.051
-0.114425 -19.2959
-0.131773 -20.5408
-0.148604 -21.7857
-0.166436 -23.0306
-0.185269 -24.2755
-0.205106 -25.5204
-0.225948 -26.7653
-0.247795 -28.0102
-0.270649 -29.2551
-0.29451 -30.5
-0.270969 -29.2702
-0.248387 -28.0403
-0.226764 -26.8105
-0.2061 -25.5806
-0.186396 -24.3508
-0.167652 -23.121
-0.149866 -21.8911
-0.13304 -20.6613
-0.117173 -19.4315
-0.102265 -18.2016
-0.0883162 -16.9718
-0.0753266 -15.7419
-0.063296 -14.5121
-0.0526661 -13.2823
-0.0428561 -12.0524
-0.0336654 -10.8226
-0.0256903 -9.59274
-0.0184438 -8.3629
-0.0121692 -7.13306
-0.00720077 -5.90323
-0.00288383 -4.67339
0.000459481 -3.44355
0.00282849 -2.21371
0.00422256 -0.983871
0.00448496 0.245968
0.00363829 1.47581
0.00208751 2.70565
-0.000438409 3.93548
-0.00394004 5.16532
-0.00841798 6.39516
-0.0138728 7.625
-0.0203053 8.85484
-0.0277159 10.0847
-0.0361053 11.3145
-0.0454742 12.5444
-0.0558232 13.7742
-0.067153 15.004
-0.0794643 16.2339
-0.0927576 17.4637
-0.107051 18.6935
-0.122242 19.9234
-0.138409 21.1532
-0.155554 22.3831
-0.173678 23.6129
-0.192781 24.8427
-0.212863 26.0726
-0.233926 27.3024
-0.255971 28.5323
-0.278997 29.7621
-0.303006 30.9919
-0.327998 32.2218
-0.353975 33.4516
-0.380935 34.6814
-0.408881 35.9113
-0.437812 37.1411
-0.46773 38.371
-0.498634 39.6008
-0.530525 40.8306
-0.563403 42.0605
-0.597269 43.2903
-0.632124 44.5202
-0.667967 45.75
-0.632144 44.5135
-0.597292 43.277
-0.56341 42.0405
-0.530499 40.8041
-0.498557 39.5676
-0.467587 38.3311
-0.437586 37.0946
-0.408556 35.8581
-0.380495 34.6216
-0.353405 33.3851
-0.327284 32.1486
-0.302134 30.9122
-0.277954 29.6757
-0.254743 28.4392
-0.233119 27.2027
-0.212235 25.9662
-0.19183 24.7297
-0.17275 23.4932
-0.154302 22.2568
-0.137226 21.0203
-0.120858 19.7838
-0.10537 18.5473
-0.090864 17.3108
-0.0773397 16.0743
-0.0656337 14.8378
-0.0541209 13.6014
-0.0435896 12.3649
-0.0340403 11.1284
-0.0254736 9.89189
-0.0178899 8.65541
-0.0112898 7.41892
-0.00567362 6.18243
-0.00104205 4.94595
0.00260437 3.70946
0.00526507 2.47297
0.00693941 1.23649
0.00539354 -5.32907e-15
0.00499758 -1.23649
0.00362346 -2.47297
0.00127068 -3.70946
-0.00206131 -4.94595
-0.00637309 -6.18243
-0.0116653 -7.41892
-0.0179386 -8.65541
-0.0251936 -9.89189
-0.0334312 -11.1284
-0.042652 -12.3649
-0.0528568 -13.6014
-0.0640465 -14.8378
-0.0762218 -16.0743
-0.0893836 -17.3108
-0.103533 -18.5473
-0.11867 -19.7838
-0.134795 -21.0203
-0.151911 -22.2568
-0.170016 -23.4932
-0.189113 -24.7297
-0.209201 -25.9662
-0.230281 -27.2027
-0.252355 -28.4392
-0.275422 -29.6757
-0.299483 -30.9122
-0.324539 -32.1486
-0.35059 -33.3851
-0.377637 -34.6216
-0.40568 -35.8581
-0.43472 -37.0946
-0.464769 -38.3311
-0.500129 -39.5676
-0.540102 -40.8041
-0.58458 -42.0405
-0.632942 -43.277
-0.684729 -44.5135
-0.739459 -45.75
-0.703912 -44.523
-0.669321 -43.296
-0.635685 -42.069
-0.603005 -40.842
-0.571281 -39.6149
-0.540512 -38.3879
-0.510698 -37.1609
-0.48184 -35.9339
-0.453938 -34.7069
-0.42699 -33.4799
-0.400998 -32.2529
-0.375961 -31.0259
-0.351879 -29.7989
-0.328752 -28.5718
-0.306581 -27.3448
-0.276085 -26.1178
-0.250162 -24.8908
-0.22693 -23.6638
-0.202619 -22.4368
-0.180524 -21.2098
-0.158694 -19.9828
-0.135236 -18.7557
-0.116413 -17.5287
-0.0988422 -16.3017
-0.0782587 -15.0747
-0.0580969 -13.8477
-0.0410713 -12.6207
-0.0273317 -11.3937
-0.0148938 -10.1667
-0.00376664 -8.93966
0.00605117 -7.71264
0.0146208 -6.48563
0.0250029 -5.25862
0.0292876 -4.03161
0.0330316 -2.8046
0.0362283 -1.57759
0.0388743 -0.350575
0.0391075 0.876437
0.0358675 2.10345
0.0317264 3.33046
0.0266921 4.55747
0.0207716 5.78448
0.0139705 7.01149
0.00629348 8.23851
-0.00225651 9.46552
-0.0116777 10.6925
-0.0219695 11.9195
-0.0331326 13.1466
-0.0451687 14.3736
-0.0580803 15.6006
-0.0718707 16.8276
-0.0865439 18.0546
-0.106436 19.2816
-0.130317 20.5086
-0.157651 21.7356
-0.188177 22.9626
-0.221598 24.1897
-0.258285 25.4167
-0.299612 26.6437
-0.344435 27.8707
-0.392271 29.0977
-0.441088 30.3247
-0.491162 31.5517
-0.543086 32.7787
-0.596564 34.0057
-0.660493 35.2328
-0.733293 36.4598
-0.806977 37.6868
-0.882137 38.9138
-0.958556 40.1408
-1.03605 41.3678
-1.11446 42.5948
-1.19366 43.8218
-1.27355 45.0489
-1.35406 46.2759
-1.43513 47.5029
-1.51672 48.7299
-1.5988 49.9569
-1.69034 51.1839
-1.78927 52.4109
-1.89085 53.6379
-1.99449 54.8649
-2.09995 56.092
-2.20702 57.319
-2.31551 58.546
-2.42522 59.773
-2.53601 61
-2.47927 59.7677
-2.4235 58.5354
-2.3687 57.303
-2.31487 56.0707
-2.26201 54.8384
-2.21011 53.6061
-2.15919 52.3737
-2.10923 51.1414
-2.06024 49.9091
-2.01222 48.6768
-1.96516 47.4444
-1.91789 46.2121
-1.86303 44.9798
-1.8044 43.7475
-1.74311 42.5152
-1.67734 41.2828
-1.61026 40.0505
-1.5521 38.8182
-1.50028 37.5859
-1.44733 36.3535
-1.39479 35.1212
-1.34185 33.8889
-1.28829 32.6566
-1.23746 31.4242
-1.18735 30.1919
-1.13802 28.9596
-1.08952 27.7273
-1.04223 26.4949
-1.0004 25.2626
-0.959766 24.0303
-0.920359 22.798
-0.878897 21.5657
-0.837479 20.3333
-0.797139 19.101
-0.757898 17.8687
-0.719772 16.6364
-0.682779 15.404
-0.646933 14.1717
-0.615468 12.9394
-0.587402 11.7071
-0.560833 10.4747
-0.535776 9.24242
-0.513333 8.0101
-0.492027 6.77778
-0.472103 5.54545
-0.453577 4.31313
-0.436465 3.08081
-0.420668 1.84848
-0.405293 0.616162
-0.39125 -0.616162
-0.383282 -1.84848
-0.38321 -3.08081
-0.392059 -4.31313
-0.405717 -5.54545
-0.426987 -6.77778
-0.452525 -8.0101
-0.48194 -9.24242
-0.514808 -10.4747
-0.550689 -11.7071
-0.588167 -12.9394
-0.626771 -14.1717
-0.666735 -15.404
-0.709596 -16.6364
-0.75994 -17.8687
-0.812267 -19.101
-0.866585 -20.3333
-0.922763 -21.5657
-0.980659 -22.798
-1.04012 -24.0303
-1.101 -25.2626
-1.16316 -26.4949
-1.22733 -27.7273
-1.29361 -28.9596
-1.3615 -30.1919
-1.43079 -31.4242
-1.5013 -32.6566
-1.57285 -33.8889
-1.64531 -35.1212
-1.72175 -36.3535
-1.80257 -37.5859
-1.88532 -38.8182
-1.96934 -40.0505
-2.05521 -41.2828
-2.14285 -42.5152
-2.23216 -43.7475
-2.32302 -44.9798
-2.41532 -46.2121
-2.50893 -47.4444
-2.60373 -48.6768
-2.6996 -49.9091
-2.79644 -51.1414
-2.89418 -52.3737
-2.99274 -53.6061
-3.09208 -54.8384
-3.19377 -56.0707
-3.29745 -57.303
-3.40283 -58.5354
-3.50954 -59.7677
-3.61747 -61
