4.58417e-06 9.19566e-06 -2.0509e-23
1.063e-05 2.13187e-05 -3.57802e-23
1.66784e-05 3.34417e-05 -2.47028e-22
2.27295e-05 4.55647e-05 -1.58954e-22
2.87832e-05 5.76877e-05 -2.12468e-23
3.48395e-05 6.98108e-05 -8.39365e-23
4.08984e-05 8.19338e-05 -1.55963e-22
4.696e-05 9.40568e-05 3.40535e-22
5.30242e-05 0.00010618 5.50829e-22
5.90911e-05 0.000118303 -2.64911e-22
6.51605e-05 0.000130426 2.38991e-22
7.12326e-05 0.000142549 6.6156e-22
7.73074e-05 0.000154672 1.08334e-23
8.33847e-05 0.000166795 -2.40446e-22
8.94647e-05 0.000178918 -1.34671e-22
9.55473e-05 0.000191041 4.3794e-22
0.000101633 0.000203165 5.19148e-22
0.00010772 0.000215288 -1.66706e-22
0.000113811 0.000227411 5.20787e-22
0.000119904 0.000239534 3.4802e-22
0.000126 0.000251657 3.31106e-22
0.000132098 0.000263781 -1.35774e-21
0.000138199 0.000275904 2.98497e-22
0.000144303 0.000288027 -4.0151e-22
0.000150409 0.00030015 -1.01287e-24
0.000158702 0.000314392 3.05045e-20
0.000172953 0.000336399 2.26777e-19
0.000191351 0.000364413 2.63669e-20
0.000209765 0.000391575 -8.118e-20
0.00023064 0.000421069 -1.12018e-19
0.000252369 0.000451914 1.56619e-19
0.000274108 0.000481673 -1.08357e-19
0.000298994 0.00051475 4.37103e-19
0.0003234 0.000547966 -8.95052e-21
0.000347805 0.000580073 7.48766e-21
0.000372205 0.000611112 -3.94536e-20
0.000399608 0.000643069 2.3819e-19
0.000425672 0.000677325 -9.78653e-20
0.000451716 0.000710782 8.26262e-20
0.000477738 0.000743459 -2.74585e-20
0.000503739 0.000775376 -1.90602e-20
0.000529719 0.000806553 9.67534e-21
0.000555679 0.00083701 -1.68388e-21
0.000581617 0.000866768 4.89033e-20
0.000607535 0.000895848 5.00461e-20
0.000639788 0.000925025 -1.67812e-20
0.000667629 0.00095718 2.47274e-20
0.000694375 0.000989191 5.32656e-20
0.000681343 0.000963464 3.15239e-20
0.000668324 0.000937737 6.08445e-20
0.000655316 0.00091201 2.27211e-20
0.000642321 0.000886284 3.03996e-20
0.000629337 0.000860558 3.17625e-20
0.000616366 0.000834832 2.66916e-20
0.000603406 0.000809106 2.64617e-20
0.000590458 0.00078338 2.56752e-20
0.000577522 0.000757655 2.47594e-20
0.000564597 0.000731929 2.42667e-20
0.000551685 0.000706204 2.55864e-20
0.000538785 0.000680479 2.64295e-20
0.000525896 0.000654753 2.38083e-20
0.000513019 0.000629028 2.52255e-20
0.000500155 0.000603303 2.58828e-20
0.000487302 0.000577579 2.60833e-20
0.00047446 0.000551854 2.39635e-20
0.000461631 0.000526129 2.45006e-20
0.000441292 0.000487524 -3.98577e-19
0.000413569 0.000433299 6.3831e-20
0.000384499 0.000376228 5.32619e-19
0.000354997 0.000321144 8.4157e-20
0.000322198 0.000262441 7.09058e-20
0.000288344 0.000201619 1.19639e-19
0.00025388 0.000142803 8.61147e-19
0.000217054 8.51182e-05 -1.24348e-18
0.000178501 1.96329e-05 -1.18278e-18
0.000139198 -4.4258e-05 -7.2615e-18
9.91572e-05 -0.000106482 -7.75436e-18
5.83959e-05 -0.000166975 -5.46643e-17
1.69357e-05 -0.000225696 -5.49874e-17
-2.89218e-05 -0.000288632 3.01426e-16
-7.38033e-05 -0.00035537 3.0869e-16
-0.000119374 -0.000421216 1.55598e-15
-0.000165596 -0.000485992 1.64637e-15
-0.000212432 -0.000549546 9.45389e-15
-0.00025984 -0.000611759 9.73411e-15
-0.000307779 -0.000672534 5.35639e-14
-0.000356209 -0.000731803 5.3771e-14
-0.000405089 -0.000789514 3.0133e-13
-0.000454381 -0.000845641 1.61825e-12
-0.000504048 -0.00090017 8.54484e-12
-0.000558562 -0.000959308 -3.48509e-12
-0.000609538 -0.00102189 4.04999e-13
-0.000660764 -0.00108444 5.19355e-13
-0.000649296 -0.00106105 4.65228e-13
-0.000637818 -0.00103766 5.34632e-13
-0.00062633 -0.00101427 5.34606e-13
-0.000614832 -0.000990882 5.3464e-13
-0.000603325 -0.000967493 5.34682e-13
-0.000591808 -0.000944104 5.34724e-13
-0.000580281 -0.000920716 5.34767e-13
-0.000568745 -0.000897327 5.34808e-13
-0.000557199 -0.000873939 5.3485e-13
-0.000545643 -0.00085055 5.34892e-13
-0.000534078 -0.000827162 5.34934e-13
-0.000522502 -0.000803774 5.34976e-13
-0.000510917 -0.000780386 5.35018e-13
-0.000499322 -0.000756998 5.3506e-13
-0.000487718 -0.000733611 5.35102e-13
-0.000476104 -0.000710223 5.35144e-13
-0.00046448 -0.000686835 5.35186e-13
-0.000452846 -0.000663448 5.35228e-13
-0.000441203 -0.00064006 5.3527e-13
-0.000427104 -0.000608992 5.34463e-13
-0.000405233 -0.00056183 5.27949e-13
-0.000380157 -0.000511164 5.19375e-13
-0.000354709 -0.000461916 5.114e-13
-0.000327113 -0.000406785 5.01082e-13
-0.000298267 -0.000352362 4.90822e-13
-0.000268899 -0.000299316 4.81115e-13
-0.000238281 -0.000241736 4.69491e-13
-0.000205739 -0.000182394 4.57438e-13
-0.000172537 -0.000124105 4.45772e-13
-0.000138672 -6.69067e-05 4.34603e-13
-0.000104144 -1.08339e-05 4.23351e-13
-6.89567e-05 4.40816e-05 4.15474e-13
-3.24933e-05 0.00010527 3.9978e-13
5.57514e-06 0.000167994 3.87558e-13
4.4368e-05 0.000230257 3.73841e-13
8.38702e-05 0.000291937 3.63275e-13
0.000124063 0.000352916 3.46878e-13
0.000164924 0.000413091 3.40778e-13
0.000206429 0.000472367 3.15118e-13
0.000248548 0.000530663 3.21433e-13
0.000291254 0.000587906 2.69324e-13
0.000334513 0.000644038 4.5821e-13
0.000378294 0.000699009 -4.87457e-13
0.000422563 0.00075278 3.74589e-12
0.000467288 0.000805322 -1.48406e-11
0.000512436 0.000856617 5.71807e-12
0.000561705 0.000915204 5.89267e-12
0.000608909 0.000974318 -1.92646e-11
0.000656462 0.00103339 -5.8405e-12
0.000643976 0.00100874 -9.97251e-12
0.000631502 0.000984088 -4.07697e-12
0.000619037 0.000959436 -4.07405e-12
0.000606584 0.000934785 -4.07417e-12
0.000594142 0.000910134 -4.07388e-12
0.000581711 0.000885483 -4.07361e-12
0.000569291 0.000860832 -4.07335e-12
0.000556881 0.000836182 -4.07309e-12
0.000544483 0.000811531 -4.07283e-12
0.000532095 0.000786881 -4.07256e-12
0.000519719 0.00076223 -4.0723e-12
0.000507353 0.00073758 -4.07204e-12
0.000494998 0.00071293 -4.07178e-12
0.000482654 0.00068828 -4.07151e-12
0.000470321 0.00066363 -4.07125e-12
0.000457999 0.00063898 -4.07099e-12
0.000445688 0.00061433 -4.07073e-12
0.000433387 0.00058968 -4.07046e-12
0.000421098 0.000565031 -4.0702e-12
0.000405121 0.000534028 -4.0299e-12
0.00038074 0.000485123 -3.90926e-12
0.000354246 0.000432374 -3.7841e-12
0.000326292 0.000378859 -3.656e-12
0.000296312 0.000320843 -3.5268e-12
0.000265793 0.000264285 -3.4082e-12
0.00023284 0.000203449 -3.2802e-12
0.000199003 0.000140603 -3.16408e-12
0.000164477 7.88959e-05 -3.05599e-12
0.000129256 1.83667e-05 -2.95169e-12
9.33383e-05 -4.09484e-05 -2.82879e-12
5.44149e-05 -0.000107232 -2.77807e-12
1.55212e-05 -0.000174417 -2.81737e-12
-2.41368e-05 -0.000241072 -2.71215e-12
-6.45474e-05 -0.000307071 -3.17642e-12
-0.000105694 -0.0003723 -2.99335e-12
-0.000147557 -0.000436647 -5.05261e-12
-0.000190111 -0.000500017 -4.50606e-12
-0.000233328 -0.000562318 -1.21431e-11
-0.000277179 -0.000623473 -1.012e-11
-0.000321629 -0.000683413 -8.93678e-12
-0.000366645 -0.000742081 -2.12149e-11
-0.000412191 -0.000799434 -3.95467e-12
-0.000458231 -0.000855436 1.55034e-11
-0.000508775 -0.000913455 -9.41391e-12
-0.000556392 -0.000976705 -2.78392e-11
-0.000604375 -0.00103995 -1.46175e-12
-0.000591554 -0.0010138 1.32336e-11
-0.000578722 -0.000987655 -7.04066e-12
-0.000565877 -0.000961508 -7.04154e-12
-0.00055302 -0.000935361 -7.0421e-12
-0.000540151 -0.000909215 -7.0426e-12
-0.00052727 -0.000883068 -7.04309e-12
-0.000514377 -0.000856922 -7.04358e-12
-0.000501471 -0.000830776 -7.04406e-12
-0.000488554 -0.000804629 -7.04455e-12
-0.000475624 -0.000778483 -7.04504e-12
-0.000462682 -0.000752338 -7.04553e-12
-0.000449728 -0.000726192 -7.04601e-12
-0.000436762 -0.000700046 -7.0465e-12
-0.000423784 -0.000673901 -7.04699e-12
-0.000410793 -0.000647755 -7.04748e-12
-0.00039779 -0.00062161 -7.04796e-12
-0.000384775 -0.000595464 -7.04845e-12
-0.000371748 -0.000569319 -7.04894e-12
-0.000358709 -0.000543174 -7.04943e-12
-0.000341605 -0.000506347 -7.01793e-12
-0.00031526 -0.00045119 -6.89668e-12
-0.000286869 -0.000395856 -6.76552e-12
-0.00025664 -0.000336045 -6.62803e-12
-0.00022434 -0.000275189 -6.48196e-12
-0.000191353 -0.000212398 -6.34563e-12
-0.000155445 -0.00014509 -6.1887e-12
-0.000118707 -7.90171e-05 -6.04003e-12
-8.11322e-05 -1.42272e-05 -5.89887e-12
-4.30942e-05 5.31656e-05 -5.77323e-12
-2.27607e-06 0.000125729 -5.6237e-12
3.94868e-05 0.000197755 -5.48135e-12
8.21852e-05 0.000269103 -5.33865e-12
0.000125803 0.000339641 -5.20998e-12
0.000170319 0.00040924 -5.06525e-12
0.00