-2.29163e-05 9.19566e-06 1.02506e-22
-5.31256e-05 2.13187e-05 1.34373e-22
-8.33322e-05 3.34417e-05 1.33015e-21
-0.000113536 4.55647e-05 8.40297e-22
-0.000143738 5.76877e-05 -1.82512e-22
-0.000173936 6.98108e-05 7.16945e-22
-0.000204132 8.19338e-05 6.40384e-22
-0.000234326 9.40568e-05 -1.72534e-21
-0.000264517 0.00010618 -1.99782e-21
-0.000294705 0.000118303 1.91802e-21
-0.000324891 0.000130426 -7.63595e-22
-0.000355074 0.000142549 -2.63841e-21
-0.000385255 0.000154672 2.39304e-22
-0.000415432 0.000166795 1.38256e-21
-0.000445608 0.000178918 -6.81897e-22
-0.000475781 0.000191041 -2.53547e-21
-0.000505951 0.000203165 -5.77737e-21
-0.000536118 0.000215288 6.5742e-22
-0.000566283 0.000227411 -3.26495e-22
-0.000596446 0.000239534 -3.09249e-21
-0.000626605 0.000251657 -2.13249e-21
-0.000656763 0.000263781 4.22947e-21
-0.000686917 0.000275904 -1.29041e-21
-0.000717069 0.000288027 -5.00978e-22
-0.000747219 0.00030015 1.28976e-21
-0.000784689 0.000314392 2.30229e-20
-0.000851594 0.000336399 2.09584e-19
-0.000942849 0.000364413 5.48707e-20
-0.00103417 0.000391575 -8.56207e-20
-0.00113414 0.000421069 -2.02557e-19
-0.00124191 0.000451914 2.24328e-19
-0.00134973 0.000481673 -1.45706e-19
-0.00146658 0.00051475 7.90143e-20
-0.00158752 0.000547966 1.54279e-19
-0.00170847 0.000580073 -1.00352e-19
-0.0018294 0.000611112 -4.78803e-21
-0.00195085 0.000643069 3.02283e-19
-0.0020796 0.000677325 -1.6214e-19
-0.00220828 0.000710782 7.76775e-20
-0.00233687 0.000743459 -6.47887e-20
-0.00246536 0.000775376 -4.31869e-20
-0.00259377 0.000806553 -4.32383e-20
-0.00272208 0.00083701 -1.62965e-20
-0.00285029 0.000866768 5.11889e-20
-0.00297841 0.000895848 -3.87595e-20
-0.00310071 0.000925025 -9.32236e-20
-0.00323031 0.00095718 -3.57096e-20
-0.00336091 0.000989191 -4.64671e-21
-0.003297 0.000963464 -1.36268e-19
-0.00323308 0.000937737 5.17033e-19
-0.00316915 0.00091201 -2.36216e-20
-0.00310521 0.000886284 -2.24318e-20
-0.00304126 0.000860558 -3.31246e-20
-0.00297729 0.000834832 -3.83483e-20
-0.00291332 0.000809106 -4.12777e-20
-0.00284933 0.00078338 -3.7081e-20
-0.00278533 0.000757655 -3.62444e-20
-0.00272132 0.000731929 -3.02404e-20
-0.0026573 0.000706204 -3.68339e-20
-0.00259327 0.000680479 -4.26095e-20
-0.00252922 0.000654753 -3.10088e-20
-0.00246517 0.000629028 -3.76232e-20
-0.0024011 0.000603303 -4.11532e-20
-0.00233702 0.000577579 -4.28184e-20
-0.00227293 0.000551854 -3.16521e-20
-0.00220883 0.000526129 -3.60776e-20
-0.00211593 0.000487524 -4.12122e-19
-0.00198438 0.000433299 -1.90676e-20
-0.00183868 0.000376228 4.17836e-19
-0.0016907 0.000321144 -2.16877e-19
-0.00153208 0.000262441 -1.8655e-20
-0.00136208 0.000201619 1.80161e-19
-0.0011889 0.000142803 2.01804e-18
-0.00101304 8.51182e-05 6.66886e-18
-0.000819103 1.96329e-05 5.91844e-18
-0.000621246 -4.4258e-05 4.35112e-17
-0.000419544 -0.000106482 4.16124e-17
-0.000214095 -0.000166975 2.77653e-16
-5.01629e-06 -0.000225696 2.80017e-16
0.000210527 -0.000288632 -1.45661e-15
0.000437332 -0.00035537 -1.58255e-15
0.000667791 -0.000421216 -7.93078e-15
0.000901698 -0.000485992 -8.41307e-15
0.00113884 -0.000549546 -4.82777e-14
0.00137899 -0.000611759 -5.00284e-14
0.00162193 -0.000672534 -2.74461e-13
0.00186743 -0.000731803 -2.77369e-13
0.00211529 -0.000789514 -1.54726e-12
0.00236529 -0.000845641 -8.3017e-12
0.00261723 -0.00090017 -4.38649e-11
0.00287035 -0.000959308 1.51057e-11
0.00313155 -0.00102189 -2.7923e-12
0.00339424 -0.00108444 -3.46248e-12
0.00333576 -0.00106105 -3.67536e-12
0.00327729 -0.00103766 -3.58705e-12
0.00321883 -0.00101427 -3.5871e-12
0.00316038 -0.000990882 -3.58707e-12
0.00310194 -0.000967493 -3.58703e-12
0.00304351 -0.000944104 -3.58698e-12
0.00298509 -0.000920716 -3.58694e-12
0.00292669 -0.000897327 -3.5869e-12
0.00286829 -0.000873939 -3.58686e-12
0.0028099 -0.000850551 -3.58682e-12
0.00275152 -0.000827162 -3.58678e-12
0.00269315 -0.000803774 -3.58674e-12
0.00263479 -0.000780386 -3.5867e-12
0.00257644 -0.000756998 -3.58665e-12
0.0025181 -0.000733611 -3.58661e-12
0.00245977 -0.000710223 -3.58657e-12
0.00240146 -0.000686835 -3.58653e-12
0.00234315 -0.000663448 -3.58649e-12
0.00228485 -0.00064006 -3.58645e-12
0.00220812 -0.000608992 -3.56755e-12
0.00209399 -0.00056183 -3.50763e-12
0.00196849 -0.000511164 -3.44089e-12
0.00184122 -0.000461916 -3.37936e-12
0.00170011 -0.000406785 -3.29941e-12
0.00155589 -0.000352362 -3.22487e-12
0.00140918 -0.000299316 -3.15513e-12
0.00125254 -0.000241736 -3.07067e-12
0.00108998 -0.000182394 -2.98795e-12
0.000924247 -0.000124105 -2.90879e-12
0.000755319 -6.69067e-05 -2.83363e-12
0.000583197 -1.08339e-05 -2.75951e-12
0.000407895 4.40816e-05 -2.70356e-12
0.000222963 0.00010527 -2.6048e-12
3.33987e-05 0.000167994 -2.52653e-12
-0.000159623 0.000230257 -2.44148e-12
-0.000356027 0.000291937 -2.37299e-12
-0.000555722 0.000352916 -2.27644e-12
-0.0007586 0.000413091 -2.23164e-12
-0.000964538 0.000472367 -2.09103e-12
-0.0011734 0.000530663 -2.10881e-12
-0.00138505 0.000587906 -1.83959e-12
-0.00159933 0.000644038 -2.75778e-12
-0.00181609 0.000699009 1.90675e-12
-0.00203517 0.00075278 -1.88917e-11
-0.00225641 0.000805322 7.24036e-11
-0.00247965 0.000856617 -2.83436e-11
-0.00270638 0.000915204 -2.61334e-11
-0.00293762 0.000974318 9.51689e-11
-0.00317046 0.00103339 2.99142e-11
-0.00310922 0.00100874 1.45296e-11
-0.00304798 0.000984088 2.04515e-11
-0.00298672 0.000959437 2.04544e-11
-0.00292545 0.000934785 2.04543e-11
-0.00286417 0.000910134 2.04546e-11
-0.00280288 0.000885483 2.04549e-11
-0.00274158 0.000860832 2.04551e-11
-0.00268027 0.000836182 2.04554e-11
-0.00261895 0.000811531 2.04556e-11
-0.00255762 0.000786881 2.04559e-11
-0.00249628 0.00076223 2.04562e-11
-0.00243492 0.00073758 2.04564e-11
-0.00237356 0.00071293 2.04567e-11
-0.00231218 0.00068828 2.04569e-11
-0.0022508 0.00066363 2.04572e-11
-0.0021894 0.00063898 2.04575e-11
-0.002128 0.00061433 2.04577e-11
-0.00206658 0.00058968 2.0458e-11
-0.00200515 0.000565031 2.04582e-11
-0.00192971 0.000534028 2.03099e-11
-0.00181113 0.000485123 1.97243e-11
-0.00167854 0.000432374 1.90763e-11
-0.00154093 0.000378859 1.8433e-11
-0.00139077 0.000320843 1.77648e-11
-0.00123781 0.000264285 1.71517e-11
-0.00107598 0.000203449 1.65091e-11
-0.000906272 0.000140603 1.59099e-11
-0.000732986 7.88959e-05 1.53524e-11
-0.000556094 1.83668e-05 1.48154e-11
-0.000375587 -4.09483e-05 1.41851e-11
-0.000186128 -0.000107232 1.39333e-11
9.53503e-06 -0.000174417 1.41375e-11
0.000209205 -0.000241072 1.35984e-11
0.000412822 -0.000307071 1.59604e-11
0.000620301 -0.0003723 1.50415e-11
0.000831535 -0.000436647 2.55583e-11
0.0010464 -0.000500017 2.28304e-11
0.00126474 -0.000562318 6.19323e-11
0.0014864 -0.000623473 5.18174e-11
0.00171121 -0.000683413 4.58272e-11
0.00193898 -0.000742081 1.08873e-10
0.00216953 -0.000799434 2.09333e-11
0.00240267 -0.000855437 -8.12674e-11
0.00263621 -0.000913455 4.43119e-11
0.00287918 -0.000976705 1.44982e-10
0.00312427 -0.00103995 8.70052e-12
0.0030589 -0.0010138 5.62746e-11
0.00299353 -0.000987655 3.59565e-11
0.00292818 -0.000961508 3.59556e-11
0.00286285 -0.000935361 3.59551e-11
0.00279752 -0.000909215 3.59546e-11
0.00273221 -0.000883068 3.59541e-11
0.00266691 -0.000856922 3.59536e-11
0.00260162 -0.000830775 3.59531e-11
0.00253635 -0.000804629 3.59526e-11
0.00247108 -0.000778483 3.59521e-11
0.00240583 -0.000752337 3.59516e-11
0.0023406 -0.000726192 3.59512e-11
0.00227537 -0.000700046 3.59507e-11
0.00221016 -0.0006739 3.59502e-11
0.00214496 -0.000647755 3.59497e-11
0.00207977 -0.000621609 3.59492e-11
0.0020146 -0.000595464 3.59487e-11
0.00194943 -0.000569319 3.59482e-11
0.00188428 -0.000543174 3.59478e-11
0.00179251 -0.000506346 3.57071e-11
0.00165598 -0.00045119 3.50313e-11
0.00151414 -0.000395856 3.43592e-11
0.00135973 -0.000336045 3.36225e-11
0.00119844 -0.000275189 3.28749e-11
0.00102924 -0.000212398 3.21398e-11
0.000849976 -0.00014509 3.13362e-11
0.00066672 -7.9017e-05 3.05755e-11
0.000479439 -1.4227e-05 2.98537e-11
0.00028423 5.31657e-05 2.91759e-11
8.0795e-05 0.000125729 2.84095e-11
-0.000127149 0.000197756 2.76802e-11
-0.000339554 0.000269103 2.69503e-11
-0.000556344 0.000339641 2.62914e-11
-0.000777411 0.00040924 2.55538e-11
-0.00100262 0.000477785 2.50166e-11
-0.00123181 0.000545166 2.41287e-11
-0.00146481 0.000611289 2.38817