-4.37748 0.675598 7.53106e-18
-10.148 1.56627 9.87232e-18
-15.9181 2.45694 9.77251e-17
-21.6877 3.3476 6.1736e-17
-27.4567 4.23827 -1.34091e-17
-33.2253 5.12894 5.26734e-17
-38.9934 6.01961 4.70485e-17
-44.7609 6.91028 -1.2676e-16
-50.528 7.80095 -1.46778e-16
-56.2946 8.69162 1.40915e-16
-62.0607 9.5823 -5.61007e-17
-67.8262 10.473 -1.93842e-16
-73.5913 11.3636 1.75815e-17
-79.3559 12.2543 1.01576e-16
-85.12 13.145 -5.00984e-17
-90.8836 14.0357 -1.86279e-16
-96.6467 14.9263 -4.24459e-16
-102.409 15.817 4.83002e-17
-108.171 16.7077 -2.39873e-17
-113.933 17.5984 -2.27203e-16
-119.694 18.4891 -1.56673e-16
-125.455 19.3798 3.10736e-16
-131.215 20.2704 -9.48053e-17
-136.975 21.1611 -3.68065e-17
-142.734 22.0518 9.47579e-17
-149.891 23.0981 1.69147e-15
-162.671 24.715 1.5398e-14
-180.103 26.7731 4.03131e-15
-197.547 28.7687 -6.29049e-15
-216.643 30.9356 -1.48817e-14
-237.23 33.2018 1.64812e-14
-257.826 35.3881 -1.07049e-14
-280.145 37.8183 5.80512e-15
-303.249 40.2586 1.13348e-14
-326.352 42.6175 -7.37279e-15
-349.452 44.8979 -3.51773e-16
-365.075 46.1409 2.16892e-14
-365.43 45.1985 -1.15412e-14
-365.771 44.2725 5.63845e-15
-366.099 43.3637 -4.47874e-15
-366.415 42.4724 -2.68353e-15
-366.719 41.5993 -2.49446e-15
-367.012 40.7447 -4.82696e-16
-367.294 39.9088 4.13746e-15
-367.565 39.092 -2.28919e-15
-367.774 38.4607 -5.84087e-15
-367.953 37.9232 -1.49968e-15
-368.129 37.3972 7.12561e-16
-355.922 35.507 -8.95756e-15
-343.712 33.6169 3.90399e-14
-331.5 31.7268 -6.81513e-16
-319.286 29.8367 -5.94099e-16
-307.07 27.9466 -1.37969e-15
-294.852 26.0565 -1.76347e-15
-282.631 24.1665 -1.97869e-15
-270.408 22.2764 -1.67036e-15
-258.183 20.3864 -1.6089e-15
-245.956 18.4964 -1.16779e-15
-233.727 16.6064 -1.65221e-15
-221.495 14.7163 -2.07654e-15
-209.261 12.8263 -1.22424e-15
-197.025 10.9363 -1.7102e-15
-184.787 9.04635 -1.96954e-15
-172.547 7.15636 -2.09188e-15
-160.304 5.26638 -1.2715e-15
-148.059 3.3764 -1.59665e-15
-130.314 0.54015 -2.92243e-14
-105.185 -3.44376 -3.46933e-16
-77.3527 -7.63671 3.1752e-14
-49.0872 -11.6837 -1.48798e-14
-18.7861 -15.9966 -3.16616e-16
13.6869 -20.4651 1.42902e-14
46.768 -24.7863 1.49318e-13
80.3593 -29.0243 4.9101e-13
117.406 -33.8355 4.35877e-13
155.201 -38.5295 3.19779e-12
193.73 -43.101 3.05828e-12
232.975 -47.5454 2.04e-11
272.913 -51.8596 2.05737e-11
295.563 -52.8054 -1.00455e-10
299.933 -50.3947 -9.65665e-11
304.065 -48.1453 -4.93497e-10
307.976 -46.0449 -4.62987e-10
311.68 -44.082 -2.95278e-09
315.19 -42.2462 -2.68023e-09
318.519 -40.5279 -1.65809e-08
321.677 -38.9184 -1.45237e-08
324.675 -37.4094 -9.27143e-08
327.523 -35.9938 -5.04886e-07
330.229 -34.6644 -2.66562e-06
332.691 -33.8017 1.4117e-06
335.051 -33.1539 7.74394e-08
337.297 -32.5906 1.98573e-08
326.126 -30.8722 4.21705e-09
314.957 -29.1538 1.07047e-08
303.79 -27.4354 1.07016e-08
292.625 -25.717 1.07038e-08
281.462 -23.9987 1.07068e-08
270.301 -22.2803 1.07098e-08
259.142 -20.562 1.07129e-08
247.985 -18.8436 1.07159e-08
236.829 -17.1253 1.07189e-08
225.676 -15.407 1.07219e-08
214.524 -13.6887 1.0725e-08
203.375 -11.9704 1.0728e-08
192.227 -10.2521 1.0731e-08
181.081 -8.5338 1.0734e-08
169.937 -6.81551 1.0737e-08
158.795 -5.09724 1.074e-08
147.655 -3.37896 1.0743e-08
136.517 -1.66069 1.0746e-08
125.381 0.0575737 1.0749e-08
110.725 2.34009 1.21378e-08
88.9233 5.80509 1.65399e-08
64.9494 9.52749 2.1443e-08
40.6384 13.1457 2.59635e-08
13.6835 17.1961 3.1838e-08
-13.8638 21.1946 3.73137e-08
-41.8893 25.0918 4.24379e-08
-71.8096 29.3222 4.86428e-08
-102.862 33.6819 5.47206e-08
-134.521 37.9644 6.05364e-08
-166.79 42.1667 6.60581e-08
-199.668 46.2863 7.15036e-08
-233.155 50.3209 7.56143e-08
-244.883 49.6218 7.35824e-08
-250.494 47.8327 6.82282e-08
-255.913 46.1559 6.38778e-08
-261.149 44.5824 5.89267e-08
-266.211 43.1035 5.63667e-08
-271.104 41.7112 5.07696e-08
-275.835 40.3982 5.20485e-08
-280.408 39.1578 4.30012e-08
-284.827 37.9838 5.3539e-08
-289.097 36.8709 -1.32149e-08
-293.219 35.8139 2.85123e-07
-297.199 34.8084 -1.07757e-06
-301.039 33.8503 4.86567e-06
-304.742 32.9362 -2.17974e-06
-308.198 32.5592 -1.7318e-06
-311.572 32.2152 6.15136e-06
