0 0
-0.000122823 0.622449
-0.000491293 1.2449
-0.00110541 1.86735
-0.00196517 2.4898
-0.00307058 3.11224
-0.00442164 3.73469
-0.00601834 4.35714
-0.0078607 4.97959
-0.0099487 5.60204
-0.0122824 6.22449
-0.0148617 6.84694
-0.0176866 7.46939
-0.0207572 8.09184
-0.0240735 8.71429
-0.0276354 9.33673
-0.031443 9.95918
-0.0354963 10.5816
-0.0396402 11.2041
-0.0440401 11.8265
-0.0488696 12.449
-0.0539505 13.0714
-0.0591103 13.6939
-0.0646975 14.3163
-0.0705374 14.9388
-0.0762925 15.5612
-0.082632 16.1837
-0.0892251 16.8061
-0.0960718 17.4286
-0.103172 18.051
-0.110526 18.6735
-0.117324 19.2959
-0.12516 19.9184
-0.133249 20.5408
-0.141593 21.1633
-0.150192 21.7857
-0.159044 22.4082
-0.168151 23.0306
-0.177512 23.6531
-0.187127 24.2755
-0.196995 24.898
-0.207118 25.5204
-0.217 26.1429
-0.22537 26.7653
-0.236158 27.3878
-0.247201 28.0102
-0.2585 28.6327
-0.270055 29.2551
-0.281865 29.8776
-0.29393 30.5
-0.282013 29.8838
-0.270336 29.2677
-0.258901 28.6515
-0.247706 28.0354
-0.236753 27.4192
-0.22604 26.803
-0.215568 26.1869
-0.205336 25.5707
-0.195346 24.9545
-0.185596 24.3384
-0.176087 23.7222
-0.166819 23.1061
-0.157792 22.4899
-0.149005 21.8737
-0.14046 21.2576
-0.132155 20.6414
-0.12409 20.0253
-0.116267 19.4091
-0.108684 18.7929
-0.101342 18.1768
-0.0942412 17.5606
-0.0873807 16.9444
-0.0807611 16.3283
-0.0743821 15.7121
-0.068244 15.096
-0.0623465 14.4798
-0.0572547 13.8636
-0.0518143 13.2475
-0.0470795 12.6313
-0.0421122 12.0152
-0.0373882 11.399
-0.0329078 10.7828
-0.028671 10.1667
-0.0246779 9.5505
-0.0213209 8.93434
-0.0178135 8.31818
-0.0145501 7.70202
-0.011531 7.08586
-0.00875605 6.4697
-0.00622552 5.85354
-0.0039395 5.23737
-0.00252546 4.62121
-0.000730291 4.00505
0.000820432 3.38889
0.00212658 2.77273
0.00318801 2.15657
0.00400461 1.5404
0.00457625 0.924242
0.0049028 0.308081
0.00498416 -0.308081
0.0048202 -0.924242
0.00441081 -1.5404
0.00375589 -2.15657
0.00285533 -2.77273
0.000597555 -3.38889
-0.00079598 -4.00505
-0.00243424 -4.62121
-0.00431738 -5.23737
-0.00644554 -5.85354
-0.00881887 -6.4697
-0.0114375 -7.08586
-0.0143016 -7.70202
-0.0174113 -8.31818
-0.0207666 -8.93434
-0.0243678 -9.5505
-0.028215 -10.1667
-0.0323082 -10.7828
-0.0366477 -11.399
-0.0412334 -12.0152
-0.0460656 -12.6313
-0.0511442 -13.2475
-0.0564695 -13.8636
-0.0620416 -14.4798
-0.0678605 -15.096
-0.0739263 -15.7121
-0.0802391 -16.3283
-0.086799 -16.9444
-0.0936061 -17.5606
-0.10066 -18.1768
-0.107962 -18.7929
-0.115511 -19.4091
-0.123308 -20.0253
-0.133274 -20.6414
-0.141522 -21.2576
-0.150015 -21.8737
-0.158753 -22.4899
-0.167736 -23.1061
-0.176965 -23.7222
-0.186439 -24.3384
-0.196159 -24.9545
-0.206124 -25.5707
-0.216336 -26.1869
-0.226794 -26.803
-0.237498 -27.4192
-0.248449 -28.0354
-0.259646 -28.6515
-0.27109 -29.2677
-0.282781 -29.8838
-0.294719 -30.5
-0.282802 -29.8838
-0.271127 -29.2677
-0.259693 -28.6515
-0.248499 -28.0354
-0.237547 -27.4192
-0.226835 -26.803
-0.216364 -26.1869
-0.206134 -25.5707
-0.196144 -24.9545
-0.186396 -24.3384
-0.176888 -23.7222
-0.167621 -23.1061
-0.158594 -22.4899
-0.149809 -21.8737
-0.141264 -21.2576
-0.13296 -20.6414
-0.124897 -20.0253
-0.117075 -19.4091
-0.109493 -18.7929
-0.102152 -18.1768
-0.0950519 -17.5606
-0.0881926 -16.9444
-0.0815739 -16.3283
-0.0751961 -15.7121
-0.0690589 -15.096
-0.0631625 -14.4798
-0.0579539 -13.8636
-0.0528657 -13.2475
-0.0476684 -12.6313
-0.0427143 -12.0152
-0.0380036 -11.399
-0.0335362 -10.7828
-0.0295548 -10.1667
-0.0255764 -9.5505
-0.0218419 -8.93434
-0.0183513 -8.31818
-0.0151046 -7.70202
-0.0121021 -7.08586
-0.00966353 -6.4697
-0.00715601 -5.85354
-0.00489274 -5.23737
-0.00287379 -4.62121
-0.00109927 -4.00505
0.000430736 -3.38889
0.00171615 -2.77273
0.00275689 -2.15657
0.00355287 -1.5404
0.00410401 -0.924242
0.00441023 -0.308081
0.00407083 0.308081
0.00387682 0.924242
0.00343823 1.5404
0.00275499 2.15657
0.00182702 2.77273
0.000654248 3.38889
-0.000763412 4.00505
-0.00242603 4.62121
-0.00433368 5.23737
-0.00648645 5.85354
-0.0088844 6.4697
-0.0115276 7.08586
-0.0144162 7.70202
-0.0175502 8.31818
-0.0209297 8.93434
-0.0245548 9.5505
-0.0284255 10.1667
-0.032542 10.7828
-0.0369043 11.399
-0.0415125 12.0152
-0.0463667 12.6313
-0.051467 13.2475
-0.0568134 13.8636
-0.062406 14.4798
-0.068245 15.096
-0.0743303 15.7121
-0.0806621 16.3283
-0.0872404 16.9444
-0.0940654 17.5606
-0.101137 18.1768
-0.108271 18.7929
-0.115803 19.4091
-0.123579 20.0253
-0.131601 20.6414
-0.139869 21.2576
-0.148382 21.8737
-0.157141 22.4899
-0.166145 23.1061
-0.175396 23.7222
-0.184892 24.3384
-0.194634 24.9545
-0.204622 25.5707
-0.214856 26.1869
-0.225337 26.803
-0.236064 27.4192
-0.247037 28.0354
-0.258257 28.6515
-0.269723 29.2677
-0.281436 29.8838
-0.293396 30.5
-0.281483 29.8838
-0.269811 29.2677
-0.258379 28.6515
-0.247189 28.0354
-0.236239 27.4192
-0.22553 26.803
-0.215062 26.1869
-0.204834 25.5707
-0.194848 24.9545
-0.185102 24.3384
-0.175597 23.7222
-0.166333 23.1061
-0.157309 22.4899
-0.148526 21.8737
-0.139985 21.2576
-0.131684 20.6414
-0.123623 20.0253
-0.115804 19.4091
-0.108225 18.7929
-0.100887 18.1768
-0.0937895 17.5606
-0.086933 16.9444
-0.0803172 16.3283
-0.0739422 15.7121
-0.0678079 15.096
-0.0619144 14.4798
-0.0562615 13.8636
-0.0508495 13.2475
-0.0460308 12.6313
-0.0413565 12.0152
-0.036643 11.399
-0.0321728 10.7828
-0.0279461 10.1667
-0.023963 9.5505
-0.0204211 8.93434
-0.0169256 8.31818
-0.0136741 7.70202
-0.0106667 7.08586
-0.00790334 6.4697
-0.00566754 5.85354
-0.00339668 5.23737
-0.00137012 4.62121
0.000412053 4.00505
0.00194975 3.38889
0.00324289 2.77273
0.00429138 2.15657
0.00509515 1.5404
0.00565411 0.924242
0.00548554 0.308081
0.00554656 -0.308081
0.00536313 -0.924242
0.00493518 -1.5404
0.00426261 -2.15657
0.00334536 -2.77273
0.00218334 -3.38889
0.000776469 -4.00505
-0.000875331 -4.62121
-0.00277214 -5.23737
-0.00491404 -5.85354
-0.00730112 -6.4697
-0.00993345 -7.08586
-0.0128111 -7.70202
-0.0159342 -8.31818
-0.0193028 -8.93434
-0.022917 -9.5505
-0.0267769 -10.1667
-0.0308825 -10.7828
-0.0352339 -11.399
-0.0398313 -12.0152
-0.0446748 -12.6313
-0.0497643 -13.2475
-0.0551 -13.8636
-0.0606819 -14.4798
-0.0665103 -15.096
-0.072585 -15.7121
-0.0789063 -16.3283
-0.0868855 -16.9444
-0.0936874 -17.5606
-0.100733 -18.1768
-0.108023 -18.7929
-0.115558 -19.4091
-0.123336 -20.0253
-0.131359 -20.6414
-0.139627 -21.2576
-0.14814 -21.8737
-0.156897 -22.4899
-0.1659 -23.1061
-0.175147 -23.7222
-0.18464 -24.3384
-0.194379 -24.9545
-0.204362 -25.5707
-0.214592 -26.1869
-0.225067 -26.803
-0.235787 -27.4192
-0.246754 -28.0354
-0.257967 -28.6515
-0.269426 -29.2677
-0.281131 -29.8838
-0.293082 -30.5
-0.281051 -29.8776
-0.269266 -29.2551
-0.257727 -28.6327
-0.246434 -28.0102
-0.235387 -27.3878
-0.224585 -26.7653
-0.214029 -26.1429
-0.203718 -25.5204
-0.193654 -24.898
-0.183835 -24.2755
-0.174262 -23.6531
-0.164934 -23.0306
-0.155853 -22.4082
-0.147017 -21.7857
-0.138427 -21.1633
-0.130082 -20.5408
-0.121983 -19.9184
-0.11413 -19.2959
-0.106523 -18.6735
-0.0991612 -18.051
-0.0920452 -17.4286
-0.0851749 -16.8061
-0.0785503 -16.1837
-0.0721713 -15.5612
-0.066038 -14.9388
-0.0601505 -14.3163
-0.0545086 -13.6939
-0.0491123 -13.0714
-0.0439618 -12.449
-0.0395288 -11.8265
-0.0352199 -11.2041
-0.0307869 -10.5816
-0.0266023 -9.95918
-0.0226661 -9.33673
-0.0189785 -8.71429
-0.0158058 -8.09184
-0.0126178 -7.46939
-0.00967859 -6.84694
-0.00698843 -6.22449
-0.00454737 -5.60204
-0.00272846 -4.97959
-0.000792816 -4.35714
0.000893564 -3.73469
0.00233059 -3.11224
0.00351818 -2.4898
0.00445625 -1.86735
0.00514471 -1.2449
0.00558348 -0.622449
0.00523772 -1.42109e-14
0.00523772 -1.42109e-14
