0.875669 0.675598 -1.50678e-18
2.03054 1.56627 -2.62874e-18
3.18591 2.45694 -1.81489e-17
4.34179 3.3476 -1.16782e-17
5.49816 4.23827 -1.56099e-18
6.65504 5.12894 -6.16675e-18
7.81242 6.01961 -1.14585e-17
8.9703 6.91028 2.50188e-17
10.1287 7.80095 4.0469e-17
11.2876 8.69162 -1.94628e-17
12.447 9.5823 1.75585e-17
13.6069 10.473 4.86043e-17
14.7673 11.3636 7.95924e-19
15.9281 12.2543 -1.76654e-17
17.0895 13.145 -9.89421e-18
18.2515 14.0357 3.21751e-17
19.4139 14.9263 3.81414e-17
20.5768 15.817 -1.22477e-17
21.7402 16.7077 3.82618e-17
22.9041 17.5984 2.55688e-17
24.0685 18.4891 2.43261e-17
25.2334 19.3798 -9.97523e-17
26.3989 20.2704 2.19303e-17
27.5648 21.1611 -2.94986e-17
28.7312 22.0518 -7.44146e-20
30.3153 23.0981 2.24114e-15
33.0375 24.715 1.66611e-14
36.552 26.7731 1.93716e-15
40.0694 28.7687 -5.96423e-15
44.0569 30.9356 -8.22989e-15
48.2075 33.2018 1.15067e-14
52.3602 35.3881 -7.96087e-15
57.1139 37.8183 3.21136e-14
61.7759 40.2586 -6.57588e-16
66.4377 42.6175 5.50113e-16
71.0986 44.8979 -2.89863e-15
76.3332 47.2458 1.74996e-14
81.3119 49.7625 -7.19009e-15
86.2867 52.2206 6.07049e-15
91.2575 54.6213 -2.01736e-15
96.2243 56.9663 -1.40034e-15
101.187 59.2568 7.10839e-16
106.146 61.4945 -1.23714e-16
111.1 63.6808 3.59289e-15
116.051 65.8173 3.67685e-15
122.212 67.9609 -1.2329e-15
127.531 70.3232 1.81671e-15
132.639 72.6751 3.91338e-15
130.15 70.7849 2.31604e-15
127.663 68.8948 4.4702e-15
125.179 67.0047 1.6693e-15
122.696 65.1146 2.23344e-15
120.216 63.2245 2.33357e-15
117.738 61.3344 1.96101e-15
115.263 59.4444 1.94412e-15
112.789 57.5543 1.88634e-15
110.318 55.6643 1.81906e-15
107.849 53.7743 1.78286e-15
105.383 51.8842 1.87981e-15
102.919 49.9942 1.94175e-15
100.457 48.1042 1.74918e-15
97.997 46.2142 1.8533e-15
95.5395 44.3242 1.90159e-15
93.0844 42.4343 1.91632e-15
90.6314 40.5443 1.76058e-15
88.1808 38.6543 1.80004e-15
84.2957 35.818 -2.92831e-14
79 31.8341 4.68961e-15
73.4469 27.6412 3.91311e-14
67.8116 23.5942 6.18295e-15
61.5462 19.2813 5.2094e-15
55.0795 14.8128 8.78979e-15
48.4962 10.4916 6.32678e-14
41.4616 6.25357 -9.13572e-14
34.0973 1.44241 -8.68979e-14
26.5896 -3.2516 -5.33497e-13
18.941 -7.82312 -5.69707e-13
11.1548 -12.2675 -4.01615e-12
3.23505 -16.5817 -4.03988e-12
-5.52464 -21.2056 2.21455e-11
-14.0979 -26.1087 2.26792e-11
-22.8028 -30.9464 1.14317e-10
-31.6322 -35.7055 1.20957e-10
-40.5787 -40.3747 6.9457e-10
-49.6346 -44.9455 7.15158e-10
-58.7919 -49.4106 3.9353e-09
-68.043 -53.765 3.95051e-09
-77.3801 -58.005 2.21385e-08
-86.7958 -62.1286 1.18891e-07
-96.2832 -66.1348 6.27783e-07
-106.696 -70.4796 -2.56047e-07
-116.434 -75.0778 2.97549e-08
-126.219 -79.6729 3.81566e-08
-124.028 -77.9545 3.41799e-08
-121.836 -76.2361 3.9279e-08
-119.642 -74.5177 3.92771e-08
-117.445 -72.7993 3.92796e-08
-115.247 -71.081 3.92827e-08
-113.047 -69.3626 3.92858e-08
-110.845 -67.6443 3.92889e-08
-108.642 -65.9259 3.9292e-08
-106.436 -64.2076 3.9295e-08
-104.229 -62.4893 3.92981e-08
-102.019 -60.771 3.93012e-08
-99.8084 -59.0527 3.93043e-08
-97.5954 -57.3344 3.93074e-08
-95.3806 -55.6161 3.93104e-08
-93.1639 -53.8978 3.93135e-08
-90.9453 -52.1795 3.93166e-08
-88.7249 -50.4613 3.93197e-08
-86.5027 -48.743 3.93228e-08
-84.2785 -47.0247 3.93259e-08
-81.5853 -44.7422 3.92666e-08
-77.4075 -41.2772 3.8788e-08
-72.6176 -37.5548 3.81581e-08
-67.7566 -33.9366 3.75722e-08
-62.4852 -29.8862 3.68141e-08
-56.9749 -25.8877 3.60603e-08
-51.3651 -21.9905 3.53471e-08
-45.5164 -17.7601 3.44931e-08
-39.3002 -13.4004 3.36076e-08
-32.9579 -9.1179 3.27505e-08
-26.4891 -4.91558 3.193e-08
-19.8937 -0.79596 3.11033e-08
-13.1721 3.23864 3.05245e-08
-6.20687 7.73409 2.93715e-08
1.06496 12.3424 2.84736e-08
8.47518 16.9168 2.74658e-08
16.0209 21.4484 2.66896e-08
23.6985 25.9284 2.54848e-08
31.5038 30.3495 2.50367e-08
39.432 34.7044 2.31515e-08
47.4777 38.9874 2.36154e-08
55.6353 43.193 1.9787e-08
63.8986 47.317 3.36643e-08
72.2617 51.3556 -3.58131e-08
80.718 55.3062 2.75207e-07
89.2614 59.1664 -1.09032e-06
97.8856 62.935 4.20102e-07
107.297 67.2394 4.3293e-07
116.314 71.5824 -1.41535e-06
125.397 75.9225 -4.29097e-07
123.012 74.1113 -7.32672e-07
120.62