6.12882 0.675598 -1.05446e-17
14.2091 1.56627 -1.51298e-17
22.2899 2.45694 -1.34023e-16
30.3713 3.3476 -8.50924e-17
38.4531 4.23827 1.02871e-17
46.5354 5.12894 -6.50069e-17
54.6182 6.01961 -6.99655e-17
62.7016 6.91028 1.76797e-16
70.7854 7.80095 2.27716e-16
78.8697 8.69162 -1.79841e-16
86.9546 9.5823 9.12176e-17
95.04 10.473 2.91051e-16
103.126 11.3636 -1.59896e-17
111.212 12.2543 -1.36906e-16
119.299 13.145 3.031e-17
127.386 14.0357 2.50629e-16
135.474 14.9263 5.00742e-16
143.563 15.817 -7.27956e-17
151.652 16.7077 1.00511e-16
159.741 17.5984 2.7834e-16
167.831 18.4891 2.05325e-16
175.922 19.3798 -5.1024e-16
184.013 20.2704 1.38666e-16
192.104 21.1611 -2.21908e-17
200.196 22.0518 -9.49067e-17
210.522 23.0981 2.79081e-15
228.746 24.715 1.79242e-14
253.207 26.7731 -1.5699e-16
277.686 28.7687 -5.63798e-15
304.757 30.9356 -1.57808e-15
333.645 33.2018 6.53213e-15
362.547 35.3881 -5.21686e-15
368.768 35.0131 5.40888e-14
369.044 34.0333 -1.53735e-14
369.309 33.0719 5.2419e-15
369.563 32.1311 -7.82994e-15
369.801 31.2313 9.408e-15
369.995 30.4948 -5.22306e-15
370.183 29.7834 3.3279e-15
370.364 29.0964 -2.10632e-15
370.541 28.433 -2.17879e-15
370.713 27.7925 1.85326e-15
370.883 27.174 -1.58341e-15
371.05 26.5769 8.15802e-16
371.215 26.0005 6.79831e-15
371.39 25.4022 9.00198e-16
371.514 25.08 2.49337e-15
371.636 24.798 3.94373e-15
354.45 22.9078 1.04192e-14
337.266 21.0177 -3.327e-14
320.085 19.1276 8.49641e-16
302.906 17.2375 1.89051e-15
285.73 15.3474 2.87635e-15
268.555 13.4574 2.51502e-15
251.384 11.5673 2.69647e-15
234.214 9.67725 2.27257e-15
217.047 7.78721 2.07654e-15
199.882 5.89718 1.56304e-15
182.72 4.00716 2.24136e-15
165.56 2.11715 2.78958e-15
148.402 0.227142 1.55213e-15
131.247 -1.66286 2.24633e-15
114.093 -3.55285 2.60225e-15
96.9426 -5.44283 2.75405e-15
79.794 -7.33282 1.62219e-15
62.6478 -9.22279 2.02625e-15
37.1324 -12.059 -3.25124e-14
1.41214 -16.043 6.55569e-15
-37.5261 -20.2359 4.33397e-14
-77.0623 -24.2829 2.40752e-14
-119.894 -28.5958 7.56494e-15
-165.301 -33.0643 1.18868e-16
-211.548 -37.3855 -2.5953e-14
-254.395 -40.8157 -6.64944e-13
-261.377 -38.6088 -5.15802e-13
-268.053 -36.5534 -3.56264e-12
-274.434 -34.6409 -2.9811e-12
-280.532 -32.8626 -2.30252e-11
-286.353 -31.2104 -1.96468e-11
-292.033 -29.8718 1.33265e-10
-297.454 -28.8843 1.18966e-10
-302.625 -27.9827 6.32588e-10
-307.553 -27.1497 5.60794e-10
-312.245 -26.3709 3.78153e-09
-316.709 -25.6358 3.22675e-09
-320.954 -24.9357 2.11583e-08
-324.987 -24.2649 1.73577e-08
-328.815 -23.6185 1.18081e-07
-332.449 -22.9934 6.46269e-07
-335.896 -22.3874 3.41105e-06
-339.192 -22.0719 -2.10189e-06
-342.262 -22.0192 -1.61147e-07
-345.174 -21.9644 -6.79634e-08
-329.622 -20.246 -6.02764e-08
-314.068 -18.5276 -5.65659e-08
-298.512 -16.8092 -5.65667e-08
-282.955 -15.0908 -5.65638e-08
-267.395 -13.3725 -5.65606e-08
-251.834 -11.6541 -5.65575e-08
-236.272 -9.93578 -5.65543e-08
-220.707 -8.21744 -5.65512e-08
-205.14 -6.49912 -5.6548e-08
-189.572 -4.7808 -5.65449e-08
-174.002 -3.06249 -5.65418e-08
-158.43 -1.34419 -5.65386e-08
-142.857 0.374107 -5.65355e-08
-127.281 2.0924 -5.65323e-08
-111.704 3.81068 -5.65292e-08
-96.1249 5.52896 -5.6526e-08
-80.544 7.24723 -5.65229e-08
-64.9613 8.9655 -5.65197e-08
-49.3767 10.6838 -5.65165e-08
-29.3343 12.9663 -5.80239e-08
0.822804 16.4313 -6.3383e-08
34.3767 20.1537 -6.9546e-08
68.4096 23.7719 -7.52384e-08
105.907 27.8223 -8.2629e-08
144.475 31.8207 -8.96124e-08
183.72 35.718 -9.61629e-08
203.148 36.0479 -9.26383e-08
211.231 34.5595 -8.40496e-08
219.094 33.1729 -7.6319e-08
226.74 31.8799 -6.93307e-08
234.174 30.6726 -6.32803e-08
241.399 29.5438 -5.65517e-08
248.53 28.8117 -5.41854e-08
255.513 28.2155 -5.04026e-08
262.29 27.6655 -4.78657e-08
268.861 27.1508 -4.43773e-08
275.223 26.6618 -4.39511e-08
281.374 26.1914 -3.92247e-08
287.313 25.7335 -4.35788e-08
293.038 25.2841 -3.37299e-08
298.549 24.8397 -5.01085e-08
303.847 24.3982 3.71139e-08
308.932 23.9581 -3.63843e-07
313.807 23.5187 1.45754e-06
318.474 23.0796 -6.49648e-06
322.937 22.641 3.16567e-06
327.246 22.6097 2.43428e-06
331.319 22.6311 -8.1924e-06
335.202 22.6406 -1.18406e-06
31