0 0
-0.000122823 0.622449
-0.000491293 1.2449
-0.00110541 1.86735
-0.00196517 2.4898
-0.00307058 3.11224
-0.00442164 3.73469
-0.00601834 4.35714
-0.0078607 4.97959
-0.0099487 5.60204
-0.0122824 6.22449
-0.0148617 6.84694
-0.0176866 7.46939
-0.0207572 8.09184
-0.0240735 8.71429
-0.0276354 9.33673
-0.031443 9.95918
-0.0354963 10.5816
-0.0395592 11.2041
-0.0438673 11.8265
-0.0486912 12.449
-0.0537668 13.0714
-0.0590941 13.6939
-0.064399 14.3163
-0.070228 14.9388
-0.0763098 15.5612
-0.0826444 16.1837
-0.0886844 16.8061
-0.0955106 17.4286
-0.102591 18.051
-0.109924 18.6735
-0.117511 19.2959
-0.125352 19.9184
-0.133446 20.5408
-0.141321 21.1633
-0.149027 21.7857
-0.157842 22.4082
-0.16691 23.0306
-0.176233 23.6531
-0.18581 24.2755
-0.195642 24.898
-0.205728 25.5204
-0.216068 26.1429
-0.226662 26.7653
-0.237511 27.3878
-0.248614 28.0102
-0.25997 28.6327
-0.271581 29.2551
-0.283446 29.8776
-0.295565 30.5
-0.283647 29.8838
-0.27197 29.2677
-0.260535 28.6515
-0.249339 28.0354
-0.238385 27.4192
-0.227672 26.803
-0.217199 26.1869
-0.206967 25.5707
-0.196976 24.9545
-0.187226 24.3384
-0.177716 23.7222
-0.168448 23.1061
-0.15942 22.4899
-0.150632 21.8737
-0.142086 21.2576
-0.133781 20.6414
-0.125716 20.0253
-0.117892 19.4091
-0.110308 18.7929
-0.102966 18.1768
-0.0958642 17.5606
-0.0890032 16.9444
-0.0823829 16.3283
-0.0760034 15.7121
-0.0698647 15.096
-0.0639667 14.4798
-0.0583094 13.8636
-0.0537717 13.2475
-0.0485668 12.6313
-0.044337 12.0152
-0.0396058 11.399
-0.0351185 10.7828
-0.0308751 10.1667
-0.0268757 9.5505
-0.0231205 8.93434
-0.0196095 8.31818
-0.0163429 7.70202
-0.0139151 7.08586
-0.0111359 6.4697
-0.0086013 5.85354
-0.00631141 5.23737
-0.00426631 4.62121
-0.00246612 4.00505
-0.000910928 3.38889
0.000399178 2.77273
0.00146411 2.15657
0.00150976 1.5404
0.00194828 0.924242
0.0022772 0.308081
0.00236104 -0.308081
0.00219969 -0.924242
0.00179305 -1.5404
0.00114102 -2.15657
0.000243489 -2.77273
-0.000899631 -3.38889
-0.00228844 -4.00505
-0.00392302 -4.62121
-0.00580347 -5.23737
-0.00792987 -5.85354
-0.0103023 -6.4697
-0.0129209 -7.08586
-0.0157856 -7.70202
-0.0188967 -8.31818
-0.0235934 -8.93434
-0.0273092 -9.5505
-0.0311505 -10.1667
-0.0352372 -10.7828
-0.0395693 -11.399
-0.0441471 -12.0152
-0.0489705 -12.6313
-0.0540398 -13.2475
-0.0593551 -13.8636
-0.0649163 -14.4798
-0.0707237 -15.096
-0.0767774 -15.7121
-0.0830773 -16.3283
-0.0896237 -16.9444
-0.0964166 -17.5606
-0.103456 -18.1768
-0.110742 -18.7929
-0.118275 -19.4091
-0.126055 -20.0253
-0.134082 -20.6414
-0.142356 -21.2576
-0.150877 -21.8737
-0.159645 -22.4899
-0.16866 -23.1061
-0.177922 -23.7222
-0.187432 -24.3384
-0.19719 -24.9545
-0.207194 -25.5707
-0.217447 -26.1869
-0.227947 -26.803
-0.238694 -27.4192
-0.24969 -28.0354
-0.260933 -28.6515
-0.272424 -29.2677
-0.284163 -29.8838
-0.296149 -30.5
-0.28423 -29.8838
-0.272552 -29.2677
-0.261114 -28.6515
-0.249918 -28.0354
-0.238962 -27.4192
-0.228247 -26.803
-0.217773 -26.1869
-0.207539 -25.5707
-0.197547 -24.9545
-0.187795 -24.3384
-0.178284 -23.7222
-0.169014 -23.1061
-0.159984 -22.4899
-0.151196 -21.8737
-0.142648 -21.2576
-0.134341 -20.6414
-0.126274 -20.0253
-0.118449 -19.4091
-0.110864 -18.7929
-0.10352 -18.1768
-0.0964168 -17.5606
-0.0895543 -16.9444
-0.0829325 -16.3283
-0.0765515 -15.7121
-0.0704112 -15.096
-0.0650184 -14.4798
-0.0594503 -13.8636
-0.0544815 -13.2475
-0.0492772 -12.6313
-0.0443167 -12.0152
-0.0396 -11.399
-0.0351271 -10.7828
-0.0308982 -10.1667
-0.0272455 -9.5505
-0.0235067 -8.93434
-0.0200122 -8.31818
-0.0167621 -7.70202
-0.0137563 -7.08586
-0.0109951 -6.4697
-0.00847851 -5.85354
-0.00620655 -5.23737
-0.00461258 -4.62121
-0.00283586 -4.00505
-0.00130378 -3.38889
-1.64392e-05 -2.77273
0.0010261 -2.15657
0.00182376 -1.5404
0.00237648 -0.924242
0.00268417 -0.308081
0.00274678 0.308081
0.00256424 0.924242
0.00213649 1.5404
0.00146345 2.15657
0.000545063 2.77273
-0.000618731 3.38889
-0.002028 4.00505
-0.0036828 4.62121
-0.00608008 5.23737
-0.00822857 5.85354
-0.010622 6.4697
-0.0132604 7.08586
-0.0161439 7.70202
-0.0192725 8.31818
-0.0226464 8.93434
-0.0262655 9.5505
-0.0301299 10.1667
-0.0342398 10.7828
-0.0385951 11.399
-0.043196 12.0152
-0.0480425 12.6313
-0.0531346 13.2475
-0.0584725 13.8636
-0.0640562 14.4798
-0.0698859 15.096
-0.0759614 15.7121
-0.082283 16.3283
-0.0888507 16.9444
-0.0956645 17.5606
-0.102725 18.1768
-0.110031 18.7929
-0.117584 19.4091
-0.125383 20.0253
-0.133428 20.6414
-0.141721 21.2576
-0.15026 21.8737
-0.159045 22.4899
-0.168077 23.1061
-0.177356 23.7222
-0.186882 24.3384
-0.196655 24.9545
-0.206675 25.5707
-0.216942 26.1869
-0.227456 26.803
-0.238218 27.4192
-0.249226 28.0354
-0.260482 28.6515
-0.271985 29.2677
-0.283736 29.8838
-0.295734 30.5
-0.283816 29.8838
-0.272139 29.2677
-0.260703 28.6515
-0.249508 28.0354
-0.238554 27.4192
-0.227841 26.803
-0.217368 26.1869
-0.207136 25.5707
-0.197145 24.9545
-0.187395 24.3384
-0.177885 23.7222
-0.168617 23.1061
-0.159589 22.4899
-0.150802 21.8737
-0.142256 21.2576
-0.13395 20.6414
-0.125885 20.0253
-0.118061 19.4091
-0.110478 18.7929
-0.103136 18.1768
-0.0960341 17.5606
-0.0891731 16.9444
-0.082553 16.3283
-0.0761735 15.7121
-0.0700348 15.096
-0.0641369 14.4798
-0.0584796 13.8636
-0.0536079 13.2475
-0.0488389 12.6313
-0.0438757 12.0152
-0.0391561 11.399
-0.0346805 10.7828
-0.0304487 10.1667
-0.0267391 9.5505
-0.0230335 8.93434
-0.0195351 8.31818
-0.016281 7.70202
-0.0132713 7.08586
-0.0105061 6.4697
-0.00798539 5.85354
-0.00616905 5.23737
-0.00414272 4.62121
-0.00236092 4.00505
-0.000823728 3.38889
0.000468783 2.77273
0.00151654 2.15657
0.00231946 1.5404
0.00287748 0.924242
0.00319053 0.308081
0.00325854 -0.308081
0.00308144 -0.924242
0.00265917 -1.5404
0.00199165 -2.15657
0.00107884 -2.77273
-0.000882094 -3.38889
-0.00229185 -4.00505
-0.00394621 -4.62121
-0.00584524 -5.23737
-0.00798902 -5.85354
-0.0103776 -6.4697
-0.0130111 -7.08586
-0.0158895 -7.70202
-0.019013 -8.31818
-0.0223815 -8.93434
-0.0259953 -9.5505
-0.0298542 -10.1667
-0.0339585 -10.7828
-0.0383081 -11.399
-0.0429033 -12.0152
-0.0477439 -12.6313
-0.0528301 -13.2475
-0.058162 -13.8636
-0.0637396 -14.4798
-0.069563 -15.096
-0.0756323 -15.7121
-0.0819476 -16.3283
-0.0885088 -16.9444
-0.0953162 -17.5606
-0.10237 -18.1768
-0.109669 -18.7929
-0.117215 -19.4091
-0.125008 -20.0253
-0.133047 -20.6414
-0.141332 -21.2576
-0.149864 -21.8737
-0.158643 -22.4899
-0.167668 -23.1061
-0.17694 -23.7222
-0.186459 -24.3384
-0.196225 -24.9545
-0.206237 -25.5707
-0.216497 -26.1869
-0.227004 -26.803
-0.237758 -27.4192
-0.248759 -28.0354
-0.260008 -28.6515
-0.271504 -29.2677
-0.283247 -29.8838
-0.295237 -30.5
-0.283202 -29.8776
-0.271412 -29.2551
-0.259868 -28.6327
-0.24857 -28.0102
-0.237517 -27.3878
-0.22671 -26.7653
-0.216149 -26.1429
-0.205834 -25.5204
-0.195765 -24.898
-0.185941 -24.2755
-0.176363 -23.6531
-0.167031 -23.0306
-0.157944 -22.4082
-0.149103 -21.7857
-0.140508 -21.1633
-0.132159 -20.5408
-0.124055 -19.9184
-0.116197 -19.2959
-0.108585 -18.6735
-0.101218 -18.051
-0.094097 -17.4286
-0.0872218 -16.8061
-0.0805922 -16.1837
-0.0742084 -15.5612
-0.0680702 -14.9388
-0.0621777 -14.3163
-0.0565308 -13.6939
-0.0511297 -13.0714
-0.0466272 -12.449
-0.0422085 -11.8265
-0.0375197 -11.2041
-0.0330796 -10.5816
-0.0288884 -9.95918
-0.0249461 -9.33673
-0.0216223 -8.71429
-0.0181803 -8.09184
-0.0149876 -7.46939
-0.0120442 -6.84694
-0.00935016 -6.22449
-0.00690559 -5.60204
-0.00521499 -4.97959
-0.00327649 -4.35714
-0.00158745 -3.73469
-0.000147933 -3.11224
0.00104197 -2.4898
0.00198219 -1.86735
0.00267265 -1.2449
0.00311328 -0.622449
0.003304 -1.23235e-14
0.00330399 -1.23235e-14
