0 0 0
-2.57387e-10 -34812.1 -5.30884e+07
-1.01664e-09 -69624.3 -1.06177e+08
-2.26515e-09 -104437 -1.59265e+08
-3.87433e-09 -139249 -2.12354e+08
-5.73414e-09 -174062 -2.65443e+08
-7.93966e-09 -208876 -3.18532e+08
-1.0401e-08 -243690 -3.71621e+08
-1.31981e-08 -278504 -4.2471e+08
-4.84798e-06 -307820 -4.69413e+08
4.72482e-10 -318099 -4.85085e+08
-0.000277786 -325159 -4.95847e+08
-0.000631002 -330153 -5.03459e+08
4.37868e-06 -295336 -4.5037e+08
-2.19289e-05 -260520 -3.9728e+08
-9.11282e-08 -225704 -3.4419e+08
7.23549e-09 -190889 -2.911e+08
-1.53682e-08 -156075 -2.38011e+08
-6.36544e-09 -121262 -1.84922e+08
-5.62295e-09 -86448.6 -1.31833e+08
-3.54908e-09 -51635.9 -7.87444e+07
-2.11877e-09 -16823.5 -2.56558e+07
-9.59886e-10 17988.6 2.74326e+07
-2.54509e-10 52800.7 8.05211e+07
3.01079e-11 87612.7 1.33609e+08
-2.71214e-10 122425 1.86698e+08
-1.05911e-09 157237 2.39786e+08
-2.43733e-09 192049 2.92875e+08
-1.98921e-05 221050 3.37099e+08
-0.000251704 238797 3.64162e+08
-0.000182655 252129 3.84493e+08
-0.000160371 265194 4.04414e+08
-0.000268981 276382 4.21474e+08
-0.000305178 285271 4.35027e+08
-0.000263485 293890 4.48167e+08
-0.000216501 302261 4.6093e+08
-0.000357652 307813 4.69393e+08
-4.79788e-07 273936 4.17736e+08
-1.2272e-06 240061 3.66081e+08
-6.99723e-06 206186 3.14426e+08
2.99065e-08 172313 2.62771e+08
-7.33201e-09 138439 2.11117e+08
-1.13121e-08 104567 1.59462e+08
-9.60353e-09 70694.5 1.07808e+08
-6.52801e-09 36822.7 5.61543e+07
-3.77793e-09 2951.16 4.5005e+06
-1.76728e-09 -30920.2 -4.71532e+07
-5.48695e-10 -64791.4 -9.88068e+07
-4.58833e-11 -98662.5 -1.5046e+08
-4.11831e-11 -132534 -2.02114e+08
-2.68553e-06 -164830 -2.51366e+08
-0.000172013 -186294 -2.84098e+08
-0.0002637 -201622 -3.07472e+08
-0.000218992 -216604 -3.30319e+08
-0.000174426 -231255 -3.52661e+08
-0.000682755 -243270 -3.70981e+08
-0.000420792 -254127 -3.87537e+08
-0.000311596 -264615 -4.03528e+08
-0.000248321 -274753 -4.18985e+08
-0.000548352 -283764 -4.32724e+08
-0.00066318 -290810 -4.43466e+08
-0.000594513 -297519 -4.53693e+08
-0.000512536 -303915 -4.63442e+08
-0.000829627 -309180 -4.71467e+08
-0.00190496 -313557 -4.78137e+08
-0.00201455 -317670 -4.84404e+08
-0.00189485 -321541 -4.90301e+08
-0.00173232 -325191 -4.95861e+08
-0.00156996 -328641 -5.01116e+08
4.00481e-07 -331406 -5.05325e+08
6.91216e-09 -333920 -5.09152e+08
2.38924e-09 -336283 -5.12748e+08
-5.60249e-10 -338512 -5.16138e+08
-3.66708e-09 -340618 -5.19342e+08
-1.2551e-10 -306500 -4.67329e+08
-1.21922e-07 -272383 -4.15316e+08
-3.41706e-08 -238268 -3.63304e+08
-7.79614e-08 -204154 -3.11293e+08
-4.54838e-08 -170042 -2.59282e+08
-5.59589e-08 -135931 -2.07272e+08
-4.47026e-08 -101821 -1.55262e+08
-4.40276e-08 -67712.6 -1.03253e+08
-3.83445e-08 -33605.2 -5.1244e+07
-3.54067e-08 501.176 764243
-3.13124e-08 34606.6 5.27721e+07
-2.7621e-08 68711.2 1.04779e+08
-5.31204e-06 101094 1.54162e+08
-0.000348218 122291 1.86487e+08
-0.000207986 140201 2.13801e+08
-0.000299347 157696 2.4048e+08
0.00440194 172482 2.63032e+08
-0.0012109 186771 2.84823e+08
-0.000177509 200595 3.05906e+08
-0.00119922 213312 3.253e+08
-0.00062032 224401 3.42211e+08
-0.000728441 234986 3.58353e+08
-0.00062696 245081 3.73749e+08
-0.000587124 254702 3.88421e+08
-0.000534146 263867 4.02398e+08
-0.00353494 272244 4.15172e+08
-0.00108344 279366 4.26034e+08
-0.00214892 286060 4.36241e+08
-0.00166261 292349 4.45831e+08
-0.00179454 298257 4.54838e+08
-0.00167883 303807 4.633e+08
-0.00163743 309024 4.71254e+08
-0.00162848 313930 4.78733e+08
-0.00153437 318549 4.85774e+08
-0.00146358 322902 4.92409e+08
-0.00138102 327010 4.98671e+08
-0.00129798 330894 5.04589e+08
-0.00121356 334571 5.10192e+08
-9.84378e-08 337618 5.14833e+08
5.13501e-09 340375 5.19032e+08
4.24643e-09 342971 5.22986e+08
1.99361e-09 345421 5.26716e+08
4.80213e-10 347739 5.30243e+08
-9.84983e-10 349935 5.33587e+08
-2.26646e-09 352023 5.36763e+08
-3.46881e-09 354012 5.39788e+08
-4.06544e-09 355911 5.42676e+08
-5.14592e-09 357729 5.4544e+08
-5.42241e-09 359474 5.48092e+08
1.00044e-10 325768 4.96708e+08
-1.16512e-07 292064 4.45324e+08
-2.14603e-07 258361 3.93942e+08
-3.15295e-07 224659 3.42559e+08
-4.39772e-07 190960 2.91178e+08
-6.29376e-07 157261 2.39796e+08
-1.00274e-06 123564 1.88416e+08
-2.03887e-06 89867.4 1.37036e+08
-6.97375e-06 56172.3 8.56562e+07
1.30226e-08 22478.2 3.4277e+07
-3.78564e-08 -11214.9 -1.71017e+07
-5.62022e-08 -44907.2 -6.848e+07
-5.97253e-08 -78598.7 -1.19858e+08
-4.97471e-07 -111776 -1.70453e+08
-0.000282936 -133362 -2.03372e+08
-0.000244716 -151416 -2.30905e+08
-0.000721979 -168205 -2.56509e+08
-0.000549961 -183248 -2.7945e+08
-0.000454574 -197826 -3.01682e+08
-0.0026036 -210505 -3.21019e+08
-0.00177376 -222505 -3.3932e+08
-0.00140927 -233992 -3.56838e+08
-0.00120164 -244974 -3.73586e+08
-0.00105237 -255463 -3.89581e+08
3.45592e-08 -264514 -4.03384e+08
-0.00297801 -273001 -4.16327e+08
-0.00437827 -281006 -4.28534e+08
-0.00486217 -288547 -4.40034e+08
-0.0048444 -295645 -4.50857e+08
-0.00462637 -302321 -4.61037e+08
-0.00428199 -308597 -4.70606e+08
-0.00388833 -314497 -4.79601e+08
-0.00349477 -320042 -4.88055e+08
-0.00312507 -325255 -4.96003e+08
-0.00278816 -330160 -5.03478e+08
-0.00248561 -334776 -5.10515e+08
9.64428e-09 -339054 -5.17034e+08
6.42285e-09 -342636 -5.22493e+08
6.21412e-09 -345985 -5.27595e+08
3.54794e-09 -349121 -5.32371e+08
1.77988e-09 -352060 -5.36848e+08
1.50067e-10 -354820 -5.41051e+08
-1.54705e-09 -357416 -5.45003e+08
-2.44108e-09 -359862 -5.48728e+08
-3.99268e-09 -362173 -5.52244e+08
-4.90672e-09 -364359 -5.5557e+08
-5.29508e-09 -366433 -5.58724e+08
-6.00903e-09 -368404 -5.61721e+08
-6.37556e-09 -370282 -5.64576e+08
-6.57019e-09 -372074 -5.673e+08
-7.33417e-09 -373790 -5.69907e+08
-7.41966e-09 -375435 -5.72405e+08
-7.68705e-09 -377017 -5.74807e+08
-7.40147e-09 -378540 -5.77119e+08
-7.10315e-09 -380011 -5.7935e+08
-6.70843e-09 -381433 -5.81507e+08
-0.00815486 -382812 -5.83596e+08
-6.85577e-09 -384150 -5.85624e+08
-0.00750278 -385451 -5.87596e+08
-0.00753302 -386719 -5.89516e+08
-0.00718138 -387957 -5.91388e+08
-0.00682839 -389166 -5.93217e+08
2.47383e-10 -355258 -5.41544e+08
-2.85223e-07 -321354 -4.89872e+08
1.53977e-09 -287452 -4.38201e+08
-2.55617e-07 -253552 -3.86531e+08
-1.27047e-08 -219654 -3.34862e+08
-2.10664e-07 -185758 -2.83194e+08
-3.49296e-08 -151865 -2.31527e+08
-1.64478e-07 -117973 -1.79861e+08
-5.46311e-08 -84083.6 -1.28195e+08
-1.26208e-07 -50195.9 -7.65309e+07
-6.70195e-08 -16309.7 -2.4867e+07
-9.85195e-08 17574.7 2.6796e+07
-7.02859e-08 51457.5 7.84584e+07
-7.98605e-08 85338.9 1.3012e+08
-6.76168e-08 119219 1.81781e+08
-0.00042611 142312 2.16996e+08
-0.000204406 160568 2.44836e+08
-0.000426913 177918 2.71295e+08
-0.000338078 193175 2.94562e+08
-0.000734986 207893 3.17008e+08
-4.59563e-08 220654 3.3647e+08
-0.00100919 232868 3.55099e+08
-0.000636814 244557 3.72927e+08
-0.00368521 255571 3.89725e+08
-0.00127215 265274 4.04525e+08
-0.00267559 274449 4.1852e+08
-0.00183493 283111 4.31732e+08
-0.00225154 291277 4.44187e+08
-0.00197977 298966 4.55916e+08
-0.00205476 306199 4.66948e+08
-0.00195136 312996 4.77316e+08
-0.00192159 319381 4.87054e+08
-0.00185175 325376 4.96198e+08
1.71514e-07 330949 5.04698e+08
-5.89956e-07 335803 5.12101e+08
-1.84343e-10 340291 5.18945e+08
8.27319e-10 344473 5.25322e+08
8.3179e-10 348370 5.31266e+08
1.2941e-09 352006 5.36811e+08
1.08503e-09 355401 5.41986e+08
2.2942e-10 358573 5.46823e+08
-2.9172e-10 361542 5.51348e+08
-3.29692e-10 364324 5.55589e+08
-1.22645e-09 366935 5.59569e+08
-2.20598e-09 369390 5.63311e+08
-2.64617e-09 371704 5.66836e+08
-2.75213e-09 373888 5.70162e+08
-3.72756e-09 375953 5.73309e+08
-4.81259e-09 377912 5.76291e+08
-4.4879e-09 379772 5.79123e+08
-5.50062e-09 381544 5.8182e+08
-5.78984e-09 383234 5.84392e+08
-6.31553e-09 384851 5.86852e+08
-6.25732e-09 386401 5.89209e+08
-6.40375e-09 387889 5.91472e+08
-6.39648e-09 389322 5.9365e+08
-5.92718e-09 390704 5.9575e+08
-6.18911e-09 392040 5.97779e+08
-6.05633e-09 393333 5.99742e+08
-6.74663e-09 394588 6.01646e+08
-5.80545e-06 395526 6.03067e+08
-1.36232e-05 395950 6.03701e+08
6.53082e-05 395985 6.0374e+08
0.000165157 395693 6.03279e+08
0.000372676 395137 6.02415e+08
0.000784709 394381 6.01245e+08
0.00177018 393427 5.99771e+08
0.00209819 392111 5.97743e+08
0.0343027 390325 5.94994e+08
0.00428851 388401 5.92033e+08
0.00513645 386275 5.88763e+08
0.00581161 384020 5.85295e+08
0.00542854 381700 5.81727e+08
0.00298772 379374 5.78151e+08
0.000255394 346559 5.28156e+08
-8.11131e-07 313747 4.78161e+08
-1.39052e-06 280937 4.28168e+08
-2.43495e-06 248130 3.78176e+08
-4.87421e-06 215325 3.28185e+08
-1.33288e-05 182523 2.78196e+08
8.35053e-09 149722 2.28207e+08
-2.28446e-07 116924 1.7822e+08
-5.05307e-07 84128.3 1.28234e+08
-9.36329e-07 51334.3 7.82486e+07
-1.86532e-06 18542.2 2.82643e+07
-4.98624e-06 -14247.9 -2.17189e+07
-2.67372e-05 -47036.3 -7.17011e+07
9.88985e-08 -79823 -1.21682e+08
-5.37372e-06 -110767 -1.68856e+08
0.000241597 -136967 -2.08803e+08
-0.000578199 -158843 -2.42157e+08
-0.000826647 -175755 -2.67944e+08
-4.5423e-05 -191479 -2.9192e+08
-0.000104505 -205679 -3.13575e+08
-6.7178e-05 -218440 -3.33035e+08
-5.82217e-05 -230714 -3.51753e+08
-6.22334e-05 -241642 -3.68421e+08
-8.09587e-05 -251734 -3.83814e+08
-3.78518e-05 -261368 -3.98508e+08
-2.91139e-05 -270393 -4.12274e+08
-2.51804e-05 -279015 -4.25427e+08
-3.55319e-06 -286875 -4.37417e+08
-4.18689e-05 -294042 -4.4835e+08
-3.90708e-05 -300836 -4.58715e+08
-3.62689e-05 -307272 -4.68534e+08
-3.34971e-05 -313364 -4.77829e+08
-3.07857e-05 -319125 -4.86617e+08
-2.81521e-05 -324564 -4.94916e+08
-2.56026e-05 -329691 -5.02738e+08
-0.000715406 -334537 -5.10131e+08
-0.000634008 -339129 -5.17137e+08
-0.00702949 -343436 -5.23707e+08
4.08353e-07 -347476 -5.29871e+08
-0.0573835 -351373 -5.35816e+08
-2.07596e-06 -355110 -5.41514e+08
-1.10704e-07 -358589 -5.46819e+08
-1.15642e-07 -361833 -5.51765e+08
-1.16401e-07 -364862 -5.56382e+08
-1.1503e-07 -367693 -5.60697e+08
-1.12507e-07 -370343 -5.64737e+08
-1.08935e-07 -372829 -5.68525e+08
-1.04681e-07 -375164 -5.72083e+08
-1.24138e-05 -376735 -5.74474e+08
-4.14465e-06 -377838 -5.76149e+08
0.000109665 -378551 -5.77228e+08
0.000214056 -378931 -5.77799e+08
0.000702144 -378976 -5.77856e+08
0.00031076 -378516 -5.77142e+08
0.000957859 -377721 -5.75917e+08
0.00183275 -376667 -5.74294e+08
0.00123762 -375571 -5.72607e+08
0.00088516 -374458 -5.70894e+08
0.00212724 -373244 -5.69028e+08
0.00679622 -371968 -5.67065e+08
-0.0431674 -370307 -5.64509e+08
0.000847556 -368521 -5.61764e+08
0.000694356 -366733 -5.59013e+08
0.000705347 -364966 -5.56294e+08
0.000772193 -363236 -5.53632e+08
0.000881472 -361557 -5.51047e+08
0.00100821 -359938 -5.48553e+08
0.00112607 -358383 -5.46158e+08
0.00121419 -356897 -5.43867e+08
0.00126058 -355480 -5.41681e+08
0.00423596 -354110 -5.39568e+08
0.00555458 -352626 -5.3728e+08
4.89414e-05 -351113 -5.34945e+08
4.60194e-05 -349583 -5.32586e+08
-5.79345e-05 -348050 -5.3022e+08
0.000101346 -346522 -5.27862e+08
-3.82325e-05 -345008 -5.25526e+08
0.00269367 -343516 -5.23221e+08
0.00117184 -342051 -5.20958e+08
3.91561e-05 -340661 -5.18809e+08
-6.93836e-05 -339313 -5.16723e+08
0.00464884 -338001 -5.14691e+08
0.00400747 -336726 -5.12718e+08
0.00368532 -335493 -5.10806e+08
0.00362166 -334302 -5.08959e+08
0.00375659 -333155 -5.07178e+08
0.00399019 -332053 -5.05466e+08
-1.16415e-10 -301762 -4.59373e+08
-8.48355e-07 -271474 -4.13281e+08
5.27934e-07 -241191 -3.67192e+08
-1.91172e-06 -210911 -3.21106e+08
1.28109e-06 -180635 -2.75021e+08
-3.74932e-06 -150363 -2.28939e+08
1.7287e-07 -120094 -1.82859e+08
-1.20257e-06 -89829.5 -1.36781e+08
-2.01641e-06 -59567.9 -9.07058e+07
6.30985e-09 -29309.8 -4.46323e+07
-6.17381e-07 945.156 1.43931e+06
-2.05595e-06 28124.3 4.283e+07
-6.39479e-05 53660.7 8.17219e+07
-3.73988e-05 78574.3 1.19669e+08
0.00792343 102253 1.55738e+08
-0.000144653 125093 1.90531e+08
-0.00154452 145646 2.21846e+08
3.48934e-05 161681 2.4628e+08
-9.18199e-05 174735 2.66174e+08
-0.000718217 186898 2.84712e+08
0.000554865 198027 3.01677e+08
-0.000954826 208648 3.17869e+08
-0.00206786 218704 3.33201e+08
-0.00104711 227873 3.47181e+08
-0.00098224 236670 3.60597e+08
-0.000571013 245120 3.73483e+08
1.89403e-05 253084 3.85631e+08
-0.00103937 260502 3.96948e+08
-0.00194639 267540 4.07685e+08
-0.00125594 274029 4.17586e+08
-0.00119801 280240 4.27063e+08
-0.00113982 286188 4.3614e+08
-0.00108183 291886 4.44838e+08
-0.00102506 297349 4.53176e+08
-0.000968415 302589 4.61174e+08
-0.000914073 307619 4.68852e+08
-0.000861859 312450 4.76227e+08
-0.0011418 316707 4.82727e+08
-0.000347679 320119 4.87936e+08
-0.000531445 323258 4.92731e+08
-0.00202638 325953 4.96845e+08
-0.00142112 328218 5.00302e+08
-0.00160592 330249 5.03402e+08
-0.00154122 332079 5.06195e+08
-0.00121258 333739 5.08729e+08
-0.000674708 335259 5.11047e+08
-2.65933e-06 336664 5.1319e+08
1.29874e-05 337739 5.14826e+08
-4.84376e-06 338788 5.16421e+08
4.11463e-05 339426 5.17389e+08
-0.000129197 339765 5.17899e+08
-0.000890835 339927 5.18139e+08
-0.000997718 339952 5.18168e+08
-4.08197e-05 339876 5.18043e+08
6.1148e-05 339733 5.17816e+08
-0.000206688 339499 5.17449e+08
-0.00038828 339215 5.17005e+08
-0.000204421 338968 5.16617e+08
7.47607e-05 338687 5.16177e+08
2.82634e-05 338296 5.15567e+08
5.156e-05 337886 5.14927e+08
4.73328e-05 337461 5.14264e+08
0.00345894 336929 5.13437e+08
-0.00109328 336308 5.12471e+08
-0.00125534 335625 5.11413e+08
-0.00132113 334901 5.1029e+08
-0.00124976 334154 5.09132e+08
-0.00116843 333403 5.07967e+08
0.00501037 332672 5.06832e+08
8.31322e-05 331943 5.05701e+08
3.73295e-05 331210 5.04561e+08
0.00502711 330482 5.03431e+08
-0.000763314 329649 5.02138e+08
-0.00103565 328802 5.00825e+08
-0.0014587 327948 4.99499e+08
-0.00202376 327092 4.98169e+08
-0.00267207 326237 4.96842e+08
-0.00332884 325389 4.95524e+08
-0.00391684 324551 4.94222e+08
0.00270022 323728 4.92942e+08
0.00327703 322863 4.91597e+08
0.00346663 321930 4.90148e+08
-0.00441306 320961 4.88645e+08
0.000473403 319970 4.87107e+08
0.00224484 318971 4.85556e+08
0.00473212 317972 4.84006e+08
0.00904462 316983 4.8247e+08
0.000361704 316010 4.80959e+08
0.000303901 315059 4.79482e+08
0.000165971 314152 4.78071e+08
7.34678e-05 313293 4.76732e+08
-0.00621393 312384 4.75317e+08
0.00221755 311489 4.73923e+08
0.00208392 310613 4.72558e+08
0.00210546 309757 4.71222e+08
0.00208088 308921 4.69917e+08
0.00202136 308105 4.68643e+08
0.00193303 307311 4.674e+08
0.00182403 306538 4.66191e+08
