-4.58266e-06 9.19566e-06 2.04961e-23
-1.06219e-05 2.13187e-05 2.09377e-23
-1.66584e-05 3.34417e-05 2.78698e-22
-2.26924e-05 4.55647e-05 1.7413e-22
-2.87237e-05 5.76877e-05 -7.5002e-23
-3.47524e-05 6.98108e-05 1.83024e-22
-4.07785e-05 8.19338e-05 1.09486e-22
-4.6802e-05 9.40568e-05 -3.48091e-22
-5.28228e-05 0.00010618 -2.9872e-22
-5.8841e-05 0.000118303 4.62733e-22
-6.48566e-05 0.000130426 -9.52044e-23
-7.08696e-05 0.000142549 -4.38432e-22
-7.68799e-05 0.000154672 8.69903e-23
-8.28877e-05 0.000166795 3.00556e-22
-8.88928e-05 0.000178918 -3.1708e-22
-9.48953e-05 0.000191041 -5.53196e-22
-0.000100895 0.000203165 -1.57969e-21
-0.000106892 0.000215288 1.08003e-22
-0.000112887 0.000227411 2.3836e-22
-0.000118879 0.000239534 -7.98815e-22
-0.000124868 0.000251657 -4.90094e-22
-0.000130855 0.000263781 5.04662e-22
-0.000136839 0.000275904 -2.31138e-22
-0.000142821 0.000288027 -4.34666e-22
-0.0001488 0.00030015 4.29246e-22
-0.000155762 0.000314392 2.80106e-20
-0.000168563 0.000336399 2.21046e-19
-0.000186715 0.000364413 3.58682e-20
-0.000204879 0.000391575 -8.26603e-20
-0.000224286 0.000421069 -1.42198e-19
-0.000245724 0.000451914 1.79189e-19
-0.000267173 0.000481673 -1.20806e-19
-0.000289529 0.00051475 3.1774e-19
-0.000313575 0.000547966 4.54594e-20
-0.000337621 0.000580073 -2.84589e-20
-0.000361664 0.000611112 -2.78984e-20
-0.000383878 0.000643069 2.59554e-19
-0.00040942 0.000677325 -1.1929e-19
-0.000434949 0.000710782 8.09767e-20
-0.000460463 0.000743459 -3.99019e-20
-0.000485962 0.000775376 -2.71024e-20
-0.000511443 0.000806553 -7.96254e-21
-0.000536907 0.00083701 -6.55474e-21
-0.000562353 0.000866768 4.96652e-20
-0.00058778 0.000895848 2.04443e-20
-0.000607046 0.000925025 -4.2262e-20
-0.000631683 0.00095718 4.58177e-21
-0.000657386 0.000989191 3.39615e-20
-0.000644771 0.000963464 -2.44068e-20
-0.000632145 0.000937737 2.12907e-19
-0.000619506 0.00091201 7.27349e-21
-0.000606856 0.000886284 1.27891e-20
-0.000594195 0.000860558 1.01335e-20
-0.000581521 0.000834832 5.01163e-21
-0.000568836 0.000809106 3.88193e-21
-0.000556139 0.00078338 4.75646e-21
-0.00054343 0.000757655 4.42483e-21
-0.00053071 0.000731929 6.09769e-21
-0.000517977 0.000706204 4.77964e-21
-0.000505233 0.000680479 3.4165e-21
-0.000492477 0.000654753 5.53593e-21
-0.00047971 0.000629028 4.27593e-21
-0.00046693 0.000603303 3.53745e-21
-0.000454139 0.000577579 3.11606e-21
-0.000441336 0.000551854 5.42495e-21
-0.000428521 0.000526129 4.30783e-21
-0.000411115 0.000487524 -4.03092e-19
-0.000385747 0.000433299 3.61981e-20
-0.000356559 0.000376228 4.94358e-19
-0.000326903 0.000321144 -1.61876e-20
-0.000295893 0.000262441 4.10522e-20
-0.000261797 0.000201619 1.39813e-19
-0.000227046 0.000142803 1.24678e-18
-0.000192979 8.51182e-05 1.39397e-18
-0.000154034 1.96329e-05 1.18429e-18
-0.000114283 -4.4258e-05 9.66273e-18
-7.37434e-05 -0.000106482 8.70122e-18
-3.24345e-05 -0.000166975 5.61081e-17
9.61835e-06 -0.000225696 5.66807e-17
5.08946e-05 -0.000288632 -2.84585e-16
9.65752e-05 -0.00035537 -3.21723e-16
0.000143014 -0.000421216 -1.60627e-15
0.000190168 -0.000485992 -1.70678e-15
0.000237991 -0.000549546 -9.78997e-15
0.000286437 -0.000611759 -1.01867e-14
0.000335457 -0.000672534 -5.57779e-14
0.000385006 -0.000731803 -5.66089e-14
0.000435037 -0.000789514 -3.14866e-13
0.000485508 -0.000845641 -1.6884e-12
0.000536378 -0.00090017 -8.92508e-12
0.000584408 -0.000959308 2.71185e-12
0.000637492 -0.00102189 -6.60767e-13
0.000690903 -0.00108444 -8.07922e-13
0.000679056 -0.00106105 -9.14967e-13
0.000667218 -0.00103766 -8.39263e-13
0.00065539 -0.00101427 -8.39294e-13
0.000643572 -0.000990882 -8.39262e-13
0.000631764 -0.000967493 -8.3922e-13
0.000619966 -0.000944104 -8.39178e-13
0.000608177 -0.000920716 -8.39136e-13
0.000596398 -0.000897327 -8.39095e-13
0.00058463 -0.000873939 -8.39053e-13
0.00057287 -0.000850551 -8.39011e-13
0.000561121 -0.000827162 -8.3897e-13
0.000549382 -0.000803774 -8.38928e-13
0.000537652 -0.000780386 -8.38886e-13
0.000525932 -0.000756998 -8.38845e-13
0.000514223 -0.000733611 -8.38803e-13
0.000502522 -0.000710223 -8.38762e-13
0.000490832 -0.000686835 -8.3872e-13
0.000479151 -0.000663448 -8.38678e-13
0.000467481 -0.00064006 -8.38637e-13
0.000451305 -0.000608992 -8.32874e-13
0.000427842 -0.00056183 -8.17244e-13
0.000402724 -0.000511164 -8.00714e-13
0.000377266 -0.000461916 -7.85521e-13
0.000348626 -0.000406785 -7.65747e-13
0.000319787 -0.000352362 -7.47744e-13
0.00029046 -0.000299316 -7.30966e-13
0.000258661 -0.000241736 -7.10564e-13
0.000226169 -0.000182394 -6.91024e-13
0.000193058 -0.000124105 -6.72414e-13
0.000159325 -6.69067e-05 -6.54808e-13
0.000124969 -1.08339e-05 -6.37603e-13
8.99938e-05 4.40816e-05 -6.24204e-13
5.2659e-05 0.00010527 -6.01746e-13
1.48497e-05 0.000167994 -5.83804e-13
-2.3629e-05 0.000230257 -5.64599e-13
-6.27622e-05 0.000291937 -5.48812e-13
-0.000102532 0.000352916 -5.27563e-13
-0.000142917 0.000413091 -5.16696e-13
-0.000183894 0.000472367 -4.86931e-13
-0.000225436 0.000530663 -4.8865e-13
-0.000267515 0.000587906 -4.33648e-13
-0.000310102 0.000644038 -6.13787e-13
-0.000353167 0.000699009 3.10611e-13
-0.00039668 0.00075278 -3.79999e-12
-0.00044061 0.000805322 1.42408e-11
-0.000484927 0.000856617 -5.63583e-12
-0.000527657 0.000915204 -4.78269e-12
-0.000573267 0.000974318 1.88799e-11
-0.000619179 0.00103339 6.07773e-12
-0.00060709 0.00100874 -1.80513e-12
-0.000594991 0.000984088 4.0992e-12
-0.000582881 0.000959437 4.10212e-12
-0.00057076 0.000934785 4.102e-12
-0.000558629 0.000910134 4.10228e-12
-0.000546486 0.000885483 4.10255e-12
-0.000534333 0.000860832 4.10281e-12
-0.000522169 0.000836182 4.10307e-12
-0.000509994 0.000811531 4.10333e-12
-0.000497809 0.000786881 4.10359e-12
-0.000485613 0.00076223 4.10385e-12
-0.000473405 0.00073758 4.10411e-12
-0.000461187 0.00071293 4.10437e-12
-0.000448959 0.00068828 4.10464e-12
-0.000436719 0.00066363 4.1049e-12
-0.000424469 0.00063898 4.10516e-12
-0.000412207 0.00061433 4.10542e-12
-0.000399935 0.00058968 4.10568e-12
-0.000387652 0.000565031 4.10594e-12
-0.000373156 0.000534028 4.08338e-12
-0.000349882 0.000485123 3.96858e-12
-0.00032335 0.000432374 3.83603e-12
-0.000296115 0.000378859 3.70701e-12
-0.00026605 0.000320843 3.57041e-12
-0.00023541 0.000264285 3.44509e-12
-0.000203434 0.000203449 3.31624e-12
-0.000169422 0.000140603 3.1939e-12
-0.000134677 7.88959e-05 3.08015e-12
-9.9194e-05 1.83668e-05 2.97067e-12
-6.29702e-05 -4.09483e-05 2.84252e-12
-2.5766e-05 -0.000107232 2.79241e-12
1.35258e-05 -0.000174417 2.83427e-12
5.36439e-05 -0.000241072 2.72471e-12
9.45759e-05 -0.000307071 3.20253e-12
0.000136304 -0.0003723 3.01827e-12
0.000178807 -0.000436647 5.15102e-12
0.000222058 -0.000500017 4.60609e-12
0.000266027 -0.000562318 1.25487e-11
0.000310681 -0.000623473 1.05258e-11
0.000355983 -0.000683413 9.31788e-12
0.000401897 -0.000742081 2.21477e-11
0.000448383 -0.000799434 4.34131e-12
0.000495402 -0.000855437 -1.67535e-11
0.000539553 -0.000913455 8.4947e-12
0.000588797 -0.000976705 2.97679e-11
0.000638507 -0.00103995 1.92567e-12
0.000625262 -0.0010138 2.75806e-11
0.00061203 -0.000987655 7.29173e-12
0.00059881 -0.000961508 7.29085e-12
0.000585602 -0.000935361 7.29029e-12
0.000572406 -0.000909215 7.28979e-12
0.000559223 -0.000883068 7.2893e-12
0.000546052 -0.000856922 7.28881e-12
0.000532893 -0.000830775 7.28832e-12
0.000519746 -0.000804629 7.28784e-12
0.000506612 -0.000778483 7.28735e-12
0.00049349 -0.000752337 7.28686e-12
0.00048038 -0.000726192 7.28637e-12
0.000467283 -0.000700046 7.28589e-12
0.000454198 -0.0006739 7.2854e-12
0.000441125 -0.000647755 7.28491e-12
0.000428064 -0.000621609 7.28443e-12
0.000415016 -0.000595464 7.28394e-12
0.000401979 -0.000569319 7.28345e-12
0.000388955 -0.000543174 7.28297e-12
0.000369768 -0.000506346 7.22374e-12
0.000341821 -0.00045119 7.07931e-12
0.000313468 -0.000395856 6.94271e-12
0.000282149 -0.000336045 6.78883e-12
0.000249921 -0.000275189 6.63699e-12
0.000215512 -0.000212398 6.48286e-12
0.000179696 -0.00014509 6.3196e-12
0.000143102 -7.9017e-05 6.16514e-12
0.000105725 -1.4227e-05 6.01865e-12
6.6014e-05 5.31657e-05 5.87648e-12
2.54143e-05 0.000125729 5.72068e-12
-1.60584e-05 0.000197756 5.57251e-12
-5.83946e-05 0.000269103 5.42434e-12
-0.000101579 0.000339641 5.29049e-12
-0.000145591 0.0004092