0 0 0
-2.19824e-14 -8921.91 -1.36059e+07
6.74305e-12 -20684 -3.15432e+07
-4.40536e-13 -32446.2 -4.94804e+07
-1.6172e-11 -44208.3 -6.74176e+07
-1.33724e-11 -55970.5 -8.53549e+07
-3.46603e-11 -67732.6 -1.03292e+08
-1.56888e-11 -79494.8 -1.21229e+08
-1.42109e-11 -91257 -1.39167e+08
-7.43796e-11 -103019 -1.57104e+08
-3.30829e-11 -114782 -1.75041e+08
-4.63274e-11 -126544 -1.92978e+08
-4.02451e-11 -138306 -2.10916e+08
-1.05729e-10 -150069 -2.28853e+08
-1.19371e-10 -161831 -2.4679e+08
-2.72848e-12 -173593 -2.64728e+08
-5.50244e-11 -185356 -2.82665e+08
-1.68711e-10 -197119 -3.00603e+08
-6.09361e-11 -208881 -3.1854e+08
-1.96678e-10 -220644 -3.36477e+08
-2.37605e-10 -232407 -3.54415e+08
-1.87583e-10 -244169 -3.72352e+08
-2.18279e-10 -255932 -3.9029e+08
-1.08912e-10 -267695 -4.08227e+08
-8.66294e-11 -279458 -4.26165e+08
-3.88582e-10 -291222 -4.44102e+08
-9.78234e-08 -301500 -4.59777e+08
-1.73486e-09 -307733 -4.6928e+08
5.83207e-06 -310897 -4.74105e+08
-2.02923e-06 -313694 -4.78368e+08
-1.50386e-06 -316489 -4.8263e+08
-1.00459e-06 -319283 -4.86889e+08
1.85595e-05 -321750 -4.90649e+08
-1.94959e-06 -323289 -4.92995e+08
4.60837e-07 -324827 -4.95339e+08
3.04787e-06 -326365 -4.97683e+08
5.61595e-06 -327902 -5.00026e+08
6.37862e-06 -329440 -5.0237e+08
0.000131003 -330222 -5.03561e+08
-3.53349e-05 -330923 -5.04629e+08
-3.35001e-05 -331625 -5.05698e+08
-3.25689e-05 -332328 -5.06768e+08
-3.17624e-05 -333033 -5.07841e+08
-3.10432e-05 -333739 -5.08916e+08
-3.03853e-05 -334447 -5.09994e+08
-2.9771e-05 -335156 -5.11074e+08
-2.91883e-05 -335868 -5.12157e+08
0.000844944 -336226 -5.12702e+08
-6.71045e-05 -336486 -5.13096e+08
1.67854e-07 -311520 -4.75031e+08
-9.23319e-08 -286556 -4.36966e+08
5.81213e-09 -261592 -3.98902e+08
-1.42218e-08 -236628 -3.60837e+08
-7.77936e-09 -211666 -3.22773e+08
-8.29777e-09 -186703 -2.84709e+08
-7.08906e-09 -161741 -2.46646e+08
-6.33213e-09 -136780 -2.08582e+08
-5.68298e-09 -111819 -1.70519e+08
-4.9489e-09 -86858.3 -1.32456e+08
-4.23131e-09 -61898 -9.43925e+07
-3.52821e-09 -36938.1 -5.63295e+07
-2.92144e-09 -11978.4 -1.82667e+07
-2.5392e-09 12981.1 1.9796e+07
-1.82675e-09 37940.4 5.78586e+07
-1.3722e-09 62899.4 9.59211e+07
-1.04029e-09 87858.4 1.33984e+08
-7.36975e-10 112817 1.72046e+08
-4.17231e-10 137776 2.10108e+08
-2.70177e-10 162735 2.4817e+08
-5.01507e-05 179823 2.74231e+08
-0.000191523 192706 2.93877e+08
-0.000110522 202147 3.08274e+08
-9.97153e-05 211436 3.2244e+08
-8.78227e-05 220579 3.36383e+08
-7.72928e-05 229580 3.50109e+08
-0.000323983 237523 3.62222e+08
-0.000155821 244127 3.72292e+08
-0.00015086 250577 3.82128e+08
-0.000134965 256880 3.91739e+08
-0.000121112 263042 4.01135e+08
-0.000108466 269069 4.10325e+08
-0.000700078 274156 4.1808e+08
-0.000264066 278419 4.24579e+08
-0.000275353 282549 4.30877e+08
-0.000254294 286554 4.36982e+08
-0.000236069 290440 4.42905e+08
-0.000218477 294211 4.48653e+08
-0.000201728 297874 4.54236e+08
-0.000185865 301434 4.59663e+08
-0.00017092 304897 4.64941e+08
-0.000156909 308268 4.70078e+08
-0.00136862 311186 4.74525e+08
-0.000530537 313496 4.78043e+08
-0.000566003 315723 4.81436e+08
5.44623e-07 293027 4.4683e+08
5.49749e-07 270330 4.12223e+08
5.68765e-07 247634 3.77617e+08
6.13881e-07 224939 3.43011e+08
7.14284e-07 202244 3.08405e+08
9.53763e-07 179550 2.73799e+08
1.65028e-06 156855 2.39194e+08
4.73081e-06 134162 2.04588e+08
3.73383e-05 111468 1.69983e+08
-5.30713e-08 88775.2 1.35378e+08
-7.28494e-09 66082.4 1.00773e+08
-4.40559e-09 43389.9 6.61681e+07
-3.49155e-09 20697.7 3.15634e+07
-2.87238e-09 -1994.29 -3.04125e+06
-2.34164e-09 -24686.1 -3.76458e+07
-1.86589e-09 -47377.7 -7.22503e+07
-1.46213e-09 -70069.2 -1.06855e+08
-9.99421e-10 -92760.5 -1.41459e+08
-7.12362e-10 -115452 -1.76063e+08
-1.95208e-05 -133335 -2.03336e+08
-0.000134495 -146469 -2.23365e+08
-0.000104929 -156427 -2.38551e+08
-8.96858e-05 -166239 -2.53514e+08
-7.82138e-05 -175907 -2.68258e+08
-6.84102e-05 -185434 -2.82787e+08
-0.000199187 -194223 -2.96191e+08
-0.000153861 -201789 -3.07728e+08
-0.00013584 -209195 -3.19022e+08
-0.000121826 -216445 -3.30078e+08
-0.000109419 -223542 -3.409e+08
-9.83172e-05 -230489 -3.51494e+08
-8.83835e-05 -237290 -3.61865e+08
-0.000329496 -243121 -3.70756e+08
-0.000256855 -248413 -3.78826e+08
-0.000235034 -253555 -3.86665e+08
-0.000219039 -258550 -3.94282e+08
-0.000204258 -263403 -4.01682e+08
-0.000190266 -268119 -4.08871e+08
-0.000177032 -272701 -4.15857e+08
-0.000164547 -277154 -4.22646e+08
-0.000152798 -281482 -4.29244e+08
-0.000141768 -285689 -4.35658e+08
-0.000131436 -289781 -4.41895e+08
-0.000121777 -293761 -4.47961e+08
-0.000112762 -297633 -4.53863e+08
0.000205916 -301011 -4.59013e+08
-0.000384674 -303905 -4.63422e+08
-0.000412499 -306698 -4.67679e+08
-0.000403693 -309396 -4.71789e+08
1.35698e-06 -285474 -4.35315e+08
-1.21203e-06 -261553 -3.98841e+08
-3.5385e-07 -237632 -3.62367e+08
1.81749e-08 -213712 -3.25893e+08
-1.36363e-08 -189793 -2.8942e+08
-5.44742e-09 -165874 -2.52946e+08
-6.20071e-09 -141955 -2.16473e+08
-5.41513e-09 -118037 -1.8e+08
-4.7861e-09 -94119.3 -1.43528e+08
-4.06055e-09 -70201.7 -1.07055e+08
-3.58699e-09 -46284.5 -7.05824e+07
-3.07728e-09 -22367.6 -3.41099e+07
-2.52485e-09 1549.08 2.36231e+06
-2.17457e-09 25465.5 3.88345e+07
-1.73623e-09 49381.8 7.53065e+07
-1.38971e-09 73297.9 1.11779e+08
-1.04365e-09 97213.8 1.4825e+08
-7.28448e-10 121130 1.84722e+08
-2.75799e-05 139291 2.12418e+08
-0.00014265 151611 2.31207e+08
-9.80556e-05 162257 2.47441e+08
-8.8012e-05 172739 2.63427e+08
-7.65263e-05 183061 2.79169e+08
-0.000219246 191977 2.92766e+08
-0.000150153 200264 3.05403e+08
-0.000141443 208369 3.17763e+08
-0.000126279 216296 3.29851e+08
-0.000113379 224048 3.41673e+08
-0.00038265 231546 3.53106e+08
-0.000277992 237738 3.62548e+08
-0.000268208 243748 3.71713e+08
-0.000250258 249581 3.80607e+08
-0.00023396 255242 3.89238e+08
-0.000218445 260734 3.97612e+08
-0.000203767 266062 4.05736e+08
-0.000189901 271232 4.13618e+08
-0.000176823 276248 4.21265e+08
-0.000164513 281115 4.28686e+08
-0.000152941 285838 4.35887e+08
-0.000142083 290423 4.42875e+08
-0.00013191 294874 4.4966e+08
-0.000122392 299195 4.56247e+08
-0.00128219 302844 4.61808e+08
-0.000366424 306120 4.66801e+08
-0.000431875 309276 4.7161e+08
-0.000416808 312317 4.76244e+08
8.68872e-08 286944 4.37557e+08
7.52252e-08 261572 3.9887e+08
6.74095e-08 236200 3.60183e+08
6.52103e-08 210829 3.21496e+08
7.28248e-08 185458 2.8281e+08
1.06108e-07 160088 2.44124e+08
2.4547e-07 134719 2.05438e+08
1.32401e-06 109349 1.66752e+08
3.77804e-05 83980.4 1.28067e+08
-1.60049e-08 58611.9 8.93811e+07
-1.69879e-09 33243.8 5.06957e+07
-4.13202e-09 7875.89 1.20105e+07
-3.62635e-09 -17491.7 -2.66745e+07
-3.00312e-09 -42859.1 -6.53595e+07
-2.15351e-09 -68226.3 -1.04044e+08
-1.46616e-09 -93593.3 -1.42729e+08
-1.05251e-09 -118960 -1.81414e+08
-6.27889e-06 -141923 -2.16432e+08
-0.000181431 -156435 -2.38564e+08
-0.000135825 -167809 -2.55909e+08
-0.000113795 -178998 -2.72972e+08
-0.000265412 -189801 -2.89447e+08
-0.000239044 -198850 -3.03247e+08
-0.000211255 -207690 -3.16727e+08
-0.000186552 -216325 -3.29895e+08
-0.000164914 -224758 -3.42755e+08
-0.000625387 -232406 -3.54418e+08
-0.000469486 -239183 -3.64752e+08
-0.000418685 -245751 -3.74766e+08
-0.000383362 -252114 -3.84469e+08
-0.000352084 -258278 -3.93868e+08
-0.000323316 -264248 -4.02971e+08
-0.000296772 -270030 -4.11787e+08
-0.000272295 -275629 -4.20323e+08
-0.000249751 -281051 -4.2859e+08
-0.000229007 -286303 -4.36596e+08
-0.000209938 -291389 -4.4435e+08
-0.000192424 -296316 -4.5186e+08
-0.000176353 -301089 -4.59136e+08
0.000183617 -305114 -4.65272e+08
-0.000588557 -308761 -4.7083e+08
-0.000646616 -312266 -4.76171e+08
-0.000632218 -315634 -4.81303e+08
-0.000610326 -318871 -4.86235e+08
-0.000587331 -321983 -4.90977e+08
-0.000564007 -324977 -4.95537e+08
-0.000540566 -327856 -4.99924e+08
-0.000517181 -330628 -5.04145e+08
-0.000493991 -333297 -5.0821e+08
-0.00047111 -335868 -5.12126e+08
-0.000448654 -338347 -5.159e+08
-0.000302535 -340732 -5.1953e+08
8.47594e-08 -342745 -5.22595e+08
-0.00225908 -344623 -5.25452e+08
-0.00250419 -346425 -5.28194e+08
-0.00253935 -348156 -5.30827e+08
-0.00254666 -349820 -5.33357e+08
-0.00254618 -351420 -5.35789e+08
-0.00254039 -352960 -5.3813e+08
-0.0025299 -354443 -5.40384e+08
-0.00251518 -355873 -5.42557e+08
-0.00249665 -357253 -5.44652e+08
-0.00247461 -358585 -5.46675e+08
-0.00244952 -359873 -5.4863e+08
-0.00242171 -361118 -5.50521e+08
-0.00239153 -362324 -5.52351e+08
-0.00235917 -363493 -5.54123e+08
-0.00232501 -364627 -5.55842e+08
0.000126094 -322534 -4.91688e+08
6.64204e-07 -280444 -4.27535e+08
-1.71706e-06 -238357 -3.63383e+08
8.28767e-07 -196274 -2.99233e+08
-1.73515e-06 -154193 -2.35084e+08
9.78598e-07 -112116 -1.70937e+08
-1.66015e-06 -70041.4 -1.0679e+08
9.91944e-07 -27969.4 -4.26451e+07
-1.37392e-06 14100.2 2.1499e+07
7.78227e-07 56167.4 8.5642e+07
-9.0999e-07 98232.6 1.49784e+08
-0.000492131 130747 1.99364e+08
-0.000551624 150658 2.29729e+08
-0.000886533 169347 2.5823e+08
-0.000850985 185481 2.82836e+08
-0.00219511 200933 3.06402e+08
-0.00146174 214020 3.26362e+08
-0.00167715 226479 3.45365e+08
-0.00138195 238328 3.63438e+08
-0.00134367 249586 3.80608e+08
-0.00120309 260273 3.96908e+08
1.47468e-08 269783 4.11413e+08
-0.00650035 278228 4.24294e+08
-0.00199133 286148 4.36374e+08
-0.00479454 293570 4.47695e+08
-3.65464e-05 253968 3.873e+08
2.20556e-07 214365 3.26904e+08
-1.04608e-07 174762 2.66509e+08
6.38806e-10 135158 2.06113e+08
-3.98506e-08 95554.2 1.45717e+08
-3.06145e-08 55949.3 8.53198e+07
-4.35772e-08 16343.5 2.49228e+07
-4.61428e-08 -23263.4 -3.54748e+07
-5.45282e-08 -62871.3 -9.58729e+07
-5.95664e-08 -102481 -1.56272e+08
-6.70648e-08 -142091 -2.16671e+08
-7.3187e-08 -181703 -2.77071e+08
-0.00014605 -211273 -3.22156e+08
-0.000304826 -228235 -3.48015e+08
-0.000580488 -244179 -3.72321e+08
-0.000683435 -257338 -3.92379e+08
-0.000711521 -270011 -4.11695e+08
6.10798e-08 -280203 -4.27226e+08
-0.00108409 -289868 -4.41955e+08
-0.00122264 -299055 -4.55953e+08
-0.00111174 -307784 -4.69253e+08
-0.000959657 -316079 -4.81887e+08
0.000514416 -323242 -4.92797e+08
-0.00178007 -329448 -5.02247e+08
-0.00235576 -335268 -5.11107e+08
-0.00235962 -340725 -5.19414e+08
0.000120409 -296551 -4.52086e+08
6.52823e-07 -252381 -3.84759e+08
-1.84932e-06 -208214 -3.17434e+08
7.51751e-07 -164050 -2.5011e+08
-1.68667e-06 -119890 -1.82788e+08
9.89404e-07 -75733 -1.15468e+08
-1.70994e-06 -31578.8 -4.81481e+07
1.04563e-06 12572.7 1.917e+07
-1.42258e-06 56721.7 8.6487e+07
7.93484e-07 100868 1.53803e+08
-8.94815e-07 145013 2.21118e+08
-0.000771889 176192 2.68665e+08
-0.000559497 195639 2.98323e+08
-0.000667097 212992 3.24788e+08
-0.000873283 228208 3.47995e+08
-0.00210254 241617 3.68446e+08
-0.0014 253481 3.86543e+08
-0.001686 264710 4.0367e+08
-0.00130035 275329 4.19866e+08
-0.00330339 285319 4.35105e+08
-4.03747e-07 293627 4.47777e+08
-0.00719984 301320 4.59511e+08
-0.00207661 308496 4.70456e+08
-5.44805e-06 276181 4.21175e+08
-3.81492e-05 243866 3.71893e+08
1.65982e-07 211550 3.2261e+08
-7.37668e-08 179234 2.73328e+08
-4.27849e-09 146918 2.24045e+08
-1.77688e-08 114601 1.74762e+08
-1.73004e-08 82284.2 1.25479e+08
-2.08358e-08 49966.4 7.61957e+07
-2.31757e-08 17648 2.69119e+07
-2.63776e-08 -14671.1 -2.23722e+07
-2.90269e-08 -46991 -7.16567e+07
-3.2151e-08 -79311.8 -1.20942e+08
-3.5029e-08 -111633 -1.70227e+08
-3.81476e-08 -143956 -2.19512e+08
-4.15284e-08 -176280 -2.68799e+08
-7.56365e-06 -204852 -3.12363e+08
-0.000159379 -221435 -3.37645e+08
-0.000164581 -235331 -3.58829e+08
-0.000280244 -248243 -3.78512e+08
-0.000318525 -259210 -3.95228e+08
-0.000279763 -269847 -4.11442e+08
-0.000710873 -279013 -4.2541e+08
-0.000731679 -287373 -4.38149e+08
-0.000663245 -295396 -4.50375e+08
-0.000593536 -303095 -4.62104e+08
-0.000530901 -310479 -4.73354e+08
-0.000474899 -317560 -4.84142e+08
0.00156144 -323601 -4.93343e+08
-0.000833603 -329097 -5.01711e+08
-0.00129596 -334313 -5.09653e+08
-0.00132759 -339262 -5.17187e+08
4.63241e-05 -292368 -4.45713e+08
1.58208e-07 -245478 -3.7424e+08
-1.0633e-06 -198592 -3.02769e+08
1.26602e-07 -151710 -2.31299e+08
-8.19061e-07 -104831 -1.59831e+08
2.09351e-07 -57955.7 -8.83645e+07
-7.70948e-07 -11083.5 -1.68993e+07
2.32206e-07 35785.7 5.45645e+07
-6.23247e-07 82652.3 1.26027e+08
1.3924e-07 129517 1.97488e+08
-3.8394e-07 175729 2.67958e+08
-0.000967192 200502 3.05739e+08
-0.000359105 220535 3.3629e+08
1.82908e-08 236791 3.61084e+08
-0.00313045 251738 3.83882e+08
-0.00104569 264138 4.02794e+08
-0.00197664 275825 4.2062e+08
-0.00126988 286831 4.37409e+08
6.23845e-09 296811 4.5263e+08
-4.82601e-09 305221 4.65458e+08
-4.29145e-09 313028 4.77366e+08
-0.00719265 320272 4.88415e+08
-0.00214087 326992 4.98665e+08
-0.00498097 333228 5.08175e+08
-0.00318711 339016 5.17002e+08
-0.003806 344395 5.25204e+08
-0.00327893 349398 5.32832e+08
-0.00321542 354058 5.39937e+08
-0.00297317 358408 5.46568e+08
-2.3884e-07 362453 5.52734e+08
-9.13474e-07 365757 5.57766e+08
6.96036e-09 368755 5.62333e+08
6.31871e-09 371539 5.66574e+08
4.86898e-09 374132 5.70521e+08
2.8549e-09 376552 5.74204e+08
7.50333e-11 329813 5.02938e+08
-1.19353e-07 283075 4.31672e+08
-2.41741e-07 236340 3.60407e+08
-4.53721e-07 189606 2.89142e+08
-1.08495e-06 142873 2.17878e+08
-4.96546e-06 96141.7 1.46615e+08
2.38877e-08 49411.1 7.53516e+07
-6.94691e-09 2681.08 4.08865e+06
-6.84938e-09 -44048.4 -6.71741e+07
-2.20388e-09 -90777.8 -1.38437e+08
-1.7053e-10 -137507 -2.09699e+08
-0.000548303 -172395 -2.62904e+08
-0.000659846 -194247 -2.96226e+08
-0.00238087 -214092 -3.26489e+08
-0.00199007 -231558 -3.53123e+08
3.65378e-08 -246924 -3.76554e+08
-0.00267569 -260807 -3.97723e+08
-0.00380638 -273928 -4.17728e+08
4.66562e-08 -285806 -4.35837e+08
-8.23866e-09 -296215 -4.51706e+08
-7.05586e-09 -305914 -4.66491e+08
6.86668e-11 -258298 -3.93884e+08
-1.17102e-07 -210683 -3.21279e+08
-4.6366e-08 -163070 -2.48674e+08
-4.53531e-08 -115458 -1.7607e+08
-3.14539e-08 -67847.8 -1.03467e+08
-2.26911e-08 -20238.3 -3.08632e+07
-1.40234e-08 27370.4 4.17397e+07
-7.37208e-09 74978.6 1.14342e+08
-2.5633e-09 122586 1.86945e+08
-2.38803e-10 170194 2.59547e+08
-1.06814e-09 217802 3.3215e+08
7.23458e-09 249108 3.7989e+08
-0.000397439 268371 4.09266e+08
5.49859e-06 284671 4.34122e+08
-0.000630468 299000 4.55971e+08
-1.23796e-08 310280 4.73168e+08
-0.00138168 320739 4.89114e+08
-0.000773443 330561 5.04088e+08
5.27675e-08 338414 5.16058e+08
-0.00343897 345581 5.2698e+08
6.07346e-05 304796 4.64792e+08
-3.30767e-07 264013 4.02604e+08
-2.11184e-07 223231 3.40417e+08
-1.77565e-07 182450 2.7823e+08
-1.53217e-07 141670 2.16043e+08
-1.26678e-07 100891 1.53857e+08
-9.50812e-08 60112.8 9.16715e+07
-6.04386e-08 19335 2.94859e+07
-2.93749e-08 -21442.3 -3.26996e+07
-9.21104e-09 -62219.4 -9.48849e+07
-1.20123e-09 -102996 -1.5707e+08
-1.30768e-10 -143773 -2.19255e+08
-1.22463e-09 -184551 -2.81441e+08
-0.000478587 -212386 -3.23889e+08
-0.000402693 -230044 -3.50817e+08
-0.00110904 -246505 -3.75918e+08
-0.00100291 -260321 -3.96985e+08
-0.00264387 -273123 -4.16506e+08
-0.00277361 -283932 -4.32986e+08
-0.00256609 -294196 -4.48636e+08
-0.00225629 -303937 -4.63487e+08
9.03719e-08 -312264 -4.7618e+08
-0.00563341 -319876 -4.87783e+08
1.90994e-11 -268578 -4.09563e+08
-1.40548e-07 -217282 -3.31344e+08
-6.15771e-08 -165988 -2.53125e+08
-4.7904e-08 -114695 -1.74907e+08
-3.31091e-08 -63403.8 -9.66899e+07
-2.10925e-08 -12113.3 -1.84728e+07
-1.10461e-08 39176.4 5.9744e+07
-3.81866e-09 90465.7 1.37961e+08
-3.40769e-10 141755 2.16177e+08
-1.85176e-09 193044 2.94393e+08
-5.61426e-05 236628 3.60858e+08
-0.000415829 258803 3.94674e+08
-0.000279501 278021 4.2398e+08
-0.000921318 294165 4.48595e+08
0.000918273 307326 4.68662e+08
-0.00225845 319199 4.86763e+08
-0.00137437 330061 5.03322e+08
2.65789e-07 338861 5.16735e+08
1.92413e-08 346860 5.28925e+08
8.4101e-09 353638 5.39253e+08
6.41194e-09 359801 5.48641e+08
1.92722e-09 365401 5.57171e+08
-1.90448e-09 370489 5.64918e+08
-5.85624e-09 375114 5.71959e+08
-9.08221e-09 379322 5.78361e+08
-1.1948e-08 383154 5.8419e+08
-1.47429e-08 386651 5.89506e+08
-1.63564e-08 389848 5.94365e+08
-4.41842e-05 392304 5.9809e+08
8.84885e-05 393690 6.00179e+08
0.000458158 394451 6.01311e+08
9.909e-06 353319 5.38622e+08
-2.4125e-05 312191 4.75935e+08
5.12764e-08 271065 4.13249e+08
-3.30003e-07 229943 3.50564e+08
-9.83085e-07 188823 2.87881e+08
-2.95866e-06 147706 2.25199e+08
-1.59832e-05 106592 1.62517e+08
8.19148e-08 65480.1 9.98372e+07
-1.70983e-07 24370.4 3.71581e+07
-4.4743e-07 -16737.3 -2.55201e+07
-9.54353e-07 -57842.9 -8.81974e+07
-2.53654e-06 -98946.9 -1.50874e+08
-1.30725e-05 -140049 -2.13549e+08
-7.29021e-06 -171600 -2.61664e+08
-4.66683e-06 -189825 -2.89458e+08
8.12388e-05 -207165 -3.15905e+08
-3.48942e-05 -221706 -3.38083e+08
0.000288864 -235309 -3.58831e+08
0.0020039 -247171 -3.76925e+08
0.00098236 -258205 -3.93756e+08
-2.3755e-06 -268423 -4.09342e+08
-0.000303366 -277855 -4.23733e+08
-1.38748e-06 -233581 -3.56212e+08
2.63173e-06 -189307 -2.88691e+08
1.19899e-05 -145032 -2.2117e+08
5.7132e-08 -100755 -1.53648e+08
-7.58866e-08 -56477.8 -8.61257e+07
-1.72445e-07 -12199 -1.86026e+07
-2.1985e-07 32081.4 4.89212e+07
-2.68696e-07 76363.4 1.16446e+08
-3.22527e-07 120647 1.83971e+08
-3.82098e-07 164933 2.51498e+08
-4.47467e-07 209222 3.19025e+08
-5.18799e-07 253512 3.86553e+08
-3.59677e-05 289530 4.41463e+08
-0.000217079 307293 4.68537e+08
-0.00043607 323102 4.92631e+08
-0.000314621 335109 5.10925e+08
-0.00160105 345934 5.27416e+08
-0.000429895 354426 5.4035e+08
-0.000595883 362436 5.52546e+08
-1.41512e-07 368886 5.62364e+08
-6.57383e-09 325469 4.96189e+08
-5.85554e-07 282057 4.30016e+08
-2.48606e-06 238647 3.63844e+08
2.19552e-09 195241 2.97673e+08
-4.27768e-07 151838 2.31504e+08
-1.24818e-06 108438 1.65336e+08
-4.23151e-06 65040 9.91692e+07
4.26451e-09 21644.9 3.30035e+07
-2.76448e-07 -21747.9 -3.31611e+07
-6.72532e-07 -65138.5 -9.93247e+07
-1.67371e-06 -108527 -1.65487e+08
-6.73705e-06 -151914 -2.31649e+08
-2.64849e-05 -192914 -2.94173e+08
-0.000878137 -216088 -3.29515e+08
-0.000618737 -234796 -3.58047e+08
-0.00293678 -251039 -3.8282e+08
-0.00163123 -265578 -4.04995e+08
1.33959e-08 -278038 -4.24e+08
-0.00199421 -289316 -4.41201e+08
8.71455e-09 -299895 -4.57336e+08
-1.98156e-09 -252498 -3.85053e+08
-8.8261e-08 -205100 -3.1277e+08
-1.27964e-07 -157701 -2.40485e+08
-1.65281e-07 -110300 -1.682e+08
-2.11632e-07 -62898.5 -9.59149e+07
-2.64084e-07 -15495.1 -2.36284e+07
-3.23833e-07 31910.2 4.86589e+07
-3.90936e-07 79317.5 1.20947e+08
-4.65713e-07 126727 1.93236e+08
-5.47422e-07 174140 2.65527e+08
-6.37273e-07 221555 3.37819e+08
-1.32296e-05 265607 4.0498e+08
-0.000302478 288450 4.398e+08
-0.000229097 306988 4.68053e+08
-2.8409e-08 321496 4.9016e+08
-0.000840185 334520 5.10004e+08
-0.00085152 344854 5.25743e+08
-0.000753069 354552 5.40513e+08
1.54287e-06 306222 4.66847e+08
1.43012e-05 257894 3.93181e+08
-1.78833e-07 209571 3.19517e+08
-8.41536e-07 161252 2.45854e+08
-2.22791e-06 112936 1.72193e+08
-7.13677e-06 64623.8 9.8534e+07
4.453e-09 16314.5 2.48758e+07
-4.13211e-07 -31991.8 -4.87809e+07
-1.22993e-06 -80295.6 -1.22436e+08
-4.79505e-06 -128597 -1.96091e+08
8.93306e-09 -176896 -2.69744e+08
-4.05173e-05 -218633 -3.33392e+08
9.63155e-09 -240819 -3.67228e+08
-0.00127947 -260158 -3.96723e+08
-0.00151087 -275715 -4.20451e+08
9.36552e-09 -289558 -4.41565e+08
-0.00257445 -301329 -4.59518e+08
3.5126e-08 -312120 -4.75976e+08
-7.01181e-07 -321235 -4.8988e+08
-7.23037e-09 -329653 -5.0272e+08
-7.39351e-09 -337440 -5.14595e+08
-7.40749e-09 -344639 -5.25574e+08
-6.93041e-09 -351294 -5.35723e+08
-6.14432e-09 -357447 -5.45106e+08
-5.4788e-09 -363140 -5.53786e+08
-0.00689499 -368412 -5.61824e+08
3.54048e-07 -373092 -5.68961e+08
1.91653e-08 -377056 -5.75002e+08
6.74898e-06 -380616 -5.80425e+08
0.000790611 -382870 -5.83854e+08
0.000216444 -384505 -5.86336e+08
-2.29077e-07 -343880 -5.24391e+08
-2.77085e-07 -303256 -4.62446e+08
-3.88809e-07 -262633 -4.00501e+08
-8.0528e-07 -222011 -3.38557e+08
-3.79875e-06 -181390 -2.76613e+08
-2.0978e-08 -140770 -2.14669e+08
-3.73069e-09 -100150 -1.52726e+08
-2.37593e-09 -59530.2 -9.07822e+07
-5.64366e-10 -18911 -2.88389e+07
3.18801e-12 21708 3.31043e+07
-5.93936e-10 62327.1 9.50475e+07
-2.53627e-09 102946 1.56991e+08
-6.11215e-09 143566 2.18934e+08
-0.000647872 183287 2.79508e+08
0.000330868 205988 3.14125e+08
0.00149188 223325 3.40564e+08
-0.000425547 239556 3.65315e+08
0.000871861 253307 3.86283e+08
0.000290502 266059 4.05728e+08
-3.59251e-05 277195 4.22708e+08
-1.1746e-07 226702 3.45713e+08
-2.32239e-07 176211 2.68718e+08
-4.29097e-07 125722 1.91724e+08
-1.02911e-06 75233.1 1.14731e+08
-4.8913e-06 24745.6 3.77373e+07
2.77862e-08 -25741.2 -3.92557e+07
-2.01052e-09 -76227.6 -1.16248e+08
-1.27707e-10 -126714 -1.93241e+08
-2.07822e-09 -177200 -2.70234e+08
-8.34893e-09 -227687 -3.47227e+08
-1.67519e-08 -278175 -4.24219e+08
4.44423e-05 -309907 -4.72607e+08
0.00144844 -325297 -4.96071e+08
1.21634e-06 -337155 -5.14144e+08
-4.56781e-06 -345886 -5.27447e+08
0.000418553 -351154 -5.35462e+08
1.57055e-06 -313505 -4.78057e+08
2.21427e-06 -275857 -4.20652e+08
5.3647e-06 -238210 -3.63247e+08
5.84737e-09 -200564 -3.05842e+08
-1.60434e-08 -162919 -2.48438e+08
-6.13932e-09 -125275 -1.91034e+08
-4.90138e-09 -87630.6 -1.3363e+08
-2.55527e-09 -49986.9 -7.62266e+07
-1.02958e-09 -12343.5 -1.8823e+07
-2.04448e-10 25299.8 3.85805e+07
-7.23723e-11 62943 9.5984e+07
-6.92296e-10 100586 1.53387e+08
-2.22184e-09 138230 2.10791e+08
-4.82726e-09 175874 2.68195e+08
-0.00294529 212147 3.23508e+08
-1.45591e-06 234893 3.58196e+08
-0.000487162 249916 3.81104e+08
-0.000137581 264390 4.03175e+08
0.00347169 276447 4.21561e+08
-0.00104782 287566 4.38515e+08
-0.000456357 297283 4.53332e+08
4.7723e-08 256501 3.91146e+08
4.33886e-08 215720 3.28961e+08
8.46892e-08 174940 2.66775e+08
4.8842e-07 134161 2.04591e+08
-3.27577e-09 93383 1.42406e+08
-8.97157e-09 52605.3 8.02215e+07
-6.82581e-09 11827.9 1.80373e+07
-2.95294e-09 -28949.1 -4.41468e+07
-4.80007e-10 -69726 -1.06331e+08
-1.23499e-10 -110503 -1.68515e+08
-1.42941e-09 -151280 -2.30699e+08
-3.75871e-09 -192057 -2.92883e+08
-7.02562e-09 -232835 -3.55067e+08
-4.07351e-06 -272164 -4.15039e+08
5.44992e-06 -291714 -4.44848e+08
-0.000509528 -304448 -4.64261e+08
6.46149e-06 -315331 -4.80848e+08
-3.93268e-07 -323668 -4.93553e+08
-3.45353e-05 -329494 -5.02424e+08
2.23858e-07 -276220 -4.21194e+08
-4.27956e-07 -222947 -3.39965e+08
-3.2516e-07 -169677 -2.58736e+08
-2.56807e-07 -116407 -1.77507e+08
-2.12407e-07 -63138.4 -9.62792e+07
-1.88609e-07 -9870.4 -1.50513e+07
-1.88884e-07 43397.2 6.61764e+07
-2.32874e-07 96664.9 1.47404e+08
-4.52148e-07 149933 2.28632e+08
2.12059e-05 199416 3.0409e+08
-0.0134378 241021 3.67536e+08
-0.000196861 264419 4.03215e+08
-0.000114734 282826 4.31285e+08
-0.000271004 296892 4.52735e+08
-0.000117425 308146 4.69897e+08
3.36618e-05 317138 4.83609e+08
-6.77449e-05 325505 4.96368e+08
-8.25743e-05 333580 5.08677e+08
1.11419e-07 341262 5.20384e+08
-2.05674e-07 348319 5.31138e+08
-1.7336e-07 354805 5.41019e+08
1.40645e-07 360558 5.49782e+08
1.03499e-07 365540 5.57372e+08
-4.26415e-05 368754 5.62262e+08
-2.45005e-06 371286 5.66108e+08
0.000303985 372995 5.68696e+08
-0.000870343 373678 5.69715e+08
0.00129437 373389 5.69244e+08
0.0044878 372638 5.68066e+08
0.0054683 371557 5.66382e+08
0.00114836 370543 5.64801e+08
0.0060768 369397 5.63017e+08
0.00483356 368216 5.61178e+08
-0.0213036 366509 5.5853e+08
0.00464246 364711 5.55741e+08
0.00385453 362896 5.52926e+08
0.0035841 361010 5.5e+08
0.00259884 358984 5.4686e+08
0.00318448 356929 5.43676e+08
0.00474334 354885 5.40507e+08
0.00655499 352882 5.374e+08
0.00803206 350942 5.34389e+08
0.008918 349079 5.31497e+08
0.00834255 347325 5.2877e+08
0.00578717 345690 5.26224e+08
0.00673294 344142 5.23809e+08
0.0029498 342417 5.21121e+08
-0.000504503 340739 5.18504e+08
0.000517934 339124 5.15981e+08
0.000213672 337571 5.13553e+08
0.000176267 336082 5.11221e+08
0.00018983 334657 5.08987e+08
0.000183832 333298 5.06852e+08
-5.23543e-06 300301 4.567e+08
-2.90022e-05 267311 4.06553e+08
5.84641e-08 234327 3.56409e+08
-2.36236e-06 201351 3.0627e+08
-1.18527e-05 168380 2.56134e+08
8.19909e-09 135416 2.06002e+08
-2.3138e-06 102458 1.55874e+08
-1.1139e-05 69506.8 1.05749e+08
7.67795e-09 36561.1 5.56279e+07
-2.11386e-06 3621.64 5.51063e+06
-4.56988e-05 -27009.1 -4.10991e+07
-0.000128148 -53913.3 -8.20436e+07
-0.000119819 -79896.9 -1.21592e+08
-3.30431e-05 -104445 -1.58962e+08
-0.000271309 -127995 -1.94817e+08
0.000387658 -149442 -2.27478e+08
-0.00427916 -167053 -2.54303e+08
-0.00206135 -181357 -2.76095e+08
-0.000902997 -192904 -2.93692e+08
-3.23517e-05 -142958 -2.17635e+08
7.20365e-09 -93001.1 -1.41572e+08
-8.86691e-06 -43031.9 -6.55011e+07
1.27341e-09 6949.25 1.0577e+07
-9.80017e-06 56943.1 8.6663e+07
3.02225e-09 106950 1.62757e+08
-1.07305e-05 156969 2.38858e+08
3.76713e-09 207003 3.14967e+08
-0.00123611 253640 3.85895e+08
-9.1207e-06 282226 4.29332e+08
-3.55414e-05 304348 4.62918e+08
-8.45648e-09 251270 3.82221e+08
1.69348e-09 198209 3.01534e+08
2.49202e-10 145164 2.20857e+08
9.96806e-10 92134.3 1.40188e+08
1.06161e-09 39120.5 5.95295e+07
-2.9911e-10 -13878.5 -2.11206e+07
-0.000245125 -60735.3 -9.24368e+07
-0.00200963 -102290 -1.55696e+08
-0.0022957 -140517 -2.13905e+08
7.63459e-05 -175455 -2.6712e+08
1.43714e-07 -131925 -2.00836e+08
-4.27019e-06 -88385.7 -1.34546e+08
-1.42582e-05 -44837.9 -6.82506e+07
-6.94302e-09 -1280.88 -1.94959e+06
-5.61188e-06 42285.6 6.43572e+07
-1.77215e-05 85861.7 1.3067e+08
-1.10876e-08 129448 1.96988e+08
-6.35077e-06 173044 2.63313e+08
-2.43745e-10 216650 3.29643e+08
8.54254e-07 249956 3.80284e+08
8.91228e-06 273553 4.16139e+08
1.14957e-05 293771 4.4684e+08
5.97842e-07 243592 3.70548e+08
-8.09532e-06 193429 2.94265e+08
9.71704e-09 143279 2.17991e+08
-1.12111e-05 93143.8 1.41724e+08
1.72781e-08 43022.3 6.54665e+07
-1.01681e-05 -7085.83 -1.07833e+07
-4.77485e-05 -52980 -8.06323e+07
-0.000830771 -92958.7 -1.41491e+08
-0.00185839 -129592 -1.97268e+08
-0.00187667 -164364 -2.50226e+08
9.39111e-05 -190986 -2.90785e+08
5.52156e-05 -207413 -3.15824e+08
4.35406e-05 -222752 -3.39212e+08
2.08215e-05 -236529 -3.60221e+08
4.63699e-05 -249111 -3.79413e+08
0.00364683 -260545 -3.96861e+08
6.3277e-05 -271178 -4.13092e+08
0.000143015 -281052 -4.28167e+08
1.12065e-06 -289266 -4.40711e+08
3.99128e-05 -295365 -4.5003e+08
4.88053e-06 -300854 -4.5842e+08
6.12243e-06 -305818 -4.66008e+08
7.45622e-06 -310333 -4.72912e+08
-0.00123699 -314389 -4.79114e+08
8.78648e-06 -317572 -4.83982e+08
1.699e-05 -320448 -4.88378e+08
6.05705e-08 -271580 -4.13888e+08
-1.38178e-06 -222707 -3.39395e+08
-3.08624e-06 -173829 -2.64898e+08
4.84059e-07 -124946 -1.90399e+08
-2.86321e-07 -76057 -1.15895e+08
-3.00839e-06 -27162.4 -4.13883e+07
-6.58974e-06 21738.3 3.31222e+07
6.3528e-06 70645.6 1.07636e+08
3.7262e-09 119559 1.82154e+08
-2.7918e-06 168480 2.56676e+08
-5.91535e-08 214376 3.26582e+08
1.34787e-08 160596 2.44666e+08
-3.74648e-06 106825 1.62754e+08
1.66028e-09 53061.8 8.08465e+07
-3.25411e-06 -693.179 -1.05619e+06
2.00498e-09 -54440.4 -8.29543e+07
-2.75085e-06 -108181 -1.64848e+08
1.31058e-09 -161914 -2.46738e+08
-0.000146103 -207662 -3.16469e+08
0.00333975 -248028 -3.7801e+08
-0.000149288 -275508 -4.1993e+08
-1.02378e-06 -237560 -3.62082e+08
-1.30982e-06 -199610 -3.04233e+08
-1.19255e-06 -161658 -2.46382e+08
-1.18921e-06 -123702 -1.88529e+08
-1.23248e-06 -85743.3 -1.30674e+08
-1.30638e-06 -47781.4 -7.28177e+07
-1.39732e-06 -9816.18 -1.49592e+07
-1.50101e-06 28152.6 4.29014e+07
-1.61152e-06 66124.7 1.00764e+08
-1.72991e-06 104101 1.58628e+08
-1.85314e-06 142080 2.16495e+08
-0.00863283 179266 2.73148e+08
2.48056e-07 202377 3.08343e+08
-3.29076e-06 223059 3.39832e+08
1.06649e-07 173744 2.64713e+08
-2.21955e-06 124437 1.89597e+08
-1.46824e-05 75136 1.14485e+08
5.40042e-08 25842.1 3.93774e+07
-1.92025e-06 -23445.4 -3.57268e+07
-1.14722e-05 -72726.8 -1.10828e+08
3.30351e-08 -122002 -1.85925e+08
0.000131968 -170312 -2.59555e+08
-0.000358889 -210855 -3.21358e+08
-0.000851408 -248230 -3.78341e+08
0.00149831 -279361 -4.25819e+08
-0.0205422 -292678 -4.4614e+08
0.000183198 -300002 -4.57315e+08
-0.0232796 -305254 -4.65324e+08
-0.00247415 -309921 -4.7244e+08
-0.00198534 -313733 -4.78252e+08
0.00119901 -316963 -4.83176e+08
-0.00108747 -319842 -4.87562e+08
-0.000336563 -321411 -4.89945e+08
-3.10125e-05 -322630 -4.91793e+08
-5.66176e-06 -323647 -4.93333e+08
9.78194e-06 -324513 -4.94642e+08
7.33025e-06 -325343 -4.95895e+08
7.65477e-06 -326113 -4.97055e+08
5.1412e-06 -326803 -4.98094e+08
-3.33318e-07 -327425 -4.99028e+08
-0.000267726 -327742 -4.99494e+08
0.00524177 -327614 -4.99277e+08
3.14092e-05 -327291 -4.98763e+08
-0.0122412 -326865 -4.98088e+08
-0.00298998 -326344 -4.9727e+08
-0.00311498 -325747 -4.96334e+08
2.95131e-10 -275514 -4.19801e+08
-2.21829e-07 -225284 -3.43272e+08
4.11579e-08 -175059 -2.66746e+08
-1.13437e-07 -124837 -1.90222e+08
1.21579e-07 -74617.9 -1.13701e+08
-5.64978e-08 -24401.9 -3.71835e+07
1.86499e-07 25811.7 3.9332e+07
-1.35212e-05 73145.8 1.11461e+08
-0.000378069 114035 1.73772e+08
4.00853e-08 70529.7 1.07476e+08
6.74696e-08 27023.1 4.11789e+07
-1.51647e-08 -16485 -2.51204e+07
4.40252e-08 -59994.8 -9.14216e+07
-6.06615e-08 -103507 -1.57725e+08
2.15312e-08 -147021 -2.2403e+08
-1.12394e-07 -190537 -2.90337e+08
-3.38393e-08 -234056 -3.56646e+08
-8.31712e-08 -277577 -4.22958e+08
7.14515e-05 -312679 -4.76429e+08
4.14677e-08 -287906 -4.38687e+08
-3.6854e-06 -263135 -4.00945e+08
1.57786e-06 -238364 -3.63204e+08
-7.08579e-07 -213594 -3.25464e+08
2.88434e-07 -188826 -2.87724e+08
-1.22064e-07 -164058 -2.49986e+08
4.23458e-08 -139291 -2.12248e+08
-1.6984e-08 -114524 -1.7451e+08
6.55211e-09 -89758.7 -1.36774e+08
-6.13127e-11 -64993.8 -9.90375e+07
4.07886e-09 -40229.6 -6.1302e+07
5.02149e-09 -15466 -2.35672e+07
6.96748e-09 9297.06 1.4167e+07
7.26952e-09 34059.6 5.19006e+07
-3.24262e-06 58558.6 8.92329e+07
0.00037254 80734.3 1.23026e+08
5.9962e-05 101395 1.54511e+08
-1.64533e-08 56052.3 8.5415e+07
1.02326e-07 10707.8 1.63169e+07
-6.35323e-08 -34638.5 -5.27831e+07
8.76311e-08 -79986.7 -1.21885e+08
-1.55053e-07 -125337 -1.90989e+08
1.13564e-07 -170690 -2.60096e+08
-3.51038e-07 -216046 -3.29204e+08
9.15375e-08 -261404 -3.98315e+08
-0.0038657 -302968 -4.61638e+08
0.000167252 -238013 -3.62672e+08
1.18276e-06 -173065 -2.63712e+08
-3.02489e-06 -108122 -1.64757e+08
2.03273e-07 -43184.7 -6.58055e+07
4.58332e-07 21748.8 3.31414e+07
-9.84117e-06 84209.6 1.28322e+08
-0.00155517 136884 2.08595e+08
0.000450241 182505 2.78126e+08
0.000207013 210825 3.21291e+08
6.88098e-05 232927 3.54979e+08
-0.00371229 252702 3.85123e+08
9.93669e-05 269271 4.10378e+08
7.86538e-05 284605 4.33753e+08
1.317e-06 296715 4.52206e+08
1.40311e-05 305215 4.65151e+08
3.91666e-05 311403 4.74566e+08
-1.72002e-05 316645 4.82537e+08
0.00301975 320513 4.88407e+08
4.79674e-06 323365 4.92722e+08
-9.25957e-06 326016 4.96729e+08
0.000183223 328409 5.00342e+08
-0.000177106 330500 5.0349e+08
-3.27054e-09 318485 4.85191e+08
-8.3146e-09 306471 4.66892e+08
-8.67476e-09 294457 4.48594e+08
-7.85803e-09 282443 4.30296e+08
-7.87077e-09 270430 4.11998e+08
-8.07177e-09 258417 3.937e+08
-8.12997e-09 246405 3.75402e+08
-7.54881e-09 234392 3.57105e+08
-8.17727e-09 222381 3.38808e+08
-8.67749e-09 210369 3.2051e+08
-7.50879e-09 198358 3.02214e+08
-7.57336e-09 186347 2.83917e+08
-7.12498e-09 174337 2.6562e+08
-6.32645e-09 162327 2.47323e+08
-6.5711e-09 150317 2.29027e+08
-6.67342e-09 138307 2.10731e+08
-6.2696e-09 126298 1.92435e+08
-6.19821e-09 114289 1.74139e+08
-5.57748e-09 102281 1.55843e+08
-5.86761e-09 90272.4 1.37547e+08
-5.14228e-09 78264.4 1.19252e+08
-5.31395e-09 66256.7 1.00956e+08
-5.11454e-09 54249.2 8.26611e+07
-5.51199e-09 42242.1 6.43659e+07
-5.34476e-09 30235.2 4.60709e+07
-5.22442e-09 18228.6 2.77761e+07
-5.06896e-09 6222.29 9.48136e+06
-4.23444e-09 -5783.68 -8.81308e+06
-4.71698e-09 -17789.5 -2.71075e+07
-4.49074e-09 -29795 -4.54019e+07
-5.05827e-09 -41800.3 -6.36961e+07
-4.49631e-09 -53805.4 -8.19901e+07
-3.8774e-09 -65810.1 -1.00284e+08
-4.11956e-09 -77814.7 -1.18578e+08
-3.77827e-09 -89819 -1.36872e+08
-3.77895e-09 -101823 -1.55165e+08
-3.34396e-06 -37152.6 -5.66137e+07
3.88324e-06 27525.1 4.19415e+07
5.34828e-09 92210.8 1.40501e+08
-4.73892e-06 156905 2.39064e+08
6.39872e-06 221608 3.37631e+08
-0.000168858 278562 4.24387e+08
-0.00119828 314461 4.79083e+08
-2.28153e-05 262640 4.00151e+08
1.6865e-07 210826 3.21222e+08
-1.65121e-06 159019 2.42297e+08
-1.02693e-05 107219 1.63375e+08
2.93314e-08 55424.1 8.44556e+07
-1.59757e-06 3635.13 5.53942e+06
-9.00302e-06 -48148.5 -7.3374e+07
2.42007e-08 -99927.1 -1.52285e+08
-1.1913e-06 -151701 -2.31193e+08
-1.35299e-06 -103747 -1.58106e+08
-1.46352e-06 -55788.2 -8.50166e+07
-1.69015e-06 -7825.66 -1.19253e+07
-1.74677e-06 40141.5 6.11686e+07
-2.13468e-06 88113.4 1.34265e+08
-1.90362e-06 136090 2.07364e+08
-2.90134e-06 184073 2.80465e+08
-1.18119e-06 232061 3.53569e+08
-4.05947e-06 280054 4.26677e+08
-0.00723665 313543 4.77688e+08
3.85626e-10 240007 3.65676e+08
2.85581e-10 166484 2.53671e+08
-7.77618e-11 92974.2 1.41672e+08
-7.35251e-06 19476.8 2.96799e+07
2.24843e-08 -54009.1 -8.23062e+07
-5.51416e-06 -127485 -1.94287e+08
-0.00178136 -186491 -2.84221e+08
0.00483048 -222602 -3.39266e+08
0.000148964 -248381 -3.78561e+08
1.79246e-05 -266886 -4.06771e+08
2.68593e-05 -280708 -4.2784e+08
4.50584e-05 -289075 -4.40589e+08
3.16931e-06 -295463 -4.5032e+08
-0.00117389 -299863 -4.57017e+08
-0.000731483 -303090 -4.61922e+08
-0.000266924 -305794 -4.66027e+08
-2.58065e-05 -308223 -4.69713e+08
-0.00100294 -310357 -4.72947e+08
-0.0114 -312241 -4.75799e+08
0.00108771 -313842 -4.78218e+08
7.08462e-05 -314500 -4.79193e+08
0.0029337 -314388 -4.78989e+08
3.25372e-10 -262606 -4.00103e+08
-2.84856e-07 -210828 -3.2122e+08
2.45302e-08 -159054 -2.42341e+08
-1.15953e-07 -107284 -1.63464e+08
1.25098e-07 -55518 -8.4591e+07
-6.28903e-08 -3754.44 -5.72058e+06
-0.000223693 45623.6 6.95167e+07
4.02501e-05 90337.7 1.3765e+08
-0.000873501 130754 1.99238e+08
-0.000623883 168695 2.57058e+08
4.08784e-07 123979 1.8892e+08
3.11922e-07 79262.5 1.20781e+08
-1.23268e-08 34544.6 5.2639e+07
7.70903e-08 -10174.8 -1.55043e+07
-2.87183e-08 -54895.9 -8.36494e+07
3.9238e-08 -99618.9 -1.51796e+08
-7.816e-08 -144344 -2.19945e+08
5.57428e-08 -189072 -2.88097e+08
-2.80485e-07 -233802 -3.5625e+08
0.0027337 -269305 -4.10334e+08
-2.45017e-07 -295892 -4.50822e+08
0.00125215 -310986 -4.73788e+08
3.85831e-05 -256727 -3.91132e+08
1.08833e-07 -202473 -3.0848e+08
-4.76888e-07 -148223 -2.25831e+08
1.80439e-07 -93978.2 -1.43186e+08
-2.3816e-07 -39736.8 -6.0544e+07
3.68297e-07 14501.1 2.20945e+07
-0.000118723 63834.6 9.72626e+07
-0.000687577 107644 1.64018e+08
-0.00099365 149076 2.27153e+08
0.000139336 186150 2.83655e+08
-5.91016e-08 142919 2.1778e+08
1.50898e-07 99687.3 1.51903e+08
1.43706e-08 56454.3 8.60245e+07
5.05658e-08 13220 2.01444e+07
-6.36405e-10 -30015.9 -4.57374e+07
1.30649e-08 -73253.4 -1.11621e+08
-3.34873e-08 -116493 -1.77506e+08
-1.30779e-08 -159735 -2.43394e+08
-1.59558e-07 -202979 -3.09283e+08
-0.00266871 -243105 -3.70418e+08
8.8984e-05 -270138 -4.1159e+08
-6.3789e-05 -294482 -4.4866e+08
0.00172577 -307628 -4.68657e+08
-2.10527e-07 -230206 -3.50718e+08
-1.8872e-10 -152794 -2.32786e+08
-4.56667e-07 -75390.8 -1.14863e+08
-1.78532e-06 2004.61 3.05421e+06
-0.000549099 72302.4 1.10162e+08
-0.00787219 132748 2.02267e+08
-0.00241739 186792 2.84626e+08
0.000139258 221581 3.37649e+08
8.4928e-05 246291 3.75312e+08
-3.92589e-05 267705 4.07957e+08
1.65033e-05 285989 4.35828e+08
-3.80047e-05 301039 4.58767e+08
0.0309129 311322 4.74431e+08
0.00109082 318165 4.84841e+08
4.14831e-05 323658 4.93192e+08
0.00268747 327362 4.98808e+08
0.000423606 329990 5.02775e+08
0.00215464 332112 5.05969e+08
0.0095173 333108 5.07438e+08
-0.00675337 333112 5.07385e+08
-0.000160028 332918 5.07029e+08
-3.63586e-06 279778 4.26119e+08
1.37879e-09 226646 3.45214e+08
-3.54784e-06 173523 2.64313e+08
2.26055e-09 120409 1.83416e+08
-3.03676e-06 67301.4 1.02523e+08
1.27829e-09 14201.7 2.1635e+07
-2.57031e-06 -38891 -5.92494e+07
8.78572e-10 -91977.1 -1.4013e+08
8.06278e-05 -139720 -2.12878e+08
0.00432143 -179177 -2.7301e+08
-0.000117775 -205208 -3.12682e+08
-0.00294137 -222823 -3.39532e+08
-0.000176836 -162446 -2.47523e+08
-3.26914e-06 -102063 -1.55511e+08
-1.10665e-05 -41673.7 -6.34945e+07
-3.57574e-09 18722.9 2.85253e+07
-3.87358e-06 79127.1 1.20549e+08
5.5159e-07 139539 2.12577e+08
-0.00154605 199653 3.04141e+08
-4.34711e-05 252016 3.83896e+08
-8.26591e-06 284687 4.33633e+08
-0.00370233 302651 4.60961e+08
2.44217e-05 310223 4.72465e+08
6.5594e-07 258270 3.93362e+08
-1.22402e-06 206326 3.14263e+08
-1.06682e-05 154390 2.35169e+08
3.58286e-08 102463 1.5608e+08
-2.93053e-06 50543.3 7.69952e+07
1.33176e-09 -1368.89 -2.08539e+06
-2.62173e-06 -53273.9 -8.11618e+07
-2.59762e-06 -105119 -1.60153e+08
-0.000200547 -149030 -2.27066e+08
0.000175798 -180990 -2.75773e+08
-0.00104791 -207029 -3.15459e+08
0.000988796 -224042 -3.41391e+08
-0.00323996 -240154 -3.65951e+08
3.8699e-10 -170388 -2.59631e+08
-4.98194e-06 -100615 -1.53307e+08
-2.83603e-09 -30833.1 -4.69782e+07
-6.48032e-06 38958.6 5.93557e+07
-4.75575e-09 108761 1.65695e+08
-8.16758e-06 178574 2.7204e+08
-0.000576676 240327 3.66099e+08
0.000101954 272361 4.1486e+08
1.33402e-06 290822 4.4294e+08
0.00930553 300774 4.58044e+08
-1.83718e-10 246606 3.75573e+08
-4.77575e-06 192447 2.93107e+08
3.42789e-09 138299 2.10646e+08
-4.12589e-06 84158.7 1.28191e+08
3.3649e-09 30027.5 4.57401e+07
-3.53746e-06 -24095.3 -3.67056e+07
1.90903e-09 -78210.1 -1.19147e+08
8.57886e-06 -126931 -1.93378e+08
-0.00204131 -168992 -2.57475e+08
1.89231e-06 -197630 -3.0112e+08
-0.000269066 -220099 -3.35366e+08
-8.90176e-06 -135610 -2.06619e+08
-2.58501e-09 -51106.6 -7.78627e+07
-3.80851e-11 33413.3 5.0903e+07
1.25965e-10 117951 1.79679e+08
5.90262e-10 202508 3.08465e+08
0.00513476 263395 4.01173e+08
0.00294513 294324 4.48223e+08
0.01059 297731 4.53331e+08
0.00170066 299304 4.55645e+08
-0.000976083 300408 4.57242e+08
6.69781e-05 300796 4.57751e+08
6.01749e-05 300835 4.57726e+08
3.56903e-05 300690 4.57418e+08
0.00185763 300240 4.56643e+08
0.0242217 299547 4.55491e+08
