0 0 0
3.71658e-12 11450.9 1.74626e+07
1.61648e-13 22792.6 3.47587e+07
2.88125e-12 34134.3 5.20548e+07
9.80549e-13 45476 6.93509e+07
-1.89146e-11 56817.8 8.6647e+07
-2.73133e-11 68159.5 1.03943e+08
-2.21121e-11 79501.3 1.21239e+08
1.0516e-12 90843.1 1.38535e+08
1.24771e-11 102185 1.55831e+08
-4.87717e-11 113527 1.73128e+08
-3.00133e-11 124869 1.90424e+08
-8.79936e-11 136210 2.0772e+08
-1.08002e-11 147552 2.25016e+08
-1.30285e-10 158894 2.42312e+08
-5.16138e-11 170236 2.59608e+08
-3.29692e-11 181579 2.76905e+08
-1.08116e-10 192921 2.94201e+08
-1.52454e-10 204263 3.11497e+08
-3.16049e-11 215605 3.28793e+08
-9.25411e-11 226947 3.4609e+08
-1.41654e-10 238290 3.63386e+08
-2.05773e-10 249632 3.80682e+08
-1.96451e-10 260975 3.97979e+08
-1.45974e-10 272317 4.15275e+08
-1.58025e-10 283660 4.32572e+08
-1.97815e-10 295002 4.49868e+08
-2.8794e-07 303887 4.63415e+08
1.53342e-06 309684 4.72255e+08
-2.07576e-06 313242 4.77679e+08
-1.83276e-06 316797 4.831e+08
-1.43546e-06 320350 4.88517e+08
7.8882e-06 322822 4.92285e+08
-2.2849e-06 324870 4.95407e+08
4.99895e-07 326917 4.98528e+08
3.90801e-06 328964 5.01648e+08
6.04846e-05 330256 5.03618e+08
-3.22859e-05 331220 5.05085e+08
-3.07324e-05 332185 5.06556e+08
-2.9782e-05 333153 5.0803e+08
-2.89787e-05 334123 5.09509e+08
-2.82546e-05 335097 5.10992e+08
0.000151378 336027 5.1241e+08
-0.00375015 336400 5.12976e+08
-9.16918e-05 336766 5.13532e+08
-7.27043e-05 337137 5.14097e+08
-6.96638e-05 337514 5.14671e+08
-6.67512e-05 337897 5.15253e+08
-6.39197e-05 338286 5.15844e+08
-6.11703e-05 338680 5.16443e+08
-5.85033e-05 339081 5.17052e+08
-5.59234e-05 339487 5.1767e+08
-5.34282e-05 339900 5.18297e+08
-5.10219e-05 340318 5.18933e+08
-4.87013e-05 340742 5.19578e+08
-4.64708e-05 341172 5.20231e+08
-9.17372e-06 341606 5.2089e+08
-0.00593893 341860 5.21276e+08
-0.000390164 342069 5.21593e+08
-0.000318156 342285 5.2192e+08
-0.000313906 342507 5.22256e+08
-0.000310224 342735 5.22601e+08
-0.000306461 342969 5.22956e+08
-0.000302602 343209 5.2332e+08
-7.05694e-07 318464 4.85594e+08
-9.91506e-07 293720 4.47869e+08
-1.75181e-06 268977 4.10143e+08
-4.87952e-06 244234 3.72418e+08
-3.45252e-05 219492 3.34693e+08
6.19229e-08 194751 2.96969e+08
-3.10547e-09 170010 2.59244e+08
-1.62172e-08 145270 2.2152e+08
-1.87342e-08 120530 1.83796e+08
-1.79007e-08 95791.1 1.46073e+08
-1.60308e-08 71052.6 1.08349e+08
-1.39904e-08 46314.5 7.06262e+07
-1.2005e-08 21576.7 3.29032e+07
-1.05699e-08 -3160.54 -4.81965e+06
-9.07187e-09 -27897.5 -4.25423e+07
-7.50532e-09 -52634.1 -8.02648e+07
-6.40637e-09 -77370.4 -1.17987e+08
-5.30429e-09 -102106 -1.55709e+08
-2.10441e-05 -121809 -1.85755e+08
-0.000192424 -136781 -2.08588e+08
-9.29971e-05 -150011 -2.28765e+08
-7.45127e-05 -163027 -2.48615e+08
-6.3741e-05 -175832 -2.68142e+08
-0.000385577 -186643 -2.8463e+08
-0.000171815 -197081 -3.00548e+08
-0.000135952 -207254 -3.16063e+08
-0.000118538 -217167 -3.31181e+08
-0.000787184 -225989 -3.44634e+08
-0.000428936 -233915 -3.56721e+08
-0.000356147 -241552 -3.68367e+08
-0.000322376 -248908 -3.79585e+08
-0.000294645 -255990 -3.90385e+08
-0.000268678 -262809 -4.00783e+08
-0.000244117 -269373 -4.10793e+08
-0.00190827 -275489 -4.20119e+08
-0.00129984 -280605 -4.2792e+08
-0.00115919 -285474 -4.35344e+08
-0.0010979 -290109 -4.42411e+08
-0.00104822 -294520 -4.49137e+08
-0.000997596 -298721 -4.5554e+08
-0.000944739 -302721 -4.6164e+08
-0.000890417 -306534 -4.67452e+08
-0.000835622 -310171 -4.72995e+08
-0.000781219 -313641 -4.78285e+08
-0.000727927 -316957 -4.83339e+08
-0.000676293 -320128 -4.88171e+08
-0.000626724 -323163 -4.92798e+08
-0.000579505 -326073 -4.97232e+08
-0.000534818 -328867 -5.01488e+08
-0.000492763 -331552 -5.05579e+08
-3.61024e-08 -333827 -5.09044e+08
-0.00354037 -335856 -5.12134e+08
-0.00413049 -337796 -5.15088e+08
-0.00419343 -339654 -5.17917e+08
-0.00416604 -341437 -5.20631e+08
-0.00411468 -343150 -5.23239e+08
-0.00405031 -344799 -5.25748e+08
-0.00397612 -346389 -5.28167e+08
-0.0038941 -347924 -5.30502e+08
0.000101591 -326002 -4.97082e+08
9.44547e-08 -304082 -4.63661e+08
-4.6286e-08 -282161 -4.30241e+08
-2.44381e-09 -260242 -3.96821e+08
-1.34792e-08 -238323 -3.63402e+08
-9.95033e-09 -216404 -3.29982e+08
-9.97261e-09 -194486 -2.96563e+08
-9.27639e-09 -172569 -2.63144e+08
-8.43625e-09 -150652 -2.29725e+08
-7.85849e-09 -128735 -1.96306e+08
-7.50128e-09 -106819 -1.62888e+08
-6.7713e-09 -84903.6 -1.2947e+08
-6.24664e-09 -62988.4 -9.60518e+07
-5.73061e-09 -41073.5 -6.26339e+07
-5.30608e-09 -19159 -2.92161e+07
-4.93683e-09 2755.18 4.20147e+06
-4.30461e-09 24669.1 3.76189e+07
-3.85597e-09 46582.7 7.10363e+07
-3.53066e-09 68496 1.04453e+08
-2.99565e-09 90409.1 1.37871e+08
-6.6713e-06 109273 1.66637e+08
-7.77873e-05 123339 1.88088e+08
-4.36939e-05 135785 2.0707e+08
-4.02999e-05 148064 2.25795e+08
-0.000118498 159626 2.43427e+08
-8.45016e-05 170097 2.59396e+08
-7.90847e-05 180355 2.7504e+08
-7.17584e-05 190401 2.90361e+08
-0.000295605 199749 3.04617e+08
-0.000185035 208271 3.17614e+08
-0.000186356 216549 3.30238e+08
-0.000175058 224585 3.42492e+08
-0.00016536 232380 3.54381e+08
-0.000155828 239939 3.65907e+08
-0.000146611 247263 3.77077e+08
-0.000593443 254321 3.87839e+08
-0.000535086 260469 3.97215e+08
-0.000543805 266376 4.06223e+08
-0.000536787 272047 4.14872e+08
-0.000530738 277490 4.23171e+08
-0.000522823 282710 4.3113e+08
-0.000513588 287713 4.3876e+08
-0.000503039 292508 4.46071e+08
-0.000491283 297101 4.53074e+08
-0.000478422 301501 4.59782e+08
-0.000464575 305714 4.66205e+08
-0.000449865 309748 4.72356e+08
-0.000434421 313612 4.78247e+08
-0.000418376 317313 4.83889e+08
-0.000401864 320859 4.89295e+08
-0.000385019 324258 4.94475e+08
-0.000367964 327517 4.99442e+08
-0.000350829 330643 5.04208e+08
-0.000333726 333645 5.08782e+08
-0.000478277 336443 5.13046e+08
-0.0023289 338829 5.16681e+08
-0.0020829 341106 5.20151e+08
-0.00217948 343281 5.23465e+08
-0.00221411 345361 5.26633e+08
-0.00225017 347352 5.29664e+08
-0.00227831 349258 5.32568e+08
-0.00229993 351086 5.35351e+08
-0.00231505 352840 5.38022e+08
-0.00232391 354526 5.40588e+08
-0.00232676 356148 5.43056e+08
2.00741e-05 336813 5.13579e+08
6.97029e-05 317479 4.84101e+08
-5.64987e-08 298145 4.54623e+08
-1.92122e-08 278812 4.25146e+08
-1.12032e-08 259479 3.95669e+08
-9.32778e-09 240147 3.66192e+08
-8.18454e-09 220815 3.36715e+08
-7.47377e-09 201483 3.07238e+08
-6.73253e-09 182152 2.77762e+08
-6.25869e-09 162821 2.48286e+08
-5.7496e-09 143490 2.18809e+08
-5.16411e-09 124160 1.89333e+08
-4.75325e-09 104830 1.59857e+08
-4.3085e-09 85499.7 1.30381e+08
-3.71699e-09 66170.2 1.00905e+08
-3.48814e-09 46840.9 7.14298e+07
-3.03262e-09 27511.9 4.19543e+07
-2.78041e-09 8183.03 1.24788e+07
-2.44572e-09 -11145.6 -1.69966e+07
-1.99918e-09 -30474 -4.64719e+07
-1.70718e-09 -49802.3 -7.59471e+07
-1.64789e-09 -69130.4 -1.05422e+08
-1.43712e-09 -88458.4 -1.34897e+08
-1.23612e-09 -107786 -1.64372e+08
-9.96467e-07 -125688 -1.91673e+08
-2.72406e-05 -139269 -2.12384e+08
-2.58564e-05 -150279 -2.29174e+08
-2.33787e-05 -161157 -2.45764e+08
-2.11105e-05 -171905 -2.62155e+08
-9.5389e-05 -181480 -2.76756e+08
-5.20092e-05 -190653 -2.90746e+08
-4.6166e-05 -199660 -3.04482e+08
-4.24662e-05 -208502 -3.17965e+08
-0.000276421 -216299 -3.29856e+08
-0.000139045 -223838 -3.41353e+08
-0.000123584 -231185 -3.52558e+08
-0.000116799 -238343 -3.63473e+08
-0.00011076 -245311 -3.741e+08
-0.000104919 -252092 -3.84441e+08
-9.9249e-05 -258688 -3.945e+08
-0.00100128 -264585 -4.03492e+08
-0.000505885 -270193 -4.12043e+08
-0.000441719 -275608 -4.20301e+08
-0.000428102 -280835 -4.2827e+08
-0.000419834 -285875 -4.35957e+08
-0.000411404 -290735 -4.43366e+08
-0.000402214 -295417 -4.50505e+08
-0.000392254 -299926 -4.57381e+08
-0.000381604 -304268 -4.64001e+08
-0.000370353 -308447 -4.70372e+08
-0.000358595 -312468 -4.76502e+08
-0.000346419 -316336 -4.824e+08
-0.000333925 -320057 -4.88072e+08
-0.000321204 -323636 -4.93528e+08
-0.000308346 -327079 -4.98776e+08
-0.00029543 -330390 -5.03823e+08
-0.000282538 -333576 -5.08679e+08
-0.00026974 -336641 -5.13351e+08
-0.000257096 -339592 -5.17848e+08
-0.000244667 -342432 -5.22177e+08
-0.00410321 -345089 -5.26225e+08
-0.00199008 -347391 -5.29733e+08
-0.00174933 -349596 -5.33091e+08
-0.00173057 -351708 -5.36309e+08
-0.00173681 -353732 -5.39392e+08
-0.00174237 -355672 -5.42348e+08
-0.00174425 -357535 -5.45184e+08
-0.00174231 -359322 -5.47906e+08
-0.0017368 -361040 -5.50521e+08
-0.001728 -362690 -5.53034e+08
-0.0017162 -364279 -5.55452e+08
-0.00170164 -365808 -5.57779e+08
2.2782e-05 -342493 -5.22233e+08
1.19717e-08 -319178 -4.86687e+08
-2.27674e-08 -295863 -4.51141e+08
-1.03792e-08 -272550 -4.15595e+08
-1.31349e-08 -249237 -3.80049e+08
-1.10253e-08 -225925 -3.44504e+08
-1.07416e-08 -202613 -3.08959e+08
-9.87075e-09 -179302 -2.73414e+08
-9.0406e-09 -155991 -2.3787e+08
-8.44534e-09 -132681 -2.02326e+08
-7.7514e-09 -109371 -1.66781e+08
-7.05302e-09 -86061.6 -1.31237e+08
-6.29825e-09 -62752.7 -9.56936e+07
-5.67479e-09 -39444.2 -6.015e+07
-5.09965e-09 -16135.9 -2.46065e+07
-4.6626e-09 7171.92 1.09369e+07
-3.9326e-09 30479.5 4.64801e+07
-3.63178e-09 53786.8 8.20232e+07
-2.91726e-09 77093.9 1.17566e+08
-2.61139e-09 100401 1.53109e+08
-2.06273e-09 123707 1.88652e+08
-4.94287e-06 144002 2.19601e+08
-6.69456e-05 158861 2.42261e+08
-3.82262e-05 171987 2.62278e+08
-3.54171e-05 184922 2.82005e+08
-0.000121687 196489 2.99646e+08
-7.44939e-05 207437 3.16342e+08
-7.15986e-05 218142 3.32667e+08
-0.000329497 227847 3.47467e+08
-0.000179512 236892 3.61261e+08
-0.000186581 245658 3.74629e+08
-0.00017485 254146 3.87573e+08
-0.000165478 262359 4.00099e+08
-0.00100558 270011 4.11767e+08
-0.000520053 276947 4.22343e+08
-0.000617785 283597 4.32485e+08
-0.00058958 289968 4.422e+08
-0.000585731 296067 4.51499e+08
-0.000575544 301899 4.60392e+08
-0.000565123 307472 4.6889e+08
-0.000553328 312796 4.77007e+08
-0.000540419 317877 4.84754e+08
-0.000526428 322725 4.92145e+08
-0.00051143 327349 4.99195e+08
-0.000495528 331759 5.05918e+08
-0.000478822 335964 5.12328e+08
-0.00046143 339973 5.18439e+08
-0.000443481 343796 5.24267e+08
-0.000425098 347444 5.29825e+08
-0.00138308 350738 5.34846e+08
-0.00273375 353666 5.39307e+08
-0.00248746 356440 5.43534e+08
-0.00262687 359070 5.47542e+08
-0.00266619 361565 5.51342e+08
-0.00271912 363933 5.54949e+08
-0.00276007 366182 5.58374e+08
-0.00279429 368320 5.6163e+08
-0.0028206 370355 5.64727e+08
-0.00283926 372292 5.67677e+08
-0.00285036 374140 5.70489e+08
-0.00285406 375903 5.73173e+08
-0.00285072 377589 5.75738e+08
-0.00284057 379202 5.78192e+08
-0.00282403 380747 5.80542e+08
-0.00280151 382230 5.82797e+08
-0.00277344 383655 5.84963e+08
-0.00274034 385025 5.87046e+08
-0.00270263 386345 5.89052e+08
-0.00266079 387619 5.90987e+08
-0.00261537 388849 5.92856e+08
-0.00256677 390039 5.94663e+08
-0.00251545 391192 5.96413e+08
-0.00246185 392310 5.98111e+08
-0.00240637 393396 5.99758e+08
-0.0023494 394453 6.0136e+08
-0.00229129 395481 6.0292e+08
-0.00223236 396483 6.0444e+08
-0.000969502 397460 6.0592e+08
-3.98678e-06 398283 6.07166e+08
0.00739151 398742 6.07854e+08
1.50374e-05 398938 6.08142e+08
-0.000691466 398874 6.08031e+08
0.000964225 398460 6.07385e+08
0.00228188 397826 6.064e+08
0.0038864 397004 6.0513e+08
0.00542053 396033 6.0363e+08
0.00442348 394734 6.0163e+08
0.00489136 393137 5.99174e+08
0.00104135 391526 5.96696e+08
0.000561484 389834 5.94095e+08
0.000689266 388007 5.91288e+08
0.000833422 386089 5.88341e+08
0.000869452 384118 5.85313e+08
0.00101725 382128 5.82256e+08
0.000744983 380156 5.79227e+08
0.00045392 378327 5.76416e+08
0.000455823 376533 5.73658e+08
0.000542146 374783 5.70968e+08
0.000608672 373087 5.68359e+08
0.000647582 371448 5.65839e+08
0.000657753 369871 5.63412e+08
0.000642543 368356 5.61081e+08
-0.00160282 366832 5.58734e+08
0.00207797 365334 5.56427e+08
0.00215965 363885 5.54195e+08
0.00219642 362484 5.52036e+08
0.00218326 361130 5.49949e+08
0.00212726 359822 5.47931e+08
0.00203792 358558 5.45981e+08
0.00268816 357337 5.44095e+08
0.00197978 356062 5.42127e+08
0.00249044 354754 5.40109e+08
0.00266788 353425 5.38058e+08
0.00218339 352086 5.35991e+08
0.0112406 350746 5.33924e+08
0.00298529 349416 5.31871e+08
0.000559099 348103 5.29844e+08
0.000471711 346813 5.27853e+08
0.000397954 345553 5.25907e+08
0.000213099 344334 5.24023e+08
0.000139586 343190 5.22253e+08
0.000119105 342079 5.20535e+08
0.000106473 341004 5.1887e+08
-0.00371297 339902 5.17164e+08
0.00169466 338793 5.15446e+08
0.00157593 337712 5.13772e+08
0.00151399 336661 5.12143e+08
0.00143344 335640 5.10558e+08
0.0013421 334648 5.09019e+08
0.00124526 333687 5.07526e+08
0.00114766 332755 5.06078e+08
0.00105341 331852 5.04674e+08
0.000968769 330979 5.03315e+08
0.00129709 330098 5.01943e+08
0.00170418 329159 5.00484e+08
0.000339096 293832 4.46797e+08
6.16292e-08 258512 3.93113e+08
-3.1323e-09 223198 3.39433e+08
-3.27236e-09 187892 2.85758e+08
-1.68802e-09 152593 2.32086e+08
-4.26553e-09 117301 1.78419e+08
-6.71935e-09 82015.3 1.24755e+08
-6.17911e-09 46736.5 7.10956e+07
-4.00731e-06 12139.6 1.84677e+07
-0.000117526 -19067.7 -2.90092e+07
-5.679e-05 -49037.7 -7.46094e+07
-5.83787e-05 -77724 -1.18262e+08
-3.30077e-05 -104827 -1.59511e+08
-0.00159118 -129549 -1.97144e+08
-0.000467079 -147785 -2.24909e+08
-0.000943202 -162901 -2.47928e+08
0.000134351 -176722 -2.68979e+08
-0.0011641 -189982 -2.89179e+08
9.75548e-07 -202081 -3.07613e+08
-0.00116294 -213319 -3.24738e+08
-0.00154118 -223569 -3.40362e+08
-0.00143294 -233278 -3.55164e+08
-0.000790483 -242482 -3.69199e+08
1.73957e-06 -250892 -3.82024e+08
-0.00145062 -258764 -3.94031e+08
-0.00134764 -266210 -4.05391e+08
-0.00107494 -273248 -4.16129e+08
-0.000924973 -279887 -4.26262e+08
-0.00083293 -286179 -4.35867e+08
-0.00112992 -292120 -4.44936e+08
-0.00106953 -297581 -4.53273e+08
-0.000988288 -302747 -4.61162e+08
-0.000920207 -307642 -4.68637e+08
-0.000168866 -312248 -4.75674e+08
-0.00302449 -316574 -4.82283e+08
0.0125422 -320664 -4.88531e+08
-0.00124338 -324565 -4.94491e+08
-0.00146611 -328281 -5.00169e+08
-0.00150319 -331831 -5.05594e+08
-0.00156662 -335233 -5.10793e+08
-0.00164277 -338504 -5.15791e+08
-0.00173048 -341659 -5.20612e+08
-0.0018299 -344714 -5.2528e+08
-6.05372e-05 -312726 -4.76528e+08
-1.42114e-07 -280736 -4.27775e+08
-2.9784e-07 -248744 -3.79021e+08
-3.93231e-07 -216751 -3.30266e+08
-4.40683e-07 -184756 -2.8151e+08
-4.73429e-07 -152760 -2.32752e+08
-5.09357e-07 -120761 -1.83994e+08
-5.49265e-07 -88760.4 -1.35234e+08
-5.9494e-07 -56757.9 -8.64739e+07
-6.43032e-07 -24753.1 -3.7712e+07
-6.95085e-07 7253.8 1.10511e+07
-7.51016e-07 39263 5.98154e+07
-8.09544e-07 71274.4 1.08581e+08
-8.70534e-07 103288 1.57348e+08
-9.34346e-07 135305 2.06116e+08
-0.000473265 166911 2.54257e+08
0.000105703 190692 2.90471e+08
-0.00690377 205345 3.12779e+08
-0.00134112 217137 3.30728e+08
4.85475e-06 227554 3.4658e+08
-4.11983e-08 236701 3.60496e+08
-2.74103e-06 244160 3.71839e+08
-5.22836e-07 250950 3.82162e+08
7.1432e-06 257257 3.91748e+08
2.69488e-06 262356 3.99492e+08
-1.51991e-06 266980 4.06512e+08
-1.40547e-06 271343 4.13134e+08
-1.30308e-06 275456 4.19375e+08
-2.37977e-05 279068 4.2485e+08
-4.25927e-06 282082 4.29414e+08
-3.97253e-06 284884 4.33655e+08
-3.68534e-06 287488 4.37592e+08
-3.37553e-06 289908 4.41249e+08
-3.15555e-06 292156 4.44644e+08
0.000140787 294167 4.47676e+08
2.06695e-06 260505 3.96466e+08
2.62575e-06 226849 3.45259e+08
3.91877e-06 193197 2.94054e+08
7.06207e-06 159550 2.42852e+08
1.57019e-05 125908 1.91652e+08
-1.25283e-09 92269.7 1.40456e+08
-1.10495e-06 58636 8.92609e+07
-3.98755e-06 25006.7 3.80689e+07
6.16014e-07 -7368.09 -1.12172e+07
-8.96558e-05 -36598.4 -5.57201e+07
-2.82483e-05 -65057.5 -9.90529e+07
-2.4143e-05 -92966.2 -1.41551e+08
-4.13287e-05 -120224 -1.83063e+08
0.000686316 -145410 -2.21423e+08
9.44045e-07 -169723 -2.5846e+08
-2.33143e-05 -190166 -2.89604e+08
-0.000961176 -205476 -3.12934e+08
-0.000812722 -218760 -3.3318e+08
0.000668368 -231070 -3.51943e+08
-0.00142227 -242478 -3.69334e+08
-0.00139825 -252561 -3.84707e+08
-0.00127243 -262168 -3.99357e+08
-0.000893149 -271304 -4.1329e+08
-0.00201462 -279645 -4.26014e+08
5.22394e-05 -287341 -4.37755e+08
-0.00285731 -294403 -4.48529e+08
-0.00277311 -301104 -4.58754e+08
-0.00264175 -307469 -4.68469e+08
-0.00252355 -313524 -4.77711e+08
-0.00242288 -319292 -4.86514e+08
-0.00234375 -324795 -4.94915e+08
0.00421283 -329796 -5.0255e+08
-0.000235345 -298349 -4.54623e+08
-7.76115e-07 -266900 -4.06695e+08
-8.10339e-07 -235450 -3.58765e+08
-7.46131e-07 -203998 -3.10835e+08
-6.42439e-07 -172545 -2.62905e+08
-5.65499e-07 -141089 -2.14972e+08
-5.31975e-07 -109632 -1.6704e+08
-5.30879e-07 -78173.5 -1.19105e+08
-5.50355e-07 -46712.8 -7.11703e+07
-5.81524e-07 -15250 -2.32339e+07
-6.20491e-07 16214.8 2.47034e+07
-6.6636e-07 47681.8 7.2642e+07
-7.16105e-07 79150.9 1.20582e+08
-7.69314e-07 110622 1.68523e+08
-8.25667e-07 142096 2.16465e+08
-1.97938e-06 169388 2.58033e+08
-0.00462582 190080 2.89541e+08
3.31047e-06 207536 3.16117e+08
-3.23398e-08 219820 3.34815e+08
-0.000103307 230040 3.50368e+08
-0.00101279 239177 3.64269e+08
1.14835e-06 246777 3.75826e+08
3.19296e-08 226986 3.45692e+08
-5.89798e-08 207196 3.15559e+08
-1.11589e-07 187408 2.85427e+08
-1.423e-07 167621 2.55295e+08
-1.60353e-07 147834 2.25163e+08
-1.68103e-07 128049 1.95033e+08
-1.70253e-07 108266 1.64903e+08
-1.69301e-07 88482.8 1.34773e+08
-1.65283e-07 68701.1 1.04644e+08
-1.59779e-07 48920.4 7.45159e+07
-1.54959e-07 29140.8 4.43882e+07
-1.53913e-07 9362.17 1.4261e+07
-1.64305e-07 -10415.5 -1.58657e+07
-2.00334e-07 -30192 -4.59916e+07
-3.00225e-07 -49967.7 -7.61172e+07
-5.34615e-07 -69742.5 -1.06242e+08
-0.00106821 -88095.7 -1.34203e+08
-5.47981e-06 -105286 -1.60394e+08
-4.01479e-06 -122034 -1.85911e+08
-3.55771e-06 -138492 -2.10988e+08
-3.6882e-06 -154722 -2.35718e+08
-3.958e-06 -170766 -2.60166e+08
-4.28805e-06 -186654 -2.84378e+08
-4.6247e-06 -202410 -3.08388e+08
7.8945e-06 -217707 -3.31702e+08
-8.82856e-06 -232128 -3.53682e+08
-9.59108e-06 -246422 -3.75469e+08
-0.000984381 -258406 -3.93736e+08
-0.000167732 -268114 -4.08535e+08
-3.38372e-05 -275801 -4.20255e+08
-3.38307e-05 -283330 -4.31733e+08
-0.00256295 -290148 -4.42129e+08
0.000650964 -296032 -4.51105e+08
-0.00102801 -301704 -4.59758e+08
-3.00055e-06 -306706 -4.67389e+08
-1.51469e-07 -271615 -4.13907e+08
-3.21831e-07 -236522 -3.60424e+08
-4.12483e-07 -201428 -3.0694e+08
-4.60689e-07 -166332 -2.53455e+08
-5.06616e-07 -131234 -1.99969e+08
-5.57664e-07 -96133.6 -1.46482e+08
-6.11926e-07 -61031.3 -9.29933e+07
-6.70344e-07 -25926.8 -3.95038e+07
-7.32712e-07 9180.16 1.39872e+07
-7.98358e-07 44289.6 6.74795e+07
-8.67356e-07 79401.4 1.20973e+08
-9.41021e-07 114516 1.74468e+08
-0.000258432 149314 2.27477e+08
4.97078e-06 172993 2.63541e+08
0.00850281 195856 2.98355e+08
-5.38783e-07 216606 3.29949e+08
1.12963e-06 230809 3.51568e+08
7.86526e-07 240931 3.66971e+08
-1.68793e-07 250140 3.80978e+08
7.95081e-06 257505 3.92175e+08
2.89494e-07 220155 3.35304e+08
-3.51482e-07 182810 2.78435e+08
-1.67931e-06 145469 2.21568e+08
-6.34929e-06 108131 1.64704e+08
5.42286e-09 70797.6 1.07841e+08
-7.25035e-07 33467.8 5.09808e+07
-2.36485e-06 -3858.5 -5.87773e+06
-8.91025e-06 -41181.3 -6.27343e+07
-0.000223907 -77459.4 -1.18002e+08
-9.80801e-05 -110007 -1.67592e+08
-3.79223e-05 -141020 -2.14847e+08
-0.000168469 -171281 -2.60959e+08
-0.000154618 -201012 -3.06269e+08
-3.99511e-05 -228870 -3.48728e+08
0.000179783 -253155 -3.85746e+08
0.000429708 -269685 -4.10945e+08
-0.000678479 -283974 -4.3273e+08
-0.00395602 -296652 -4.52064e+08
-0.000221028 -261947 -3.99171e+08
-9.51809e-07 -227241 -3.46277e+08
-9.98155e-07 -192532 -2.93382e+08
-8.8027e-07 -157822 -2.40486e+08
-7.50539e-07 -123110 -1.87588e+08
-6.92182e-07 -88395.7 -1.3469e+08
-6.88053e-07 -53679.3 -8.17902e+07
-7.14226e-07 -18960.7 -2.88895e+07
-7.58524e-07 15760.3 2.40126e+07
-8.1325e-07 50483.7 7.6916e+07
-8.7619e-07 85209.7 1.29821e+08
-9.44883e-07 119938 1.82727e+08
-0.000104354 154546 2.35446e+08
3.22867e-06 177975 2.71127e+08
0.00764879 200601 3.05582e+08
3.09708e-07 222314 3.3864e+08
9.5514e-06 236978 3.6096e+08
7.87128e-07 246906 3.76066e+08
-4.12092e-07 255876 3.8971e+08
2.75701e-06 263025 4.00577e+08
-3.63574e-06 268779 4.09321e+08
-3.46303e-06 273533 4.16537e+08
-3.07333e-06 278017 4.23342e+08
6.66095e-06 282181 4.29657e+08
-0.000143954 285369 4.34486e+08
0.000112516 288098 4.38615e+08
0.000198056 290350 4.42016e+08
0.000159608 292244 4.44871e+08
0.000175669 293913 4.47382e+08
0.000182158 295387 4.49598e+08
0.000181507 296697 4.51561e+08
0.000177425 297865 4.53308e+08
9.39604e-05 298705 4.54555e+08
1.24555e-05 298588 4.54339e+08
0.00235822 298278 4.53828e+08
-0.000413291 297840 4.53121e+08
-0.000237589 297309 4.52272e+08
9.65132e-05 296714 4.51325e+08
0.000532784 296077 4.50315e+08
0.000505577 295460 4.49335e+08
0.000378657 294843 4.48354e+08
0.00112356 294198 4.47331e+08
0.00115484 293375 4.46036e+08
0.00274022 292480 4.44631e+08
-0.00171924 254464 3.86864e+08
-2.81249e-07 216457 3.29102e+08
-3.02498e-09 178458 2.71344e+08
-9.47693e-10 140466 2.13591e+08
-2.82762e-09 102483 1.55843e+08
-1.75078e-10 64507.2 9.81004e+07
-0.000132017 28840.4 4.38622e+07
-0.000205778 -3713.23 -5.64767e+06
-0.000195765 -35391.5 -5.38325e+07
-0.000226221 -66142 -1.00613e+08
-0.000312083 -95406.6 -1.45139e+08
-2.66223e-05 -123008 -1.87142e+08
-0.000554754 -149177 -2.26971e+08
0.000282775 -171390 -2.60786e+08
0.000121605 -188181 -2.86356e+08
-0.00381785 -201958 -3.0734e+08
-0.00154268 -214927 -3.27098e+08
-0.00457215 -226689 -3.45022e+08
5.16074e-05 -237639 -3.61713e+08
4.81507e-05 -247538 -3.76804e+08
-0.00345639 -257037 -3.91287e+08
-0.00322871 -266029 -4.05e+08
-0.00290462 -274551 -4.17999e+08
0.00262371 -282411 -4.29992e+08
6.71379e-05 -289627 -4.41006e+08
0.00131427 -296207 -4.5105e+08
7.03833e-05 -302315 -4.60375e+08
6.56848e-05 -308063 -4.69152e+08
2.47888e-05 -313487 -4.77434e+08
1.79826e-05 -318601 -4.85245e+08
1.65293e-05 -323432 -4.92626e+08
1.5001e-05 -328006 -4.99613e+08
0.00263211 -332352 -5.06253e+08
7.65757e-06 -336478 -5.12558e+08
1.32724e-05 -339671 -5.17438e+08
9.97625e-08 -291591 -4.44184e+08
-1.08883e-06 -243508 -3.70926e+08
-2.52547e-06 -195419 -2.97666e+08
-1.99012e-07 -147327 -2.24403e+08
-2.17513e-06 -99228.8 -1.51137e+08
-2.99381e-06 -51125.6 -7.78674e+07
-1.33546e-06 -3016.85 -4.59467e+06
-4.31947e-06 45097.7 6.86814e+07
2.43551e-06 93218.2 1.41961e+08
1.13965e-05 141345 2.15244e+08
-1.80807e-06 178588 2.71941e+08
4.11983e-08 204058 3.10703e+08
-9.29028e-07 219155 3.3367e+08
-0.0010375 233218 3.55057e+08
2.78584e-05 244222 3.71782e+08
-4.01067e-06 253895 3.86477e+08
-3.34296e-06 261958 3.98719e+08
3.14766e-05 268830 4.09145e+08
-0.000267004 273802 4.16673e+08
0.000301763 277737 4.22622e+08
6.41182e-06 240926 3.66625e+08
7.27037e-06 204121 3.10631e+08
1.03307e-05 167321 2.54641e+08
1.63866e-05 130527 1.98653e+08
2.84669e-05 93737.3 1.42668e+08
-1.69166e-10 56953.2 8.66864e+07
-1.42532e-06 20174.1 3.07075e+07
-9.00855e-07 -14308 -2.17795e+07
-9.75288e-05 -46007 -7.00349e+07
-2.96479e-05 -76895.3 -1.17061e+08
-2.74874e-05 -107204 -1.63209e+08
-0.00015425 -136823 -2.08311e+08
-0.000200194 -164035 -2.49753e+08
4.08969e-05 -189832 -2.89047e+08
-2.72561e-05 -212258 -3.23212e+08
0.000724608 -228438 -3.47865e+08
-0.00107977 -241835 -3.68283e+08
0.00128293 -254065 -3.86925e+08
-0.00198388 -265369 -4.04159e+08
-0.00199306 -275200 -4.19149e+08
0.00205968 -284623 -4.33519e+08
0.00262391 -293309 -4.46768e+08
-0.00240649 -301493 -4.59254e+08
0.000446636 -308760 -4.7034e+08
2.62229e-05 -315435 -4.80527e+08
4.63779e-08 -283519 -4.31899e+08
-1.96628e-07 -251602 -3.8327e+08
-4.15398e-07 -219682 -3.3464e+08
-5.50833e-07 -187761 -2.86008e+08
-6.23975e-07 -155837 -2.37375e+08
-6.79081e-07 -123911 -1.88741e+08
-7.35147e-07 -91983.4 -1.40105e+08
-7.94233e-07 -60053.1 -9.14684e+07
-8.55671e-07 -28120.5 -4.283e+07
-9.19846e-07 3814.55 5.80975e+06
-9.88041e-07 35752.1 5.44509e+07
-1.05807e-06 67692.4 1.03094e+08
-1.13161e-06 99635.2 1.51738e+08
-1.20876e-06 131581 2.00383e+08
-2.89837e-06 160533 2.44466e+08
-0.00437672 181978 2.7711e+08
4.9224e-05 156986 2.39059e+08
2.7213e-05 131996 2.01009e+08
2.08671e-05 107008 1.6296e+08
1.77834e-05 82022.1 1.24912e+08
1.62265e-05 57037.6 8.68646e+07
1.56641e-05 32054.8 4.88185e+07
1.59699e-05 7073.6 1.07731e+07
1.72924e-05 -17906.1 -2.72714e+07
2.01566e-05 -42884.2 -6.5315e+07
2.59268e-05 -67860.7 -1.03358e+08
3.84023e-05 -92835.8 -1.414e+08
-1.45656e-09 -117810 -1.7944e+08
-0.000282027 -141633 -2.15731e+08
-1.52936e-05 -163526 -2.49084e+08
-9.35234e-06 -184619 -2.81219e+08
-7.49426e-06 -205291 -3.12715e+08
-4.8503e-07 -225624 -3.43697e+08
2.57566e-05 -245537 -3.74039e+08
-4.00342e-05 -261402 -3.9822e+08
-0.00168991 -274586 -4.18323e+08
-6.45967e-06 -233898 -3.56328e+08
-6.92125e-09 -193207 -2.9433e+08
-6.87207e-07 -152513 -2.32331e+08
-1.39546e-06 -111816 -1.7033e+08
-1.28764e-06 -71114.6 -1.08327e+08
-1.59508e-06 -30410 -4.63213e+07
-1.55869e-06 10298.2 1.5686e+07
-1.85302e-06 51010.4 7.76956e+07
-1.82799e-06 91726.7 1.39708e+08
-0.00448605 131475 2.00241e+08
0.00011784 159095 2.42294e+08
-1.05333e-07 186212 2.83575e+08
2.50839e-09 174443 2.65655e+08
-8.32188e-09 162674 2.47735e+08
-9.39963e-09 150906 2.29815e+08
-9.93987e-09 139138 2.11896e+08
-1.10417e-08 127370 1.93977e+08
-1.07643e-08 115603 1.76058e+08
-1.02759e-08 103836 1.58139e+08
-1.01913e-08 92069.5 1.4022e+08
-9.84437e-09 80303.4 1.22302e+08
-9.8712e-09 68537.7 1.04384e+08
-8.93601e-09 56772.3 8.64657e+07
-8.78208e-09 45007.3 6.85479e+07
-9.81538e-09 33242.6 5.06303e+07
-8.49241e-09 21478.4 3.2713e+07
-7.63225e-09 9714.4 1.47958e+07
-9.24026e-09 -2049.23 -3.12117e+06
-8.1755e-09 -13812.5 -2.1038e+07
-7.26743e-09 -25575.5 -3.89546e+07
-8.58847e-09 -37338.1 -5.6871e+07
-8.22865e-09 -49100.4 -7.47873e+07
-7.27982e-09 -60862.4 -9.27033e+07
-7.00334e-09 -72624 -1.10619e+08
-7.48059e-09 -84385.2 -1.28535e+08
-7.55745e-09 -96146.3 -1.4645e+08
-5.90489e-09 -107907 -1.64366e+08
-6.80939e-09 -119667 -1.82281e+08
0.00101142 -131364 -2.00099e+08
5.20419e-05 -142255 -2.16691e+08
2.94033e-05 -152959 -2.32998e+08
6.64096e-05 -163136 -2.48502e+08
-0.00124375 -173167 -2.63785e+08
0.00131418 -183078 -2.78886e+08
0.00126983 -192887 -2.93832e+08
0.00142741 -202609 -3.08644e+08
0.00155108 -212253 -3.2334e+08
0.00164258 -221830 -3.37932e+08
0.00171304 -231345 -3.52432e+08
0.00176716 -240805 -3.66848e+08
0.00180915 -250216 -3.81188e+08
0.00184175 -259581 -3.95459e+08
2.44323e-06 -226589 -3.45191e+08
4.01123e-06 -193596 -2.94923e+08
8.26318e-06 -160601 -2.44653e+08
2.59093e-05 -127603 -1.94382e+08
2.85495e-08 -94603.9 -1.4411e+08
-3.0983e-07 -61601.8 -9.38356e+07
-6.59674e-07 -28597.5 -4.35604e+07
-8.74508e-07 4409.29 6.71617e+06
-9.65941e-07 37418.6 5.69942e+07
-1.03803e-06 70430.6 1.07274e+08
-1.11395e-06 103445 1.57555e+08
-0.00182052 134961 2.05549e+08
-0.00110885 157261 2.39502e+08
0.00479834 179233 2.72951e+08
1.09409e-07 200925 3.05971e+08
0.00406975 219552 3.3432e+08
1.98112e-06 232419 3.53895e+08
-0.00174711 242132 3.68668e+08
7.24231e-08 250505 3.81398e+08
1.5155e-06 257958 3.92725e+08
-1.06976e-06 263989 4.01885e+08
-1.17603e-06 269118 4.09671e+08
-2.58068e-06 273808 4.16787e+08
-7.17577e-06 277819 4.22867e+08
5.11097e-06 280733 4.27275e+08
0.000106236 282957 4.30633e+08
5.78207e-06 224075 3.41044e+08
9.24947e-06 165207 2.51464e+08
2.14186e-10 106352 1.6189e+08
-8.41324e-06 47509.5 7.2324e+07
-5.29336e-07 -10308.6 -1.56938e+07
-0.00122013 -61151.5 -9.31038e+07
-0.001807 -109855 -1.67267e+08
-0.00172307 -156175 -2.37814e+08
-0.00189145 -198103 -3.01683e+08
0.0168557 -228859 -3.48546e+08
3.64681e-05 -250398 -3.81375e+08
0.00121803 -269240 -4.101e+08
4.82989e-05 -284973 -4.34091e+08
-0.0025274 -299622 -4.56434e+08
-2.42347e-05 -312006 -4.75327e+08
-5.84334e-05 -322862 -4.9189e+08
-0.00226242 -332366 -5.06392e+08
-0.00689246 -340446 -5.1872e+08
-0.000368718 -345477 -5.26395e+08
0.00888727 -347918 -5.30116e+08
0.00280103 -348493 -5.30985e+08
0.000521169 -348064 -5.30322e+08
0.00132136 -347281 -5.29118e+08
0.000177294 -346429 -5.27805e+08
-0.00241662 -345562 -5.26469e+08
9.84826e-06 -328346 -5.0024e+08
-4.21135e-05 -302522 -4.60896e+08
-2.42795e-07 -263786 -4.01879e+08
-6.29548e-08 -205682 -3.13355e+08
-9.91099e-08 -136817 -2.08438e+08
-1.6145e-07 -67951.4 -1.03521e+08
-4.92343e-07 916.189 1.39576e+06
1.99407e-07 69786.4 1.06313e+08
-8.35885e-06 136278 2.07603e+08
-0.00269863 179060 2.7277e+08
8.52809e-05 209825 3.19623e+08
-0.000588476 233364 3.55465e+08
0.000102713 252132 3.84038e+08
2.22201e-05 267059 4.06755e+08
-0.000468799 279067 4.25023e+08
2.90823e-05 289152 4.40356e+08
0.0112018 296429 4.51409e+08
-1.16076e-05 300227 4.57157e+08
0.000495044 302631 4.60777e+08
-0.00348378 303420 4.61932e+08
-0.000444504 302976 4.61204e+08
-0.00886898 302220 4.59999e+08
0.0174947 301145 4.58307e+08
-0.000821112 299392 4.55579e+08
-6.14274e-06 242420 3.6891e+08
7.10579e-08 185460 2.82248e+08
-7.24896e-06 128513 1.95593e+08
5.91672e-09 71577.1 1.08945e+08
0.0019606 15027.2 2.28736e+07
-0.000140804 -37075.6 -5.64383e+07
-0.00023103 -86421.9 -1.31564e+08
-0.00196986 -132053 -2.01045e+08
-0.00293746 -174491 -2.65675e+08
-3.72534e-05 -210825 -3.2102e+08
-7.53146e-05 -236666 -3.6039e+08
-0.000352437 -258834 -3.94172e+08
7.50726e-05 -277727 -4.22971e+08
8.12526e-05 -294416 -4.48415e+08
-0.000175444 -306335 -4.66594e+08
-0.000192517 -314274 -4.78706e+08
9.36896e-05 -320112 -4.87615e+08
0.000189738 -324962 -4.95017e+08
0.000827629 -328196 -4.99951e+08
-0.00211315 -330544 -5.03533e+08
0.000198751 -332633 -5.06718e+08
0.000267913 -334461 -5.09505e+08
0.014917 -335202 -5.10628e+08
0.000807786 -334847 -5.10074e+08
-0.0656731 -334153 -5.09001e+08
2.02635e-09 -263883 -4.01961e+08
1.46923e-07 -193614 -2.94921e+08
-1.16532e-07 -123345 -1.87882e+08
-9.6086e-08 -53075.1 -8.08443e+07
-1.36559e-07 17196.4 2.61932e+07
-8.26025e-07 87470.4 1.33231e+08
-0.00452954 145819 2.22102e+08
3.89466e-05 183880 2.80065e+08
0.000108354 212764 3.24045e+08
9.49376e-05 234725 3.57479e+08
-2.88847e-05 252197 3.84072e+08
3.31212e-05 267198 4.06897e+08
0.000555779 279622 4.25793e+08
0.0172004 287008 4.3701e+08
0.00278424 292639 4.45553e+08
-0.00878752 295237 4.49466e+08
4.86638e-07 296971 4.52062e+08
0.00138363 298463 4.54286e+08
0.0257254 298492 4.54275e+08
-1.741e-05 297922 4.53348e+08
0.0435779 296491 4.51103e+08
0.0497999 294495 4.47995e+08
-0.00284529 292382 4.44709e+08
0.00377068 290291 4.41457e+08
0.00199182 288291 4.38341e+08
-0.000186571 286451 4.3547e+08
0.000908178 284565 4.32528e+08
-0.00386035 282633 4.29511e+08
-0.00366194 280495 4.26182e+08
-0.00474839 278291 4.22749e+08
-0.0025406 276091 4.19321e+08
-0.000261742 273957 4.15991e+08
-0.000428915 271964 4.12877e+08
-0.000426397 270119 4.09988e+08
-0.000537772 268399 4.07288e+08
-0.000628021 266800 4.04773e+08
0.148126 265320 4.02437e+08
-0.000577541 263949 4.00268e+08
0.00297436 262637 3.98186e+08
3.80185e-05 261306 3.96074e+08
-0.000186768 260044 3.94063e+08
9.07432e-05 258846 3.9215e+08
-0.000390782 257710 3.90331e+08
-0.00136259 256636 3.88603e+08
-0.00344218 255576 3.86897e+08
-0.00136531 254473 3.85131e+08
-8.62262e-05 238201 3.60521e+08
-2.07729e-08 213798 3.2361e+08
2.86545e-08 177205 2.68249e+08
-6.54454e-08 122341 1.85225e+08
-5.23461e-07 58498.3 8.85833e+07
-0.00975956 2424.26 3.67174e+06
4.89114e-05 -47602.3 -7.2112e+07
5.21559e-05 -92538.5 -1.40214e+08
-0.00401652 -132948 -2.01486e+08
-0.00026528 -168478 -2.5539e+08
-0.00695572 -193344 -2.93145e+08
7.03902e-05 -211306 -3.20445e+08
3.94141e-05 -227277 -3.44736e+08
0.000297016 -241632 -3.66584e+08
0.0192145 -254497 -3.8618e+08
0.000155294 -263961 -4.00617e+08
1.42208e-05 -270577 -4.10731e+08
7.37114e-05 -275077 -4.1763e+08
0.000144178 -278692 -4.23187e+08
0.000234467 -281677 -4.27785e+08
0.00167968 -283304 -4.30313e+08
0.00610917 -283718 -4.30989e+08
0.000101791 -283805 -4.31166e+08
-0.0117926 -283696 -4.31041e+08
0.0258867 -283535 -4.30829e+08
1.19508e-09 -264818 -4.02378e+08
-1.09292e-06 -236740 -3.59701e+08
-9.77241e-06 -194617 -2.9568e+08
8.69841e-09 -131414 -1.99638e+08
3.93356e-10 -56482 -8.5794e+07
-2.74099e-10 18480.6 2.80678e+07
2.99224e-10 93474.3 1.41948e+08
5.02014e-05 145274 2.20579e+08
-1.16005e-05 174604 2.65068e+08
0.000250083 193611 2.9387e+08
-0.00133801 204100 3.09726e+08
0.00152388 211580 3.21007e+08
-0.000242002 216618 3.28575e+08
0.000345319 221013 3.35164e+08
-2.10042e-05 223620 3.39033e+08
-0.000259508 225625 3.41999e+08
4.62555e-05 169985 2.57695e+08
-6.27933e-08 114370 1.73406e+08
-9.06766e-10 58778.8 8.9131e+07
-0.000265302 6688.7 1.0144e+07
-0.00118542 -38906.3 -5.9013e+07
-0.00686214 -80537.9 -1.22178e+08
-0.000153431 -118324 -1.79527e+08
-0.00567072 -152261 -2.31054e+08
5.62414e-05 -184002 -2.79267e+08
0.00026833 -205069 -3.11287e+08
-2.23449e-05 -216385 -3.28505e+08
-1.99175e-05 -226048 -3.43217e+08
9.639e-06 -234801 -3.56552e+08
0.000159405 -240938 -3.65914e+08
6.21252e-05 -246369 -3.74203e+08
4.76443e-05 -251342 -3.81799e+08
0.000162399 -255413 -3.88024e+08
8.62566e-05 -258344 -3.92514e+08
0.00818846 -260011 -3.95071e+08
-8.24002e-10 -213737 -3.24739e+08
-8.4148e-06 -167453 -2.544e+08
-1.38908e-05 -121159 -1.84055e+08
-5.02632e-09 -74853.6 -1.13704e+08
-9.72738e-06 -28537.2 -4.33451e+07
3.85467e-09 17790.7 2.70201e+07
-1.05904e-05 64130.3 9.73923e+07
-8.9176e-06 108563 1.64858e+08
-0.00366092 138680 2.10574e+08
0.00122658 158463 2.4059e+08
-0.000578686 173955 2.64083e+08
-0.00175428 185720 2.81911e+08
-0.00106012 193179 2.93196e+08
-0.000156306 197961 3.00421e+08
1.08108e-07 169304 2.56946e+08
-1.8123e-06 140652 2.13475e+08
-9.24133e-06 112006 1.70007e+08
8.86848e-09 83365.1 1.26542e+08
-1.94798e-06 54729.7 8.308e+07
-7.94566e-06 26099.5 3.96214e+07
-1.14318e-05 -1995.56 -3.0296e+06
-0.000113751 -27303.3 -4.14536e+07
-0.000128067 -51105.6 -7.75963e+07
-6.87535e-05 -73954 -1.12295e+08
-0.000219263 -95760.9 -1.45417e+08
-5.89793e-05 -116425 -1.76809e+08
0.000117063 -136138 -2.06759e+08
-0.000467763 -154910 -2.35285e+08
0.00110879 -172538 -2.62078e+08
-3.31425e-05 -188186 -2.85867e+08
-9.46844e-05 -198111 -3.00961e+08
0.00157675 -204946 -3.11361e+08
-1.05006e-05 -211163 -3.20824e+08
1.63822e-05 -217070 -3.29816e+08
2.10607e-05 -222695 -3.38382e+08
2.29466e-05 -228063 -3.46557e+08
0.000602251 -231024 -3.51069e+08
1.61154e-06 -159729 -2.42702e+08
7.02585e-09 -88409.3 -1.3432e+08
5.29667e-10 -17064 -2.59223e+07
-2.35877e-09 54308.1 8.24911e+07
-0.00522992 123944 1.88242e+08
-0.00461798 158559 2.40775e+08
0.000350078 179753 2.72913e+08
0.0106253 191853 2.91225e+08
-3.27658e-05 200342 3.04057e+08
