-4.125e-05 9.19566e-06 1.84516e-22
-9.56293e-05 2.13187e-05 2.47809e-22
-0.000150006 3.34417e-05 2.3816e-21
-0.00020438 4.55647e-05 1.50646e-21
-0.000258751 5.76877e-05 -2.90023e-22
-0.00031312 6.98108e-05 1.25087e-21
-0.000367486 8.19338e-05 1.17128e-21
-0.00042185 9.40568e-05 -3.10259e-21
-0.000476211 0.00010618 -3.69691e-21
-0.000530569 0.000118303 3.37331e-21
-0.000584925 0.000130426 -1.43198e-21
-0.000639278 0.000142549 -4.8384e-21
-0.000693629 0.000154672 3.91618e-22
-0.000747977 0.000166795 2.46456e-21
-0.000802323 0.000178918 -1.04671e-21
-0.000856666 0.000191041 -4.51774e-21
-0.000911006 0.000203165 -9.97505e-21
-0.000965344 0.000215288 1.20684e-21
-0.00101968 0.000227411 -8.91349e-22
-0.00107401 0.000239534 -5.38616e-21
-0.00112834 0.000251657 -3.77489e-21
-0.00118267 0.000263781 7.95428e-21
-0.00123699 0.000275904 -2.34968e-21
-0.00129132 0.000288027 -5.6729e-22
-0.00134564 0.00030015 2.15028e-21
-0.00141362 0.000314392 1.80351e-20
-0.00153463 0.000336399 1.98123e-19
-0.00169898 0.000364413 7.38732e-20
-0.00186346 0.000391575 -8.85811e-20
-0.00204399 0.000421069 -2.62916e-19
-0.0022381 0.000451914 2.69468e-19
-0.0024323 0.000481673 -1.70605e-19
-0.00264362 0.00051475 -1.59712e-19
-0.00286148 0.000547966 2.63099e-19
-0.00307932 0.000580073 -1.72245e-19
-0.00329714 0.000611112 1.83223e-20
-0.00351782 0.000643069 3.45012e-19
-0.00374979 0.000677325 -2.0499e-19
-0.00398161 0.000710782 7.43783e-20
-0.00421327 0.000743459 -8.96755e-20
-0.00444476 0.000775376 -5.92713e-20
-0.00467609 0.000806553 -7.8514e-20
-0.00490725 0.00083701 -2.60382e-20
-0.00513823 0.000866768 5.27126e-20
-0.00536904 0.000895848 -9.79632e-20
-0.00559438 0.000925025 -1.44185e-19
-0.00582893 0.00095718 -7.6001e-20
-0.00606443 0.000989191 -4.32549e-20
-0.00594923 0.000963464 -2.48129e-19
-0.00583402 0.000937737 8.21158e-19
-0.0057188 0.00091201 -5.45168e-20
-0.00560357 0.000886284 -5.76528e-20
-0.00548832 0.000860558 -7.63826e-20
-0.00537307 0.000834832 -8.17082e-20
-0.0052578 0.000809106 -8.64373e-20
-0.00514253 0.00078338 -7.89185e-20
-0.00502724 0.000757655 -7.69136e-20
-0.00491194 0.000731929 -6.65785e-20
-0.00479663 0.000706204 -7.84474e-20
-0.0046813 0.000680479 -8.86355e-20
-0.00456597 0.000654753 -6.75535e-20
-0.00445063 0.000629028 -7.95224e-20
-0.00433527 0.000603303 -8.58439e-20
-0.0042199 0.000577579 -8.87529e-20
-0.00410452 0.000551854 -6.87291e-20
-0.00398913 0.000526129 -7.64631e-20
-0.00382074 0.000487524 -4.21152e-19
-0.00358301 0.000433299 -7.43333e-20
-0.00332079 0.000376228 3.41313e-19
-0.0030545 0.000321144 -4.17566e-19
-0.00276826 0.000262441 -7.83622e-20
-0.00246236 0.000201619 2.20509e-19
-0.00215075 0.000142803 2.78931e-18
-0.00183311 8.51182e-05 1.19438e-17
-0.00148417 1.96329e-05 1.06526e-17
-0.00112821 -4.4258e-05 7.73597e-17
-0.000765346 -0.000106482 7.45235e-17
-0.000395756 -0.000166975 4.99198e-16
-1.96509e-05 -0.000225696 5.03353e-16
0.00037016 -0.000288632 -2.62863e-15
0.00077809 -0.00035537 -2.84337e-15
0.00119257 -0.000421216 -1.42553e-14
0.00161323 -0.000485992 -1.51194e-14
0.00203968 -0.000549546 -8.67654e-14
0.00247154 -0.000611759 -8.98701e-14
0.0029084 -0.000672534 -4.93145e-13
0.00334986 -0.000731803 -4.98128e-13
0.00379554 -0.000789514 -2.77965e-12
0.00424507 -0.000845641 -1.4915e-11
0.00469808 -0.00090017 -7.88048e-11
0.00515628 -0.000959308 2.74996e-11
0.00562561 -0.00102189 -4.92383e-12
0.00609757 -0.00108444 -6.11703e-12
0.00599246 -0.00106105 -6.43575e-12
0.00588736 -0.00103766 -6.33484e-12
0.00578227 -0.00101427 -6.3349e-12
0.00567719 -0.000990882 -6.33487e-12
0.00557212 -0.000967493 -6.33483e-12
0.00546706 -0.000944104 -6.33479e-12
0.00536201 -0.000920716 -6.33475e-12
0.00525697 -0.000897327 -6.33471e-12
0.00515194 -0.000873939 -6.33467e-12
0.00504692 -0.000850551 -6.33463e-12
0.00494192 -0.000827162 -6.33459e-12
0.00483692 -0.000803774 -6.33454e-12
0.00473193 -0.000780386 -6.3345e-12
0.00462695 -0.000756998 -6.33446e-12
0.00452198 -0.000733611 -6.33442e-12
0.00441703 -0.000710223 -6.33438e-12
0.00431208 -0.000686835 -6.33434e-12
0.00420714 -0.000663448 -6.3343e-12
0.00410221 -0.00064006 -6.33426e-12
0.00396494 -0.000608992 -6.30222e-12
0.00376014 -0.00056183 -6.19802e-12
0.00353425 -0.000511164 -6.08107e-12
0.00330517 -0.000461916 -5.97321e-12
0.00305158 -0.000406785 -5.83306e-12
0.002792 -0.000352362 -5.702e-12
0.0025279 -0.000299316 -5.57929e-12
0.00224643 -0.000241736 -5.43078e-12
0.0019538 -0.000182394 -5.28487e-12
0.00165544 -0.000124105 -5.14516e-12
0.00135131 -6.69067e-05 -5.01245e-12
0.00104142 -1.08339e-05 -4.88142e-12
0.000725796 4.40816e-05 -4.78292e-12
0.000393268 0.00010527 -4.60785e-12
5.19477e-05 0.000167994 -4.46925e-12
-0.000295617 0.000230257 -4.31836e-12
-0.000649292 0.000291937 -4.19716e-12
-0.00100891 0.000352916 -4.02532e-12
-0.00137428 0.000413091 -3.94659e-12
-0.00174518 0.000472367 -3.69513e-12
-0.00212137 0.000530663 -3.72898e-12
-0.00250259 0.000587906 -3.24554e-12
-0.00288856 0.000644038 -4.90177e-12
-0.00327901 0.000699009 3.50289e-12
-0.00367365 0.00075278 -3.39835e-11
-0.0040722 0.000805322 1.30566e-10
-0.00447438 0.000856617 -5.10514e-11
-0.0048851 0.000915204 -4.74841e-11
-0.00530197 0.000974318 1.71458e-10
-0.00572174 0.00103339 5.37506e-11
-0.00561136 0.00100874 3.08644e-11
-0.00550096 0.000984088 3.68039e-11
-0.00539055 0.000959437 3.68068e-11
-0.00528014 0.000934785 3.68067e-11
-0.00516971 0.000910134 3.68069e-11
-0.00505928 0.000885483 3.68072e-11
-0.00494883 0.000860832 3.68074e-11
-0.00483837 0.000836182 3.68077e-11
-0.0047279 0.000811531 3.6808e-11
-0.00461743 0.000786881 3.68082e-11
-0.00450694 0.00076223 3.68085e-11
-0.00439644 0.00073758 3.68087e-11
-0.00428593 0.00071293 3.6809e-11
-0.00417541 0.00068828 3.68092e-11
-0.00406488 0.00066363 3.68095e-11
-0.00395434 0.00063898 3.68097e-11
-0.00384379 0.00061433 3.681e-11
-0.00373322 0.00058968 3.68103e-11
-0.00362265 0.000565031 3.68105e-11
-0.00348626 0.000534028 3.65365e-11
-0.00327237 0.000485123 3.548e-11
-0.00303373 0.000432374 3.43165e-11
-0.00278574 0.000378859 3.3159e-11
-0.0025155 0.000320843 3.19593e-11
-0.00224022 0.000264285 3.08583e-11
-0.00194853 0.000203449 2.9702e-11
-0.00164312 0.000140603 2.86258e-11
-0.00133129 7.88959e-05 2.76247e-11
-0.00101299 1.83668e-05 2.66601e-11
-0.000688204 -4.09483e-05 2.55278e-11
-0.00034649 -0.000107232 2.50743e-11
5.54424e-06 -0.000174417 2.54408e-11
0.000364767 -0.000241072 2.44721e-11
0.000731069 -0.000307071 2.87183e-11
0.0011043 -0.0003723 2.70648e-11
0.00148426 -0.000436647 4.59655e-11
0.00187073 -0.000500017 4.10547e-11
0.00226345 -0.000562318 1.11316e-10
0.00266212 -0.000623473 9.3109e-11
0.00306643 -0.000683413 8.23365e-11
0.00347607 -0.000742081 1.95598e-10
0.00389068 -0.000799434 3.75252e-11
0.00430993 -0.000855437 -1.45781e-10
0.00473287 -0.000913455 8.01291e-11
0.00516955 -0.000976705 2.60196e-10
0.00561004 -0.00103995 1.54754e-11
0.00549253 -0.0010138 8.49685e-11
0.00537504 -0.000987655 6.46213e-11
0.00525756 -0.000961508 6.46204e-11
0.00514009 -0.000935361 6.46199e-11
0.00502264 -0.000909215 6.46194e-11
0.00490519 -0.000883068 6.46189e-11
0.00478777 -0.000856922 6.46184e-11
0.00467035 -0.000830775 6.46179e-11
0.00455295 -0.000804629 6.46174e-11
0.00443556 -0.000778483 6.46169e-11
0.00431818 -0.000752337 6.46164e-11
0.00420081 -0.000726192 6.46159e-11
0.00408346 -0.000700046 6.46154e-11
0.00396612 -0.0006739 6.4615e-11
0.0038488 -0.000647755 6.46145e-11
0.00373148 -0.000621609 6.4614e-11
0.00361418 -0.000595464 6.46135e-11
0.00349689 -0.000569319 6.4613e-11
0.00337961 -0.000543174 6.46125e-11
0.00321526 -0.000506346 6.41904e-11
0.00297014 -0.00045119 6.29832e-11
0.00271482 -0.000395856 6.17756e-11
0.00243731 -0.000336045 6.04563e-11
0.00214696 -0.000275189 5.91128e-11
0.00184297 -0.000212398 5.77968e-11
0.00152026 -0.00014509 5.63528e-11
0.00119034 -7.9017e-05 5.49858e-11
0.000853152 -1.4227e-05 5.36887e-11
0.000502447 5.31657e-05 5.24753e-11
0.000136176 0.000125729 5.10982e-11
-0.00023824 0.000197756 4.97879e-11
-0.000620714 0.000269103 4.84763e-11
-0.00101111 0.000339641 4.72924e-11
-0.00140923 0.00040924 4.59665e-11
-0.00181484 0.000477785 4.50016e-11
-0.00222764 0.000545166 4.34046e-11
-0.00264732 0.000611289 4.29623e-11
-0.0030735 0.000676067 4.0368e-11
-0.0