-5.78951e-05 9.19566e-06 2.58973e-22
-0.000134218 2.13187e-05 3.50797e-22
-0.000210539 3.34417e-05 3.33621e-21
-0.000286857 4.55647e-05 2.11127e-21
-0.000363172 5.76877e-05 -3.87631e-22
-0.000439484 6.98108e-05 1.73561e-21
-0.000515795 8.19338e-05 1.65328e-21
-0.000592102 9.40568e-05 -4.35299e-21
-0.000668407 0.00010618 -5.23951e-21
-0.000744709 0.000118303 4.69455e-21
-0.000821009 0.000130426 -2.03881e-21
-0.000897306 0.000142549 -6.83575e-21
-0.000973601 0.000154672 5.29903e-22
-0.00104989 0.000166795 3.44691e-21
-0.00112618 0.000178918 -1.37793e-21
-0.00120247 0.000191041 -6.31743e-21
-0.00127875 0.000203165 -1.37861e-20
-0.00135504 0.000215288 1.70565e-21
-0.00143132 0.000227411 -1.40418e-21
-0.00150759 0.000239534 -7.46857e-21
-0.00158387 0.000251657 -5.26602e-21
-0.00166014 0.000263781 1.1336e-20
-0.00173641 0.000275904 -3.31138e-21
-0.00181267 0.000288027 -6.27494e-22
-0.00188894 0.00030015 2.93154e-21
-0.00198462 0.000314392 1.35068e-20
-0.00215475 0.000336399 1.87717e-19
-0.00238547 0.000364413 9.11254e-20
-0.00261637 0.000391575 -9.12689e-20
-0.00287004 0.000421069 -3.17716e-19
-0.00314253 0.000451914 3.1045e-19
-0.00341515 0.000481673 -1.93211e-19
-0.00371226 0.00051475 -3.7645e-19
-0.00401809 0.000547966 3.61896e-19
-0.00432391 0.000580073 -2.37517e-19
-0.00462969 0.000611112 3.93041e-20
-0.00494047 0.000643069 3.83806e-19
-0.00526614 0.000677325 -2.43893e-19
-0.0055916 0.000710782 7.13831e-20
-0.00591684 0.000743459 -1.1227e-19
-0.00624185 0.000775376 -7.38743e-20
-0.00656663 0.000806553 -1.10541e-19
-0.00689115 0.00083701 -3.48826e-20
-0.00721544 0.000866768 5.4096e-20
-0.00753948 0.000895848 -1.51714e-19
-0.00785837 0.000925025 -1.90453e-19
-0.00818821 0.00095718 -1.12581e-19
-0.00851894 0.000989191 -7.83071e-20
-0.00835717 0.000963464 -3.49688e-19
-0.0081954 0.000937737 1.09727e-18
-0.00803361 0.00091201 -8.25663e-20
-0.00787181 0.000886284 -8.96298e-20
-0.00771 0.000860558 -1.15656e-19
-0.00754818 0.000834832 -1.21074e-19
-0.00738635 0.000809106 -1.27437e-19
-0.0072245 0.00078338 -1.16903e-19
-0.00706265 0.000757655 -1.13837e-19
-0.00690078 0.000731929 -9.95697e-20
-0.00673891 0.000706204 -1.16228e-19
-0.00657702 0.000680479 -1.30422e-19
-0.00641512 0.000654753 -1.00732e-19
-0.00625321 0.000629028 -1.17562e-19
-0.00609129 0.000603303 -1.26418e-19
-0.00592936 0.000577579 -1.30457e-19
-0.00576742 0.000551854 -1.02391e-19
-0.00560546 0.000526129 -1.13129e-19
-0.00536853 0.000487524 -4.2935e-19
-0.0050344 0.000433299 -1.24509e-19
-0.0046664 0.000376228 2.71839e-19
-0.00429269 0.000321144 -5.9977e-19
-0.00389058 0.000262441 -1.3257e-19
-0.0034613 0.000201619 2.57141e-19
-0.00302401 0.000142803 3.48954e-18
-0.00257764 8.51182e-05 1.67328e-17
-0.00208799 1.96329e-05 1.49507e-17
-0.00158848 -4.4258e-05 1.08091e-16
-0.0010793 -0.000106482 1.04403e-16
-0.000560685 -0.000166975 7.00337e-16
-3.29377e-05 -0.000225696 7.06119e-16
0.00051509 -0.000288632 -3.6927e-15
0.00108746 -0.00035537 -3.98807e-15
0.00166901 -0.000421216 -1.99973e-14
0.00225922 -0.000485992 -2.1208e-14
0.00285756 -0.000549546 -1.21708e-13
0.00346347 -0.000611759 -1.26042e-13
0.00407638 -0.000672534 -6.91687e-13
0.00469575 -0.000731803 -6.98555e-13
0.00532103 -0.000789514 -3.89853e-12
0.00595171 -0.000845641 -2.09192e-11
0.00658727 -0.00090017 -1.10527e-10
0.00723168 -0.000959308 3.8752e-11
0.00788996 -0.00102189 -6.85904e-12
0.00855192 -0.00108444 -8.52708e-12
0.00840447 -0.00106105 -8.94189e-12
0.00825703 -0.00103766 -8.82955e-12
0.0081096 -0.00101427 -8.82961e-12
0.00796219 -0.000990882 -8.82959e-12
0.00781478 -0.000967493 -8.82955e-12
0.00766739 -0.000944104 -8.82951e-12
0.00752 -0.000920716 -8.82947e-12
0.00737263 -0.000897327 -8.82943e-12
0.00722526 -0.000873939 -8.82939e-12
0.00707791 -0.000850551 -8.82935e-12
0.00693057 -0.000827162 -8.82931e-12
0.00678323 -0.000803774 -8.82927e-12
0.00663591 -0.000780386 -8.82923e-12
0.0064886 -0.000756998 -8.82919e-12
0.0063413 -0.000733611 -8.82915e-12
0.00619401 -0.000710223 -8.82911e-12
0.00604672 -0.000686835 -8.82907e-12
0.00589945 -0.000663448 -8.82903e-12
0.00575219 -0.00064006 -8.82899e-12
0.00555994 -0.000608992 -8.78502e-12
0.00527283 -0.00056183 -8.6406e-12
0.00495579 -0.000511164 -8.47808e-12
0.00463428 -0.000461916 -8.32814e-12
0.00427859 -0.000406785 -8.13336e-12
0.00391426 -0.000352362 -7.95098e-12
0.00354358 -0.000299316 -7.78017e-12
0.00314877 -0.000241736 -7.57351e-12
0.00273805 -0.000182394 -7.37023e-12
0.00231928 -0.000124105 -7.17555e-12
0.00189241 -6.69067e-05 -6.99059e-12
0.00145745 -1.08339e-05 -6.80789e-12
0.00101442 4.40816e-05 -6.67075e-12
0.000547887 0.00010527 -6.42641e-12
6.87883e-05 0.000167994 -6.23304e-12
-0.000419085 0.000230257 -6.02237e-12
-0.000915546 0.000291937 -5.85332e-12
-0.00142036 0.000352916 -5.61312e-12
-0.00193326 0.000413091 -5.50359e-12
-0.00245393 0.000472367 -5.15148e-12
-0.00298203 0.000530663 -5.19992e-12
-0.00351719 0.000587906 -4.52199e-12
-0.00405905 0.000644038 -6.84829e-12
-0.00460719 0.000699009 4.95201e-12
-0.00516123 0.00075278 -4.76852e-11
-0.00572075 0.000805322 1.83372e-10
-0.00628538 0.000856617 -7.16677e-11
-0.00686316 0.000915204 -6.68683e-11
-0.00744855 0.000974318 2.4072e-10
-0.00803804 0.00103339 7.53916e-11
-0.00788303 0.00100874 4.56946e-11
-0.00772801 0.000984088 5.16501e-11
-0.00757299 0.000959436 5.1653e-11
-0.00741795 0.000934785 5.16529e-11
-0.0072629 0.000910134 5.16531e-11
-0.00710784 0.000885483 5.16534e-11
-0.00695278 0.000860832 5.16536e-11
-0.0067977 0.000836182 5.16539e-11
-0.00664261 0.000811531 5.16541e-11
-0.00648752 0.000786881 5.16544e-11
-0.00633241 0.00076223 5.16546e-11
-0.00617729 0.00073758 5.16549e-11
-0.00602216 0.00071293 5.16551e-11
-0.00586702 0.00068828 5.16554e-11
-0.00571187 0.00066363 5.16557e-11
-0.00555671 0.00063898 5.16559e-11
-0.00540154 0.00061433 5.16562e-11
-0.00524636 0.00058968 5.16564e-11
-0.00509117 0.000565031 5.16567e-11
-0.00489945 0.000534028 5.12685e-11
-0.00459902 0.000485123 4.97845e-11
-0.0042641 0.000432374 4.81531e-11
-0.0039159 0.000378859 4.65287e-11
-0.00353663 0.000320843 4.48463e-11
-0.0031503 0.000264285 4.33024e-11
-0.00274071 0.000203449 4.16798e-11
-0.00231211 0.000140603 4.01706e-11
-0.0018745 7.88959e-05 3.87666e-11
-0.00142781 1.83667e-05 3.74139e-11
-0.000972027 -4.09484e-05 3.58257e-11
-0.000492081 -0.000107232 3.51891e-11
1.92102e-06 -0.000174417 3.5703e-11
0.000506001 -0.000241072 3.43443e-11
0.00102 -0.000307071 4.03012e-11
0.00154372 -0.0003723 3.79806e-11
0.00207687 -0.000436647 6.44932e-11
0.00261915 -0.000500017 5.76005e-11
0.00317017 -0.000562318 1.56151e-10
0.00372955 -0.000623473 1.30597e-10
0.00429684 -0.000683413 1.15483e-10
0.00487158 -0.000742081 2.74335e-10
0.0054533 -0.000799434 5.25889e-11
0.00604153 -0.000855436 -2.04353e-10
0.00663641 -0.000913455 1.12647e-10
0.00724898 -0.000976705 3.64798e-10
0.00786685 -0.00103995 2.16262e-11
0.00770201 -0.0010138 1.1102e-10
0.00753719 -0.000987655 9.06459e-11
0.00737238 -0.000961508 9.0645e-11
0.00720759 -0.000935361 9.06445e-11
0.0070428 -0.000909215 9.0644e-11
0.00687804 -0.000883068 9.06435e-11
0.00671328 -0.000856922 9.0643e-11
0.00654854 -0.000830776 9.06425e-11
0.00638381 -0.000804629 9.0642e-11
0.00621909 -0.000778483 9.06415e-11
0.00605439 -0.000752338 9.0641e-11
0.0058897 -0.000726192 9.06405e-11
0.00572502 -0.000700046 9.064e-11
0.00556035 -0.000673901 9.06396e-11
0.0053957 -0.000647755 9.06391e-11
0.00523106 -0.00062161 9.06386e-11
0.00506643 -0.000595464 9.06381e-11
0.00490182 -0.000569319 9.06376e-11
0.00473721 -0.000543174 9.06372e-11
0.00450696 -0.000506346 9.00503e-11
0.00416326 -0.00045119 8.83607e-11
0.0038049 -0.000395856 8.66669e-11
0.00341564 -0.000336045 8.48184e-11
0.00300812 -0.000275189 8.2934e-11
0.00258175 -0.000212398 8.10906e-11
0.0021288 -0.00014509 7.90653e-11
0.00166573 -7.90171e-05 7.71478e-11
0.00119245 -1.42272e-05 7.53284e-11
0.000700564 5.31656e-05 7.36287e-11
0.000186456 0.000125729 7.16972e-11
-0.000339098 0.000197755 6.98594e-11
-0.000875977 0.000269103 6.80196e-11
-0.00142399 0.000339641 6.6359e-11
-0.00198286 0.00040924 6.4499e-11
-0.00255225 0.000477785 6.31458e-11
-0.00313175 0.000545166 6.0905e-11
-0.00372091 0.000611289 6.02854e-11
-0.00431922 0.000676067 5.66442e-11
-0.00492614 0.000