0 0
-2.40172e-05 -0.275248
-0.000134116 -0.650435
-0.000333462 -1.02562
-0.000622056 -1.40081
-0.000999898 -1.77599
-0.00146699 -2.15118
-0.00202332 -2.52637
-0.00266891 -2.90155
-0.00340374 -3.27674
-0.00422782 -3.65192
-0.00514115 -4.02711
-0.00614373 -4.4023
-0.00723556 -4.77748
-0.00841663 -5.15267
-0.00731459 -4.80351
-0.00628985 -4.45434
-0.00534241 -4.10518
-0.00447227 -3.75601
-0.00367942 -3.40685
-0.00296387 -3.05769
-0.00232561 -2.70852
-0.00176466 -2.35936
-0.001281 -2.01019
-0.000874637 -1.66103
-0.000545572 -1.31187
-0.000293803 -0.962702
-0.000119332 -0.613538
-2.2157e-05 -0.264374
-2.27909e-06 0.08479
-5.9698e-05 0.433954
-0.000194414 0.783118
-0.000406426 1.13228
-0.000695736 1.48145
-0.00106234 1.83061
-0.00150625 2.17977
-0.00202745 2.52894
-0.00262594 2.8781
-0.00330174 3.22727
-0.00405483 3.57643
-0.00488522 3.92559
-0.00579291 4.27476
-0.00677789 4.62392
-0.00784017 4.97309
-0.00897975 5.32225
-0.00758981 4.89304
-0.00631667 4.46383
-0.00516033 4.03462
-0.0041208 3.60541
-0.00319806 3.17619
-0.00239213 2.74698
-0.001703 2.31777
-0.00113067 1.88856
-0.000675136 1.45935
-0.000336406 1.03014
-0.000114476 0.600926
-9.34736e-06 0.171715
-2.10191e-05 -0.257496
-0.000149491 -0.686707
-0.000394764 -1.11592
-0.000756838 -1.54513
-0.00123571 -1.97434
-0.00183139 -2.40355
-0.00254386 -2.83276
-0.00337314 -3.26198
-0.00431922 -3.69119
-0.0053821 -4.1204
-0.00656178 -4.54961
-0.00785826 -4.97882
-0.00729422 -4.79681
-0.00675118 -4.6148
-0.00622915 -4.43279
-0.00572811 -4.25078
-0.00524809 -4.06878
-0.00478906 -3.88677
-0.00435104 -3.70476
-0.00393402 -3.52275
-0.00353801 -3.34074
-0.003163 -3.15873
-0.00280899 -2.97672
-0.00247598 -2.79471
-0.00216398 -2.61271
-0.00187299 -2.4307
-0.00160299 -2.24869
-0.001354 -2.06668
-0.00112601 -1.88467
-0.00091903 -1.70266
-0.00073305 -1.52065
-0.000568072 -1.33864
-0.000424098 -1.15664
-0.000301127 -0.974627
-0.00019916 -0.792619
-0.000118195 -0.61061
-5.82344e-05 -0.428601
-1.92767e-05 -0.246593
-1.32227e-06 -0.0645837
-4.37113e-06 0.117425
-2.84233e-05 0.299434
-7.34787e-05 0.481443
-0.000139537 0.663451
-0.000226599 0.84546
-0.000334665 1.02747
-0.000463733 1.20948
-0.000613805 1.39149
-0.00078488 1.5735
-0.000976959 1.7555
-0.00119004 1.93751
-0.00142413 2.11952
-0.00167921 2.30153
-0.00195531 2.48354
-0.0022524 2.66555
-0.0025705 2.84756
-0.0029096 3.02957
-0.00326971 3.21157
-0.00365082 3.39358
-0.00405293 3.57559
-0.00447604 3.7576
-0.00492016 3.93961
-0.00538528 4.12162
-0.00587141 4.30363
-0.00637854 4.48563
-0.00690667 4.66764
-0.00745581 4.84965
-0.00802595 5.03166
-0.00861709 5.21367
-0.00922924 5.39568
-0.00986239 5.57769
-0.00744806 4.84713
-0.00537212 4.11658
-0.00363456 3.38602
-0.00223539 2.65546
-0.00117461 1.92491
-0.000452208 1.19435
-6.81913e-05 0.463797
-2.25584e-05 -0.266758
-0.000315309 -0.997314
-0.000946444 -1.72787
-0.00191596 -2.45843
-0.00322387 -3.18898
-0.00487016 -3.91954
-0.00685483 -4.65009
-0.0091779 -5.38065
-0.0118393 -6.1112
-0.0148392 -6.84176
-0.0114059 -5.99829
-0.00842367 -5.15482
-0.00589252 -4.31135
-0.00381244 -3.46789
-0.00218343 -2.62442
-0.00100549 -1.78095
-0.00027861 -0.93748
-2.8018e-06 -0.0940118
-0.00017806 0.749457
-0.000804384 1.59293
-0.00188178 2.43639
-0.00341024 3.27986
-0.00538976 4.12333
-0.00782036 4.9668
-0.010702 5.81027
-0.0140348 6.65374
-0.0178186 7.4972
-0.0147616 6.82384
-0.011992 6.15048
-0.00950997 5.47712
-0.00731538 4.80376
-0.00540827 4.1304
-0.00378864 3.45704
-0.00245648 2.78368
-0.00141179 2.11032
-0.000654583 1.43696
-0.000184845 0.763604
-2.5817e-06 0.0902437
-0.000107791 -0.583116
-0.000500474 -1.25648
-0.00118063 -1.92984
-0.00214826 -2.6032
-0.00340337 -3.27656
-0.00494594 -3.94992
-0.006776 -4.62328
-0.00889353 -5.29664
-0.0112985 -5.97
-0.013991 -6.64336
-0.0110498 -5.90392
-0.00845525 -5.16448
-0.00620736 -4.42504
-0.00430615 -3.6856
-0.00275159 -2.94616
-0.00154371 -2.20672
-0.000682489 -1.46727
-0.000167934 -0.727834
-4.27014e-08 0.0116061
-0.000178816 0.751046
-0.000704254 1.49049
-0.00157636 2.22993
-0.00279512 2.96937
-0.00436056 3.70881
-0.00627266 4.44825
-0.00853143 5.18769
-0.0111369 5.92713
-0.014089 6.66657
-0.0173878 7.40601
-0.0134405 6.51135
-0.0100008 5.6167
-0.00706859 4.72204
-0.00464384 3.82738
-0.00272657 2.93273
-0.00131677 2.03807
-0.000414458 1.14341
-1.96167e-05 0.248758
-0.000132252 -0.645899
-0.000752363 -1.54056
-0.00187995 -2.43521
-0.00351501 -3.32987
-0.00565756 -4.22452
-0.00830758 -5.11918
-0.0114651 -6.01384
-0.0151301 -6.90849
-0.0193026 -7.80315
-0.0239825 -8.69781
-0.02917 -9.59246
-0.034865 -10.4871
-0.0281676 -9.42621
-0.0221839 -8.3653
-0.0169138 -7.30438
-0.0123574 -6.24347
-0.00851456 -5.18256
-0.00538536 -4.12165
-0.00296978 -3.06074
-0.00126782 -1.99982
-0.000279462 -0.938912
-4.71837e-06 0.122
-0.000443586 1.18291
-0.00159606 2.24382
-0.00346216 3.30474
-0.00604186 4.36565
-0.00933519 5.42656
-0.0133421 6.48747
-0.0180627 7.54838
-0.0234969 8.6093
-0.0296448 9.67021
-0.0365063 10.7311
-0.0285097 9.48327
-0.0215004 8.23541
-0.0154784 6.98756
-0.0104437 5.73971
-0.00639623 4.49185
-0.00333606 3.244
-0.00126316 1.99614
-0.000177506 0.748291
-7.9114e-05 -0.499563
-0.000967979 -1.74742
-0.0028441 -2.99527
-0.00570749 -4.24312
-0.00955814 -5.49098
-0.0143961 -6.73883
-0.0202213 -7.98669
-0.0270338 -9.23454
-0.0348336 -10.4824
-0.0316371 -9.98987
-0.0285944 -9.49735
-0.0257055 -9.00483
-0.0229705 -8.51231
-0.0203892 -8.01978
-0.0179618 -7.52726
-0.0156881 -7.03474
-0.0135683 -6.54222
-0.0116022 -6.0497
-0.00978998 -5.55717
-0.00813154 -5.06465
-0.00662691 -4.57213
-0.00527607 -4.07961
-0.00407903 -3.58709
-0.00303579 -3.09457
-0.00214636 -2.60204
-0.00141072 -2.10952
-0.000828882 -1.617
-0.000400843 -1.12448
-0.000126604 -0.631956
-6.16331e-06 -0.139435
-3.95218e-05 0.353087
-0.000226679 0.845609
-0.000567636 1.33813
-0.00106239 1.83065
-0.00171095 2.32317
-0.0025133 2.8157
-0.00346946 3.30822
-0.00457941 3.80074
-0.00584316 4.29326
-0.00726072 4.78578
-0.00883208 5.27831
-0.0105572 5.77083
-0.0124362 6.26335
-0.014469 6.75587
-0.0166555 7.24839
-0.0189959 7.74091
-0.0214901 8.23344
-0.024138 8.72596
-0.0269398 9.21848
-0.0298954 9.711
-0.0330048 10.2035
-0.036268 10.696
-0.0306655 9.83528
-0.0255327 8.97451
-0.0208698 8.11374
-0.0166766 7.25297
-0.0129532 6.39221
-0.00969951 5.53144
-0.00691563 4.67067
-0.00460152 3.8099
-0.00275716 2.94913
-0.00138257 2.08837
-0.000477733 1.2276
-4.26584e-05 0.366831
-7.73421e-05 -0.493937
-0.000581784 -1.3547
-0.00155599 -2.21547
-0.00299995 -3.07624
-0.00491367 -3.93701
-0.00729716 -4.79778
-0.0101504 -5.65854
-0.0134734 -6.51931
-0.0172662 -7.38008
-0.0215288 -8.24085
-0.0262611 -9.10162
-0.0314632 -9.96238
-0.0371351 -10.8232
-0.0429011 -11.6839
-0.0495639 -12.5447
-0.0567078 -13.4055
-0.0641213 -14.2662
-0.0537439 -13.0725
-0.04427 -11.8788
-0.0356996 -10.6851
-0.0280328 -9.4914
-0.0212694 -8.29769
-0.0154094 -7.10398
-0.010453 -5.91028
-0.00639994 -4.71657
-0.00325038 -3.52286
-0.00100426 -2.32916
0.000338422 -1.13545
0.000777666 0.058255
0.000313473 1.25196
-0.00105416 2.44567
-0.00332523 3.63937
-0.00649974 4.83308
-0.0105777 6.02679
-0.0159005 7.22049
-0.0220941 8.4142
-0.0289249 9.60791
-0.0366789 10.8016
-0.0453565 11.9953
-0.055119 13.189
-0.0656425 14.3827
-0.0559585 13.283
-0.0470414 12.1832
-0.0388912 11.0835
-0.0315079 9.98374
-0.0248915 8.88399
-0.0190419 7.78425
-0.0139591 6.6845
-0.0096432 5.58475
-0.0060941 4.485
-0.00331182 3.38525
-0.00129635 2.28551
-4.77057e-05 1.18576
0.000434131 0.08601
0.000149155 -1.01374
-0.000902633 -2.11349
-0.00272123 -3.21323
-0.00536969 -4.31298
-0.00876123 -5.41273
-0.0129163 -6.51248
-0.0178523 -7.61223
-0.0235696 -8.71197
-0.0300686 -9.81172
-0.0372736 -10.9115
-0.0453401 -12.0112
-0.0541914 -13.111
-0.0638276 -14.2107
-0.0520941 -12.8492
-0.0415361 -11.4877
-0.0321536 -10.1262
-0.0239463 -8.76466
-0.0169145 -7.40315
-0.0110579 -6.04164
-0.00637668 -4.68012
-0.00287076 -3.31861
-0.000540134 -1.9571
0.000615193 -0.595585
0.000595227 0.765928
-0.000600032 2.12744
-0.00321578 3.48895
-0.0069881 4.85047
-0.0117481 6.21198
-0.0177042 7.57349
-0.024857 8.935
-0.0333831 10.2965
-0.0429313 11.658
-0.0536812 13.0195
-0.0656334 14.3811
-0.0555706 13.2375
-0.0463371 12.0939
-0.0379328 10.9503
-0.0303578 9.80674
-0.0236119 8.66316
-0.0176952 7.51958
-0.0126078 6.376
-0.00834945 5.23242
-0.00492031 4.08884
-0.00232033 2.94526
-0.000549504 1.80168
0.000392162 0.658105
0.000504675 -0.485475
-0.000211966 -1.62905
-0.00190712 -2.77263
-0.00440004 -3.91621
-0.00763792 -5.05979
-0.0117189 -6.20337
-0.0166433 -7.34695
-0.0223808 -8.49053
-0.0289965 -9.63411
-0.0364586 -10.7777
-0.0447676 -11.9213
-0.0539239 -13.0648
-0.0639279 -14.2084
-0.0555851 -13.255
-0.0478188 -12.3015
-0.0406289 -11.348
-0.0340155 -10.3946
-0.0279785 -9.44112
-0.0225179 -8.48766
-0.0176336 -7.5342
-0.0133258 -6.58074
-0.00959439 -5.62728
-0.00643935 -4.67382
-0.0038607 -3.72036
-0.00185844 -2.7669
-0.000432552 -1.81344
0.000416952 -0.859978
0.000690078 0.0934825
0.000386825 1.04694
-0.000662398 2.0004
-0.00226327 2.95386
-0.00431089 3.90732
-0.00694413 4.86079
-0.0101632 5.81425
-0.0139684 6.76771
-0.0184051 7.72117
-0.0234821 8.67463
-0.0290483 9.62809
-0.0352027 10.5815
-0.0419456 11.535
-0.0492771 12.4885
-0.0571976 13.4419
-0.0657073 14.3954
-0.0566667 13.3737
-0.0482879 12.352
-0.040571 11.3303
-0.033516 10.3087
-0.0271229 9.28697
-0.0213916 8.26528
-0.0163221 7.2436
-0.0119145 6.22191
-0.00816871 5.20023
-0.00508474 4.17854
-0.00266259 3.15686
-0.000902256 2.13517
0.000196259 1.11349
0.000632959 0.091805
0.000407844 -0.92988
-0.000656695 -1.95156
-0.00234673 -2.97325
-0.00457774 -3.99493
-0.00748111 -5.01662
-0.0110571 -6.0383
-0.015326 -7.05999
-0.0202507 -8.08167
-0.0258502 -9.10336
-0.0321248 -10.125
-0.0390748 -11.1467
-0.0467006 -12.1684
-0.0550025 -13.1901
-0.0639806 -14.2118
-0.0590947 -13.6616
-0.0544009 -13.1113
-0.049899 -12.5611
-0.045589 -12.0109
-0.041471 -11.4607
-0.037545 -10.9105
-0.0338109 -10.3603
-0.0302688 -9.81004
-0.0269187 -9.25983
-0.0237605 -8.70961
-0.0207942 -8.15939
-0.0180199 -7.60918
-0.0154375 -7.05896
-0.0130471 -6.50874
-0.0108487 -5.95852
-0.00884214 -5.40831
-0.00702757 -4.85809
-0.00540494 -4.30787
-0.00397426 -3.75766
-0.00273552 -3.20744
-0.00168872 -2.65722
-0.000833868 -2.107
-0.000170958 -1.55679
0.00030001 -1.00657
0.000579035 -0.456353
0.000666117 0.0938637
0.000561258 0.644081
0.000264456 1.1943
-0.000224288 1.74451
-0.00105343 2.29473
-0.00204469 2.84495
-0.00311628 3.39517
-0.0043828 3.94538
-0.00584429 4.4956
-0.0075008 5.04582
-0.00935238 5.59603
-0.0113991 6.14625
-0.0137489 6.69647
-0.0161863 7.24669
-0.0188193 7.7969
-0.021648 8.34712
-0.0246723 8.89734
-0.0278924 9.44755
-0.0313082 9.99777
-0.03492 10.548
-0.0387276 11.0982
-0.0427311 11.6484
-0.0469307 12.1986
-0.0513263 12.7489
-0.055918 13.2991
-0.0607058 13.8493
-0.0656898 14.3995
-0.0554023 13.231
-0.0459806 12.0625
-0.0374247 10.894
-0.0297346 9.72547
-0.0229101 8.55696
-0.0169515 7.38845
-0.0118585 6.21994
-0.00763127 5.05143
-0.00426974 3.88293
-0.00177393 2.71442
-0.000143813 1.54591
0.0006206 0.377398
0.000519315 -0.791111
-0.000447669 -1.95962
-0.00261134 -3.12813
-0.00533256 -4.29664
-0.00893326 -5.46515
-0.0134698 -6.63366
-0.0188338 -7.80217
-0.0250801 -8.97067
-0.0322093 -10.1392
-0.0402218 -11.3077
-0.0491181 -12.4762
-0.0588986 -13.6447
-0.0695638 -14.8132
-0.0808262 -15.9817
-0.0932491 -17.1502
-0.106559 -18.3187
-0.120095 -19.4873
-0.135128 -20.6558
-0.151049 -21.8243
-0.133611 -20.5365
-0.117226 -19.2486
-0.101892 -17.9608
-0.0876101 -16.673
-0.0743798 -15.3852
-0.0622012 -14.0974
-0.0510742 -12.8096
-0.0409988 -11.5217
-0.031975 -10.2339
-0.0240028 -8.9461
-0.0170821 -7.65828
-0.011213 -6.37046
-0.00639536 -5.08265
-0.00313395 -3.79483
-0.000403559 -2.50701
0.00108114 -1.21919
0.0016786 0.068625
0.00120694 1.35644
-0.000334549 2.64426
-0.00294656 3.93208
-0.00662974 5.2199
-0.0113847 6.50771
-0.0175562 7.79553
-0.0244479 9.08335
-0.0324135 10.3712
-0.0414537 11.659
-0.0515692 12.9468
-0.0627607 14.2346
-0.0750291 15.5224
-0.0887498 16.8103
-0.103129 18.0981
-0.118584 19.3859
-0.135116 20.6737
-0.152727 21.9615
-0.134669 20.6349
-0.117728 19.3082
-0.101902 17.9816
-0.0871933 16.6549
-0.0736002 15.3282
-0.0611232 14.0016
-0.0497621 12.6749
-0.0395171 11.3483
-0.0303881 10.0216
-0.022375 8.69495
-0.0154778 7.36829
-0.00969657 6.04163
-0.00503124 4.71498
-0.0020983 3.38832
0.000340373 2.06166
0.00145566 0.735004
0.00162695 -0.591654
0.000664209 -1.91831
-0.00143333 -3.24497
-0.00466642 -4.57163
-0.00922244 -5.89828
-0.0147297 -7.22494
-0.0213747 -8.5516
-0.0291582 -9.87826
-0.0380808 -11.2049
-0.0481434 -12.5316
-0.0593468 -13.8582
-0.0716827 -15.1849
-0.0851376 -16.5115
-0.0997333 -17.8382
-0.11547 -19.1649
-0.13235 -20.4915
-0.150373 -21.8182
-0.141648 -21.1831
-0.133179 -20.548
-0.124966 -19.9129
-0.117009 -19.2778
-0.109308 -18.6427
-0.101862 -18.0077
-0.0946723 -17.3726
-0.0877382 -16.7375
-0.0810599 -16.1024
-0.0746373 -15.4673
-0.0684704 -14.8322
-0.0625594 -14.1972
-0.056904 -13.5621
-0.0515045 -12.927
-0.0463606 -12.2919
-0.0414725 -11.6568
-0.0368402 -11.0217
-0.0324636 -10.3866
-0.0283427 -9.75156
-0.0244776 -9.11647
-0.0208682 -8.48139
-0.0175145 -7.8463
-0.0144166 -7.21122
-0.0115744 -6.57613
-0.00898791 -5.94105
-0.00665715 -5.30596
-0.00458213 -4.67088
-0.00276282 -4.03579
-0.00149924 -3.40071
-0.000419293 -2.76562
0.000636983 -2.13054
0.00143401 -1.49545
0.00197172 -0.860365
0.00209031 -0.22528
0.00210815 0.409805
0.00186616 1.04489
0.00136425 1.67998
0.000602334 2.31506
-0.000419674 2.95015
-0.00188152 3.58523
-0.00350624 4.22032
-0.00530961 4.8554
-0.0073733 5.49049
-0.00969742 6.12557
-0.0122821 6.76066
-0.0151273 7.39574
-0.0182333 8.03083
-0.0216 8.66591
-0.0252276 9.301
-0.0291162 9.93608
-0.0332658 10.5712
-0.0376766 11.2063
-0.0423486 11.8413
-0.0472819 12.4764
-0.0524766 13.1115
-0.0579328 13.7466
-0.0640841 14.3817
-0.0700512 15.0168
-0.0762793 15.6518
-0.0827684 16.2869
-0.0895186 16.922
-0.0965301 17.5571
-0.103803 18.1922
-0.111337 18.8273
-0.119133 19.4624
-0.127191 20.0974
-0.13551 20.7325
-0.144091 21.3676
-0.152934 22.0027
-0.137203 20.8538
-0.122309 19.7048
-0.108253 18.5559
-0.0950334 17.407
-0.0826509 16.258
-0.0711056 15.1091
-0.0603973 13.9602
-0.0505261 12.8112
-0.0414918 11.6623
-0.0332946 10.5133
-0.0259344 9.36442
-0.0194111 8.21548
-0.0137248 7.06655
-0.0088755 5.91761
-0.00486314 4.76867
-0.00204531 3.61974
2.51346e-05 2.4708
0.0015278 1.32187
0.00198255 0.172935
0.00178392 -0.976
0.000734829 -2.12493
-0.00140295 -3.27387
-0.00415835 -4.4228
-0.00776548 -5.57174
-0.0122249 -6.72067
-0.017537 -7.86961
-0.0237025 -9.01855
-0.0307217 -10.1675
-0.0385953 -11.3164
-0.0473236 -12.4654
-0.0569839 -13.6143
-0.0674049 -14.7632
-0.0786802 -15.9122
-0.0908103 -17.0611
-0.103796 -18.21
-0.117637 -19.359
-0.132334 -20.5079
-0.147889 -21.6568
-0.164301 -22.8058
-0.181571 -23.9547
-0.199699 -25.1036
-0.218687 -26.2526
-0.238534 -27.4015
-0.25797 -28.5504
-0.278029 -29.6994
-0.252463 -28.323
-0.228099 -26.9466
-0.204936 -25.5703
-0.182974 -24.1939
-0.162215 -22.8175
-0.142656 -21.4412
-0.124299 -20.0648
-0.107144 -18.6884
-0.0911895 -17.3121
-0.0764366 -15.9357
-0.0628849 -14.5594
-0.0505344 -13.183
-0.0393851 -11.8066
-0.0299015 -10.4303
-0.0214691 -9.05389
-0.0138818 -7.67752
-0.00776202 -6.30116
-0.00260962 -4.92479
0.000956197 -3.54843
0.00366438 -2.17206
0.00515134 -0.795695
0.00541628 0.58067
0.00445842 1.95704
0.00227697 3.3334
-0.00186642 4.70977
-0.00649466 6.08613
-0.0123451 7.4625
-0.0194185 8.83886
-0.0277159 10.2152
-0.0372381 11.5916
-0.047986 12.968
-0.0599606 14.3443
-0.0731629 15.7207
-0.0875937 17.0971
-0.103254 18.4734
-0.120145 19.8498
-0.138267 21.2262
-0.157621 22.6025
-0.178208 23.9789
-0.200029 25.3553
-0.223084 26.7316
-0.24822 28.108
-0.273551 29.4844
-0.251191 28.2747
-0.22976 27.065
-0.209257 25.8553
-0.189682 24.6457
-0.171035 23.436
-0.153316 22.2263
-0.136525 21.0167
-0.120662 19.807
-0.105727 18.5973
-0.0917203 17.3877
-0.0786412 16.178
-0.0664901 14.9683
-0.0552669 13.7587
-0.0449715 12.549
-0.035604 11.3393
-0.0272197 10.1297
-0.02058 8.92
-0.0139688 7.71034
-0.0085981 6.50067
-0.00387113 5.291
-8.52845e-05 4.08134
0.00234594 2.87167
0.0042356 1.662
0.0051829 0.452334
0.00518725 -0.757334
0.00424808 -1.967
0.00184827 -3.17667
-0.000995269 -4.38634
-0.00478138 -5.596
-0.00951059 -6.80567
-0.0151834 -8.01534
-0.0218004 -9.22501
-0.0293621 -10.4347
-0.037869 -11.6443
-0.0473217 -12.854
-0.0577208 -14.0637
-0.069067 -15.2733
-0.0813607 -16.483
-0.0946025 -17.6927
-0.108793 -18.9023
-0.123933 -20.112
-0.140023 -21.3217
-0.157064 -22.5313
-0.175056 -23.741
-0.193999 -24.9507
-0.213895 -26.1603
-0.233649 -27.37
-0.255283 -28.5797
-0.277867 -29.7894
-0.259535 -28.8118
-0.24181 -27.8342
-0.224691 -26.8567
-0.208178 -25.8792
-0.192271 -24.9016
-0.17697 -23.924
-0.162275 -22.9465
-0.148186 -21.969
-0.134704 -20.9914
-0.121827 -20.0138
-0.109556 -19.0363
-0.0978917 -18.0588
-0.0868331 -17.0812
-0.0763804 -16.1036
-0.0665337 -15.1261
-0.057293 -14.1486
-0.0486582 -13.171
-0.0406293 -12.1934
-0.0332064 -11.2159
-0.0263894 -10.2383
-0.0206613 -9.2608
-0.0154092 -8.28325
-0.0103872 -7.3057
-0.00603183 -6.32815
-0.00244847 -5.3506
0.000729352 -4.37305
0.00293641 -3.3955
0.00487755 -2.41795
0.00620324 -1.4404
0.0069132 -0.46285
0.00700715 0.5147
0.0064848 1.49225
0.00478361 2.4698
0.00301887 3.44735
0.000638652 4.4249
-0.00235732 5.40245
-0.0059693 6.38
-0.0101976 7.35755
-0.0150424 8.3351
-0.0205041 9.31265
-0.0265829 10.2902
-0.0332792 11.2677
-0.0405932 12.2453
-0.0485252 13.2228
-0.0570756 14.2004
-0.0662447 15.1779
-0.0760328 16.1555
-0.0864402 17.1331
-0.0974673 18.1106
-0.109114 19.0882
-0.121382 20.0657
-0.134269 21.0432
-0.147778 22.0208
-0.161908 22.9984
-0.17666 23.9759
-0.192033 24.9534
-0.208489 25.931
-0.226314 26.9086
-0.243447 27.8861
-0.261197 28.8636
-0.279562 29.8412
-0.254117 28.4777
-0.229851 27.1141
-0.206764 25.7506
-0.184857 24.387
-0.164128 23.0235
-0.144579 21.66
-0.126209 20.2964
-0.109018 18.9329
-0.0930064 17.5693
-0.0781736 16.2058
-0.0645197 14.8423
-0.0520448 13.4787
-0.0407488 12.1152
-0.0306317 10.7516
-0.0222476 9.38809
-0.0148886 8.02455
-0.00828656 6.66101
-0.00319391 5.29747
0.00101264 3.93393
0.00359108 2.57039
0.00538886 1.20685
0.00598923 -0.156694
0.00539142 -1.52023
0.0029803 -2.88377
-4.03886e-05 -4.24732
-0.00425834 -5.61086
-0.00967426 -6.9744
-0.0162889 -8.33794
-0.0241029 -9.70148
-0.033117 -11.065
-0.0433321 -12.4286
-0.0547489 -13.7921
-0.0673683 -15.1556
-0.081191 -16.5192
-0.096218 -17.8827
-0.11245 -19.2463
-0.129888 -20.6098
-0.148533 -21.9733
-0.168385 -23.3369
-0.189446 -24.7004
-0.210265 -26.064
-0.238136 -27.4275
-0.272811 -28.791
-0.311507 -30.1546
-0.353952 -31.5181
-0.400351 -32.8817
-0.45358 -34.2452
-0.511281 -35.6087
-0.572926 -36.9723
-0.637969 -38.3358
-0.705563 -39.6994
-0.772983 -41.0629
-0.854006 -42.4265
-0.944646 -43.79
-1.03782 -45.1535
-1.13185 -46.5171
-1.08048 -44.8866
-1.03079 -43.2562
-0.982801 -41.6258
-0.936497 -39.9953
-0.891882 -38.3649
-0.848955 -36.7344
-0.807717 -35.104
-0.768168 -33.4736
-0.730307 -31.8431
-0.694135 -30.2127
-0.65965 -28.5822
-0.613934 -26.9518
-0.558477 -25.3214
-0.524364 -23.6909
-0.489786 -22.0605
-0.452991 -20.43
-0.418728 -18.7996
-0.382461 -17.1692
-0.348981 -15.5387
-0.31637 -13.9083
-0.285227 -12.2779
-0.255708 -10.6474
-0.231125 -9.01698
-0.211932 -7.38654
-0.191103 -5.7561
-0.169253 -4.12566
-0.149102 -2.49522
-0.130609 -0.864782
-0.114057 0.765657
-0.09919 2.3961
-0.0858761 4.02654
-0.0741783 5.65697
-0.0641484 7.28741
-0.055829 8.91785
-0.0492551 10.5483
-0.0472919 12.1787
-0.0531558 13.8092
-0.0631117 15.4396
-0.0768575 17.07
-0.0957097 18.7005
-0.128859 20.3309
-0.174022 21.9614
-0.224695 23.5918
-0.280147 25.2222
-0.337171 26.8527
-0.397056 28.4831
-0.459957 30.1136
-0.525266 31.744
-0.59166 33.3744
-0.660037 35.0049
-0.730246 36.6353
-0.825405 38.2658
-0.923069 39.8962
-1.02294 41.5266
-1.12476 43.1571
-1.22832 44.7875
-1.33521 46.4179
-1.27663 44.7403
-1.21984 43.0627
-1.16484 41.385
-1.11164 39.7074
-1.06022 38.0298
-1.0106 36.3521
-0.962761 34.6745
-0.916716 32.9969
-0.872462 31.3192
-0.826463 29.6416
-0.765928 27.964
-0.699738 26.2863
-0.630288 24.6087
-0.576623 22.931
-0.529255 21.2534
-0.47839 19.5758
-0.428418 17.8981
-0.385281 16.2205
-0.343701 14.5429
-0.300433 12.8652
-0.261348 11.1876
-0.224834 9.50995
-0.190275 7.83232
-0.157291 6.15468
-0.126384 4.47705
-0.107309 2.79941
-0.101637 1.12177
-0.104733 -0.555862
-0.11509 -2.2335
-0.130081 -3.91113
-0.149222 -5.58877
-0.172019 -7.26641
-0.197992 -8.94404
-0.226432 -10.6217
-0.262774 -12.2993
-0.309539 -13.977
-0.358687 -15.6546
-0.410993 -17.3322
-0.465487 -19.0099
-0.521754 -20.6875
-0.579614 -22.3651
-0.638913 -24.0428
-0.699533 -25.7204
-0.761381 -27.398
-0.824389 -29.0757
-0.888511 -30.7533
-0.971667 -32.431
-1.06643 -34.1086
-1.16386 -35.7862
-1.26365 -37.4639
-1.36551 -39.1415
-1.46923 -40.8191
-1.5746 -42.4968
-1.68149 -44.1744
-1.78978 -45.852
-1.90561 -47.5297
-1.84868 -46.046
-1.79316 -44.5623
-1.73904 -43.0786
-1.68633 -41.5949
-1.63501 -40.1113
-1.5851 -38.6276
-1.5366 -37.1439
-1.48949 -35.6602
-1.44379 -34.1765
-1.39949 -32.6929
-1.34477 -31.2092
-1.28323 -29.7255
-1.2204 -28.2418
-1.1495 -26.7581
-1.07587 -25.2744
-1.01669 -23.7908
-0.96407 -22.3071
-0.91184 -20.8234
-0.858649 -19.3397
-0.801599 -17.856
-0.74868 -16.3724
-0.699886 -14.8887
-0.652334 -13.405
-0.606097 -11.9213
-0.561234 -10.4376
-0.519597 -8.95394
-0.483975 -7.47026
-0.451333 -5.98658
-0.431109 -4.5029
-0.408943 -3.01921
-0.390985 -1.53553
-0.379946 -0.05185
-0.371846 1.43183
-0.373807 2.91551
-0.383779 4.3992
-0.397287 5.88288
-0.414021 7.36656
-0.433668 8.85024
-0.454642 10.3339
-0.477484 11.8176
-0.502022 13.3013
-0.528023 14.785
-0.555119 16.2687
-0.594311 17.7523
-0.641225 19.236
-0.691001 20.7197
-0.74286 22.2034
-0.79665 23.6871
-0.852245 25.1707
-0.909536 26.6544
-0.968438 28.1381
-1.02969 29.6218
-1.09392 31.1055
-1.17465 32.5892
-1.26594 34.0728
-1.35932 35.5565
-1.45454 37.0402
-1.5508 38.5239
-1.64799 40.0076
-1.74601 41.4912
-1.8448 42.9749
-1.94379 44.4586
-2.04345 45.9423
-2.14383 47.426
-2.0476 44.9093
-1.95541 42.3926
-1.86726 39.8759
-1.78314 37.3592
-1.70307 34.8425
-1.62529 32.3258
-1.52397 29.8091
-1.41313 27.2924
-1.29676 24.7758
-1.20632 22.2591
-1.12005 19.7424
-1.0252 17.2257
-0.941358 14.709
-0.862799 12.1923
-0.787955 9.67562
-0.728909 7.15893
-0.69341 4.64224
-0.668588 2.12555
-0.653517 -0.391146
-0.650776 -2.90784
-0.672429 -5.42453
-0.701717 -7.94122
-0.735318 -10.4579
-0.774319 -12.9746
-0.83481 -15.4913
-0.909346 -18.008
-0.98892 -20.5247
-1.07411 -23.0414
-1.16681 -25.5581
-1.26688 -28.0747
-1.37246 -30.5914
-1.50224 -33.1081
-1.65558 -35.6248
-1.81391 -38.1415
-1.97476 -40.6582
-2.13749 -43.1749
-2.30254 -45.6916
-2.47923 -48.2083
-2.66367 -50.725
-2.85608 -53.2416
-3.05661 -55.7583
-3.2651 -58.275
-3.48104 -60.7917
-3.70243 -63.3084
-3.92946 -65.8251
-3.89552 -65.1969
-3.84507 -64.2545
-3.77046 -62.8409
-3.66095 -60.7206
-3.53489 -58.2076
-3.41286 -55.6946
-3.29487 -53.1816
-3.16589 -50.6686
-3.02016 -48.1556
-2.8663 -45.6426
-2.70197 -43.1296
-2.55483 -40.6166
-2.42157 -38.1036
-2.28833 -35.5906
-2.15689 -33.0776
-2.02627 -30.5646
-1.90158 -28.0516
-1.78034 -25.5387
-1.67281 -23.0257
-1.58227 -20.5127
-1.51929 -17.9997
-1.46677 -15.4867
-1.42189 -12.9737
-1.38331 -10.4607
-1.35031 -7.94769
-1.33832 -5.4347
-1.34476 -2.9217
-1.35688 -0.408706
-1.37512 2.10429
-1.42802 4.61728
-1.48844 7.13028
-1.55469 9.64327
-1.62611 12.1563
-1.70172 14.6693
-1.78177 17.1823
-1.87755 19.6953
-1.98829 22.2082
-2.1065 24.7212
-2.23133 27.2342
-2.36166 29.7472
-2.50069 32.2602
-2.64725 34.7732
-2.79996 37.2862
-2.96421 39.7992
-3.14321 42.3122
-3.33196 44.8252
-3.52949 47.3382
-3.73392 49.8512
-3.94468 52.3642
-4.1596 54.8772
-4.37823 57.3902
-4.60025 59.9032
-4.82544 62.4162
-5.03791 64.7567
-4.99631 64.005
-4.93461 62.8776
-4.84357 61.1864
-4.71046 58.6496
-4.55804 55.6431
-4.4114 52.6366
-4.24784 49.63
-4.06441 46.6235
-3.86963 43.617
-3.6695 40.6104
-3.49463 37.6039
-3.33347 34.5973
-3.16363 31.5908
-3.00134 28.5843
-2.85269 25.5777
-2.71669 22.5712
-2.60257 19.5647
-2.50484 16.5581
-2.43739 13.5516
-2.38076 10.545
-2.33334 7.5385
-2.29226 4.53197
-2.26125 1.52543
-2.26866 -1.48111
-2.28727 -4.48765
-2.32188 -7.49418
-2.3925 -10.5007
-2.47099 -13.5073
-2.56332 -16.5138
-2.66402 -19.5203
-2.77157 -22.5269
-2.89704 -25.5334
-3.03744 -28.5399
-3.19031 -31.5465
-3.35372 -34.553
-3.52682 -37.5596
-3.70874 -40.5661
-3.89856 -43.5726
-4.09505 -46.5792
-4.3133 -49.5857
-4.54403 -52.5922
-4.78622 -55.5988
-5.04107 -58.6053
-5.30908 -61.6119
-5.58689 -64.6184
-5.83611 -67.2391
-5.79089 -66.4475
-5.72381 -65.2601
-5.62489 -63.4789
-5.48033 -60.8072
-5.31492 -57.6407
-5.15593 -54.4742
-4.96724 -51.3077
-4.76307 -48.1412
-4.54667 -44.9748
-4.35255 -41.8083
-4.21805 -38.6418
-4.08603 -35.4753
-3.98308 -32.3088
-3.88057 -29.1423
-3.79529 -25.9758
-3.72844 -22.8094
-3.6665 -19.6429
-3.60935 -16.4764
-3.58213 -13.3099
-3.56682 -10.1434
-3.5908 -6.97692
-3.6234 -3.81044
-3.66417 -0.64395
-3.72021 2.52254
-3.81199 5.68902
-3.9184 8.85551
-4.03571 12.022
-4.16253 15.1885
-4.29772 18.355
-4.44004 21.5215
-4.58995 24.6879
-4.74715 27.8544
-4.91145 31.0209
-5.08778 34.1874
-5.2848 37.3539
-5.4993 40.5204
-5.72957 43.6869
-5.97391 46.8533
-6.22962 50.0198
-6.49482 53.1863
-6.74213 56.056
