0 0
-5.53948e-05 -0.418021
-0.000219471 -0.832056
-0.000492235 -1.24609
-0.000873684 -1.66013
-0.00136382 -2.07416
-0.00196264 -2.48819
-0.00267016 -2.90223
-0.00348635 -3.31626
-0.00441124 -3.7303
-0.00544481 -4.14433
-0.00658707 -4.55837
-0.00783802 -4.9724
-0.00919766 -5.38644
-0.010666 -5.80047
-0.012243 -6.21451
-0.0139287 -6.62854
-0.0157231 -7.04258
-0.0176262 -7.45661
-0.0196379 -7.87065
-0.0217584 -8.28468
-0.0239876 -8.69872
-0.0263254 -9.11275
-0.0287719 -9.52679
-0.0313272 -9.94082
-0.0339911 -10.3549
-0.0367637 -10.7689
-0.0394084 -11.1829
-0.0421537 -11.597
-0.0452707 -12.011
-0.048501 -12.425
-0.0518426 -12.8391
-0.0552957 -13.2531
-0.0588601 -13.6671
-0.0622628 -14.0812
-0.0660484 -14.4952
-0.0699458 -14.9092
-0.0739551 -15.3233
-0.0780762 -15.7373
-0.0823092 -16.1513
-0.0862824 -16.5654
-0.0905597 -16.9794
-0.095119 -17.3934
-0.0997905 -17.8075
-0.104574 -18.2215
-0.10947 -18.6355
-0.114478 -19.0496
-0.119599 -19.4636
-0.124832 -19.8777
-0.130176 -20.2917
-0.135633 -20.7057
-0.141118 -21.1198
-0.145534 -21.5338
-0.1513 -21.9478
-0.157178 -22.3619
-0.163169 -22.7759
-0.169273 -23.1899
-0.175489 -23.604
-0.181818 -24.018
-0.188259 -24.432
-0.194813 -24.8461
-0.20148 -25.2601
-0.208259 -25.6741
-0.21515 -26.0882
-0.200336 -25.1852
-0.18604 -24.2822
-0.17226 -23.3792
-0.158998 -22.4763
-0.146253 -21.5733
-0.134025 -20.6703
-0.122314 -19.7673
-0.11112 -18.8643
-0.100443 -17.9613
-0.0902833 -17.0584
-0.0806406 -16.1554
-0.071515 -15.2524
-0.0629063 -14.3494
-0.0548147 -13.4464
-0.0472402 -12.5435
-0.0401826 -11.6405
-0.0336421 -10.7375
-0.0276185 -9.83452
-0.0221119 -8.93154
-0.0179615 -8.02856
-0.0139884 -7.12558
-0.0101786 -6.22259
-0.00670659 -5.31961
-0.00375955 -4.41663
-0.00133771 -3.51365
0.000558669 -2.61067
0.00136244 -1.70769
0.00221143 -0.804709
0.00253391 0.098272
0.00232956 1.00125
0.0015981 1.90423
0.000339249 2.80721
-0.00144726 3.7102
-0.0045962 4.61318
-0.00743095 5.51616
-0.0107935 6.41914
-0.0146842 7.32212
-0.0191033 8.2251
-0.0240512 9.12808
-0.0295281 10.0311
-0.0355342 10.934
-0.04207 11.837
-0.0491355 12.74
-0.0567311 13.643
-0.0660671 14.546
-0.0746913 15.4489
-0.0838442 16.3519
-0.0935261 17.2549
-0.103737 18.1579
-0.114478 19.0609
-0.12575 19.9639
-0.137551 20.8668
-0.149883 21.7698
-0.162746 22.6728
-0.17614 23.5758
-0.190065 24.4788
-0.204522 25.3817
-0.219511 26.2847
-0.235032 27.1877
-0.221311 26.3878
-0.207997 25.5879
-0.195088 24.7879
-0.182585 23.988
-0.170488 23.1881
-0.158797 22.3882
-0.147511 21.5883
-0.136631 20.7883
-0.126158 19.9884
-0.11609 19.1885
-0.106427 18.3886
-0.0971707 17.5886
-0.08832 16.7887
-0.079875 15.9888
-0.0718358 15.1889
-0.0642023 14.389
-0.0569746 13.589
-0.0501526 12.7891
-0.0437363 11.9892
-0.0382452 11.1893
-0.0326163 10.3894
-0.0277892 9.58943
-0.022973 8.78951
-0.0185679 7.98959
-0.0145742 7.18967
-0.0109921 6.38975
-0.00809089 5.58983
-0.00533423 4.78991
-0.00298986 3.98999
-0.00105793 3.19007
0.000461401 2.39014
0.00156799 1.59022
0.00217404 0.790302
0.00221997 -0.00961923
0.00208416 -0.80954
0.00153526 -1.60946
0.000573131 -2.40938
-0.000802379 -3.2093
-0.00259142 -4.00922
-0.00479413 -4.80915
-0.00741066 -5.60907
-0.0104411 -6.40899
-0.0138857 -7.20891
-0.0177445 -8.00883
-0.0220177 -8.80875
-0.0267054 -9.60867
-0.0320007 -10.4086
-0.037507 -11.2085
-0.043427 -12.0084
-0.049761 -12.8084
-0.0565091 -13.6083
-0.0636715 -14.4082
-0.0712482 -15.2081
-0.0792395 -16.008
-0.0876456 -16.808
-0.0964664 -17.6079
-0.105702 -18.4078
-0.115353 -19.2077
-0.12542 -20.0076
-0.135902 -20.8076
-0.146799 -21.6075
-0.158112 -22.4074
-0.169841 -23.2073
-0.181986 -24.0073
-0.194548 -24.8072
-0.183507 -24.1016
-0.172783 -23.396
-0.162374 -22.6905
-0.152281 -21.9849
-0.142503 -21.2793
-0.133042 -20.5738
-0.123896 -19.8682
-0.115065 -19.1626
-0.106551 -18.4571
-0.098352 -17.7515
-0.0904688 -17.0459
-0.0829014 -16.3404
-0.0756495 -15.6348
-0.0687134 -14.9292
-0.0620929 -14.2237
-0.0557882 -13.5181
-0.049799 -12.8125
-0.0441256 -12.107
-0.0387678 -11.4014
-0.0337256 -10.6958
-0.0289991 -9.99028
-0.0245883 -9.28471
-0.0204931 -8.57914
-0.0171269 -7.87358
-0.0139764 -7.16801
-0.0108108 -6.46244
-0.00796515 -5.75688
-0.00543967 -5.05131
-0.00323442 -4.34574
-0.00159672 -3.64018
-3.30223e-05 -2.93461
0.00120991 -2.22904
0.00213196 -1.52348
0.00273303 -0.817908
0.003013 -0.112342
0.00259941 0.593225
0.00223497 1.29879
0.00154938 2.00436
0.00054251 2.70992
-0.000785739 3.41549
-0.00243548 4.12106
-0.00440682 4.82662
-0.00669987 5.53219
-0.00931472 6.23776
-0.0122515 6.94333
-0.0155103 7.64889
-0.0190912 8.35446
-0.0229943 9.06003
-0.0272197 9.76559
-0.0317675 10.4712
-0.0373191 11.1767
-0.0425043 11.8823
-0.048011 12.5879
-0.0538394 13.2934
-0.0599896 13.999
-0.0664617 14.7046
-0.0732558 15.4101
-0.0803721 16.1157
-0.0878106 16.8213
-0.0955715 17.5268
-0.103655 18.2324
-0.112061 18.938
-0.12079 19.6435
-0.129841 20.3491
-0.139216 21.0547
-0.148913 21.7602
-0.158934 22.4658
-0.169278 23.1714
-0.179945 23.8769
-0.190936 24.5825
-0.202251 25.2881
-0.213889 25.9936
-0.199966 25.1428
-0.186502 24.292
-0.173497 23.4412
-0.160952 22.5904
-0.148865 21.7396
-0.137238 20.8887
-0.126069 20.0379
-0.11536 19.1871
-0.10511 18.3363
-0.0953186 17.4855
-0.0859864 16.6347
-0.0771133 15.7839
-0.0686992 14.933
-0.0607441 14.0822
-0.053248 13.2314
-0.0462109 12.3806
-0.0396328 11.5298
-0.0335137 10.679
-0.0278536 9.82815
-0.0230514 8.97734
-0.0185994 8.12652
-0.0145492 7.27571
-0.0107078 6.42489
-0.00733184 5.57408
-0.00472119 4.72326
-0.0022787 3.87245
-0.000302419 3.02164
0.00120745 2.17082
0.00225072 1.32001
0.00243349 0.469192
0.00253809 -0.381623
0.00217588 -1.23244
0.00134666 -2.08325
5.02372e-05 -2.93407
-0.00171357 -3.78488
-0.00394495 -4.63569
-0.00664407 -5.48651
-0.00981112 -6.33732
-0.0134463 -7.18814
-0.0175497 -8.03895
-0.0224846 -8.88977
-0.0275205 -9.74058
-0.0330238 -10.5914
-0.0389946 -11.4422
-0.0454332 -12.293
-0.0523397 -13.1438
-0.0597142 -13.9947
-0.0675571 -14.8455
-0.0758685 -15.6963
-0.0846485 -16.5471
-0.0938973 -17.3979
-0.103615 -18.2487
-0.113802 -19.0995
-0.124459 -19.9504
-0.135585 -20.8012
-0.147181 -21.652
-0.159246 -22.5028
-0.171782 -23.3536
-0.184789 -24.2044
-0.198265 -25.0552
-0.212213 -25.9061
-0.226631 -26.7569
-0.24152 -27.6077
-0.25688 -28.4585
-0.272712 -29.3093
-0.289015 -30.1601
-0.30579 -31.0109
-0.319473 -31.8618
-0.337017 -32.7126
-0.35503 -33.5634
-0.373515 -34.4142
-0.39247 -35.265
-0.411897 -36.1158
-0.431794 -36.9666
-0.452163 -37.8175
-0.473003 -38.6683
-0.494314 -39.5191
-0.516098 -40.3699
-0.538352 -41.2207
-0.561079 -42.0715
-0.584278 -42.9223
-0.60795 -43.7732
-0.632093 -44.624
-0.656709 -45.4748
-0.681798 -46.3256
-0.70736 -47.1764
-0.733395 -48.0272
-0.759902 -48.878
-0.786883 -49.7289
-0.814338 -50.5797
-0.842266 -51.4305
-0.870667 -52.2813
-0.899542 -53.1321
-0.928891 -53.9829
-0.958714 -54.8337
-0.989011 -55.6846
-1.01978 -56.5354
-1.05103 -57.3862
-1.08275 -58.237
-1.11494 -59.0878
-1.14761 -59.9386
-1.18075 -60.7894
-1.21437 -61.6403
-1.24846 -62.4911
-1.28303 -63.3419
-1.31807 -64.1927
-1.35359 -65.0435
-1.38888 -65.8943
-1.42164 -66.7451
-1.45479 -67.596
-1.48833 -68.4468
-1.52228 -69.2976
-1.55662 -70.1484
-1.59259 -70.9992
-1.63087 -71.85
-1.66961 -72.7009
-1.70882 -73.5517
-1.74849 -74.4025
-1.78864 -75.2533
-1.82925 -76.1041
-1.87032 -76.9549
-1.91187 -77.8057
-1.95387 -78.6566
-1.99635 -79.5074
-2.03928 -80.3582
-2.08269 -81.209
-2.12655 -82.0598
-2.17089 -82.9106
-2.21569 -83.7614
-2.26073 -84.6123
-2.30624 -85.4631
-2.35222 -86.3139
-2.39866 -87.1647
-2.44557 -88.0155
-2.49295 -88.8663
-2.41132 -87.4288
-2.33101 -85.9912
-2.25202 -84.5537
-2.17434 -83.1161
-2.09797 -81.6786
-2.02293 -80.2411
-1.9492 -78.8035
-1.87678 -77.366
-1.80568 -75.9284
-1.73589 -74.4909
-1.66742 -73.0534
-1.60026 -71.6158
-1.53502 -70.1783
-1.47274 -68.7407
-1.40912 -67.3032
-1.34782 -65.8656
-1.28684 -64.4281
-1.22718 -62.9906
-1.1703 -61.553
-1.11333 -60.1155
-1.05768 -58.6779
-1.00337 -57.2404
-0.952902 -55.8028
-0.901366 -54.3653
-0.851144 -52.9277
-0.802245 -51.4902
-0.75467 -50.0527
-0.70842 -48.6151
-0.663493 -47.1776
-0.619891 -45.74
-0.577613 -44.3025
-0.536659 -42.8649
-0.497031 -41.4274
-0.458728 -39.9899
-0.421752 -38.5523
-0.389862 -37.1148
-0.360794 -35.6772
-0.328151 -34.2397
-0.296818 -32.8021
-0.266796 -31.3646
-0.238086 -29.9271
-0.210689 -28.4895
-0.184605 -27.052
-0.206337 -28.2613
-0.228997 -29.4707
-0.252585 -30.6801
-0.277101 -31.8895
-0.302544 -33.0988
-0.328915 -34.3082
-0.356215 -35.5176
-0.384442 -36.7269
-0.413597 -37.9363
-0.443681 -39.1457
-0.474692 -40.355
-0.506632 -41.5644
-0.5395 -42.7738
-0.573296 -43.9831
-0.608021 -45.1925
-0.64322 -46.4019
-0.679642 -47.6112
-0.717454 -48.8206
-0.756214 -50.03
-0.795642 -51.2393
-0.836331 -52.4487
-0.87797 -53.6581
-0.920079 -54.8675
-0.963628 -56.0768
-1.00813 -57.2862
-1.05359 -58.4956
-1.09999 -59.7049
-1.14613 -60.9143
-1.1944 -62.1237
-1.24363 -63.333
-1.2938 -64.5424
-1.34494 -65.7518
-1.39702 -66.9611
-1.45007 -68.1705
-1.50407 -69.3799
-1.44519 -68.0485
-1.38743 -66.7171
-1.33081 -65.3858
-1.27531 -64.0544
-1.22094 -62.723
-1.16769 -61.3916
-1.11557 -60.0603
-1.06458 -58.7289
-1.01472 -57.3975
-0.965975 -56.0661
-0.918361 -54.7348
-0.871872 -53.4034
-0.826509 -52.072
-0.782272 -50.7407
-0.740431 -49.4093
-0.699235 -48.0779
-0.658052 -46.7465
-0.618792 -45.4152
-0.579863 -44.0838
-0.542072 -42.7524
-0.506543 -41.4211
-0.471044 -40.0897
-0.436683 -38.7583
-0.403461 -37.4269
-0.372796 -36.0956
-0.342429 -34.7642
-0.312689 -33.4328
-0.284086 -32.1014
-0.256621 -30.7701
-0.230294 -29.4387
-0.205106 -28.1073
-0.181555 -26.7759
-0.202633 -27.9615
-0.224603 -29.147
-0.247464 -30.3326
-0.271217 -31.5181
-0.295862 -32.7037
-0.321398 -33.8892
-0.347826 -35.0748
-0.375146 -36.2603
-0.403357 -37.4459
-0.432461 -38.6314
-0.462456 -39.817
-0.493343 -41.0025
-0.525123 -42.1881
-0.557794 -43.3736
-0.591358 -44.5592
-0.625813 -45.7447
-0.660695 -46.9303
-0.696742 -48.1158
-0.734173 -49.3014
-0.772516 -50.4869
-0.811449 -51.6725
-0.851642 -52.858
-0.826032 -52.0994
-0.800787 -51.3407
-0.775908 -50.582
-0.751395 -49.8234
-0.727246 -49.0647
-0.703464 -48.306
-0.680046 -47.5474
-0.656995 -46.7887
-0.634308 -46.03
-0.611987 -45.2714
-0.590031 -44.5127
-0.568441 -43.754
-0.547216 -42.9954
-0.526356 -42.2367
-0.505862 -41.478
-0.485733 -40.7194
-0.465969 -39.9607
-0.44657 -39.202
-0.427537 -38.4434
-0.408869 -37.6847
-0.390566 -36.926
-0.372628 -36.1674
-0.355056 -35.4087
-0.337849 -34.65
-0.321007 -33.8914
-0.30453 -33.1327
-0.289235 -32.3741
-0.274115 -31.6154
-0.258579 -30.8567
-0.243413 -30.0981
-0.228618 -29.3394
-0.214716 -28.5807
-0.200644 -27.8221
-0.186944 -27.0634
-0.174106 -26.3047
-0.197092 -27.6174
-0.221171 -28.93
-0.246343 -30.2427
-0.272608 -31.5553
-0.299966 -32.8679
-0.328417 -34.1806
-0.357962 -35.4932
-0.388599 -36.8059
-0.42033 -38.1185
-0.453154 -39.4312
-0.487072 -40.7438
-0.522083 -42.0564
-0.558188 -43.3691
-0.595387 -44.6817
-0.633679 -45.9944
-0.672249 -47.307
-0.713048 -48.6197
-0.754965 -49.9323
-0.797662 -51.245
-0.841841 -52.5576
-0.794193 -51.1287
-0.747841 -49.6997
-0.702787 -48.2708
-0.659028 -46.8419
-0.616566 -45.413
-0.5754 -43.9841
-0.53553 -42.5551
-0.496955 -41.1262
-0.459677 -39.6973
-0.423695 -38.2683
-0.389008 -36.8394
-0.355617 -35.4105
-0.323521 -33.9816
-0.293599 -32.5527
-0.2646 -31.1237
-0.23611 -29.6948
-0.209429 -28.2659
-0.183532 -26.837
-0.206723 -28.1365
-0.230986 -29.436
-0.256319 -30.7355
-0.282724 -32.035
-0.310201 -33.3345
-0.338748 -34.634
-0.368367 -35.9335
-0.399058 -37.233
-0.43082 -38.5325
-0.463654 -39.832
-0.497559 -41.1315
-0.532536 -42.431
-0.568585 -43.7306
-0.605706 -45.0301
-0.643899 -46.3296
-0.682693 -47.6291
-0.722837 -48.9286
-0.764585 -50.2281
-0.807054 -51.5276
-0.851017 -52.8271
-0.895509 -54.1266
-0.941662 -55.4261
-0.988918 -56.7256
-1.03728 -58.0251
-1.08674 -59.3246
-1.13593 -60.6242
-1.18752 -61.9237
-1.24022 -63.2232
-1.29403 -64.5227
-1.34894 -65.8222
-1.40495 -67.1217
-1.46208 -68.4212
-1.52031 -69.7207
-1.57964 -71.0202
-1.64009 -72.3197
-1.70164 -73.6192
-1.76431 -74.9187
-1.82808 -76.2183
-1.89091 -77.5178
-1.95459 -78.8173
-2.03223 -80.1168
-2.11403 -81.4163
-2.19911 -82.7158
-2.28727 -84.0153
-2.20384 -82.459
-2.12196 -80.9027
-2.04161 -79.3465
-1.96281 -77.7902
-1.88555 -76.2339
-1.80983 -74.6776
-1.73566 -73.1213
-1.66302 -71.565
-1.59192 -70.0087
-1.52236 -68.4525
-1.45435 -66.8962
-1.38787 -65.3399
-1.3184 -63.7836
-1.24825 -62.2273
-1.18006 -60.671
-1.11111 -59.1147
-1.04578 -57.5585
-0.97982 -56.0022
-0.9141 -54.4459
-0.853496 -52.8896
-0.794312 -51.3333
-0.729657 -49.777
-0.668405 -48.2208
-0.620997 -46.6645
-0.577283 -45.1082
-0.535036 -43.5519
-0.494258 -41.9956
-0.454948 -40.4393
-0.417103 -38.8831
-0.380719 -37.3268
-0.345795 -35.7705
-0.311665 -34.2142
-0.272984 -32.6579
-0.235333 -31.1016
-0.205317 -29.5453
-0.241877 -31.3934
-0.280604 -33.2415
-0.321498 -35.0896
-0.364559 -36.9376
-0.409787 -38.7857
-0.457182 -40.6338
-0.506745 -42.4818
-0.558476 -44.3299
-0.612374 -46.178
-0.66844 -48.0261
-0.726675 -49.8741
-0.788614 -51.7222
-0.85234 -53.5703
-0.918276 -55.4183
-0.98654 -57.2664
-1.05712 -59.1145
-1.12991 -60.9626
-1.20491 -62.8106
-1.28251 -64.6587
-1.362 -66.5068
-1.30031 -65.0494
-1.23997 -63.5921
-1.18098 -62.1347
-1.12335 -60.6774
-1.06706 -59.22
-1.01212 -57.7627
-0.95853 -56.3053
-0.90629 -54.848
-0.855398 -53.3906
-0.805855 -51.9333
-0.757661 -50.4759
-0.710816 -49.0186
-0.665319 -47.5612
-0.621171 -46.1039
-0.579123 -44.6465
-0.537602 -43.1892
-0.497439 -41.7318
-0.45947 -40.2745
-0.422032 -38.8171
-0.387357 -37.3598
-0.352684 -35.9024
-0.319368 -34.4451
-0.287406 -32.9877
-0.259408 -31.5304
-0.230459 -30.073
-0.254846 -31.2973
-0.280184 -32.5216
-0.306473 -33.7459
-0.333712 -34.9702
-0.361903 -36.1944
-0.391045 -37.4187
-0.421138 -38.643
-0.452182 -39.8673
-0.484177 -41.0916
-0.517124 -42.3159
-0.551021 -43.5402
-0.585871 -44.7645
-0.621671 -45.9888
-0.658423 -47.213
-0.696127 -48.4373
-0.734782 -49.6616
-0.704382 -48.7013
-0.674567 -47.741
-0.645337 -46.7807
-0.616693 -45.8205
-0.588635 -44.8602
-0.561161 -43.8999
-0.534273 -42.9396
-0.50797 -41.9793
-0.482253 -41.019
-0.457121 -40.0587
-0.432574 -39.0984
-0.408612 -38.1381
-0.385235 -37.1778
-0.362444 -36.2175
-0.340237 -35.2572
-0.318616 -34.2969
-0.29758 -33.3367
-0.277129 -32.3764
-0.257263 -31.4161
-0.237982 -30.4558
-0.269412 -32.0067
-0.302369 -33.5576
-0.336851 -35.1086
-0.37286 -36.6595
-0.410395 -38.2104
-0.449457 -39.7613
-0.490045 -41.3122
-0.532159 -42.8632
-0.5758 -44.4141
-0.620968 -45.965
-0.667663 -47.5159
-0.715885 -49.0669
-0.701709 -48.616
-0.687662 -48.1651
-0.673744 -47.7143
-0.659956 -47.2634
-0.646296 -46.8125
-0.632765 -46.3617
-0.619364 -45.9108
-0.606091 -45.4599
-0.592947 -45.0091
-0.579933 -44.5582
-0.567047 -44.1073
-0.554291 -43.6565
-0.541663 -43.2056
-0.529165 -42.7547
-0.516796 -42.3039
-0.504555 -41.853
-0.492444 -41.4021
-0.480462 -40.9513
-0.468608 -40.5004
-0.456884 -40.0495
-0.445289 -39.5987
-0.433822 -39.1478
-0.422485 -38.697
-0.411277 -38.2461
-0.400198 -37.7952
-0.389247 -37.3444
-0.378426 -36.8935
-0.367734 -36.4426
-0.35717 -35.9918
-0.346736 -35.5409
-0.336431 -35.09
-0.326254 -34.6392
-0.316207 -34.1883
-0.306288 -33.7374
-0.296499 -33.2866
-0.286838 -32.8357
-0.277307 -32.3848
-0.267904 -31.934
-0.25863 -31.4831
-0.249486 -31.0322
-0.275313 -32.2898
-0.302144 -33.5473
-0.329979 -34.8048
-0.358816 -36.0624
-0.388657 -37.3199
-0.419502 -38.5775
-0.45135 -39.835
-0.484202 -41.0925
-0.518057 -42.3501
-0.552916 -43.6076
-0.588779 -44.8651
-0.625645 -46.1227
-0.663516 -47.3802
-0.70239 -48.6378
-0.742269 -49.8953
-0.783928 -51.1528
-0.825827 -52.4104
-0.869224 -53.6679
-0.913644 -54.9255
-0.958833 -56.183
-1.00536 -57.4405
-1.05291 -58.6981
-1.10104 -59.9556
-1.15067 -61.2131
-1.20132 -62.4707
-1.25301 -63.7282
-1.15965 -61.4094
-1.06971 -59.0905
-0.983187 -56.7717
-0.90008 -54.4528
-0.820388 -52.134
-0.74411 -49.8151
-0.671247 -47.4962
-0.601797 -45.1774
-0.535679 -42.8585
-0.473595 -40.5397
-0.414712 -38.2208
-0.358556 -35.902
-0.306943 -33.5831
-0.257706 -31.2643
-0.218123 -28.9454
-0.176264 -26.6266
-0.137574 -24.3077
-0.102306 -21.9889
-0.0704584 -19.67
-0.042034 -17.3511
-0.0170348 -15.0323
0.00453609 -12.7134
0.021623 -10.3946
0.0193715 -8.07573
0.00696221 -5.75688
0.00432774 -6.40396
-0.000121802 -7.37459
-0.00791612 -8.83053
-0.0221277 -11.0144
-0.042887 -13.6028
-0.0678944 -16.1911
-0.0971501 -18.7795
-0.130654 -21.3678
-0.168407 -23.9561
-0.209462 -26.5445
-0.24417 -29.1328
-0.283 -31.7212
-0.328997 -34.3095
-0.372457 -36.8979
-0.428793 -39.4862
-0.490191 -42.0745
-0.566553 -44.6629
-0.647149 -47.2512
-0.731953 -49.8396
-0.820943 -52.4279
-0.910087 -55.0162
-0.994785 -57.6046
-1.10794 -60.1929
-1.23349 -62.6304
-1.14489 -60.3907
-1.05949 -58.151
-0.977269 -55.9114
-0.898237 -53.6717
-0.82239 -51.432
-0.749728 -49.1923
-0.680251 -46.9527
-0.613959 -44.713
-0.550851 -42.4733
-0.484143 -40.2336
-0.419225 -37.9939
-0.355519 -35.7543
-0.296691 -33.5146
-0.236514 -31.2749
-0.191005 -29.0352
-0.144743 -26.7956
-0.109052 -24.5559
-0.077702 -22.3162
-0.049451 -20.0765
-0.0242835 -17.8369
-0.00218634 -15.5972
0.0168503 -13.3575
0.042054 -11.1178
0.0548504 -8.87816
0.0508891 -6.79223
0.0364683 -9.47238
0.0174931 -12.1525
-0.0060366 -14.8327
-0.0341211 -17.5128
-0.0667606 -20.193
-0.103955 -22.8732
-0.145706 -25.5533
-0.191376 -28.2335
-0.232946 -30.9136
-0.282884 -33.5938
-0.345477 -36.2739
-0.410119 -38.9541
-0.482042 -41.6342
-0.555439 -44.3144
-0.636644 -46.9945
-0.722429 -49.6747
-0.812779 -52.3549
-0.907684 -55.035
-1.02467 -57.7152
-1.16422 -60.3953
-1.3247 -63.0755
-1.49824 -65.7556
-1.68248 -68.4358
-1.87387 -71.1159
-2.10529 -73.7961
-2.34448 -76.4762
-2.59414 -79.1564
-2.85279 -81.8365
-3.11793 -84.5167
-3.38819 -87.1969
-3.6625 -89.877
-3.94013 -92.5572
-4.21968 -95.2373
-4.53806 -97.9175
-4.8626 -100.598
-5.19173 -103.278
-5.52825 -105.958
-5.87183 -108.638
-6.22108 -111.318
-6.57538 -113.998
-6.94566 -116.679
-7.3238 -119.359
-7.7084 -122.039
-8.09984 -124.719
-8.4982 -127.399
-8.87647 -129.906
-8.80546 -129.185
-8.69959 -128.105
-8.5422 -126.485
-8.30933 -124.054
-8.03834 -121.173
-7.77276 -118.292
-7.50846 -115.412
-7.21136 -112.531
-6.9014 -109.65
-6.57946 -106.769
-6.26438 -103.888
-5.97696 -101.008
-5.69779 -98.1268
-5.4206 -95.246
-5.1457 -92.3652
-4.87909 -89.4844
-4.6173 -86.6037
-4.36064 -83.7229
-4.11095 -80.8421
-3.88018 -77.9613
-3.65633 -75.0805
-3.43947 -72.1997
-3.22334 -69.3189
-3.01114 -66.4381
-2.84417 -63.9438
-2.88464 -64.7697
-2.94615 -66.0085
-3.04026 -67.8667
-3.18555 -70.654
-3.36418 -73.9575
-3.54978 -77.261
-3.74235 -80.5645
-3.9419 -83.8679
-4.19507 -87.1714
-4.48404 -90.4749
-4.7929 -93.7784
-5.11775 -97.0818
-5.46368 -100.385
-5.81552 -103.689
-6.19216 -106.992
-6.50758 -109.759
-6.30918 -107.34
-6.11455 -104.92
-5.92368 -102.5
-5.73658 -100.08
-5.55324 -97.6607
-5.36139 -95.241
-5.14403 -92.8214
-4.91725 -90.4017
-4.68794 -87.982
-4.44438 -85.5623
-4.23131 -83.1426
-4.0399 -80.7229
-3.84436 -78.3032
-3.6512 -75.8835
-3.4727 -73.4638
-3.29074 -71.0441
-3.11062 -68.6244
-2.93301 -66.2047
-2.78477 -64.2039
-2.88569 -66.2518
-2.98929 -68.2998
-3.09557 -70.3478
-3.20452 -72.3957
-3.31615 -74.4437
-3.43047 -76.4917
-3.54746 -78.5396
-3.66713 -80.5876
-3.78948 -82.6356
-3.9207 -84.6835
-4.12922 -86.7315
-4.32188 -88.7795
-4.50521 -90.8274
-4.66445 -92.566
-4.57916 -91.3139
-4.49487 -90.0618
-4.41159 -88.8097
-4.32931 -87.5576
-4.24804 -86.3056
-4.16776 -85.0535
-4.0885 -83.8014
-4.01024 -82.5493
-3.93298 -81.2972
-3.85672 -80.0451
-3.78147 -78.793
-3.6948 -77.5409
-3.60079 -76.2888
-3.50389 -75.0367
-3.40283 -73.7846
-3.30055 -72.5326
-3.19764 -71.2805
-3.09444 -70.0284
-2.9847 -68.7763
-2.89441 -67.5242
-2.80484 -66.2721
-2.71187 -65.02
-2.64925 -64.179
-2.80281 -67.3117
-2.96263 -70.4444
-3.12872 -73.5771
-3.30107 -76.7097
-3.47969 -79.8424
-3.67201 -82.9751
-3.99082 -86.1078
-4.31048 -89.2405
-4.57684 -92.0795
