-7.87958 0.675598 1.35563e-17
-18.2671 1.56627 1.82064e-17
-28.6541 2.45694 1.74974e-16
-39.0407 3.3476 1.10679e-16
-49.4267 4.23827 -2.13078e-17
-59.8122 5.12894 9.19001e-17
-70.1972 6.01961 8.60532e-17
-80.5818 6.91028 -2.27945e-16
-90.9658 7.80095 -2.71609e-16
-101.349 8.69162 2.47834e-16
-111.732 9.5823 -1.05207e-16
-122.115 10.473 -3.55473e-16
-132.497 11.3636 2.87719e-17
-142.879 12.2543 1.8107e-16
-153.26 13.145 -7.69012e-17
-163.64 14.0357 -3.31915e-16
-174.02 14.9263 -7.32859e-16
-184.4 15.817 8.86654e-17
-194.779 16.7077 -6.54867e-17
-205.158 17.5984 -3.95717e-16
-215.536 18.4891 -2.77338e-16
-225.914 19.3798 5.84395e-16
-236.291 20.2704 -1.72629e-16
-246.667 21.1611 -4.16783e-17
-257.044 22.0518 1.57979e-16
-270.029 23.0981 1.32503e-15
-293.144 24.715 1.45559e-14
-324.54 26.7731 5.42741e-15
-355.958 28.7687 -6.50799e-15
-370.304 29.109 -1.81757e-14
-370.529 28.1459 1.87552e-14
-370.742 27.2116 -1.21406e-14
-370.934 26.3548 -1.00491e-14
-371.119 25.5196 1.84966e-14
-371.298 24.7136 -1.18558e-14
-371.471 23.937 1.8745e-15
-371.624 23.2793 2.26599e-14
-371.765 22.7193 -1.53847e-14
-371.908 22.1835 4.46541e-15
-372.055 21.6703 -6.56223e-15
-372.205 21.1785 -3.74864e-15
-372.36 20.7067 -4.47366e-15
-372.522 20.2538 -5.54487e-16
-372.689 19.8186 4.49164e-15
-372.864 19.4002 -5.67649e-15
-373.029 19.0942 -7.85507e-15
-373.189 18.9297 -2.48137e-15
-373.361 18.7682 -1.09372e-16
-351.356 16.878 -1.51613e-14
-329.348 14.9879 6.33984e-14
-307.339 13.0978 -9.36773e-16
-285.327 11.2077 -1.16718e-15
-263.313 9.31762 -2.54324e-15
-241.297 7.42755 -2.93451e-15
-219.279 5.53749 -3.28195e-15
-197.259 3.64744 -2.72955e-15
-175.237 1.7574 -2.58225e-15
-153.212 -0.132625 -1.82294e-15
-131.186 -2.02264 -2.69494e-15
-109.157 -3.91266 -3.44345e-15
-87.1257 -5.80266 -1.89457e-15
-65.0924 -7.69266 -2.77392e-15
-43.057 -9.58265 -3.23835e-15
-21.0194 -11.4726 -3.45207e-15
1.0204 -13.3626 -1.98094e-15
23.0624 -15.2526 -2.54915e-15
55.2278 -18.0888 -2.78732e-14
100.64 -22.0728 -2.39268e-15
150.729 -26.2657 2.81446e-14
201.595 -30.3127 -2.76097e-14
230.291 -31.1133 -2.47102e-15
239.112 -29.3604 1.63234e-14
247.568 -27.7388 1.71348e-13
255.664 -26.2862 7.01811e-13
263.931 -25.1725 4.98218e-13
271.833 -24.1422 4.37822e-12
279.372 -23.1842 3.38275e-12
286.552 -22.2885 2.77045e-11
293.38 -21.4475 2.24626e-11
299.932 -20.9236 -1.63159e-10
306.288 -20.589 -1.39921e-10
312.298 -20.2543 -7.58113e-10
317.971 -19.9129 -6.38681e-10
323.317 -19.5608 -4.52636e-09
328.349 -19.1969 -3.66443e-09
333.081 -18.821 -2.53042e-08
337.525 -18.4348 -1.96471e-08
341.699 -18.0397 -1.41252e-07
345.618 -17.6382 -7.75795e-07
349.297 -17.2324 -4.09611e-06
352.726 -17.1476 2.72086e-06
355.986 -17.1963 2.36729e-07
359.052 -17.2165 1.00271e-07
338.974 -15.4981 7.68552e-08
318.897 -13.7797 8.42686e-08
298.823 -12.0613 8.42647e-08
278.75 -10.3429 8.42667e-08
258.68 -8.62458 8.42696e-08
238.611 -6.90623 8.42726e-08
218.545 -5.18788 8.42756e-08
198.48 -3.46955 8.42786e-08
178.418 -1.75122 8.42816e-08
158.357 -0.0329055 8.42846e-08
138.298 1.6854 8.42876e-08
118.242 3.40371 8.42905e-08
98.1869 5.122 8.42935e-08
78.134 6.84029 8.42965e-08
58.083 8.55858 8.42994e-08
38.034 10.2769 8.43024e-08
17.9869 11.9951 8.43053e-08
-2.05831 13.7134 8.43083e-08
-22.1016 15.4317 8.43112e-08
-48.3238 17.7142 8.66654e-08
-87.4447 21.1792 9.43212e-08
-130.595 24.9016 1.02913e-07
-174.354 28.5198 1.10838e-07
-186.937 27.6407 1.01116e-07
-196.667 26.5048 9.09193e-08
-206.128 25.4496 8.17777e-08
-215.696 24.6401 7.50181e-08
-225.152 23.9799 6.89752e-08
-234.33 23.3588 6.36333e-08
-243.227 22.7702 5.88481e-08
-251.839 22.2084 5.48668e-08
-260.161 21.6686 4.96983e-08
-268.401 21.4632 4.97806e-08
-276.378 21.3466 4.76621e-08
-284.047 21.2125 4.67391e-08
-291.404 21.0575 4.43041e-08
-298.449 20.8794 4.53737e-08
-305.18 20.6775 4.08357e-08
-311.599 20.4519 4.73132e-08
-317.709 20.2038 3.59488e-08
-323.514 19.9345 5.68652e-08
-329.021 19.6461 -4.9643e-08
-334.238 19.3407 4.43256e-07
-339.173 19.0205 -1.79262e-06
-343.836 18.688 7.9721e-06
-348.239 18.3454 -4.10557e-06
-352.384 18.4353 -2.94262e-06
-356.319