11.0594 0.675598 -1.90275e-17
25.6399 1.56627 -2.68633e-17
40.2209 2.45694 -2.42782e-16
54.8024 3.3476 -1.53999e-16
69.3844 4.23827 2.14076e-17
83.967 5.12894 -1.20234e-16
98.55 6.01961 -1.2488e-16
113.134 6.91028 3.19256e-16
127.718 7.80095 4.03465e-16
142.302 8.69162 -3.30372e-16
156.887 9.5823 1.60354e-16
171.473 10.473 5.1861e-16
186.059 11.3636 -3.17445e-17
200.645 12.2543 -2.48826e-16
215.233 13.145 6.80455e-17
229.82 14.0357 4.55669e-16
244.408 14.9263 9.34937e-16
258.997 15.817 -1.29626e-16
273.586 16.7077 1.58938e-16
288.176 17.5984 5.1559e-16
302.766 18.4891 3.7521e-16
317.357 19.3798 -8.95523e-16
331.948 20.2704 2.48234e-16
346.54 21.1611 -1.53317e-17
361.133 22.0518 -1.83916e-16
371.676 22.5392 3.22671e-15
371.786 21.9328 1.72744e-14
371.932 21.1125 -3.45178e-15
372.067 20.3369 -5.82323e-15
372.203 19.5661 3.61178e-15
372.339 18.8189 7.05779e-16
372.474 18.1128 -3.22232e-15
372.608 17.4866 6.91925e-14
372.748 16.9165 -3.12761e-14
372.899 16.3737 7.21236e-15
373.061 15.8571 -1.35828e-14
373.236 15.4107 2.23069e-15
373.418 15.1066 -3.33503e-15
373.62 14.8093 1.25745e-15
373.844 14.5192 -1.74947e-15
374.09 14.2364 -2.40463e-15
374.356 13.961 3.11448e-15
374.645 13.6928 -2.53082e-15
374.954 13.4319 -9.62842e-16
375.284 13.1782 9.78589e-15
375.642 12.932 2.56803e-15
376.003 12.8977 2.74928e-15
376.384 12.8647 3.6759e-15
345.403 10.9746 1.77284e-14
314.426 9.08444 -6.89891e-14
283.45 7.19433 -2.1601e-16
252.477 5.30423 1.27231e-15
221.507 3.41415 3.08948e-15
190.539 1.52408 2.73869e-15
159.573 -0.365983 3.10629e-15
128.61 -2.25603 2.33876e-15
97.6494 -4.14607 2.02189e-15
66.6911 -6.0361 1.06039e-15
35.7351 -7.92612 2.28438e-15
4.78157 -9.81613 3.28901e-15
-26.1696 -11.7061 1.07085e-15
-57.1185 -13.5961 2.3189e-15
-88.065 -15.4861 2.96356e-15
-119.009 -17.3761 3.24402e-15
-149.951 -19.2661 1.19598e-15
-180.891 -21.1561 1.94225e-15
-196.548 -21.0128 -3.18898e-14
-207.781 -20.1022 9.86368e-15
-219.361 -19.2458 3.95698e-14
-230.421 -18.4519 2.69103e-14
-241.608 -17.802 -2.92237e-15
-252.678 -17.2552 -1.57653e-14
-263.166 -16.7191 -9.04579e-14
-273.163 -16.2083 -9.23979e-13
-283.173 -16.0024 -6.08784e-13
-292.565 -15.7484 -5.40713e-12
-301.349 -15.4547 -3.92079e-12
-309.545 -15.1285 -3.49184e-11
-317.173 -14.7766 -2.60745e-11
-324.442 -14.6194 2.12502e-10
-331.26 -14.6197 1.65884e-10
-337.559 -14.5471 9.44387e-10
-343.372 -14.4154 7.36327e-10
-348.733 -14.2358 5.64994e-09
-353.677 -14.0183 4.21632e-09
-358.24 -13.7709 3.1571e-08
-362.456 -13.5006 2.25335e-08
-366.357 -13.2131 1.76448e-07
-369.976 -12.9134 9.73556e-07
-373.342 -12.6056 5.14299e-06
-376.516 -12.5462 -3.8607e-06
-379.473 -12.6501 -3.02004e-07
-382.251 -12.703 -1.14027e-07
-354.158 -10.9846 -9.53931e-08
-326.063 -9.26623 -9.29859e-08
-297.967 -7.54785 -9.29855e-08
-269.868 -5.82947 -9.29824e-08
-241.768 -4.11111 -9.29791e-08
-213.667 -2.39275 -9.29759e-08
-185.563 -0.67441 -9.29727e-08
-157.458 1.04393 -9.29695e-08
-129.351 2.76225 -9.29663e-08
-101.243 4.48057 -9.29631e-08
-73.1323 6.19888 -9.29599e-08
-45.0201 7.91718 -9.29567e-08
-16.9062 9.63548 -9.29535e-08
11.2095 11.3538 -9.29503e-08
39.327 13.0721 -9.29471e-08
67.4462 14.7903 -9.29438e-08
95.5673 16.5086 -9.29406e-08
123.69 18.2269 -9.29374e-08
151.815 19.9451 -9.29341e-08
171.66 20.5478 -8.8498e-08
183.109 19.8727 -8.12058e-08
195.245 19.2223 -7.50441e-08
206.966 18.6166 -6.92865e-08
219.203 18.1989 -6.60872e-08
231.092 17.7964 -6.27823e-08
242.51 17.3998 -5.95148e-08
253.884 17.2087 -5.84189e-08
265 17.0779 -5.71531e-08
275.596 16.9107 -5.56924e-08
285.672 16.7108 -5.40097e-08
295.23 16.4817 -5.25772e-08
304.271 16.2269 -4.88836e-08
313.025 16.2629 -5.16075e-08
321.334 16.3187 -5.07154e-08
329.128 16.312 -5.09357e-08
336.421 16.2506 -4.87586e-08
343.232 16.1415 -5.09476e-08
349.579 15.9913 -4.54112e-08
355.485 15.8056 -5.43483e-08
360.973 15.5899 -3.93057e-08
366.067 15.3489 -6.71192e-08
370.794 15.0872 7.29006e-08
375.178 14.8086 -5.75964e-07
379.246 14.5167 2.36779e-06
383.022 14.2147 -1.04927e-05
386.532 13.9054 5.83729e-06
389.839 13.9656 3.92469e-06
392.907 14.0212 -1.3277e-05
395.772 14.0385