0 0 0
1.42597e-12 7539.91 1.14984e+07
2.54374e-12 17817.4 2.71716e+07
-6.00053e-12 28095 4.28448e+07
2.47269e-12 38372.5 5.8518e+07
-9.33653e-12 48650 7.41912e+07
1.05445e-11 58927.6 8.98645e+07
-1.07576e-11 69205.1 1.05538e+08
-1.73657e-11 79482.7 1.21211e+08
-4.66116e-12 89760.3 1.36884e+08
-1.27898e-11 100038 1.52557e+08
-4.66116e-12 110316 1.68231e+08
-4.10409e-11 120593 1.83904e+08
-3.85398e-11 130871 1.99577e+08
-1.04421e-10 141149 2.1525e+08
-5.23528e-11 131584 2.00664e+08
-1.02318e-11 122019 1.86078e+08
-3.88241e-11 112454 1.71492e+08
1.04023e-11 102889 1.56906e+08
-1.98952e-13 93324.5 1.4232e+08
-1.94404e-11 83759.7 1.27733e+08
-1.16529e-11 74195 1.13147e+08
1.33582e-12 64630.2 9.8561e+07
-2.58638e-12 55065.5 8.39748e+07
8.46967e-12 45500.8 6.93887e+07
9.33653e-12 35936.1 5.48025e+07
1.0516e-12 26371.4 4.02164e+07
-4.43201e-12 16806.7 2.56302e+07
-9.29257e-13 7242.02 1.10441e+07
2.56503e-12 -2322.66 -3.54206e+06
2.53353e-12 -11887.3 -1.81282e+07
5.21716e-12 -21452 -3.27144e+07
-6.0254e-12 -31016.7 -4.73005e+07
-4.83169e-12 -40581.4 -6.18867e+07
-1.04592e-11 -50146.1 -7.64728e+07
-5.48539e-12 -59710.9 -9.1059e+07
-5.31628e-11 -69275.6 -1.05645e+08
-1.00044e-11 -78840.3 -1.20231e+08
3.67493e-11 -88405.1 -1.34817e+08
2.27374e-13 -97969.9 -1.49404e+08
1.68825e-11 -107535 -1.6399e+08
-3.54703e-11 -117099 -1.78576e+08
-2.16573e-11 -126664 -1.93162e+08
-3.86535e-12 -136229 -2.07748e+08
-3.52998e-11 -145794 -2.22335e+08
2.26237e-11 -134036 -2.04404e+08
-6.16183e-11 -122279 -1.86474e+08
-1.38698e-11 -110521 -1.68544e+08
-3.53282e-11 -98763.6 -1.50614e+08
-3.44187e-11 -87006 -1.32684e+08
-8.3844e-12 -75248.5 -1.14754e+08
-2.12736e-11 -63491 -9.68237e+07
-3.26565e-11 -51733.6 -7.88936e+07
-1.30669e-11 -39976.1 -6.09636e+07
-1.90674e-11 -28218.7 -4.30335e+07
2.44871e-12 -16461.2 -2.51034e+07
1.5794e-12 -4703.81 -7.17331e+06
-1.5723e-12 7053.62 1.07568e+07
-1.75149e-12 18811.1 2.86869e+07
-1.14788e-11 30568.5 4.66169e+07
6.86384e-12 42325.9 6.4547e+07
-2.21263e-11 54083.4 8.24771e+07
-1.1994e-11 65840.9 1.00407e+08
-1.19371e-12 77598.4 1.18337e+08
-2.37605e-11 89355.9 1.36267e+08
-1.08002e-11 101113 1.54198e+08
-3.92788e-11 112871 1.72128e+08
-3.20028e-11 124629 1.90058e+08
-3.50155e-11 136386 2.07988e+08
-1.55183e-11 131400 2.00385e+08
2.17142e-11 126414 1.92781e+08
-2.55795e-12 121429 1.85178e+08
2.53522e-11 116443 1.77575e+08
-3.68345e-11 111457 1.69971e+08
3.43334e-11 106471 1.62368e+08
-6.50857e-12 101485 1.54765e+08
-2.5409e-11 96499.4 1.47161e+08
-1.15961e-11 91513.6 1.39558e+08
-2.24532e-12 86527.7 1.31955e+08
1.79625e-11 81541.9 1.24351e+08
3.49587e-12 76556.1 1.16748e+08
-8.58336e-12 71570.3 1.09145e+08
-4.24905e-12 66584.5 1.01541e+08
-4.26326e-12 61598.7 9.39378e+07
1.54188e-11 56612.8 8.63345e+07
6.60805e-13 51627 7.87312e+07
9.5568e-12 46641.3 7.11279e+07
1.70317e-11 41655.5 6.35245e+07
-8.47677e-12 36669.7 5.59212e+07
-6.31317e-12 31683.9 4.83179e+07
-4.92761e-12 26698.1 4.07146e+07
-3.37863e-12 21712.3 3.31112e+07
9.48575e-13 16726.5 2.55079e+07
4.15668e-13 11740.7 1.79046e+07
2.56817e-12 6754.93 1.03013e+07
2.38093e-12 1769.15 2.69795e+06
-1.86445e-12 -3216.64 -4.90537e+06
2.88325e-12 -8202.42 -1.25087e+07
2.54907e-13 -13188.2 -2.0112e+07
4.00036e-12 -18174 -2.77153e+07
2.54552e-12 -23159.8 -3.53187e+07
-2.0286e-12 -28145.6 -4.2922e+07
-1.33937e-12 -33131.4 -5.05253e+07
2.34195e-11 -38117.2 -5.81286e+07
-9.10205e-12 -43102.9 -6.5732e+07
-1.3813e-11 -48088.7 -7.33353e+07
1.51061e-11 -53074.5 -8.09386e+07
4.16378e-12 -58060.3 -8.85419e+07
6.97753e-12 -63046.1 -9.61453e+07
-1.07434e-11 -68032 -1.03749e+08
2.71427e-12 -73017.8 -1.11352e+08
-1.83036e-11 -78003.6 -1.18955e+08
-2.81375e-11 -82989.4 -1.26559e+08
-1.21929e-11 -87975.2 -1.34162e+08
1.06866e-11 -92961.1 -1.41765e+08
-4.17799e-12 -97946.9 -1.49369e+08
-1.42109e-12 -102933 -1.56972e+08
2.11458e-11 -107919 -1.64575e+08
1.3074e-12 -112904 -1.72179e+08
3.46745e-11 -117890 -1.79782e+08
2.50111e-11 -122876 -1.87385e+08
-3.70051e-11 -127862 -1.94989e+08
3.53566e-11 -132848 -2.02592e+08
-5.97424e-11 -137834 -2.10195e+08
-3.88809e-11 -142820 -2.17799e+08
-9.89075e-12 -147806 -2.25402e+08
1.72804e-11 -152791 -2.33005e+08
-4.35364e-10 -132779 -2.02487e+08
-2.71655e-10 -112766 -1.71968e+08
-2.02903e-10 -92753.9 -1.41449e+08
-1.01267e-10 -72741.6 -1.10931e+08
-7.36122e-11 -52729.3 -8.04121e+07
-2.79137e-11 -32717.1 -4.98935e+07
-8.65752e-12 -12704.9 -1.93749e+07
-5.9508e-13 7307.34 1.11437e+07
-2.09219e-11 27319.5 4.16623e+07
-5.12586e-11 47331.8 7.21809e+07
-1.04492e-10 67344 1.027e+08
-1.49953e-10 87356.3 1.33218e+08
-2.53408e-10 107369 1.63737e+08
-4.3832e-10 127381 1.94255e+08
-5.54678e-10 147394 2.24774e+08
-7.27368e-10 167407 2.55293e+08
-9.58266e-10 187419 2.85812e+08
-1.26636e-09 164313 2.50576e+08
-9.25297e-10 141208 2.1534e+08
-6.87919e-10 118102 1.80105e+08
-4.43038e-10 94996.5 1.44869e+08
-2.67974e-10 71891.1 1.09634e+08
-1.13054e-10 48785.8 7.43982e+07
-3.26423e-11 25680.5 3.91628e+07
8.27116e-14 2575.27 3.92729e+06
-1.47633e-11 -20530 -3.13082e+07
-7.62483e-11 -43635.2 -6.65436e+07
-1.98327e-10 -66740.5 -1.01779e+08
-3.29464e-10 -89845.9 -1.37015e+08
-5.50472e-10 -112951 -1.7225e+08
-7.25834e-10 -136057 -2.07486e+08
-1.00272e-09 -159163 -2.42721e+08
-1.23725e-09 -182269 -2.77957e+08
-1.68416e-09 -205375 -3.13193e+08
-4.83851e-10 -186929 -2.85063e+08
-5.29553e-10 -168483 -2.56934e+08
-3.53111e-10 -150037 -2.28804e+08
-2.91777e-10 -131591 -2.00675e+08
-2.29306e-10 -113145 -1.72546e+08
-1.59503e-10 -94699.5 -1.44416e+08
-9.60085e-11 -76253.9 -1.16287e+08
-8.29345e-11 -57808.4 -8.81577e+07
-1.40261e-11 -39362.9 -6.00284e+07
-7.07345e-12 -20917.5 -3.18992e+07
-8.10296e-13 -2472.06 -3.76988e+06
2.91056e-12 15973.4 2.43594e+07
-7.34701e-12 34418.8 5.24887e+07
-4.58584e-11 52864.3 8.0618e+07
-9.15037e-11 71309.8 1.08747e+08
-1.67773e-10 89755.3 1.36877e+08
-2.34081e-10 108201 1.65006e+08
-2.68301e-10 126647 1.93135e+08
-3.98416e-10 145092 2.21265e+08
-5.00791e-10 163538 2.49394e+08
-6.67114e-10 181984 2.77524e+08
-7.95922e-10 161728 2.46634e+08
-5.68946e-10 141472 2.15744e+08
-4.34284e-10 121216 1.84854e+08
-2.95472e-10 100960 1.53964e+08
-1.81217e-10 80704.5 1.23074e+08
-1.06269e-10 60448.9 9.21844e+07
-4.15668e-11 40193.2 6.12947e+07
-3.66285e-12 19937.6 3.04049e+07
-6.29618e-14 -317.926 -484837
-1.45786e-11 -20573.5 -3.13746e+07
-3.32108e-11 -40829.1 -6.22643e+07
-1.04052e-10 -61084.7 -9.31541e+07
-1.32218e-10 -81340.4 -1.24044e+08
-2.62702e-10 -101596 -1.54934e+08
-4.45596e-10 -121852 -1.85824e+08
-5.34328e-10 -142108 -2.16713e+08
-6.35737e-10 -162364 -2.47603e+08
-8.26049e-10 -182620 -2.78493e+08
-1.03375e-09 -202877 -3.09383e+08
-1.58548e-09 -178368 -2.72009e+08
-1.17245e-09 -153860 -2.34635e+08
-8.19398e-10 -129352 -1.97261e+08
-5.30633e-10 -104844 -1.59887e+08
-3.21705e-10 -80336.7 -1.22513e+08
-1.51431e-10 -55829.2 -8.51394e+07
-4.53966e-11 -31321.7 -4.77656e+07
3.44169e-14 -6814.25 -1.03917e+07
-1.23874e-11 17693.2 2.69821e+07
-1.07612e-10 42200.6 6.43559e+07
-2.34706e-10 66708.1 1.0173e+08
-4.79361e-10 91215.7 1.39104e+08
-7.05143e-10 115723 1.76478e+08
-1.14488e-09 140231 2.13852e+08
-1.59719e-09 164739 2.51226e+08
-2.08524e-09 189248 2.886e+08
-2.63049e-09 213756 3.25974e+08
-3.32147e-09 238265 3.63348e+08
-4.31555e-09 262774 4.00722e+08
-5.28439e-09 287283 4.38097e+08
-8.59836e-09 258219 3.93777e+08
-7.88327e-09 229156 3.49457e+08
-6.08145e-09 200093 3.05138e+08
-4.31214e-09 171030 2.60818e+08
-2.84518e-09 141967 2.16499e+08
-1.80455e-09 112905 1.7218e+08
-9.62814e-10 83843.3 1.27861e+08
-3.86379e-10 54781.5 8.35416e+07
-9.38503e-11 25719.7 3.92226e+07
1.57407e-12 -3341.96 -5.09649e+06
-1.0353e-10 -32403.6 -4.94155e+07
-3.81291e-10 -61465.4 -9.37346e+07
-8.39265e-10 -90527.2 -1.38054e+08
-1.38323e-09 -119589 -1.82373e+08
-2.17096e-09 -148652 -2.26692e+08
-3.01748e-09 -177714 -2.71012e+08
-3.87638e-09 -206777 -3.15331e+08
-5.00859e-09 -235840 -3.59651e+08
-6.28779e-09 -264904 -4.0397e+08
-7.44603e-09 -293968 -4.4829e+08
-1.14781e-08 -259782 -3.96161e+08
-7.43967e-09 -225598 -3.44032e+08
-5.81213e-09 -191413 -2.91903e+08
-3.96096e-09 -157230 -2.39774e+08
-2.52157e-09 -123046 -1.87645e+08
-1.34395e-09 -88863.4 -1.35516e+08
-5.45228e-10 -54680.7 -8.33879e+07
-6.3924e-11 -20498 -3.12595e+07
-4.61409e-11 13684.6 2.0869e+07
-4.67374e-10 47867.2 7.29975e+07
-1.37373e-09 82050 1.25126e+08
-2.89094e-09 116233 1.77255e+08
-5.01541e-09 150416 2.29383e+08
-7.68637e-09 184600 2.81512e+08
-1.12011e-08 218784 3.33641e+08
-1.57102e-08 252968 3.8577e+08
-2.0917e-08 287154 4.37899e+08
-2.2244e-09 273661 4.17324e+08
-4.37012e-10 260168 3.96749e+08
-2.73303e-10 246676 3.76174e+08
-2.86946e-10 233183 3.55599e+08
-1.7053e-10 219691 3.35024e+08
-2.45109e-10 206198 3.14449e+08
-1.23691e-10 192706 2.93874e+08
-1.81899e-10 179214 2.73299e+08
-1.10617e-10 165722 2.52724e+08
-1.1039e-10 152230 2.32149e+08
-1.3614e-10 138738 2.11574e+08
-1.13062e-10 125246 1.90999e+08
-7.32712e-11 111754 1.70424e+08
-2.10321e-11 98261.8 1.49849e+08
-1.46372e-11 84770 1.29274e+08
-8.1144e-12 71278.2 1.08699e+08
-8.3844e-12 57786.4 8.81242e+07
-4.33431e-13 44294.7 6.75494e+07
-1.04414e-11 30803 4.69745e+07
-3.91509e-12 17311.3 2.63997e+07
2.07029e-12 3819.55 5.82481e+06
-3.91065e-12 -9672.15 -1.475e+07
-9.23706e-13 -23163.9 -3.53249e+07
2.4869e-13 -36655.6 -5.58997e+07
-1.79554e-11 -50147.3 -7.64746e+07
-2.79954e-11 -63639.1 -9.70495e+07
3.49587e-12 -77130.8 -1.17624e+08
-5.21823e-11 -90622.6 -1.38199e+08
-1.0067e-10 -104114 -1.58774e+08
-6.80416e-11 -117606 -1.79349e+08
-7.4408e-11 -131098 -1.99924e+08
-1.09367e-10 -144590 -2.20499e+08
-9.44738e-11 -158082 -2.41074e+08
-1.12095e-10 -171574 -2.61649e+08
-1.36083e-10 -185067 -2.82224e+08
-1.88265e-10 -198559 -3.02799e+08
-1.5666e-10 -212051 -3.23374e+08
-2.44881e-10 -225543 -3.43949e+08
-2.26237e-10 -239036 -3.64524e+08
-3.34694e-10 -252529 -3.85099e+08
-3.61069e-10 -266021 -4.05674e+08
-3.84944e-10 -279514 -4.2625e+08
-4.12001e-10 -293007 -4.46825e+08
-3.28941e-09 -269426 -4.10866e+08
-2.33467e-09 -245845 -3.74907e+08
-1.99339e-09 -222265 -3.38949e+08
-1.57331e-09 -198684 -3.0299e+08
-1.21508e-09 -175104 -2.67032e+08
-9.86233e-10 -151525 -2.31073e+08
-6.38693e-10 -127945 -1.95115e+08
-4.9846e-10 -104365 -1.59157e+08
-2.87486e-10 -80786.1 -1.23199e+08
-1.23833e-10 -57206.9 -8.72405e+07
-5.4527e-11 -33627.8 -5.12823e+07
-5.22071e-12 -10048.6 -1.53242e+07
-9.62519e-12 13530.5 2.0634e+07
-6.06661e-11 37109.6 5.65921e+07
-1.73827e-10 60688.8 9.25503e+07
-3.31113e-10 84268 1.28508e+08
-5.64626e-10 107847 1.64467e+08
-7.78584e-10 131427 2.00425e+08
-1.08128e-09 155006 2.36383e+08
-1.58786e-09 178586 2.72342e+08
-2.05796e-09 202166 3.083e+08
-2.6123e-09 225747 3.44259e+08
-3.23553e-09 249327 3.80217e+08
-3.92015e-09 272908 4.16176e+08
-4.53201e-09 296489 4.52135e+08
-1.48309e-05 310431 4.73393e+08
-1.97327e-05 317822 4.84663e+08
-3.41275e-05 323572 4.93429e+08
1.87971e-05 327828 4.99916e+08
5.3401e-08 295131 4.50059e+08
-3.24326e-09 262428 4.00191e+08
-1.597e-08 229726 3.50324e+08
-1.75091e-08 197024 3.00456e+08
-1.48101e-08 164323 2.50589e+08
-1.07959e-08 131622 2.00722e+08
-7.21752e-09 98922.2 1.50855e+08
-4.35406e-09 66222.4 1.00989e+08
-2.27706e-09 33522.7 5.1122e+07
-9.66668e-10 823.266 1.25548e+06
-2.29875e-10 -31876.1 -4.8611e+07
3.74323e-12 -64575.4 -9.84775e+07
-1.75461e-10 -97274.7 -1.48344e+08
-7.20689e-10 -129974 -1.9821e+08
-1.58985e-09 -162674 -2.48077e+08
-2.75293e-09 -195374 -2.97944e+08
-2.4709e-06 -225859 -3.44432e+08
-0.000136719 -245599 -3.74535e+08
-0.000162656 -258751 -3.94589e+08
-0.000131485 -271659 -4.14272e+08
-0.00034338 -283544 -4.32394e+08
-0.000291801 -292283 -4.45718e+08
-0.00023056 -300773 -4.58662e+08
-0.000464083 -308328 -4.70181e+08
1.95155e-06 -278199 -4.24239e+08
-4.54456e-06 -248071 -3.78296e+08
-1.99144e-05 -217942 -3.32353e+08
-5.86806e-08 -187814 -2.86411e+08
2.83455e-09 -157687 -2.40469e+08
-6.30359e-09 -127560 -1.94527e+08
-3.22376e-09 -97433.7 -1.48585e+08
-2.55571e-09 -67307.5 -1.02643e+08
-1.67067e-09 -37181.6 -5.67018e+07
-1.00123e-09 -7055.9 -1.07602e+07
-4.7622e-10 23069.7 3.51812e+07
-1.74019e-10 53195.2 8.11227e+07
-4.40359e-12 83320.7 1.27064e+08
-4.56879e-11 113446 1.73005e+08
-3.58682e-10 143572 2.18947e+08
-4.84464e-07 172922 2.63705e+08
-6.64396e-05 193812 2.95563e+08
-0.000136462 208068 3.17302e+08
-0.000107961 222035 3.386e+08
-8.92677e-05 235725 3.59476e+08
-0.000129315 248319 3.78681e+08
-0.000179615 258498 3.94202e+08
-0.000150404 268355 4.09232e+08
-0.00012741 277908 4.23796e+08
-0.00010782 287172 4.37922e+08
-0.000207598 294201 4.48638e+08
-4.93021e-07 256900 3.91759e+08
-1.04355e-06 219600 3.34881e+08
-3.97308e-06 182301 2.78004e+08
-5.25535e-05 145003 2.21126e+08
3.40997e-07 107705 1.64249e+08
-3.00208e-07 70408.4 1.07372e+08
-3.62473e-07 33111.8 5.04952e+07
-4.97895e-07 -4184.54 -6.38141e+06
-8.92297e-07 -41480.7 -6.3258e+07
-2.76657e-06 -78776.7 -1.20134e+08
-2.62948e-05 -116073 -1.77011e+08
-6.07606e-05 -152732 -2.32916e+08
-0.000330396 -176917 -2.69798e+08
-0.000325106 -195538 -2.98193e+08
-0.000247418 -213698 -3.25886e+08
-0.000696972 -230085 -3.50875e+08
-0.000531672 -243958 -3.7203e+08
-0.000400933 -257290 -3.92358e+08
-0.000308435 -270107 -4.11902e+08
-0.000689951 -281817 -4.29756e+08
-0.000811295 -290858 -4.4354e+08
4.15647e-06 -259529 -3.95768e+08
-1.50495e-05 -228200 -3.47994e+08
-3.23448e-08 -196871 -3.0022e+08
-2.46723e-09 -165542 -2.52447e+08
-7.78039e-09 -134214 -2.04674e+08
-4.78167e-09 -102887 -1.56901e+08
-3.78094e-09 -71559.9 -1.09128e+08
-2.53917e-09 -40233.2 -6.13553e+07
-1.63776e-09 -8906.7 -1.35827e+07
-9.31422e-10 22419.6 3.41899e+07
-3.13527e-10 53745.8 8.19623e+07
-2.7228e-11 85072 1.29735e+08
-1.25127e-11 116398 1.77507e+08
-6.0156e-07 147014 2.24197e+08
-0.000149526 167539 2.55497e+08
-0.000146367 183707 2.80153e+08
-0.00012014 199541 3.04298e+08
-0.000178436 214380 3.26927e+08
-0.000224941 226908 3.46032e+08
-0.00018508 239030 3.64515e+08
-0.000156658 250756 3.82395e+08
-0.000132567 262100 3.99694e+08
-0.000112284 273078 4.16432e+08
-0.000269992 281558 4.2936e+08
-0.00029531 289531 4.41516e+08
-1.90227e-07 263410 4.01685e+08
-1.80198e-07 237288 3.61854e+08
-1.58462e-07 211168 3.22022e+08
-1.23314e-07 185047 2.82191e+08
-7.85708e-08 158928 2.4236e+08
-3.73645e-08 132808 2.02529e+08
-1.31652e-08 106689 1.62698e+08
-4.48603e-09 80569.7 1.22868e+08
-2.23028e-09 54450.9 8.30371e+07
-1.37013e-09 28332.3 4.32066e+07
-8.4624e-10 2213.9 3.37619e+06
-4.82096e-10 -23904.4 -3.64542e+07
-2.23778e-10 -50022.7 -7.62846e+07
-2.2375e-11 -76140.9 -1.16115e+08
4.98819e-11 -102259 -1.55945e+08
-3.7673e-11 -128377 -1.95776e+08
-1.72806e-06 -153011 -2.33341e+08
-9.14266e-05 -169796 -2.58939e+08
-9.46297e-05 -183425 -2.79723e+08
-7.76883e-05 -196820 -3.00149e+08
-0.000166541 -209525 -3.19523e+08
-0.000165542 -220334 -3.36007e+08
-0.000141878 -230853 -3.52047e+08
-0.000120853 -241087 -3.67652e+08
-0.000103108 -251043 -3.82834e+08
-8.81534e-05 -260729 -3.97603e+08
-7.5546e-05 -270152 -4.11971e+08
-0.000295893 -277747 -4.23551e+08
-0.000234047 -284811 -4.3432e+08
-0.000206145 -291592 -4.44659e+08
4.85261e-07 -263602 -4.01977e+08
-4.19172e-07 -235611 -3.59296e+08
-1.11955e-07 -207621 -3.16614e+08
2.06228e-09 -179632 -2.73933e+08
-6.44786e-09 -151643 -2.31252e+08
-3.75655e-09 -123655 -1.88571e+08
-3.15134e-09 -95666.8 -1.4589e+08
-2.3843e-09 -67679 -1.0321e+08
-1.6571e-09 -39691.4 -6.0529e+07
-1.12841e-09 -11704 -1.78485e+07
-6.54722e-10 16283.3 2.4832e+07
-3.15673e-10 44270.4 6.75123e+07
-9.28182e-11 72257.5 1.10193e+08
-2.58105e-12 100245 1.52873e+08
-7.32001e-11 128232 1.95553e+08
-2.60433e-07 155683 2.37417e+08
-0.00010513 173846 2.65115e+08
-9.69209e-05 188490 2.87447e+08
-8.18157e-05 202865 3.09367e+08
-0.000142449 215287 3.2831e+08
-0.000156268 226858 3.45954e+08
-0.000136577 238095 3.6309e+08
-0.000116508 249007 3.79729e+08
-0.000100229 259602 3.95884e+08
-0.000226818 269693 4.11271e+08
-0.000256627 277784 4.23608e+08
-0.000229833 285531 4.3542e+08
-0.000210663 292948 4.46727e+08
-3.10538e-08 277874 4.23742e+08
-6.27779e-09 262800 4.00756e+08
-1.47202e-09 247726 3.7777e+08
-8.79481e-10 232653 3.54785e+08
-7.29869e-10 217579 3.31799e+08
-7.59201e-10 202506 3.08813e+08
-6.89397e-10 187432 2.85828e+08
-7.41238e-10 172359 2.62842e+08
-5.02723e-10 157286 2.39857e+08
-5.92536e-10 142213 2.16872e+08
-3.76303e-10 127140 1.93886e+08
-3.41515e-10 112068 1.70901e+08
-3.35035e-10 96994.9 1.47916e+08
-2.69551e-10 81922.4 1.24931e+08
-2.17938e-10 66849.9 1.01945e+08
-2.26834e-10 51777.5 7.89602e+07
-1.01991e-10 36705.1 5.59751e+07
-1.54763e-10 21632.8 3.29899e+07
-6.92566e-11 6560.57 1.00048e+07
-6.69793e-11 -8511.65 -1.29802e+07
-4.14033e-11 -23583.8 -3.59653e+07
-4.44018e-11 -38656 -5.89504e+07
-4.90346e-11 -53728.1 -8.19354e+07
1.72378e-11 -68800.3 -1.0492e+08
2.31282e-12 -83872.4 -1.27905e+08
2.27063e-11 -98944.5 -1.5089e+08
4.27178e-11 -114017 -1.73876e+08
-4.74785e-11 -129089 -1.96861e+08
-1.5774e-11 -144161 -2.19846e+08
-9.33085e-11 -159233 -2.42831e+08
-3.05104e-06 -170722 -2.60351e+08
-2.02915e-05 -179797 -2.7419e+08
-1.24104e-05 -187720 -2.86272e+08
-1.09964e-05 -195563 -2.98232e+08
-9.88847e-06 -203328 -3.10074e+08
-2.64231e-05 -210751 -3.21393e+08
-2.36669e-05 -217183 -3.31202e+08
-2.16416e-05 -223517 -3.4086e+08
-1.98238e-05 -229752 -3.50368e+08
-1.81654e-05 -235890 -3.59727e+08
-1.66517e-05 -241931 -3.6894e+08
-1.52709e-05 -247878 -3.78007e+08
-1.40116e-05 -253730 -3.86932e+08
-1.28632e-05 -259490 -3.95715e+08
-1.18162e-05 -265160 -4.04359e+08
-2.3142e-05 -270251 -4.12123e+08
-3.53688e-05 -274749 -4.1898e+08
-3.38324e-05 -279143 -4.2568e+08
-3.2133e-05 -283436 -4.32225e+08
-3.04882e-05 -287629 -4.38618e+08
-2.8902e-05 -291725 -4.44863e+08
-2.7374e-05 -295725 -4.50962e+08
6.21139e-08 -263712 -4.02146e+08
-4.65191e-08 -231700 -3.53331e+08
-3.82397e-09 -199688 -3.04516e+08
-1.03312e-08 -167676 -2.55701e+08
-6.52017e-09 -135665 -2.06887e+08
-5.29315e-09 -103655 -1.58072e+08
-3.86729e-09 -71645.2 -1.09258e+08
-2.62148e-09 -39635.5 -6.04439e+07
-1.59766e-09 -7626.17 -1.16299e+07
-7.90841e-10 24383 3.71841e+07
-3.22956e-10 56392.1 8.5998e+07
-3.66889e-11 88401.2 1.34812e+08
-3.17684e-11 120410 1.83626e+08
-4.11717e-10 152419 2.3244e+08
-1.74014e-05 179623 2.73925e+08
-0.000185063 196639 2.99874e+08
-0.000206286 213008 3.24835e+08
-0.000271696 226617 3.45588e+08
-0.00021373 239782 3.65664e+08
-0.000183073 252513 3.85076e+08
-0.000154784 264820 4.03842e+08
-0.000363776 274913 4.19232e+08
-0.000378081 284286 4.33522e+08
-0.000345534 293204 4.47119e+08
-0.000307694 301686 4.60051e+08
-0.000277318 309754 4.7235e+08
9.64716e-06 317108 4.83559e+08
-0.00124171 322988 4.92522e+08
-0.000861962 328488 5.00904e+08
-0.000933631 333633 5.08746e+08
-0.000881288 338450 5.16085e+08
5.15659e-07 303163 4.62283e+08
3.52584e-06 267877 4.08481e+08
-1.8033e-08 232593 3.5468e+08
-5.55269e-08 197309 3.00879e+08
-7.2296e-08 162027 2.47079e+08
-7.76063e-08 126745 1.93279e+08
-7.42928e-08 91464.8 1.39479e+08
-6.45921e-08 56185 8.56798e+07
-5.09348e-08 20905.9 3.18807e+07
-3.63275e-08 -14372.7 -2.19181e+07
-2.34643e-08 -49650.8 -7.57166e+07
-1.39335e-08 -84928.5 -1.29515e+08
-7.67579e-09 -120206 -1.83313e+08
-2.12791e-05 -151090 -2.30411e+08
-0.000423484 -170945 -2.60691e+08
-0.000690424 -189357 -2.88769e+08
-0.000601452 -205444 -3.13303e+08
-0.00048447 -220979 -3.36993e+08
-0.00148188 -235214 -3.58701e+08
-0.0015165 -247675 -3.77703e+08
-0.00138515 -259515 -3.95759e+08
-0.00121168 -270752 -4.12894e+08
-0.00104106 -281404 -4.29136e+08
-0.000886831 -291492 -4.44519e+08
-0.000752037 -301043 -4.5908e+08
-0.00364627 -309461 -4.71915e+08
-0.00412972 -316561 -4.82739e+08
-0.0041341 -323163 -4.92803e+08
-0.00387167 -329300 -5.02158e+08
-0.00349849 -335008 -5.10858e+08
-0.00310111 -340319 -5.18952e+08
-0.00272272 -345267 -5.26491e+08
-0.00238081 -349882 -5.33523e+08
-0.00207933 -354196 -5.40095e+08
4.44777e-05 -317845 -4.84671e+08
3.20402e-07 -281495 -4.29247e+08
-2.82354e-07 -245146 -3.73823e+08
6.61357e-08 -208798 -3.18399e+08
-7.93173e-08 -172452 -2.62976e+08
-7.64794e-09 -136106 -2.07554e+08
-2.97214e-08 -99761.6 -1.52131e+08
-1.67649e-08 -63417.8 -9.67096e+07
-1.59215e-08 -27074.6 -4.1288e+07
-1.18696e-08 9267.89 1.41333e+07
-9.04501e-09 45609.9 6.95544e+07
-6.42001e-09 81951.5 1.24975e+08
-4.07698e-09 118293 1.80396e+08
-1.36975e-05 151203 2.30584e+08
-0.000289551 172666 2.63315e+08
-0.000281796 192110 2.92968e+08
-0.000397692 209075 3.18839e+08
-0.000746005 225070 3.43232e+08
-0.00088207 238964 3.6442e+08
-0.000739756 252182 3.84576e+08
-0.000700163 264732 4.03714e+08
-0.000630502 276631 4.21858e+08
-0.000575326 287897 4.39036e+08
-0.00183025 298025 4.5448e+08
-0.0018788 306729 4.6775e+08
-0.00185481 314823 4.8009e+08
-0.00180708 322341 4.91551e+08
-0.00177018 329318 5.02186e+08
-0.0017095 335790 5.12051e+08
-0.00164613 341794 5.21202e+08
-0.00157067 347367 5.29694e+08
1.23009e-08 352544 5.37583e+08
-0.00191452 357361 5.44922e+08
1.00863e-05 339960 5.1839e+08
-9.74978e-10 322558 4.91858e+08
-4.27599e-09 305157 4.65326e+08
-4.62251e-09 287756 4.38793e+08
-4.34738e-09 270355 4.12261e+08
-3.98313e-09 252954 3.85729e+08
-3.9463e-09 235554 3.59198e+08
-3.45153e-09 218154 3.32666e+08
-3.10092e-09 200754 3.06134e+08
-2.86036e-09 183355 2.79603e+08
-2.55773e-09 165956 2.53071e+08
-2.25691e-09 148557 2.2654e+08
-2.20166e-09 131158 2.00008e+08
-2.13618e-09 113759 1.73477e+08
-1.79102e-09 96361.1 1.46946e+08
-1.59434e-09 78962.9 1.20415e+08
-1.42109e-09 61564.9 9.38842e+07
-1.14818e-09 44167.1 6.73533e+07
-1.10401e-09 26769.3 4.08225e+07
-9.46805e-10 9371.76 1.42917e+07
-7.52891e-10 -8025.7 -1.2239e+07
-5.397e-10 -25423 -3.87697e+07
-5.65734e-10 -42820.3 -6.53003e+07
-4.66287e-10 -60217.5 -9.18309e+07
-4.87944e-10 -77614.5 -1.18361e+08
-2.72564e-10 -95011.5 -1.44892e+08
-1.38016e-10 -112408 -1.71422e+08
-2.47383e-10 -129805 -1.97953e+08
-4.78053e-11 -147202 -2.24483e+08
-2.73051e-06 -161728 -2.46634e+08
-2.56811e-05 -173053 -2.63905e+08
-1.56409e-05 -182748 -2.78691e+08
-1.41319e-05 -192336 -2.93313e+08
-3.68633e-05 -201760 -3.07684e+08
-3.39797e-05 -209932 -3.20147e+08
-3.16653e-05 -217968 -3.32401e+08
-2.94345e-05 -225868 -3.44449e+08
-0.000150245 -233203 -3.55635e+08
-9.28927e-05 -239940 -3.65908e+08
-8.61276e-05 -246520 -3.75942e+08
-8.20589e-05 -252944 -3.85739e+08
-7.82214e-05 -259213 -3.95298e+08
-7.44886e-05 -265328 -4.04624e+08
-7.08572e-05 -271292 -4.13717e+08
-6.73291e-05 -277104 -4.2258e+08
-6.39066e-05 -282768 -4.31216e+08
-6.0592e-05 -288285 -4.39629e+08
-0.000499562 -293377 -4.47394e+08
-0.0002791 -297997 -4.54438e+08
-0.000258514 -302465 -4.6125e+08
-0.0002538 -306784 -4.67835e+08
-0.000249996 -310957 -4.74198e+08
-0.000245848 -314988 -4.80343e+08
-0.000241272 -318880 -4.86276e+08
-0.000236295 -322637 -4.92003e+08
-0.000230952 -326262 -4.9753e+08
-0.000225279 -329759 -5.02861e+08
-0.000219319 -333133 -5.08004e+08
-0.000213111 -336387 -5.12964e+08
-0.000206697 -339525 -5.17747e+08
-0.000200117 -342551 -5.2236e+08
-0.000193415 -345470 -5.26808e+08
-0.000186623 -348285 -5.31099e+08
-0.000179786 -351001 -5.35237e+08
-0.000172931 -353621 -5.3923e+08
-0.000166098 -356150 -5.43083e+08
-0.000159312 -358591 -5.46802e+08
-0.000152597 -360947 -5.50393e+08
-0.000145986 -363224 -5.53861e+08
8.05173e-07 -331742 -5.05861e+08
-1.09465e-06 -300261 -4.57861e+08
-6.77282e-07 -268781 -4.09862e+08
-1.93368e-07 -237302 -3.61863e+08
9.35279e-09 -205824 -3.13864e+08
-2.92976e-08 -174347 -2.65866e+08
-1.28332e-08 -142870 -2.17868e+08
-1.47968e-08 -111394 -1.6987e+08
-1.15663e-08 -79918.9 -1.21873e+08
-9.98131e-09 -48444.2 -7.38758e+07
-8.10553e-09 -16970 -2.58788e+07
-6.43949e-09 14503.8 2.2118e+07
-4.85221e-09 45977.3 7.01147e+07
-3.59745e-09 77450.4 1.18111e+08
-2.37077e-09 108923 1.66108e+08
-1.45701e-09 140396 2.14104e+08
-6.74723e-06 168947 2.57644e+08
-0.000154695 188190 2.8699e+08
-9.30106e-05 205469 3.13341e+08
-0.000214968 220755 3.36651e+08
-0.000191279 235060 3.58466e+08
-0.000590585 247487 3.77417e+08
-0.000472017 259235 3.95333e+08
-0.000468995 270476 4.12473e+08
-0.000424622 281215 4.28849e+08
-0.00141984 291199 4.44073e+08
-0.00142277 299897 4.57335e+08
-0.00140101 308089 4.69825e+08
-0.00137909 315792 4.8157e+08
-0.00135203 323026 4.92599e+08
-0.00132082 329811 5.02943e+08
-0.00128512 336170 5.12637e+08
-0.00124514 342126 5.21715e+08
-0.00120104 347702 5.30214e+08
-0.00115317 352923 5.38171e+08
-0.00110197 357812 5.45621e+08
-0.00104801 362394 5.52602e+08
-0.000991909 366690 5.59148e+08
-0.000934355 370724 5.65293e+08
0.00247127 374466 5.70993e+08
5.74006e-07 377459 5.7555e+08
-0.00777829 380223 5.79757e+08
-0.0050417 382798 5.83676e+08
-0.00623682 385202 5.87334e+08
-0.00604466 387451 5.90755e+08
-1.90994e-10 349730 5.33249e+08
-1.68698e-07 312011 4.75745e+08
-3.53472e-07 274293 4.1824e+08
-6.38659e-07 236578 3.60737e+08
-1.27992e-06 198864 3.03234e+08
-3.65343e-06 161151 2.45732e+08
-2.36619e-05 123440 1.88231e+08
1.37594e-07 85730.7 1.3073e+08
-1.75213e-08 48022.4 7.32297e+07
-7.06752e-08 10315.2 1.57299e+07
-9.85425e-08 -27390.9 -4.17694e+07
-1.10171e-07 -65096.2 -9.92683e+07
-1.08681e-07 -102801 -1.56767e+08
-9.5529e-08 -140505 -2.14265e+08
-0.000173289 -170448 -2.59929e+08
-0.000187819 -191674 -2.923e+08
-0.000611507 -211345 -3.22299e+08
-0.000530879 -228951 -3.4915e+08
-0.0027669 -244339 -3.72617e+08
-0.00221734 -258728 -3.9456e+08
-0.00186002 -272383 -4.15385e+08
4.30281e-08 -284544 -4.33931e+08
-0.00403703 -295553 -4.50719e+08
-0.00712823 -305819 -4.66374e+08
-1.61924e-09 -315368 -4.80936e+08
-0.00366336 -324232 -4.94452e+08
-0.00590602 -332446 -5.06975e+08
-0.00688689 -340046 -5.18563e+08
-0.00690302 -347072 -5.29275e+08
-0.00631657 -353566 -5.39174e+08
-0.00546121 -359567 -5.48322e+08
-0.00457536 -365117 -5.56782e+08
-0.00378591 -370256 -5.64613e+08
1.67429e-08 -374888 -5.7167e+08
9.06039e-09 -378633 -5.77375e+08
8.1227e-09 -382065 -5.82602e+08
4.14639e-09 -385216 -5.874e+08
6.49379e-10 -388117 -5.91817e+08
-5.32689e-06 -390096 -5.94824e+08
0.000160573 -391199 -5.96494e+08
0.000613287 -391674 -5.97204e+08
0.0012557 -391650 -5.97151e+08
0.00198251 -390839 -5.95896e+08
5.06784e-05 -357684 -5.45353e+08
1.84681e-07 -324530 -4.9481e+08
-2.1543e-07 -291377 -4.44268e+08
5.02478e-08 -258226 -3.93727e+08
-1.05982e-07 -225076 -3.43186e+08
-1.0476e-08 -191927 -2.92646e+08
-5.61304e-08 -158780 -2.42106e+08
-2.80761e-08 -125633 -1.91567e+08
-3.61888e-08 -92488.2 -1.41028e+08
-2.78789e-08 -59343.9 -9.04898e+07
-2.64557e-08 -26200.4 -3.99518e+07
-2.27252e-08 6942.18 1.05859e+07
-2.01482e-08 40084.1 6.11232e+07
-1.72411e-08 73225.3 1.1166e+08
-1.44406e-08 106366 1.62197e+08
-1.19414e-08 139506 2.12733e+08
-0.00329173 166629 2.54096e+08
-6.19977e-06 185299 2.82569e+08
0.000439209 202195 3.08335e+08
0.0026403 217073 3.31026e+08
-0.000127272 230472 3.51462e+08
-0.00247537 243368 3.7113e+08
-0.000316659 255269 3.8928e+08
-5.97376e-07 266171 4.05907e+08
-0.000687432 276487 4.21641e+08
-0.000794667 286195 4.36447e+08
-0.00256216 295145 4.50096e+08
-0.00189302 303620 4.6302e+08
-0.00226687 311636 4.75245e+08
-0.00242394 319209 4.86793e+08
-0.00258996 326356 4.97691e+08
-0.00274182 333095 5.07966e+08
-0.00251106 339869 5.18293e+08
-2.37852e-07 346725 5.28746e+08
-0.00157426 352978 5.38278e+08
-0.000775866 358774 5.47114e+08
-0.00135641 364143 5.55298e+08
-0.00115743 369114 5.62875e+08
-0.00136983 373715 5.69887e+08
2.30637e-07 377937 5.76321e+08
6.82982e-06 381320 5.81473e+08
-2.67384e-06 383572 5.84897e+08
0.000178881 385204 5.87376e+08
0.000424502 386309 5.89048e+08
0.00192634 386633 5.89527e+08
0.0022467 386332 5.89053e+08
0.00445119 385586 5.87897e+08
0.00194527 384518 5.86249e+08
0.00218119 383535 5.84732e+08
8.66396e-05 356874 5.44091e+08
-1.2864e-07 330214 5.03452e+08
-1.13176e-07 303555 4.62812e+08
-1.04203e-07 276897 4.22173e+08
-9.60963e-08 250240 3.81534e+08
-8.77849e-08 223584 3.40896e+08
-7.88827e-08 196929 3.00258e+08
-6.98392e-08 170275 2.59621e+08
-6.09955e-08 143621 2.18984e+08
-5.29058e-08 116968 1.78347e+08
-4.57012e-08 90316.3 1.3771e+08
-3.90994e-08 63664.9 9.70743e+07
-3.35568e-08 37014.1 5.64384e+07
-2.87336e-08 10363.9 1.58028e+07
-2.42422e-08 -16285.7 -2.48325e+07
-2.05446e-08 -42934.8 -6.54675e+07
-1.72333e-08 -69583.5 -1.06102e+08
-1.43335e-08 -96231.7 -1.46737e+08
-1.20199e-08 -122880 -1.87371e+08
3.04066e-06 -148527 -2.26481e+08
-1.37388e-05 -172019 -2.62306e+08
-1.19646e-05 -189511 -2.88981e+08
-4.94164e-06 -204243 -3.11445e+08
0.00197689 -218113 -3.32597e+08
-1.16526e-05 -230594 -3.51631e+08
-6.41455e-07 -241795 -3.68714e+08
-8.42266e-06 -251896 -3.84119e+08
-2.58732e-05 -261406 -3.98623e+08
5.86394e-06 -270031 -4.11778e+08
-1.16672e-05 -277839 -4.23686e+08
-1.05191e-05 -285292 -4.35055e+08
-9.33071e-06 -292415 -4.4592e+08
-1.87988e-05 -299174 -4.56229e+08
-1.05416e-05 -305414 -4.65746e+08
-9.69849e-06 -311392 -4.74864e+08
-8.93876e-06 -317145 -4.83637e+08
-1.87468e-05 -322736 -4.92162e+08
-0.000591404 -328066 -5.00291e+08
-0.0024551 -332810 -5.07526e+08
-0.003376 -337300 -5.14375e+08
6.80029e-09 -341963 -5.21486e+08
-0.00157821 -346345 -5.28168e+08
-0.00210953 -350469 -5.34457e+08
-0.00224645 -354350 -5.40375e+08
-0.00224554 -358004 -5.45946e+08
-0.0021951 -361444 -5.51191e+08
-0.00212493 -364685 -5.56132e+08
-0.00204562 -367739 -5.60789e+08
-1.87709e-06 -370212 -5.64557e+08
-0.0010983 -372087 -5.67414e+08
-8.98268e-07 -373405 -5.69418e+08
-2.78242e-06 -374388 -5.70909e+08
0.000414968 -374747 -5.71448e+08
0.000307952 -374725 -5.71404e+08
0.000567591 -374390 -5.70883e+08
9.26852e-05 -373796 -5.69967e+08
0.00115549 -372998 -5.68737e+08
0.000733762 -372083 -5.67328e+08
0.000295483 -371254 -5.66051e+08
0.000204239 -370335 -5.64637e+08
0.00034686 -369353 -5.63126e+08
-2.07968e-06 -332408 -5.06807e+08
-7.66419e-06 -295465 -4.50489e+08
-2.78496e-08 -258523 -3.94171e+08
-1.30942e-07 -221584 -3.37855e+08
-4.73583e-08 -184646 -2.81539e+08
-9.03342e-08 -147710 -2.25224e+08
-5.40167e-08 -110776 -1.6891e+08
-6.52702e-08 -73842.9 -1.12596e+08
-5.04203e-08 -36911.4 -5.62833e+07
-4.89948e-08 18.9043 28826
-4.18189e-08 36948 5.63404e+07
-3.71903e-08 73876.2 1.12651e+08
-3.18771e-08 110803 1.68962e+08
8.10154e-07 146610 2.23565e+08
9.3336e-05 178405 2.72053e+08
-0.000435585 203523 3.10359e+08
-2.38765e-05 223596 3.40971e+08
-3.24137e-05 241685 3.6856e+08
-9.02756e-05 257293 3.92364e+08
-2.27151e-05 271399 4.1388e+08
-0.000873736 283952 4.33027e+08
-2.89741e-05 295136 4.50087e+08
-3.24125e-05 305675 4.66163e+08
-2.72541e-05 315608 4.81314e+08
-5.8021e-05 324797 4.9533e+08
4.77644e-05 331922 5.06196e+08
-3.04012e-05 336885 5.13763e+08
-0.00316221 341206 5.20351e+08
-3.7537e-06 344934 5.26033e+08
6.30752e-06 348098 5.30853e+08
0.000141336 350782 5.34942e+08
0.000172759 353065 5.38418e+08
0.00227612 354848 5.41131e+08
0.000327087 356216 5.43208e+08
-0.00399322 357535 5.45207e+08
0.000506487 358045 5.45971e+08
0.0011361 358152 5.4612e+08
0.00163513 357950 5.45796e+08
0.00215302 357522 5.45128e+08
0.00265273 356937 5.44219e+08
0.00307232 356250 5.43156e+08
0.00195036 355575 5.42109e+08
0.00145476 354908 5.41075e+08
3.22073e-05 353754 5.39292e+08
0.00970179 352376 5.37167e+08
0.00180328 350830 5.34785e+08
0.00186286 349229 5.32318e+08
0.00201811 347611 5.29825e+08
0.00219626 346006 5.27352e+08
0.00233854 344436 5.24932e+08
0.00239864 342918 5.22591e+08
0.00176579 341487 5.20384e+08
0.000970134 340023 5.18123e+08
8.22016e-05 338336 5.15519e+08
0.000176872 336704 5.12998e+08
0.000197204 335132 5.1057e+08
2.98164e-06 294165 4.48174e+08
3.28399e-06 253203 3.85781e+08
5.0779e-06 212247 3.23392e+08
1.05455e-05 171296 2.61005e+08
-1.34105e-09 130349 1.98621e+08
-1.13057e-06 89407.8 1.3624e+08
-4.73083e-06 48470.8 7.38626e+07
3.11942e-09 7538.27 1.14876e+07
-0.000968905 -31972.8 -4.8725e+07
-0.000248892 -67543.6 -1.02937e+08
-0.000317984 -101643 -1.54911e+08
-0.000405765 -133688 -2.03758e+08
-0.00535215 -163120 -2.48627e+08
3.93741e-05 -184884 -2.8181e+08
-0.00315071 -202612 -3.08842e+08
0.00282236 -218600 -3.33226e+08
-0.00333522 -233675 -3.56218e+08
0.000180758 -247042 -3.76608e+08
-0.00307441 -259626 -3.95804e+08
-0.00274059 -271527 -4.13961e+08
-0.00496006 -282648 -4.30928e+08
-0.00525361 -292292 -4.45644e+08
2.8858e-06 -299984 -4.57383e+08
-0.00480523 -306175 -4.66831e+08
2.72146e-05 -311726 -4.75301e+08
3.4875e-05 -316727 -4.82934e+08
0.000380028 -321016 -4.89477e+08
-2.31806e-06 -324447 -4.94712e+08
7.1307e-06 -327452 -4.99294e+08
-3.7152e-06 -330288 -5.03617e+08
-0.000177145 -332892 -5.07587e+08
-3.50879e-06 -334730 -5.10386e+08
5.53778e-06 -336254 -5.12706e+08
0.00228015 -337058 -5.13922e+08
-0.00803762 -337315 -5.14301e+08
-0.00111742 -337437 -5.14472e+08
9.15925e-05 -337380 -5.14371e+08
-0.000217749 -337370 -5.1434e+08
8.67219e-05 -337179 -5.14032e+08
0.0179712 -336239 -5.12575e+08
7.36707e-05 -335121 -5.10847e+08
4.21875e-05 -333929 -5.09004e+08
-0.00030031 -332724 -5.07139e+08
5.46412e-06 -331552 -5.05327e+08
-0.00309888 -330458 -5.03631e+08
-0.00333061 -329485 -5.02119e+08
0.00270486 -328521 -5.00623e+08
-0.00121215 -327494 -4.99028e+08
-7.43818e-05 -326341 -4.97239e+08
-4.49776e-05 -325182 -4.95442e+08
-3.00652e-05 -324029 -4.93651e+08
-1.97832e-05 -322852 -4.91825e+08
0.00158261 -321516 -4.89753e+08
-0.000270432 -320092 -4.87548e+08
-0.010368 -318625 -4.85276e+08
-0.0011904 -317151 -4.82994e+08
0.0184745 -315701 -4.80745e+08
-2.95586e-10 -274574 -4.18135e+08
-1.80412e-06 -233454 -3.55529e+08
1.13894e-06 -192339 -2.92926e+08
-5.71512e-06 -151230 -2.30327e+08
-9.7343e-06 -110127 -1.67732e+08
-7.44285e-09 -69028.6 -1.0514e+08
-1.2867e-06 -27935.6 -4.25512e+07
4.86966e-07 12167.7 1.85343e+07
-0.000414442 48080.2 7.32405e+07
-0.000329424 82340.4 1.25434e+08
-0.000945062 114808 1.74902e+08
-0.00130567 144188 2.19671e+08
7.41259e-05 169518 2.58274e+08
0.000139881 188605 2.87368e+08
-0.00425635 204390 3.11431e+08
-0.00324378 219285 3.34141e+08
-0.0106996 233388 3.55644e+08
-0.00523774 245626 3.74309e+08
-0.00423015 256824 3.91389e+08
-0.00369663 267366 4.0747e+08
-0.00323954 277305 4.22633e+08
-0.002994 286690 4.36952e+08
-0.000169518 293594 4.47487e+08
-0.0032286 299123 4.55925e+08
8.14644e-06 303153 4.62074e+08
3.07044e-05 306587 4.67314e+08
2.94854e-05 309546 4.71829e+08
7.0275e-08 312115 4.75749e+08
0.00443751 314397 4.7923e+08
-1.65338e-05 315901 4.81519e+08
-0.000181391 317150 4.8342e+08
-1.74038e-05 318014 4.84732e+08
-4.84513e-05 317985 4.84676e+08
-1.97802e-05 317686 4.84208e+08
-9.6585e-06 317322 4.83638e+08
2.5531e-06 316945 4.83049e+08
1.14086e-05 316595 4.825e+08
-0.000212438 316297 4.8203e+08
-0.000145869 315994 4.8155e+08
0.00013418 315537 4.80833e+08
0.00021919 315060 4.80086e+08
-0.0159694 314572 4.7932e+08
0.000785202 314088 4.78559e+08
0.000265705 313630 4.77836e+08
-2.41078e-05 313197 4.77151e+08
-8.16941e-06 312626 4.76253e+08
0.00259966 312035 4.75325e+08
0.00175995 311379 4.74296e+08
0.000925794 310452 4.72853e+08
0.000211592 309485 4.71346e+08
0.000149786 308499 4.69809e+08
0.000113561 307553 4.68333e+08
-0.0167069 306648 4.66917e+08
-0.00421718 305779 4.65557e+08
0.00314976 304960 4.64272e+08
0.0313579 304201 4.63077e+08
9.08585e-10 268111 4.08153e+08
-1.20901e-06 232025 3.53232e+08
-4.93555e-06 195945 2.98314e+08
-2.77564e-05 159869 2.434e+08
1.11832e-07 123798 1.88488e+08
-7.40609e-07 87731.2 1.33579e+08
-2.88851e-06 51668.7 7.8673e+07
-1.28246e-05 15610.3 2.37696e+07
8.01672e-06 -18720.6 -2.85066e+07
-0.000243651 -49606 -7.55399e+07
-0.000216522 -79279.4 -1.20731e+08
-0.000265412 -107667 -1.63968e+08
-9.54191e-05 -134630 -2.0504e+08
-0.000727447 -160315 -2.44169e+08
-7.40665e-05 -179331 -2.73142e+08
4.89228e-05 -192741 -2.93577e+08
-0.00265387 -203702 -3.10281e+08
-0.00308683 -214037 -3.26033e+08
4.10961e-05 -223511 -3.40475e+08
-0.00199367 -231353 -3.5243e+08
4.12729e-05 -238622 -3.63512e+08
3.28628e-05 -245460 -3.73939e+08
-0.00279832 -251887 -3.8374e+08
9.26873e-05 -256856 -3.91317e+08
2.15633e-06 -260917 -3.9751e+08
9.06571e-06 -264668 -4.0323e+08
7.26859e-06 -268156 -4.08548e+08
5.63964e-06 -271420 -4.13526e+08
-3.86424e-06 -274410 -4.18086e+08
-8.40703e-06 -276592 -4.21411e+08
1.23315e-05 -278610 -4.24486e+08
1.94177e-05 -280213 -4.26928e+08
0.00133144 -281171 -4.28382e+08
-0.00261462 -281960 -4.29577e+08
5.37925e-05 -282653 -4.30626e+08
1.63198e-05 -283281 -4.31575e+08
9.04689e-05 -283862 -4.32452e+08
0.0015401 -284414 -4.33283e+08
-7.38003e-05 -284741 -4.33771e+08
-0.000201529 -284974 -4.34113e+08
-0.0026906 -285160 -4.34383e+08
-0.0010374 -285310 -4.34598e+08
-0.0126563 -285437 -4.34776e+08
9.63367e-05 -285553 -4.34937e+08
-0.00011917 -285669 -4.35096e+08
0.00172516 -285686 -4.35104e+08
-0.000397207 -285589 -4.34938e+08
-2.61799e-07 -285464 -4.34729e+08
-1.35118e-07 -285331 -4.34506e+08
1.13209e-06 -285205 -4.34294e+08
1.39557e-06 -285100 -4.34113e+08
-0.000187019 -284866 -4.33733e+08
-3.72775e-05 -284586 -4.33283e+08
2.71954e-05 -284334 -4.32874e+08
1.45625e-05 -284062 -4.32434e+08
6.81553e-05 -283764 -4.31954e+08
-4.89372e-07 -283438 -4.3143e+08
6.43714e-05 -283125 -4.30925e+08
-1.66794e-05 -282832 -4.3045e+08
0.00126068 -282566 -4.30016e+08
0.000756591 -282310 -4.29596e+08
0.00654905 -281969 -4.29046e+08
-0.0012251 -281599 -4.28451e+08
-0.00126447 -281217 -4.27837e+08
0.000139107 -220875 -3.36056e+08
1.78086e-06 -160547 -2.44284e+08
7.40329e-10 -100233 -1.52522e+08
-8.19014e-06 -39932.6 -6.07674e+07
-0.00043498 15891.1 2.41837e+07
-0.00510626 66151.6 1.00679e+08
-0.00527057 112801 1.71691e+08
-0.00386359 155401 2.36549e+08
-1.14182e-05 186042 2.8321e+08
0.000430228 201776 3.07177e+08
-4.1115e-05 215382 3.27908e+08
0.000234962 224422 3.41683e+08
4.04621e-05 232608 3.5416e+08
0.000154579 239066 3.64002e+08
5.71256e-05 244266 3.71928e+08
0.0142084 249192 3.79436e+08
0.000139757 253538 3.86058e+08
0.000283882 256299 3.90261e+08
-9.83439e-05 258166 3.93096e+08
0.000129316 259874 3.95687e+08
-0.00709173 261470 3.98108e+08
0.000131403 262519 3.99692e+08
-0.00447916 262883 4.00227e+08
0.000143719 263030 4.00429e+08
-0.011716 263054 4.00442e+08
0.0244174 263029 4.00378e+08
-0.00636077 263057 4.00394e+08
0.000558735 263126 4.0047e+08
7.01086e-05 263249 4.00627e+08
8.94789e-05 263440 4.00887e+08
0.000589262 263614 4.01119e+08
-0.000465021 263563 4.01004e+08
-0.000599238 263240 4.00472e+08
-0.000267209 262777 3.99724e+08
-0.039861 262246 3.98871e+08
0.0185497 261714 3.98014e+08
0.00837578 261228 3.97228e+08
5.62262e-05 260853 3.96608e+08
0.0019736 260565 3.96119e+08
-1.92666e-07 260373 3.95776e+08
7.5193e-06 260285 3.95589e+08
-0.000307267 260136 3.95306e+08
-0.0001675 259854 3.9482e+08
-2.49223e-05 259596 3.94368e+08
0.000285366 259377 3.93972e+08
3.2978e-06 244818 3.71867e+08
3.0895e-06 222982 3.38711e+08
6.28e-06 190234 2.8898e+08
-1.34969e-09 141122 2.14391e+08
-8.21728e-10 82931.4 1.25999e+08
-2.93297e-05 25516.9 3.87715e+07
-0.00886251 -23493.1 -3.56997e+07
-0.00826952 -69039.3 -1.04922e+08
-0.00716906 -111203 -1.69017e+08
-0.00590778 -149664 -2.27497e+08
6.72121e-05 -176457 -2.68251e+08
0.00643523 -192320 -2.92391e+08
-2.79299e-05 -204380 -3.1075e+08
-2.90602e-06 -214179 -3.25672e+08
1.41465e-05 -221422 -3.36705e+08
1.85085e-05 -228013 -3.4675e+08
6.72848e-05 -233181 -3.54627e+08
2.70298e-05 -237204 -3.6076e+08
2.80435e-05 -240906 -3.66407e+08
0.00480442 -244325 -3.71622e+08
0.000567341 -245842 -3.73933e+08
0.000107317 -247036 -3.7575e+08
6.38698e-05 -248113 -3.77389e+08
5.84873e-06 -249050 -3.78813e+08
-0.000774044 -249484 -3.7947e+08
0.00486014 -249842 -3.80009e+08
0.0203974 -250164 -3.80493e+08
-0.00270716 -250480 -3.80967e+08
0.00348316 -250676 -3.81255e+08
-0.0043188 -250701 -3.8128e+08
-0.00088576 -250690 -3.81249e+08
-0.00140572 -250630 -3.8114e+08
0.00269867 -250545 -3.80993e+08
0.00251041 -250448 -3.80824e+08
0.00725513 -250168 -3.80375e+08
-0.00190698 -249860 -3.79882e+08
-0.00459762 -249563 -3.79405e+08
-0.00785087 -249305 -3.78985e+08
0.00152625 -249106 -3.78653e+08
-0.000100457 -248862 -3.78252e+08
-0.000179297 -248511 -3.77684e+08
-0.00021533 -248160 -3.77116e+08
0.000138996 -247823 -3.76565e+08
0.00030991 -247514 -3.76056e+08
-7.64255e-05 -247247 -3.7561e+08
-0.00041471 -247036 -3.75246e+08
-9.92325e-05 -246888 -3.74977e+08
-0.000211542 -246787 -3.7478e+08
0.000183812 -246630 -3.74493e+08
-0.00137063 -246455 -3.74179e+08
-0.000298679 -246291 -3.7388e+08
0.000461474 -246160 -3.7363e+08
5.86663e-05 -246079 -3.73456e+08
0.000273674 -245962 -3.73227e+08
8.15762e-07 -229343 -3.48018e+08
-1.98983e-06 -204418 -3.10207e+08
4.30516e-06 -167036 -2.53495e+08
-3.81078e-10 -110978 -1.68435e+08
-1.61958e-09 -44560.1 -6.76366e+07
2.843e-05 13491.3 2.04802e+07
2.58937e-05 65290.5 9.91245e+07
4.36652e-05 112490 1.70804e+08
8.55824e-05 152789 2.32023e+08
0.000159625 173790 2.6394e+08
5.12604e-06 187719 2.85118e+08
5.63207e-05 198666 3.01769e+08
-6.75317e-05 207059 3.14542e+08
-0.000228254 212560 3.22916e+08
-1.42132e-05 217119 3.29859e+08
-8.30685e-06 221307 3.36237e+08
-4.7351e-05 223938 3.40243e+08
0.000997953 224552 3.41175e+08
0.00252197 225109 3.42019e+08
0.00231607 225645 3.4283e+08
0.00151726 226178 3.43635e+08
4.86769e-05 226726 3.44462e+08
-0.0222661 226966 3.44817e+08
-0.00331396 226940 3.44763e+08
0.00194036 226874 3.44647e+08
0.00270457 226803 3.44521e+08
0.000294785 226751 3.44423e+08
0.000321581 226736 3.44379e+08
0.000756777 226767 3.44403e+08
9.2574e-05 226849 3.44504e+08
-9.32797e-06 226986 3.44688e+08
-0.00776673 227182 3.44958e+08
0.00126252 227436 3.45316e+08
-0.00193566 227488 3.45363e+08
0.000134408 227298 3.45037e+08
3.1308e-05 227046 3.44615e+08
3.35944e-05 226761 3.4414e+08
9.25619e-05 226473 3.43658e+08
2.6944e-05 226215 3.4322e+08
0.00166626 226034 3.42898e+08
-0.00711046 225903 3.42649e+08
-7.28513e-06 225829 3.42487e+08
7.4412e-05 225818 3.42418e+08
0.000616776 225872 3.42446e+08
0.00039353 225980 3.42556e+08
0.000229367 226067 3.42637e+08
2.95439e-06 209723 3.17875e+08
2.90875e-06 185210 2.80732e+08
5.48148e-06 148448 2.25022e+08
-3.10956e-09 93317.1 1.41466e+08
-0.000336497 28768.8 4.3617e+07
0.00016068 -24627.1 -3.73421e+07
0.0100548 -71858 -1.08972e+08
0.000120906 -114559 -1.7375e+08
-6.56721e-05 -151125 -2.29239e+08
0.000402175 -167915 -2.54731e+08
0.00355893 -181248 -2.74983e+08
-1.79986e-06 -190221 -2.88619e+08
-6.96672e-05 -198027 -3.00486e+08
-6.88475e-05 -203189 -3.08337e+08
-3.43076e-05 -207855 -3.15436e+08
-5.81501e-05 -211787 -3.21419e+08
0.0153388 -212978 -3.23229e+08
0.000107274 -213730 -3.24368e+08
8.51334e-05 -214402 -3.25387e+08
5.06596e-05 -215031 -3.26337e+08
0.000709587 -215639 -3.27256e+08
-0.0103417 -215803 -3.27495e+08
-0.00117192 -215674 -3.27284e+08
0.00096625 -215508 -3.27017e+08
-0.000199403 -215345 -3.2675e+08
0.000141459 -215206 -3.26521e+08
0.00862448 -215107 -3.26349e+08
0.00164581 -215052 -3.26245e+08
0.00523938 -215047 -3.26213e+08
0.00207695 -215092 -3.26257e+08
0.000716164 -215189 -3.26378e+08
-0.000599952 -215237 -3.26422e+08
0.0259071 -215075 -3.26142e+08
0.00040868 -214889 -3.25822e+08
-0.000166382 -214622 -3.25378e+08
-0.000548726 -214309 -3.2486e+08
-0.00216055 -213969 -3.243e+08
-0.00687259 -213626 -3.23732e+08
-0.00016127 -213298 -3.23186e+08
-0.0159682 -213003 -3.22687e+08
0.00128087 -212778 -3.22299e+08
