-11.0591 0.675598 1.90266e-17
-25.6384 1.56627 2.57728e-17
-40.2171 2.45694 2.45109e-16
-54.7953 3.3476 1.55114e-16
-69.3731 4.23827 -2.8479e-17
-83.9503 5.12894 1.27514e-16
-98.5271 6.01961 1.21465e-16
-113.103 6.91028 -3.19811e-16
-127.679 7.80095 -3.84943e-16
-142.254 8.69162 3.44905e-16
-156.829 9.5823 -1.4979e-16
-171.403 10.473 -5.02217e-16
-185.977 11.3636 3.89316e-17
-200.551 12.2543 2.53242e-16
-215.123 13.145 -1.01235e-16
-229.696 14.0357 -4.64137e-16
-244.268 14.9263 -1.01285e-15
-258.839 15.817 1.25313e-16
-273.41 16.7077 -1.03164e-16
-287.98 17.5984 -5.4871e-16
-302.55 18.4891 -3.8689e-16
-317.12 19.3798 8.32848e-16
-331.689 20.2704 -2.43285e-16
-346.257 21.1611 -4.61015e-17
-360.825 22.0518 2.15378e-16
-371.669 22.5772 9.69954e-16
-371.777 21.9842 1.25085e-14
-371.923 21.1604 4.77241e-15
-372.06 20.3817 -7.54065e-15
-372.194 19.6195 -2.08985e-14
-372.331 18.8675 2.15339e-14
-372.466 18.1572 -1.31676e-14
-372.598 17.5458 -2.23749e-14
-372.739 16.9694 2.64692e-14
-372.89 16.4212 -1.46023e-14
-373.052 15.8999 4.7115e-15
-373.22 15.4847 2.47613e-14
-373.402 15.1718 -1.73705e-14
-373.604 14.8674 4.71798e-15
-373.828 14.5713 -7.12591e-15
-374.072 14.2834 -3.51607e-15
-374.338 14.0038 -5.07074e-15
-374.625 13.7322 3.40823e-16
-374.933 13.4683 5.51606e-15
-375.261 13.2121 -7.77619e-15
-375.597 13.0366 -8.64946e-15
-375.953 13.0023 -2.44454e-15
-376.331 12.9571 -3.80727e-17
-345.431 11.067 -1.99762e-14
-314.528 9.17684 8.63308e-14
-283.623 7.28673 -3.50994e-16
-252.716 5.39663 -8.6994e-16
-221.807 3.50655 -2.7821e-15
-190.896 1.61648 -3.18016e-15
-159.983 -0.273583 -3.64765e-15
-129.068 -2.16363 -2.87365e-15
-98.1505 -4.05367 -2.64842e-15
-67.2311 -5.9437 -1.60022e-15
-36.3095 -7.83372 -2.8241e-15
-5.38582 -9.72373 -3.86693e-15
25.54 -11.6137 -1.68563e-15
56.4681 -13.5037 -2.92213e-15
87.3982 -15.3937 -3.57276e-15
118.331 -17.2837 -3.86945e-15
149.265 -19.1737 -1.80751e-15
180.202 -21.0637 -2.5964e-15
196.658 -21.049 -2.31819e-14
207.806 -20.1569 -7.75371e-16
219.389 -19.286 2.28053e-14
230.452 -18.48 -3.31787e-14
241.586 -17.8384 7.18222e-16
252.664 -17.2787 2.2644e-14
263.158 -16.7324 2.00795e-13
273.092 -16.238 9.00685e-13
283.114 -16.0193 5.83837e-13
292.516 -15.7557 5.51894e-12
301.31 -15.4549 3.92517e-12
309.515 -15.1233 3.49417e-11
317.15 -14.7675 2.60998e-11
324.356 -14.6392 -2.12174e-10
331.188 -14.6276 -1.67119e-10
337.499 -14.5463 -9.46784e-10
343.322 -14.4084 -7.38244e-10
348.692 -14.2243 -5.66264e-09
353.644 -14.0036 -4.22927e-09
358.213 -13.7538 -3.16522e-08
362.435 -13.4819 -2.26107e-08
366.341 -13.1931 -1.76938e-07
369.964 -12.8926 -9.76147e-07
373.333 -12.5843 -5.15713e-06
376.47 -12.5596 3.84353e-06
379.438 -12.648 3.14426e-07
382.225 -12.6904 1.198e-07
354.06 -10.972 8.93241e-08
325.896 -9.2536 9.75779e-08
297.734 -7.53521 9.75733e-08
269.575 -5.81683 9.75751e-08
241.417 -4.09847 9.75779e-08
213.262 -2.38012 9.75809e-08
185.109 -0.661772 9.75838e-08
156.957 1.05656 9.75868e-08
128.808 2.77489 9.75898e-08
100.66 4.49321 9.75927e-08
72.5148 6.21152 9.75957e-08
44.3713 7.92982 9.75986e-08
16.2298 9.64812 9.76015e-08
-11.9098 11.3664 9.76044e-08
-40.0474 13.0847 9.76074e-08
-68.1831 14.803 9.76103e-08
-96.3168 16.5212 9.76132e-08
-124.449 18.2395 9.76161e-08
-152.579 19.9578 9.7619e-08
-171.865 20.4699 9.26817e-08
-183.364 19.7887 8.49774e-08
-195.482 19.1529 7.84194e-08
-207.186 18.5597 7.23032e-08
-219.441 18.1429 6.88578e-08
-231.31 17.7516 6.52996e-08
-242.708 17.3644 6.18015e-08
-254.098 17.1705 6.05694e-08
-265.191 17.0483 5.91586e-08
-275.766 16.8881 5.75642e-08
-285.821 16.694 5.57584e-08
-295.358 16.4696 5.42118e-08
-304.379 16.2187 5.04136e-08
-313.135 16.2498 5.30946e-08
-321.423 16.3101 5.21408e-08
-329.198 16.307 5.23073e-08
-336.473 16.2487 5.00799e-08
-343.267 16.1421 5.22152e-08
-349.598 15.9941 4.66365e-08
-355.49 15.8103 5.55108e-08
-360.964 15.5964 4.04469e-08
-366.046 15.3569 6.81615e-08
-370.762 15.0965 -7.16554e-08
-375.137 14.8191 5.75953e-07
-379.196 14.5282 -2.36201e-06
-382.964 14.2271 1.04717e-05
-386.467 13.9186 -5.81887e-06
-389.735 14.0088 -3.86995e-06
-392.797 14.0606 1.