0 0
-0.000511976 1.27083
-0.00204791 2.54167
-0.00460779 3.8125
-0.00819164 5.08333
-0.0127995 6.35417
-0.0184312 7.625
-0.025087 8.89583
-0.0327668 10.1667
-0.0412007 11.4375
-0.0506833 12.7083
-0.0615212 13.9792
-0.0730767 15.25
-0.0612537 13.9792
-0.0504548 12.7083
-0.04068 11.4375
-0.0319292 10.1667
-0.0242024 8.89583
-0.0174996 7.625
-0.0118207 6.35417
-0.0071659 5.08333
-0.00353502 3.8125
-0.00092811 2.54167
0.000654848 1.27083
0.00121385 -4.44089e-16
0.000748907 -1.27083
-0.000739993 -2.54167
-0.00325285 -3.8125
-0.00678966 -5.08333
-0.0118953 -6.35417
-0.0179573 -7.625
-0.0245948 -8.89583
-0.0322797 -10.1667
-0.0410123 -11.4375
-0.0510568 -12.7083
-0.0618711 -13.9792
-0.0737371 -15.25
-0.0622102 -14.0135
-0.051653 -12.777
-0.0420651 -11.5405
-0.0334467 -10.3041
-0.0257977 -9.06757
-0.0191181 -7.83108
-0.0134079 -6.59459
-0.00866712 -5.35811
-0.00489566 -4.12162
-0.00209356 -2.88514
-0.000260816 -1.64865
0.000602572 -0.412162
0.000496609 0.824324
-0.000578706 2.06081
-0.00272769 3.2973
-0.00575471 4.53378
-0.00981393 5.77027
-0.0148167 7.00676
-0.0208081 8.24324
-0.0277886 9.47973
-0.0357585 10.7162
-0.0445961 11.9527
-0.0545443 13.1892
-0.0654851 14.4257
-0.077419 15.6622
-0.0898162 16.8986
-0.10371 18.1351
-0.118599 19.3716
-0.134484 20.6081
-0.151365 21.8446
-0.167898 23.0811
-0.186688 24.3176
-0.206474 25.5541
-0.227259 26.7905
-0.249042 28.027
-0.271823 29.2635
-0.295603 30.5
-0.271766 29.2551
-0.248911 28.0102
-0.227039 26.7653
-0.206151 25.5204
-0.186245 24.2755
-0.167323 23.0306
-0.149383 21.7857
-0.132426 20.5408
-0.116452 19.2959
-0.101461 18.051
-0.0874523 16.8061
-0.0744265 15.5612
-0.0631658 14.3163
-0.0526978 13.0714
-0.0425441 11.8265
-0.0333868 10.5816
-0.0252268 9.33673
-0.0180644 8.09184
-0.0125015 6.84694
-0.00733216 5.60204
-0.00316254 4.35714
6.70007e-06 3.11224
0.00217499 1.86735
0.00334179 0.622449
0.00258119 -0.622449
0.00174955 -1.86735
-8.39149e-05 -3.11224
-0.00291985 -4.35714
-0.00675885 -5.60204
-0.0116015 -6.84694
-0.0174484 -8.09184
-0.0243001 -9.33673
-0.0321572 -10.5816
-0.0424176 -11.8265
-0.052252 -13.0714
-0.0630891 -14.3163
-0.0749296 -15.5612
-0.0877744 -16.8061
-0.101624 -18.051
-0.116479 -19.2959
-0.13234 -20.5408
-0.149209 -21.7857
-0.167084 -23.0306
-0.185968 -24.2755
-0.20586 -25.5204
-0.226761 -26.7653
-0.248672 -28.0102
-0.271593 -29.2551
-0.295525 -30.5
-0.271973 -29.2702
-0.24938 -28.0403
-0.227747 -26.8105
-0.207074 -25.5806
-0.187359 -24.3508
-0.168604 -23.121
-0.150808 -21.8911
-0.133972 -20.6613
-0.118094 -19.4315
-0.103176 -18.2016
-0.0892171 -16.9718
-0.0762172 -15.7419
-0.0641763 -14.5121
-0.0543628 -13.2823
-0.0441832 -12.0524
-0.0349755 -10.8226
-0.0267405 -9.59274
-0.0198713 -8.3629
-0.0135868 -7.13306
-0.00827677 -5.90323
-0.00394184 -4.67339
-0.00108574 -3.44355
0.00128905 -2.21371
0.00268823 -0.983871
0.00311127 0.245968
0.00255772 1.47581
0.00102708 2.70565
-0.00148108 3.93548
-0.00496724 5.16532
-0.00943183 6.39516
-0.0148753 7.625
-0.021823 8.85484
-0.0292149 10.0847
-0.0375838 11.3145
-0.0469302 12.5444
-0.0572546 13.7742
-0.0685575 15.004
-0.0808395 16.2339
-0.0941009 17.4637
-0.108342 18.6935
-0.123564 19.9234
-0.139767 21.1532
-0.156952 22.3831
-0.175119 23.6129
-0.194268 24.8427
-0.2144 26.0726
-0.235516 27.3024
-0.257615 28.5323
-0.280699 29.7621
-0.304768 30.9919
-0.329822 32.2218
-0.354971 33.4516
-0.378228 34.6814
-0.405951 35.9113
-0.434657 37.1411
-0.464348 38.371
-0.495024 39.6008
-0.526685 40.8306
-0.559331 42.0605
-0.592962 43.2903
-0.62758 44.5202
-0.663185 45.75
-0.62735 44.5135
-0.592486 43.277
-0.558592 42.0405
-0.525669 40.8041
-0.493715 39.5676
-0.462733 38.3311
-0.43272 37.0946
-0.403677 35.8581
-0.375605 34.6216
-0.348503 33.3851
-0.32237 32.1486
-0.297208 30.9122
-0.273015 29.6757
-0.250817 28.4392
-0.229235 27.2027
-0.207813 25.9662
-0.187373 24.7297
-0.168498 23.4932
-0.150021 22.2568
-0.132528 21.0203
-0.116906 19.7838
-0.101396 18.5473
-0.0868706 17.3108
-0.0733288 16.0743
-0.0607716 14.8378
-0.0491994 13.6014
-0.0386125 12.3649
-0.0290115 11.1284
-0.0221084 9.89189
-0.0145152 8.65541
-0.00790512 7.41892
-0.00227859 6.18243
0.00236396 4.94595
0.00602208 3.70946
0.00869531 2.47297
0.0103832 1.23649
0.0110853 1.77636e-15
0.0108011 -1.23649
0.00953019 -2.47297
0.00727203 -3.70946
0.00402614 -4.94595
-0.000207985 -6.18243
-0.00543084 -7.41892
-0.0116429 -8.65541
-0.0188448 -9.89189
-0.0270369 -11.1284
-0.0362198 -12.3649
-0.0463939 -13.6014
-0.0575598 -14.8378
-0.069718 -16.0743
-0.0828689 -17.3108
-0.101371 -18.5473
-0.116433 -19.7838
-0.132475 -21.0203
-0.1495 -22.2568
-0.167507 -23.4932
-0.186498 -24.7297
-0.206473 -25.9662
-0.227433 -27.2027
-0.249379 -28.4392
-0.272312 -29.6757
-0.296232 -30.9122
-0.321141 -32.1486
-0.347038 -33.3851
-0.373925 -34.6216
-0.401803 -35.8581
-0.430671 -37.0946
-0.46053 -38.3311
-0.491382 -39.5676
-0.523227 -40.8041
-0.556064 -42.0405
-0.589896 -43.277
-0.624722 -44.5135
-0.660542 -45.75
-0.624988 -44.523
-0.590389 -43.296
-0.556746 -42.069
-0.524058 -40.842
-0.492326 -39.6149
-0.461549 -38.3879
-0.431728 -37.1609
-0.402862 -35.9339
-0.374951 -34.7069
-0.347996 -33.4799
-0.321996 -32.2529
-0.296951 -31.0259
-0.272861 -29.7989
-0.249726 -28.5718
-0.228249 -27.3448
-0.208498 -26.1178
-0.188112 -24.8908
-0.168692 -23.6638
-0.150966 -22.4368
-0.133487 -21.2098
-0.116977 -19.9828
-0.102449 -18.7557
-0.0879034 -17.5287
-0.074326 -16.3017
-0.0617173 -15.0747
-0.0500775 -13.8477
-0.0394072 -12.6207
-0.0312152 -11.3937
-0.0225416 -10.1667
-0.0148354 -8.93966
-0.00809697 -7.71264
-0.00232664 -6.48563
0.00247528 -5.25862
0.00630845 -4.03161
0.00917254 -2.8046
0.0110672 -1.57759
0.0119921 -0.350575
0.0119469 0.876437
0.0109311 2.10345
0.00894437 3.33046
0.00598633 4.55747
0.00205654 5.78448
-0.00284544 7.01149
-0.00872005 8.23851
-0.0155677 9.46552
-0.023389 10.6925
-0.0321843 11.9195
-0.0427689 13.1466
-0.0544972 14.3736
-0.066199 15.6006
-0.0788667 16.8276
-0.0925006 18.0546
-0.107101 19.2816
-0.12267 20.5086
-0.139206 21.7356
-0.15671 22.9626
-0.175184 24.1897
-0.194627 25.4167
-0.215041 26.6437
-0.236425 27.8707
-0.258781 29.0977
-0.282108 30.3247
-0.306408 31.5517
-0.331682 32.7787
-0.357929 34.0057
-0.38515 35.2328
-0.413345 36.4598
-0.442517 37.6868
-0.472664 38.9138
-0.503787 40.1408
-0.535887 41.3678
-0.568965 42.5948
-0.603021 43.8218
-0.638055 45.0489
-0.674068 46.2759
-0.71106 47.5029
-0.749031 48.7299
-0.787983 49.9569
-0.827916 51.1839
-0.86883 52.4109
-0.910725 53.6379
-0.953601 54.8649
-0.99746 56.092
-1.0423 57.319
-1.08813 58.546
-1.13557 59.773
-1.18823 61
-1.1404 59.7677
-1.09352 58.5354
-1.04762 57.303
-1.00268 56.0707
-0.958699 54.8384
-0.915687 53.6061
-0.873639 52.3737
-0.832555 51.1414
-0.792436 49.9091
-0.753281 48.6768
-0.71509 47.4444
-0.677864 46.2121
-0.641601 44.9798
-0.606303 43.7475
-0.571968 42.5152
-0.538725 41.2828
-0.501973 40.0505
-0.46526 38.8182
-0.430393 37.5859
-0.400139 36.3535
-0.372034 35.1212
-0.344886 33.8889
-0.317497 32.6566
-0.292314 31.4242
-0.2681 30.1919
-0.244854 28.9596
-0.222576 27.7273
-0.200527 26.4949
-0.179972 25.2626
-0.160666 24.0303
-0.142335 22.798
-0.124976 21.5657
-0.10859 20.3333
-0.0931741 19.101
-0.0787283 17.8687
-0.0652513 16.6364
-0.0527422 15.404
-0.0412005 14.1717
-0.0306253 12.9394
-0.0210161 11.7071
-0.0123727 10.4747
-0.0046946 9.24242
0.00201826 8.0101
0.0064136 6.77778
0.0110734 5.54545
0.0147696 4.31313
0.0175028 3.08081
0.0192735 1.84848
0.020082 0.616162
0.0199284 -0.616162
0.018813 -1.84848
0.0167358 -3.08081
0.0136965 -4.31313
0.00969513 -5.54545
0.00473128 -6.77778
-0.0011954 -8.0101
-0.00808535 -9.24242
-0.0159391 -10.4747
-0.0247572 -11.7071
-0.0345404 -12.9394
-0.0452892 -14.1717
-0.0570045 -15.404
-0.0696869 -16.6364
-0.0833374 -17.8687
-0.0979566 -19.101
-0.113546 -20.3333
-0.130105 -21.5657
-0.147636 -22.798
-0.168078 -24.0303
-0.193554 -25.2626
-0.222179 -26.4949
-0.253817 -27.7273
-0.288327 -28.9596
-0.325562 -30.1919
-0.365364 -31.4242
-0.407569 -32.6566
-0.452013 -33.8889
-0.499241 -35.1212
-0.550538 -36.3535
-0.604817 -37.5859
-0.661833 -38.8182
-0.721346 -40.0505
-0.782757 -41.2828
-0.843775 -42.5152
-0.906694 -43.7475
-0.971354 -44.9798
-1.0376 -46.2121
-1.10835 -47.4444
-1.1947 -48.6768
-1.28298 -49.9091
-1.37306 -51.1414
-1.46412 -52.3737
-1.55603 -53.6061
-1.64934 -54.8384
-1.74397 -56.0707
-1.8398 -57.303
-1.93675 -58.5354
-2.03475 -59.7677
-2.13371 -61
