0 0 0
-1.11866e-12 -8921.91 -1.36059e+07
-2.92921e-12 -20684 -3.15432e+07
-6.57252e-13 -32446.2 -4.94804e+07
1.20082e-12 -44208.3 -6.74176e+07
1.08145e-11 -55970.5 -8.53549e+07
1.80478e-12 -67732.6 -1.03292e+08
-3.28839e-11 -79494.8 -1.21229e+08
-2.98144e-11 -91257 -1.39167e+08
-4.39684e-11 -103019 -1.57104e+08
-6.86668e-11 -114782 -1.75041e+08
1.08002e-12 -126544 -1.92978e+08
-9.47011e-11 -138306 -2.10916e+08
-2.94449e-11 -150069 -2.28853e+08
-5.33191e-11 -161831 -2.4679e+08
-1.28694e-10 -173593 -2.64728e+08
-8.66294e-11 -185356 -2.82665e+08
-1.81672e-10 -197119 -3.00603e+08
-1.7576e-10 -208881 -3.1854e+08
-2.02135e-10 -220644 -3.36477e+08
-2.01226e-10 -232407 -3.54415e+08
-5.86624e-11 -244169 -3.72352e+08
-1.4802e-10 -255932 -3.9029e+08
-1.71212e-10 -267695 -4.08227e+08
-1.0391e-10 -279458 -4.26165e+08
-1.31649e-10 -291222 -4.44102e+08
-8.61396e-08 -301411 -4.59641e+08
8.09996e-09 -307313 -4.6864e+08
8.22884e-06 -310491 -4.73485e+08
-1.8098e-06 -313055 -4.77393e+08
-1.35372e-06 -315617 -4.813e+08
-8.78575e-07 -318178 -4.85204e+08
-3.66559e-07 -320738 -4.89107e+08
2.60849e-05 -322411 -4.91657e+08
1.30778e-07 -323805 -4.93782e+08
2.40093e-06 -325199 -4.95905e+08
4.61446e-06 -326592 -4.98029e+08
6.20048e-06 -327985 -5.00152e+08
5.50209e-06 -329378 -5.02275e+08
0.000146589 -330125 -5.03412e+08
-3.41527e-05 -330755 -5.04371e+08
-3.23661e-05 -331386 -5.05332e+08
-3.14987e-05 -332018 -5.06294e+08
-3.07404e-05 -332651 -5.07257e+08
-3.00633e-05 -333285 -5.08223e+08
-2.94455e-05 -333921 -5.0919e+08
-2.8872e-05 -334558 -5.10159e+08
-2.83325e-05 -335196 -5.11131e+08
-2.78171e-05 -335836 -5.12105e+08
4.85538e-08 -310880 -4.74055e+08
-3.30388e-08 -285916 -4.3599e+08
-5.36284e-09 -260952 -3.97925e+08
-1.09944e-08 -235988 -3.59861e+08
-8.48695e-09 -211025 -3.21797e+08
-7.95694e-09 -186063 -2.83733e+08
-7.32803e-09 -161101 -2.45669e+08
-6.36192e-09 -136140 -2.07606e+08
-5.55349e-09 -111179 -1.69542e+08
-4.98494e-09 -86218.1 -1.31479e+08
-4.15457e-09 -61257.8 -9.3416e+07
-3.59049e-09 -36297.8 -5.53531e+07
-2.90399e-09 -11338 -1.72902e+07
-2.42738e-09 13621.5 2.07725e+07
-2.05159e-09 38580.7 5.88351e+07
-1.4015e-09 63539.8 9.68976e+07
-1.13022e-09 88498.8 1.3496e+08
-7.38851e-10 113458 1.73022e+08
-4.56964e-10 138416 2.11085e+08
-2.9047e-10 163375 2.49147e+08
-3.00598e-05 182577 2.78431e+08
-0.000179721 196596 2.99809e+08
-0.000122907 205235 3.12984e+08
-0.000112118 213741 3.25955e+08
-9.9373e-05 222118 3.38729e+08
-8.8077e-05 230370 3.51313e+08
-7.79812e-05 238502 3.63715e+08
-0.00034096 245106 3.73784e+08
-0.000155369 250941 3.82683e+08
-0.00015187 256651 3.91389e+08
-0.000136553 262240 3.99911e+08
-0.000123185 267713 4.08257e+08
-0.000110946 273076 4.16433e+08
-0.000596956 277984 4.23916e+08
-0.000273128 281712 4.29599e+08
-0.000272516 285334 4.3512e+08
-0.000253635 288854 4.40487e+08
-0.000236387 292279 4.45706e+08
-0.000219804 295611 4.50785e+08
-0.000203986 298855 4.55731e+08
-0.000188971 302017 4.60549e+08
-0.00017478 305099 4.65246e+08
-0.000161421 308107 4.69829e+08
-0.000148893 311043 4.74303e+08
0.000771271 313700 4.78351e+08
3.62233e-06 291003 4.43744e+08
-2.16648e-06 268307 4.09138e+08
-1.67754e-06 245611 3.74531e+08
-1.09966e-06 222915 3.39925e+08
-5.63276e-07 200220 3.05319e+08
-2.12719e-07 177526 2.70714e+08
-6.29716e-08 154832 2.36108e+08
-1.93547e-08 132138 2.01503e+08
-8.8736e-09 109445 1.66898e+08
-6.15864e-09 86751.7 1.32292e+08
-4.90047e-09 64059 9.76874e+07
-4.21699e-09 41366.5 6.30826e+07
-3.47124e-09 18674.3 2.84778e+07
-2.83845e-09 -4017.65 -6.12682e+06
-2.23844e-09 -26709.4 -4.07314e+07
-1.8899e-09 -49401 -7.53358e+07
-1.56496e-09 -72092.5 -1.0994e+08
-1.23822e-09 -94783.8 -1.44545e+08
-8.39805e-10 -117475 -1.79149e+08
-1.57793e-05 -136230 -2.07751e+08
-0.000116933 -149801 -2.28447e+08
-0.000117379 -159015 -2.42498e+08
-0.000104048 -168095 -2.56344e+08
-9.13451e-05 -177043 -2.69991e+08
-8.02517e-05 -185864 -2.83443e+08
-7.06102e-05 -194559 -2.96703e+08
-0.000274254 -202186 -3.08333e+08
-0.000160569 -208968 -3.18676e+08
-0.000139088 -215612 -3.28808e+08
-0.000125169 -222122 -3.38735e+08
-0.000112959 -228500 -3.48461e+08
-0.000101991 -234750 -3.57992e+08
-9.21309e-05 -240875 -3.67331e+08
-0.000228073 -246776 -3.76329e+08
-0.000244297 -251480 -3.83502e+08
-0.000231267 -256059 -3.90483e+08
-0.000216996 -260515 -3.97277e+08
-0.000203285 -264852 -4.03889e+08
-0.000190236 -269073 -4.10325e+08
-0.000177852 -273183 -4.16591e+08
-0.000166126 -277185 -4.22691e+08
-0.000155049 -281082 -4.28632e+08
-0.000144605 -284878 -4.34418e+08
-0.000134778 -288576 -4.40056e+08
-0.000125544 -292180 -4.45549e+08
-0.000116887 -295694 -4.50905e+08
-0.000108778 -299120 -4.56127e+08
-0.000101195 -302463 -4.6122e+08
-0.000475454 -305505 -4.65855e+08
1.61347e-06 -281583 -4.29381e+08
-1.39957e-06 -257662 -3.92907e+08
-3.58108e-07 -233741 -3.56433e+08
2.8328e-08 -209821 -3.19959e+08
-1.59623e-08 -185902 -2.83486e+08
-4.83419e-09 -161983 -2.47012e+08
-6.3319e-09 -138064 -2.10539e+08
-5.45333e-09 -114146 -1.74066e+08
-4.66036e-09 -90228 -1.37593e+08
-4.30197e-09 -66310.4 -1.01121e+08
-3.51332e-09 -42393.3 -6.46483e+07
-2.92262e-09 -18476.3 -2.81759e+07
-2.60133e-09 5440.34 8.2964e+06
-2.2097e-09 29356.8 4.47686e+07
-1.70357e-09 53273 8.12407e+07
-1.24857e-09 77189.1 1.17713e+08
-1.01693e-09 101105 1.54185e+08
-7.18501e-10 125021 1.90656e+08
-4.33377e-05 142109 2.16716e+08
-0.000156551 153722 2.34426e+08
-0.000116908 163599 2.49489e+08
-0.000102827 173327 2.64324e+08
-8.98469e-05 182909 2.78936e+08
-0.000235951 191904 2.92654e+08
-0.000175518 199516 3.04262e+08
-0.000161807 206967 3.15625e+08
-0.000145287 214260 3.26746e+08
-0.000130803 221398 3.37631e+08
-0.000117811 228385 3.48286e+08
-0.000106182 235225 3.58715e+08
-0.00049128 241058 3.6761e+08
-0.000251633 246416 3.75781e+08
-0.000254294 251626 3.83723e+08
-0.000236892 256689 3.91443e+08
-0.000221943 261610 3.98947e+08
-0.000207663 266394 4.06241e+08
-0.000194158 271045 4.13331e+08
-0.0001814 275565 4.20223e+08
-0.000169367 279961 4.26923e+08
-0.000158034 284235 4.33439e+08
-0.000147376 288392 4.39776e+08
-0.000137364 292436 4.4594e+08
-0.000127973 296371 4.51938e+08
-0.000119173 300201 4.57775e+08
-0.000110939 303930 4.63458e+08
-0.000103239 307562 4.68992e+08
-8.50978e-08 282189 4.30305e+08
-5.40649e-08 256816 3.91618e+08
-3.4755e-08 231445 3.52931e+08
-2.4329e-08 206074 3.14245e+08
-1.86951e-08 180703 2.75558e+08
-1.52247e-08 155333 2.36872e+08
-1.26943e-08 129963 1.98186e+08
-1.05566e-08 104594 1.59501e+08
-8.83665e-09 79225.1 1.20815e+08
-7.30802e-09 53856.6 8.21294e+07
-6.10419e-09 28488.5 4.34441e+07
-4.72834e-09 3120.64 4.7589e+06
-3.76998e-09 -22246.9 -3.39261e+07
-2.91939e-09 -47614.3 -7.26111e+07
-2.12651e-09 -72981.5 -1.11296e+08
-1.54176e-09 -98348.5 -1.49981e+08
-1.01682e-09 -123715 -1.88665e+08
-1.97734e-05 -144887 -2.20952e+08
-0.00027074 -158053 -2.4103e+08
-0.000164601 -168619 -2.57144e+08
-0.000134048 -179016 -2.72999e+08
-0.000114991 -189246 -2.88601e+08
-0.000564586 -197757 -3.0158e+08
-0.000267862 -205894 -3.13989e+08
-0.000216191 -213849 -3.26119e+08
-0.000189882 -221625 -3.37978e+08
-0.000168362 -229227 -3.49569e+08
-0.000656972 -236090 -3.60035e+08
-0.000464734 -242127 -3.6924e+08
-0.000414142 -247986 -3.78175e+08
-0.000380576 -253673 -3.86846e+08
-0.000350832 -259191 -3.9526e+08
-0.000323422 -264546 -4.03424e+08
-0.000298077 -269742 -4.11346e+08
-0.000274656 -274784 -4.19032e+08
-0.00025303 -279677 -4.26491e+08
-0.000233076 -284425 -4.3373e+08
-0.000214676 -289034 -4.40757e+08
-0.000197723 -293509 -4.47577e+08
-0.000182106 -297854 -4.542e+08
-0.000167732 -302074 -4.60633e+08
-0.000154504 -306174 -4.66882e+08
-0.000142334 -310159 -4.72955e+08
-0.000402553 -313604 -4.78204e+08
-0.000507891 -316561 -4.82709e+08
-0.000501577 -319412 -4.87052e+08
-0.000487228 -322162 -4.91241e+08
-0.00047193 -324815 -4.95282e+08
-0.000456232 -327376 -4.99182e+08
-0.00044027 -329849 -5.02948e+08
-0.000424171 -332238 -5.06585e+08
-0.000408023 -334546 -5.10099e+08
-0.000391928 -336779 -5.13497e+08
-0.000460429 -338936 -5.1678e+08
5.92627e-08 -340764 -5.19563e+08
-0.00191139 -342470 -5.22157e+08
-0.00207785 -344113 -5.24655e+08
-0.0021043 -345695 -5.27062e+08
-0.00211468 -347221 -5.29381e+08
-0.00211989 -348693 -5.31618e+08
-0.00212106 -350114 -5.33777e+08
-0.00211858 -351487 -5.35862e+08
-0.00211265 -352814 -5.37877e+08
-0.00210364 -354097 -5.39825e+08
-0.00209177 -355339 -5.4171e+08
-0.00207734 -356542 -5.43535e+08
-0.00206051 -357708 -5.45304e+08
-0.00204158 -358839 -5.4702e+08
9.5153e-05 -316746 -4.82866e+08
3.54352e-07 -274656 -4.18712e+08
-1.14279e-06 -232570 -3.54561e+08
5.08082e-07 -190486 -2.9041e+08
-1.2344e-06 -148406 -2.26261e+08
5.88252e-07 -106329 -1.62114e+08
-1.14662e-06 -64254.6 -9.79673e+07
5.81059e-07 -22182.7 -3.38221e+07
-9.3048e-07 19886.8 3.03221e+07
4.37718e-07 61954 9.44651e+07
-6.19667e-07 104019 1.58607e+08
4.1623e-09 132244 2.01647e+08
-0.000696121 150858 2.30034e+08
-0.000948085 168232 2.5653e+08
-0.000970412 183195 2.7935e+08
-0.000828832 197622 3.01354e+08
-0.00267783 210091 3.20371e+08
-0.00129186 221642 3.37989e+08
-0.00182111 232656 3.54788e+08
-0.00138834 243150 3.70793e+08
-0.00139143 253142 3.86035e+08
-0.00123449 262654 4.00542e+08
-0.00114291 271704 4.14345e+08
1.7028e-09 279626 4.26429e+08
-0.00567833 286680 4.37187e+08
-5.43149e-05 247077 3.76791e+08
3.22956e-07 207474 3.16396e+08
-1.41443e-07 167871 2.56e+08
1.27312e-08 128268 1.95604e+08
-4.54446e-08 88663.3 1.35208e+08
-2.75687e-08 49058.3 7.48115e+07
-4.54532e-08 9452.48 1.44144e+07
-4.46657e-08 -30154.4 -4.59832e+07
-5.54475e-08 -69762.4 -1.06381e+08
-5.84705e-08 -109372 -1.6678e+08
-6.77439e-08 -148982 -2.27179e+08
-7.27605e-08 -188595 -2.87579e+08
9.79435e-09 -213325 -3.25285e+08
-0.000376635 -228998 -3.49178e+08
-0.00072893 -243572 -3.71395e+08
-0.000803387 -255597 -3.89724e+08
-0.000683004 -267198 -4.07406e+08
-0.00220176 -276860 -4.2213e+08
-0.0018198 -285673 -4.35559e+08
-0.00150677 -294075 -4.48361e+08
-0.00126576 -302085 -4.60564e+08
-0.00107525 -309722 -4.72197e+08
-0.000919347 -317004 -4.83287e+08
-0.000789354 -323950 -4.93865e+08
0.00142289 -329953 -5.03005e+08
-0.00120739 -335039 -5.10745e+08
3.57008e-05 -290864 -4.43417e+08
6.37428e-08 -246694 -3.7609e+08
-7.26111e-07 -202527 -3.08765e+08
9.12287e-08 -158364 -2.41441e+08
-6.55946e-07 -114204 -1.74119e+08
8.45387e-08 -70046.9 -1.06798e+08
-5.31478e-07 -25892.8 -3.94788e+07
6.07142e-08 18258.6 2.78394e+07
-4.01776e-07 62407.4 9.51565e+07
6.63522e-09 106554 1.62472e+08
-2.71418e-07 150698 2.29787e+08
9.58971e-09 176918 2.69772e+08
-0.000724082 195009 2.97361e+08
-0.0004614 210921 3.21629e+08
-0.00108434 224964 3.43048e+08
-0.00241362 237592 3.62309e+08
-0.00159156 248529 3.7899e+08
-0.00184849 258911 3.94827e+08
-0.00148045 268763 4.09855e+08
-0.00142636 278110 4.24111e+08
-0.00126043 286975 4.37632e+08
-0.00083469 295260 4.50269e+08
-4.97153e-07 302049 4.60625e+08
1.48475e-10 269734 4.11343e+08
-7.30392e-09 237419 3.62061e+08
-8.62383e-09 205103 3.12779e+08
-1.07648e-08 172787 2.63496e+08
-1.30897e-08 140471 2.14214e+08
-1.52153e-08 108154 1.64931e+08
-1.7901e-08 75837 1.15648e+08
-2.03843e-08 43519.2 6.63641e+07
-2.33343e-08 11200.8 1.70804e+07
-2.59691e-08 -21118.4 -3.22037e+07
-2.91044e-08 -53438.3 -8.14882e+07
-3.19678e-08 -85759.1 -1.30773e+08
-3.49255e-08 -118081 -1.80058e+08
-3.84139e-08 -150404 -2.29344e+08
-4.13079e-08 -182728 -2.7863e+08
-2.4088e-05 -208179 -3.17436e+08
2.50338e-09 -222403 -3.39121e+08
-0.000172728 -235289 -3.58764e+08
-0.00034371 -247027 -3.76657e+08
-0.000370493 -257094 -3.92002e+08
-0.000323519 -266871 -4.06903e+08
-0.000602667 -275477 -4.2002e+08
-0.000780057 -283130 -4.31681e+08
-0.000730846 -290493 -4.429e+08
-0.000659275 -297575 -4.5369e+08
-0.000591956 -304386 -4.64066e+08
-0.000531353 -310936 -4.74043e+08
-0.000477085 -317234 -4.83636e+08
-0.000428521 -323292 -4.92861e+08
0.0024637 -328948 -5.01474e+08
-0.000486072 -333561 -5.08496e+08
8.81397e-06 -286667 -4.37022e+08
4.75029e-09 -239777 -3.65549e+08
-7.53581e-07 -192891 -2.94078e+08
-4.06721e-08 -146009 -2.22608e+08
-5.46788e-07 -99130.5 -1.5114e+08
-6.2576e-08 -52255.3 -7.96732e+07
-4.12216e-07 -5383.27 -8.208e+06
-8.39246e-08 41485.9 6.32558e+07
-3.05007e-07 88352.3 1.34718e+08
-1.075e-07 135216 2.0618e+08
-2.38093e-05 178572 2.72294e+08
-0.00115071 200571 3.05843e+08
-0.000532779 219124 3.34138e+08
-5.86515e-08 233929 3.56721e+08
-0.00336586 247852 3.77955e+08
-0.00134976 259241 3.95328e+08
-0.00210488 270013 4.11758e+08
-0.00150047 280196 4.2729e+08
-0.00152269 289818 4.41968e+08
-0.00131101 298912 4.55838e+08
-1.56629e-08 306898 4.68019e+08
-2.02476e-10 313742 4.78457e+08
-8.16442e-10 320127 4.88196e+08
-0.0069828 326085 4.97283e+08
-0.00311674 331648 5.05766e+08
-0.00466952 336844 5.13689e+08
-0.00374845 341703 5.21097e+08
-0.00381966 346250 5.2803e+08
-0.00351891 350513 5.34528e+08
-0.00333183 354514 5.40626e+08
-0.00310897 358276 5.4636e+08
-0.0028955 361821 5.51761e+08
-4.78002e-07 364879 5.56417e+08
3.64389e-09 367504 5.60414e+08
4.50291e-09 369961 5.64153e+08
7.27596e-12 323221 4.92887e+08
-1.19457e-07 276484 4.21621e+08
-2.41648e-07 229749 3.50356e+08
-4.52502e-07 183015 2.79092e+08
-1.07809e-06 136282 2.07828e+08
-4.89999e-06 89551 1.36564e+08
2.31201e-08 42820.4 6.53008e+07
-7.08184e-09 -3909.58 -5.96211e+06
-6.88296e-09 -50639.1 -7.72248e+07
-2.19701e-09 -97368.3 -1.48487e+08
-1.24373e-10 -144098 -2.1975e+08
1.62032e-08 -174025 -2.65389e+08
-0.000722033 -194429 -2.96505e+08
-0.00308199 -212637 -3.2427e+08
-0.00238743 -228816 -3.48942e+08
3.12e-08 -243046 -3.70641e+08
-0.00306154 -255882 -3.90212e+08
-0.00426749 -268047 -4.0876e+08
-0.00441227 -279566 -4.26323e+08
1.47616e-08 -290147 -4.42452e+08
-1.01809e-08 -299219 -4.56281e+08
1.86446e-10 -251602 -3.83675e+08
-1.17508e-07 -203988 -3.11069e+08
-4.66935e-08 -156375 -2.38465e+08
-4.54119e-08 -108763 -1.65861e+08
-3.16556e-08 -61152.8 -9.32569e+07
-2.26781e-08 -13543.5 -2.06536e+07
-1.42169e-08 34065.2 5.19493e+07
-7.3733e-09 81673.3 1.24552e+08
-2.58041e-09 129281 1.97154e+08
-2.57483e-10 176889 2.69757e+08
-1.10265e-09 224497 3.42359e+08
2.74088e-09 250267 3.81657e+08
-0.000452099 268054 4.08782e+08
0.000155577 282748 4.31188e+08
-0.000735515 295857 4.51178e+08
-1.39507e-08 306204 4.66953e+08
-0.00150616 315768 4.81533e+08
-0.000892684 324787 4.95283e+08
-0.000917456 333295 5.08252e+08
1.59916e-08 340143 5.18688e+08
-9.09495e-12 299358 4.565e+08
-6.35982e-08 258575 3.94312e+08
-1.02166e-07 217793 3.32125e+08
-1.28586e-07 177013 2.69938e+08
-1.46339e-07 136233 2.07752e+08
-1.56947e-07 95453.7 1.45566e+08
-1.59801e-07 54675.5 8.33797e+07
-1.5265e-07 13897.8 2.1194e+07
-1.32101e-07 -26879.6 -4.09914e+07
-9.49636e-08 -67656.6 -1.03177e+08
-4.6566e-08 -108434 -1.65362e+08
-9.112e-09 -149211 -2.27547e+08
-5.90319e-10 -189988 -2.89732e+08
1.09456e-08 -212762 -3.24462e+08
-0.000439917 -229199 -3.49528e+08
-0.00140521 -244251 -3.72482e+08
-0.00112859 -257014 -3.91942e+08
-0.00284899 -268886 -4.10044e+08
-0.00283312 -278857 -4.25247e+08
-0.00256106 -288354 -4.39727e+08
-0.00229589 -297397 -4.53513e+08
-0.00201683 -306004 -4.66633e+08
-0.00601166 -313558 -4.78148e+08
1.81899e-12 -262258 -3.99926e+08
-1.40488e-07 -210962 -3.21706e+08
-6.23359e-08 -159668 -2.43488e+08
-4.79725e-08 -108375 -1.6527e+08
-3.33352e-08 -57083.9 -8.70522e+07
-2.13788e-08 -5793.54 -8.83512e+06
-1.11246e-08 45496.1 6.93816e+07
-3.87467e-09 96785.4 1.47598e+08
-4.51667e-10 148075 2.25815e+08
-1.82345e-09 199364 3.04031e+08
-0.000296477 238850 3.64246e+08
-0.000614937 258746 3.94588e+08
-5.17999e-05 276240 4.21263e+08
-0.000941317 291067 4.43872e+08
-1.63209e-08 303169 4.62323e+08
-0.0020796 314073 4.78947e+08
-0.00104023 324311 4.94554e+08
-0.00403882 333612 5.08731e+08
-4.29281e-10 341104 5.20149e+08
3.15049e-09 347473 5.29852e+08
3.52065e-09 353311 5.38745e+08
6.4756e-10 358660 5.46892e+08
-1.81171e-09 363561 5.54354e+08
-3.61979e-09 368053 5.61191e+08
-6.54381e-09 372172 5.67459e+08
-9.44056e-09 375953 5.7321e+08
-1.13469e-08 379427 5.78493e+08
-1.28748e-08 382625 5.83353e+08
-1.53104e-08 385574 5.87832e+08
-1.59798e-08 388299 5.91969e+08
-1.7013e-08 390823 5.95798e+08
-1.81899e-12 349694 5.33111e+08
-4.74423e-07 308568 4.70425e+08
-1.42576e-06 267445 4.07741e+08
-4.84178e-06 226325 3.45058e+08
4.49836e-09 185207 2.82376e+08
-3.32338e-07 144093 2.19696e+08
-8.69915e-07 102981 1.57016e+08
-2.33623e-06 61871.4 9.43377e+07
-1.0402e-05 20764 3.16602e+07
3.50144e-08 -20341.3 -3.10163e+07
-1.68916e-07 -61444.7 -9.36918e+07
-3.75746e-07 -102546 -1.56367e+08
-7.13665e-07 -143646 -2.1904e+08
-0.000629305 -173531 -2.64614e+08
-0.0005187 -191574 -2.9213e+08
-0.000632169 -209131 -3.18907e+08
-2.68351e-08 -223698 -3.41123e+08
-0.000759649 -237671 -3.62436e+08
1.03012e-08 -249688 -3.80763e+08
-0.00184165 -260874 -3.97825e+08
-0.00232815 -271542 -4.14096e+08
0.000892806 -281631 -4.29484e+08
1.45535e-06 -237356 -3.61963e+08
8.24029e-06 -193080 -2.94441e+08
6.10655e-08 -148803 -2.26918e+08
-4.87292e-08 -104526 -1.59395e+08
-1.3875e-07 -60246.7 -9.18717e+07
-1.82156e-07 -15966.6 -2.43475e+07
-2.21936e-07 28315.2 4.31775e+07
-2.69831e-07 72598.6 1.10703e+08
-3.22985e-07 116884 1.7823e+08
-3.82244e-07 161171 2.45757e+08
-4.474e-07 205461 3.13286e+08
-5.18906e-07 249753 3.80815e+08
2.08561e-05 283129 4.31698e+08
4.68829e-07 298996 4.55881e+08
-0.000196915 313953 4.78676e+08
-0.000479003 325456 4.96203e+08
0.000298405 335998 5.12264e+08
-0.00104914 344245 5.24824e+08
-0.000662106 352049 5.36708e+08
-0.000644402 359438 5.47957e+08
1.64695e-06 316022 4.81784e+08
9.08905e-06 272609 4.1561e+08
-5.57302e-08 229199 3.49437e+08
-5.53599e-07 185793 2.83266e+08
-1.48687e-06 142389 2.17096e+08
-4.56969e-06 98988.5 1.50928e+08
2.6057e-09 55590.6 8.47608e+07
-3.12639e-07 12195.1 1.85947e+07
-7.97131e-07 -31198 -4.75704e+07
-2.1538e-06 -74589 -1.13734e+08
-1.0194e-05 -117978 -1.79897e+08
4.39827e-08 -161365 -2.4606e+08
-3.48034e-05 -200079 -3.05096e+08
-0.00112205 -220576 -3.36357e+08
-0.000674116 -237805 -3.62633e+08
-0.00313399 -252434 -3.84946e+08
-0.00164749 -265687 -4.05159e+08
1.2742e-08 -277006 -4.22423e+08
-0.00206385 -287250 -4.38049e+08
-0.00257796 -296972 -4.52878e+08
-3.06052e-05 -249575 -3.80595e+08
-1.53253e-07 -202176 -3.08311e+08
-1.79436e-07 -154777 -2.36027e+08
-1.77865e-07 -107377 -1.63742e+08
-2.13755e-07 -59974.5 -9.14557e+07
-2.6541e-07 -12570.8 -1.91691e+07
-3.24462e-07 34834.8 5.31184e+07
-3.91376e-07 82242.5 1.25407e+08
-4.6599e-07 129652 1.97696e+08
-5.48302e-07 177065 2.69987e+08
-6.37829e-07 224480 3.42279e+08
-2.08366e-05 266128 4.05774e+08
-0.000210351 286483 4.36799e+08
-0.000289115 303818 4.6322e+08
-2.77305e-08 317113 4.83478e+08
-0.000242761 329308 5.02058e+08
-0.0011658 338941 5.16729e+08
-0.000810844 348019 5.30555e+08
3.91202e-06 299688 4.56887e+08
-4.52292e-09 251361 3.83221e+08
-7.58851e-07 203038 3.09557e+08
-2.92445e-06 154719 2.35895e+08
-1.82554e-05 106404 1.62234e+08
1.36618e-07 58091.6 8.85742e+07
-2.99459e-07 9782.53 1.49161e+07
-1.02113e-06 -38523.6 -5.87406e+07
-3.77667e-06 -86827.1 -1.32396e+08
4.82692e-09 -135128 -2.0605e+08
-2.6263e-07 -183427 -2.79704e+08
-0.00011484 -222568 -3.39393e+08
7.14726e-09 -242086 -3.69161e+08
-0.00143568 -259796 -3.96171e+08
-0.00157653 -274092 -4.17976e+08
6.23959e-09 -286847 -4.37431e+08
-0.0026592 -297661 -4.53925e+08
-0.00346689 -307856 -4.69476e+08
1.17097e-07 -316449 -4.82583e+08
-6.53972e-09 -324288 -4.94539e+08
-6.74186e-09 -331581 -5.05664e+08
-6.56937e-09 -338366 -5.16011e+08
-6.51994e-09 -344677 -5.25635e+08
-6.20048e-09 -350548 -5.34588e+08
-5.45811e-09 -356013 -5.42921e+08
-5.78598e-09 -361104 -5.50683e+08
-0.00684791 -365851 -5.57919e+08
-4.78622e-09 -370283 -5.64675e+08
-0.0056301 -374427 -5.70989e+08
-9.97247e-08 -377931 -5.76328e+08
5.63159e-09 -381033 -5.81051e+08
7.77618e-11 -340409 -5.19107e+08
-4.37303e-08 -299786 -4.57163e+08
-1.67622e-08 -259165 -3.9522e+08
-1.81674e-08 -218545 -3.33277e+08
-1.16606e-08 -177925 -2.71334e+08
-8.18284e-09 -137306 -2.09392e+08
-4.72329e-09 -96687.9 -1.47449e+08
-2.24006e-09 -56069.9 -8.5507e+07
-6.02338e-10 -15452.3 -2.35649e+07
2.68479e-11 25165.2 3.83772e+07
-5.92692e-10 65782.7 1.00319e+08
-2.60363e-09 106400 1.62261e+08
-6.17183e-09 147018 2.24203e+08
-4.477e-06 185605 2.83046e+08
-0.000351544 207592 3.16576e+08
-0.000267692 225054 3.43203e+08
-0.000398425 241370 3.68083e+08
-0.000538778 255267 3.89272e+08
-0.000803392 268529 4.09493e+08
-0.00126328 279637 4.2643e+08
5.52171e-06 229144 3.49435e+08
-1.08944e-08 178653 2.7244e+08
-7.15047e-08 128162 1.95445e+08
-1.06847e-07 77673.1 1.18451e+08
-1.35367e-07 27184.9 4.1457e+07
-1.68064e-07 -23302.6 -3.55365e+07
-2.24392e-07 -73789.7 -1.1253e+08
-3.65797e-07 -124277 -1.89523e+08
-9.22829e-07 -174764 -2.66516e+08
-5.83871e-06 -225251 -3.43509e+08
6.70454e-08 -275740 -4.20503e+08
-7.16568e-09 -305247 -4.655e+08
-0.000393169 -321930 -4.90937e+08
-0.00155288 -335634 -5.11832e+08
-0.00093162 -347195 -5.29457e+08
2.44149e-08 -355536 -5.42171e+08
-1.86446e-11 -317891 -4.84768e+08
-3.24917e-08 -280247 -4.27366e+08
-1.41197e-08 -242603 -3.69964e+08
-1.45878e-08 -204961 -3.12562e+08
-9.98648e-09 -167319 -2.5516e+08
-7.3037e-09 -129679 -1.97759e+08
-4.659e-09 -92038.1 -1.40358e+08
-2.61053e-09 -54398 -8.29571e+07
-1.02685e-09 -16758.2 -2.55563e+07
-2.04432e-10 20881.4 3.18444e+07
-3.47438e-11 58521 8.92451e+07
-6.61117e-10 96160.7 1.46646e+08
-2.16738e-09 133801 2.04047e+08
-4.77922e-09 171441 2.61447e+08
-8.57824e-09 209081 3.18848e+08
6.10726e-09 230882 3.52093e+08
-0.000255532 246070 3.75253e+08
-0.000198139 260895 3.97859e+08
-0.0001865 273036 4.16371e+08
-0.000393158 284521 4.33882e+08
-0.000561894 294564 4.49193e+08
3.31125e-07 253783 3.87008e+08
1.04361e-06 213003 3.24823e+08
9.88828e-06 172225 2.62639e+08
-8.32183e-08 131447 2.00455e+08
1.76681e-08 90670.3 1.38272e+08
2.57538e-09 49894.1 7.60884e+07
-3.16942e-09 9118.24 1.39053e+07
-2.64706e-09 -31657.3 -4.82776e+07
-5.93637e-10 -72432.7 -1.1046e+08
-1.30015e-10 -113208 -1.72643e+08
-1.38664e-09 -153984 -2.34826e+08
-3.80157e-09 -194760 -2.97009e+08
-7.01232e-09 -235536 -3.59192e+08
-9.59054e-07 -274898 -4.19218e+08
-0.000223443 -294771 -4.49522e+08
-0.000229512 -309073 -4.7133e+08
-0.000522622 -321991 -4.91027e+08
-0.000416434 -332341 -5.06805e+08
-0.000861633 -341716 -5.21098e+08
7.56364e-06 -288450 -4.39875e+08
1.42213e-08 -235185 -3.58651e+08
-7.43141e-08 -181922 -2.77428e+08
-2.56558e-08 -128660 -1.96205e+08
-1.36081e-08 -75398.7 -1.14983e+08
-4.51416e-09 -22138.4 -3.37612e+07
-2.82848e-10 31121.6 4.74607e+07
-1.65177e-09 84381.5 1.28682e+08
-1.00148e-08 137642 2.09904e+08
-2.66594e-08 190903 2.91127e+08
-5.41341e-05 237243 3.61794e+08
-0.000641551 260027 3.96537e+08
-0.00050199 279420 4.26106e+08
-0.00118506 295003 4.49866e+08
-0.000106167 308350 4.70214e+08
-0.00327362 319951 4.87898e+08
1.87376e-06 330294 5.03663e+08
-2.58788e-08 339031 5.16978e+08
-2.13722e-08 347096 5.29266e+08
-2.01753e-08 354535 5.406e+08
-1.89748e-08 361397 5.51051e+08
-1.72922e-08 367727 5.6069e+08
-1.48239e-08 373569 5.69584e+08
-1.21418e-08 378967 5.77799e+08
-2.88538e-05 383008 5.83942e+08
-3.20321e-06 386066 5.88582e+08
-0.000234356 388176 5.9177e+08
0.000586673 388918 5.92868e+08
-0.000432254 388997 5.92949e+08
0.00718169 388579 5.92274e+08
0.00727119 387811 5.91062e+08
9.33736e-05 386748 5.89397e+08
-0.0133299 385221 5.87017e+08
0.00223316 383525 5.84378e+08
0.00216285 381835 5.81747e+08
0.00211494 380118 5.79075e+08
0.00294473 378382 5.76373e+08
0.00391814 376657 5.73687e+08
0.00473136 374966 5.71052e+08
0.00653386 373234 5.68354e+08
0.00784621 371420 5.65532e+08
0.010376 369599 5.62696e+08
0.0120468 367795 5.59889e+08
-3.08844e-06 365713 5.5665e+08
0.0224206 363583 5.53335e+08
0.0108733 361493 5.50083e+08
-0.000202719 359469 5.4693e+08
0.00553672 357563 5.43956e+08
0.00381972 355726 5.41087e+08
0.00282888 353963 5.38331e+08
0.00207189 352277 5.35692e+08
0.00153154 350670 5.33172e+08
0.00115809 349140 5.30771e+08
3.07397e-05 316181 4.80696e+08
-2.35195e-08 283230 4.30625e+08
-2.70513e-06 250285 3.80558e+08
-1.36602e-05 217347 3.30495e+08
9.55879e-09 184415 2.80436e+08
-2.3793e-06 151490 2.30381e+08
-1.16704e-05 118571 1.80329e+08
8.15635e-09 85658.6 1.30281e+08
-2.17833e-06 52752 8.02368e+07
-1.02778e-05 19851.6 3.01963e+07
-2.76004e-06 -12138.3 -1.84645e+07
-2.34581e-06 -39745 -6.04632e+07
-0.000122257 -65495.8 -9.96439e+07
-0.000187085 -90317.1 -1.37416e+08
-0.000231684 -113435 -1.726e+08
0.000135596 -135156 -2.05665e+08
3.2009e-05 -153730 -2.33947e+08
-0.00102259 -167631 -2.55119e+08
0.000860516 -178872 -2.72242e+08
-2.6688e-05 -128930 -1.96217e+08
8.64975e-09 -78976.2 -1.20184e+08
-8.82856e-06 -29010.6 -4.41446e+07
2.27215e-09 20967.1 3.19026e+07
-9.76002e-06 70957.6 1.07958e+08
2.10093e-09 120961 1.8402e+08
-1.07017e-05 170978 2.60091e+08
2.00998e-09 221008 3.3617e+08
-0.00294964 268889 4.08964e+08
-1.23623e-05 297527 4.52464e+08
2.46163e-05 319155 4.85284e+08
1.11134e-06 266115 4.04673e+08
-6.92503e-06 213092 3.24072e+08
4.94674e-08 160085 2.4348e+08
-2.08274e-10 107093 1.62898e+08
-2.08956e-09 54118 8.23249e+07
2.34181e-10 1157.57 1.76105e+06
8.65737e-06 -47634.2 -7.24741e+07
-0.000645254 -89095.2 -1.3557e+08
-0.000706756 -126887 -1.93096e+08
-0.00102004 -161723 -2.46137e+08
-7.35727e-08 -118199 -1.79884e+08
-5.22567e-06 -74666.5 -1.13626e+08
-1.8305e-05 -31124.6 -4.73617e+07
-9.55129e-09 12426.6 1.89081e+07
-5.60797e-06 55987.4 8.51838e+07
-1.80945e-05 99557.9 1.51465e+08
-1.10713e-08 143138 2.17753e+08
-6.33493e-06 186729 2.84046e+08
5.47516e-10 230330 3.50346e+08
1.94238e-06 265470 4.03759e+08
8.95144e-06 288408 4.38596e+08
6.99001e-06 308308 4.688e+08
4.49885e-07 258168 3.92594e+08
-9.0708e-06 208043 3.16396e+08
1.00963e-08 157932 2.40208e+08
-1.11895e-05 107836 1.64027e+08
1.61267e-08 57753.6 8.7855e+07
-1.01589e-05 7684.89 1.16912e+07
-4.92054e-05 -40020.3 -6.08888e+07
-0.000927492 -79739.4 -1.21331e+08
-0.000851843 -116233 -1.76877e+08
-0.00177229 -150425 -2.28933e+08
0.000221651 -177524 -2.70203e+08
0.00509446 -193383 -2.94368e+08
0.000342839 -208139 -3.16857e+08
1.92229e-05 -221424 -3.3711e+08
5.04501e-05 -233544 -3.55592e+08
2.34125e-05 -244957 -3.72999e+08
-0.00345425 -255585 -3.89212e+08
2.70736e-05 -265086 -4.03712e+08
4.82333e-05 -273775 -4.16976e+08
4.52776e-05 -281968 -4.29485e+08
4.23515e-05 -289704 -4.413e+08
3.96134e-05 -297019 -4.52473e+08
4.68633e-05 -303946 -4.63055e+08
4.28219e-05 -310515 -4.73093e+08
1.2121e-05 -316649 -4.82466e+08
0.000167038 -322300 -4.91101e+08
8.6732e-07 -273060 -4.1606e+08
2.21371e-06 -223815 -3.41015e+08
1.7636e-05 -174566 -2.65967e+08
2.24634e-07 -125311 -1.90916e+08
-1.11078e-06 -76050.4 -1.15862e+08
-5.60354e-06 -26784.4 -4.08041e+07
-1.26841e-05 22487.8 3.42572e+07
1.29262e-05 71766.3 1.09322e+08
4.55111e-09 121051 1.84391e+08
-2.68894e-06 170343 2.59463e+08
-6.85943e-05 214903 3.27318e+08
-7.03887e-07 160759 2.44863e+08
-7.02177e-06 106623 1.62413e+08
8.52447e-09 52495.9 7.99677e+07
-3.11388e-06 -1623.53 -2.47325e+06
1.92358e-09 -55735.3 -8.49097e+07
-2.64787e-06 -109840 -1.67342e+08
5.11136e-10 -163938 -2.4977e+08
-4.23014e-05 -211617 -3.22429e+08
-0.000326343 -251910 -3.83845e+08
-5.22837e-06 -279625 -4.26115e+08
-1.09606e-07 -241365 -3.67803e+08
-5.84405e-07 -203102 -3.09489e+08
-9.71788e-07 -164836 -2.51174e+08
-1.02916e-06 -126568 -1.92857e+08
-1.11389e-06 -88296.8 -1.34538e+08
-1.20423e-06 -50022.4 -7.62171e+07
-1.30418e-06 -11744.8 -1.78947e+07
-1.40975e-06 26536.2 4.04299e+07
-1.52074e-06 64820.6 9.87561e+07
-1.63651e-06 103109 1.57084e+08
-1.75806e-06 141400 2.15415e+08
-0.00070109 179667 2.73702e+08
2.51512e-06 202218 3.08038e+08
-6.45355e-07 222439 3.38816e+08
2.53431e-08 172783 2.63193e+08
-2.41417e-06 123135 1.87574e+08
-1.6043e-05 73492.9 1.11958e+08
6.71184e-08 23857.8 3.63461e+07
-1.80545e-06 -25770.9 -3.92621e+07
-1.06193e-05 -75393.7 -1.14867e+08
2.78087e-08 -125011 -1.90469e+08
-1.49422e-06 -174622 -2.66067e+08
-2.71268e-05 -216011 -3.29146e+08
-0.000917089 -252790 -3.85209e+08
2.36872e-05 -283532 -4.32084e+08
0.000491147 -300762 -4.58376e+08
0.000252498 -310377 -4.73049e+08
-0.0047733 -318174 -4.84947e+08
-5.09528e-05 -324962 -4.95303e+08
-0.000140595 -331148 -5.04744e+08
2.81442e-06 -335649 -5.11611e+08
8.23806e-06 -339497 -5.17483e+08
1.20696e-05 -342806 -5.22531e+08
-8.5965e-06 -345468 -5.26591e+08
-8.51023e-07 -347450 -5.29612e+08
0.000150354 -348903 -5.31822e+08
0.00106759 -349311 -5.32433e+08
0.000123327 -349394 -5.32544e+08
-0.0123963 -349516 -5.32717e+08
3.07158e-06 -349442 -5.32587e+08
-6.28515e-07 -349208 -5.32215e+08
0.000322662 -348955 -5.31812e+08
0.00159696 -348646 -5.31322e+08
0.00189306 -348257 -5.30712e+08
-0.0075838 -347702 -5.29846e+08
0.000444019 -346964 -5.28698e+08
7.58258e-07 -294531 -4.48807e+08
1.43872e-05 -242101 -3.68918e+08
1.76867e-07 -189674 -2.89032e+08
1.40479e-06 -137249 -2.09147e+08
2.34016e-08 -84826.8 -1.29264e+08
6.15172e-08 -32406 -4.93823e+07
9.84675e-08 20013.3 3.04976e+07
6.30151e-08 72431.5 1.10376e+08
3.99115e-05 121675 1.85417e+08
-3.21955e-09 76315.5 1.16295e+08
4.46633e-08 30955.7 4.71727e+07
1.204e-08 -14404.7 -2.1951e+07
9.58406e-09 -59766.2 -9.10758e+07
-1.2802e-08 -105129 -1.60202e+08
-5.06726e-08 -150493 -2.29329e+08
-2.67895e-07 -195858 -2.98458e+08
-1.82808e-06 -241226 -3.67587e+08
-2.80238e-09 -286595 -4.36719e+08
-1.40217e-07 -331967 -5.05852e+08
5.90239e-09 -306109 -4.66451e+08
-1.31968e-08 -280251 -4.27051e+08
-4.83942e-09 -254394 -3.87652e+08
-5.1549e-09 -228537 -3.48253e+08
-3.95067e-09 -202682 -3.08855e+08
-2.41863e-09 -176826 -2.69457e+08
-1.52906e-09 -150972 -2.30059e+08
-5.16465e-10 -125118 -1.90662e+08
1.03143e-09 -99264.3 -1.51265e+08
7.91289e-10 -73411.2 -1.11869e+08
2.04693e-09 -47558.5 -7.24729e+07
2.54821e-09 -21706.1 -3.30774e+07
4.09395e-09 4145.9 6.31783e+06
4.54318e-09 29997.6 4.57127e+07
5.02706e-09 55849.1 8.51072e+07
5.17736e-09 81700.4 1.24501e+08
5.56099e-09 107552 1.63895e+08
5.54728e-08 60268.8 9.18423e+07
2.48441e-08 12985.4 1.97882e+07
1.76392e-08 -34298.9 -5.22671e+07
-9.34328e-10 -81584.3 -1.24324e+08
-1.18711e-08 -128871 -1.96381e+08
-2.93643e-08 -176160 -2.6844e+08
-4.02896e-08 -223450 -3.40501e+08
-5.97479e-08 -270743 -4.12563e+08
-6.90986e-08 -318038 -4.84627e+08
-2.49998e-07 -250276 -3.81378e+08
-1.46751e-07 -182519 -2.78132e+08
-3.90869e-08 -114767 -1.74889e+08
-6.00582e-07 -47017.4 -7.16484e+07
-4.54854e-09 20729.6 3.15893e+07
2.64002e-07 88474.8 1.34825e+08
0.000384475 147749 2.25154e+08
0.000237938 195848 2.98459e+08
-0.000190218 225852 3.44184e+08
0.00171949 249581 3.80348e+08
6.99453e-06 269082 4.10068e+08
4.62982e-05 286557 4.36698e+08
6.35768e-05 302548 4.61066e+08
-0.000861032 315107 4.80199e+08
-0.0028074 323674 4.93244e+08
0.000365929 329970 5.0282e+08
-0.000502468 334087 5.09068e+08
3.685e-05 337307 5.13944e+08
-0.000264056 339826 5.1775e+08
0.00260433 341863 5.20819e+08
9.524e-06 343415 5.23145e+08
3.68218e-08 344229 5.24339e+08
1.22236e-09 331920 5.05596e+08
-6.83394e-09 319612 4.86852e+08
-8.69295e-09 307304 4.68109e+08
-8.50741e-09 294997 4.49365e+08
-8.7548e-09 282690 4.30622e+08
-9.63882e-09 270383 4.1188e+08
-8.36189e-09 258077 3.93137e+08
-8.11724e-09 245771 3.74394e+08
-8.07813e-09 233465 3.55652e+08
-8.25457e-09 221160 3.3691e+08
-8.25185e-09 208856 3.18168e+08
-7.3851e-09 196551 2.99426e+08
-8.51378e-09 184247 2.80685e+08
-7.61975e-09 171943 2.61943e+08
-7.30688e-09 159640 2.43202e+08
-6.94308e-09 147337 2.24461e+08
-7.50606e-09 135034 2.0572e+08
-7.17137e-09 122732 1.86979e+08
-6.50334e-09 110430 1.68239e+08
-7.02039e-09 98127.8 1.49498e+08
-6.97855e-09 85826.3 1.30758e+08
-6.72981e-09 73525.2 1.12018e+08
-6.03313e-09 61224.3 9.3278e+07
-6.21958e-09 48923.8 7.45382e+07
-6.28734e-09 36623.6 5.57985e+07
-5.70674e-09 24323.6 3.7059e+07
-5.3036e-09 12024 1.83197e+07
-5.67399e-09 -275.242 -419360
-4.87887e-09 -12574.3 -1.91584e+07
-4.90672e-09 -24873.1 -3.78973e+07
-4.96891e-09 -37171.6 -5.66361e+07
-5.12978e-09 -49469.9 -7.53747e+07
-4.5718e-09 -61767.8 -9.41132e+07
-4.6e-09 -74065.5 -1.12851e+08
-4.50677e-09 -86363 -1.3159e+08
-3.75258e-09 -98660.1 -1.50328e+08
-3.61593e-06 -32410.4 -4.93816e+07
4.40548e-06 33847.3 5.15688e+07
6.2937e-09 100114 1.52524e+08
-5.0647e-06 166389 2.53483e+08
7.07174e-06 232674 3.54447e+08
1.60871e-08 298970 4.55417e+08
0.00424918 344435 5.2464e+08
-1.81899e-10 292060 4.44881e+08
-2.38339e-06 239692 3.65126e+08
1.14142e-09 187330 2.85375e+08
-2.0245e-06 134976 2.05627e+08
-1.28297e-05 82626.9 1.25881e+08
5.20903e-08 30284.2 4.61393e+07
-1.41255e-06 -22053 -3.35999e+07
-7.71879e-06 -74385 -1.13336e+08
1.75933e-08 -126712 -1.9307e+08
-9.87504e-07 -78245.3 -1.19218e+08
-1.95146e-06 -29774.4 -4.53644e+07
-7.78651e-07 18700.9 2.84918e+07
-2.49499e-06 67180.9 1.02351e+08
-5.64717e-07 115666 1.76212e+08
-2.72538e-06 164156 2.50076e+08
-1.4469e-06 212652 3.23943e+08
-3.87113e-06 261153 3.97812e+08
1.40403e-06 309660 4.71685e+08
0.00834566 344470 5.24683e+08
-1.81899e-12 270481 4.12012e+08
-1.83718e-10 196507 2.99348e+08
-1.2642e-10 122547 1.86691e+08
-7.34024e-06 48598.9 7.40406e+07
2.28771e-08 -25337.6 -3.86038e+07
-5.49726e-06 -99263.4 -1.51243e+08
2.81665e-05 -169449 -2.58193e+08
2.02801e-05 -222595 -3.39197e+08
0.000127582 -255486 -3.89334e+08
-0.00387504 -281768 -4.29404e+08
-0.00158977 -301566 -4.59595e+08
0.000111564 -318085 -4.84793e+08
1.89668e-05 -328634 -5.00885e+08
0.000554048 -336058 -5.12206e+08
-1.95624e-05 -340159 -5.18454e+08
0.00552771 -343057 -5.22867e+08
-2.83344e-08 -345205 -5.26135e+08
3.08366e-05 -346824 -5.28594e+08
-0.000270291 -347583 -5.29734e+08
-4.62601e-05 -347661 -5.29829e+08
-5.18673e-05 -347503 -5.29564e+08
-6.1392e-05 -347139 -5.28984e+08
2.59418e-07 -292383 -4.4555e+08
-7.98577e-07 -237630 -3.62119e+08
-1.71757e-06 -182880 -2.78689e+08
-1.098e-05 -128132 -1.95261e+08
-1.69928e-07 -73386.2 -1.11834e+08
3.11049e-08 -18641.9 -2.84086e+07
4.95194e-08 36101.3 5.50154e+07
5.4314e-08 90843.8 1.38438e+08
0.00306117 141602 2.15791e+08
-0.000300933 183109 2.79051e+08
1.17699e-07 135846 2.07025e+08
7.9396e-08 88583.5 1.34998e+08
3.82309e-08 41320.5 6.29712e+07
1.20797e-08 -5942.79 -9.05662e+06
-6.03296e-09 -53206.7 -8.10852e+07
-6.89287e-08 -100471 -1.53115e+08
-3.87775e-07 -147737 -2.25145e+08
-2.51573e-06 -195004 -2.97176e+08
-2.90333e-09 -242273 -3.69209e+08
2.54317e-09 -289535 -4.41229e+08
0.00144564 -325589 -4.96157e+08
0.00130368 -340728 -5.19191e+08
3.92765e-05 -283499 -4.31993e+08
1.39928e-07 -226273 -3.44798e+08
-3.36378e-07 -169051 -2.57605e+08
8.16374e-08 -111832 -1.70414e+08
-5.1301e-08 -54615 -8.32251e+07
7.71269e-08 2600.21 3.96234e+06
4.91594e-08 59814 9.11482e+07
4.75888e-06 115339 1.75761e+08
-0.000124478 160896 2.45188e+08
-0.00330962 201897 3.07678e+08
-6.33877e-05 156230 2.38085e+08
1.1264e-07 110563 1.68492e+08
1.73345e-08 64895.8 9.88979e+07
1.93538e-08 19228.5 2.93033e+07
9.31056e-09 -26439.3 -4.02921e+07
6.28972e-10 -72107.8 -1.09888e+08
-8.65485e-09 -117777 -1.79485e+08
-1.95203e-08 -163448 -2.49083e+08
-2.98522e-08 -209120 -3.18682e+08
-4.14871e-08 -254793 -3.88282e+08
-0.0225997 -295624 -4.50496e+08
-1.65087e-05 -319596 -4.87002e+08
0.00207663 -333551 -5.08232e+08
-1.40517e-10 -252106 -3.84142e+08
-7.46678e-07 -170668 -2.60057e+08
-3.02381e-06 -89236.9 -1.35977e+08
-2.95181e-08 -7810.32 -1.19013e+07
4.07084e-07 73612.7 1.12171e+08
-0.000955146 143670 2.1893e+08
-0.00655278 202643 3.08807e+08
-0.000686267 238936 3.64116e+08
9.04247e-05 266044 4.05431e+08
6.2875e-06 288041 4.38956e+08
5.86128e-05 307616 4.68788e+08
8.16839e-06 321847 4.90474e+08
-1.35336e-05 331217 5.04742e+08
-0.00016395 337309 5.14003e+08
3.53203e-05 341188 5.1988e+08
-0.00141614 343996 5.24122e+08
8.83608e-05 346091 5.27274e+08
0.00153951 347099 5.2876e+08
0.0001393 347036 5.28607e+08
0.000147306 346526 5.27771e+08
0.000116435 345720 5.26482e+08
-3.32422e-06 292078 4.44815e+08
1.51613e-09 238445 3.63154e+08
-3.65568e-06 184820 2.81497e+08
1.96906e-09 131204 1.99845e+08
-3.13597e-06 77596.5 1.18197e+08
1.19201e-09 23996.4 3.65534e+07
-2.65906e-06 -29596.5 -4.50859e+07
1.22873e-09 -83182.4 -1.26721e+08
0.00167163 -132815 -2.02342e+08
0.000171009 -173673 -2.64603e+08
-9.81033e-05 -209949 -3.19891e+08
0.000791038 -233338 -3.55544e+08
-6.79186e-06 -171638 -2.6152e+08
-9.84619e-09 -109930 -1.67491e+08
-3.48303e-06 -48215.3 -7.34587e+07
9.06319e-08 13507.4 2.05784e+07
-3.82732e-06 75238.4 1.1462e+08
-5.76176e-06 136978 2.08667e+08
8.89739e-06 198728 3.02718e+08
2.30775e-08 260487 3.96775e+08
7.87864e-05 299977 4.56881e+08
6.02454e-05 324753 4.94567e+08
0.00112402 329821 5.0223e+08
9.75827e-05 277918 4.23219e+08
-8.83641e-07 226025 3.44212e+08
-7.53622e-06 174140 2.6521e+08
5.28371e-09 122264 1.86212e+08
-3.05306e-06 70394.9 1.07219e+08
1.25294e-09 18533.9 2.82303e+07
-2.62867e-06 -33319.9 -5.07542e+07
8.44921e-10 -85166.7 -1.29734e+08
0.000307165 -129798 -1.97731e+08
-0.000979325 -168695 -2.57002e+08
-0.000972539 -205483 -3.13069e+08
1.86559e-05 -230980 -3.51933e+08
-0.00202559 -250024 -3.80966e+08
-0.000138999 -178928 -2.72625e+08
-1.87502e-06 -107823 -1.64278e+08
-1.72236e-10 -36708.2 -5.59255e+07
-7.14681e-06 34417.4 5.24328e+07
-5.22914e-09 105554 1.60798e+08
-3.32875e-10 176704 2.69169e+08
-0.01036 246945 3.76142e+08
-3.57321e-05 286429 4.36231e+08
-0.000111579 309398 4.7116e+08
-5.75993e-06 316514 4.81942e+08
1.78054e-07 262404 3.99573e+08
-3.93002e-06 208304 3.1721e+08
2.17005e-09 154213 2.34852e+08
-4.14108e-06 100132 1.52499e+08
3.02157e-09 46059.8 7.01514e+07
-3.54691e-06 -8004.14 -1.21913e+07
1.63095e-09 -62060 -9.45291e+07
0.000121976 -111531 -1.69891e+08
-0.012115 -152790 -2.32756e+08
-0.00124801 -191863 -2.92298e+08
1.639e-05 -224420 -3.41921e+08
-5.32141e-08 -139256 -2.12156e+08
1.16188e-10 -54077 -8.23809e+07
-2.96495e-10 31119.4 4.74042e+07
-2.71029e-10 116334 1.772e+08
-4.56566e-10 201569 3.07006e+08
-3.97503e-06 269843 4.10947e+08
0.000157642 310534 4.72838e+08
0.00512506 312619 4.7593e+08
6.52221e-05 312947 4.7635e+08
0.000136997 313048 4.76422e+08
-5.13673e-05 313015 4.76289e+08
-6.94291e-05 312713 4.75745e+08
-6.63424e-05 312165 4.74825e+08
-0.000726178 311108 4.7312e+08
0.0218741 309620 4.70752e+08
