0 0 0
-1.16636e-11 -17050.8 -2.60025e+07
-1.64775e-11 -34101.6 -5.2005e+07
-9.10205e-12 -51152.5 -7.80075e+07
-6.61657e-11 -68203.4 -1.0401e+08
-1.2875e-10 -85254.3 -1.30013e+08
-1.10816e-10 -102305 -1.56015e+08
-1.65983e-10 -119356 -1.82018e+08
-1.87754e-10 -136407 -2.0802e+08
-3.0218e-10 -153459 -2.34023e+08
-3.66185e-10 -170510 -2.60025e+08
-4.70891e-10 -187561 -2.86028e+08
-5.1773e-10 -204613 -3.12031e+08
-7.04858e-10 -221664 -3.38034e+08
-7.06905e-10 -238716 -3.64036e+08
-8.82437e-10 -255768 -3.90039e+08
-9.25866e-10 -272820 -4.16042e+08
-1.06252e-09 -289872 -4.42045e+08
-3.52135e-07 -303066 -4.62164e+08
1.38742e-05 -309410 -4.71837e+08
-4.68829e-06 -312625 -4.76738e+08
-3.01935e-06 -315838 -4.81636e+08
-4.32132e-07 -319049 -4.86532e+08
4.43084e-05 -321837 -4.90781e+08
5.59546e-06 -323556 -4.934e+08
1.59581e-05 -325274 -4.96019e+08
2.43524e-05 -326992 -4.98636e+08
2.46645e-05 -328710 -5.01253e+08
0.000270626 -329966 -5.03167e+08
-0.000130358 -330735 -5.04336e+08
-0.000119402 -331504 -5.05508e+08
-0.000115371 -332276 -5.06682e+08
-0.000111883 -333049 -5.07858e+08
-0.000108798 -333824 -5.09037e+08
-0.000106001 -334601 -5.10219e+08
-0.000103419 -335380 -5.11404e+08
-0.00786366 -336078 -5.12466e+08
-1.34006e-07 -336359 -5.12892e+08
-0.00017975 -336644 -5.13323e+08
-0.000173473 -336932 -5.13758e+08
-0.000167847 -337223 -5.14199e+08
-0.000162391 -337518 -5.14645e+08
-0.000157037 -337816 -5.15097e+08
-0.000151814 -338118 -5.15553e+08
-0.000146714 -338423 -5.16016e+08
-0.000141744 -338733 -5.16483e+08
-0.000136899 -339046 -5.16957e+08
-0.000132183 -339362 -5.17435e+08
-0.00012759 -339682 -5.1792e+08
-0.000123129 -340007 -5.1841e+08
1.66506e-07 -323119 -4.92666e+08
-4.91718e-08 -306233 -4.66922e+08
1.50067e-09 -289346 -4.41178e+08
-7.47059e-09 -272460 -4.15434e+08
-5.81986e-09 -255575 -3.89691e+08
-5.27507e-09 -238689 -3.63947e+08
-5.75801e-09 -221805 -3.38204e+08
-5.04679e-09 -204920 -3.12461e+08
-4.68799e-09 -188036 -2.86718e+08
-4.98494e-09 -171152 -2.60975e+08
-4.39559e-09 -154269 -2.35233e+08
-4.43288e-09 -137386 -2.0949e+08
-4.2312e-09 -120503 -1.83748e+08
-3.83693e-09 -103621 -1.58006e+08
-3.67618e-09 -86738.4 -1.32264e+08
-3.49837e-09 -69856.5 -1.06522e+08
-3.30465e-09 -52974.9 -8.07801e+07
-3.16527e-09 -36093.5 -5.50383e+07
-3.17394e-09 -19212.3 -2.92967e+07
-2.80363e-09 -2331.47 -3.55526e+06
-2.70251e-09 14549.2 2.21861e+07
-2.57484e-09 31429.6 4.79273e+07
-2.30796e-09 48309.8 7.36685e+07
-2.01214e-09 65189.8 9.94096e+07
-1.96951e-09 82069.6 1.25151e+08
-1.96485e-09 98949.3 1.50891e+08
-1.77351e-09 115829 1.76632e+08
-8.18545e-10 132663 2.02305e+08
0.000834121 142407 2.17164e+08
-1.53342e-05 151852 2.31568e+08
-0.000299435 158567 2.41808e+08
-3.51777e-05 164444 2.50772e+08
-3.69362e-05 170261 2.59642e+08
-3.41511e-05 176017 2.68422e+08
-3.16386e-05 181715 2.77111e+08
-2.93089e-05 187354 2.85711e+08
-2.71519e-05 192937 2.94225e+08
-2.51561e-05 198463 3.02654e+08
-0.000289489 203603 3.10493e+08
-5.04875e-05 207850 3.16969e+08
-5.18327e-05 212037 3.23355e+08
-4.87631e-05 216165 3.2965e+08
-4.5927e-05 220235 3.35857e+08
-4.32383e-05 224248 3.41978e+08
-4.06928e-05 228206 3.48014e+08
-3.8286e-05 232109 3.53967e+08
-3.60123e-05 235959 3.59839e+08
-3.38671e-05 239757 3.6563e+08
-3.18442e-05 243503 3.71343e+08
-0.000759167 246635 3.76118e+08
-7.18703e-05 249495 3.8048e+08
-8.27067e-05 252303 3.84763e+08
-7.94361e-05 255062 3.88969e+08
-7.64942e-05 257771 3.93101e+08
-7.36046e-05 260432 3.97158e+08
-7.07763e-05 263046 4.01144e+08
-6.80126e-05 265614 4.0506e+08
-6.53162e-05 268137 4.08907e+08
-6.26889e-05 270616 4.12687e+08
-6.01339e-05 273052 4.16402e+08
-5.7651e-05 275447 4.20053e+08
-5.52429e-05 277801 4.23642e+08
-5.29087e-05 280115 4.2717e+08
-5.06514e-05 282390 4.30638e+08
-4.8468e-05 284627 4.34049e+08
-4.63607e-05 286828 4.37404e+08
-4.43275e-05 288993 4.40704e+08
-8.2101e-05 291119 4.43945e+08
0.00257108 292843 4.46573e+08
-0.000200729 294458 4.49034e+08
-0.000144912 296039 4.51443e+08
-0.000143826 297588 4.53804e+08
-0.000141663 299105 4.56116e+08
-0.000139425 300592 4.58382e+08
-0.000137107 302050 4.60603e+08
-0.000134718 303478 4.62779e+08
-0.000132264 304879 4.64913e+08
-0.000129758 306252 4.67004e+08
-0.000127205 307598 4.69056e+08
-0.000124615 308919 4.71068e+08
-0.000121994 310215 4.73042e+08
-0.000119352 311487 4.74979e+08
-0.000116692 312735 4.76879e+08
-0.000114024 313961 4.78745e+08
-0.000111352 315164 4.80577e+08
-0.000108683 316345 4.82376e+08
-0.000106022 317506 4.84143e+08
-0.000103374 318646 4.85879e+08
-0.000100744 319767 4.87585e+08
-9.81322e-05 320869 4.89262e+08
-9.55469e-05 321952 4.9091e+08
-9.2991e-05 323017 4.92531e+08
-9.04664e-05 324065 4.94126e+08
-8.79761e-05 325096 4.95694e+08
-8.55224e-05 326111 4.97238e+08
-8.31094e-05 327110 4.98757e+08
-8.07354e-05 328093 5.00253e+08
-7.84052e-05 329062 5.01726e+08
-7.61192e-05 330016 5.03176e+08
-1.79634e-08 313129 4.77432e+08
-1.23209e-08 296242 4.51688e+08
-1.02809e-08 279356 4.25944e+08
-9.36507e-09 262470 4.00201e+08
-8.7166e-09 245584 3.74457e+08
-8.55243e-09 228699 3.48714e+08
-8.10178e-09 211814 3.22971e+08
-7.63066e-09 194930 2.97228e+08
-7.27096e-09 178046 2.71485e+08
-6.77755e-09 161162 2.45742e+08
-6.28779e-09 144279 2.19999e+08
-5.87079e-09 127396 1.94257e+08
-5.40535e-09 110513 1.68514e+08
-5.44219e-09 93630.3 1.42772e+08
-5.1964e-09 76748.2 1.1703e+08
-4.86546e-09 59866.3 9.12881e+07
-4.73574e-09 42984.7 6.55463e+07
-4.29986e-09 26103.4 3.98045e+07
-3.82936e-09 9222.28 1.4063e+07
-3.6477e-09 -7658.57 -1.16785e+07
-3.17436e-09 -24539.2 -3.74199e+07
-3.11576e-09 -41419.6 -6.31612e+07
-2.98451e-09 -58299.8 -8.89023e+07
-2.6962e-09 -75179.8 -1.14643e+08
-2.32603e-09 -92059.6 -1.40384e+08
-1.83316e-06 -107981 -1.64664e+08
-1.08231e-05 -117909 -1.79804e+08
-0.000186207 -126260 -1.92539e+08
-4.71023e-05 -132895 -2.02659e+08
-4.11417e-05 -139463 -2.12674e+08
-3.77348e-05 -145963 -2.22588e+08
-3.46671e-05 -152397 -2.324e+08
-3.1874e-05 -158765 -2.42112e+08
-2.93295e-05 -165069 -2.51726e+08
-0.000264877 -170475 -2.5997e+08
-6.79088e-05 -175587 -2.67767e+08
-5.9588e-05 -180629 -2.75457e+08
-5.56983e-05 -185602 -2.83041e+08
-5.21552e-05 -190506 -2.9052e+08
-4.88505e-05 -195343 -2.97897e+08
-4.57668e-05 -200113 -3.05171e+08
-4.28906e-05 -204817 -3.12346e+08
-4.02064e-05 -209457 -3.19421e+08
-0.000445697 -213584 -3.25715e+08
-0.000116707 -217383 -3.31509e+08
-0.000104028 -221116 -3.37202e+08
-9.96154e-05 -224783 -3.42795e+08
-9.55619e-05 -228386 -3.4829e+08
-9.16522e-05 -231926 -3.53688e+08
-8.78784e-05 -235404 -3.58991e+08
-8.42381e-05 -238820 -3.642e+08
-8.07283e-05 -242175 -3.69318e+08
-7.7346e-05 -245472 -3.74345e+08
-7.40889e-05 -248710 -3.79282e+08
-7.09538e-05 -251891 -3.84133e+08
-6.79372e-05 -255015 -3.88898e+08
-6.50362e-05 -258085 -3.93579e+08
-6.2248e-05 -261100 -3.98177e+08
-5.95687e-05 -264063 -4.02694e+08
-5.69956e-05 -266973 -4.07131e+08
-5.45257e-05 -269833 -4.11491e+08
-5.21556e-05 -272642 -4.15775e+08
-0.000707091 -275083 -4.19497e+08
-0.000193749 -277377 -4.22994e+08
-0.000178009 -279623 -4.26418e+08
-0.000175012 -281821 -4.29769e+08
-0.000172277 -283974 -4.3305e+08
-0.000169479 -286081 -4.36262e+08
-0.000166616 -288144 -4.39407e+08
-0.000163694 -290163 -4.42485e+08
-0.000160722 -292141 -4.455e+08
-0.000157708 -294077 -4.48451e+08
-0.000154659 -295973 -4.51341e+08
-0.00015158 -297830 -4.54171e+08
-0.00014848 -299649 -4.56942e+08
-0.000145365 -301430 -4.59656e+08
-0.000142239 -303175 -4.62315e+08
-0.000139111 -304884 -4.64919e+08
-0.000135984 -306558 -4.6747e+08
-0.000132865 -308199 -4.6997e+08
-0.000129758 -309807 -4.72419e+08
-0.000126669 -311383 -4.7482e+08
-0.000123598 -312927 -4.77172e+08
-0.000120553 -314441 -4.79478e+08
-0.000117536 -315925 -4.81739e+08
-0.000114551 -317381 -4.83956e+08
-0.000111601 -318808 -4.8613e+08
-0.000108687 -320209 -4.88262e+08
-0.000105816 -321582 -4.90353e+08
-0.000102984 -322930 -4.92405e+08
-0.000100197 -324252 -4.94418e+08
-9.74557e-05 -325550 -4.96394e+08
-9.4763e-05 -326825 -4.98334e+08
-9.21184e-05 -328076 -5.00238e+08
-8.95235e-05 -329305 -5.02108e+08
-8.69804e-05 -330511 -5.03944e+08
-8.44874e-05 -331697 -5.05748e+08
-8.20471e-05 -332862 -5.0752e+08
-7.96602e-05 -334007 -5.09262e+08
8.15426e-08 -317120 -4.83518e+08
-2.69902e-08 -300233 -4.57774e+08
-2.31921e-09 -283347 -4.3203e+08
-6.753e-09 -266461 -4.06286e+08
-5.38148e-09 -249575 -3.80543e+08
-5.56793e-09 -232690 -3.54799e+08
-5.14729e-09 -215805 -3.29056e+08
-5.22732e-09 -198921 -3.03313e+08
-4.83442e-09 -182037 -2.7757e+08
-4.56112e-09 -165153 -2.51828e+08
-4.69436e-09 -148270 -2.26085e+08
-4.78531e-09 -131387 -2.00342e+08
-4.10046e-09 -114504 -1.746e+08
-4.11615e-09 -97621.3 -1.48858e+08
-3.42629e-09 -80739.2 -1.23116e+08
-3.66811e-09 -63857.3 -9.73739e+07
-3.15208e-09 -46975.7 -7.16321e+07
-3.10519e-09 -30094.3 -4.58903e+07
-3.18803e-09 -13213.2 -2.01487e+07
-2.58739e-09 3667.62 5.59274e+06
-2.46513e-09 20548.2 3.13341e+07
-2.35951e-09 37428.6 5.70753e+07
-2.34263e-09 54308.8 8.28165e+07
-2.27021e-09 71188.8 1.08558e+08
-2.21428e-09 88068.6 1.34299e+08
-1.87651e-09 104948 1.60039e+08
-4.58512e-07 121287 1.84955e+08
-9.23237e-06 131231 2.0012e+08
-0.000147725 139278 2.12393e+08
-3.47697e-05 145939 2.22551e+08
-3.42206e-05 152532 2.32606e+08
-3.15222e-05 159058 2.42558e+08
-2.90927e-05 165517 2.52408e+08
-2.68684e-05 171910 2.62159e+08
-0.000220262 177364 2.70476e+08
-5.30078e-05 182577 2.78427e+08
-5.34581e-05 187720 2.86269e+08
-5.00915e-05 192791 2.94004e+08
-4.7026e-05 197793 3.01632e+08
-4.41562e-05 202726 3.09156e+08
-4.14715e-05 207591 3.16575e+08
-0.000378767 212228 3.23647e+08
-9.83995e-05 216266 3.29806e+08
-0.000102502 220235 3.35858e+08
-9.81463e-05 224135 3.41806e+08
-9.41844e-05 227967 3.4765e+08
-9.03616e-05 231732 3.53392e+08
-8.66809e-05 235431 3.59033e+08
-8.31378e-05 239065 3.64575e+08
-7.97274e-05 242635 3.70019e+08
-7.64459e-05 246142 3.75368e+08
-7.32894e-05 249587 3.80622e+08
-7.02538e-05 252972 3.85782e+08
-6.73351e-05 256296 3.90852e+08
-6.45296e-05 259561 3.95831e+08
-6.18336e-05 262769 4.00722e+08
-5.92435e-05 265919 4.05526e+08
-5.67559e-05 269014 4.10245e+08
-0.00123733 271847 4.14565e+08
-0.000153437 274430 4.18503e+08
-0.00018555 276958 4.22358e+08
-0.000181593 279433 4.26132e+08
-0.000178718 281857 4.29826e+08
-0.000175765 284229 4.33442e+08
-0.000172776 286551 4.36982e+08
-0.000169754 288823 4.40447e+08
-0.000166702 291048 4.43839e+08
-0.000163626 293227 4.47159e+08
-0.000160533 295359 4.5041e+08
-0.000157422 297446 4.53591e+08
-0.000154302 299489 4.56706e+08
-0.000151176 301490 4.59755e+08
-0.000148048 303449 4.6274e+08
-0.000144922 305366 4.65663e+08
-0.000141801 307244 4.68524e+08
-0.000138692 309083 4.71326e+08
-0.000135594 310883 4.7407e+08
-0.000132514 312647 4.76757e+08
-0.000129454 314374 4.79388e+08
-0.000126416 316066 4.81966e+08
-0.000123406 317723 4.84491e+08
-0.000120424 319347 4.86965e+08
-0.000117471 320938 4.89388e+08
-0.000114553 322497 4.91763e+08
-0.000111671 324025 4.9409e+08
-0.000108827 325523 4.96371e+08
-0.000106022 326991 4.98607e+08
-0.000103258 328431 5.00799e+08
-0.000100538 329843 5.02949e+08
-9.78602e-05 331227 5.05057e+08
-9.52288e-05 332585 5.07124e+08
-9.26429e-05 333917 5.09152e+08
-9.01051e-05 335225 5.11141e+08
-8.76142e-05 336507 5.13094e+08
-8.51731e-05 337766 5.1501e+08
-8.27814e-05 339003 5.16891e+08
-8.04375e-05 340216 5.18738e+08
-7.81436e-05 341408 5.20551e+08
-7.59002e-05 342579 5.22332e+08
-1.84473e-08 325519 4.96325e+08
-1.27256e-08 308460 4.70318e+08
-1.0682e-08 291402 4.44312e+08
-9.94987e-09 274343 4.18306e+08
-9.04583e-09 257285 3.92299e+08
-8.44375e-09 240228 3.66293e+08
-8.40737e-09 223171 3.40287e+08
-8.29095e-09 206114 3.14282e+08
-7.6584e-09 189058 2.88276e+08
-7.25004e-09 172002 2.62271e+08
-6.46332e-09 154946 2.36266e+08
-6.25596e-09 137891 2.1026e+08
-6.20935e-09 120836 1.84255e+08
-5.47129e-09 103781 1.58251e+08
-4.94038e-09 86726.5 1.32246e+08
-4.615e-09 69672.4 1.06241e+08
-4.56055e-09 52618.6 8.02368e+07
-4.07658e-09 35564.9 5.42324e+07
-3.74476e-09 18511.6 2.82282e+07
-3.58416e-09 1458.52 2.22409e+06
-3.49218e-09 -15594.3 -2.37799e+07
-3.37121e-09 -32647 -4.97838e+07
-3.0584e-09 -49699.4 -7.57876e+07
-2.6165e-09 -66751.6 -1.01791e+08
-2.60377e-09 -83803.6 -1.27795e+08
-2.21144e-09 -100855 -1.53798e+08
-1.90835e-09 -117907 -1.79802e+08
-1.32065e-06 -134048 -2.04416e+08
-8.41712e-06 -144082 -2.19719e+08
-0.000181071 -151946 -2.31711e+08
-3.74205e-05 -158658 -2.41948e+08
-3.24501e-05 -165301 -2.52078e+08
-2.99557e-05 -171875 -2.62104e+08
-2.77022e-05 -178381 -2.72027e+08
-0.000191099 -184571 -2.81467e+08
-6.16146e-05 -189890 -2.89579e+08
-5.56083e-05 -195136 -2.9758e+08
-5.21736e-05 -200309 -3.05469e+08
-4.90024e-05 -205410 -3.13248e+08
-4.60337e-05 -210439 -3.20919e+08
-4.32541e-05 -215399 -3.28482e+08
-0.000511374 -219919 -3.35376e+08
-0.000124909 -224046 -3.4167e+08
-0.000109659 -228102 -3.47855e+08
-0.000104821 -232086 -3.53931e+08
-0.000100455 -236000 -3.599e+08
-9.62666e-05 -239845 -3.65764e+08
-9.22425e-05 -243621 -3.71523e+08
-8.83759e-05 -247331 -3.77181e+08
-0.168867 -247331 -3.77181e+08
