1.3751e-05 9.19566e-06 -6.15141e-23
3.18818e-05 2.13187e-05 -9.24981e-23
5.00153e-05 3.34417e-05 -7.72754e-22
6.81514e-05 4.55647e-05 -4.92037e-22
8.62901e-05 5.76877e-05 3.25084e-23
0.000104431 6.98108e-05 -3.50897e-22
0.000122575 8.19338e-05 -4.21412e-22
0.000140722 9.40568e-05 1.02916e-21
0.000158871 0.00010618 1.40038e-21
0.000177023 0.000118303 -9.92555e-22
0.000195178 0.000130426 5.73186e-22
0.000213335 0.000142549 1.76155e-21
0.000231495 0.000154672 -6.53235e-23
0.000249657 0.000166795 -7.81448e-22
0.000267822 0.000178918 4.77369e-23
0.00028599 0.000191041 1.42908e-21
0.00030416 0.000203165 2.61799e-21
0.000322333 0.000215288 -4.41414e-22
0.000340509 0.000227411 8.03215e-22
0.000358687 0.000239534 1.49486e-21
0.000376868 0.000251657 1.15231e-21
0.000395052 0.000263781 -3.22015e-21
0.000413238 0.000275904 8.28131e-22
0.000431427 0.000288027 -3.68354e-22
0.000449619 0.00030015 -4.31272e-22
0.000473166 0.000314392 3.29983e-20
0.000514469 0.000336399 2.32507e-19
0.000569418 0.000364413 1.68657e-20
0.00062441 0.000391575 -7.96998e-20
0.000685566 0.000421069 -8.18386e-20
0.000750462 0.000451914 1.34049e-19
0.000815389 0.000481673 -9.59069e-20
0.000887517 0.00051475 5.56466e-19
0.000960375 0.000547966 -6.33605e-20
0.00103323 0.000580073 4.34342e-20
0.00110607 0.000611112 -5.10088e-20
0.00118309 0.000643069 2.16826e-19
0.00126076 0.000677325 -7.64404e-20
0.00133838 0.000710782 8.42758e-20
0.00141594 0.000743459 -1.50151e-20
0.00149344 0.000775376 -1.1018e-20
0.00157088 0.000806553 2.73132e-20
0.00164826 0.00083701 3.18698e-21
0.00172559 0.000866768 4.81415e-20
0.00180285 0.000895848 7.9648e-20
0.00188662 0.000925025 8.69955e-21
0.00196694 0.00095718 4.48731e-20
0.00204614 0.000989191 7.25697e-20
0.00200746 0.000963464 8.74546e-20
0.00196879 0.000937737 -9.12181e-20
0.00193014 0.00091201 3.81686e-20
0.0018915 0.000886284 4.80101e-20
0.00185287 0.000860558 5.33916e-20
0.00181425 0.000834832 4.83716e-20
0.00177565 0.000809106 4.90416e-20
0.00173705 0.00078338 4.6594e-20
0.00169847 0.000757655 4.5094e-20
0.0016599 0.000731929 4.24358e-20
0.00162135 0.000706204 4.63931e-20
0.0015828 0.000680479 4.94425e-20
0.00154427 0.000654753 4.20807e-20
0.00150575 0.000629028 4.61751e-20
0.00146724 0.000603303 4.82281e-20
0.00142874 0.000577579 4.90505e-20
0.00139026 0.000551854 4.2502e-20
0.00135178 0.000526129 4.46933e-20
0.0012937 0.000487524 -3.94062e-19
0.00121288 0.000433299 9.14638e-20
0.00112556 0.000376228 5.7088e-19
0.0010369 0.000321144 1.84502e-19
0.000940289 0.000262441 1.00759e-19
0.000838485 0.000201619 9.9465e-20
0.000734806 0.000142803 4.75514e-19
0.000627087 8.51182e-05 -3.88092e-18
0.000511036 1.96329e-05 -3.54985e-18
0.000392679 -4.4258e-05 -2.41857e-17
0.000272058 -0.000106482 -2.42099e-17
0.000149226 -0.000166975 -1.65437e-16
2.4253e-05 -0.000225696 -1.66656e-16
-0.000108738 -0.000288632 8.87436e-16
-0.000244182 -0.00035537 9.39102e-16
-0.000381762 -0.000421216 4.71824e-15
-0.000521361 -0.000485992 4.99952e-15
-0.000662855 -0.000549546 2.86978e-14
-0.000806116 -0.000611759 2.9655e-14
-0.000951015 -0.000672534 1.62906e-13
-0.00109742 -0.000731803 1.64151e-13
-0.00124521 -0.000789514 9.17526e-13
-0.00139427 -0.000845641 4.9249e-12
-0.00154447 -0.00090017 2.60148e-11
-0.00170153 -0.000959308 -9.68203e-12
-0.00185657 -0.00102189 1.47076e-12
-0.00201243 -0.00108444 1.84663e-12
-0.00197765 -0.00106105 1.84542e-12
-0.00194285 -0.00103766 1.90853e-12
-0.00190805 -0.00101427 1.90851e-12
-0.00187324 -0.000990882 1.90854e-12
-0.00183841 -0.000967493 1.90858e-12
-0.00180358 -0.000944104 1.90863e-12
-0.00176874 -0.000920716 1.90867e-12
-0.00173389 -0.000897327 1.90871e-12
-0.00169903 -0.000873939 1.90875e-12
-0.00166416 -0.00085055 1.9088e-12
-0.00162928 -0.000827162 1.90884e-12
-0.00159439 -0.000803774 1.90888e-12
-0.00155949 -0.000780386 1.90892e-12
-0.00152458 -0.000756998 1.90896e-12
-0.00148966 -0.000733611 1.90901e-12
-0.00145473 -0.000710223 1.90905e-12
-0.00141979 -0.000686835 1.90909e-12
-0.00138484 -0.000663448 1.90913e-12
-0.00134989 -0.00064006 1.90918e-12
-0.00130551 -0.000608992 1.9018e-12
-0.00123831 -0.00056183 1.87314e-12
-0.00116304 -0.000511164 1.83946e-12
-0.00108668 -0.000461916 1.80832e-12
-0.00100285 -0.000406785 1.76791e-12
-0.00091632 -0.000352362 1.72939e-12
-0.000828259 -0.000299316 1.6932e-12
-0.000735223 -0.000241736 1.64954e-12
-0.000637646 -0.000182394 1.6059e-12
-0.000538131 -0.000124105 1.56396e-12
-0.000436669 -6.69067e-05 1.52401e-12
-0.000333258 -1.08339e-05 1.48431e-12
-0.000227907 4.40816e-05 1.45515e-12
-0.000117646 0.00010527 1.40131e-12
-3.69938e-06 0.000167994 1.35892e-12
0.000112365 0.000230257 1.31228e-12
0.000230503 0.000291937 1.27536e-12
0.000350658 0.000352916 1.22132e-12
0.000472766 0.000413091 1.19825e-12
0.000596751 0.000472367 1.11717e-12
0.000722532 0.000530663 1.13152e-12
0.000850022 0.000587906 9.72297e-13
0.000979128 0.000644038 1.53021e-12
0.00110975 0.000699009 -1.28553e-12
0.00124181 0.00075278 1.12918e-11
0.00137519 0.000805322 -4.39219e-11
0.0015098 0.000856617 1.7072e-11
0.00165107 0.000915204 1.6568e-11
0.00179108 0.000974318 -5.74091e-11
0.0019321 0.00103339 -1.77587e-11
0.00189504 0.00100874 -1.81399e-11
0.00185799 0.000984088 -1.22531e-11
0.00182096 0.000959436 -1.22502e-11
0.00178393 0.000934785 -1.22503e-11
0.00174691 0.000910134 -1.225e-11
0.00170991 0.000885483 -1.22498e-11
0.00167291 0.000860832 -1.22495e-11
0.00163593 0.000836182 -1.22492e-11
0.00159896 0.000811531 -1.2249e-11
0.001562 0.000786881 -1.22487e-11
0.00152505 0.00076223 -1.22485e-11
0.00148811 0.00073758 -1.22482e-11
0.00145118 0.00071293 -1.22479e-11
0.00141427 0.00068828 -1.22477e-11
0.00137736 0.00066363 -1.22474e-11
0.00134047 0.00063898 -1.22471e-11
0.00130358 0.00061433 -1.22469e-11
0.00126671 0.00058968 -1.22466e-11
0.00122985 0.000565031 -1.22463e-11
0.0011834 0.000534028 -1.21432e-11
0.00111136 0.000485123 -1.17871e-11
0.00103184 0.000432374 -1.14042e-11
0.0009487 0.000378859 -1.1019e-11
0.000858674 0.000320843 -1.0624e-11
0.000766995 0.000264285 -1.02615e-11
0.000669114 0.000203449 -9.87665e-12
0.000567428 0.000140603 -9.52206e-12
0.000463631 7.88959e-05 -9.19212e-12
0.000357706 1.83667e-05 -8.87406e-12
0.000249647 -4.09484e-05 -8.5001e-12
0.000134596 -0.000107232 -8.34854e-12
1.75166e-05 -0.000174417 -8.46901e-12
-0.000101918 -0.000241072 -8.149e-12
-0.000223671 -0.000307071 -9.55537e-12
-0.000347693 -0.0003723 -9.00498e-12
-0.000473921 -0.000436647 -1.52562e-11
-0.00060228 -0.000500017 -1.36182e-11
-0.000732684 -0.000562318 -3.68349e-11
-0.000865039 -0.000623473 -3.07658e-11
-0.000999242 -0.000683413 -2.71914e-11
-0.00113519 -0.000742081 -6.45775e-11
-0.00127276 -0.000799434 -1.22506e-11
-0.00141186 -0.000855436 4.77603e-11
-0.0015571 -0.000913455 -2.73225e-11
-0.00170158 -0.000976705 -8.54462e-11
-0.00184726 -0.00103995 -4.84918e-12
-0.00180837 -0.0010138 -1.11332e-12
-0.00176947 -0.000987655 -2.13731e-11
-0.00173056 -0.000961508 -2.13739e-11
-0.00169164 -0.000935361 -2.13745e-11
-0.00165271 -0.000909215 -2.1375e-11
-0.00161376 -0.000883068 -2.13755e-11
-0.00157481 -0.000856922 -2.1376e-11
-0.00153584 -0.000830776 -2.13765e-11
-0.00149685 -0.000804629 -2.13769e-11
-0.00145786 -0.000778483 -2.13774e-11
-0.00141885 -0.000752338 -2.13779e-11
-0.00137984 -0.000726192 -2.13784e-11
-0.00134081 -0.000700046 -2.13789e-11
-0.00130176 -0.000673901 -2.13794e-11
-0.00126271 -0.000647755 -2.13799e-11
-0.00122364 -0.00062161 -2.13804e-11
-0.00118457 -0.000595464 -2.13808e-11
-0.00114548 -0.000569319 -2.13813e-11
-0.00110637 -0.000543174 -2.13818e-11
-0.00105298 -0.000506347 -2.12596e-11
-0.00097234 -0.00045119 -2.08727e-11
-0.000887207 -0.000395856 -2.04738e-11
-0.00079543 -0.000336045 -2.00449e-11
-0.000698601 -0.000275189 -1.96009e-11
-0.000598218 -0.000212398 -1.91741e-11
-0.000490585 -0.00014509 -1.8697e-11
-0.000380516 -7.90171e-05 -1.82452e-11
-0.000267989 -1.42272e-05 -1.78164e-11
-0.000152202 5.31656e-05 -1.74229e-11
-2.99664e-05 0.000125729 -1.69681e-11
9.50321e-05 0.000197755 -1.65352e-11
0.000222765 0.000269103 -1.61016e-11
0.000353186 0.000339641 -1.57105e-11
0.00048623 0.00040924 -1.52716e-11
0.000621815 0.000477785 -1.49532e-11
0.000759844 0.000545166 -1.44231e-11
0.000900207 0.000611289 -1.42794e-11
