0 0 0
-2.57838e-10 -34812.1 -5.30884e+07
-1.01112e-09 -69624.3 -1.06177e+08
-2.23156e-09 -104437 -1.59265e+08
-3.83943e-09 -139249 -2.12354e+08
-5.70924e-09 -174062 -2.65443e+08
-7.95944e-09 -208876 -3.18532e+08
-1.03894e-08 -243690 -3.71621e+08
-1.31197e-08 -278504 -4.2471e+08
-4.1675e-06 -308230 -4.70038e+08
6.68479e-10 -319224 -4.86801e+08
-0.000279745 -326405 -4.97748e+08
-0.00108639 -331041 -5.04813e+08
1.04125e-05 -296224 -4.51724e+08
1.66765e-08 -261408 -3.98633e+08
-2.89745e-08 -226592 -3.45544e+08
-9.03333e-09 -191777 -2.92454e+08
-1.07352e-08 -156963 -2.39365e+08
-7.30427e-09 -122150 -1.86276e+08
-5.44389e-09 -87336.4 -1.33187e+08
-3.5879e-09 -52523.7 -8.00983e+07
-2.09593e-09 -17711.3 -2.70097e+07
-1.01415e-09 17100.9 2.60788e+07
-2.71854e-10 51912.9 7.91672e+07
1.42211e-11 86724.9 1.32256e+08
-2.08729e-10 121537 1.85344e+08
-1.08309e-09 156349 2.38432e+08
-2.36946e-09 191162 2.91521e+08
-2.68838e-05 218949 3.33896e+08
-0.000215171 236237 3.60258e+08
-0.000155994 250830 3.82511e+08
-0.000133092 265118 4.04298e+08
-0.000165606 275866 4.20686e+08
-0.000249347 285766 4.35781e+08
-0.000218704 295344 4.50385e+08
-0.00042023 302682 4.61572e+08
-0.000546713 308782 4.7087e+08
-4.55536e-07 274907 4.19216e+08
-1.70657e-06 241032 3.67561e+08
-2.13917e-05 207157 3.15906e+08
1.01459e-07 173283 2.64251e+08
-5.51146e-08 139410 2.12597e+08
-4.29197e-08 105538 1.60943e+08
-2.6972e-08 71665.3 1.09289e+08
-1.33876e-08 37793.5 5.76348e+07
-5.518e-09 3921.96 5.98097e+06
-2.03832e-09 -29949.4 -4.56727e+07
-5.82503e-10 -63820.6 -9.73264e+07
-1.02496e-11 -97691.7 -1.4898e+08
-6.27551e-11 -131563 -2.00634e+08
-1.10073e-05 -162096 -2.47196e+08
-0.000226199 -182858 -2.78858e+08
-0.000229833 -199471 -3.04192e+08
-0.000180062 -215708 -3.28952e+08
-0.000419067 -230620 -3.51692e+08
-0.000384629 -243007 -3.70581e+08
-0.000310824 -254951 -3.88793e+08
-0.000249593 -266472 -4.0636e+08
-0.000615645 -276750 -4.22031e+08
-0.000694283 -284961 -4.3455e+08
-0.0006167 -292748 -4.46421e+08
-0.000524731 -300139 -4.57689e+08
-0.000583874 -306853 -4.67922e+08
-0.00185411 -311962 -4.7571e+08
-0.00207764 -316732 -4.82979e+08
-0.00197676 -321193 -4.89776e+08
-0.00179395 -325374 -4.96146e+08
0.00213322 -329246 -5.02045e+08
7.89509e-07 -332307 -5.06705e+08
7.33689e-09 -335147 -5.1103e+08
2.27647e-09 -337801 -5.15069e+08
-1.56615e-09 -340288 -5.18854e+08
-5.36147e-09 -342627 -5.22414e+08
-6.66569e-09 -344836 -5.25773e+08
-6.13909e-10 -310718 -4.7376e+08
-1.21479e-07 -276601 -4.21747e+08
-3.45171e-08 -242486 -3.69735e+08
-7.76531e-08 -208372 -3.17724e+08
-4.55566e-08 -174259 -2.65713e+08
-5.58289e-08 -140148 -2.13703e+08
-4.43956e-08 -106039 -1.61693e+08
-4.39913e-08 -71930.1 -1.09684e+08
-3.8516e-08 -37822.7 -5.76751e+07
-3.51948e-08 -3716.23 -5.66688e+06
-3.13108e-08 30389.3 4.63409e+07
-2.77435e-08 64493.9 9.83483e+07
-1.38111e-06 97693.3 1.48976e+08
-0.000268051 120143 1.83211e+08
-0.000178719 139248 2.12347e+08
-0.000364338 157411 2.40047e+08
-0.000345788 173332 2.64326e+08
-0.000299168 188738 2.87822e+08
-0.000793857 203453 3.10264e+08
-0.000687982 216032 3.29447e+08
-0.000652905 228029 3.47743e+08
-0.000594562 239456 3.6517e+08
-0.000546227 250328 3.8175e+08
-0.000497684 260661 3.9751e+08
-0.00358134 269860 4.11537e+08
-0.000753742 277931 4.23845e+08
-0.00221884 285485 4.35365e+08
-0.00145611 292549 4.46137e+08
-0.00174777 299153 4.56206e+08
-0.00155548 305325 4.65617e+08
-0.00162866 311096 4.74415e+08
-0.0015092 316495 4.82647e+08
-0.00145486 321551 4.90355e+08
-0.00137099 326292 4.97582e+08
-0.00128959 330745 5.0437e+08
-1.12664e-08 334704 5.10402e+08
6.69115e-09 338051 5.15502e+08
5.61249e-09 341174 5.20261e+08
3.15003e-09 344096 5.24712e+08
1.12414e-09 346837 5.28885e+08
-1.00135e-09 349414 5.3281e+08
-2.8549e-09 351844 5.3651e+08
-4.31555e-09 354143 5.40009e+08
-5.49244e-09 356324 5.43328e+08
-6.52108e-09 358399 5.46485e+08
-7.42966e-09 360380 5.49497e+08
-7.64794e-09 362275 5.52379e+08
-8.5729e-09 364094 5.55145e+08
-8.02811e-09 365844 5.57805e+08
-4.311e-10 332138 5.06421e+08
-1.16891e-07 298434 4.55037e+08
-2.15293e-07 264731 4.03654e+08
-3.16172e-07 231029 3.52272e+08
-4.41229e-07 197329 3.0089e+08
-6.32198e-07 163631 2.49509e+08
-1.00972e-06 129933 1.98129e+08
-2.06309e-06 96237.1 1.46749e+08
-7.12622e-06 62541.9 9.5369e+07
1.35058e-08 28847.7 4.39898e+07
-3.73378e-08 -4845.41 -7.38882e+06
-5.59631e-08 -38537.8 -5.87672e+07
-5.94821e-08 -72229.4 -1.10145e+08
-5.45436e-08 -105920 -1.61523e+08
-0.000227563 -131226 -2.00113e+08
-0.00017568 -150442 -2.2942e+08
-0.000509243 -168594 -2.57102e+08
-0.000453131 -184775 -2.81778e+08
-0.000954718 -200330 -3.055e+08
-0.00124935 -213876 -3.26159e+08
-0.00125689 -226840 -3.45931e+08
-0.00116915 -239228 -3.64823e+08
-0.0010558 -251047 -3.82847e+08
2.9049e-08 -261505 -3.98796e+08
-0.00290667 -271132 -4.13478e+08
-0.00451879 -280186 -4.27284e+08
-0.00529764 -288685 -4.40245e+08
-0.00548004 -296653 -4.52396e+08
-0.00528193 -304114 -4.63773e+08
-0.00487384 -311095 -4.74417e+08
-0.00437636 -317623 -4.8437e+08
-0.00386633 -323726 -4.93675e+08
-0.00338637 -329432 -5.02375e+08
-0.00295521 -334771 -5.10513e+08
8.42615e-08 -339282 -5.17389e+08
8.97853e-09 -343404 -5.23672e+08
5.66979e-09 -347230 -5.29502e+08
2.86946e-09 -350786 -5.3492e+08
3.60615e-10 -354095 -5.39962e+08
-1.95269e-09 -357181 -5.44663e+08
-3.60342e-09 -360065 -5.49055e+08
-5.60158e-09 -362766 -5.53167e+08
-6.77574e-09 -365301 -5.57026e+08
-8.05539e-09 -367687 -5.60658e+08
-8.67476e-09 -369939 -5.64085e+08
-9.01673e-09 -372070 -5.67327e+08
-1.00536e-08 -374092 -5.70402e+08
-1.00699e-08 -376016 -5.73328e+08
-9.72523e-09 -377852 -5.76119e+08
-1.014e-08 -379609 -5.78788e+08
-9.38689e-09 -381294 -5.81348e+08
-9.93714e-09 -382915 -5.83809e+08
-9.59699e-09 -384478 -5.86182e+08
-9.09677e-09 -385988 -5.88473e+08
-8.11269e-09 -387450 -5.90692e+08
-0.00850562 -388870 -5.92844e+08
-8.14543e-09 -390250 -5.94936e+08
-0.00768926 -391595 -5.96974e+08
-0.00762682 -392908 -5.98962e+08
-0.00720612 -394191 -6.00905e+08
5.90898e-06 -395390 -6.0272e+08
7.78386e-07 -396540 -6.04461e+08
-6.12999e-09 -362633 -5.52788e+08
-2.77299e-07 -328729 -5.01117e+08
-3.91992e-09 -294827 -4.49446e+08
-2.49213e-07 -260927 -3.97776e+08
-1.635e-08 -227029 -3.46108e+08
-2.07105e-07 -193134 -2.9444e+08
-3.64739e-08 -159241 -2.42773e+08
-1.62777e-07 -125349 -1.91107e+08
-5.52377e-08 -91459.8 -1.39442e+08
-1.25525e-07 -57572.2 -8.77775e+07
-6.72322e-08 -23686.2 -3.61139e+07
-9.84206e-08 10198 1.55489e+07
-7.05024e-08 44080.7 6.72109e+07
-7.98773e-08 77961.9 1.18872e+08
-6.69068e-08 111842 1.70533e+08
-0.00185954 139753 2.13095e+08
0.000153869 159169 2.42703e+08
-0.000363835 178094 2.71564e+08
-0.000293732 194488 2.96566e+08
-0.000371528 210363 3.20776e+08
-3.5167e-08 224199 3.41878e+08
-0.000879198 237377 3.61977e+08
-0.000548407 249966 3.81177e+08
-0.0042784 261458 3.98704e+08
-0.000413825 271872 4.14588e+08
-0.00288702 281681 4.29549e+08
-0.0013153 290901 4.43613e+08
-0.0022238 299552 4.56808e+08
-0.00165745 307655 4.69168e+08
-0.001912 315237 4.80732e+08
-0.00171931 322322 4.9154e+08
2.74853e-07 328851 5.01497e+08
-7.40389e-07 334543 5.10179e+08
7.11498e-09 339800 5.18197e+08
5.79917e-09 344664 5.25616e+08
3.54709e-09 349164 5.32479e+08
1.84338e-09 353331 5.38833e+08
-7.95808e-13 357190 5.44719e+08
-1.38277e-09 360769 5.50176e+08
-3.18153e-09 364093 5.55244e+08
-4.62092e-09 367185 5.59958e+08
-6.14114e-09 370066 5.64351e+08
-7.18433e-09 372757 5.68452e+08
-8.40646e-09 375276 5.72291e+08
-9.33869e-09 377640 5.75893e+08
-1.00476e-08 379863 5.79281e+08
-1.02496e-08 381961 5.82476e+08
-1.10958e-08 383945 5.85498e+08
-1.14578e-08 385826 5.88363e+08
-1.13951e-08 387616 5.91087e+08
-1.13751e-08 389322 5.93684e+08
-1.09321e-08 390954 5.96167e+08
-1.08057e-08 392519 5.98547e+08
2.73985e-08 393520 6.00066e+08
5.3162e-05 393938 6.00694e+08
0.000208498 393893 6.00614e+08
0.000496052 393473 5.9996e+08
0.000358986 392770 5.98874e+08
0.00272133 391723 5.97262e+08
0.00392444 390229 5.94966e+08
0.00330977 388672 5.92573e+08
0.0231939 386659 5.89481e+08
-0.00402417 384296 5.85854e+08
5.82478e-06 381806 5.82032e+08
-1.69353e-05 379270 5.78138e+08
0.00381377 376906 5.74508e+08
0.00246797 374584 5.70942e+08
0.00218112 372333 5.67483e+08
0.00214133 370171 5.6416e+08
0.00220334 368112 5.60994e+08
0.00223462 366161 5.57993e+08
0.000103143 364236 5.55031e+08
-0.000180858 362215 5.51919e+08
-4.27688e-05 360283 5.48944e+08
-3.885e-08 328616 5.00707e+08
-4.68677e-07 296952 4.52473e+08
-1.19704e-06 265290 4.0424e+08
-2.9575e-06 233632 3.56008e+08
-1.00742e-05 201976 3.07778e+08
1.18907e-08 170322 2.5955e+08
-3.04739e-07 138671 2.11323e+08
-7.38157e-07 107023 1.63097e+08
-1.54663e-06 75376.9 1.14873e+08
-3.77269e-06 43733.1 6.66496e+07
-1.48444e-05 12091.5 1.84279e+07
3.17987e-08 -19547.9 -2.97923e+07
-0.000216686 -49843.3 -7.59664e+07
-3.85266e-06 -77650.9 -1.18351e+08
-2.14078e-05 -104223 -1.58855e+08
1.00414e-05 -129731 -1.97739e+08
-0.00169211 -151272 -2.30578e+08
-0.00496431 -167946 -2.56e+08
-0.000395584 -183166 -2.79204e+08
0.000222218 -197217 -3.0063e+08
-0.00356248 -210019 -3.20152e+08
-0.000622983 -222026 -3.38462e+08
7.29108e-05 -233296 -3.5565e+08
-0.000813306 -243858 -3.71758e+08
1.81935e-05 -253506 -3.86473e+08
-0.000966663 -262686 -4.00476e+08
-0.000922122 -271454 -4.1385e+08
-0.000865503 -279830 -4.26626e+08
-0.000811933 -287833 -4.38836e+08
-0.000550541 -295431 -4.50426e+08
-0.00084589 -302613 -4.61382e+08
-0.000658288 -309206 -4.7144e+08
-0.000624293 -315480 -4.8101e+08
-0.000601251 -321453 -4.90121e+08
0.000195136 -327018 -4.98612e+08
-0.00041714 -332197 -5.06512e+08
-0.000353648 -337036 -5.13895e+08
-0.000317387 -341637 -5.20914e+08
-0.000288758 -346014 -5.27593e+08
-9.86655e-05 -350202 -5.33982e+08
-5.1008e-05 -354176 -5.40045e+08
-4.78887e-05 -357953 -5.45807e+08
-0.000144065 -361458 -5.51153e+08
-7.89517e-05 -364751 -5.56174e+08
0.000129616 -367495 -5.60356e+08
-5.77451e-06 -369440 -5.63319e+08
0.000649194 -370848 -5.65462e+08
0.00142009 -371796 -5.669e+08
0.00571588 -372144 -5.67422e+08
0.00014017 -371887 -5.6702e+08
-0.00327132 -371207 -5.65971e+08
-0.00998099 -370215 -5.64445e+08
0.00111413 -369289 -5.6302e+08
0.00108614 -368195 -5.61338e+08
-3.48002e-05 -366607 -5.58898e+08
0.0142371 -364795 -5.56116e+08
0.00196782 -363013 -5.53378e+08
0.00175811 -361212 -5.50611e+08
0.0015617 -359425 -5.47864e+08
0.00140421 -357674 -5.45173e+08
0.0013044 -355977 -5.42564e+08
0.00124857 -354345 -5.40053e+08
0.00121222 -352785 -5.37653e+08
0.00159673 -351183 -5.3519e+08
0.00183106 -349547 -5.32671e+08
0.00257335 -347912 -5.30157e+08
0.000290179 -346193 -5.27511e+08
-0.000290647 -344464 -5.24851e+08
-0.000455994 -342754 -5.22219e+08
-0.00026474 -341072 -5.19628e+08
-0.000168381 -339449 -5.17127e+08
-0.00012643 -337899 -5.14738e+08
-0.00300244 -336392 -5.12413e+08
0.000159462 -334931 -5.10158e+08
4.22559e-07 -333520 -5.0798e+08
-8.7595e-05 -332164 -5.05884e+08
0.00549665 -330863 -5.03872e+08
0.00548274 -329619 -5.01947e+08
0.00597041 -328432 -5.00109e+08
0.00642692 -327301 -4.98357e+08
0.00672967 -326226 -4.96689e+08
0.0080286 -325170 -4.9505e+08
0.0142133 -324051 -4.93314e+08
0.0304125 -322841 -4.91438e+08
-0.000207257 -321583 -4.89489e+08
0.00433491 -320311 -4.87519e+08
-0.000526358 -319038 -4.85547e+08
1.94098e-05 -288932 -4.39745e+08
8.00719e-09 -258830 -3.93945e+08
-8.608e-07 -228731 -3.48147e+08
5.23365e-07 -198637 -3.02351e+08
-1.87662e-06 -168546 -2.56558e+08
1.24086e-06 -138459 -2.10768e+08
-3.56573e-06 -108375 -1.64979e+08
4.54561e-07 -78295.4 -1.19193e+08
-1.5265e-06 -48219 -7.34083e+07
1.036e-06 -18146 -2.76263e+07
-4.43351e-05 10042.4 1.52895e+07
-6.86549e-05 36033.5 5.48629e+07
0.00063657 61431.3 9.3536e+07
-0.00749774 85633.9 1.30392e+08
-5.87027e-07 108679 1.6549e+08
-0.000195477 130200 1.98269e+08
-0.000804396 149365 2.27463e+08
-0.000743888 164834 2.51031e+08
0.000415114 177224 2.6991e+08
-0.00104515 188808 2.87563e+08
-0.000950844 199903 3.04474e+08
-0.000869183 210550 3.20701e+08
-2.05427e-05 220604 3.36029e+08
2.62976e-06 229424 3.49477e+08
-0.00132588 237799 3.62247e+08
-0.00121806 245802 3.74453e+08
-0.000647092 253458 3.86129e+08
-0.00103938 260786 3.97308e+08
-0.000958278 267806 4.08017e+08
-0.000878733 274536 4.18284e+08
-0.0033509 280720 4.2772e+08
-0.00102717 286575 4.36654e+08
-0.000899511 292171 4.45194e+08
-0.00167934 297564 4.53425e+08
-0.0012365 302712 4.61283e+08
-0.000386298 307586 4.68722e+08
-0.000666032 311246 4.74311e+08
-0.00111171 314570 4.79387e+08
-0.000486594 317535 4.83916e+08
-0.00118212 319828 4.87418e+08
-0.000930692 321828 4.90472e+08
0.000208985 323366 4.92822e+08
-0.000198099 324295 4.94239e+08
7.88589e-06 324998 4.95313e+08
-8.82338e-06 325531 4.96126e+08
-0.0258881 325709 4.96394e+08
0.0179874 325674 4.96335e+08
2.66131e-05 325561 4.96158e+08
-1.16952e-06 325441 4.95969e+08
-1.80808e-05 325272 4.95705e+08
0.0143591 325077 4.95402e+08
1.4095e-06 324877 4.9509e+08
1.37911e-06 324682 4.94785e+08
1.31644e-06 324505 4.94507e+08
1.86472e-06 324356 4.94271e+08
-8.15021e-05 324123 4.93906e+08
-6.66868e-06 323701 4.93252e+08
-3.79966e-05 323221 4.92509e+08
-6.66885e-05 322692 4.91688e+08
-0.028152 322099 4.90772e+08
0.00627688 321482 4.89815e+08
0.002 320854 4.88844e+08
2.06149e-05 320234 4.87882e+08
-4.78537e-05 319622 4.86933e+08
-0.00137726 319030 4.86015e+08
-0.00138665 318474 4.85149e+08
-0.00121823 317959 4.84347e+08
-0.00109023 317491 4.83616e+08
2.91372e-05 317001 4.8285e+08
-1.5283e-05 316448 4.81988e+08
-5.60072e-05 315788 4.8096e+08
0.000189256 315073 4.79848e+08
-0.00263162 314316 4.78672e+08
-0.00285316 313534 4.77455e+08
0.00483153 312731 4.76207e+08
0.0467736 311924 4.74953e+08
0.0015224 311130 4.73718e+08
-0.000174683 310362 4.72522e+08
0.000377324 309638 4.71393e+08
0.000308819 308922 4.70275e+08
0.000259748 308216 4.69173e+08
0.000218417 307523 4.68092e+08
0.000183548 306847 4.67035e+08
0.000153962 306189 4.66006e+08
0.000128707 305551 4.65007e+08
0.0123909 304902 4.63993e+08
0.00142879 304207 4.62905e+08
0.00154809 303524 4.61836e+08
0.00150906 302854 4.60787e+08
0.00144691 302197 4.59758e+08
0.00136434 301555 4.5875e+08
0.00126778 300927 4.57765e+08
0.00116377 300315 4.56803e+08
0.00227192 299636 4.55739e+08
0.00212117 298903 4.54591e+08
0.00240767 298131 4.53384e+08
0.00255899 297332 4.52136e+08
0.00258216 296516 4.50862e+08
0.00250047 295693 4.49576e+08
