0 0 0
-2.44938e-10 -34812.1 -5.30884e+07
-1.02004e-09 -69624.3 -1.06177e+08
-2.27038e-09 -104437 -1.59265e+08
-3.82443e-09 -139249 -2.12354e+08
-5.66786e-09 -174062 -2.65443e+08
-7.94807e-09 -208876 -3.18532e+08
-1.0388e-08 -243690 -3.71621e+08
-1.30949e-08 -278504 -4.2471e+08
-6.81717e-06 -305984 -4.66613e+08
-2.95313e-09 -313963 -4.78778e+08
1.16913e-05 -320518 -4.88771e+08
-0.00014449 -324412 -4.94705e+08
3.39258e-07 -289596 -4.41616e+08
-3.41402e-07 -254779 -3.88526e+08
-6.0179e-08 -219964 -3.35436e+08
-3.51451e-09 -185149 -2.82346e+08
-1.23786e-08 -150335 -2.29257e+08
-6.97219e-09 -115521 -1.76168e+08
-5.51773e-09 -80708.3 -1.23079e+08
-3.61604e-09 -45895.7 -6.99906e+07
-2.15352e-09 -11083.3 -1.6902e+07
-9.7679e-10 23728.9 3.61865e+07
-2.58545e-10 58540.9 8.92749e+07
-1.72354e-11 93352.9 1.42363e+08
-2.07876e-10 128165 1.95452e+08
-9.93793e-10 162977 2.4854e+08
-2.37713e-09 197790 3.01628e+08
-4.34829e-09 232602 3.54717e+08
-0.0001151 251050 3.82848e+08
9.36143e-09 261987 3.99526e+08
-0.000269368 270381 4.12324e+08
-0.000224033 278660 4.24947e+08
-0.00019239 286833 4.37408e+08
-0.000405521 294304 4.48799e+08
-0.000363534 299370 4.5652e+08
-0.00032368 304342 4.641e+08
1.48977e-07 270467 4.12445e+08
1.28236e-07 236592 3.6079e+08
1.17004e-07 202717 3.09135e+08
1.17004e-07 168843 2.5748e+08
1.34745e-07 134970 2.05826e+08
1.94362e-07 101097 1.54171e+08
4.12179e-07 67225.1 1.02517e+08
1.80326e-06 33353.3 5.08635e+07
3.36187e-05 -518.239 -790313
-1.64597e-07 -34389.6 -5.2444e+07
2.69128e-07 -68260.8 -1.04098e+08
7.4879e-07 -102132 -1.55751e+08
5.75769e-06 -136003 -2.07405e+08
-2.87183e-08 -169874 -2.59058e+08
-1.07861e-05 -199620 -3.04419e+08
-7.33939e-05 -217355 -3.31465e+08
-0.000805162 -227673 -3.47199e+08
-0.000364309 -237330 -3.61924e+08
-0.000264122 -246814 -3.76387e+08
-0.000218797 -256137 -3.90601e+08
-0.000184857 -265305 -4.0458e+08
-0.000483593 -272819 -4.16037e+08
-0.00036876 -278971 -4.25416e+08
-0.000310085 -284977 -4.34572e+08
-0.000268249 -290846 -4.43518e+08
-5.15222e-05 -296344 -4.51898e+08
-0.000588327 -300155 -4.57705e+08
-0.000567558 -303845 -4.63327e+08
-0.000516017 -307421 -4.68776e+08
-0.000466934 -310892 -4.74063e+08
0.00135568 -313444 -4.77949e+08
-0.00130759 -315755 -4.81467e+08
-0.00144754 -317977 -4.84849e+08
-0.00139029 -320116 -4.88104e+08
-0.00131991 -322177 -4.9124e+08
-0.00124982 -324166 -4.94264e+08
-0.00118129 -326086 -4.97185e+08
1.73433e-05 -291968 -4.45172e+08
4.28827e-09 -257851 -3.93159e+08
-1.15228e-07 -223736 -3.41147e+08
-3.3267e-08 -189623 -2.89135e+08
-7.04567e-08 -155510 -2.37124e+08
-4.37155e-08 -121399 -1.85114e+08
-5.06616e-08 -87289.9 -1.33104e+08
-4.11592e-08 -53181.5 -8.10947e+07
-3.98641e-08 -19074.1 -2.90858e+07
-3.46531e-08 15032.2 2.29226e+07
-3.15072e-08 49137.6 7.49305e+07
-2.81686e-08 83242.1 1.26938e+08
-6.34945e-06 115875 1.76702e+08
-0.000696425 134708 2.05422e+08
-0.000444941 147397 2.24774e+08
-0.000403942 159824 2.43726e+08
-0.000341698 171995 2.62289e+08
-0.000292602 183920 2.80474e+08
-0.000881274 194089 2.95984e+08
-0.000486222 203221 3.09911e+08
-0.00049112 212098 3.23449e+08
-0.000426563 220728 3.3661e+08
-0.000380227 229120 3.49408e+08
-0.000337538 237282 3.61855e+08
-0.00200905 243941 3.72011e+08
-0.000645447 250085 3.81381e+08
-0.000799393 256010 3.90415e+08
-0.000714414 261724 3.99129e+08
-0.000668299 267236 4.07534e+08
-0.000619287 272556 4.15644e+08
-0.000573334 277690 4.23473e+08
-0.000529755 282648 4.31032e+08
-0.000488677 287439 4.38335e+08
-0.00441436 291687 4.4481e+08
-0.00119112 295264 4.50263e+08
-0.00161139 298693 4.55488e+08
-0.00150827 301981 4.60498e+08
-0.00147264 305134 4.65303e+08
-0.00142472 308161 4.69914e+08
-0.00137536 311068 4.74343e+08
-0.00134136 313862 4.78597e+08
-0.00128701 316548 4.82688e+08
-0.00123471 319133 4.86625e+08
-0.00118148 321623 4.90415e+08
-0.00112821 324022 4.94068e+08
-0.00107522 326337 4.97591e+08
-0.00102285 328572 5.00991e+08
-0.000971383 330732 5.04277e+08
-0.000921052 332821 5.07454e+08
6.34668e-06 299116 4.5607e+08
1.7503e-05 265412 4.04687e+08
-1.5239e-08 231709 3.53303e+08
-1.08485e-07 198008 3.01921e+08
-1.77625e-07 164308 2.50539e+08
-2.37474e-07 130610 1.99158e+08
-2.95631e-07 96912.6 1.47777e+08
-3.58982e-07 63216.6 9.63969e+07
-4.39324e-07 29521.7 4.50171e+07
-5.60985e-07 -4172.23 -6.36222e+06
-7.89681e-07 -37865.2 -5.7741e+07
-1.35717e-06 -71557.3 -1.0912e+08
-3.51231e-06 -105249 -1.60498e+08
-0.000967171 -127007 -1.93679e+08
-0.000609729 -140319 -2.1398e+08
-0.000483946 -153362 -2.33871e+08
-0.000399119 -166141 -2.53361e+08
-0.00228799 -176733 -2.69514e+08
-0.00101254 -186870 -2.84974e+08
-0.000725871 -196730 -3.00012e+08
-0.000608008 -206322 -3.1464e+08
-0.00208597 -215316 -3.28357e+08
-0.00166292 -222967 -3.40025e+08
-0.00146842 -230353 -3.51289e+08
-0.00132425 -237483 -3.62162e+08
-0.00119962 -244364 -3.72655e+08
-0.00108756 -251004 -3.82781e+08
-0.000986014 -257411 -3.92552e+08
-0.000893931 -263595 -4.01981e+08
-0.000810466 -269562 -4.11079e+08
-0.000734859 -275321 -4.1986e+08
6.29825e-11 -280215 -4.27321e+08
-0.00218138 -284744 -4.34227e+08
-0.00252283 -289085 -4.40843e+08
-0.0024875 -293245 -4.47184e+08
-0.00238086 -297232 -4.53261e+08
-0.00226289 -301054 -4.59087e+08
-0.00214516 -304719 -4.64672e+08
-0.0020301 -308234 -4.70028e+08
-0.00193528 -311607 -4.75168e+08
-0.00183231 -314845 -4.801e+08
-0.00172975 -317954 -4.84835e+08
-0.00163071 -320941 -4.89385e+08
-0.00153584 -323812 -4.93757e+08
-0.00144526 -326574 -4.97962e+08
-0.001359 -329232 -5.02008e+08
-0.00127703 -331792 -5.05904e+08
-0.00119926 -334259 -5.09658e+08
-0.00112561 -336638 -5.13278e+08
-0.00105598 -338934 -5.16772e+08
-0.000990223 -341153 -5.20145e+08
0.00103641 -343274 -5.23371e+08
6.99893e-08 -345045 -5.26063e+08
-0.00436529 -346693 -5.28565e+08
-0.0047533 -348278 -5.30973e+08
-0.0047652 -349806 -5.33292e+08
-0.0047331 -351279 -5.35527e+08
-0.00469045 -352701 -5.37683e+08
-0.00464101 -354073 -5.39764e+08
-0.00458597 -355401 -5.41775e+08
-0.00452592 -356685 -5.4372e+08
-0.00446157 -357929 -5.45604e+08
3.72893e-10 -324022 -4.9393e+08
-2.85421e-07 -290118 -4.42258e+08
-4.82032e-10 -256216 -3.90587e+08
-2.52927e-07 -222317 -3.38917e+08
-1.62809e-08 -188420 -2.87247e+08
-2.07409e-07 -154525 -2.35579e+08
-3.83297e-08 -120632 -1.83912e+08
-1.61763e-07 -86741.2 -1.32245e+08
-5.80578e-08 -52852.1 -8.05796e+07
-1.24428e-07 -18964.9 -2.89149e+07
-6.92579e-08 14920.7 2.27492e+07
-9.76448e-08 48804.5 7.44123e+07
-7.18037e-08 82686.8 1.26075e+08
-1.04394e-06 115889 1.76702e+08
-0.000742501 133900 2.04167e+08
-0.000315455 147473 2.24866e+08
-0.000318831 160772 2.45147e+08
-0.000936918 172432 2.6293e+08
-0.000503841 183130 2.79245e+08
-0.000521107 193537 2.95119e+08
-0.00219932 203444 3.10229e+08
-0.000932069 211943 3.23192e+08
-0.00110902 220153 3.35715e+08
-0.00098902 228082 3.47808e+08
-0.000932892 235737 3.59484e+08
-0.000869064 243125 3.70753e+08
-0.000810708 250254 3.81628e+08
-0.000755333 257133 3.9212e+08
-1.92492e-08 263275 4.01489e+08
-0.00293178 268903 4.10073e+08
-0.00211364 274297 4.18301e+08
-0.00225069 279468 4.26188e+08
-0.00214518 284423 4.33746e+08
-0.00209527 289171 4.40987e+08
-0.00203057 293720 4.47926e+08
-0.00196723 298079 4.54574e+08
-0.00190211 302256 4.60943e+08
-0.00183616 306258 4.67047e+08
-0.00176953 310094 4.72897e+08
-0.00170251 313772 4.78505e+08
-0.00163536 317299 4.83883e+08
-0.00156837 320682 4.89041e+08
-0.00150177 323929 4.9399e+08
-0.0014358 327046 4.98741e+08
-0.00139282 330039 5.03304e+08
-0.00132518 332916 5.07688e+08
-0.00126325 335682 5.11903e+08
-0.00120208 338344 5.15958e+08
-0.00114254 340906 5.19861e+08
-0.00108466 343374 5.23621e+08
-0.00102859 345753 5.27245e+08
-4.37106e-07 347929 5.30557e+08
-0.00559105 349803 5.33409e+08
-0.00504231 351602 5.36146e+08
-0.00516699 353329 5.38775e+08
-0.00519296 354990 5.413e+08
-0.0052184 356587 5.43729e+08
-0.00523215 358125 5.46067e+08
-0.00523593 359607 5.48319e+08
-0.00523012 361036 5.5049e+08
-0.00521525 362416 5.52585e+08
-0.00519187 363748 5.54608e+08
-0.00516053 365036 5.56563e+08
-0.0051219 366283 5.58455e+08
-0.00507636 367491 5.60286e+08
-0.00502472 368661 5.62061e+08
-0.00496728 369797 5.63782e+08
-0.00490484 370901 5.65453e+08
-0.00483767 371973 5.67076e+08
-0.00476653 373017 5.68655e+08
-0.00469167 374033 5.70192e+08
-0.00461377 375023 5.71689e+08
-0.00453305 375989 5.73148e+08
-0.00445013 376932 5.74572e+08
-1.30967e-10 343285 5.23294e+08
-2.76525e-07 309640 4.72018e+08
-6.46846e-07 275998 4.20743e+08
-1.32179e-06 242358 3.69469e+08
-3.12981e-06 208720 3.18196e+08
-1.17289e-05 175085 2.66923e+08
2.26919e-08 141451 2.15652e+08
-1.70218e-07 107820 1.64381e+08
-3.65141e-07 74189.9 1.13112e+08
-6.2432e-07 40562 6.18429e+07
-1.07881e-06 6935.78 1.05748e+07
-2.20888e-06 -26688.8 -4.06924e+07
-6.88035e-06 -60311.8 -9.1959e+07
8.43897e-09 -93933.4 -1.43225e+08
-1.22598e-07 -127315 -1.94127e+08
-3.41705e-07 -145945 -2.22536e+08
-0.000330027 -159509 -2.43222e+08
-0.000320517 -172802 -2.63493e+08
-0.00164951 -184734 -2.81692e+08
-0.000783765 -195469 -2.98065e+08
-0.000603612 -205916 -3.13997e+08
-0.00325688 -215589 -3.28751e+08
-0.00185684 -224159 -3.41823e+08
-0.00149259 -232441 -3.54455e+08
-0.00133189 -240441 -3.66658e+08
-0.00121817 -248167 -3.78442e+08
-0.00111943 -255624 -3.89817e+08
-1.04569e-08 -262559 -4.00395e+08
-0.00300742 -268767 -4.09863e+08
-0.0037784 -274722 -4.18948e+08
-0.003856 -280435 -4.27661e+08
-0.00373732 -285913 -4.36017e+08
-0.00356806 -291164 -4.44026e+08
-0.00338945 -296197 -4.51703e+08
-0.00321285 -301020 -4.59059e+08
-0.0030414 -305641 -4.66107e+08
-0.00287607 -310069 -4.72859e+08
-0.0027172 -314312 -4.79329e+08
-0.00256494 -318376 -4.85528e+08
-0.00241934 -322272 -4.91467e+08
-0.00228038 -326005 -4.9716e+08
-0.002148 -329584 -5.02616e+08
-0.00202209 -333016 -5.07848e+08
-0.00192137 -336308 -5.12866e+08
-0.00181248 -339466 -5.1768e+08
-0.00170561 -342498 -5.22301e+08
-0.00160384 -345410 -5.26738e+08
-0.00560967 -348184 -5.30965e+08
-1.27393e-07 -350568 -5.34597e+08
-0.00684095 -352827 -5.38037e+08
3.13776e-11 -354988 -5.41329e+08
-0.00689219 -357057 -5.44479e+08
-1.27329e-10 -359039 -5.47496e+08
-0.00685616 -360938 -5.50387e+08
-7.22139e-10 -362760 -5.53158e+08
-0.00677836 -364508 -5.55817e+08
-9.50422e-10 -366186 -5.58369e+08
-0.00666434 -367799 -5.60822e+08
-0.0073262 -369350 -5.63179e+08
-0.00727147 -370842 -5.65447e+08
-0.00713492 -372280 -5.67631e+08
-0.00698851 -373666 -5.69735e+08
-0.00684043 -375002 -5.71764e+08
-0.00669187 -376293 -5.73722e+08
-0.00654323 -377540 -5.75613e+08
-0.00639482 -378746 -5.77442e+08
-0.00624718 -379913 -5.79211e+08
-0.00610039 -381044 -5.80924e+08
-0.00595468 -382141 -5.82584e+08
-0.00581047 -383205 -5.84194e+08
-0.00566775 -384238 -5.85757e+08
-0.00552669 -385243 -5.87276e+08
-0.00538762 -386220 -5.88752e+08
-0.00525047 -387172 -5.9019e+08
-0.00511541 -388099 -5.91589e+08
-0.00498247 -389004 -5.92954e+08
-0.00485189 -389887 -5.94285e+08
-0.00472358 -390749 -5.95584e+08
-0.00459757 -391592 -5.96854e+08
-0.00447408 -392418 -5.98096e+08
-0.00435297 -393226 -5.99311e+08
-0.00423422 -394017 -6.00501e+08
-0.0041181 -394794 -6.01666e+08
-0.00400437 -395555 -6.0281e+08
-0.00389311 -396303 -6.03931e+08
-1.81267e-05 -397003 -6.04979e+08
3.45637e-05 -397453 -6.05644e+08
-1.24306e-07 -363635 -5.54129e+08
-3.21928e-07 -329820 -5.02615e+08
-5.87897e-08 -296008 -4.51103e+08
-3.84285e-07 -262199 -3.99591e+08
1.0341e-08 -228394 -3.48082e+08
-4.48858e-07 -194591 -2.96573e+08
5.61495e-08 -160791 -2.45066e+08
-4.7618e-07 -126994 -1.9356e+08
5.52454e-08 -93199.4 -1.42055e+08
-4.53255e-07 -59407.5 -9.05517e+07
-3.11283e-07 -25618.1 -3.90492e+07
1.16916e-09 8168.89 1.2452e+07
-3.09003e-07 41953.5 6.39522e+07
-2.04859e-08 75735.8 1.15451e+08
-2.53724e-07 109516 1.66949e+08
-0.000908194 139747 2.13039e+08
-0.000633509 156072 2.37931e+08
0.00169627 168569 2.56989e+08
-0.000768948 180985 2.75924e+08
0.00164041 192952 2.94174e+08
-0.000769843 203835 3.10773e+08
-0.000398549 214423 3.26921e+08
0.00167632 224174 3.41794e+08
-0.00150624 232877 3.5507e+08
-0.000801768 241286 3.67896e+08
-0.000877337 249406 3.80283e+08
-0.000808486 257245 3.92242e+08
0.000878508 264758 4.03702e+08
1.95851e-07 271348 4.13757e+08
-0.00299392 277656 4.2338e+08
-0.00206322 283706 4.32611e+08
-0.00226191 289507 4.41462e+08
-0.00214608 295067 4.49945e+08
-0.00211207 300395 4.58074e+08
-0.00205542 305498 4.65861e+08
-0.0020027 310386 4.73319e+08
-0.0019476 315067 4.80461e+08
-0.00189171 319549 4.87299e+08
-0.00183489 323841 4.93847e+08
-0.00177732 327950 5.00116e+08
-0.00171917 331884 5.06119e+08
-0.00166062 335652 5.11868e+08
-0.00160183 339262 5.17375e+08
-6.03475e-08 342600 5.22467e+08
-1.25056e-10 345603 5.27048e+08
1.23009e-10 348468 5.31418e+08
-1.35287e-11 351201 5.35588e+08
-2.15437e-11 353810 5.39568e+08
1.12644e-09 356302 5.43367e+08
8.53561e-10 358681 5.46996e+08
1.39062e-09 360955 5.50463e+08
2.06455e-09 363128 5.53776e+08
1.3199e-09 365206 5.56945e+08
1.26647e-09 367195 5.59976e+08
1.96292e-09 369099 5.62878e+08
1.51408e-09 370923 5.65657e+08
1.67438e-09 372672 5.68321e+08
1.35424e-09 374349 5.70876e+08
1.32923e-09 375958 5.73327e+08
8.95852e-10 377504 5.75681e+08
1.11822e-09 378990 5.77943e+08
3.46063e-10 380419 5.80118e+08
-1.19144e-10 381795 5.82211e+08
-0.00761331 383121 5.84227e+08
-0.00682492 384399 5.86171e+08
-0.0067929 385632 5.88046e+08
-0.00669103 386824 5.89856e+08
-0.00658982 387975 5.91605e+08
2.77149e-06 388965 5.93107e+08
4.87144e-05 389668 5.94169e+08
6.61832e-05 390212 5.94987e+08
0.000105654 390611 5.95582e+08
7.97558e-06 390877 5.95975e+08
1.48834e-06 391026 5.96187e+08
3.91915e-06 391069 5.96237e+08
2.01667e-05 391019 5.96144e+08
2.45716e-05 390888 5.95928e+08
0.000180474 390649 5.95545e+08
-2.11187e-05 390234 5.94891e+08
7.46947e-05 389706 5.94066e+08
-0.000143723 389082 5.93093e+08
-0.000504491 388378 5.91996e+08
8.28265e-05 387627 5.90828e+08
4.12638e-05 386961 5.89789e+08
2.00924e-05 386247 5.88677e+08
4.57633e-06 385494 5.87504e+08
-0.000100502 384710 5.86284e+08
-0.000439239 383859 5.8496e+08
0.00013133 382747 5.83232e+08
0.000238915 381613 5.8147e+08
0.000202205 380465 5.79687e+08
6.16738e-05 379348 5.7795e+08
-6.02175e-06 378267 5.76269e+08
9.98434e-05 377188 5.7459e+08
-2.85282e-05 376115 5.72919e+08
-8.90442e-06 375052 5.71264e+08
1.36717e-06 374002 5.69628e+08
8.79771e-06 372967 5.68016e+08
1.62455e-05 371951 5.66431e+08
