0 0
-2.40172e-05 -0.275248
-0.000134116 -0.650435
-0.000333462 -1.02562
-0.000622056 -1.40081
-0.000999898 -1.77599
-0.00146699 -2.15118
-0.00202332 -2.52637
-0.00266891 -2.90155
-0.00340374 -3.27674
-0.00422782 -3.65192
-0.00514115 -4.02711
-0.00614373 -4.4023
-0.00723556 -4.77748
-0.00841663 -5.15267
-0.00731459 -4.80351
-0.00628985 -4.45434
-0.00534241 -4.10518
-0.00447227 -3.75601
-0.00367942 -3.40685
-0.00296387 -3.05769
-0.00232561 -2.70852
-0.00176466 -2.35936
-0.001281 -2.01019
-0.000874637 -1.66103
-0.000545572 -1.31187
-0.000293803 -0.962702
-0.000119332 -0.613538
-2.2157e-05 -0.264374
-2.27909e-06 0.08479
-5.9698e-05 0.433954
-0.000194414 0.783118
-0.000406426 1.13228
-0.000695736 1.48145
-0.00106234 1.83061
-0.00150625 2.17977
-0.00202745 2.52894
-0.00262594 2.8781
-0.00330174 3.22727
-0.00405483 3.57643
-0.00488522 3.92559
-0.00579291 4.27476
-0.00677789 4.62392
-0.00784017 4.97309
-0.00897975 5.32225
-0.00758981 4.89304
-0.00631667 4.46383
-0.00516033 4.03462
-0.0041208 3.60541
-0.00319806 3.17619
-0.00239213 2.74698
-0.001703 2.31777
-0.00113067 1.88856
-0.000675136 1.45935
-0.000336406 1.03014
-0.000114476 0.600926
-9.34736e-06 0.171715
-2.10191e-05 -0.257496
-0.000149491 -0.686707
-0.000394764 -1.11592
-0.000756838 -1.54513
-0.00123571 -1.97434
-0.00183139 -2.40355
-0.00254386 -2.83276
-0.00337314 -3.26198
-0.00431922 -3.69119
-0.0053821 -4.1204
-0.00656178 -4.54961
-0.00785826 -4.97882
-0.00729422 -4.79681
-0.00675118 -4.6148
-0.00622915 -4.43279
-0.00572811 -4.25078
-0.00524809 -4.06878
-0.00478906 -3.88677
-0.00435104 -3.70476
-0.00393402 -3.52275
-0.00353801 -3.34074
-0.003163 -3.15873
-0.00280899 -2.97672
-0.00247598 -2.79471
-0.00216398 -2.61271
-0.00187299 -2.4307
-0.00160299 -2.24869
-0.001354 -2.06668
-0.00112601 -1.88467
-0.00091903 -1.70266
-0.00073305 -1.52065
-0.000568072 -1.33864
-0.000424098 -1.15664
-0.000301127 -0.974627
-0.00019916 -0.792619
-0.000118195 -0.61061
-5.82344e-05 -0.428601
-1.92767e-05 -0.246593
-1.32227e-06 -0.0645837
-4.37113e-06 0.117425
-2.84233e-05 0.299434
-7.34787e-05 0.481443
-0.000139537 0.663451
-0.000226599 0.84546
-0.000334665 1.02747
-0.000463733 1.20948
-0.000613805 1.39149
-0.00078488 1.5735
-0.000976959 1.7555
-0.00119004 1.93751
-0.00142413 2.11952
-0.00167921 2.30153
-0.00195531 2.48354
-0.0022524 2.66555
-0.0025705 2.84756
-0.0029096 3.02957
-0.00326971 3.21157
-0.00365082 3.39358
-0.00405293 3.57559
-0.00447604 3.7576
-0.00492016 3.93961
-0.00538528 4.12162
-0.00587141 4.30363
-0.00637854 4.48563
-0.00690667 4.66764
-0.00745581 4.84965
-0.00802595 5.03166
-0.00861709 5.21367
-0.00922924 5.39568
-0.00986239 5.57769
-0.00744806 4.84713
-0.00537212 4.11658
-0.00363456 3.38602
-0.00223539 2.65546
-0.00117461 1.92491
-0.000452208 1.19435
-6.81913e-05 0.463797
-2.25584e-05 -0.266758
-0.000315309 -0.997314
-0.000946444 -1.72787
-0.00191596 -2.45843
-0.00322387 -3.18898
-0.00487016 -3.91954
-0.00685483 -4.65009
-0.0091779 -5.38065
-0.0118393 -6.1112
-0.0148392 -6.84176
-0.0114059 -5.99829
-0.00842367 -5.15482
-0.00589252 -4.31135
-0.00381244 -3.46789
-0.00218343 -2.62442
-0.00100549 -1.78095
-0.00027861 -0.93748
-2.8018e-06 -0.0940118
-0.00017806 0.749457
-0.000804384 1.59293
-0.00188178 2.43639
-0.00341024 3.27986
-0.00538976 4.12333
-0.00782036 4.9668
-0.010702 5.81027
-0.0140348 6.65374
-0.0178186 7.4972
-0.0147616 6.82384
-0.011992 6.15048
-0.00950997 5.47712
-0.00731538 4.80376
-0.00540827 4.1304
-0.00378864 3.45704
-0.00245648 2.78368
-0.00141179 2.11032
-0.000654583 1.43696
-0.000184845 0.763604
-2.5817e-06 0.0902437
-0.000107791 -0.583116
-0.000500474 -1.25648
-0.00118063 -1.92984
-0.00214826 -2.6032
-0.00340337 -3.27656
-0.00494594 -3.94992
-0.006776 -4.62328
-0.00889353 -5.29664
-0.0112985 -5.97
-0.013991 -6.64336
-0.0110498 -5.90392
-0.00845525 -5.16448
-0.00620736 -4.42504
-0.00430615 -3.6856
-0.00275159 -2.94616
-0.00154371 -2.20672
-0.000682489 -1.46727
-0.000167934 -0.727834
-4.27014e-08 0.0116061
-0.000178816 0.751046
-0.000704254 1.49049
-0.00157636 2.22993
-0.00279512 2.96937
-0.00436056 3.70881
-0.00627266 4.44825
-0.00853143 5.18769
-0.0111369 5.92713
-0.014089 6.66657
-0.0173878 7.40601
-0.0134405 6.51135
-0.0100008 5.6167
-0.00706859 4.72204
-0.00464384 3.82738
-0.00272657 2.93273
-0.00131677 2.03807
-0.000414458 1.14341
-1.96167e-05 0.248758
-0.000132252 -0.645899
-0.000752363 -1.54056
-0.00187995 -2.43521
-0.00351501 -3.32987
-0.00565756 -4.22452
-0.00830758 -5.11918
-0.0114651 -6.01384
-0.0151301 -6.90849
-0.0193026 -7.80315
-0.0239825 -8.69781
-0.02917 -9.59246
-0.034865 -10.4871
-0.0281676 -9.42621
-0.0221839 -8.3653
-0.0169138 -7.30438
-0.0123574 -6.24347
-0.00851456 -5.18256
-0.00538536 -4.12165
-0.00296978 -3.06074
-0.00126782 -1.99982
-0.000279462 -0.938912
-4.71837e-06 0.122
-0.000443586 1.18291
-0.00159606 2.24382
-0.00346216 3.30474
-0.00604186 4.36565
-0.00933519 5.42656
-0.0133421 6.48747
-0.0180627 7.54838
-0.0234969 8.6093
-0.0296448 9.67021
-0.0365063 10.7311
-0.0285097 9.48327
-0.0215004 8.23541
-0.0154784 6.98756
-0.0104437 5.73971
-0.00639623 4.49185
-0.00333606 3.244
-0.00126316 1.99614
-0.000177506 0.748291
-7.9114e-05 -0.499563
-0.000967979 -1.74742
-0.0028441 -2.99527
-0.00570749 -4.24312
-0.00955814 -5.49098
-0.0143961 -6.73883
-0.0202213 -7.98669
-0.0270338 -9.23454
-0.0348336 -10.4824
-0.0316371 -9.98987
-0.0285944 -9.49735
-0.0257055 -9.00483
-0.0229705 -8.51231
-0.0203892 -8.01978
-0.0179618 -7.52726
-0.0156881 -7.03474
-0.0135683 -6.54222
-0.0116022 -6.0497
-0.00978998 -5.55717
-0.00813154 -5.06465
-0.00662691 -4.57213
-0.00527607 -4.07961
-0.00407903 -3.58709
-0.00303579 -3.09457
-0.00214636 -2.60204
-0.00141072 -2.10952
-0.000828882 -1.617
-0.000400843 -1.12448
-0.000126604 -0.631956
-6.16331e-06 -0.139435
-3.95218e-05 0.353087
-0.000226679 0.845609
-0.000567636 1.33813
-0.00106239 1.83065
-0.00171095 2.32317
-0.0025133 2.8157
-0.00346946 3.30822
-0.00457941 3.80074
-0.00584316 4.29326
-0.00726072 4.78578
-0.00883208 5.27831
-0.0105572 5.77083
-0.0124362 6.26335
-0.014469 6.75587
-0.0166555 7.24839
-0.0189959 7.74091
-0.0214901 8.23344
-0.024138 8.72596
-0.0269398 9.21848
-0.0298954 9.711
-0.0330048 10.2035
-0.036268 10.696
-0.0306655 9.83528
-0.0255327 8.97451
-0.0208698 8.11374
-0.0166766 7.25297
-0.0129532 6.39221
-0.00969951 5.53144
-0.00691563 4.67067
-0.00460152 3.8099
-0.00275716 2.94913
-0.00138257 2.08837
-0.000477733 1.2276
-4.26584e-05 0.366831
-7.73421e-05 -0.493937
-0.000581784 -1.3547
-0.00155599 -2.21547
-0.00299995 -3.07624
-0.00491367 -3.93701
-0.00729716 -4.79778
-0.0101504 -5.65854
-0.0134734 -6.51931
-0.0172662 -7.38008
-0.0215288 -8.24085
-0.0262611 -9.10162
-0.0314632 -9.96238
-0.0371351 -10.8232
-0.0430144 -11.6839
-0.0496812 -12.5447
-0.056681 -13.4055
-0.064316 -14.2662
-0.0539397 -13.0725
-0.044467 -11.8788
-0.0358978 -10.6851
-0.028232 -9.4914
-0.0214698 -8.29769
-0.015611 -7.10398
-0.0106557 -5.91028
-0.00660385 -4.71657
-0.00345544 -3.52286
-0.00121047 -2.32916
0.000131053 -1.13545
0.000569141 0.058255
0.000103793 1.25196
-0.00126499 2.44567
-0.00353722 3.63937
-0.00671288 4.83308
-0.0110306 6.02679
-0.0162304 7.22049
-0.0221498 8.4142
-0.0289905 9.60791
-0.0367529 10.8016
-0.0455656 11.9953
-0.0551767 13.189
-0.0657143 14.3827
-0.056031 13.283
-0.0471148 12.1832
-0.0389654 11.0835
-0.0315829 9.98374
-0.0249673 8.88399
-0.0191185 7.78425
-0.0140365 6.6845
-0.00972137 5.58475
-0.00617306 4.485
-0.00339158 3.38525
-0.00137691 2.28551
-0.000129063 1.18576
0.000351976 0.08601
6.62029e-05 -1.01374
-0.000986382 -2.11349
-0.00280578 -3.21323
-0.00546528 -4.31298
-0.00888127 -5.41273
-0.0130404 -6.51248
-0.0179793 -7.61223
-0.0236983 -8.71197
-0.0301801 -9.81172
-0.0374676 -10.9115
-0.0455387 -12.0112
-0.0543937 -13.111
-0.0638188 -14.2107
-0.0520871 -12.8492
-0.0415307 -11.4877
-0.0321497 -10.1262
-0.023944 -8.76466
-0.0169137 -7.40315
-0.0110588 -6.04164
-0.00637909 -4.68012
-0.00287474 -3.31861
-0.000545681 -1.9571
0.000608077 -0.595585
0.000586543 0.765928
-0.000610284 2.12744
-0.00328493 3.48895
-0.00685733 4.85047
-0.0116232 6.21198
-0.0175835 7.57349
-0.0248566 8.935
-0.0332129 10.2965
-0.042769 11.658
-0.0535258 13.0195
-0.0655802 14.3811
-0.0555193 13.2375
-0.046288 12.0939
-0.0378858 10.9503
-0.0303129 9.80674
-0.0235692 8.66316
-0.0176547 7.51958
-0.0125693 6.376
-0.00831316 5.23242
-0.00488616 4.08884
-0.00228832 2.94526
-0.000519633 1.80168
0.000419896 0.658105
0.000530271 -0.485475
-0.000306461 -1.62905
-0.00194736 -2.77263
-0.00434657 -3.91621
-0.00758708 -5.05979
-0.0116693 -6.20337
-0.0166142 -7.34695
-0.0223872 -8.49053
-0.0290053 -9.63411
-0.0364691 -10.7777
-0.044779 -11.9213
-0.0539356 -13.0648
-0.0638391 -14.2084
-0.0554989 -13.255
-0.0477352 -12.3015
-0.040548 -11.348
-0.0339371 -10.3946
-0.0279027 -9.44112
-0.0224447 -8.48766
-0.017563 -7.5342
-0.0132578 -6.58074
-0.00952899 -5.62728
-0.00637655 -4.67382
-0.0038005 -3.72036
-0.00180083 -2.7669
-0.000377543 -1.81344
0.000469364 -0.859978
0.000739892 0.0934825
0.000434041 1.04694
-0.000564275 2.0004
-0.00212188 2.95386
-0.00417289 3.90732
-0.00680864 4.86079
-0.0100294 5.81425
-0.0139184 6.76771
-0.018313 7.72117
-0.0232947 8.67463
-0.0288638 9.62809
-0.0350206 10.5815
-0.0417654 11.535
-0.0490985 12.4885
-0.0571047 13.4419
-0.0656633 14.3954
-0.0566259 13.3737
-0.0482504 12.352
-0.0405368 11.3303
-0.0334851 10.3087
-0.0270952 9.28697
-0.0213672 8.26528
-0.016301 7.2436
-0.0118966 6.22191
-0.00815408 5.20023
-0.00507338 4.17854
-0.00265449 3.15686
-0.000897428 2.13517
0.000197821 1.11349
0.000631255 0.091805
0.000402875 -0.92988
-0.00062206 -1.95156
-0.00228533 -2.97325
-0.00451937 -3.99493
-0.0074247 -5.01662
-0.0110504 -6.0383
-0.0153037 -7.05999
-0.0202306 -8.08167
-0.0258317 -9.10336
-0.0321072 -10.125
-0.0390576 -11.1467
-0.0466832 -12.1684
-0.05485 -13.1901
-0.0638256 -14.2118
-0.0589416 -13.6616
-0.0542498 -13.1113
-0.0497499 -12.5611
-0.045442 -12.0109
-0.041326 -11.4607
-0.037402 -10.9105
-0.03367 -10.3603
-0.0301299 -9.81004
-0.0267818 -9.25983
-0.0236256 -8.70961
-0.0206613 -8.15939
-0.017889 -7.60918
-0.0153087 -7.05896
-0.0129203 -6.50874
-0.0107239 -5.95852
-0.00871936 -5.40831
-0.00690681 -4.85809
-0.0052862 -4.30787
-0.00385754 -3.75766
-0.00262082 -3.20744
-0.00157604 -2.65722
-0.000723212 -2.107
-6.23216e-05 -1.55679
0.000406626 -1.00657
0.000683631 -0.456353
0.000768694 0.0938637
0.000661815 0.644081
0.000362993 1.1943
-0.000127771 1.74451
-0.000915717 2.29473
-0.00179281 2.84495
-0.00294651 3.39517
-0.00421438 3.94538
-0.00567692 4.4956
-0.00733421 5.04582
-0.00918628 5.59603
-0.0112949 6.14625
-0.0135383 6.69647
-0.0159769 7.24669
-0.018611 7.7969
-0.0214405 8.34712
-0.0244656 8.89734
-0.0276862 9.44755
-0.0311024 9.99777
-0.0347144 10.548
-0.0385221 11.0982
-0.0425257 11.6484
-0.0467251 12.1986
-0.0511204 12.7489
-0.0559051 13.2991
-0.0606892 13.8493
-0.0656695 14.3995
-0.0553865 13.231
-0.0459692 12.0625
-0.0374178 10.894
-0.029732 9.72547
-0.0229121 8.55696
-0.0169578 7.38845
-0.0118693 6.21994
-0.00764651 5.05143
-0.00428943 3.88293
-0.00179805 2.71442
-0.000172381 1.54591
0.000587592 0.377398
0.000481866 -0.791111
-0.000489559 -1.95962
-0.00257398 -3.12813
-0.00529897 -4.29664
-0.00890201 -5.46515
-0.0134488 -6.63366
-0.0188157 -7.80217
-0.0250639 -8.97067
-0.0321941 -10.1392
-0.0402068 -11.3077
-0.0491026 -12.4762
-0.0586959 -13.6447
-0.0693598 -14.8132
-0.0809099 -15.9817
-0.0933468 -17.1502
-0.106178 -18.3187
-0.120354 -19.4873
-0.135418 -20.6558
-0.151372 -21.8243
-0.133941 -20.5365
-0.117561 -19.2486
-0.102234 -17.9608
-0.0879585 -16.673
-0.0747345 -15.3852
-0.0625622 -14.0974
-0.0514415 -12.8096
-0.0413724 -11.5217
-0.0323549 -10.2339
-0.024389 -8.9461
-0.0174747 -7.65828
-0.0116118 -6.37046
-0.00680055 -5.08265
-0.00341258 -3.79483
-0.000691919 -2.50701
0.000845561 -1.21919
0.00143499 0.068625
0.000956833 1.35644
-0.00058973 2.64426
-0.0032707 3.93208
-0.00723323 5.2199
-0.0119898 6.50771
-0.0178181 7.79553
-0.0247191 9.08335
-0.0326936 10.3712
-0.0417426 11.659
-0.0522507 12.9468
-0.0634301 14.2346
-0.0756843 15.5224
-0.0890142 16.8103
-0.103421 18.0981
-0.118906 19.3859
-0.135469 20.6737
-0.153112 21.9615
-0.135062 20.6349
-0.118128 19.3082
-0.10231 17.9816
-0.0876086 16.6549
-0.0740231 15.3282
-0.0615535 14.0016
-0.0502 12.6749
-0.0399624 11.3483
-0.0308409 10.0216
-0.0228352 8.69495
-0.0159456 7.36829
-0.0101718 6.04163
-0.00551397 4.71498
-0.00242982 3.38832
4.13686e-07 2.06166
0.00115739 0.735004
0.00132301 -0.591654
0.000356143 -1.91831
-0.00187249 -3.24497
-0.00511318 -4.57163
-0.00948936 -5.89828
-0.015002 -7.22494
-0.021652 -8.5516
-0.0294402 -9.87826
-0.0384752 -11.2049
-0.0485332 -12.5316
-0.0597303 -13.8582
-0.0720672 -15.1849
-0.0855451 -16.5115
-0.100165 -17.8382
-0.115928 -19.1649
-0.132834 -20.4915
-0.150886 -21.8182
-0.142165 -21.1831
-0.1337 -20.548
-0.125491 -19.9129
-0.117538 -19.2778
-0.10984 -18.6427
-0.102398 -18.0077
-0.0952123 -17.3726
-0.0882821 -16.7375
-0.0816076 -16.1024
-0.0751889 -15.4673
-0.0690259 -14.8322
-0.0631187 -14.1972
-0.0574672 -13.5621
-0.0520715 -12.927
-0.0469315 -12.2919
-0.0420473 -11.6568
-0.0374188 -11.0217
-0.033046 -10.3866
-0.028929 -9.75156
-0.0250678 -9.11647
-0.0214622 -8.48139
-0.0181124 -7.8463
-0.0150183 -7.21122
-0.01218 -6.57613
-0.00959736 -5.94105
-0.00727047 -5.30596
-0.0051993 -4.67088
-0.00338385 -4.03579
-0.00205012 -3.40071
-0.000741433 -2.76562
0.000138051 -2.13054
0.000930986 -1.49545
0.00146505 -0.860365
0.0016233 -0.22528
0.00163778 0.409805
0.00139281 1.04489
0.000888283 1.67998
-5.82961e-05 2.31506
-0.00108466 2.95015
-0.00237086 3.58523
-0.00391701 4.22032
-0.00572323 4.8554
-0.00778964 5.49049
-0.0101163 6.12557
-0.0127034 6.76066
-0.015551 7.39574
-0.0186592 8.03083
-0.0220282 8.66591
-0.0256579 9.301
-0.0298569 9.93608
-0.0340071 10.5712
-0.0384178 11.2063
-0.043089 11.8413
-0.048021 12.4764
-0.0532137 13.1115
-0.0586674 13.7466
-0.0643822 14.3817
-0.0703581 15.0168
-0.0765954 15.6518
-0.083094 16.2869
-0.0898542 16.922
-0.096876 17.5571
-0.10416 18.1922
-0.111705 18.8273
-0.119512 19.4624
-0.127582 20.0974
-0.135914 20.7325
-0.144508 21.3676
-0.153364 22.0027
-0.137641 20.8538
-0.122754 19.7048
-0.108705 18.5559
-0.0954923 17.407
-0.0831172 16.258
-0.0715791 15.1091
-0.060878 13.9602
-0.051014 12.8112
-0.041987 11.6623
-0.033797 10.5133
-0.026444 9.36442
-0.0199279 8.21548
-0.0142489 7.06655
-0.00940678 5.91761
-0.00540165 4.76867
-0.00223347 3.61974
-0.000161518 2.4708
0.00113118 1.32187
0.00177964 0.172935
0.00143252 -0.976
0.000379875 -2.12493
-0.00171561 -3.27387
-0.00447524 -4.4228
-0.00808605 -5.57174
-0.0125487 -6.72067
-0.0178637 -7.86961
-0.0242263 -9.01855
-0.0312482 -10.1675
-0.0391226 -11.3164
-0.0478502 -12.4654
-0.0574314 -13.6143
-0.0678671 -14.7632
-0.0791577 -15.9122
-0.0913041 -17.0611
-0.104307 -18.21
-0.118166 -19.359
-0.132884 -20.5079
-0.148459 -21.6568
-0.164893 -22.8058
-0.182187 -23.9547
-0.200261 -25.1036
-0.217518 -26.2526
-0.237235 -27.4015
-0.257812 -28.5504
-0.279248 -29.6994
-0.253691 -28.323
-0.229335 -26.9466
-0.20618 -25.5703
-0.184228 -24.1939
-0.163477 -22.8175
-0.143927 -21.4412
-0.125578 -20.0648
-0.108431 -18.6884
-0.0924857 -17.3121
-0.0777413 -15.9357
-0.0641981 -14.5594
-0.0518562 -13.183
-0.0407155 -11.8066
-0.030776 -10.4303
-0.02263 -9.05389
-0.0150585 -7.67752
-0.00888931 -6.30116
-0.0038673 -4.92479
-8.25388e-05 -3.54843
0.00261397 -2.17206
0.00409057 -0.795695
0.00390795 0.58067
0.00293007 1.95704
0.00073196 3.3334
-0.00268731 4.70977
-0.00732868 6.08613
-0.0131931 7.4625
-0.0202816 8.83886
-0.0285952 10.2152
-0.038135 11.5916
-0.0489021 12.968
-0.0608975 14.3443
-0.0741224 15.7207
-0.0885778 17.0971
-0.104265 18.4734
-0.122314 19.8498
-0.140375 21.2262
-0.159658 22.6025
-0.180166 23.9789
-0.201898 25.3553
-0.224858 26.7316
-0.249046 28.108
-0.278752 29.4844
-0.256399 28.2747
-0.234975 27.065
-0.214479 25.8553
-0.194911 24.6457
-0.176271 23.436
-0.15856 22.2263
-0.141776 21.0167
-0.12592 19.807
-0.110992 18.5973
-0.0969925 17.3877
-0.0839206 16.178
-0.0717766 14.9683
-0.0605605 13.7587
-0.0502723 12.549
-0.0409119 11.3393
-0.0324793 10.1297
-0.023724 8.92
-0.0136265 7.71034
-0.00479412 6.50067
0.00112303 5.291
0.00474106 4.08134
0.0080343 2.87167
0.0094696 1.662
0.00996797 0.452334
0.0107093 -0.757334
0.00961307 -1.967
0.00728083 -3.17667
0.00400546 -4.38634
-0.000210688 -5.596
-0.00536538 -6.80567
-0.0114565 -8.01534
-0.0184822 -9.22501
-0.0264409 -10.4347
-0.0353313 -11.6443
-0.0451523 -12.854
-0.0559034 -14.0637
-0.0675843 -15.2733
-0.0801951 -16.483
-0.0937362 -17.6927
-0.105449 -18.9023
-0.120786 -20.112
-0.137057 -21.3217
-0.15426 -22.5313
-0.17272 -23.741
-0.198214 -24.9507
-0.227471 -26.1603
-0.260218 -27.37
-0.296143 -28.5797
-0.336753 -29.7894
-0.318424 -28.8118
-0.300701 -27.8342
-0.283585 -26.8567
-0.267074 -25.8792
-0.25117 -24.9016
-0.235872 -23.924
-0.22118 -22.9465
-0.207094 -21.969
-0.193614 -20.9914
-0.18074 -20.0138
-0.168472 -19.0363
-0.156811 -18.0588
-0.145755 -17.0812
-0.135305 -16.1036
-0.125461 -15.1261
-0.116223 -14.1486
-0.107592 -13.171
-0.0995656 -12.1934
-0.0921457 -11.2159
-0.0853317 -10.2383
-0.0726047 -9.2608
-0.0620758 -8.28325
-0.0530581 -7.3057
-0.0445663 -6.32815
-0.0352014 -5.3506
-0.0292623 -4.37305
-0.0201199 -3.3955
-0.0138679 -2.41795
-0.00956721 -1.4404
-0.0051295 -0.46285
0.00153364 0.5147
0.00756158 1.49225
0.0116108 2.4698
0.012825 3.44735
0.0132056 4.4249
0.0127442 5.40245
0.0114405 6.38
0.00929533 7.35755
0.00435999 8.3351
-0.00359748 9.31265
-0.0120872 10.2902
-0.0211114 11.2677
-0.0306709 12.2453
-0.0407653 13.2228
-0.0479749 14.2004
-0.055128 15.1779
-0.0625966 16.1555
-0.0703841 17.1331
-0.0784954 18.1106
-0.0869361 19.0882
-0.100131 20.0657
-0.117521 21.0432
-0.138819 22.0208
-0.162322 22.9984
-0.187899 23.9759
-0.215758 24.9534
-0.247817 25.931
-0.282469 26.9086
-0.319445 27.8861
-0.358454 28.8636
-0.399203 29.8412
-0.373755 28.4777
-0.349486 27.1141
-0.326396 25.7506
-0.304486 24.387
-0.283755 23.0235
-0.264203 21.66
-0.245831 20.2964
-0.228637 18.9329
-0.212623 17.5693
-0.197788 16.2058
-0.184132 14.8423
-0.171655 13.4787
-0.160357 12.1152
-0.150238 10.7516
-0.131599 9.38809
-0.112155 8.02455
-0.0999776 6.66101
-0.0850921 5.29747
-0.0731606 3.93393
-0.0586113 2.57039
-0.0492345 1.20685
-0.0378544 -0.156694
-0.0270046 -1.52023
-0.0175792 -2.88377
-0.0128585 -4.24732
-0.0115155 -5.61086
-0.012484 -6.9744
-0.0172532 -8.33794
-0.0229833 -9.70148
-0.0251259 -11.065
-0.0284673 -12.4286
-0.0329749 -13.7921
-0.0386399 -15.1556
-0.0454512 -16.5192
-0.0589403 -17.8827
-0.0759349 -19.2463
-0.102782 -20.6098
-0.137963 -21.9733
-0.179451 -23.3369
-0.226794 -24.7004
-0.27841 -26.064
-0.333564 -27.4275
-0.391268 -28.791
-0.448926 -30.1546
-0.508298 -31.5181
-0.572713 -32.8817
-0.651783 -34.2452
-0.732779 -35.6087
-0.815323 -36.9723
-0.899101 -38.3358
-0.984891 -39.6994
-1.07306 -41.0629
-1.16279 -42.4265
-1.25376 -43.79
-1.34569 -45.1535
-1.44921 -46.5171
-1.39359 -44.8866
-1.33967 -43.2562
-1.28743 -41.6258
-1.23689 -39.9953
-1.18803 -38.3649
-1.14087 -36.7344
-1.0954 -35.104
-1.05162 -33.4736
-1.00953 -31.8431
-0.964968 -30.2127
-0.909924 -28.5822
-0.851794 -26.9518
-0.786097 -25.3214
-0.733913 -23.6909
-0.68787 -22.0605
-0.638034 -20.43
-0.591395 -18.7996
-0.545267 -17.1692
-0.498826 -15.5387
-0.45507 -13.9083
-0.417707 -12.2779
-0.382372 -10.6474
-0.349142 -9.01698
-0.318072 -7.38654
-0.288792 -5.7561
-0.264116 -4.12566
-0.243668 -2.49522
-0.221157 -0.864782
-0.202771 0.765657
-0.18646 2.3961
-0.172264 4.02654
-0.167637 5.65697
-0.169366 7.28741
-0.17653 8.91785
-0.191679 10.5483
-0.218621 12.1787
-0.259725 13.8092
-0.305257 15.4396
-0.351914 17.07
-0.40152 18.7005
-0.452763 20.3309
-0.517452 21.9614
-0.594502 23.5918
-0.674466 25.2222
-0.759038 26.8527
-0.846594 28.4831
-0.936502 30.1136
-1.02825 31.744
-1.12145 33.3744
-1.21582 35.0049
-1.31072 36.6353
-1.40744 38.2658
-1.51123 39.8962
-1.61796 41.5266
-1.72767 43.1571
-1.84032 44.7875
-1.95582 46.4179
-1.89478 44.7403
-1.83553 43.0627
-1.77808 41.385
-1.72242 39.7074
-1.66856 38.0298
-1.61648 36.3521
-1.5662 34.6745
-1.51772 32.9969
-1.465 31.3192
-1.40231 29.6416
-1.33723 27.964
-1.26835 26.2863
-1.19574 24.6087
-1.13351 22.931
-1.07839 21.2534
-1.01804 19.5758
-0.958227 17.8981
-0.903947 16.2205
-0.852657 14.5429
-0.802963 12.8652
-0.752305 11.1876
-0.701718 9.50995
-0.656962 7.83232
-0.625263 6.15468
-0.598941 4.47705
-0.581842 2.79941
-0.568785 1.12177
-0.560982 -0.555862
-0.568517 -2.2335
-0.580461 -3.91113
-0.595304 -5.58877
-0.612492 -7.26641
-0.634638 -8.94404
-0.673084 -10.6217
-0.714999 -12.2993
-0.759345 -13.977
-0.805792 -15.6546
-0.854661 -17.3322
-0.90577 -19.0099
-0.966859 -20.6875
-1.04311 -22.3651
-1.12358 -24.0428
-1.20779 -25.7204
-1.29519 -27.398
-1.38511 -29.0757
-1.47705 -30.7533
-1.56963 -32.431
-1.66314 -34.1086
-1.76067 -35.7862
-1.86248 -37.4639
-1.96917 -39.1415
-2.0807 -40.8191
-2.19673 -42.4968
-2.31697 -44.1744
-2.44097 -45.852
-2.56825 -47.5297
-2.5112 -46.046
-2.45556 -44.5623
-2.40132 -43.0786
-2.34849 -41.5949
-2.29706 -40.1113
-2.24703 -38.6276
-2.19841 -37.1439
-2.15119 -35.6602
-2.10538 -34.1765
-2.05028 -32.6929
-1.99138 -31.2092
-1.93025 -29.7255
-1.86676 -28.2418
-1.79583 -26.7581
-1.72687 -25.2744
-1.66551 -23.7908
-1.60862 -22.3071
-1.55105 -20.8234
-1.49405 -19.3397
-1.4378 -17.856
-1.38315 -16.3724
-1.32896 -14.8887
-1.27584 -13.405
-1.22387 -11.9213
-1.17356 -10.4376
-1.13346 -8.95394
-1.10026 -7.47026
-1.07755 -5.98658
-1.05918 -4.5029
-1.04372 -3.01921
-1.03099 -1.53553
-1.02069 -0.05185
-1.01256 1.43183
-1.01216 2.91551
-1.0199 4.3992
-1.03128 5.88288
-1.04751 7.36656
-1.06614 8.85024
-1.0869 10.3339
-1.12591 11.8176
-1.16749 13.3013
-1.21133 14.785
-1.25713 16.2687
-1.30471 17.7523
-1.35392 19.236
-1.4043 20.7197
-1.46207 22.2034
-1.52708 23.6871
-1.59504 25.1707
-1.6655 26.6544
-1.73813 28.1381
-1.81315 29.6218
-1.89033 31.1055
-1.96996 32.5892
-2.05312 34.0728
-2.13869 35.5565
-2.22641 37.0402
-2.32328 38.5239
-2.42419 40.0076
-2.52906 41.4912
-2.63767 42.9749
-2.74926 44.4586
-2.86266 45.9423
-2.97779 47.426
-2.88083 44.9093
-2.78791 42.3926
-2.69904 39.8759
-2.6142 37.3592
-2.5334 34.8425
-2.44062 32.3258
-2.33579 29.8091
-2.22388 27.2924
-2.1092 24.7758
-2.01119 22.2591
-1.91491 19.7424
-1.8182 17.2257
-1.72546 14.709
-1.63868 12.1923
-1.5699 9.67562
-1.52164 7.15893
-1.49173 4.64224
-1.46931 2.12555
-1.45299 -0.391146
-1.44584 -2.90784
-1.46557 -5.42453
-1.49237 -7.94122
-1.52495 -10.4579
-1.58602 -12.9746
-1.65715 -15.4913
-1.73335 -18.008
-1.81394 -20.5247
-1.91472 -23.0414
-2.02653 -25.5581
-2.14702 -28.0747
-2.27662 -30.5914
-2.41371 -33.1081
-2.55705 -35.6248
-2.70687 -38.1415
-2.87439 -40.6582
-3.05125 -43.1749
-3.24639 -45.6916
-3.44031 -48.2083
-3.63917 -50.725
-3.84456 -53.2416
-4.05482 -55.7583
-4.26914 -58.275
-4.48694 -60.7917
-4.71822 -63.3084
-4.95609 -65.8251
-4.92223 -65.1969
-4.8719 -64.2545
-4.79749 -62.8409
-4.68826 -60.7206
-4.56253 -58.2076
-4.44084 -55.6946
-4.31929 -53.1816
-4.17877 -50.6686
-4.03106 -48.1556
-3.87647 -45.6426
-3.70976 -43.1296
-3.56049 -40.6166
-3.41947 -38.1036
-3.27601 -35.5906
-3.13442 -33.0776
-3.00403 -30.5646
-2.87568 -28.0516
-2.76414 -25.5387
-2.66551 -23.0257
-2.57964 -20.5127
-2.51587 -17.9997
-2.45929 -15.4867
-2.40768 -12.9737
-2.36104 -10.4607
-2.32258 -7.94769
-2.31489 -5.4347
-2.31355 -2.9217
-2.34234 -0.408706
-2.3805 2.10429
-2.42875 4.61728
-2.48455 7.13028
-2.54557 9.64327
-2.61128 12.1563
-2.68613 14.6693
-2.77709 17.1823
-2.87758 19.6953
-2.98583 22.2082
-3.10099 24.7212
-3.22219 27.2342
-3.34901 29.7472
-3.4811 32.2602
-3.62192 34.7732
-3.77903 37.2862
-3.94786 39.7992
-4.12625 42.3122
-4.31255 44.8252
-4.50544 47.3382
-4.70409 49.8512
-4.90762 52.3642
-5.11545 54.8772
-5.32784 57.3902
-5.54464 59.9032
-5.77683 62.4162
-5.99756 64.7567
-5.9566 64.005
-5.89584 62.8776
-5.80624 61.1864
-5.67527 58.6496
-5.52538 55.6431
-5.37801 52.6366
-5.20589 49.63
-5.02281 46.6235
-4.82938 43.617
-4.63542 40.6104
-4.46489 37.6039
-4.29475 34.5973
-4.12709 31.5908
-3.9783 28.5843
-3.85224 25.5777
-3.74382 22.5712
-3.65227 19.5647
-3.58911 16.5581
-3.53264 13.5516
-3.48098 10.545
-3.43392 7.5385
-3.42525 4.53197
-3.42645 1.52543
-3.46514 -1.48111
-3.51841 -4.48765
-3.57962 -7.49418
-3.64721 -10.5007
-3.72066 -13.5073
-3.80027 -16.5138
-3.90056 -19.5203
-4.01327 -22.5269
-4.13832 -25.5334
-4.27451 -28.5399
-4.42136 -31.5465
-4.57883 -34.553
-4.74429 -37.5596
-4.91773 -40.5661
-5.11715 -43.5726
-5.32887 -46.5792
-5.55144 -49.5857
-5.78449 -52.5922
-6.02647 -55.5988
-6.27599 -58.6053
-6.5326 -61.6119
-6.79509 -64.6184
-7.03105 -67.2391
-6.98637 -66.4475
-6.92011 -65.2601
-6.8224 -63.4789
-6.67966 -60.8072
-6.51642 -57.6407
-6.3481 -54.4742
-6.15388 -51.3077
-5.9496 -48.1412
-5.74146 -44.9748
-5.58563 -41.8083
-5.44595 -38.6418
-5.32346 -35.4753
-5.20896 -32.3088
-5.11593 -29.1423
-5.04533 -25.9758
-4.97795 -22.8094
-4.91673 -19.6429
-4.89919 -16.4764
-4.90955 -13.3099
-4.92626 -10.1434
-4.9491 -6.97692
-4.97795 -3.81044
-5.02197 -0.64395
-5.08678 2.52254
-5.16261 5.68902
-5.2542 8.85551
-5.361 12.022
-5.47727 15.1885
-5.60168 18.355
-5.73357 21.5215
-5.8724 24.6879
-6.01739 27.8544
-6.17881 31.0209
-6.35833 34.1874
-6.55006 37.3539
-6.7533 40.5204
-6.96781 43.6869
-7.19687 46.8533
-7.43752 50.0198
-7.68769 53.1863
-7.92138 56.056
