0 0 0
9.33476e-13 -8921.91 -1.36059e+07
-3.18501e-12 -20684 -3.15432e+07
5.13367e-12 -32446.2 -4.94804e+07
-1.49356e-11 -44208.3 -6.74176e+07
-1.90994e-11 -55970.5 -8.53549e+07
-1.84883e-11 -67732.6 -1.03292e+08
-5.14433e-12 -79494.8 -1.21229e+08
-4.15525e-11 -91257 -1.39167e+08
-3.58682e-11 -103019 -1.57104e+08
-7.04858e-12 -114782 -1.75041e+08
-5.78098e-11 -126544 -1.92978e+08
-4.71232e-11 -138306 -2.10916e+08
-1.07548e-10 -150069 -2.28853e+08
-8.29914e-11 -161831 -2.4679e+08
-1.57797e-10 -173593 -2.64728e+08
-7.34417e-11 -185356 -2.82665e+08
-9.39053e-11 -197119 -3.00603e+08
-6.34373e-11 -208881 -3.1854e+08
-1.65301e-10 -220644 -3.36477e+08
-1.36879e-10 -232407 -3.54415e+08
-1.59162e-10 -244169 -3.72352e+08
-1.09139e-10 -255932 -3.9029e+08
-1.0823e-10 -267695 -4.08227e+08
-2.18506e-10 -279458 -4.26165e+08
-1.44382e-10 -291222 -4.44102e+08
-9.29358e-08 -301611 -4.59945e+08
-1.14701e-08 -308256 -4.70078e+08
3.32404e-06 -311442 -4.74935e+08
-2.20574e-06 -314551 -4.79676e+08
-1.6114e-06 -317658 -4.84413e+08
-1.08848e-06 -320764 -4.89147e+08
1.47687e-05 -322760 -4.9219e+08
-1.36469e-06 -324497 -4.94838e+08
1.71124e-06 -326234 -4.97486e+08
4.84024e-06 -327971 -5.00133e+08
7.76252e-05 -329644 -5.02682e+08
-4.33457e-05 -330443 -5.039e+08
-3.78783e-05 -331244 -5.05119e+08
-3.64922e-05 -332046 -5.06341e+08
-3.53625e-05 -332849 -5.07565e+08
-3.43989e-05 -333655 -5.08792e+08
-3.35434e-05 -334463 -5.10022e+08
-3.2761e-05 -335273 -5.11255e+08
0.000220575 -336033 -5.12413e+08
-0.00354023 -336341 -5.12881e+08
-6.20058e-05 -336641 -5.13337e+08
-7.08928e-05 -336945 -5.13798e+08
-6.84824e-05 -337252 -5.14264e+08
2.04451e-07 -312287 -4.76199e+08
-1.15832e-07 -287322 -4.38135e+08
8.0322e-09 -262358 -4.0007e+08
-1.4787e-08 -237395 -3.62006e+08
-7.6584e-09 -212432 -3.23942e+08
-8.29823e-09 -187469 -2.85878e+08
-7.07587e-09 -162508 -2.47814e+08
-6.27961e-09 -137546 -2.0975e+08
-5.61863e-09 -112585 -1.71687e+08
-4.85022e-09 -87624.5 -1.33624e+08
-4.12973e-09 -62664.2 -9.55608e+07
-3.56579e-09 -37704.2 -5.74978e+07
-3.00138e-09 -12744.5 -1.9435e+07
-2.48485e-09 12215 1.86277e+07
-1.93768e-09 37174.3 5.66903e+07
-1.48259e-09 62133.4 9.47528e+07
-1.10595e-09 87092.3 1.32815e+08
-7.75231e-10 112051 1.70878e+08
-3.52941e-10 137010 2.0894e+08
-1.71467e-06 160665 2.45014e+08
-1.92073e-05 176861 2.69713e+08
-0.000225826 188393 2.87299e+08
-8.54169e-05 198865 3.03269e+08
-8.41195e-05 209163 3.18974e+08
-7.28728e-05 219293 3.34422e+08
-0.000259875 228594 3.48605e+08
-0.000150542 236225 3.60242e+08
-0.000142508 243666 3.7159e+08
-0.000126784 250924 3.82657e+08
-0.000113032 258007 3.93457e+08
-0.00026341 264880 4.03937e+08
-2.03297e-08 270068 4.11848e+08
-0.000307685 275054 4.1945e+08
-0.000261512 279871 4.26793e+08
-0.000243887 284526 4.33891e+08
-0.000224878 289028 4.40754e+08
-0.000206818 293384 4.47395e+08
-0.000189654 297602 4.53825e+08
-0.000173463 301690 4.60056e+08
-0.000547951 305622 4.66049e+08
-4.89813e-08 308513 4.70455e+08
-0.000687142 311272 4.74659e+08
-0.000609838 313922 4.78696e+08
-0.000593447 316468 4.82575e+08
-0.000570752 318918 4.86307e+08
3.65595e-07 296221 4.517e+08
4.27672e-07 273524 4.17094e+08
5.83444e-07 250829 3.82488e+08
1.05843e-06 228133 3.47882e+08
3.32725e-06 205438 3.13276e+08
3.14535e-05 182744 2.7867e+08
-4.22162e-08 160050 2.44065e+08
-8.80891e-09 137356 2.09459e+08
-6.61453e-09 114662 1.74854e+08
-5.69094e-09 91969.3 1.40249e+08
-4.86398e-09 69276.5 1.05644e+08
-4.1137e-09 46584 7.1039e+07
-3.42922e-09 23891.8 3.64342e+07
-2.96737e-09 1199.75 1.82959e+06
-2.29825e-09 -21492.1 -3.2775e+07
-1.81319e-09 -44183.7 -6.73794e+07
-1.45707e-09 -66875.2 -1.01984e+08
-1.05382e-09 -89566.5 -1.36588e+08
-7.68352e-10 -112258 -1.71192e+08
-2.04812e-05 -129684 -1.97767e+08
-0.000149089 -142624 -2.17502e+08
-8.96093e-05 -153521 -2.3412e+08
-7.36179e-05 -164257 -2.50492e+08
-6.37373e-05 -174835 -2.66623e+08
-0.000153749 -184954 -2.82056e+08
-0.000142723 -193533 -2.95138e+08
-0.000127535 -201926 -3.07937e+08
-0.00011393 -210135 -3.20455e+08
-0.000101804 -218163 -3.32698e+08
-9.09944e-05 -226015 -3.44672e+08
-0.000288745 -233228 -3.55672e+08
-0.000266454 -239478 -3.65201e+08
-0.000247339 -245539 -3.74444e+08
-0.000230063 -251417 -3.83407e+08
-0.000213754 -257116 -3.92097e+08
-0.000198284 -262641 -4.00521e+08
-0.000183654 -267998 -4.08688e+08
-0.000169861 -273190 -4.16605e+08
-0.000156903 -278225 -4.24281e+08
-0.000144768 -283107 -4.31724e+08
-0.000133432 -287842 -4.38942e+08
-7.9249e-05 -292399 -4.4589e+08
-0.000480918 -296035 -4.51432e+08
-0.000507312 -299530 -4.56759e+08
-0.000497127 -302891 -4.61882e+08
-0.000482583 -306124 -4.6681e+08
-0.000466807 -309235 -4.7155e+08
-0.000450267 -312229 -4.76112e+08
-0.000433196 -315111 -4.80504e+08
1.65102e-06 -291189 -4.4403e+08
-1.77224e-06 -267268 -4.07556e+08
-1.04744e-06 -243348 -3.71082e+08
-2.84187e-07 -219428 -3.34608e+08
1.57281e-08 -195508 -2.98135e+08
-1.18473e-08 -171589 -2.61661e+08
-5.08521e-09 -147670 -2.25188e+08
-5.47061e-09 -123752 -1.88715e+08
-4.79815e-09 -99834.2 -1.52242e+08
-4.03782e-09 -75916.6 -1.1577e+08
-3.60978e-09 -51999.4 -7.92973e+07
-3.0976e-09 -28082.4 -4.28249e+07
-2.62514e-09 -4165.72 -6.35263e+06
-2.09907e-09 19750.8 3.01196e+07
-1.70766e-09 43667 6.65916e+07
-1.31462e-09 67583.2 1.03064e+08
-9.50365e-10 91499.1 1.39536e+08
-7.95694e-10 115415 1.76007e+08
-1.36187e-05 135144 2.06095e+08
-0.00012027 148655 2.26699e+08
-8.02352e-05 160278 2.44423e+08
-7.27498e-05 171721 2.61875e+08
-0.000160009 182737 2.78675e+08
-0.000147587 192113 2.92973e+08
-0.00013257 201278 3.06949e+08
-0.000118423 210234 3.20607e+08
-0.000105904 218986 3.33954e+08
-0.00037284 227085 3.46304e+08
-0.000264802 234177 3.57119e+08
-0.00025818 241050 3.67598e+08
-0.000239713 247707 3.7775e+08
-0.000223505 254155 3.87582e+08
-0.000208016 260399 3.97102e+08
-0.000193379 266442 4.06317e+08
-0.000179564 272293 4.15238e+08
-0.000166551 277956 4.23872e+08
-0.000154318 283437 4.32228e+08
-0.000142839 288743 4.40317e+08
-0.00108815 293465 4.47517e+08
-0.000444931 297600 4.53819e+08
-0.000511862 301567 4.59867e+08
-0.00049286 305374 4.65669e+08
-0.000482192 309027 4.71237e+08
-0.000469479 312533 4.7658e+08
-0.000455978 315899 4.81709e+08
-0.000441705 319130 4.86633e+08
-2.55359e-08 293758 4.47946e+08
-4.78876e-08 268385 4.09259e+08
-8.58977e-08 243013 3.70572e+08
-1.93109e-07 217642 3.31886e+08
-8.03559e-07 192271 2.93199e+08
-1.28924e-05 166901 2.54513e+08
1.94693e-08 141532 2.15827e+08
-1.10452e-08 116162 1.77142e+08
-9.65588e-09 90793.3 1.38456e+08
-7.77914e-09 65424.8 9.97705e+07
-6.14102e-09 40056.6 6.10852e+07
-4.79025e-09 14688.7 2.24e+07
-3.7895e-09 -10678.9 -1.62851e+07
-2.91621e-09 -36046.3 -5.49701e+07
-2.18651e-09 -61413.5 -9.36549e+07
-1.54824e-09 -86780.6 -1.3234e+08
-9.99876e-10 -112147 -1.71024e+08
-5.91482e-08 -137260 -2.09321e+08
-0.000103945 -153622 -2.34273e+08
-0.000109002 -166029 -2.53194e+08
-9.41734e-05 -178234 -2.71806e+08
-0.000249634 -189781 -2.89416e+08
-0.000206549 -199781 -3.04667e+08
-0.000179932 -209543 -3.19554e+08
-0.000158318 -219071 -3.34082e+08
-0.000536883 -227914 -3.47568e+08
-0.000456826 -235680 -3.5941e+08
-0.000413534 -243193 -3.70867e+08
-0.000378225 -250459 -3.81947e+08
-0.000346231 -257484 -3.92659e+08
-0.000316723 -264274 -4.03012e+08
-0.000289479 -270834 -4.13014e+08
-0.000264372 -277171 -4.22677e+08
-0.00024127 -283292 -4.3201e+08
-0.000220049 -289205 -4.41024e+08
-0.000648022 -294387 -4.48924e+08
-0.00085541 -299038 -4.56014e+08
-0.000859859 -303490 -4.628e+08
-0.000832811 -307750 -4.69295e+08
-0.000800357 -311828 -4.75509e+08
-0.000766504 -315730 -4.81456e+08
-0.000732102 -319465 -4.87148e+08
-0.000697524 -323040 -4.92597e+08
-0.000663089 -326465 -4.97814e+08
-0.000629032 -329745 -5.02813e+08
-0.000595589 -332889 -5.07602e+08
-0.000562921 -335904 -5.12195e+08
-0.00053119 -338797 -5.16601e+08
-0.000500509 -341574 -5.20831e+08
0.002322 -344194 -5.2482e+08
1.45752e-07 -346389 -5.28162e+08
-0.00268269 -348463 -5.3132e+08
-0.00307038 -350445 -5.34336e+08
-0.00312482 -352341 -5.3722e+08
-0.00312607 -354155 -5.3998e+08
-0.00311388 -355893 -5.42623e+08
-0.00309243 -357560 -5.45157e+08
-0.00306515 -359160 -5.47589e+08
-0.00303251 -360697 -5.49926e+08
-0.00299512 -362176 -5.52173e+08
-0.00295363 -363600 -5.54336e+08
-0.00290863 -364973 -5.56422e+08
-0.00286052 -366298 -5.58434e+08
-0.0028099 -367578 -5.60377e+08
-0.00275716 -368817 -5.62257e+08
-0.00270271 -370017 -5.64077e+08
-0.00264681 -371180 -5.65841e+08
-0.00260408 -372309 -5.67553e+08
0.000162082 -330216 -5.03399e+08
1.06638e-06 -288125 -4.39246e+08
-2.52584e-06 -246039 -3.75094e+08
1.03386e-06 -203955 -3.10944e+08
-2.01848e-06 -161875 -2.46795e+08
1.3195e-06 -119797 -1.82647e+08
-2.0952e-06 -77722.4 -1.18501e+08
1.37501e-06 -35650.3 -5.43561e+07
-1.78169e-06 6419.47 9.78797e+06
1.10248e-06 48486.9 7.39309e+07
-1.18665e-06 90552.3 1.38073e+08
-5.09688e-05 127324 1.94145e+08
-0.000628467 149622 2.28148e+08
-0.000615189 170109 2.59391e+08
-0.000837006 187759 2.8631e+08
-0.00179955 204318 3.11563e+08
-0.00128695 218691 3.33485e+08
-0.00145174 232338 3.54299e+08
-0.0011889 245274 3.7403e+08
-0.00469336 257430 3.92569e+08
-3.02313e-07 267819 4.08415e+08
-0.0069448 277522 4.23215e+08
-0.000944584 286576 4.37024e+08
-0.00562952 295014 4.49894e+08
-0.00201271 302871 4.61877e+08
-4.51334e-06 263268 4.01482e+08
1.5174e-08 223665 3.41087e+08
-2.64906e-08 184062 2.80691e+08
-2.17742e-08 144459 2.20295e+08
-3.09848e-08 104854 1.59899e+08
-3.46536e-08 65249.5 9.95022e+07
-4.17076e-08 25643.8 3.91051e+07
-4.72566e-08 -13963 -2.12925e+07
-5.39517e-08 -53570.9 -8.16906e+07
-6.01824e-08 -93180.1 -1.42089e+08
-6.72312e-08 -132791 -2.02489e+08
-7.31193e-08 -172403 -2.62889e+08
-2.22056e-05 -206594 -3.15021e+08
6.33236e-09 -226186 -3.4489e+08
-0.000315707 -244037 -3.72104e+08
-0.000540953 -258711 -3.94472e+08
-0.000795065 -272576 -4.15605e+08
-0.00134968 -283993 -4.33006e+08
-0.00135621 -294814 -4.49495e+08
-0.00120245 -305059 -4.65107e+08
-0.00034393 -314684 -4.79771e+08
1.90468e-07 -322526 -4.91716e+08
-0.00220376 -329835 -5.02848e+08
-0.00294866 -336646 -5.1322e+08
-0.00301665 -342991 -5.2288e+08
-0.00281321 -348900 -5.31876e+08
0.000170024 -304726 -4.64547e+08
1.22623e-06 -260555 -3.97221e+08
-3.06856e-06 -216388 -3.29896e+08
9.40413e-07 -172224 -2.62572e+08
-1.89131e-06 -128064 -1.9525e+08
1.43118e-06 -83906.8 -1.2793e+08
-2.23573e-06 -39752.3 -6.06103e+07
1.61894e-06 4399.33 6.70778e+06
-1.99376e-06 48548.5 7.40248e+07
1.1692e-06 92695.3 1.41341e+08
-1.32844e-06 136840 2.08655e+08
-0.000320444 173694 2.64855e+08
-2.49386e-06 194918 2.97223e+08
-0.001272 214246 3.267e+08
-0.000557335 231018 3.5228e+08
-0.00218088 245664 3.74617e+08
4.3884e-08 258776 3.94616e+08
-0.00198493 271137 4.1347e+08
-0.00622616 282494 4.30793e+08
-0.00172186 292124 4.45481e+08
1.42369e-06 301060 4.59111e+08
-0.00684179 309343 4.71745e+08
-0.0013231 317014 4.83445e+08
-8.61064e-10 284699 4.34163e+08
-8.60814e-09 252383 3.84881e+08
-8.53424e-09 220068 3.35599e+08
-1.06834e-08 187752 2.86317e+08
-1.31417e-08 155435 2.37034e+08
-1.52882e-08 123119 1.87751e+08
-1.80356e-08 90801.6 1.38468e+08
-2.05526e-08 58483.9 8.91843e+07
-2.34539e-08 26165.5 3.99005e+07
-2.59674e-08 -6153.54 -9.38361e+06
-2.91757e-08 -38473.4 -5.86681e+07
-3.23402e-08 -70794.1 -1.07953e+08
-3.52825e-08 -103116 -1.57238e+08
-3.84118e-08 -135438 -2.06524e+08
-4.18345e-08 -167762 -2.5581e+08
-8.71692e-08 -199675 -3.04469e+08
-8.57911e-05 -219196 -3.3423e+08
-0.000133196 -234398 -3.57407e+08
-0.000188788 -248917 -3.79539e+08
-0.000270224 -261078 -3.98077e+08
-0.000243853 -272860 -4.16035e+08
-0.000716556 -282946 -4.31406e+08
-0.000685516 -292258 -4.45597e+08
-0.000613178 -301170 -4.59177e+08
-0.00054555 -309694 -4.72165e+08
0.000138708 -317527 -4.841e+08
-0.00136782 -324259 -4.94354e+08
-0.00174107 -330622 -5.04046e+08
-0.00176469 -336632 -5.13198e+08
-0.00168655 -342306 -5.21838e+08
-0.00158197 -347660 -5.2999e+08
6.53591e-05 -300766 -4.58516e+08
3.48356e-07 -253876 -3.87043e+08
-1.46743e-06 -206990 -3.15571e+08
2.56081e-07 -160107 -2.44102e+08
-1.01506e-06 -113228 -1.72634e+08
4.73773e-07 -66352.8 -1.01167e+08
-1.11038e-06 -19480.4 -2.97021e+07
5.58899e-07 27389.1 4.17616e+07
-9.51631e-07 74255.9 1.13224e+08
3.98158e-07 121120 1.84686e+08
-5.89906e-07 167982 2.56146e+08
-1.72458e-08 198562 3.02779e+08
-0.00050727 220438 3.36142e+08
-5.32263e-07 238749 3.64069e+08
-0.00255297 255197 3.89156e+08
-0.000947567 268957 4.10143e+08
-0.00162701 281872 4.29841e+08
2.22753e-08 293587 4.47711e+08
-7.92534e-09 303495 4.62823e+08
-0.0075908 312634 4.76762e+08
-0.000507986 321052 4.89603e+08
-0.00620336 328802 5.01423e+08
-0.00174461 335934 5.123e+08
-0.00450287 342498 5.22312e+08
-0.00264277 348545 5.31533e+08
-0.00336163 354121 5.40036e+08
-0.00278495 359273 5.47891e+08
-2.16083e-07 363768 5.54744e+08
1.64384e-08 367561 5.60525e+08
1.19935e-08 371037 5.65822e+08
8.64156e-09 374230 5.70688e+08
5.27507e-09 377173 5.75171e+08
2.77714e-09 379895 5.79315e+08
-1.09139e-10 382420 5.83159e+08
-2.65482e-09 384771 5.86737e+08
-6.32099e-11 338032 5.15471e+08
-1.19461e-07 291294 4.44205e+08
-2.42334e-07 244559 3.7294e+08
-4.55914e-07 197825 3.01675e+08
-1.09517e-06 151092 2.30411e+08
-5.05627e-06 104360 1.59148e+08
2.49212e-08 57629.4 8.78845e+07
-6.65545e-09 10899.4 1.66215e+07
-6.79117e-09 -35830.2 -5.46412e+07
-2.21969e-09 -82559.6 -1.25904e+08
-1.31791e-10 -129289 -1.97166e+08
-6.24014e-05 -169308 -2.58195e+08
1.88207e-08 -193333 -2.94833e+08
-0.000996285 -215310 -3.28347e+08
-0.00131081 -234444 -3.57525e+08
3.4601e-08 -251367 -3.8333e+08
-0.00225347 -266624 -4.06593e+08
-0.00328001 -280992 -4.285e+08
2.07122e-07 -293245 -4.47181e+08
-3.36149e-09 -304562 -4.64433e+08
-6.08588e-09 -315037 -4.80402e+08
1.13687e-10 -267420 -4.07796e+08
-1.17288e-07 -219805 -3.3519e+08
-4.56887e-08 -172192 -2.62585e+08
-4.52493e-08 -124580 -1.89981e+08
-3.12591e-08 -76969.9 -1.17378e+08
-2.24535e-08 -29360.4 -4.47742e+07
-1.4048e-08 18248.4 2.78287e+07
-7.22073e-09 65856.7 1.00431e+08
-2.50972e-09 113465 1.73034e+08
-1.99474e-10 161073 2.45636e+08
-1.15369e-09 208681 3.18239e+08
-0.000204638 246170 3.7541e+08
-0.000367946 267362 4.07727e+08
-0.00010805 285847 4.35913e+08
-0.000528855 301817 4.60266e+08
-3.35854e-08 314461 4.79545e+08
-0.0012578 326143 4.97354e+08
-0.000680248 336346 5.12909e+08
-0.00329295 344915 5.25971e+08
-0.00158543 352769 5.37941e+08
8.57349e-06 311984 4.75753e+08
-2.26773e-08 271201 4.13565e+08
-6.40123e-08 230419 3.51378e+08
-8.43829e-08 189638 2.89191e+08
-9.15086e-08 148858 2.27005e+08
-8.75434e-08 108079 1.64819e+08
-7.32336e-08 67300.6 1.02633e+08
-5.1221e-08 26522.7 4.04471e+07
-2.72647e-08 -14254.7 -2.17384e+07
-9.25304e-09 -55031.8 -8.39237e+07
-1.33018e-09 -95808.8 -1.46109e+08
-1.31031e-10 -136586 -2.08294e+08
-1.29393e-09 -177363 -2.70479e+08
-5.36657e-05 -210623 -3.21201e+08
1.53132e-08 -230027 -3.50791e+08
-0.000588811 -248354 -3.78738e+08
-0.000782057 -263563 -4.01929e+08
-0.00214068 -277662 -4.23427e+08
-0.00245322 -289591 -4.41616e+08
-0.00234814 -300878 -4.58825e+08
2.98714e-08 -311120 -4.7444e+08
-0.00535788 -319976 -4.87939e+08
-4.43924e-09 -328231 -5.00523e+08
1.04137e-10 -276932 -4.22303e+08
-1.40434e-07 -225636 -3.44084e+08
-6.07897e-08 -174342 -2.65865e+08
-4.75633e-08 -123049 -1.87647e+08
-3.2769e-08 -71757.6 -1.09429e+08
-2.09948e-08 -20467 -3.12121e+07
-1.08375e-08 30822.8 4.70047e+07
-3.69415e-09 82112.1 1.25221e+08
-3.75543e-10 133401 2.03438e+08
-1.94899e-09 184691 2.81654e+08
-1.81395e-05 231850 3.53571e+08
3.4839e-08 257700 3.92992e+08
-0.000805971 279210 4.25792e+08
-0.000508607 297106 4.5308e+08
-0.000416479 311758 4.75421e+08
-0.0013339 324933 4.95508e+08
8.1376e-06 336234 5.12736e+08
-0.0050858 345887 5.27449e+08
3.15619e-07 354505 5.40583e+08
3.42561e-08 361783 5.51672e+08
9.58698e-09 368324 5.61637e+08
2.99769e-09 374198 5.70584e+08
-3.03862e-09 379472 5.78615e+08
-8.47831e-09 384210 5.85827e+08
-1.2481e-08 388473 5.92314e+08
0.000188658 391438 5.96816e+08
0.000295706 393117 5.99354e+08
0.0021737 393914 6.00543e+08
0.00296592 393519 5.9991e+08
-7.46874e-05 392382 5.98143e+08
-0.000198839 390535 5.95288e+08
-1.99989e-06 349396 5.32594e+08
-8.38493e-06 308260 4.69901e+08
1.7093e-08 267128 4.07209e+08
-3.79485e-07 225998 3.44519e+08
-1.07575e-06 184871 2.8183e+08
-3.20699e-06 143747 2.19142e+08
-1.73342e-05 102625 1.56455e+08
8.91871e-08 61506 9.37694e+07
-1.64144e-07 20388.9 3.10847e+07
-4.3816e-07 -20726 -3.15991e+07
-9.3702e-07 -61839.1 -9.4282e+07
-2.48658e-06 -102950 -1.56964e+08
-0.000655672 -143389 -2.18623e+08
0.000703962 -173304 -2.6424e+08
-0.00156529 -193077 -2.94394e+08
-0.00383056 -210809 -3.21437e+08
0.000975927 -226386 -3.45193e+08
-0.000530912 -240043 -3.66025e+08
0.00292175 -252738 -3.85389e+08
-2.69664e-06 -263867 -4.02365e+08
-0.00409519 -274176 -4.18092e+08
-0.00383606 -283999 -4.33077e+08
-3.02407e-11 -239720 -3.65553e+08
-5.71786e-08 -195441 -2.98028e+08
-8.51635e-08 -151160 -2.30503e+08
-1.10934e-07 -106879 -1.62977e+08
-1.4252e-07 -62596.3 -9.54507e+07
-1.79162e-07 -18312.5 -2.79237e+07
-2.2092e-07 25972.8 3.9604e+07
-2.68501e-07 70259.9 1.07133e+08
-3.21778e-07 114549 1.74662e+08
-3.81314e-07 158840 2.42192e+08
-4.46302e-07 203133 3.09723e+08
-5.17711e-07 247429 3.77255e+08
2.48283e-05 284187 4.33289e+08
-1.16875e-05 300248 4.57763e+08
-9.12338e-06 312630 4.76624e+08
-4.04647e-06 321491 4.90114e+08
-3.46726e-06 327893 4.99853e+08
0.000231973 332353 5.06627e+08
-0.00153271 334735 5.10228e+08
0.000436606 335494 5.11349e+08
1.0888e-05 293057 4.4668e+08
-2.04681e-05 250624 3.82014e+08
2.88401e-08 208194 3.17349e+08
-5.33589e-07 165768 2.52686e+08
-1.77069e-06 123346 1.88024e+08
-7.14251e-06 80926.5 1.23364e+08
1.28953e-08 38510.2 5.87063e+07
-3.86984e-07 -3903.25 -5.95038e+06
-1.08285e-06 -46314 -7.06055e+07
-3.33387e-06 -88722.3 -1.35259e+08
3.33512e-05 -127962 -1.95086e+08
-0.000199785 -162119 -2.47167e+08
-0.000326684 -194204 -2.96095e+08
1.50181e-05 -218930 -3.33802e+08
-0.00104869 -236718 -3.6093e+08
0.000348436 -252528 -3.85044e+08
0.000192412 -265983 -4.05567e+08
-0.000943186 -277493 -4.23127e+08
-0.00250427 -288042 -4.39219e+08
-0.000800269 -297455 -4.5358e+08
-1.02422e-05 -250050 -3.81291e+08
-1.86253e-08 -202645 -3.09002e+08
-1.22961e-07 -155238 -2.36712e+08
-1.70469e-07 -107831 -1.64422e+08
-2.1079e-07 -60421.8 -9.21311e+07
-2.64919e-07 -13011.2 -1.98392e+07
-3.23727e-07 34401.3 5.24536e+07
-3.91434e-07 81815.9 1.24747e+08
-4.65639e-07 129233 1.97042e+08
-5.47562e-07 176652 2.69338e+08
-6.36828e-07 224075 3.41635e+08
1.45177e-05 259878 3.96207e+08
-3.1166e-05 278313 4.24294e+08
5.88011e-05 291544 4.44448e+08
-4.99632e-07 301474 4.59565e+08
-2.31669e-05 308591 4.7039e+08
-2.48719e-06 313829 4.78348e+08
0.00133577 317401 4.83762e+08
7.0398e-05 270275 4.11948e+08
-1.47089e-07 223153 3.40135e+08
-1.26811e-06 176035 2.68325e+08
-5.09599e-06 128922 1.96517e+08
4.05498e-09 81812.7 1.24711e+08
-6.92061e-07 34707.4 5.29076e+07
-2.54126e-06 -12394.4 -1.88943e+07
-1.43422e-05 -59492.8 -9.06943e+07
0.00102763 -105504 -1.60841e+08
-0.000525824 -144919 -2.20936e+08
-0.00127057 -181071 -2.76062e+08
-0.00135397 -215469 -3.28518e+08
0.00309047 -238117 -3.63056e+08
-4.39251e-05 -255791 -3.90013e+08
3.3263e-05 -271296 -4.13664e+08
-0.0023127 -283751 -4.32666e+08
-0.00159443 -295399 -4.50436e+08
0.00011991 -305420 -4.65725e+08
-0.00164777 -314178 -4.79086e+08
-0.002955 -321948 -4.90942e+08
0.00739893 -329173 -5.01965e+08
-0.00053472 -335843 -5.12141e+08
-0.000505192 -341957 -5.21471e+08
-0.000380934 -347604 -5.30087e+08
1.63937e-07 -352764 -5.37959e+08
1.43337e-07 -357477 -5.45151e+08
1.16092e-07 -361792 -5.51733e+08
-1.57198e-05 -364917 -5.56499e+08
7.24775e-06 -367112 -5.59843e+08
0.000361473 -368443 -5.61865e+08
0.00281882 -368750 -5.6232e+08
6.77355e-05 -328126 -5.00376e+08
4.41962e-07 -287504 -4.38432e+08
-1.82426e-07 -246882 -3.76489e+08
4.66553e-08 -206262 -3.14546e+08
-3.12917e-08 -165642 -2.52603e+08
-3.34393e-09 -125024 -1.90661e+08
-5.7409e-09 -84405.3 -1.28718e+08
-2.12883e-09 -43787.4 -6.6776e+07
-5.88231e-10 -3169.78 -4.83395e+06
1.39377e-11 37447.7 5.71081e+07
-5.9994e-10 78065.2 1.1905e+08
-2.52396e-09 118683 1.80992e+08
-6.13852e-09 159301 2.42934e+08
-0.000411826 198148 3.02175e+08
0.002266 221754 3.38174e+08
0.00316735 239970 3.65953e+08
-0.00148121 256965 3.91871e+08
-1.54952e-05 271559 4.14125e+08
0.00287823 285156 4.3486e+08
0.00201811 297618 4.53864e+08
1.78453e-05 247128 3.7687e+08
-1.23996e-07 196639 2.99877e+08
-1.73229e-07 146151 2.22885e+08
-2.30266e-07 95665.3 1.45893e+08
-3.22187e-07 45180.1 6.89017e+07
-5.38815e-07 -5304.37 -8.08943e+06
-1.35474e-06 -55788.4 -8.50804e+07
-8.1174e-06 -106272 -1.62071e+08
8.33113e-08 -156756 -2.39062e+08
-6.06793e-08 -207241 -3.16053e+08
-2.86047e-09 -257726 -3.93044e+08
0.0201327 -290428 -4.42913e+08
0.015859 -306881 -4.67999e+08
2.50554e-05 -319481 -4.87206e+08
-1.43594e-05 -328400 -5.00796e+08
0.000717926 -334094 -5.09463e+08
4.80863e-06 -296447 -4.52059e+08
1.92696e-05 -258802 -3.94655e+08
7.64437e-08 -221157 -3.37252e+08
-4.40357e-08 -183514 -2.79849e+08
-1.834e-09 -145871 -2.22446e+08
-9.22296e-09 -108228 -1.65044e+08
-4.36515e-09 -70586.2 -1.07642e+08
-2.69593e-09 -32944.7 -5.02397e+07
-1.12419e-09 4696.61 7.16222e+06
-2.07827e-10 42337.8 6.45641e+07
-5.97602e-11 79978.9 1.21966e+08
-6.70497e-10 117620 1.79368e+08
-2.21229e-09 155262 2.3677e+08
2.0796e-06 191955 2.92726e+08
4.42346e-06 224613 3.42531e+08
-0.000262533 248716 3.79287e+08
-1.14569e-05 265817 4.05364e+08
3.98844e-05 281447 4.29198e+08
-0.000105174 294509 4.49117e+08
-1.2337e-06 305597 4.66027e+08
-2.83987e-05 315457 4.81063e+08
-8.27472e-08 274678 4.18879e+08
-1.02461e-07 233900 3.56696e+08
-1.11094e-07 193123 2.94513e+08
-1.09352e-07 152346 2.3233e+08
-9.67196e-08 111571 1.70148e+08
-7.37247e-08 70795.9 1.07966e+08
-4.43044e-08 30021.4 4.57835e+07
-1.76956e-08 -10752.8 -1.63983e+07
-3.24675e-09 -51526.8 -7.85801e+07
-1.96323e-10 -92300.8 -1.40762e+08
-1.40992e-09 -133075 -2.02944e+08
-3.8234e-09 -173849 -2.65126e+08
-7.09747e-09 -214624 -3.27308e+08
0.000137837 -253896 -3.87196e+08
3.62637e-07 -274523 -4.18649e+08
0.000731873 -288546 -4.4003e+08
5.92809e-06 -300515 -4.58274e+08
-1.4414e-06 -309473 -4.71927e+08
-1.15309e-06 -316633 -4.82835e+08
4.54193e-08 -263363 -4.01608e+08
-1.44337e-07 -210096 -3.20382e+08
-5.58294e-08 -156830 -2.39157e+08
-2.70716e-08 -103565 -1.57932e+08
-1.38646e-08 -50301.4 -7.67078e+07
-5.1436e-09 2961.64 4.5164e+06
-1.64448e-09 56224.4 8.57404e+07
-9.1147e-09 109487 1.66964e+08
-5.99563e-08 162750 2.48188e+08
1.55359e-05 211367 3.22329e+08
-0.000190448 253275 3.86239e+08
-0.000354591 278089 4.2408e+08
-0.000491745 298244 4.54815e+08
-0.000243082 313791 4.78524e+08
-0.000116791 326618 4.98084e+08
1.49975e-05 336046 5.12462e+08
-1.9244e-05 342843 5.22822e+08
7.92968e-05 347415 5.2978e+08
0.00024708 350723 5.34808e+08
0.000410956 353129 5.38459e+08
0.000546572 354843 5.41052e+08
2.99786e-05 355298 5.4172e+08
0.00158586 355455 5.41931e+08
0.000699219 355371 5.41775e+08
-1.06072e-05 355107 5.41342e+08
0.00441043 354642 5.40604e+08
0.0049816 354070 5.39701e+08
0.00534295 353431 5.38697e+08
0.00541842 352757 5.37638e+08
-0.113145 351444 5.35598e+08
0.0203192 349741 5.32959e+08
0.00192594 347981 5.30232e+08
0.00485638 346211 5.2749e+08
0.00592464 344469 5.2479e+08
0.00675315 342780 5.2217e+08
0.00651591 341174 5.19677e+08
0.00478993 339688 5.17366e+08
0.00247263 337959 5.14681e+08
-0.000673108 336243 5.12013e+08
7.45403e-06 334587 5.09435e+08
0.00139989 332997 5.06957e+08
0.00018629 331397 5.04464e+08
-0.00734813 329695 5.01814e+08
0.0190971 327965 4.9912e+08
0.0176102 326239 4.96432e+08
0.0106241 324544 4.93791e+08
0.00169665 322900 4.91228e+08
0.000913722 321324 4.88766e+08
0.000479374 319873 4.86496e+08
0.000437443 318491 4.84331e+08
0.000267905 317115 4.82175e+08
-0.000784989 315731 4.80003e+08
-0.000692731 314396 4.77906e+08
1.99384e-05 282117 4.28866e+08
-4.1091e-09 249845 3.7983e+08
-2.8246e-06 217580 3.30799e+08
-1.443e-05 185321 2.81771e+08
1.16543e-08 153069 2.32747e+08
-2.54262e-06 120824 1.83727e+08
-1.25479e-05 88584.5 1.34712e+08
9.77298e-09 56351.7 8.56995e+07
-2.33207e-06 24124.8 3.6691e+07
1.51594e-05 -5468.27 -8.31709e+06
-0.000181369 -32259.5 -4.9069e+07
-0.000118159 -58079.6 -8.8349e+07
-0.000250004 -82588.2 -1.25639e+08
-0.000263577 -106181 -1.61541e+08
-0.000332806 -128321 -1.95238e+08
0.000403667 -148606 -2.26118e+08
0.00217824 -165689 -2.52129e+08
-0.00140195 -179401 -2.73014e+08
0.009629 -190621 -2.90107e+08
2.14186e-09 -141815 -2.15813e+08
-9.11885e-06 -92996.5 -1.41511e+08
3.07568e-09 -44166.2 -6.72022e+07
-1.00342e-05 4676.26 7.11472e+06
1.16734e-09 53531.7 8.14399e+07
-1.10118e-05 102400 1.55773e+08
2.50111e-09 151282 2.30114e+08
-1.20134e-05 200178 3.04464e+08
3.75381e-07 239806 3.647e+08
6.95413e-06 267164 4.06254e+08
0.00291257 286827 4.3609e+08
-2.02817e-09 234930 3.57221e+08
-1.32422e-09 183051 2.78362e+08
9.82254e-10 131188 1.99513e+08
1.29512e-09 79340.6 1.20673e+08
3.05363e-10 27509.3 4.1844e+07
1.37138e-06 -21674.2 -3.29713e+07
-0.00180336 -64344.7 -9.78924e+07
-0.00282741 -103816 -1.5796e+08
-0.00298418 -139758 -2.1267e+08
0.000994594 -172546 -2.62594e+08
4.49101e-06 -130009 -1.97845e+08
1.53523e-09 -87461.7 -1.33089e+08
-5.51365e-06 -44905.8 -6.83281e+07
-1.71123e-05 -2340.42 -3.56091e+06
-1.02223e-08 40234.6 6.12123e+07
-6.29442e-06 82819.4 1.25992e+08
-7.08496e-10 125414 1.90777e+08
-6.75351e-06 168020 2.55569e+08
0.000168495 209557 3.18725e+08
4.44917e-05 237335 3.60938e+08
8.33584e-06 258556 3.93166e+08
5.33021e-06 276305 4.20101e+08
4.64388e-07 227246 3.45541e+08
-9.80204e-06 178202 2.70991e+08
1.40226e-08 129173 1.96449e+08
-1.19712e-05 80157.7 1.21916e+08
1.80969e-08 31156.8 4.73919e+07
3.86635e-06 -16379.5 -2.49166e+07
-0.00143524 -57116.9 -8.68948e+07
-0.00153423 -94995.2 -1.44535e+08
0.00032128 -129610 -1.97222e+08
-0.00268476 -162191 -2.46824e+08
-5.49686e-06 -187761 -2.85768e+08
0.00107354 -204027 -3.10554e+08
8.19855e-05 -218712 -3.32939e+08
7.22909e-05 -232301 -3.53658e+08
7.26753e-05 -244181 -3.71776e+08
6.03167e-05 -255246 -3.88658e+08
5.07304e-05 -265579 -4.04427e+08
-0.000355178 -274832 -4.18553e+08
-0.0183949 -281789 -4.29179e+08
1.73265e-05 -287310 -4.37614e+08
1.65581e-05 -292181 -4.45061e+08
3.99063e-05 -296518 -4.51693e+08
4.87093e-05 -300430 -4.57678e+08
0.00132106 -303996 -4.63134e+08
4.02645e-05 -307277 -4.68158e+08
0.000109542 -310110 -4.72493e+08
8.98136e-07 -263371 -4.01267e+08
1.81046e-06 -216627 -3.30036e+08
9.88804e-06 -169877 -2.58802e+08
6.67455e-08 -123121 -1.87564e+08
-2.13853e-06 -76359.2 -1.16322e+08
-5.96977e-06 -29591 -4.50755e+07
6.1661e-06 17184 2.61751e+07
5.07589e-09 63966 9.74301e+07
-3.07148e-06 110755 1.6869e+08
-7.46392e-06 157552 2.39953e+08
-7.75804e-05 198206 3.01856e+08
-1.40411e-07 146660 2.23367e+08
-5.19467e-06 95123.2 1.44883e+08
4.68435e-09 43595.6 6.64039e+07
-3.88708e-06 -7923.42 -1.20694e+07
2.16914e-09 -59434 -9.05372e+07
-3.33247e-06 -110937 -1.69e+08
-0.000451313 -155999 -2.37661e+08
-0.00114327 -196275 -2.99038e+08
6.73661e-05 -228268 -3.47812e+08
0.000134097 -253038 -3.85592e+08
8.58637e-07 -216703 -3.30215e+08
9.07722e-07 -180366 -2.74836e+08
6.91175e-07 -144025 -2.19455e+08
-2.86441e-08 -107681 -1.64072e+08
-7.35537e-07 -71333.2 -1.08686e+08
-1.22452e-06 -34982.1 -5.32987e+07
-1.50459e-06 1372.75 2.09146e+06
-1.77882e-06 37731.5 5.74841e+07
-1.95279e-06 74094.1 1.12879e+08
-2.15516e-06 110461 1.68276e+08
-2.30323e-06 146832 2.23676e+08
-3.37232e-06 176110 2.68265e+08
0.000397038 196603 2.99462e+08
9.88436e-05 213377 3.24991e+08
1.18143e-06 166038 2.52903e+08
1.01483e-06 118707 1.80818e+08
2.03871e-06 71383.8 1.08739e+08
-2.49565e-09 24067.7 3.66639e+07
-2.5388e-06 -23241.4 -3.54066e+07
-1.64363e-05 -70543.8 -1.07473e+08
5.68476e-07 -116736 -1.77854e+08
-0.000558399 -156439 -2.38357e+08
-0.000824205 -193422 -2.94722e+08
-0.0017562 -227902 -3.47279e+08
0.000103379 -251909 -3.83885e+08
5.81943e-05 -266353 -4.05923e+08
0.00019808 -275426 -4.19766e+08
0.0150962 -282028 -4.2984e+08
8.27871e-05 -286711 -4.36983e+08
0.000434099 -290331 -4.42502e+08
0.000426799 -293507 -4.47344e+08
0.00195831 -296341 -4.51663e+08
0.00144012 -298915 -4.55585e+08
-0.000313916 -300466 -4.57943e+08
5.8557e-05 -301770 -4.59922e+08
6.34636e-05 -303027 -4.61829e+08
7.12387e-05 -304193 -4.63597e+08
-0.000881192 -305302 -4.65275e+08
5.11644e-05 -306368 -4.66889e+08
0.000154492 -307221 -4.68176e+08
0.000127452 -307976 -4.69313e+08
-0.000664924 -308450 -4.70019e+08
-0.000668144 -308541 -4.70138e+08
-7.72331e-05 -308510 -4.70069e+08
-3.37447e-05 -308346 -4.69797e+08
-0.0061266 -308145 -4.69467e+08
-3.58568e-10 -257780 -3.9274e+08
-2.1955e-07 -207418 -3.16017e+08
1.62257e-08 -157061 -2.39296e+08
-7.12405e-08 -106706 -1.62578e+08
8.81292e-08 -56354.7 -8.58633e+07
-9.03141e-10 -6005.87 -9.15075e+06
1.43151e-07 44340.6 6.75593e+07
-0.000135152 89436.6 1.36271e+08
-0.000853179 130465 1.98788e+08
-1.5933e-08 86836.1 1.32311e+08
8.27054e-08 43206.3 6.58328e+07
-1.18406e-08 -424.92 -647442
4.3387e-08 -44057.7 -6.71295e+07
-4.8441e-08 -87692.4 -1.33613e+08
2.54197e-08 -131329 -2.00099e+08
-1.08168e-07 -174968 -2.66587e+08
4.46694e-08 -218609 -3.33077e+08
-2.32958e-07 -262254 -3.99568e+08
0.000950285 -292265 -4.45281e+08
5.45049e-06 -267430 -4.07448e+08
9.98726e-07 -242597 -3.69615e+08
-3.17114e-07 -217764 -3.31783e+08
1.34519e-07 -192933 -2.93952e+08
-6.01606e-08 -168102 -2.56122e+08
1.67367e-08 -143272 -2.18292e+08
-9.32255e-09 -118443 -1.80463e+08
1.9924e-09 -93614.5 -1.42634e+08
2.25592e-10 -68786.8 -1.04806e+08
2.60771e-09 -43959.7 -6.6979e+07
3.20353e-09 -19133.3 -2.91524e+07
5.00855e-09 5692.62 8.67359e+06
5.78932e-09 30518 4.6499e+07
7.42139e-09 55342.8 8.43239e+07
-0.00232425 78167.4 1.19102e+08
6.45618e-06 99777.4 1.52029e+08
-2.15618e-05 120228 1.83191e+08
6.77596e-09 74755.2 1.13904e+08
8.40696e-08 29281.5 4.46159e+07
-3.83587e-08 -16193.8 -2.46741e+07
5.80951e-08 -61670.9 -9.39662e+07
-1.07355e-07 -107150 -1.6326e+08
5.11269e-08 -152632 -2.32556e+08
-2.1952e-07 -198116 -3.01855e+08
-1.53085e-08 -243603 -3.71155e+08
0.00032005 -282318 -4.30132e+08
2.54319e-06 -217207 -3.30936e+08
-6.60498e-09 -152102 -2.31746e+08
-1.7222e-08 -87002.3 -1.3256e+08
1.91991e-07 -21907.2 -3.33791e+07
8.74979e-07 43183.9 6.57981e+07
-0.000155722 103603 1.57859e+08
-0.00198509 155634 2.37144e+08
-0.000386968 186465 2.84123e+08
0.00012054 204701 3.11906e+08
2.73807e-06 219306 3.34154e+08
0.000131513 231308 3.52435e+08
6.13223e-05 240341 3.66188e+08
1.8503e-05 248240 3.78213e+08
3.90932e-05 255226 3.88843e+08
2.45404e-05 260751 3.97242e+08
-0.000164127 265883 4.0504e+08
0.000214569 270160 4.11534e+08
6.08354e-05 273245 4.16204e+08
3.5707e-05 275830 4.2011e+08
5.87918e-05 278017 4.23405e+08
0.000105779 279502 4.25624e+08
0.00188501 280876 4.27673e+08
8.9075e-05 269774 4.10773e+08
0.000153854 258673 3.93874e+08
-2.52321e-08 247572 3.76975e+08
-1.40326e-08 236472 3.60076e+08
-1.13205e-08 225371 3.43177e+08
-1.18271e-08 214272 3.26279e+08
-1.09949e-08 203172 3.09381e+08
-1.03373e-08 192073 2.92483e+08
-1.05038e-08 180975 2.75585e+08
-9.98716e-09 169876 2.58688e+08
-9.87802e-09 158779 2.4179e+08
-1.01418e-08 147681 2.24893e+08
-1.0255e-08 136584 2.07996e+08
-1.01054e-08 125487 1.911e+08
-9.84255e-09 114391 1.74203e+08
-1.03882e-08 103295 1.57307e+08
-9.61427e-09 92199.5 1.40411e+08
-9.07539e-09 81104.2 1.23515e+08
-8.5231e-09 70009.4 1.06619e+08
-9.38962e-09 58914.8 8.9724e+07
-9.03583e-09 47820.6 7.28288e+07
-8.40271e-09 36726.7 5.59337e+07
-8.21115e-09 25633.1 3.90389e+07
-7.91863e-09 14539.9 2.21442e+07
-8.14578e-09 3446.97 5.24979e+06
-8.4334e-09 -7645.6 -1.16445e+07
-7.34644e-09 -18737.9 -2.85385e+07
-7.0745e-09 -29829.7 -4.54322e+07
-6.69336e-06 -40150.1 -6.11514e+07
0.00162758 -49971.7 -7.61112e+07
1.11504e-05 -59322.1 -9.03536e+07
-0.000201441 -68539.5 -1.04394e+08
-0.000152195 -77642.9 -1.18261e+08
-0.000237859 -86647.2 -1.31977e+08
0.000319817 -95564.2 -1.45561e+08
0.00047146 -104403 -1.59027e+08
2.3404e-06 -44510.9 -6.77958e+07
9.02882e-06 15390.5 2.34406e+07
1.79125e-09 75301.3 1.14683e+08
-6.46485e-06 135222 2.0593e+08
-2.27574e-05 192048 2.92457e+08
0.00115556 242705 3.69585e+08
5.09634e-05 261630 3.98389e+08
1.71771e-06 213818 3.25601e+08
1.11729e-06 166015 2.52818e+08
5.23621e-07 118218 1.80038e+08
-4.2694e-07 70429.2 1.07263e+08
-6.27013e-06 22646.8 3.44923e+07
8.18069e-08 -25129.2 -3.82748e+07
4.1554e-06 -70804.5 -1.07848e+08
-0.000728346 -110266 -1.67964e+08
-0.000691984 -148132 -2.25656e+08
-1.11434e-06 -103740 -1.58026e+08
-3.58661e-06 -59342.7 -9.03933e+07
-1.69555e-06 -14940.7 -2.27576e+07
-3.53937e-06 29466.6 4.48815e+07
-2.62708e-08 73879.2 1.12524e+08
-2.09168e-06 118298 1.8017e+08
2.39164e-06 162721 2.47817e+08
-3.93019e-07 207105 3.15398e+08
-1.67786e-05 239928 3.65363e+08
-0.000295227 257872 3.92672e+08
-9.42241e-06 189981 2.8931e+08
3.15708e-08 122104 1.85957e+08
-2.56932e-11 54242.4 8.2613e+07
5.30861e-10 -13605.6 -2.0723e+07
-0.00247173 -78573.6 -1.19684e+08
-0.00458282 -133857 -2.03908e+08
1.20065e-05 -177772 -2.70821e+08
-0.00469413 -207150 -3.15591e+08
0.000199855 -225699 -3.43862e+08
0.000137292 -238741 -3.63743e+08
0.000516538 -249010 -3.79396e+08
-1.46712e-05 -257437 -3.92244e+08
-5.29494e-05 -263703 -4.01793e+08
-0.00020157 -269321 -4.10353e+08
2.49351e-05 -274271 -4.17894e+08
0.00316012 -277731 -4.23157e+08
0.000409101 -280350 -4.27136e+08
0.000253278 -282726 -4.3074e+08
0.000241229 -284894 -4.34026e+08
-0.00846716 -285912 -4.35548e+08
2.27172e-05 -286903 -4.37028e+08
2.29088e-05 -287785 -4.3834e+08
-6.98865e-08 -236437 -3.60136e+08
-1.84299e-07 -185094 -2.81936e+08
6.42987e-08 -133755 -2.03739e+08
-1.8214e-07 -82419.3 -1.25545e+08
2.10596e-07 -31087.5 -4.73544e+07
-1.45959e-07 20241.2 3.0833e+07
-0.000373574 65946.4 1.00457e+08
-0.00112345 107584 1.63888e+08
-0.00120108 147033 2.23988e+08
0.000172001 178654 2.72163e+08
8.04091e-08 134354 2.04675e+08
8.92675e-09 90052.3 1.37186e+08
9.5035e-08 45749.6 6.96947e+07
-2.39339e-08 1445.19 2.20158e+06
-3.33915e-08 -42861 -6.52935e+07
-8.86571e-07 -87169.2 -1.32791e+08
-1.09148e-09 -131480 -2.0029e+08
-8.85257e-08 -175793 -2.67791e+08
1.1029e-08 -220102 -3.35285e+08
-2.58528e-05 -247328 -3.76747e+08
-0.00612296 -265167 -4.03909e+08
-0.000720418 -275428 -4.19533e+08
1.3214e-06 -221552 -3.37476e+08
5.67729e-09 -167682 -2.55423e+08
-2.70561e-07 -113816 -1.73374e+08
-4.27221e-08 -59954 -9.13285e+07
4.53282e-08 -6096.25 -9.2866e+06
-4.65639e-06 46847.4 7.13649e+07
-0.000994928 92359.5 1.40699e+08
-0.0018949 135208 2.05979e+08
0.00191537 172203 2.62345e+08
-1.70809e-05 193096 2.94174e+08
-4.21846e-08 150157 2.28758e+08
1.32431e-07 107218 1.63341e+08
-1.89576e-08 64276.6 9.7922e+07
8.63519e-08 21334.2 3.25014e+07
-4.97267e-08 -21609.8 -3.2921e+07
6.22382e-08 -64555.5 -9.83453e+07
-1.06854e-07 -107503 -1.63771e+08
6.0003e-08 -150453 -2.292e+08
2.8861e-08 -193396 -2.94616e+08
0.00063291 -229363 -3.49397e+08
0.000250834 -250897 -3.82188e+08
0.000120039 -266640 -4.06155e+08
0.000107345 -276163 -4.20645e+08
-1.57343e-07 -199249 -3.03501e+08
-1.37602e-06 -122346 -1.86365e+08
-1.88472e-09 -45451.9 -6.92366e+07
2.4995e-07 31434.1 4.78842e+07
-0.00435371 97085.5 1.47897e+08
-0.00873264 155744 2.37266e+08
-6.57269e-05 194233 2.95906e+08
0.000356968 214003 3.26022e+08
9.59042e-05 229662 3.49874e+08
2.85181e-06 241994 3.68658e+08
0.000118414 251076 3.82481e+08
2.80967e-05 259272 3.94955e+08
0.000101445 266005 4.05194e+08
5.45663e-05 271025 4.12817e+08
3.33262e-05 275281 4.19274e+08
0.000429905 279059 4.24997e+08
0.000211188 281474 4.28637e+08
0.000476715 283003 4.30917e+08
0.00365657 283492 4.31605e+08
0.000639624 283820 4.32047e+08
3.0533e-05 284063 4.32356e+08
2.683e-06 234805 3.57401e+08
2.97888e-06 185555 2.82452e+08
5.42656e-06 136314 2.07508e+08
-6.40284e-10 87081.8 1.3257e+08
-3.66833e-06 37857.6 5.76355e+07
1.71485e-09 -11358.8 -1.72938e+07
-0.000364058 -55011.8 -8.37599e+07
-0.0011442 -94749.1 -1.44272e+08
-0.00100435 -132624 -2.01955e+08
-0.00156293 -167965 -2.55788e+08
0.000538296 -193306 -2.94395e+08
-0.00351165 -206847 -3.15028e+08
1.08776e-09 -150681 -2.29478e+08
-3.70439e-06 -94507.6 -1.43923e+08
-3.66308e-07 -38326.4 -5.83639e+07
-6.00262e-06 17862.9 2.72006e+07
5.76849e-06 74060.7 1.1277e+08
5.16366e-09 130268 1.98345e+08
-4.15189e-06 184836 2.81416e+08
-0.00120085 221351 3.3699e+08
-3.12764e-05 245185 3.73244e+08
-3.65082e-06 258512 3.93501e+08
-0.000287652 265966 4.04821e+08
-6.28953e-06 217624 3.31258e+08
6.80302e-09 169291 2.57701e+08
-4.10373e-06 120966 1.84149e+08
1.78943e-09 72650.2 1.10602e+08
-3.60464e-06 24342.1 3.70602e+07
1.91505e-09 -23958 -3.64769e+07
-0.000259452 -67178.6 -1.02288e+08
-0.00109576 -106341 -1.61927e+08
-0.000821482 -143232 -2.18115e+08
0.000901206 -172772 -2.63113e+08
-0.000258343 -193990 -2.95438e+08
-0.00585697 -207188 -3.15549e+08
4.75973e-05 -219128 -3.33745e+08
9.92603e-07 -154229 -2.34889e+08
-2.32027e-07 -89319.4 -1.36026e+08
-1.2335e-10 -24399.8 -3.71571e+07
-8.40376e-06 40530.7 6.17186e+07
-6.42149e-09 105473 1.60602e+08
-0.00032069 169882 2.58661e+08
-0.000185224 214634 3.26775e+08
-0.00564323 237490 3.61541e+08
0.012885 253018 3.85141e+08
0.000110164 262461 3.99473e+08
3.38321e-06 211794 3.22375e+08
4.49261e-06 161137 2.45283e+08
8.78655e-06 110490 1.68197e+08
3.25144e-11 59851.9 9.11165e+07
-4.48737e-06 9223.15 1.40417e+07
-9.62166e-06 -40652 -6.18935e+07
-0.000898379 -83287.6 -1.26815e+08
-0.00171035 -123221 -1.8763e+08
-0.00221738 -160340 -2.44169e+08
3.00726e-05 -186495 -2.84013e+08
0.000504677 -205370 -3.12772e+08
8.52111e-06 -126526 -1.92683e+08
7.83245e-08 -47665.8 -7.25843e+07
5.90717e-10 31212.3 4.75261e+07
6.69843e-10 110110 1.67648e+08
8.44456e-07 188955 2.87672e+08
-0.000344065 230502 3.50883e+08
-2.28605e-05 255298 3.88577e+08
-5.58015e-05 260836 3.96944e+08
0.00145009 263922 4.01569e+08
-0.00401952 265966 4.04604e+08
0.0313519 267325 4.06593e+08
9.65411e-05 268344 4.0806e+08
-1.29192e-05 268808 4.0868e+08
-5.66715e-05 268951 4.0881e+08
2.0727e-05 269028 4.08835e+08
