0 0
-3.36284e-05 0.325699
-0.000180743 0.755082
-0.000444751 1.18446
-0.000825652 1.61385
-0.00132345 2.04323
-0.00193814 2.47261
-0.00266972 2.90199
-0.0035182 3.33138
-0.00448357 3.76076
-0.00556584 4.19014
-0.006765 4.61952
-0.00808106 5.04891
-0.00951401 5.47829
-0.0110639 5.90767
-0.0127306 6.33705
-0.0145142 6.76644
-0.0164148 7.19582
-0.0184322 7.6252
-0.0205666 8.05458
-0.0228178 8.48397
-0.0251859 8.91335
-0.0276709 9.34273
-0.0302729 9.77211
-0.0329917 10.2015
-0.0358274 10.6309
-0.0384994 11.0603
-0.0415814 11.4896
-0.0444808 11.919
-0.0478049 12.3484
-0.0512488 12.7778
-0.0548126 13.2072
-0.0584962 13.6366
-0.0622997 14.0659
-0.0658965 14.4953
-0.0699364 14.9247
-0.0740967 15.3541
-0.0783772 15.7835
-0.0827781 16.2129
-0.0872994 16.6422
-0.0919409 17.0716
-0.0960391 17.501
-0.100909 17.9304
-0.105899 18.3598
-0.111011 18.7891
-0.116243 19.2185
-0.121595 19.6479
-0.127069 20.0773
-0.132663 20.5067
-0.120996 19.5955
-0.109857 18.6844
-0.0992432 17.7733
-0.0891562 16.8621
-0.0795956 15.951
-0.0705615 15.0399
-0.0620537 14.1287
-0.0540724 13.2176
-0.0466175 12.3064
-0.039689 11.3953
-0.0332868 10.4842
-0.027411 9.57304
-0.0220616 8.6619
-0.0172386 7.75076
-0.0129419 6.83962
-0.00917164 5.92849
-0.00592769 5.01735
-0.00321009 4.10622
-0.00101883 3.19508
0.000646072 2.28394
0.000971225 1.3728
0.00160231 0.461668
0.00100596 -0.449468
0.000580809 -1.36061
-0.000380548 -2.27174
-0.00187834 -3.18288
-0.00391279 -4.09402
-0.0064841 -5.00515
-0.0101003 -5.91629
-0.0137377 -6.82743
-0.0179132 -7.73856
-0.0226272 -8.6497
-0.0278799 -9.56083
-0.0336715 -10.472
-0.0400021 -11.3831
-0.0468721 -12.2942
-0.0549047 -13.2054
-0.0628326 -14.1165
-0.0713005 -15.0277
-0.0803085 -15.9388
-0.0898569 -16.8499
-0.0999459 -17.7611
-0.110576 -18.6722
-0.121747 -19.5833
-0.133459 -20.4945
-0.122829 -19.6661
-0.112635 -18.8378
-0.102876 -18.0094
-0.0935518 -17.1811
-0.0846628 -16.3527
-0.076209 -15.5243
-0.0681903 -14.696
-0.0606067 -13.8676
-0.0534581 -13.0393
-0.0467447 -12.2109
-0.0404664 -11.3826
-0.0346231 -10.5542
-0.0292149 -9.72586
-0.0242418 -8.8975
-0.0197037 -8.06915
-0.0156007 -7.24079
-0.0119328 -6.41244
-0.00869991 -5.58408
-0.00590209 -4.75573
-0.00388936 -3.92737
-0.00195098 -3.09902
-0.000714699 -2.27066
0.000345546 -1.44231
0.000963602 -0.613953
0.00113932 0.214403
0.000872566 1.04276
0.000163205 1.87111
-0.00111747 2.69947
-0.00271196 3.52782
-0.00474999 4.35618
-0.00723171 5.18453
-0.0101573 6.01289
-0.0135268 6.84124
-0.0173404 7.6696
-0.0215982 8.49795
-0.0263004 9.32631
-0.03144 10.1547
-0.0370232 10.983
-0.0430512 11.8114
-0.0495241 12.6397
-0.0564421 13.4681
-0.0638053 14.2964
-0.0716138 15.1248
-0.0798679 15.9531
-0.0885675 16.7815
-0.0977129 17.6099
-0.107304 18.4382
-0.117341 19.2666
-0.127825 20.0949
-0.116855 19.2219
-0.106369 18.3488
-0.0963656 17.4757
-0.086846 16.6027
-0.0778097 15.7296
-0.0692568 14.8566
-0.0611872 13.9835
-0.0536009 13.1104
-0.0464979 12.2374
-0.0398783 11.3643
-0.033742 10.4912
-0.028089 9.61817
-0.0229192 8.74511
-0.0182328 7.87205
-0.0140297 6.99899
-0.0103098 6.12593
-0.00707328 5.25286
-0.00432001 4.3798
-0.00245706 3.50674
-0.000996375 2.63368
0.000315329 1.76061
0.00113609 0.88755
0.00146573 0.0144875
0.00130406 -0.858575
0.000378837 -1.73164
-0.000764873 -2.6047
-0.00240084 -3.47776
-0.00452925 -4.35082
-0.00715031 -5.22389
-0.0102642 -6.09695
-0.0138711 -6.97001
-0.0179711 -7.84307
-0.0225645 -8.71614
-0.028084 -9.5892
-0.0336564 -10.4623
-0.0397224 -11.3353
-0.0462822 -12.2084
-0.0533359 -13.0815
-0.0608837 -13.9545
-0.0689258 -14.8276
-0.0774625 -15.7006
-0.0864939 -16.5737
-0.0960201 -17.4468
-0.106041 -18.3198
-0.116558 -19.1929
-0.12757 -20.066
-0.115967 -19.1399
-0.104908 -18.2139
-0.0943937 -17.2878
-0.0844227 -16.3618
-0.0749954 -15.4358
-0.066112 -14.5097
-0.0577723 -13.5837
-0.0499764 -12.6577
-0.0427242 -11.7316
-0.0360157 -10.8056
-0.029851 -9.87958
-0.0242301 -8.95354
-0.0191528 -8.02751
-0.0146193 -7.10148
-0.0106294 -6.17544
-0.00718331 -5.24941
-0.00428089 -4.32338
-0.00234848 -3.39734
-0.000858901 -2.47131
0.000416393 -1.54527
0.00113943 -0.61924
0.00131001 0.306794
0.000719092 1.23283
-0.000216574 2.15886
-0.00170582 3.0849
-0.00374888 4.01093
-0.00634596 4.93696
-0.00949727 5.863
-0.013203 6.78903
-0.0175925 7.71506
-0.0224029 8.6411
-0.027768 9.56713
-0.0336882 10.4932
-0.0401637 11.4192
-0.0471946 12.3452
-0.0547812 13.2713
-0.0629236 14.1973
-0.0716221 15.1233
-0.0808768 16.0494
-0.090688 16.9754
-0.101056 17.9014
-0.11198 18.8275
-0.123462 19.7535
-0.135501 20.6795
-0.148097 21.6056
-0.160096 22.5316
-0.173749 23.4576
-0.18796 24.3837
-0.202728 25.3097
-0.218054 26.2357
-0.233938 27.1618
-0.25038 28.0878
-0.267381 29.0138
-0.28494 29.9399
-0.303057 30.8659
-0.321734 31.7919
-0.34097 32.718
-0.359012 33.644
-0.376792 34.57
-0.397481 35.4961
-0.418727 36.4221
-0.440532 37.3481
-0.462895 38.2742
-0.485816 39.2002
-0.509295 40.1262
-0.533333 41.0523
-0.55793 41.9783
-0.583087 42.9044
-0.541555 41.3691
-0.501518 39.8339
-0.462978 38.2987
-0.425933 36.7634
-0.390384 35.2282
-0.35633 33.693
-0.323772 32.1577
-0.292708 30.6225
-0.26314 29.0873
-0.235067 27.5521
-0.209428 26.0168
-0.184925 24.4816
-0.161176 22.9464
-0.139489 21.4111
-0.118764 19.8759
-0.0995562 18.3407
-0.0827741 16.8054
-0.066614 15.2702
-0.0519713 13.735
-0.0388469 12.1998
-0.0272418 10.6645
-0.017157 9.1293
-0.00859326 7.59407
-0.00155147 6.05884
0.00396751 4.52361
-0.00107024 5.96935
-0.00743323 7.41509
-0.0151215 8.86083
-0.024135 10.3066
-0.0344737 11.7523
-0.0461378 13.1981
-0.0591273 14.6438
-0.0734421 16.0895
-0.0890823 17.5353
-0.106048 18.981
-0.124339 20.4268
-0.143766 21.8725
-0.164669 23.3182
-0.187132 24.764
-0.210748 26.2097
-0.235927 27.6555
-0.262462 29.1012
-0.289794 30.5469
-0.319025 31.9927
-0.349613 33.4384
-0.381561 34.8842
-0.414868 36.3299
-0.449535 37.7757
-0.485563 39.2214
-0.522952 40.6671
-0.561703 42.1129
-0.518963 40.5017
-0.47787 38.8905
-0.438425 37.2793
-0.400626 35.6681
-0.364475 34.0569
-0.329971 32.4457
-0.297114 30.8345
-0.265904 29.2233
-0.236341 27.6121
-0.208424 26.0009
-0.183059 24.3897
-0.159003 22.7785
-0.135854 21.1673
-0.114912 19.5561
-0.0950948 17.9449
-0.0772419 16.3337
-0.06135 14.7225
-0.0465601 13.1114
-0.0334432 11.5002
-0.0220006 9.88896
-0.0122335 8.27777
-0.00414303 6.66657
0.00226971 5.05538
-0.00215338 6.23509
-0.00745886 7.4148
-0.0136467 8.59451
-0.020717 9.77422
-0.0286698 10.9539
-0.0375049 12.1336
-0.0472225 13.3133
-0.0578226 14.4931
-0.0693052 15.6728
-0.0816702 16.8525
-0.0949178 18.0322
-0.109048 19.2119
-0.124061 20.3916
-0.139956 21.5713
-0.156734 22.751
-0.174122 23.9307
-0.192817 25.1105
-0.212413 26.2902
-0.232735 27.4699
-0.254141 28.6496
-0.276449 29.8293
-0.299204 31.009
-0.323305 32.1887
-0.348311 33.3684
-0.37422 34.5481
-0.401034 35.7278
-0.428753 36.9076
-0.457377 38.0873
-0.486906 39.267
-0.517342 40.4467
-0.548683 41.6264
-0.5039 39.916
-0.460973 38.2055
-0.419903 36.4951
-0.380689 34.7846
-0.343332 33.0742
-0.30783 31.3638
-0.274185 29.6533
-0.242395 27.9429
-0.212462 26.2324
-0.184383 24.522
-0.159008 22.8116
-0.135175 21.1011
-0.113016 19.3907
-0.0922016 17.6802
-0.0732717 15.9698
-0.0570361 14.2594
-0.0418831 12.5489
-0.0286163 10.8385
-0.0172373 9.12804
-0.00774743 7.4176
-0.000148089 5.70716
0.0055594 3.99672
0.00718362 2.28628
0.00909942 0.57584
0.00912991 -1.1346
0.00727341 -2.84504
0.0035283 -4.55548
-0.00210712 -6.26592
-0.00963449 -7.97636
-0.0190555 -9.6868
-0.0303716 -11.3972
-0.0435846 -13.1077
-0.0586958 -14.8181
-0.0757068 -16.5286
-0.094619 -18.239
-0.0757181 -16.5331
-0.0586626 -14.8272
-0.0434523 -13.1213
-0.0300873 -11.4154
-0.0185674 -9.70953
-0.00889266 -8.00364
-0.00106301 -6.29774
0.00492156 -4.59185
0.00906107 -2.88595
0.0113555 -1.18006
0.011244 0.525835
0.00939688 2.23173
0.00610293 3.93762
0.000623886 5.64352
-0.00643156 7.34941
-0.0157505 9.0553
-0.0265732 10.7612
-0.0392754 12.4671
-0.0538584 14.173
-0.0703233 15.8789
-0.0886714 17.5848
-0.0701183 15.8468
-0.0534805 14.1088
-0.0387581 12.3709
-0.0259508 10.6329
-0.0150588 8.89494
-0.00608186 7.15698
0.000979919 5.41901
0.0061266 3.68105
0.0093582 1.94308
0.0106747 0.205113
0.00993588 -1.53285
0.00731796 -3.27082
0.00284893 -5.00879
-0.00358668 -6.74675
-0.0119541 -8.48472
-0.0222263 -10.2227
-0.0344844 -11.9607
-0.0486994 -13.6986
-0.0648727 -15.4366
-0.0830056 -17.1745
-0.0674152 -15.686
-0.0532299 -14.1974
-0.0404497 -12.7088
-0.0290746 -11.2202
-0.0191045 -9.73155
-0.0105394 -8.24296
-0.00337932 -6.75436
0.0023758 -5.26576
0.00672596 -3.77716
0.00967118 -2.28856
0.0112115 -0.799962
0.0113468 0.688637
0.00958121 2.17724
0.00649609 3.66583
0.00237189 5.15443
-0.00345655 6.64303
-0.0104447 8.13163
-0.0192055 9.62023
-0.0290593 11.1088
-0.0403452 12.5974
-0.0530643 14.086
-0.0672172 15.5746
-0.082805 17.0632
-0.0635373 15.1909
-0.0464929 13.3185
-0.0316713 11.4462
-0.0190727 9.5738
-0.00869677 7.70145
-0.000543644 5.82909
0.00538676 3.95674
0.00909446 2.08438
0.0105795 0.212024
0.00984182 -1.66033
0.00660886 -3.53269
0.00138821 -5.40504
-0.00612059 -7.2774
-0.0158641 -9.14975
-0.0278264 -11.0221
-0.0420861 -12.8945
-0.0586165 -14.7668
-0.0774192 -16.6392
-0.0986485 -18.5115
-0.121906 -20.3839
-0.150775 -22.2562
-0.178455 -24.1286
-0.208366 -26.001
-0.240524 -27.8733
-0.274933 -29.7457
-0.311595 -31.618
-0.350512 -33.4904
-0.391687 -35.3627
-0.435124 -37.2351
-0.480825 -39.1074
-0.528793 -40.9798
-0.490075 -39.4796
-0.452785 -37.9795
-0.416923 -36.4793
-0.38249 -34.9792
-0.349484 -33.479
-0.317905 -31.9789
-0.287755 -30.4787
-0.259032 -28.9785
-0.231737 -27.4784
-0.205869 -25.9782
-0.181429 -24.4781
-0.158415 -22.9779
-0.136963 -21.4778
-0.118744 -19.9776
-0.0999003 -18.4775
-0.0832013 -16.9773
-0.0672564 -15.4771
-0.0527595 -13.977
-0.0407085 -12.4768
-0.0291363 -10.9767
-0.0190129 -9.47652
-0.010339 -7.97636
-0.0196556 -9.59268
-0.0306287 -11.209
-0.0432582 -12.8253
-0.0575443 -14.4416
-0.0734869 -16.0579
-0.0910862 -17.6743
-0.110342 -19.2906
-0.131255 -20.9069
-0.153824 -22.5232
-0.178051 -24.1395
-0.203934 -25.7558
-0.231474 -27.3722
-0.259418 -28.9885
-0.290563 -30.6048
-0.322794 -32.2211
-0.357343 -33.8374
-0.392534 -35.4538
-0.430458 -37.0701
-0.470081 -38.6864
-0.511405 -40.3027
-0.471248 -38.719
-0.432682 -37.1354
-0.395708 -35.5517
-0.360325 -33.9681
-0.326533 -32.3844
-0.294332 -30.8008
-0.263722 -29.2171
-0.234704 -27.6335
-0.207276 -26.0498
-0.181438 -24.4662
-0.157192 -22.8825
-0.134536 -21.2989
-0.114615 -19.7152
-0.0959715 -18.1316
-0.0779715 -16.5479
-0.0622956 -14.9643
-0.047528 -13.3806
-0.0353725 -11.797
-0.0238651 -10.2133
-0.013973 -8.62967
-0.0247488 -10.36
-0.0374229 -12.0903
-0.0519954 -13.8206
-0.0684664 -15.5509
-0.0868358 -17.2812
-0.107104 -19.0115
-0.12927 -20.7418
-0.153336 -22.4721
-0.1793 -24.2024
-0.207163 -25.9327
-0.236925 -27.663
-0.267984 -29.3933
-0.301218 -31.1236
-0.336459 -32.8539
-0.374213 -34.5842
-0.412955 -36.3145
-0.454581 -38.0448
-0.498155 -39.7751
-0.454144 -38.0121
-0.412105 -36.2491
-0.372038 -34.4861
-0.333943 -32.7232
-0.297821 -30.9602
-0.263669 -29.1972
-0.23149 -27.4343
-0.201282 -25.6713
-0.173045 -23.9083
-0.146779 -22.1454
-0.122485 -20.3824
-0.10218 -18.6194
-0.0816693 -16.8565
-0.0638498 -15.0935
-0.0473404 -13.3305
-0.0337891 -11.5675
-0.0213153 -9.80458
-0.0108441 -8.04161
-0.00237712 -6.27864
0.00281607 -4.51567
0.00721897 -2.7527
0.00962316 -0.989735
0.010027 0.773234
0.00842902 2.5362
0.00482741 4.29917
-0.000779443 6.06214
-0.00839322 7.82511
-0.0180156 9.58808
-0.0296483 11.351
-0.0432929 13.114
-0.058951 14.877
-0.0456389 13.3942
-0.033721 11.9114
-0.0231971 10.4286
-0.0140672 8.94586
-0.00633142 7.46308
1.03747e-05 5.9803
0.00495817 4.49752
0.00851197 3.01474
0.0106718 1.53196
0.0114377 0.0491812
0.0108095 -1.4336
0.00878746 -2.91638
0.0053714 -4.39916
0.000281685 -5.88194
-0.00616456 -7.36472
-0.013835 -8.8475
-0.0230356 -10.3303
-0.0335478 -11.8131
-0.045577 -13.2958
-0.0589296 -14.7786
-0.042641 -12.9355
-0.0285064 -11.0925
-0.0165256 -9.24939
-0.00669862 -7.40631
0.000974569 -5.56324
0.00649401 -3.72016
0.00985973 -1.87708
0.0110717 -0.0340075
0.01013 1.80907
0.00703461 3.65215
0.00159995 5.49522
-0.00597534 7.3383
-0.015608 9.18138
-0.0274891 11.0245
-0.0415142 12.8675
-0.0578178 14.7106
-0.0455694 13.3365
-0.0345181 11.9625
-0.024664 10.5884
-0.016007 9.21433
-0.0085472 7.84026
-0.00228447 6.4662
0.00278117 5.09213
0.00664974 3.71806
0.00932123 2.34399
0.0107957 0.969922
0.011073 -0.404147
0.0101533 -1.77822
0.00803655 -3.15228
0.00472272 -4.52635
-3.75343e-05 -5.90042
-0.00595811 -7.27449
-0.0129218 -8.64856
-0.0211955 -10.0226
-0.0305986 -11.3967
-0.0412219 -12.7708
-0.0531257 -14.1448
-0.0404195 -12.6563
-0.0291186 -11.1677
-0.0192227 -9.6792
-0.0107316 -8.19065
-0.00364541 -6.70211
0.00203591 -5.21357
0.00631237 -3.72502
0.009184 -2.23648
0.0106508 -0.747932
0.0107128 0.740612
0.00936988 2.22916
0.00662218 3.7177
0.00246964 5.20625
-0.00326621 6.69479
-0.0103902 8.18333
-0.0188218 9.67188
-0.0287292 11.1604
-0.0400233 12.649
-0.0527466 14.1375
-0.0364753 12.1932
-0.0226012 10.2489
-0.011124 8.3046
-0.00204371 6.3603
0.00463978 4.416
0.00892646 2.47169
0.0108163 0.527391
0.0103095 -1.41691
0.0074058 -3.36122
0.00210534 -5.30552
-0.00582001 -7.24982
-0.016142 -9.19412
-0.0288196 -11.1384
-0.0438726 -13.0827
-0.0613874 -15.027
-0.0813238 -16.9713
-0.103709 -18.9156
-0.128517 -20.8599
-0.155742 -22.8042
-0.185412 -24.7485
-0.217531 -26.6929
-0.2521 -28.6372
-0.289121 -30.5815
-0.328598 -32.5258
-0.370531 -34.4701
-0.414924 -36.4144
-0.461778 -38.3587
-0.511096 -40.303
-0.573864 -42.2473
-0.646936 -44.1916
-0.726958 -46.1359
-0.813381 -48.0802
-0.912076 -50.0245
-1.01914 -51.9688
-1.13323 -53.9131
-1.25337 -55.8574
-1.39011 -57.8017
-1.54294 -59.746
-1.70122 -61.6903
-1.86436 -63.6346
-2.0308 -65.5789
-2.1997 -67.5232
-2.37176 -69.4675
-2.54654 -71.4118
-2.72371 -73.3561
-2.90298 -75.3004
-3.08413 -77.2447
-3.26698 -79.189
-3.45142 -81.1333
-3.63747 -83.0776
-3.82746 -85.0219
-4.0381 -86.9662
-4.25622 -88.9106
-4.16534 -87.5364
-4.07568 -86.1622
-3.98723 -84.788
-3.89999 -83.4138
-3.81395 -82.0396
-3.72912 -80.6654
-3.64551 -79.2913
-3.5631 -77.9171
-3.48189 -76.5429
-3.4019 -75.1687
-3.32311 -73.7945
-3.24385 -72.4203
-3.15034 -71.0461
-3.04928 -69.672
-2.94642 -68.2978
-2.83589 -66.9236
-2.7345 -65.5494
-2.64382 -64.1752
-2.56073 -62.801
-2.66244 -64.8623
-2.76686 -66.9235
-2.874 -68.9848
-2.98384 -71.046
-3.09641 -73.1073
-3.21168 -75.1685
-3.32967 -77.2297
-3.45038 -79.291
-3.5738 -81.3522
-3.76121 -83.4135
-3.98209 -85.4747
-3.84295 -83.2735
-3.7069 -81.0724
-3.57396 -78.8712
-3.44412 -76.67
-3.31737 -74.4688
-3.19372 -72.2676
-3.07317 -70.0664
-2.92629 -67.8652
-2.76625 -65.6641
-2.59618 -63.4629
-2.68541 -65.2587
-2.77669 -67.0545
-2.87003 -68.8503
-2.96543 -70.6461
-3.06289 -72.4419
-3.16241 -74.2378
-3.264 -76.0336
-3.36764 -77.8294
-3.47334 -79.6252
-3.59036 -81.421
-3.7658 -83.2168
-3.95356 -85.0126
-3.82254 -82.9317
-3.69428 -80.8507
-3.56879 -78.7697
-3.44608 -76.6887
-3.32613 -74.6077
-3.20895 -72.5268
-3.09454 -70.4458
-2.96173 -68.3648
-2.81133 -66.2838
-2.65713 -64.2029
-2.49566 -62.1219
-2.36815 -60.0409
-2.24414 -57.9599
-2.13028 -55.8789
-2.00947 -53.798
-1.89064 -51.717
-1.78211 -49.636
-1.67909 -47.555
-1.58083 -45.474
-1.48663 -43.3931
-1.39566 -41.3121
-1.30797 -39.2311
-1.22611 -37.1501
-1.15493 -35.0691
-1.08775 -32.9882
-1.01743 -30.9072
-1.05641 -32.7932
-1.09766 -34.6792
-1.14116 -36.5652
-1.18692 -38.4512
-1.23494 -40.3372
-1.28521 -42.2232
-1.33775 -44.1092
-1.39254 -45.9952
-1.4496 -47.8813
-1.50891 -49.7673
-1.62927 -51.6533
-1.56081 -49.5793
-1.49507 -47.5053
-1.43207 -45.4313
-1.3718 -43.3573
-1.31427 -41.2833
-1.25946 -39.2093
-1.20739 -37.1353
-1.15728 -35.0613
-1.0808 -32.9873
-0.981168 -30.9133
-1.01089 -32.361
-1.04195 -33.8088
-1.07433 -35.2566
-1.10805 -36.7044
-1.1431 -38.1521
-1.17947 -39.5999
-1.21718 -41.0477
-1.25622 -42.4954
-1.29659 -43.9432
-1.33829 -45.391
-1.38132 -46.8387
-1.42569 -48.2865
-1.49379 -49.7343
-1.57973 -51.182
-1.51806 -49.2872
-1.45868 -47.3923
-1.40157 -45.4974
-1.34674 -43.6026
-1.2942 -41.7077
-1.24393 -39.8128
-1.19595 -37.918
-1.15024 -36.0231
-1.10301 -34.1282
-1.03249 -32.2334
-0.936387 -30.3385
-0.880022 -28.4436
-0.831173 -26.5487
-0.779985 -24.6539
-0.727681 -22.759
-0.675153 -20.8641
-0.623151 -18.9693
-0.572423 -17.0744
-0.52384 -15.1795
-0.487183 -13.2847
-0.46062 -11.3898
-0.439701 -9.49492
-0.422948 -7.60005
-0.410103 -5.70518
-0.405555 -3.81031
-0.409141 -1.91544
-0.43985 -0.0205684
-0.477172 1.8743
-0.519621 3.76917
-0.563929 5.66404
-0.611271 7.55891
-0.66222 9.45378
-0.648297 7.42805
-0.636979 5.40233
-0.628265 3.3766
-0.622155 1.35088
-0.618648 -0.674846
-0.617746 -2.70057
-0.619448 -4.7263
-0.623753 -6.75202
-0.630662 -8.77775
-0.624536 -7.02629
-0.620356 -5.27482
-0.618123 -3.52336
-0.617837 -1.7719
-0.619496 -0.020435
-0.623103 1.73103
-0.628656 3.48249
-0.636156 5.23395
-0.645602 6.98541
-0.656995 8.73688
-0.650263 7.73868
-0.644164 6.74049
-0.638697 5.7423
-0.633862 4.7441
-0.62966 3.74591
-0.626089 2.74772
-0.623151 1.74952
-0.620846 0.751332
-0.619172 -0.246862
-0.618131 -1.24505
-0.617722 -2.24325
-0.617946 -3.24144
-0.618801 -4.23963
-0.620289 -5.23783
-0.622409 -6.23602
-0.625162 -7.23421
-0.628546 -8.23241
-0.622835 -6.40668
-0.619239 -4.58095
-0.617758 -2.75522
-0.618392 -0.929488
-0.621141 0.896242
-0.626006 2.72197
-0.632985 4.5477
-0.64208 6.37343
-0.65329 8.19916
-0.637885 5.58334
-0.626821 2.96751
-0.6201 0.351686
-0.61772 -2.26414
-0.619683 -4.87997
-0.625987 -7.49579
-0.628119 -10.1116
-0.603531 -12.7274
-0.616453 -15.3433
-0.619867 -17.9591
-0.623681 -20.5749
-0.621988 -23.1907
-0.62914 -25.8066
-0.64157 -28.4224
-0.658583 -31.0382
-0.711812 -33.654
-0.780642 -36.2699
-0.858366 -38.8857
-0.949968 -41.5015
-1.0447 -44.1173
-1.14662 -46.7332
-1.27687 -49.349
-1.26243 -48.8915
-1.24812 -48.434
-1.23394 -47.9765
-1.2199 -47.519
-1.20599 -47.0615
-1.19221 -46.604
-1.17857 -46.1465
-1.16506 -45.689
-1.15168 -45.2315
-1.13844 -44.774
-1.12533 -44.3165
-1.11235 -43.859
-1.0995 -43.4015
-1.08679 -42.944
-1.07421 -42.4865
-1.06176 -42.029
-1.04944 -41.5715
-1.03726 -41.114
-1.02521 -40.6565
-1.0133 -40.199
-1.00152 -39.7415
-0.989865 -39.284
-0.978348 -38.8265
-0.966963 -38.369
-0.955711 -37.9115
-0.944593 -37.454
-0.933607 -36.9965
-0.922754 -36.539
-0.912034 -36.0815
-0.901446 -35.624
-0.890992 -35.1665
-0.88067 -34.709
-0.870482 -34.2515
-0.860426 -33.794
-0.850502 -33.3365
-0.840712 -32.879
-0.895024 -35.3436
-0.95319 -37.8082
-1.01521 -40.2729
-1.08109 -42.7375
-1.15083 -45.2021
-1.22442 -47.6667
-1.31814 -50.1313
-1.25635 -48.1778
-1.19699 -46.2243
-1.14005 -44.2707
-1.08553 -42.3172
-1.03343 -40.3637
-0.983761 -38.4102
-0.936512 -36.4566
-0.891685 -34.5031
-0.84928 -32.5496
-0.888474 -34.359
-0.929746 -36.1684
-0.973096 -37.9778
-1.01852 -39.7873
-1.06603 -41.5967
-1.11562 -43.4061
-1.16728 -45.2155
-1.22102 -47.0249
-1.27685 -48.8343
-1.34453 -50.6437
-1.25637 -47.8778
-1.17308 -45.112
-1.09464 -42.3461
-1.02106 -39.5802
-0.95234 -36.8143
-0.888473 -34.0484
-0.828614 -31.2825
-0.736463 -28.5166
-0.681455 -25.7508
-0.626411 -22.9849
-0.573391 -20.219
-0.525998 -17.4531
-0.473933 -14.6872
-0.459066 -11.9213
-0.466483 -9.15544
-0.485436 -6.38956
-0.514325 -3.62367
-0.549653 -0.857785
-0.594072 1.9081
-0.660513 4.67399
-0.737873 7.43987
-0.820074 10.2058
-0.801008 8.11759
-0.784712 6.02942
-0.771184 3.94126
-0.760424 1.85309
-0.752434 -0.235079
-0.747212 -2.32325
-0.744758 -4.41141
-0.74285 -6.49958
-0.727212 -8.58775
-0.684303 -10.6759
-0.677893 -8.88315
-0.673523 -7.09039
-0.671193 -5.29762
-0.670903 -3.50486
-0.672653 -1.71209
-0.676443 0.0806725
-0.682274 1.87344
-0.690144 3.6662
-0.700055 5.45897
-0.711565 7.25173
-0.773933 9.0445
-0.884633 10.8373
-0.862907 8.64458
-0.844234 6.45191
-0.828615 4.25923
-0.816049 2.06656
-0.806536 -0.126117
-0.800076 -2.31879
-0.796669 -4.51147
-0.790332 -6.70414
-0.746912 -8.89682
-0.695924 -11.0895
-0.689273 -9.35564
-0.684529 -7.62179
-0.681694 -5.88793
-0.680767 -4.15408
-0.681748 -2.42022
-0.684637 -0.686367
-0.689435 1.04749
-0.696141 2.78134
-0.704755 4.5152
-0.715277 6.24905
-0.752523 7.98291
-0.841848 9.71676
-0.954088 11.4506
-0.921479 8.31561
-0.895113 5.1806
-0.874989 2.04559
-0.861108 -1.08942
-0.853469 -4.22442
-0.810681 -7.35943
-0.735665 -10.4944
-0.714531 -13.6294
-0.69993 -16.7645
-0.676005 -19.8995
-0.664922 -23.0345
-0.665593 -26.1695
-0.683864 -29.3045
-0.722436 -32.4395
-0.789755 -35.5745
-0.887428 -38.7095
-0.99761 -41.8445
-1.11743 -44.9795
-1.24492 -48.1145
-1.4023 -51.2495
-1.57206 -54.3845
-1.4974 -52.3286
-1.42543 -50.2726
-1.35614 -48.2167
-1.28955 -46.1607
-1.22564 -44.1048
-1.16441 -42.0488
-1.10588 -39.9929
-1.05002 -37.9369
-0.996856 -35.881
-0.915747 -33.825
-0.831584 -31.7691
-0.783182 -29.7131
-0.831609 -32.0444
-0.883485 -34.3757
-0.938812 -36.707
-0.99759 -39.0383
-1.05982 -41.3696
-1.1255 -43.701
-1.19463 -46.0323
-1.26722 -48.3636
-1.4015 -50.6949
-1.54877 -53.0262
-1.70658 -55.3575
-1.63084 -53.3546
-1.55765 -51.3517
-1.48701 -49.3488
-1.41893 -47.3459
-1.35339 -45.3429
-1.29041 -43.34
-1.22997 -41.3371
-1.17209 -39.3342
-1.10913 -37.3313
-1.01631 -35.3284
-0.913059 -33.3255
-0.850774 -31.3226
-0.794252 -29.3197
-0.849822 -32.0085
-0.909982 -34.6974
-0.974732 -37.3863
-1.04407 -40.0752
-1.118 -42.764
-1.19653 -45.4529
-1.28227 -48.1418
-1.47402 -50.8307
-1.62836 -53.5196
-1.8013 -56.2085
-1.71961 -54.1099
-1.64071 -52.0114
-1.56461 -49.9128
-1.49132 -47.8143
-1.42083 -45.7158
-1.35314 -43.6172
-1.28825 -41.5187
-1.22295 -39.4201
-1.12601 -37.3216
-1.01605 -35.2231
-0.916814 -33.1245
-0.996242 -36.3844
-1.08242 -39.6442
-1.17535 -42.904
-1.27503 -46.1639
-1.38146 -49.4237
-1.54258 -52.6836
-1.7971 -55.9434
-2.03721 -59.2032
-2.25761 -62.4631
-2.47827 -65.7229
-2.70756 -68.9828
-2.97392 -72.2426
-3.25512 -75.5024
-3.54351 -78.7623
-3.83829 -82.0221
