0 0 0
1.3396e-12 7539.91 1.14984e+07
-1.35092e-12 17817.4 2.71716e+07
-1.93623e-12 28095 4.28448e+07
2.20268e-12 38372.5 5.8518e+07
3.48166e-12 48650 7.41912e+07
-5.94014e-12 58927.6 8.98645e+07
-6.5512e-12 69205.1 1.05538e+08
-1.66835e-11 79482.7 1.21211e+08
-1.54614e-11 89760.3 1.36884e+08
-2.3789e-11 100038 1.52557e+08
-3.86535e-12 110316 1.68231e+08
-4.92832e-11 120593 1.83904e+08
-5.1898e-11 130871 1.99577e+08
-8.51514e-11 141149 2.1525e+08
-5.00222e-11 131584 2.00664e+08
-1.35287e-11 122019 1.86078e+08
-4.00746e-11 112454 1.71492e+08
6.19593e-12 102889 1.56906e+08
1.0175e-11 93324.5 1.4232e+08
-1.50067e-11 83759.7 1.27733e+08
-8.92442e-12 74195 1.13147e+08
-2.50822e-11 64630.2 9.8561e+07
-4.16378e-12 55065.5 8.39748e+07
9.13047e-12 45500.8 6.93887e+07
-9.77707e-12 35936.1 5.48025e+07
-1.02425e-11 26371.4 4.02164e+07
-3.32534e-12 16806.7 2.56302e+07
1.57518e-12 7242.02 1.10441e+07
-9.8635e-13 -2322.66 -3.54206e+06
-1.14353e-12 -11887.3 -1.81282e+07
1.70175e-12 -21452 -3.27144e+07
3.30758e-12 -31016.7 -4.73005e+07
7.53175e-13 -40581.4 -6.18867e+07
5.6346e-12 -50146.1 -7.64728e+07
-8.02913e-12 -59710.9 -9.1059e+07
7.94387e-12 -69275.6 -1.05645e+08
-9.12337e-12 -78840.3 -1.20231e+08
1.0516e-12 -88405.1 -1.34817e+08
-1.57456e-11 -97969.9 -1.49404e+08
-4.33715e-11 -107535 -1.6399e+08
9.20863e-12 -117099 -1.78576e+08
4.26326e-12 -126664 -1.93162e+08
1.37561e-11 -136229 -2.07748e+08
-5.76392e-11 -145794 -2.22335e+08
-6.84395e-11 -134036 -2.04404e+08
-5.92308e-11 -122279 -1.86474e+08
-6.50289e-11 -110521 -1.68544e+08
-6.21867e-11 -98763.6 -1.50614e+08
1.56888e-11 -87006 -1.32684e+08
-2.55795e-11 -75248.5 -1.14754e+08
-1.33156e-11 -63491 -9.68237e+07
-8.86757e-12 -51733.6 -7.88936e+07
-1.73443e-11 -39976.1 -6.09636e+07
-2.41229e-12 -28218.7 -4.30335e+07
-2.67342e-13 -16461.2 -2.51034e+07
1.35691e-12 -4703.81 -7.17331e+06
-1.08691e-12 7053.62 1.07568e+07
2.64677e-13 18811.1 2.86869e+07
-5.80869e-12 30568.5 4.66169e+07
1.27969e-11 42325.9 6.4547e+07
-1.1795e-11 54083.4 8.24771e+07
-1.60583e-11 65840.9 1.00407e+08
-4.23483e-12 77598.4 1.18337e+08
-1.98952e-13 89355.9 1.36267e+08
-5.76961e-11 101113 1.54198e+08
4.20641e-12 112871 1.72128e+08
-4.27463e-11 124629 1.90058e+08
-5.03064e-11 136386 2.07988e+08
1.7053e-13 131400 2.00385e+08
-5.34328e-11 126414 1.92781e+08
1.59162e-11 121429 1.85178e+08
4.49063e-12 116443 1.77575e+08
-7.90124e-12 111457 1.69971e+08
4.83169e-12 106471 1.62368e+08
1.7053e-11 101485 1.54765e+08
-2.31921e-11 96499.4 1.47161e+08
-3.24007e-12 91513.6 1.39558e+08
1.15676e-11 86527.7 1.31955e+08
-1.13687e-11 81541.9 1.24351e+08
1.33014e-11 76556.1 1.16748e+08
-1.57456e-11 71570.3 1.09145e+08
-5.96856e-12 66584.5 1.01541e+08
3.19034e-11 61598.7 9.39378e+07
-2.05915e-11 56612.8 8.63345e+07
-3.47882e-11 51627 7.87312e+07
2.42295e-12 46641.3 7.11279e+07
1.04023e-11 41655.5 6.35245e+07
-6.84253e-12 36669.7 5.59212e+07
1.84741e-13 31683.9 4.83179e+07
-7.32214e-12 26698.1 4.07146e+07
-2.92033e-12 21712.3 3.31112e+07
2.34301e-12 16726.5 2.55079e+07
1.75238e-12 11740.7 1.79046e+07
4.32765e-13 6754.93 1.03013e+07
1.36556e-12 1769.15 2.69795e+06
1.48354e-13 -3216.64 -4.90537e+06
-4.74976e-12 -8202.42 -1.25087e+07
-1.18483e-12 -13188.2 -2.0112e+07
-3.67884e-12 -18174 -2.77153e+07
-7.7307e-12 -23159.8 -3.53187e+07
-1.65912e-12 -28145.6 -4.2922e+07
-7.81952e-12 -33131.4 -5.05253e+07
-1.27329e-11 -38117.2 -5.81286e+07
7.75202e-12 -43102.9 -6.5732e+07
8.15703e-12 -48088.7 -7.33353e+07
-2.251e-11 -53074.5 -8.09386e+07
-5.76961e-12 -58060.3 -8.85419e+07
2.44427e-12 -63046.1 -9.61453e+07
-2.089e-12 -68032 -1.03749e+08
1.03881e-11 -73017.8 -1.11352e+08
-3.38218e-12 -78003.6 -1.18955e+08
-1.67972e-11 -82989.4 -1.26559e+08
-2.50111e-12 -87975.2 -1.34162e+08
2.00941e-11 -92961.1 -1.41765e+08
-1.35856e-11 -97946.9 -1.49369e+08
-2.39879e-11 -102933 -1.56972e+08
-2.14868e-11 -107919 -1.64575e+08
5.0818e-11 -112904 -1.72179e+08
-1.5234e-11 -117890 -1.79782e+08
6.0254e-11 -122876 -1.87385e+08
-4.2462e-11 -127862 -1.94989e+08
4.41673e-11 -132848 -2.02592e+08
1.7053e-11 -137834 -2.10195e+08
2.92175e-11 -142820 -2.17799e+08
-3.22871e-11 -147806 -2.25402e+08
5.58202e-11 -152791 -2.33005e+08
-4.3616e-10 -132779 -2.02487e+08
-2.79101e-10 -112766 -1.71968e+08
-1.80364e-10 -92753.9 -1.41449e+08
-1.14483e-10 -72741.6 -1.10931e+08
-5.15854e-11 -52729.3 -8.04121e+07
-1.76392e-11 -32717.1 -4.98935e+07
-7.80132e-12 -12704.9 -1.93749e+07
-1.7204e-12 7307.34 1.11437e+07
-2.75158e-11 27319.5 4.16623e+07
-4.96101e-11 47331.8 7.21809e+07
-1.04421e-10 67344 1.027e+08
-1.78744e-10 87356.3 1.33218e+08
-2.7552e-10 107369 1.63737e+08
-3.81647e-10 127381 1.94255e+08
-5.51267e-10 147394 2.24774e+08
-6.55291e-10 167407 2.55293e+08
-9.56561e-10 187419 2.85812e+08
-1.27977e-09 164313 2.50576e+08
-9.75263e-10 141208 2.1534e+08
-6.83258e-10 118102 1.80105e+08
-4.37439e-10 94996.5 1.44869e+08
-2.45024e-10 71891.1 1.09634e+08
-1.02013e-10 48785.8 7.43982e+07
-3.22888e-11 25680.5 3.91628e+07
-2.7286e-12 2575.27 3.92729e+06
-1.16795e-11 -20530 -3.13082e+07
-9.50422e-11 -43635.2 -6.65436e+07
-1.89218e-10 -66740.5 -1.01779e+08
-3.22302e-10 -89845.9 -1.37015e+08
-5.47914e-10 -112951 -1.7225e+08
-7.40954e-10 -136057 -2.07486e+08
-9.49285e-10 -159163 -2.42721e+08
-1.36436e-09 -182269 -2.77957e+08
-1.6131e-09 -205375 -3.13193e+08
-4.82942e-10 -186929 -2.85063e+08
-4.80895e-10 -168483 -2.56934e+08
-3.67777e-10 -150037 -2.28804e+08
-2.97121e-10 -131591 -2.00675e+08
-2.17028e-10 -113145 -1.72546e+08
-1.44155e-10 -94699.5 -1.44416e+08
-1.33639e-10 -76253.9 -1.16287e+08
-8.83773e-11 -57808.4 -8.81577e+07
-1.21432e-11 -39362.9 -6.00284e+07
-1.15481e-11 -20917.5 -3.18992e+07
1.28464e-12 -2472.06 -3.76988e+06
-1.12399e-11 15973.4 2.43594e+07
-2.23963e-11 34418.8 5.24887e+07
-2.58353e-11 52864.3 8.0618e+07
-8.64731e-11 71309.8 1.08747e+08
-1.42649e-10 89755.3 1.36877e+08
-1.64448e-10 108201 1.65006e+08
-2.61821e-10 126647 1.93135e+08
-4.09614e-10 145092 2.21265e+08
-4.8874e-10 163538 2.49394e+08
-5.21936e-10 181984 2.77524e+08
-6.62908e-10 161728 2.46634e+08
-5.55303e-10 141472 2.15744e+08
-4.1797e-10 121216 1.84854e+08
-2.72223e-10 100960 1.53964e+08
-1.46173e-10 80704.5 1.23074e+08
-9.87654e-11 60448.9 9.21844e+07
-2.49898e-11 40193.2 6.12947e+07
-9.60121e-12 19937.6 3.04049e+07
-1.25231e-12 -317.926 -484837
-5.60441e-12 -20573.5 -3.13746e+07
-4.52118e-11 -40829.1 -6.22643e+07
-9.56817e-11 -61084.7 -9.31541e+07
-1.25425e-10 -81340.4 -1.24044e+08
-2.39424e-10 -101596 -1.54934e+08
-3.18096e-10 -121852 -1.85824e+08
-5.15172e-10 -142108 -2.16713e+08
-6.45741e-10 -162364 -2.47603e+08
-7.70569e-10 -182620 -2.78493e+08
-8.38668e-10 -202877 -3.09383e+08
-1.61879e-09 -178368 -2.72009e+08
-1.20281e-09 -153860 -2.34635e+08
-7.98195e-10 -129352 -1.97261e+08
-5.2222e-10 -104844 -1.59887e+08
-3.17442e-10 -80336.7 -1.22513e+08
-1.54841e-10 -55829.2 -8.51394e+07
-4.4281e-11 -31321.7 -4.77656e+07
-4.89653e-12 -6814.25 -1.03917e+07
-1.67262e-11 17693.2 2.69821e+07
-8.17266e-11 42200.6 6.43559e+07
-2.68344e-10 66708.1 1.0173e+08
-4.70237e-10 91215.7 1.39104e+08
-7.33053e-10 115723 1.76478e+08
-1.03091e-09 140231 2.13852e+08
-1.56842e-09 164739 2.51226e+08
-2.10593e-09 189248 2.886e+08
-2.74599e-09 213756 3.25974e+08
-3.37013e-09 238265 3.63348e+08
-4.31601e-09 262774 4.00722e+08
-5.19844e-09 287283 4.38097e+08
-8.63338e-09 258219 3.93777e+08
-7.89032e-09 229156 3.49457e+08
-6.04848e-09 200093 3.05138e+08
-4.32522e-09 171030 2.60818e+08
-2.87355e-09 141967 2.16499e+08
-1.77016e-09 112905 1.7218e+08
-9.25752e-10 83843.3 1.27861e+08
-3.83622e-10 54781.5 8.35416e+07
-9.749e-11 25719.7 3.92226e+07
1.83187e-13 -3341.96 -5.09649e+06
-1.10752e-10 -32403.6 -4.94155e+07
-3.77085e-10 -61465.4 -9.37346e+07
-8.2548e-10 -90527.2 -1.38054e+08
-1.3946e-09 -119589 -1.82373e+08
-2.20371e-09 -148652 -2.26692e+08
-2.98621e-09 -177714 -2.71012e+08
-4.02508e-09 -206777 -3.15331e+08
-5.12318e-09 -235840 -3.59651e+08
-6.22822e-09 -264904 -4.0397e+08
-7.52652e-09 -293968 -4.4829e+08
-1.15351e-08 -259782 -3.96161e+08
-7.45649e-09 -225598 -3.44032e+08
-5.81122e-09 -191413 -2.91903e+08
-3.97029e-09 -157230 -2.39774e+08
-2.53129e-09 -123046 -1.87645e+08
-1.32752e-09 -88863.4 -1.35516e+08
-4.82203e-10 -54680.7 -8.33879e+07
-6.78941e-11 -20498 -3.12595e+07
-3.72022e-11 13684.6 2.0869e+07
-4.65491e-10 47867.2 7.29975e+07
-1.37422e-09 82050 1.25126e+08
-2.85007e-09 116233 1.77255e+08
-4.97664e-09 150416 2.29383e+08
-7.81097e-09 184600 2.81512e+08
-1.12789e-08 218784 3.33641e+08
-1.56926e-08 252968 3.8577e+08
-2.08613e-08 287154 4.37899e+08
-2.25918e-09 273661 4.17324e+08
-4.35648e-10 260168 3.96749e+08
-3.47427e-10 246676 3.76174e+08
-2.70347e-10 233183 3.55599e+08
-3.90173e-10 219691 3.35024e+08
-2.30898e-10 206198 3.14449e+08
-1.1039e-10 192706 2.93874e+08
-1.76897e-10 179214 2.73299e+08
-1.14255e-10 165722 2.52724e+08
-1.59048e-10 152230 2.32149e+08
-1.36595e-10 138738 2.11574e+08
-1.26136e-10 125246 1.90999e+08
-8.6402e-11 111754 1.70424e+08
-2.21121e-11 98261.8 1.49849e+08
-6.39488e-12 84770 1.29274e+08
2.54374e-12 71278.2 1.08699e+08
-1.36424e-11 57786.4 8.81242e+07
-7.01306e-12 44294.7 6.75494e+07
-6.02896e-12 30803 4.69745e+07
7.06457e-12 17311.3 2.63997e+07
1.22757e-12 3819.55 5.82481e+06
-1.31006e-12 -9672.15 -1.475e+07
1.79945e-12 -23163.9 -3.53249e+07
-1.02816e-11 -36655.6 -5.58997e+07
-8.46967e-12 -50147.3 -7.64746e+07
-2.84217e-11 -63639.1 -9.70495e+07
-4.65548e-11 -77130.8 -1.17624e+08
-5.35465e-11 -90622.6 -1.38199e+08
-7.49765e-11 -104114 -1.58774e+08
-6.66773e-11 -117606 -1.79349e+08
-1.10902e-10 -131098 -1.99924e+08
-1.19655e-10 -144590 -2.20499e+08
-1.15165e-10 -158082 -2.41074e+08
-6.79847e-11 -171574 -2.61649e+08
-1.11754e-10 -185067 -2.82224e+08
-1.4029e-10 -198559 -3.02799e+08
-1.628e-10 -212051 -3.23374e+08
-1.2983e-10 -225543 -3.43949e+08
-2.30784e-10 -239036 -3.64524e+08
-3.50383e-10 -252529 -3.85099e+08
-3.54703e-10 -266021 -4.05674e+08
-3.5584e-10 -279514 -4.2625e+08
-3.16049e-10 -293007 -4.46825e+08
-3.25645e-09 -269426 -4.10866e+08
-2.25941e-09 -245845 -3.74907e+08
-1.98929e-09 -222265 -3.38949e+08
-1.58434e-09 -198684 -3.0299e+08
-1.2858e-09 -175104 -2.67032e+08
-9.37007e-10 -151525 -2.31073e+08
-6.19991e-10 -127945 -1.95115e+08
-5.11363e-10 -104365 -1.59157e+08
-2.766e-10 -80786.1 -1.23199e+08
-1.41497e-10 -57206.9 -8.72405e+07
-4.9404e-11 -33627.8 -5.12823e+07
-9.64695e-12 -10048.6 -1.53242e+07
-6.30518e-12 13530.5 2.0634e+07
-5.85274e-11 37109.6 5.65921e+07
-1.68797e-10 60688.8 9.25503e+07
-3.21194e-10 84268 1.28508e+08
-5.52291e-10 107847 1.64467e+08
-8.30482e-10 131427 2.00425e+08
-1.15506e-09 155006 2.36383e+08
-1.58059e-09 178586 2.72342e+08
-2.04773e-09 202166 3.083e+08
-2.52521e-09 225747 3.44259e+08
-3.21666e-09 249327 3.80217e+08
-3.86535e-09 272908 4.16176e+08
-4.55884e-09 296489 4.52135e+08
-1.48865e-05 310055 4.7282e+08
-2.02813e-05 316816 4.83129e+08
-2.85919e-05 322609 4.9196e+08
-1.35048e-06 326439 4.97798e+08
-3.41561e-09 293742 4.47941e+08
-1.94912e-08 261039 3.98073e+08
-2.24891e-08 228337 3.48206e+08
-2.0148e-08 195635 2.98338e+08
-1.57787e-08 162934 2.48471e+08
-1.11346e-08 130233 1.98604e+08
-7.28642e-09 97533.2 1.48737e+08
-4.33639e-09 64833.3 9.88704e+07
-2.28171e-09 32133.7 4.90038e+07
-9.83505e-10 -565.73 -862738
-2.68894e-10 -33265.1 -5.07292e+07
3.52873e-12 -65964.4 -1.00596e+08
-1.96721e-10 -98663.7 -1.50462e+08
-6.87407e-10 -131363 -2.00329e+08
-1.58087e-09 -164063 -2.50195e+08
-2.65061e-09 -196763 -3.00062e+08
-4.47069e-07 -228527 -3.48501e+08
-0.000121644 -248642 -3.79175e+08
-0.000182159 -260643 -3.97474e+08
-0.000153147 -272432 -4.15451e+08
-0.000124018 -284029 -4.33134e+08
-0.000623974 -292562 -4.46144e+08
-0.00030949 -300184 -4.57763e+08
-0.000221637 -307617 -4.69096e+08
5.86485e-07 -277488 -4.23154e+08
-6.25505e-07 -247359 -3.77211e+08
-3.19696e-07 -217231 -3.31269e+08
-5.93589e-08 -187103 -2.85326e+08
8.69363e-10 -156976 -2.39384e+08
-5.9315e-09 -126849 -1.93442e+08
-3.26673e-09 -96722.5 -1.475e+08
-2.53746e-09 -66596.3 -1.01559e+08
-1.63409e-09 -36470.4 -5.56171e+07
-9.90616e-10 -6344.68 -9.67561e+06
-5.17083e-10 23780.9 3.62659e+07
-1.22405e-10 53906.4 8.22073e+07
-6.77947e-12 84031.9 1.28149e+08
-1.3317e-10 114157 1.7409e+08
-3.4899e-10 144283 2.20031e+08
-9.49512e-10 174409 2.65973e+08
-3.64425e-05 195863 2.98689e+08
-8.51759e-05 210857 3.21556e+08
-0.000135477 223703 3.41144e+08
-0.000107483 236298 3.6035e+08
-8.99589e-05 248655 3.79192e+08
-0.00010064 258910 3.94829e+08
-0.00017942 267833 4.08436e+08
-0.000155774 276493 4.2164e+08
-0.000132164 284905 4.34464e+08
-9.43331e-05 292969 4.4676e+08
-2.47125e-07 255669 3.89882e+08
-3.03529e-07 218369 3.33004e+08
-3.94635e-07 181070 2.76126e+08
-5.86024e-07 143772 2.19249e+08
-1.14964e-06 106475 1.62372e+08
-4.02208e-06 69177.5 1.05495e+08
9.34259e-09 31880.9 4.86181e+07
-1.48084e-09 -5415.42 -8.2585e+06
-1.1163e-09 -42711.5 -6.5135e+07
-1.37483e-10 -80007.5 -1.22012e+08
-9.55112e-11 -117304 -1.78888e+08
-8.70955e-10 -154600 -2.35765e+08
-0.000367838 -179767 -2.74144e+08
-0.000298805 -196997 -3.00419e+08
-0.000300522 -213802 -3.26045e+08
-0.000231766 -230199 -3.5105e+08
-0.00111461 -243350 -3.71103e+08
-0.000585534 -255516 -3.89654e+08
-0.000397013 -267231 -4.07515e+08
-0.000300767 -278517 -4.24724e+08
-0.000890364 -288535 -4.39998e+08
4.7473e-06 -257205 -3.92224e+08
-1.76186e-05 -225876 -3.4445e+08
-3.99616e-08 -194547 -2.96677e+08
-6.77346e-10 -163219 -2.48903e+08
-8.05483e-09 -131891 -2.0113e+08
-4.74643e-09 -100563 -1.53357e+08
-3.85717e-09 -69236.2 -1.05584e+08
-2.5305e-09 -37909.4 -5.78116e+07
-1.63674e-09 -6582.96 -1.0039e+07
-8.92662e-10 24743.4 3.77336e+07
-3.45111e-10 56069.5 8.5506e+07
-7.87423e-11 87395.7 1.33278e+08
4.33573e-11 118722 1.81051e+08
-2.72849e-07 149572 2.28097e+08
-0.00015601 169739 2.58851e+08
-0.000177996 184760 2.81758e+08
-0.000144607 199470 3.04191e+08
-0.00011775 213879 3.26162e+08
-0.000144068 226175 3.44914e+08
-0.000221648 237289 3.6186e+08
-0.000189692 248051 3.78271e+08
-0.000160269 258475 3.94165e+08
-0.000137035 268574 4.09564e+08
-0.00011707 278363 4.24488e+08
-0.000127984 286443 4.36807e+08
-1.24563e-07 260321 3.96975e+08
-7.31782e-08 234200 3.57144e+08
-3.52206e-08 208079 3.17312e+08
-1.56047e-08 181959 2.77481e+08
-8.16055e-09 155839 2.3765e+08
-5.321e-09 129720 1.97819e+08
-3.88343e-09 103600 1.57989e+08
-2.87213e-09 77481.3 1.18158e+08
-2.09221e-09 51362.5 7.83273e+07
-1.41087e-09 25243.9 3.84968e+07
-8.36147e-10 -874.519 -1.33364e+06
-4.6002e-10 -26992.8 -4.1164e+07
-1.94682e-10 -53111.1 -8.09944e+07
-2.35971e-11 -79229.3 -1.20825e+08
2.06599e-11 -105347 -1.60655e+08
-8.32472e-11 -131466 -2.00485e+08
-3.78274e-06 -155399 -2.36984e+08
-0.00011558 -171329 -2.61276e+08
-0.000113629 -184013 -2.80619e+08
-9.30792e-05 -196478 -2.99628e+08
-7.71056e-05 -208730 -3.18311e+08
-0.00028837 -219274 -3.3439e+08
-0.000177688 -228939 -3.49128e+08
-0.000143383 -238349 -3.63477e+08
-0.000122175 -247512 -3.77448e+08
-0.000105025 -256434 -3.91052e+08
-9.05411e-05 -265122 -4.043e+08
-7.82471e-05 -273585 -4.17203e+08
-0.000119627 -281815 -4.29752e+08
0.00310746 -288037 -4.39238e+08
2.61556e-05 -260046 -3.96556e+08
3.30585e-08 -232056 -3.53874e+08
-1.69753e-08 -204066 -3.11193e+08
-3.80624e-09 -176077 -2.68512e+08
-5.39467e-09 -148088 -2.25831e+08
-3.96324e-09 -120100 -1.8315e+08
-3.129e-09 -92111.7 -1.40469e+08
-2.39038e-09 -64123.9 -9.77882e+07
-1.69554e-09 -36136.3 -5.51076e+07
-1.13716e-09 -8148.94 -1.24271e+07
-6.45066e-10 19838.3 3.02533e+07
-2.97817e-10 47825.4 7.29337e+07
-2.71996e-11 75812.5 1.15614e+08
-4.16041e-11 103800 1.58294e+08
-2.08331e-11 131787 2.00975e+08
-2.57545e-06 158090 2.41088e+08
-0.000141691 174909 2.66736e+08
-0.000112687 188550 2.87538e+08
-9.76318e-05 201939 3.07956e+08
-0.000156861 214104 3.26507e+08
-0.000186084 224748 3.42737e+08
-0.000160218 235093 3.58512e+08
-0.000137989 245146 3.73842e+08
-0.000119302 254917 3.8874e+08
-0.000103243 264413 4.03219e+08
-8.94994e-05 273644 4.17294e+08
-8.71574e-05 282405 4.30653e+08
-0.000245485 289209 4.41025e+08
-1.10194e-08 274135 4.1804e+08
-3.03407e-09 259061 3.95054e+08
-1.27807e-09 243987 3.72068e+08
-9.4451e-10 228913 3.49082e+08
-8.2855e-10 213840 3.26097e+08
-8.17863e-10 198766 3.03111e+08
-6.72571e-10 183693 2.80126e+08
-5.6275e-10 168620 2.5714e+08
-6.62112e-10 153547 2.34155e+08
-4.9306e-10 138474 2.11169e+08
-4.59181e-10 123401 1.88184e+08
-3.16504e-10 108328 1.65199e+08
-3.24064e-10 93255.8 1.42214e+08
-2.41016e-10 78183.2 1.19228e+08
-2.07024e-10 63110.7 9.62432e+07
-1.99947e-10 48038.3 7.3258e+07
-1.44198e-10 32966 5.02729e+07
-1.09246e-10 17893.7 2.72878e+07
-8.71845e-11 2821.44 4.30268e+06
-7.0159e-11 -12250.8 -1.86824e+07
-5.19762e-11 -27323 -4.16675e+07
-1.20366e-11 -42395.1 -6.46525e+07
-1.08926e-11 -57467.2 -8.76375e+07
-2.42864e-11 -72539.4 -1.10623e+08
-7.36371e-11 -87611.5 -1.33608e+08
8.39595e-12 -102684 -1.56593e+08
2.68869e-11 -117756 -1.79578e+08
-3.83693e-11 -132828 -2.02563e+08
6.08225e-12 -147900 -2.25548e+08
-1.82366e-07 -162218 -2.47382e+08
-2.763e-06 -172662 -2.63309e+08
-3.20246e-05 -180492 -2.7525e+08
-1.47483e-05 -187874 -2.86506e+08
-1.29424e-05 -195181 -2.9765e+08
-1.1654e-05 -202416 -3.08682e+08
-1.05128e-05 -209578 -3.19605e+08
-4.83115e-05 -215637 -3.28844e+08
-2.55717e-05 -221464 -3.3773e+08
-2.28897e-05 -227203 -3.46481e+08
-2.10082e-05 -232854 -3.55098e+08
-1.93023e-05 -238420 -3.63585e+08
-1.77442e-05 -243900 -3.71941e+08
-1.63202e-05 -249296 -3.8017e+08
-1.50196e-05 -254610 -3.88273e+08
-1.38309e-05 -259843 -3.96252e+08
-1.27454e-05 -264996 -4.04109e+08
-1.17535e-05 -270071 -4.11846e+08
-1.08467e-05 -275068 -4.19466e+08
-1.00177e-05 -279990 -4.26971e+08
-6.92993e-05 -284442 -4.33758e+08
-3.07224e-05 -288195 -4.3948e+08
-2.86131e-05 -291866 -4.45077e+08
6.09434e-08 -259853 -3.96261e+08
-4.57335e-08 -227840 -3.47446e+08
-3.94152e-09 -195829 -2.98631e+08
-1.03316e-08 -163817 -2.49816e+08
-6.55029e-09 -131806 -2.01002e+08
-5.39342e-09 -99796.1 -1.52187e+08
-3.87195e-09 -67786.1 -1.03373e+08
-2.63621e-09 -35776.5 -5.45589e+07
-1.65106e-09 -3767.16 -5.7449e+06
-8.23974e-10 28242 4.30691e+07
-2.91244e-10 60251.1 9.18829e+07
-3.95346e-11 92260.2 1.40697e+08
-8.25366e-11 124269 1.89511e+08
-3.91992e-10 156278 2.38325e+08
-0.000132293 180625 2.75453e+08
-0.000189845 196299 2.99355e+08
-0.000138867 211642 3.22753e+08
-0.000166663 224250 3.41978e+08
-0.000256134 236373 3.60464e+08
-0.000219054 248106 3.78355e+08
-0.000184106 259461 3.9567e+08
-0.000157354 270451 4.12427e+08
-0.000134307 281088 4.28646e+08
-5.07375e-05 289678 4.41742e+08
-0.000376183 297466 4.53616e+08
-0.000306405 304895 4.6494e+08
-0.000280727 311983 4.75744e+08
0.000466546 317930 4.84809e+08
-0.00134769 323062 4.92631e+08
-0.000897707 327888 4.99985e+08
-0.000967148 332426 5.069e+08
1.72438e-06 297140 4.53098e+08
1.17949e-05 261854 3.99296e+08
-6.02445e-08 226569 3.45495e+08
-6.96396e-08 191286 2.91694e+08
-8.02338e-08 156003 2.37894e+08
-8.22083e-08 120722 1.84094e+08
-7.67783e-08 85441.5 1.30294e+08
-6.57981e-08 50161.7 7.64946e+07
-5.13611e-08 14882.6 2.26955e+07
-3.64871e-08 -20395.9 -3.11033e+07
-2.35279e-08 -55674 -8.49019e+07
-1.38375e-08 -90951.7 -1.387e+08
-7.6451e-09 -126229 -1.92498e+08
-0.000173474 -154099 -2.35e+08
-0.000267795 -172313 -2.62777e+08
-0.000731357 -189347 -2.88755e+08
-0.000665289 -204186 -3.11384e+08
-0.000553964 -218521 -3.33245e+08
-0.000456853 -232362 -3.54352e+08
-0.000553869 -245707 -3.74702e+08
-6.07107e-08 -256611 -3.91329e+08
-0.000865838 -266940 -4.07081e+08
-0.00100629 -276758 -4.22052e+08
-0.000939453 -286085 -4.36272e+08
-0.000828039 -294941 -4.49775e+08
-0.000717378 -303350 -4.62596e+08
-0.00302474 -310963 -4.74202e+08
-0.00344318 -317176 -4.83674e+08
-0.00343041 -322985 -4.92528e+08
-0.00326345 -328416 -5.00805e+08
-0.0030132 -333496 -5.08547e+08
-0.00273729 -338251 -5.15792e+08
-0.00246642 -342706 -5.22581e+08
-0.00221304 -346887 -5.2895e+08
4.80601e-05 -310536 -4.73526e+08
1.64356e-07 -274186 -4.18102e+08
-1.79579e-07 -237837 -3.62678e+08
1.88211e-08 -201490 -3.07254e+08
-5.63693e-08 -165143 -2.51831e+08
-1.71353e-08 -128798 -1.96408e+08
-2.61635e-08 -92453.1 -1.40986e+08
-1.7831e-08 -56109.3 -8.55644e+07
-1.56364e-08 -19766.2 -3.01428e+07
-1.19928e-08 16576.3 2.52785e+07
-9.04546e-09 52918.3 8.06995e+07
-6.44093e-09 89259.9 1.3612e+08
-4.14315e-09 125601 1.91541e+08
-0.00217767 155949 2.37822e+08
0.000222041 175051 2.66953e+08
-0.000729635 192887 2.94153e+08
-0.000360217 208551 3.1804e+08
-0.000376054 223674 3.41103e+08
-0.000712903 237147 3.61649e+08
-0.000908007 249271 3.80137e+08
-0.000772161 260808 3.97729e+08
-0.000720859 271772 4.14448e+08
-0.000654954 282182 4.30321e+08
-0.000596636 292057 4.45378e+08
-0.00155017 301122 4.59199e+08
-0.00210032 308687 4.70732e+08
-0.00180809 315753 4.81505e+08
-0.0018886 322349 4.91559e+08
-0.00178986 328504 5.00941e+08
-0.00175285 334247 5.09694e+08
-0.00167991 339608 5.17863e+08
-0.00160918 344615 5.25493e+08
-0.00152896 349297 5.32624e+08
6.25503e-06 331895 5.06092e+08
8.6496e-06 314493 4.7956e+08
1.59863e-05 297092 4.53027e+08
5.2431e-05 279690 4.26495e+08
-3.18973e-08 262290 3.99963e+08
-7.85531e-09 244889 3.73431e+08
-4.19868e-09 227489 3.46899e+08
-3.63843e-09 210089 3.20367e+08
-3.15595e-09 192690 2.93836e+08
-2.71984e-09 175290 2.67304e+08
-2.70097e-09 157891 2.40773e+08
-2.37856e-09 140492 2.14241e+08
-2.24054e-09 123093 1.8771e+08
-2.04807e-09 105695 1.61179e+08
-1.80501e-09 88296.4 1.34648e+08
-1.67745e-09 70898.2 1.08117e+08
-1.41853e-09 53500.2 8.15858e+07
-1.32505e-09 36102.4 5.50549e+07
-1.10663e-09 18704.7 2.85241e+07
-1.04913e-09 1307.13 1.99335e+06
-7.33493e-10 -16090.3 -2.45374e+07
-7.49964e-10 -33487.6 -5.1068e+07
-6.38295e-10 -50884.9 -7.75987e+07
-4.83283e-10 -68282 -1.04129e+08
-4.60659e-10 -85679.1 -1.3066e+08
-3.58625e-10 -103076 -1.5719e+08
-2.30784e-10 -120473 -1.83721e+08
-2.39424e-10 -137870 -2.10251e+08
-4.01398e-08 -154962 -2.36317e+08
-3.58388e-06 -167303 -2.55137e+08
-5.02841e-05 -176739 -2.69527e+08
-1.85554e-05 -185793 -2.83334e+08
-1.63804e-05 -194745 -2.96987e+08
-5.95013e-05 -203159 -3.09818e+08
-3.94298e-05 -210693 -3.21307e+08
-3.61137e-05 -218101 -3.32605e+08
-3.35164e-05 -225386 -3.43714e+08
-0.000131422 -232456 -3.54496e+08
-0.000100488 -238614 -3.63886e+08
-9.49164e-05 -244632 -3.73064e+08
-9.04456e-05 -250513 -3.82031e+08
-8.61553e-05 -256256 -3.9079e+08
-8.20028e-05 -261865 -3.99341e+08
-7.7986e-05 -267339 -4.07689e+08
-7.41052e-05 -272681 -4.15835e+08
-7.03606e-05 -277893 -4.23783e+08
-6.67512e-05 -282977 -4.31535e+08
-6.32769e-05 -287935 -4.39094e+08
-5.99372e-05 -292769 -4.46465e+08
-0.000456651 -297330 -4.53419e+08
-0.000257012 -301330 -4.59518e+08
-0.000240875 -305205 -4.65426e+08
-0.000236484 -308957 -4.71146e+08
-0.000232595 -312590 -4.76685e+08
-0.00022844 -316106 -4.82045e+08
-0.000223988 -319509 -4.87232e+08
-0.000219262 -322801 -4.9225e+08
-0.000214291 -325986 -4.97105e+08
-0.000209103 -329066 -5.01801e+08
-0.000203727 -332046 -5.06343e+08
-0.000198192 -334929 -5.10736e+08
-0.000192532 -337717 -5.14985e+08
-0.000186766 -340413 -5.19095e+08
-0.000180932 -343022 -5.2307e+08
-0.000175046 -345546 -5.26916e+08
-0.000169143 -347988 -5.30638e+08
-0.000163239 -350352 -5.34239e+08
-0.000157358 -352640 -5.37725e+08
-0.000151523 -354856 -5.41101e+08
7.63936e-07 -323374 -4.93101e+08
-9.93282e-07 -291893 -4.45101e+08
-4.9861e-07 -260413 -3.97102e+08
-5.91244e-08 -228934 -3.49103e+08
-9.5838e-09 -197456 -3.01104e+08
-2.22251e-08 -165979 -2.53106e+08
-1.49926e-08 -134502 -2.05108e+08
-1.41405e-08 -103026 -1.5711e+08
-1.19074e-08 -71551.2 -1.09113e+08
-9.82919e-09 -40076.6 -6.11154e+07
-8.10709e-09 -8602.39 -1.31184e+07
-6.45768e-09 22871.4 3.48784e+07
-4.89479e-09 54344.8 8.2875e+07
-3.62991e-09 85817.9 1.30872e+08
-2.45933e-09 117291 1.78868e+08
-1.51073e-09 148764 2.26864e+08
-2.24663e-05 174781 2.6654e+08
-0.000187136 191585 2.92168e+08
-0.000107208 207718 3.1677e+08
-0.000252314 221447 3.37707e+08
-0.000215771 234637 3.57822e+08
-0.000706926 245965 3.75097e+08
-0.000524677 256718 3.91493e+08
-0.000533241 267021 4.07205e+08
-0.000480224 276884 4.22245e+08
-0.000446374 286317 4.36629e+08
-0.0014303 295092 4.50008e+08
-0.00148224 302660 4.61547e+08
-0.00143499 309808 4.72445e+08
-0.00141611 316553 4.82727e+08
-0.00138188 322910 4.9242e+08
-0.00134764 328900 5.0155e+08
-0.00130829 334540 5.10147e+08
-0.00126576 339849 5.18239e+08
-0.00121981 344847 5.25855e+08
-0.00117098 349552 5.33025e+08
-0.0011197 353983 5.39778e+08
-0.00106645 358160 5.4614e+08
-0.00101179 362098 5.5214e+08
-0.000956274 365816 5.57803e+08
-0.00118359 369327 5.63149e+08
3.80083e-07 372166 5.67472e+08
-0.00702045 374775 5.71442e+08
-0.00491614 377221 5.75164e+08
-0.00571984 379518 5.78659e+08
1.70985e-10 341796 5.21153e+08
-1.68658e-07 304077 4.63648e+08
-3.52913e-07 266360 4.06144e+08
-6.3694e-07 228644 3.4864e+08
-1.27441e-06 190930 2.91138e+08
-3.6251e-06 153218 2.33636e+08
-2.33166e-05 115507 1.76134e+08
1.34826e-07 77797.9 1.18633e+08
-1.8482e-08 40089.7 6.11331e+07
-7.1523e-08 2382.56 3.63322e+06
-9.89555e-08 -35323.5 -5.38661e+07
-1.10178e-07 -73028.7 -1.11365e+08
-1.08261e-07 -110733 -1.68864e+08
-9.4968e-08 -148437 -2.26362e+08
-0.000420763 -174055 -2.6543e+08
-0.000202799 -193937 -2.95751e+08
-0.000878227 -211854 -3.23075e+08
-0.000979908 -228131 -3.47899e+08
-8.75885e-08 -242050 -3.69126e+08
-0.00126553 -255286 -3.89312e+08
-0.00162492 -267872 -4.08506e+08
-0.00463196 -279708 -4.26556e+08
9.4002e-10 -289887 -4.42078e+08
-0.0042249 -299422 -4.56619e+08
-0.0069531 -308338 -4.70214e+08
-2.74235e-09 -316660 -4.82905e+08
-0.00374221 -324419 -4.94735e+08
-0.00562809 -331644 -5.05751e+08
-0.00621922 -338368 -5.16002e+08
-0.00602753 -344623 -5.25536e+08
-0.00545309 -350441 -5.34405e+08
-0.00475957 -355855 -5.42657e+08
-0.00408907 -360897 -5.50341e+08
-0.00349881 -365596 -5.57502e+08
-0.0029991 -369983 -5.64186e+08
2.4711e-09 -374026 -5.70344e+08
6.86305e-09 -377244 -5.75245e+08
7.25231e-09 -380222 -5.79778e+08
3.90628e-09 -382983 -5.83979e+08
7.40329e-10 -385548 -5.87883e+08
-1.57797e-09 -387937 -5.91517e+08
-3.91265e-09 -390169 -5.9491e+08
-1.50355e-05 -391760 -5.97325e+08
1.13915e-07 -358607 -5.46784e+08
-2.01269e-07 -325456 -4.96244e+08
1.223e-08 -292306 -4.45704e+08
-9.27357e-08 -259158 -3.95165e+08
-2.52189e-08 -226011 -3.44626e+08
-5.437e-08 -192865 -2.94088e+08
-3.38364e-08 -159720 -2.4355e+08
-3.82297e-08 -126577 -1.93013e+08
-3.14603e-08 -93434.1 -1.42477e+08
-2.95927e-08 -60292.6 -9.19403e+07
-2.58249e-08 -27152 -4.14045e+07
-2.29485e-08 5987.86 9.13106e+06
-1.99739e-08 39127 5.96662e+07
-1.72336e-08 72265.4 1.10201e+08
-1.44582e-08 105403 1.60736e+08
-1.20319e-08 138541 2.1127e+08
-0.000888095 166287 2.53583e+08
-4.82001e-06 183876 2.80409e+08
0.00036867 200242 3.05367e+08
-1.24016e-05 215507 3.28648e+08
-0.000102208 230029 3.50796e+08
2.60499e-08 242753 3.70201e+08
-0.000746899 254803 3.88576e+08
-0.000504025 266342 4.06174e+08
0.00183761 277236 4.22788e+08
1.29993e-07 286839 4.37432e+08
-0.00259247 295895 4.51242e+08
-0.00126084 304448 4.64285e+08
-0.00186856 312514 4.76583e+08
-0.00154419 320109 4.88165e+08
-0.00168088 327253 4.99057e+08
-0.00156848 333966 5.09291e+08
-0.00155971 340268 5.18899e+08
-0.0015041 346181 5.27914e+08
-0.00146047 351727 5.36368e+08
-0.00140794 356930 5.44298e+08
-0.0013538 361809 5.51735e+08
-0.0012963 366389 5.58713e+08
-0.00123652 370688 5.65265e+08
1.83633e-07 374397 5.70916e+08
7.96445e-09 377666 5.75895e+08
5.89262e-09 380709 5.80529e+08
3.37968e-09 383545 5.84847e+08
-2.57701e-06 386150 5.88812e+08
-0.000346428 387811 5.91334e+08
-2.94076e-07 388997 5.93131e+08
0.000167108 389771 5.94299e+08
0.000318178 390196 5.94933e+08
0.0012489 390123 5.94807e+08
2.67229e-05 363330 5.53962e+08
-1.43673e-08 336537 5.13118e+08
-4.96711e-08 309746 4.72275e+08
-6.58329e-08 282955 4.31431e+08
-7.14708e-08 256166 3.90588e+08
-7.07041e-08 229377 3.49746e+08
-6.62694e-08 202589 3.08904e+08
-5.99011e-08 175802 2.68062e+08
-5.31491e-08 149016 2.2722e+08
-4.64474e-08 122230 1.86379e+08
-4.00923e-08 95445.4 1.45538e+08
-3.43282e-08 68661.1 1.04697e+08
-2.92509e-08 41877.5 6.38571e+07
-2.47357e-08 15094.4 2.30169e+07
-2.0874e-08 -11688.2 -1.7823e+07
-1.76332e-08 -38470.2 -5.86627e+07
-1.48574e-08 -65251.9 -9.95022e+07
-1.21768e-08 -92033.2 -1.40341e+08
-1.00836e-08 -118814 -1.8118e+08
-8.03914e-09 -145595 -2.22019e+08
-0.00326509 -168478 -2.56916e+08
-0.00433645 -184742 -2.8172e+08
-0.000510482 -197660 -3.01421e+08
0.000140826 -210330 -3.20744e+08
-1.71991e-06 -221788 -3.3822e+08
-1.19524e-05 -232620 -3.54739e+08
0.000605009 -242431 -3.69702e+08
-0.000505678 -251609 -3.837e+08
-0.000207854 -260325 -3.96992e+08
0.000802437 -268649 -4.09688e+08
-0.0010586 -276326 -4.21398e+08
-0.00126382 -283737 -4.32701e+08
-0.00232293 -290756 -4.43406e+08
-0.00217242 -297314 -4.53408e+08
-0.00269922 -303607 -4.63005e+08
-0.00268226 -309642 -4.72208e+08
-0.00284434 -315426 -4.81028e+08
-0.00303078 -320966 -4.89476e+08
0.0058706 -326676 -4.98183e+08
0.00110826 -332592 -5.07201e+08
-0.000522409 -338213 -5.15771e+08
-0.000860605 -343552 -5.23909e+08
-0.000902104 -348621 -5.31636e+08
-0.000878054 -353432 -5.38969e+08
-5.12309e-08 -357819 -5.45657e+08
-0.000911027 -361947 -5.51949e+08
-0.00116769 -365845 -5.57891e+08
-0.00123691 -369527 -5.63503e+08
-0.00125485 -373004 -5.68802e+08
-0.00125846 -376288 -5.73806e+08
3.00352e-08 -379217 -5.78267e+08
4.8311e-06 -381522 -5.81777e+08
-2.63358e-05 -383236 -5.84382e+08
-2.63719e-06 -384618 -5.86479e+08
-1.90158e-06 -385703 -5.88124e+08
0.00031904 -386483 -5.89303e+08
0.000168519 -386744 -5.89689e+08
0.000394046 -386703 -5.89614e+08
0.000623438 -386407 -5.89147e+08
0.000289711 -385899 -5.88357e+08
0.00148066 -385223 -5.87311e+08
3.26527e-05 -347847 -5.30336e+08
1.21617e-07 -310473 -4.73363e+08
-2.54017e-07 -273101 -4.1639e+08
4.57153e-08 -235731 -3.59418e+08
-1.52149e-07 -198363 -3.02447e+08
-9.6702e-09 -160996 -2.45476e+08
-8.70859e-08 -123630 -1.88506e+08
-3.42054e-08 -86266.2 -1.31536e+08
-5.31844e-08 -48903.3 -7.45672e+07
-3.62924e-08 -11541.6 -1.75987e+07
-3.60824e-08 25819.1 3.93693e+07
-2.95059e-08 63178.8 9.63369e+07
-2.53287e-08 100538 1.53304e+08
-2.08629e-08 137896 2.10271e+08
-2.67089e-07 171495 2.61508e+08
0.00293814 194344 2.96353e+08
0.00381721 212157 3.23519e+08
-0.0011869 228494 3.48434e+08
0.00875778 242697 3.70095e+08
0.00123686 255458 3.89559e+08
-3.5444e-05 267212 4.07485e+08
-9.18189e-07 277666 4.2343e+08
-0.000929462 287536 4.38484e+08
-0.00210435 296948 4.5284e+08
0.000382256 305628 4.66079e+08
-0.00361972 313712 4.78407e+08
0.000191485 321455 4.90215e+08
-0.00377864 329152 5.01951e+08
-0.000601699 336348 5.12922e+08
6.81432e-07 342804 5.22767e+08
1.01558e-06 348847 5.31981e+08
1.17351e-06 354496 5.40595e+08
1.33448e-06 359775 5.48644e+08
1.49474e-06 364708 5.56164e+08
-0.000195671 370239 5.64593e+08
4.08584e-06 374930 5.7174e+08
4.51724e-05 378226 5.76756e+08
0.000209288 380613 5.80382e+08
0.00117486 382058 5.8257e+08
0.00161198 382692 5.83519e+08
0.00330681 382767 5.83614e+08
0.00563434 382410 5.83048e+08
0.00420982 381767 5.82046e+08
0.00252156 381174 5.81119e+08
0.00168552 380411 5.79933e+08
0.00681743 379435 5.78421e+08
0.00211111 377897 5.76046e+08
0.00189481 376299 5.7358e+08
0.00200801 374680 5.71082e+08
0.00211022 373071 5.68598e+08
0.00269689 371395 5.66011e+08
0.003108 369620 5.63274e+08
0.00403225 367823 5.60503e+08
0.00472208 366036 5.57745e+08
0.00515591 364280 5.55037e+08
0.00036297 362284 5.51958e+08
6.51016e-06 320454 4.88246e+08
9.74311e-06 278630 4.24537e+08
1.86602e-05 236810 3.6083e+08
-1.29148e-10 194995 2.97127e+08
-1.07968e-06 153185 2.33426e+08
-4.48126e-06 111380 1.69727e+08
2.94131e-09 69578.8 1.06031e+08
-8.62317e-07 27782 4.23383e+07
-3.25777e-06 -14010.9 -2.13525e+07
-0.000570696 -54209.7 -8.26175e+07
-0.000113928 -89837.1 -1.3692e+08
-0.000395475 -123686 -1.88516e+08
-0.000473219 -154428 -2.35381e+08
-0.00381953 -176938 -2.69701e+08
-0.00107097 -195062 -2.97336e+08
-0.0023821 -211542 -3.22466e+08
4.34629e-05 -226825 -3.45774e+08
0.000930949 -240240 -3.66235e+08
-0.00324855 -252785 -3.85372e+08
-0.00601781 -264551 -4.0332e+08
-0.00387914 -275233 -4.19615e+08
-0.00345501 -285337 -4.3503e+08
-0.00316586 -294904 -4.49625e+08
-0.00293907 -303968 -4.63455e+08
-0.00187797 -312479 -4.7644e+08
-0.00463695 -320381 -4.88496e+08
-0.000844023 -327448 -4.99279e+08
-0.0016764 -333819 -5.08999e+08
-0.00179149 -340014 -5.18452e+08
-0.00129264 -345817 -5.27307e+08
-0.00114219 -351267 -5.35622e+08
0.000923798 -355397 -5.4192e+08
-0.000809222 -358752 -5.47036e+08
0.000842891 -361428 -5.51113e+08
0.000416921 -363204 -5.53816e+08
-0.000171706 -364038 -5.55078e+08
-0.00725529 -363896 -5.54847e+08
0.005505 -363319 -5.53951e+08
0.00316089 -362728 -5.53032e+08
0.00334609 -361903 -5.51758e+08
0.00180234 -361006 -5.5037e+08
-4.56586e-05 -359717 -5.48383e+08
0.0207165 -358024 -5.45774e+08
0.0036626 -356265 -5.43064e+08
0.00344996 -354285 -5.40016e+08
0.00414111 -352239 -5.36866e+08
0.00549248 -350180 -5.33697e+08
0.00913986 -348151 -5.30573e+08
-0.000189117 -346181 -5.27538e+08
0.00983884 -344289 -5.24622e+08
-0.0105743 -342524 -5.219e+08
-0.000289042 -340837 -5.19297e+08
-0.000453147 -339092 -5.16603e+08
-0.000346686 -337401 -5.13991e+08
-0.00027566 -335765 -5.11462e+08
-0.000192553 -334184 -5.09016e+08
0.000495688 -332660 -5.06656e+08
2.13367e-09 -290995 -4.43215e+08
-1.70544e-06 -249335 -3.79779e+08
1.06115e-06 -207682 -3.16345e+08
-5.2489e-06 -166034 -2.52915e+08
-8.04401e-06 -124391 -1.89489e+08
-4.56771e-09 -82753.6 -1.26065e+08
-1.20844e-06 -41121.1 -6.26453e+07
4.1779e-07 506.376 771455
7.91371e-05 39852.4 6.07165e+07
-5.70708e-05 74820.3 1.13996e+08
-0.000391985 108274 1.64974e+08
-0.000523181 139803 2.13022e+08
8.78612e-05 167776 2.55657e+08
3.84264e-05 188246 2.86862e+08
-0.00310902 205031 3.12451e+08
-0.00394624 220140 3.3549e+08
-0.00339315 234445 3.57304e+08
0.000155975 247358 3.76997e+08
-0.00377203 259367 3.95314e+08
-0.00316175 270752 4.12679e+08
-0.000335999 281338 4.28828e+08
5.64508e-05 290902 4.43422e+08
-0.00500796 299642 4.56757e+08
8.09412e-06 306087 4.66591e+08
-0.00322211 311644 4.75071e+08
1.48645e-05 315836 4.81466e+08
2.67762e-05 319491 4.87041e+08
-6.2761e-05 322605 4.91791e+08
-0.0127553 324626 4.9487e+08
2.40637e-05 326299 4.97417e+08
-0.000273782 327839 4.99759e+08
-1.39736e-05 329330 5.02026e+08
-9.41009e-05 330616 5.03979e+08
0.000294103 331162 5.04799e+08
-2.47575e-05 331603 5.05457e+08
1.64849e-05 331914 5.05917e+08
0.000280431 332131 5.06232e+08
-2.95704e-05 332337 5.06531e+08
-2.56582e-05 332554 5.06843e+08
0.000133363 332386 5.06568e+08
-0.000859281 331731 5.05544e+08
9.3793e-06 331006 5.04413e+08
-0.00622762 330255 5.0324e+08
-0.000403062 329511 5.02077e+08
0.000333572 328782 5.00937e+08
0.000221966 328115 4.99891e+08
0.00179645 327462 4.98865e+08
0.00158323 326797 4.97821e+08
9.40031e-05 326039 4.96636e+08
-0.000143401 325208 4.95337e+08
-0.000230027 324219 4.93795e+08
-0.000120581 323102 4.92058e+08
-3.58889e-05 321900 4.9019e+08
-2.19356e-05 320639 4.88232e+08
0.00101913 319346 4.86223e+08
-0.000516176 318043 4.84199e+08
-4.74574e-08 281846 4.29108e+08
-1.29668e-06 245654 3.74019e+08
-5.2423e-06 209466 3.18933e+08
2.16914e-09 173283 2.6385e+08
-1.00274e-06 137105 2.0877e+08
-3.82459e-06 100931 1.53693e+08
-1.90128e-05 64761.5 9.86189e+07
5.91385e-08 28596 4.35473e+07
-6.79041e-07 -7565.45 -1.15214e+07
-0.000102492 -39713.7 -6.0482e+07
-0.000110802 -69942.8 -1.06523e+08
-8.8986e-05 -98888.7 -1.50614e+08
-0.000285306 -126535 -1.9273e+08
0.000732268 -151482 -2.30739e+08
1.25503e-05 -173831 -2.64791e+08
-0.00497399 -190832 -2.90701e+08
0.00151057 -204279 -3.11196e+08
-0.00232341 -216916 -3.30461e+08
-0.00214248 -228963 -3.48826e+08
-0.00190078 -240473 -3.66375e+08
2.40697e-05 -250606 -3.81828e+08
-0.00310519 -259920 -3.96032e+08
-0.00293522 -268781 -4.09548e+08
-0.00268791 -277221 -4.22423e+08
-0.00116732 -285192 -4.34584e+08
-0.000747278 -291222 -4.43783e+08
2.54651e-05 -296458 -4.51772e+08
-0.000125691 -300376 -4.5775e+08
-0.00326952 -303668 -4.62771e+08
7.12094e-06 -306580 -4.67215e+08
7.02337e-06 -309185 -4.71189e+08
5.56462e-06 -311539 -4.74779e+08
3.28971e-06 -313693 -4.78064e+08
-6.19898e-06 -315376 -4.80629e+08
0.00104771 -316712 -4.82663e+08
4.7116e-06 -317974 -4.84582e+08
0.000389056 -318891 -4.85975e+08
1.05327e-05 -319696 -4.87196e+08
0.000567645 -320422 -4.88295e+08
-3.15892e-06 -320358 -4.88185e+08
-0.000193212 -320238 -4.87989e+08
3.39339e-06 -320091 -4.87751e+08
1.33579e-06 -319937 -4.87502e+08
-7.27566e-06 -319795 -4.8727e+08
2.01685e-06 -319681 -4.8708e+08
8.25498e-06 -319639 -4.87001e+08
3.86883e-05 -319439 -4.86678e+08
0.00170103 -319074 -4.861e+08
-0.000727866 -318686 -4.85487e+08
-0.000928129 -318264 -4.84823e+08
-3.16106e-06 -317816 -4.84117e+08
1.61199e-06 -317390 -4.83444e+08
1.12561e-06 -316995 -4.82818e+08
-6.1443e-06 -316600 -4.82191e+08
1.82256e-05 -316108 -4.81416e+08
-1.33368e-06 -315611 -4.80631e+08
-0.000939197 -315123 -4.79861e+08
0.000348073 -314447 -4.78801e+08
0.000214135 -313747 -4.77704e+08
0.000276602 -313032 -4.76582e+08
0.082478 -312311 -4.7545e+08
-0.0198814 -311608 -4.74346e+08
0.00224233 -310941 -4.73295e+08
0.000169588 -310254 -4.72214e+08
-3.45898e-06 -249178 -3.79278e+08
-7.94709e-07 -188115 -2.86351e+08
-2.50749e-06 -127066 -1.93432e+08
-8.00719e-09 -66029.3 -1.00522e+08
-6.90194e-06 -5005.17 -7.62021e+06
-0.00075056 50030.9 7.61751e+07
-0.00517519 99195.2 1.51041e+08
-0.00389368 144590 2.20179e+08
-6.61054e-05 182623 2.78115e+08
-7.39313e-05 207765 3.16423e+08
9.56148e-05 228540 3.48087e+08
-0.00823717 247459 3.76925e+08
5.77023e-05 263136 4.00829e+08
-5.63197e-05 276991 4.21957e+08
6.23688e-05 287144 4.37444e+08
6.01948e-05 294400 4.48512e+08
3.62233e-05 299625 4.56481e+08
2.50317e-05 303989 4.63136e+08
7.75253e-05 307738 4.68854e+08
5.64716e-05 310984 4.738e+08
0.000418482 312599 4.76255e+08
0.000311923 313907 4.7824e+08
0.000326535 315046 4.79964e+08
0.0404733 315099 4.80027e+08
-1.89851e-05 314933 4.79751e+08
-0.00010288 314833 4.79575e+08
-0.000335126 314864 4.79597e+08
0.0179641 314520 4.7904e+08
0.0174003 314111 4.78383e+08
0.00801223 313601 4.77569e+08
-0.00841633 312735 4.76209e+08
0.000270952 311854 4.74825e+08
-3.46755e-05 311026 4.73519e+08
0.000239728 310271 4.72324e+08
0.00191096 309293 4.70782e+08
0.00070177 308375 4.69331e+08
0.00578256 307108 4.67342e+08
0.0112331 306256 4.65986e+08
0.0238286 305304 4.64478e+08
0.00188346 304133 4.62633e+08
-0.000643088 302868 4.60646e+08
-0.00080865 301571 4.58608e+08
-0.000643987 300281 4.56582e+08
0.00129675 298833 4.5431e+08
-0.000710994 297426 4.521e+08
8.39478e-06 282716 4.2975e+08
1.18129e-05 260653 3.96226e+08
-2.67755e-09 227564 3.45944e+08
-9.23953e-06 177941 2.70526e+08
1.59152e-08 119146 1.81154e+08
-4.98403e-10 60367.2 9.17919e+07
3.87616e-07 3052.85 4.6424e+06
-0.00404985 -45861.3 -6.97468e+07
-0.00570327 -90920.4 -1.38287e+08
-0.00609973 -132434 -2.01448e+08
0.000187447 -167986 -2.55555e+08
1.04446e-05 -192185 -2.92397e+08
0.000521867 -211204 -3.21364e+08
9.36028e-05 -228237 -3.47314e+08
6.66697e-05 -243906 -3.71192e+08
0.00716266 -257525 -3.91952e+08
-0.000303485 -268884 -4.09275e+08
-0.00185137 -277200 -4.21964e+08
6.59405e-05 -283674 -4.31846e+08
4.53429e-05 -288823 -4.39709e+08
0.000126186 -292358 -4.45111e+08
0.000272543 -295315 -4.4963e+08
0.000202239 -297996 -4.53727e+08
0.000225408 -300458 -4.57489e+08
0.000140072 -302460 -4.60549e+08
0.0153989 -303171 -4.61634e+08
1.40318e-05 -303732 -4.62489e+08
0.0116814 -303440 -4.62035e+08
-0.0170398 -302977 -4.61318e+08
0.000252618 -302222 -4.60155e+08
2.15076e-05 -301379 -4.58854e+08
2.54419e-05 -300603 -4.57654e+08
2.66959e-05 -299932 -4.56613e+08
0.000165339 -299242 -4.5554e+08
-0.00234293 -298360 -4.5417e+08
2.36476e-06 -297507 -4.52843e+08
0.0182516 -296699 -4.51579e+08
0.0093829 -295949 -4.50404e+08
0.000141984 -295291 -4.49367e+08
0.0006183 -294747 -4.48501e+08
6.2231e-06 -294328 -4.47826e+08
-3.62308e-06 -293941 -4.47196e+08
3.27026e-05 -293407 -4.46338e+08
0.00107398 -292740 -4.45273e+08
9.92566e-05 -291923 -4.43978e+08
-0.0777443 -291029 -4.42565e+08
0.00960469 -290151 -4.41173e+08
0.0100762 -289326 -4.3986e+08
-0.00477906 -288599 -4.38697e+08
3.41967e-06 -287999 -4.37725e+08
2.92264e-06 -287493 -4.36896e+08
1.17178e-06 -287087 -4.36216e+08
-0.018596 -286790 -4.35698e+08
0.00176536 -286335 -4.34943e+08
6.34154e-05 -269009 -4.08636e+08
-1.67529e-09 -243023 -3.69177e+08
-3.97865e-06 -204051 -3.09993e+08
6.85111e-06 -145609 -2.21227e+08
1.08103e-08 -76367.6 -1.16039e+08
-4.32787e-06 -8358.39 -1.27016e+07
3.54529e-05 48620.7 7.38934e+07
4.05963e-05 99968.6 1.5195e+08
-0.00517931 146281 2.22372e+08
0.000292883 181980 2.76675e+08
0.000304572 205772 3.12884e+08
4.27057e-05 225761 3.43317e+08
0.000235682 243787 3.70769e+08
1.72999e-05 257982 3.92396e+08
-4.77608e-06 267084 4.06274e+08
5.35731e-05 273593 4.16205e+08
0.000307821 278473 4.23654e+08
0.000970862 281332 4.28021e+08
0.000791891 283765 4.31739e+08
0.000547172 286011 4.35172e+08
0.000423363 288118 4.38391e+08
0.00959459 288734 4.3933e+08
0.0251665 289190 4.40024e+08
-0.0382011 288720 4.39297e+08
0.00618849 287782 4.37855e+08
8.90778e-05 286851 4.36421e+08
5.91787e-05 286036 4.35161e+08
4.42653e-05 285368 4.34124e+08
0.00063241 284849 4.33312e+08
0.00149958 284139 4.32204e+08
0.00118124 283467 4.3115e+08
-0.000513578 282828 4.30142e+08
0.00135597 282249 4.29223e+08
0.0472613 281625 4.28232e+08
-0.0290741 280935 4.27139e+08
5.04272e-05 280306 4.26137e+08
-0.000575321 279765 4.25266e+08
0.00171577 278927 4.23937e+08
0.00249534 278126 4.22659e+08
-0.00161662 277409 4.21509e+08
-0.000328525 276761 4.2046e+08
-6.55376e-06 276201 4.19542e+08
1.60783e-05 275753 4.18792e+08
0.000128978 275427 4.18227e+08
-0.0040151 275086 4.17637e+08
0.00370077 274724 4.17022e+08
-1.89175e-09 256519 3.894e+08
-1.11001e-06 229216 3.47968e+08
-1.11789e-05 188270 2.85827e+08
2.86964e-08 126868 1.92626e+08
8.68567e-11 54121.7 8.21829e+07
-0.00101382 -14428 -2.19111e+07
0.000193016 -71515.7 -1.08621e+08
-0.0091826 -123165 -1.87094e+08
-8.83494e-06 -166949 -2.53638e+08
0.000178197 -187767 -2.85297e+08
3.71523e-05 -202852 -3.08245e+08
0.000178475 -213106 -3.23852e+08
6.03688e-05 -221656 -3.3687e+08
0.0165874 -227976 -3.46497e+08
5.90591e-06 -232595 -3.53534e+08
4.60402e-05 -236859 -3.60031e+08
0.000323775 -240724 -3.65921e+08
-3.67117e-05 -242671 -3.68885e+08
0.000276713 -243769 -3.70551e+08
0.00193682 -244806 -3.72124e+08
-0.0159822 -245814 -3.7365e+08
0.000305646 -246811 -3.75157e+08
-0.000710394 -247588 -3.76329e+08
0.00374945 -248069 -3.77044e+08
-0.0081685 -248494 -3.7767e+08
3.62347e-05 -248660 -3.77899e+08
-0.0115151 -248593 -3.77772e+08
0.0619806 -248495 -3.77593e+08
0.0123991 -248407 -3.77429e+08
-0.00566966 -248361 -3.77327e+08
-0.00384603 -248384 -3.77326e+08
-0.000401548 -248519 -3.77496e+08
0.00623765 -248544 -3.77495e+08
0.00242373 -248445 -3.77299e+08
0.000350148 -248341 -3.77093e+08
-0.000182547 -248248 -3.76902e+08
-0.000310323 -248160 -3.76714e+08
-4.91021e-05 -247944 -3.7633e+08
-0.0113633 -247692 -3.75888e+08
0.015221 -247447 -3.75455e+08
-0.000274853 -247260 -3.75112e+08
