0 0
-0.000511976 1.27083
-0.00204791 2.54167
-0.00460779 3.8125
-0.00819164 5.08333
-0.0127995 6.35417
-0.0184312 7.625
-0.025087 8.89583
-0.0327668 10.1667
-0.0413404 11.4375
-0.0510796 12.7083
-0.0618264 13.9792
-0.0737656 15.25
-0.0619476 13.9792
-0.0511539 12.7083
-0.0413842 11.4375
-0.0326386 10.1667
-0.024917 8.89583
-0.0182193 7.625
-0.0125457 6.35417
-0.00789606 5.08333
-0.00427037 3.8125
-0.00166865 2.54167
-9.08828e-05 1.27083
0.00046293 -6.66134e-16
-7.20924e-06 -1.27083
-0.0015013 -2.54167
-0.00415158 -3.8125
-0.0078159 -5.08333
-0.0124096 -6.35417
-0.018123 -7.625
-0.0248009 -8.89583
-0.0325226 -10.1667
-0.0413972 -11.4375
-0.0512141 -12.7083
-0.062081 -13.9792
-0.0738092 -15.25
-0.0622878 -14.0135
-0.0517356 -12.777
-0.0421529 -11.5405
-0.0335396 -10.3041
-0.0258957 -9.06757
-0.0192213 -7.83108
-0.0135162 -6.59459
-0.00878045 -5.35811
-0.0050141 -4.12162
-0.00221711 -2.88514
-0.000389479 -1.64865
0.000468798 -0.412162
0.000357724 0.824324
-0.000838334 2.06081
-0.00290442 3.2973
-0.00595081 4.53378
-0.0100079 5.77027
-0.0150243 7.00676
-0.0210258 8.24324
-0.0280305 9.47973
-0.0360112 10.7162
-0.0449822 11.9527
-0.0549445 13.1892
-0.0658994 14.4257
-0.0778887 15.6622
-0.0908205 16.8986
-0.104749 18.1351
-0.119071 19.3716
-0.134909 20.6081
-0.151746 21.8446
-0.169583 23.0811
-0.18842 24.3176
-0.208258 25.5541
-0.229097 26.7905
-0.250939 28.027
-0.273783 29.2635
-0.29763 30.5
-0.27381 29.2551
-0.250973 28.0102
-0.229118 26.7653
-0.208247 25.5204
-0.188359 24.2755
-0.169453 23.0306
-0.151531 21.7857
-0.134591 20.5408
-0.118634 19.2959
-0.10366 18.051
-0.0896692 16.8061
-0.0766607 15.5612
-0.064635 14.3163
-0.0538476 13.0714
-0.0437516 11.8265
-0.0347337 10.5816
-0.0266165 9.33673
-0.0196325 8.09184
-0.0135052 6.84694
-0.00837195 5.60204
-0.00423369 4.35714
-0.00135709 3.11224
0.000772121 1.86735
0.00190455 0.622449
0.00203912 -0.622449
0.00117476 -1.86735
-0.000689694 -3.11224
-0.0035554 -4.35714
-0.00742357 -5.60204
-0.0129853 -6.84694
-0.0188857 -8.09184
-0.0257834 -9.33673
-0.0336795 -10.5816
-0.0425754 -11.8265
-0.0524722 -13.0714
-0.0633713 -14.3163
-0.0752739 -15.5612
-0.0881812 -16.8061
-0.102094 -18.051
-0.117015 -19.2959
-0.132943 -20.5408
-0.149879 -21.7857
-0.167826 -23.0306
-0.186782 -24.2755
-0.20675 -25.5204
-0.227729 -26.7653
-0.249719 -28.0102
-0.272723 -29.2551
-0.296739 -30.5
-0.273213 -29.2702
-0.250648 -28.0403
-0.229041 -26.8105
-0.208394 -25.5806
-0.188707 -24.3508
-0.169978 -23.121
-0.152209 -21.8911
-0.135399 -20.6613
-0.119548 -19.4315
-0.104657 -18.2016
-0.0907245 -16.9718
-0.0777512 -15.7419
-0.0657371 -14.5121
-0.054682 -13.2823
-0.0446334 -12.0524
-0.0357799 -10.8226
-0.0275794 -9.59274
-0.0204555 -8.3629
-0.0142394 -7.13306
-0.00905313 -5.90323
-0.00473637 -4.67339
-0.00160912 -3.44355
0.00074296 -2.21371
0.00212287 -0.983871
0.00252977 0.245968
0.0019628 1.47581
0.000421113 2.70565
-0.00209619 3.93548
-0.0059584 5.16532
-0.0104705 6.39516
-0.0159564 7.625
-0.0224167 8.85484
-0.0298517 10.0847
-0.0382621 11.3145
-0.0476487 12.5444
-0.0580122 13.7742
-0.0693537 15.004
-0.0816741 16.2339
-0.0949743 17.4637
-0.109255 18.6935
-0.124518 19.9234
-0.140763 21.1532
-0.157992 22.3831
-0.176205 23.6129
-0.195403 24.8427
-0.216661 26.0726
-0.244659 27.3024
-0.278486 28.5323
-0.316894 29.7621
-0.368306 30.9919
-0.430115 32.2218
-0.496908 33.4516
-0.567312 34.6814
-0.63842 35.9113
-0.710032 37.1411
-0.781813 38.371
-0.85342 39.6008
-0.930934 40.8306
-1.01112 42.0605
-1.09275 43.2903
-1.17828 44.5202
-1.26689 45.75
-1.22719 44.5135
-1.18846 43.277
-1.1507 42.0405
-1.11392 40.8041
-1.0781 39.5676
-1.04326 38.3311
-1.0094 37.0946
-0.976499 35.8581
-0.944574 34.6216
-0.913621 33.3851
-0.88364 32.1486
-0.852039 30.9122
-0.817193 29.6757
-0.781806 28.4392
-0.743209 27.2027
-0.706077 25.9662
-0.673908 24.7297
-0.640275 23.4932
-0.606988 22.2568
-0.574619 21.0203
-0.541733 19.7838
-0.509407 18.5473
-0.480237 17.3108
-0.452928 16.0743
-0.42739 14.8378
-0.400998 13.6014
-0.374486 12.3649
-0.348941 11.1284
-0.32805 9.89189
-0.308529 8.65541
-0.29011 7.41892
-0.273121 6.18243
-0.257596 4.94595
-0.244181 3.70946
-0.235094 2.47297
-0.227823 1.23649
-0.222491 -5.32908e-15
-0.21879 -1.23649
-0.21664 -2.47297
-0.220815 -3.70946
-0.232083 -4.94595
-0.248207 -6.18243
-0.270446 -7.41892
-0.297702 -8.65541
-0.330518 -9.89189
-0.372166 -11.1284
-0.416829 -12.3649
-0.463467 -13.6014
-0.511887 -14.8378
-0.561446 -16.0743
-0.611683 -17.3108
-0.662305 -18.5473
-0.716462 -19.7838
-0.776069 -21.0203
-0.839281 -22.2568
-0.905593 -23.4932
-0.974322 -24.7297
-1.04406 -25.9662
-1.11504 -27.2027
-1.18686 -28.4392
-1.25923 -29.6757
-1.33196 -30.9122
-1.40499 -32.1486
-1.48142 -33.3851
-1.5616 -34.6216
-1.64506 -35.8581
-1.73132 -37.0946
-1.81993 -38.3311
-1.91047 -39.5676
-2.00184 -40.8041
-2.09451 -42.0405
-2.18831 -43.277
-2.28305 -44.5135
-2.37861 -45.75
-2.33556 -44.523
-2.29348 -43.296
-2.25235 -42.069
-2.21218 -40.842
-2.17297 -39.6149
-2.13472 -38.3879
-2.09744 -37.1609
-2.06112 -35.9339
-2.02576 -34.7069
-1.98718 -33.4799
-1.94642 -32.2529
-1.90468 -31.0259
-1.86226 -29.7989
-1.81818 -28.5718
-1.77193 -27.3448
-1.72546 -26.1178
-1.68095 -24.8908
-1.63923 -23.6638
-1.59699 -22.4368
-1.55193 -21.2098
-1.50682 -19.9828
-1.46447 -18.7557
-1.42308 -17.5287
-1.38213 -16.3017
-1.34085 -15.0747
-1.29794 -13.8477
-1.25545 -12.6207
-1.21472 -11.3937
-1.17712 -10.1667
-1.14047 -8.93966
-1.10482 -7.71264
-1.07021 -6.48563
-1.04123 -5.25862
-1.01551 -4.03161
-0.993618 -2.8046
-0.980164 -1.57759
-0.976538 -0.350575
-0.976285 0.876437
-0.980085 2.10345
-0.990104 3.33046
-1.00356 4.55747
-1.01983 5.78448
-1.0386 7.01149
-1.05948 8.23851
-1.08269 9.46552
-1.10874 10.6925
-1.13666 11.9195
-1.16611 13.1466
-1.20183 14.3736
-1.24156 15.6006
-1.28432 16.8276
-1.32936 18.0546
-1.37639 19.2816
-1.42545 20.5086
-1.47725 21.7356
-1.53098 22.9626
-1.5863 24.1897
-1.64743 25.4167
-1.712 26.6437
-1.77919 27.8707
-1.84875 29.0977
-1.92011 30.3247
-1.99315 31.5517
-2.0676 32.7787
-2.14329 34.0057
-2.22011 35.2328
-2.29797 36.4598
-2.37683 37.6868
-2.45721 38.9138
-2.54011 40.1408
-2.62896 41.3678
-2.7204 42.5948
-2.8137 43.8218
-2.90861 45.0489
-3.00456 46.2759
-3.10154 47.5029
-3.19961 48.7299
-3.29865 49.9569
-3.39855 51.1839
-3.49924 52.4109
-3.60065 53.6379
-3.70275 54.8649
-3.80551 56.092
-3.90892 57.319
-4.01298 58.546
-4.11769 59.773
-4.22305 61
-4.16493 59.7677
-4.10778 58.5354
-4.0516 57.303
-3.99639 56.0707
-3.94216 54.8384
-3.88889 53.6061
-3.83659 52.3737
-3.78526 51.1414
-3.72977 49.9091
-3.67219 48.6768
-3.61323 47.4444
-3.55273 46.2121
-3.49157 44.9798
-3.42809 43.7475
-3.36356 42.5152
-3.29626 41.2828
-3.23324 40.0505
-3.17161 38.8182
-3.11008 37.5859
-3.04851 36.3535
-2.98702 35.1212
-2.92328 33.8889
-2.86012 32.6566
-2.79876 31.4242
-2.73781 30.1919
-2.67733 28.9596
-2.6174 27.7273
-2.5581 26.4949
-2.50067 25.2626
-2.44804 24.0303
-2.3969 22.798
-2.35131 21.5657
-2.31357 20.3333
-2.27844 19.101
-2.24552 17.8687
-2.21456 16.6364
-2.19158 15.404
-2.17468 14.1717
-2.15926 12.9394
-2.14516 11.7071
-2.13313 10.4747
-2.12376 9.24242
-2.11738 8.0101
-2.11505 6.77778
-2.1156 5.54545
-2.11904 4.31313
-2.12527 3.08081
-2.13391 1.84848
-2.14441 0.616162
-2.15836 -0.616162
-2.17416 -1.84848
-2.19151 -3.08081
-2.21021 -4.31313
-2.23007 -5.54545
-2.25392 -6.77778
-2.28288 -8.0101
-2.3143 -9.24242
-2.34814 -10.4747
-2.38433 -11.7071
-2.4226 -12.9394
-2.46267 -14.1717
-2.50417 -15.404
-2.5477 -16.6364
-2.59306 -17.8687
-2.6399 -19.101
-2.68806 -20.3333
-2.73743 -21.5657
-2.78995 -22.798
-2.84753 -24.0303
-2.90736 -25.2626
-2.96904 -26.4949
-3.03283 -27.7273
-3.09858 -28.9596
-3.16615 -30.1919
-3.23537 -31.4242
-3.30613 -32.6566
-3.3783 -33.8889
-3.4521 -35.1212
-3.52832 -36.3535
-3.60623 -37.5859
-3.68563 -38.8182
-3.76642 -40.0505
-3.84848 -41.2828
-3.93175 -42.5152
-4.01675 -43.7475
-4.10731 -44.9798
-4.19969 -46.2121
-4.29411 -47.4444
-4.38986 -48.6768
-4.48714 -49.9091
-4.58613 -51.1414
-4.68674 -52.3737
-4.7889 -53.6061
-4.89251 -54.8384
-4.99752 -56.0707
-5.10386 -57.303
-5.21149 -58.5354
-5.32036 -59.7677
-5.43133 -61
