0 0
-0.000122823 0.622449
-0.000491293 1.2449
-0.00110541 1.86735
-0.00196517 2.4898
-0.00307058 3.11224
-0.00442164 3.73469
-0.00601834 4.35714
-0.0078607 4.97959
-0.0099487 5.60204
-0.0122824 6.22449
-0.0148617 6.84694
-0.0176866 7.46939
-0.0207572 8.09184
-0.0240735 8.71429
-0.0276354 9.33673
-0.031443 9.95918
-0.0354963 10.5816
-0.0397311 11.2041
-0.0442318 11.8265
-0.0490616 12.449
-0.0540795 13.0714
-0.0594217 13.6939
-0.0648913 14.3163
-0.0707442 14.9388
-0.0768503 15.5612
-0.0829208 16.1837
-0.0895278 16.8061
-0.0963892 17.4286
-0.103505 18.051
-0.110874 18.6735
-0.118497 19.2959
-0.125484 19.9184
-0.133571 20.5408
-0.141913 21.1633
-0.150511 21.7857
-0.159364 22.4082
-0.168471 23.0306
-0.177833 23.6531
-0.187449 24.2755
-0.19732 24.898
-0.207444 25.5204
-0.217822 26.1429
-0.228453 26.7653
-0.239339 27.3878
-0.250477 28.0102
-0.26187 28.6327
-0.273516 29.2551
-0.285415 29.8776
-0.297568 30.5
-0.285654 29.8838
-0.27398 29.2677
-0.262547 28.6515
-0.251355 28.0354
-0.240403 27.4192
-0.229693 26.803
-0.219223 26.1869
-0.208994 25.5707
-0.199006 24.9545
-0.189259 24.3384
-0.179753 23.7222
-0.170487 23.1061
-0.161462 22.4899
-0.152678 21.8737
-0.144135 21.2576
-0.135832 20.6414
-0.12777 20.0253
-0.119949 19.4091
-0.112369 18.7929
-0.105029 18.1768
-0.0979306 17.5606
-0.0910726 16.9444
-0.0844554 16.3283
-0.0780789 15.7121
-0.0719431 15.096
-0.0662128 14.4798
-0.0605454 13.8636
-0.0552437 13.2475
-0.0500521 12.6313
-0.0451028 12.0152
-0.0404483 11.399
-0.0360371 10.7828
-0.0318146 10.1667
-0.0278349 9.5505
-0.0240982 8.93434
-0.0207747 8.31818
-0.0175272 7.70202
-0.0145231 7.08586
-0.0117623 6.4697
-0.00924517 5.85354
-0.00697174 5.23737
-0.00494217 4.62121
-0.0031566 4.00505
-0.00193347 3.38889
-0.00064586 2.77273
0.000397896 2.15657
0.00119763 1.5404
0.0017532 0.924242
0.00206443 0.308081
0.00213118 -0.308081
0.00195329 -0.924242
0.0015306 -1.5404
0.000862962 -2.15657
-4.97906e-05 -2.77273
-0.00120781 -3.38889
-0.00261126 -4.00505
-0.00426029 -4.62121
-0.00615506 -5.23737
-0.00902197 -5.85354
-0.0114268 -6.4697
-0.0140754 -7.08586
-0.0169679 -7.70202
-0.0201045 -8.31818
-0.0234854 -8.93434
-0.0271108 -9.5505
-0.0309807 -10.1667
-0.0350955 -10.7828
-0.0394553 -11.399
-0.0440602 -12.0152
-0.0489104 -12.6313
-0.0540061 -13.2475
-0.0593475 -13.8636
-0.0649346 -14.4798
-0.0707677 -15.096
-0.0768468 -15.7121
-0.0831722 -16.3283
-0.089744 -16.9444
-0.0965622 -17.5606
-0.103627 -18.1768
-0.110939 -18.7929
-0.118497 -19.4091
-0.126303 -20.0253
-0.134355 -20.6414
-0.142655 -21.2576
-0.151202 -21.8737
-0.159997 -22.4899
-0.169039 -23.1061
-0.178328 -23.7222
-0.187865 -24.3384
-0.19765 -24.9545
-0.207682 -25.5707
-0.217963 -26.1869
-0.228491 -26.803
-0.239267 -27.4192
-0.250291 -28.0354
-0.261563 -28.6515
-0.273083 -29.2677
-0.284851 -29.8838
-0.296868 -30.5
-0.284959 -29.8838
-0.273291 -29.2677
-0.261865 -28.6515
-0.250679 -28.0354
-0.239734 -27.4192
-0.22903 -26.803
-0.218566 -26.1869
-0.208344 -25.5707
-0.198362 -24.9545
-0.188621 -24.3384
-0.17912 -23.7222
-0.169861 -23.1061
-0.160842 -22.4899
-0.152064 -21.8737
-0.143527 -21.2576
-0.135231 -20.6414
-0.127176 -20.0253
-0.119361 -19.4091
-0.111787 -18.7929
-0.104453 -18.1768
-0.0973609 -17.5606
-0.0905092 -16.9444
-0.0838982 -16.3283
-0.0775279 -15.7121
-0.0713984 -15.096
-0.0655097 -14.4798
-0.0598616 -13.8636
-0.0544543 -13.2475
-0.0494869 -12.6313
-0.0446085 -12.0152
-0.0400034 -11.399
-0.0355463 -10.7828
-0.0313316 -10.1667
-0.0274684 -9.5505
-0.0237397 -8.93434
-0.0202539 -8.31818
-0.0170224 -7.70202
-0.0141644 -7.08586
-0.0114128 -6.4697
-0.0089045 -5.85354
-0.00663971 -5.23737
-0.00461851 -4.62121
-0.00305754 -4.00505
-0.00153581 -3.38889
-0.000257871 -2.77273
0.000776142 -2.15657
0.00156612 -1.5404
0.00211195 -0.924242
0.00241351 -0.308081
0.0024707 0.308081
0.0022834 0.924242
0.00185149 1.5404
0.00117487 2.15657
0.000253414 2.77273
-0.000912995 3.38889
-0.00266324 4.00505
-0.00434327 4.62121
-0.00626763 5.23737
-0.00843635 5.85354
-0.0108495 6.4697
-0.013507 7.08586
-0.0164091 7.70202
-0.0195558 8.31818
-0.022947 8.93434
-0.026583 9.5505
-0.0304637 10.1667
-0.0345893 10.7828
-0.0389599 11.399
-0.0435756 12.0152
-0.0484364 12.6313
-0.0535426 13.2475
-0.0588941 13.8636
-0.0644912 14.4798
-0.0703339 15.096
-0.0764224 15.7121
-0.0827569 16.3283
-0.0893373 16.9444
-0.0961639 17.5606
-0.103237 18.1768
-0.110556 18.7929
-0.118122 19.4091
-0.125934 20.0253
-0.133993 20.6414
-0.142299 21.2576
-0.150851 21.8737
-0.159651 22.4899
-0.168698 23.1061
-0.177992 23.7222
-0.187533 24.3384
-0.197322 24.9545
-0.207357 25.5707
-0.217641 26.1869
-0.228172 26.803
-0.23895 27.4192
-0.249977 28.0354
-0.261251 28.6515
-0.272772 29.2677
-0.284542 29.8838
-0.296435 30.5
-0.284531 29.8838
-0.272868 29.2677
-0.261446 28.6515
-0.250264 28.0354
-0.239324 27.4192
-0.228624 26.803
-0.218165 26.1869
-0.207947 25.5707
-0.19797 24.9545
-0.188233 24.3384
-0.178738 23.7222
-0.169483 23.1061
-0.160469 22.4899
-0.151695 21.8737
-0.143163 21.2576
-0.134871 20.6414
-0.12682 20.0253
-0.11901 19.4091
-0.11144 18.7929
-0.104111 18.1768
-0.0970233 17.5606
-0.090176 16.9444
-0.0835696 16.3283
-0.0772038 15.7121
-0.0710788 15.096
-0.0651946 14.4798
-0.059551 13.8636
-0.0541483 13.2475
-0.0489862 12.6313
-0.0440649 12.0152
-0.0393843 11.399
-0.0351196 10.7828
-0.0310468 10.1667
-0.0270765 9.5505
-0.0233487 8.93434
-0.0198888 8.31818
-0.0167182 7.70202
-0.0137193 7.08586
-0.0109633 6.4697
-0.00858306 5.85354
-0.00631766 5.23737
-0.00429572 4.62121
-0.00251736 4.00505
-0.000982691 3.38889
0.000306193 2.77273
0.00115337 2.15657
0.00194653 1.5404
0.00249564 0.924242
0.0028006 0.308081
0.00286128 -0.308081
0.00267757 -0.924242
0.00224934 -1.5404
0.00157649 -2.15657
0.000658889 -2.77273
-0.000503581 -3.38889
-0.00209911 -4.00505
-0.00393156 -4.62121
-0.00585036 -5.23737
-0.00801352 -5.85354
-0.0104211 -6.4697
-0.0130732 -7.08586
-0.0159697 -7.70202
-0.0191108 -8.31818
-0.0224966 -8.93434
-0.026127 -9.5505
-0.0300023 -10.1667
-0.0341224 -10.7828
-0.0384875 -11.399
-0.0430976 -12.0152
-0.0479529 -12.6313
-0.0530535 -13.2475
-0.0583995 -13.8636
-0.063991 -14.4798
-0.0698282 -15.096
-0.0759111 -15.7121
-0.0822398 -16.3283
-0.0888146 -16.9444
-0.0956355 -17.5606
-0.102703 -18.1768
-0.111512 -18.7929
-0.121929 -19.4091
-0.133713 -20.0253
-0.146774 -20.6414
-0.161 -21.2576
-0.176259 -21.8737
-0.193304 -22.4899
-0.211969 -23.1061
-0.231961 -23.7222
-0.252613 -24.3384
-0.273382 -24.9545
-0.294882 -25.5707
-0.323119 -26.1869
-0.353132 -26.803
-0.383827 -27.4192
-0.414558 -28.0354
-0.445754 -28.6515
-0.477303 -29.2677
-0.509107 -29.8838
-0.541088 -30.5
-0.528042 -29.8776
-0.515242 -29.2551
-0.502689 -28.6327
-0.490382 -28.0102
-0.47832 -27.3878
-0.466505 -26.7653
-0.454935 -26.1429
-0.443611 -25.5204
-0.432534 -24.898
-0.421702 -24.2755
-0.411117 -23.6531
-0.400777 -23.0306
-0.390683 -22.4082
-0.380835 -21.7857
-0.371233 -21.1633
-0.361878 -20.5408
-0.352768 -19.9184
-0.343903 -19.2959
-0.335285 -18.6735
-0.326913 -18.051
-0.318787 -17.4286
-0.310906 -16.8061
-0.303272 -16.1837
-0.295883 -15.5612
-0.288741 -14.9388
-0.281844 -14.3163
-0.273838 -13.6939
-0.265288 -13.0714
-0.255384 -12.449
-0.245194 -11.8265
-0.234865 -11.2041
-0.225712 -10.5816
-0.217503 -9.95918
-0.211266 -9.33673
-0.205261 -8.71429
-0.198195 -8.09184
-0.19083 -7.46939
-0.184172 -6.84694
-0.178454 -6.22449
-0.1714 -5.60204
-0.164402 -4.97959
-0.157509 -4.35714
-0.151326 -3.73469
-0.146221 -3.11224
-0.141255 -2.4898
-0.135134 -1.86735
-0.129199 -1.2449
-0.123459 -0.622449
-0.117924 -1.24345e-14
-0.117924 -1.24345e-14
