-4.32722e-05
-8.70214e-05
-0.000131264
-0.000176016
-0.000221296
-0.000267124
-0.000313519
-0.000360504
-0.000408101
-0.000456335
-0.000583482
-0.000562451
-0.000541419
-0.000520388
-0.000445177
-0.000371595
-0.000298212
-0.000191554
-8.49521e-05
5.48405e-05
0.000120705
0.000193346
0.000269684
0.000313485
0.00035646
0.000407834
0.000469087
0.000530047
0.000586452
0.000666184
0.000750191
0.000847363
0.000961322
0.00106881
0.00117152
0.0012989
0.00142818
0.00157817
0.00158344
0.00158111
0.00157877
0.00140771
0.00125331
0.00109431
0.000929119
0.00075931
0.00061509
0.000476267
0.000344822
0.000223523
0.000122561
3.06417e-05
-4.6931e-05
-0.000114666
-0.000175623
-0.00023658
-0.000303995
-0.000371991
-0.000440171
-0.000496822
-0.000552596
-0.000609141
-0.000691783
-0.000779774
-0.000872507
-0.000902902
-0.00092611
-0.000950747
-0.000979955
-0.00100934
-0.00103663
-0.0011028
-0.00117281
-0.0012462
-0.00131162
-0.00137625
-0.00144
-0.00150575
-0.00156794
-0.00162713
-0.00170377
-0.00178117
-0.00185855
-0.00189727
-0.00192945
-0.00196094
-0.00201324
-0.00206936
-0.00212947
-0.00216477
-0.00219543
-0.00222623
-0.00220313
-0.00217263
-0.00214179
-0.00208192
-0.00201376
-0.00194083
-0.00187202
-0.00180257
-0.00173186
-0.00166675
-0.001602
-0.00153748
-0.00147834
-0.00141523
-0.00134929
-0.00128734
-0.00122468
-0.00115621
-0.0010955
-0.00103683
-0.000974825
-0.000948022
-0.000929623
-0.00091101
-0.00088288
-0.000852787
-0.000823903
-0.000762179
-0.000692106
-0.000622035
-0.000555169
-0.000476003
-0.000398098
-0.000323968
-0.00025564
-0.00018825
-0.000111407
-2.9976e-05
4.68719e-05
0.000171166
0.000326189
0.000479905
0.000602887
0.00072525
0.000864434
0.0010474
0.00124115
0.00144824
0.00167262
0.00189447
0.0021375
0.00241721
0.00272926
0.00318804
0.00394166
0.00472195
0.0048413
0.00520022
0.00523695
0.00762668
0.00792741
0.00807554
0.00822366
0.00842742
0.00865101
0.00887456
0.00895947
0.00899353
0.00902758
0.00887154
0.00864702
0.00841581
0.00816724
0.00790925
0.007644
0.00736417
0.00707131
0.00677587
0.00645646
0.00612038
0.00577074
0.00549719
0.00525167
0.00500031
0.00477392
0.00454596
0.0042898
0.00405779
0.00381816
0.0035757
0.00329147
0.00298621
0.00267999
0.00238716
0.00212682
0.00186616
0.00160782
0.00135095
0.00112414
0.000923522
0.000728066
0.000530995
0.000296786
3.58068e-05
-0.0001846
-0.000454998
-0.000693138
-0.000899172
-0.00107047
-0.00121865
-0.00136527
-0.00150913
-0.00164886
-0.00179003
-0.0019009
-0.00199631
-0.00209122
-0.00221996
-0.00241857
-0.00261961
-0.00280392
-0.0029752
-0.00315032
-0.00349517
-0.00400681
-0.00470981
-0.00486369
-0.00490005
-0.00493436
-0.00492245
-0.00489617
-0.00486968
-0.00478377
-0.00465562
-0.0045266
-0.00439374
-0.0042568
-0.00411372
-0.00396576
-0.00381173
-0.00364984
-0.00349794
-0.00334678
-0.00318865
-0.00306257
-0.00296451
-0.00286428
-0.00275425
-0.00262956
-0.00250029
-0.00237357
-0.00224846
-0.00212055
-0.00201811
-0.0019362
-0.00185429
-0.00178557
-0.00172713
-0.00166844
-0.00158343
-0.00147849
-0.0013738
-0.00125515
-0.0011173
-0.00098344
-0.00083597
-0.000680887
-0.00051343
-0.000309312
-0.000103601
9.95688e-05
0.000338102
0.000624001
0.00090441
0.00121308
0.00162722
0.0020329
0.00241549
0.00283038
0.00326861
0.00374697
0.00426091
0.0047697
0.00520919
0.0056354
0.00606466
0.0065497
0.0070863
0.00761792
0.00808835
0.0084948
0.00890453
0.00901201
0.0088982
0.0087837
0.00857102
0.00825044
0.00792495
0.00759999
0.00728338
0.00695448
0.00662873
0.00630044
0.00596737
0.00563642
0.00531258
0.00498041
0.00468263
0.00440921
0.00410395
0.00379827
0.00348544
0.00317193
0.00285677
0.00253751
0.0022342
0.00194884
0.00164428
0.00133884
0.00103933
0.000766063
0.00049525
0.000212777
-3.65454e-05
-0.000279604
-0.000521115
-0.000730666
-0.000925722
-0.00113171
-0.00134497
-0.00153247
-0.00173199
-0.00194383
-0.0021573
-0.00236799
-0.00258296
-0.00279396
-0.00300445
-0.0032093
-0.00341402
-0.00361625
-0.00381195
-0.00400624
-0.00416898
-0.00430593
-0.00444219
-0.00456623
-0.00467415
-0.0047821
-0.00486093
-0.00489753
-0.00494203
-0.0049879
-0.00500887
-0.00502986
-0.00502526
-0.00500054
-0.00497569
-0.00491309
-0.00478534
-0.0046557
-0.004522
-0.00438555
-0.00424381
-0.00410038
-0.00395097
-0.00379756
-0.00365439
-0.00352394
-0.0033889
-0.00324892
-0.00309734
-0.0029409
-0.0027718
-0.00256969
-0.00236565
-0.00221649
-0.0021751
-0.00213369
-0.00205053
-0.00188716
-0.00172346
-0.00157954
-0.00147826
-0.00137781
-0.00126834
-0.00115392
-0.00104203
-0.000901163
-0.000702305
-0.000484649
-0.000241831
2.54821e-06
0.000255505
0.00059202
0.000994944
0.00145251
0.00196199
0.00251331
0.00316637
0.00378568
0.004312
0.00483197
0.00536026
0.00594757
0.00653753
0.00713519
0.00774704
0.00835784
0.00892091
0.00939294
0.00986762
0.0103861
0.011016
0.0116432
0.0122272
0.0126967
0.0131648
0.0136593
0.014223
0.0147946
0.0152552
0.0154246
0.0155886
0.0156403
0.015488
0.0153324
0.0151067
0.0146808
0.0142384
0.0138042
0.013427
0.0130369
0.0126397
0.0122327
0.0118168
0.0113877
0.0109184
0.0103142
0.0096389
0.00897213
0.00838843
0.00779756
0.00720339
0.00660406
0.00600144
0.00539613
0.00478658
0.00420761
0.00369745
0.00318458
0.00269283
0.00228458
0.00189607
0.00155731
0.00126528
0.000973227
0.000652035
0.000289032
-5.69266e-05
-0.000402177
-0.00073044
-0.00103028
-0.00131771
-0.00155906
-0.00179242
-0.00202733
-0.00229952
-0.00256878
-0.00282531
-0.00303385
-0.00323838
-0.00344212
-0.00364088
-0.00383913
-0.00403663
-0.00422271
-0.00440666
-0.00459622
-0.00482074
-0.00504844
-0.00542415
-0.00560569
-0.0057911
-0.00603279
-0.00661388
-0.00718582
-0.00771366
-0.00812131
-0.00854579
-0.00890031
-0.00885341
-0.00880633
-0.00874571
-0.008596
-0.00844331
-0.00828834
-0.00812603
-0.00795949
-0.00778882
-0.00761252
-0.00743068
-0.00724274
-0.0070513
-0.00685327
-0.00664931
-0.00644963
-0.00625684
-0.00604726
-0.00581298
-0.00557706
-0.00534025
-0.00509875
-0.004856
-0.00461728
-0.00441762
-0.00421446
-0.00399149
-0.00372144
-0.00343552
-0.00311355
-0.00278847
-0.00246374
-0.00214635
-0.00188797
-0.00161831
-0.00133424
-0.000899346
-0.000466987
-1.63293e-05
0.000512593
0.00103369
0.00155615
0.00215966
0.0027664
0.00336045
0.00395156
0.0045981
0.00529712
0.00601112
0.00672138
0.0074246
0.0081005
0.00877681
0.00944767
0.0102069
0.0109923
0.0117706
0.0124262
0.0130808
0.0137286
0.0143604
0.0149651
0.0155578
0.0155218
0.0154858
0.0154443
0.0151115
0.0147743
0.0144268
0.0140702
0.013703
0.0133276
0.0129401
0.0125454
0.0121385
0.0117196
0.0112903
0.010845
0.0102899
0.00967903
0.00912463
0.0085921
0.00805655
0.0075188
0.0068691
0.00621135
0.00555023
0.00479412
0.00412117
0.00346574
0.00293263
0.0023935
0.00185871
0.00125394
0.000654131
5.3172e-05
-0.000554991
-0.00113722
-0.00171227
-0.00223953
-0.00272205
-0.00319669
-0.00365106
-0.00406122
-0.00446715
-0.00497814
-0.00548014
-0.00597497
-0.00635444
-0.00672139
-0.00706724
-0.00740056
-0.0077337
-0.00806431
-0.00834645
-0.00862899
-0.00900087
-0.0090221
-0.00901451
-0.00900691
-0.00886385
-0.00870413
-0.00854199
-0.00834473
-0.00813865
-0.0079246
-0.00770274
-0.00747246
-0.00723551
-0.00703507
-0.00683501
-0.00663091
-0.00642144
-0.00618731
-0.00594219
-0.00570198
-0.00546184
-0.00522052
-0.00497633
-0.00472689
-0.00445985
-0.00411445
-0.00374574
-0.0033338
-0.00289996
-0.00246708
-0.00202258
-0.00153433
-0.00104295
-0.000553201
-3.5215e-05
0.000528196
0.00107618
0.00161643
0.00220547
0.00283046
0.00343353
0.00402616
0.00461882
0.00541006
0.00624024
0.00707064
0.00780303
0.00851658
0.00922887
0.00991976
0.0106013
0.0113431
0.0118811
0.0123698
0.012859
0.0135928
0.0143693
0.0151362
0.0156886
0.0162016
0.0167084
0.0169133
0.0170513
0.0171893
0.0172154
0.0172154
0.0172154
0.0172154
0.0172154
0.0172154
0.0176684
0.0175513
0.0179398
0.0185227
0.0191618
0.0198
0.0199254
0.0199176
0.0199097
0.0196506
0.0193118
0.0189679
0.0185394
0.0180791
0.0176052
0.0171166
0.0166165
0.0161019
0.0155722
0.0149802
0.0142496
0.0134782
0.0127004
0.0119132
0.0111292
0.010372
0.00971258
0.0090617
0.00840948
0.00775656
0.00710367
0.00645056
0.00579829
0.00514441
0.00448385
0.00384397
0.00326633
0.00269799
0.00213367
0.00148773
0.00081664
0.000203469
-0.000299363
-0.000772327
-0.00124009
-0.00176844
-0.00227262
-0.00274839
-0.00322333
-0.00368196
-0.00409072
-0.00444567
-0.00477202
-0.00508995
-0.00549318
-0.00593076
-0.00636669
-0.00675278
-0.00711131
-0.00744649
-0.00778043
-0.00811185
-0.00844581
-0.00874238
-0.00905495
-0.00967561
-0.0103566
-0.0109838
-0.0116042
-0.0122348
-0.0129648
-0.0152011
-0.0161181
-0.0168774
-0.0175991
-0.0176858
-0.0176142
-0.0175425
-0.0173736
-0.0171486
-0.01692
-0.0166772
-0.0164235
-0.016162
-0.0159062
-0.0156461
-0.0153818
-0.0151076
-0.0148238
-0.0145347
-0.0142448
-0.0139551
-0.0136662
-0.0133923
-0.0131361
-0.0128701
-0.0125722
-0.0122729
-0.0119588
-0.0115493
-0.0110715
-0.0105898
-0.0101688
-0.00978638
-0.00938775
-0.00887841
-0.00830451
-0.00770453
-0.00715087
-0.00663696
-0.0061096
-0.00557111
-0.00503515
-0.00447736
-0.00389459
-0.00330912
-0.00272413
-0.00208863
-0.00140706
-0.000721049
-2.68135e-05
0.000670916
0.0013662
0.00211234
0.00289675
0.00368171
0.00446521
0.00524844
0.00602679
0.00680322
0.00757593
0.00834321
0.00902802
0.00966343
0.010364
0.0110866
0.0118041
0.012521
0.0133284
0.0142112
0.0150926
0.0158093
0.0163824
0.0169365
0.0173564
0.0176454
0.0178999
0.0181794
0.0184967
0.018814
0.0189788
0.0190062
0.0190337
0.0189089
0.0186483
0.018385
0.0180846
0.0177517
0.0174113
0.0169998
0.0165145
0.0160185
0.0155089
0.0149881
0.0144588
0.0138304
0.0131075
0.0123306
0.011529
0.0108454
0.0101804
0.0095218
0.00886419
0.00820481
0.00754255
0.00687793
0.00621238
0.00553386
0.00485208
0.00417452
0.00350286
0.00284685
0.00224641
0.00165254
0.00106019
0.000468367
-0.000169079
-0.000882815
-0.00160085
-0.00231167
-0.00301877
-0.00372967
-0.00441586
-0.00505862
-0.00569742
-0.00632096
-0.00693106
-0.00754106
-0.00808794
-0.00856275
-0.00903751
-0.00963241
-0.0103651
-0.0111065
-0.0118465
-0.0125784
-0.0132512
-0.0138718
-0.0144457
-0.0150183
-0.0154859
-0.0158108
-0.0161357
-0.0166092
-0.0172945
-0.0185536
-0.019333
-0.0192794
-0.0192252
-0.0191924
-0.0191924
-0.0191924
-0.0190963
-0.0188523
-0.018603
-0.0183248
-0.0180021
-0.0176735
-0.0173323
-0.016977
-0.0166137
-0.0162384
-0.0158603
-0.0154927
-0.0151597
-0.0148886
-0.0145958
-0.0141491
-0.0134951
-0.0128263
-0.0123987
-0.0123987
-0.0123987
-0.0121259
-0.011362
-0.0105875
-0.00971887
-0.00863188
-0.00742428
-0.00632352
-0.00540058
-0.0044939
-0.00353038
-0.00241408
-0.00122059
-9.78452e-05
0.000859553
0.00183398
0.00295099
0.00413872
0.00532424
0.00669328
0.00842393
0.0101212
0.0117174
0.0131469
0.0144337
0.0149771
0.0151028
0.0152521
0.0155773
0.0161076
0.0165809
0.0170338
0.0174906
0.0180734
0.0187232
0.0195321
0.020341
0.0210547
0.0183412
0.0184163
0.0184809
0.0185103
0.0185396
0.0185407
0.0182152
0.0178286
0.0174283
0.0170011
0.0165681
0.01604
0.0152546
0.0143974
0.0135464
0.0127879
0.0120255
0.00911886
0.00645742
0.00484685
0.00326084
0.00177859
0.000351092
-0.00555039
-0.00836058
-0.0119062
-0.0151037
-0.0180113
-0.0213441
-0.025141
-0.0285182
-0.0319172
-0.0352256
-0.0381951
-0.0411709
-0.0440674
-0.0466302
-0.0491968
-0.0517694
-0.0543536
-0.0569403
-0.0594259
-0.0615325
-0.0636402
-0.0658865
-0.0710055
-0.0754165
-0.0781287
-0.0805968
-0.0830657
-0.0854665
-0.0875887
-0.0897112
-0.0915168
-0.0919851
-0.0924534
-0.0930609
-0.0942764
-0.0954921
-0.0966506
-0.0975498
-0.0984491
-0.0989751
-0.0985075
-0.098028
-0.0975432
-0.0970573
-0.0965671
-0.0960454
-0.0953665
-0.09469
-0.0939152
-0.0929432
-0.0919876
-0.0911503
-0.0906158
-0.0900891
-0.089567
-0.0889946
-0.0884296
-0.0878603
-0.087251
-0.0867077
-0.0862407
-0.0857918
-0.0853573
-0.0849353
-0.0845211
-0.0841318
-0.083771
-0.0833899
-0.0830262
-0.0826755
-0.082334
-0.0820017
-0.0816814
-0.0813997
-0.0811225
-0.0808378
-0.0804645
-0.0800963
-0.0797463
-0.079521
-0.0792968
-0.0790726
-0.0788433
-0.078629
-0.0784341
-0.0782418
-0.07805
-0.0778587
-0.077667
-0.0774756
-0.0772868
-0.0771252
-0.0769636
-0.0768082
-0.0767279
-0.0766476
-0.0765546
-0.0751039
-0.0748485
-0.0746024
-0.0744934
-0.0743843
-0.0742766
-0.0741925
-0.0741084
-0.0740228
-0.0739145
-0.0738061
-0.0736981
-0.0735994
-0.0735005
-0.0734001
-0.0732654
-0.072805
-0.0726711
-0.072626
-0.0724251
-0.0723849
-0.0727336
-0.0730884
-0.0734495
-0.0738949
-0.0743458
-0.0748006
-0.075278
-0.0757577
-0.0762373
-0.0767128
-0.0772007
-0.0777593
-0.0782384
-0.078721
-0.0792061
-0.0796949
-0.0801859
-0.080697
