-2.40089
-4.79788
-7.19084
-9.57962
-11.9641
-14.3441
-16.7194
-19.0899
-21.4554
-23.8157
-16.7591
-18.0168
-19.2745
-20.5322
-24.9562
-28.9907
-32.9372
-38.5313
-43.9484
-49.6392
-51.9005
-54.0996
-56.2446
-57.4276
-58.5757
-59.7577
-61.1172
-62.4511
-63.6681
-65.3395
-66.9836
-68.6276
-70.5094
-72.2379
-73.8467
-75.7825
-77.6171
-79.3917
-79.4528
-79.4062
-79.3596
-75.8788
-72.2167
-68.4297
-64.4956
-60.3687
-56.2829
-52.3202
-48.2884
-44.1618
-40.4389
-36.7018
-33.1046
-29.6
-26.238
-22.8761
-19.158
-15.4081
-11.663
-8.56022
-5.53997
-2.60193
0
0
0
0
0
0
0
0
0
0
0
0
0
0
0
0
0
0
0
0
0
0
0
0
0
0
0
0
0
0
0
0
0
0
0
0
0
0
0
0
0
0
0
0
0
0
0
0
0
0
0
0
0
0
0
0
-0.639453
-3.95774
-7.72498
-11.4922
-15.0873
-18.9049
-22.6143
-25.7354
-28.5105
-31.218
-34.0494
-36.8574
-39.5046
-43.6952
-48.4131
-52.8353
-56.3459
-59.6215
-62.9559
-67.3391
-71.9807
-76.5163
-80.3559
-82.9576
-85.5221
-87.905
-90.1859
-92.5298
-95.4888
-97.297
-97.4492
-97.6918
-97.6977
-19.54
-19.54
-19.54
-19.54
-19.54
-19.54
-19.54
-19.54
-19.54
-19.54
-19.2361
-18.7989
-18.3487
-17.8647
-17.3624
-16.8459
-16.3011
-15.7309
-15.1558
-14.5398
-13.895
-13.2246
-12.7005
-12.2303
-11.7486
-11.3036
-10.8331
-10.3406
-9.89499
-9.45815
-9.01957
-8.50649
-7.9565
-7.40575
-6.84925
-6.26765
-5.68598
-5.11075
-4.54001
-3.96022
-3.40459
-2.85983
-2.31495
-1.54826
-0.668773
0
0
0
0
0
0
0
0
0
0
0
0
0
0
0
0
0
0
0
0
0
0
0
0
0
0
0
0
0
0
0
0
0
0
0
0
0
0
0
0
0
0
0
0
0
0
0
0
0
0
0
0
0
0
0
0
0
0
0
0
0
0
0
0
0
-0.749853
-1.5062
-2.32588
-3.20458
-4.06644
-4.99406
-6.02395
-7.0324
-7.98236
-8.87691
-9.75682
-10.719
-11.7681
-12.8065
-13.6812
-14.3716
-15.057
-15.831
-16.6867
-17.534
-18.2846
-18.9336
-19.54
-19.54
-19.3217
-19.1021
-18.6941
-18.0792
-17.4548
-16.8315
-16.2242
-15.5933
-14.9685
-14.3388
-13.6999
-13.0651
-12.4439
-11.8068
-11.2328
-10.6945
-10.1097
-9.53372
-8.9671
-8.39975
-7.82988
-7.25309
-6.66512
-6.0249
-5.33954
-4.6525
-3.9382
-3.19201
-2.44206
-1.65488
-0.838922
-0.0314569
0
0
0
0
0
0
0
0
0
0
0
0
0
0
0
0
0
0
0
0
0
0
0
0
0
0
0
0
0
0
0
0
0
0
0
0
0
0
0
0
0
0
0
0
0
0
0
0
0
0
0
0
0
0
0
0
0
0
0
0
0
0
0
0
0
0
-0.432483
-1.32258
-2.20529
-3.21291
-4.41643
-5.61553
-6.86159
-8.20309
-9.5188
-10.7416
-11.7801
-12.8107
-13.8174
-14.7437
-15.6697
-16.6071
-17.566
-18.5225
-19.4036
-19.54
-19.54
-19.54
-19.54
-19.54
-19.54
-19.54
-19.54
-19.54
-19.54
-19.54
-19.54
-19.54
-19.54
-19.54
-19.3764
-19.2095
-18.9672
-18.51
-18.0351
-17.575
-17.1757
-16.7627
-16.3423
-15.9117
-15.4718
-15.0179
-14.5518
-14.084
-13.6171
-13.1431
-12.5928
-12.0375
-11.4807
-10.9205
-10.3588
-9.79595
-9.2351
-8.61906
-7.9705
-7.30732
-6.66561
-6.11713
-5.53014
-4.94827
-4.43478
-3.92128
-3.37003
-2.6486
-1.87183
-1.08604
-0.270678
0
0
0
0
0
0
0
0
0
0
0
0
0
0
0
0
0
0
0
0
0
0
0
0
0
0
0
0
0
0
0
0
0
0
0
0
0
0
0
0
0
0
0
0
0
0
0
0
0
0
0
0
0
0
0
0
0
0
0
0
0
0
0
0
0
-0.546748
-1.50413
-2.45812
-3.40087
-4.31647
-5.22183
-6.13414
-6.97321
-7.78586
-8.59568
-9.37234
-10.1304
-10.9042
-11.6735
-12.4346
-13.1658
-13.897
-14.6219
-15.3162
-16.0012
-16.6904
-17.2702
-17.8487
-18.4332
-19.0253
-19.54
-19.54
-19.5032
-19.4665
-19.4241
-19.0841
-18.7397
-18.3847
-18.0205
-17.6455
-17.262
-16.8662
-16.4631
-16.0474
-15.6195
-15.181
-14.7322
-14.2953
-13.8457
-13.3439
-12.859
-12.3724
-11.8847
-11.3056
-10.7308
-10.1548
-9.47283
-8.67913
-7.85184
-7.17413
-6.47266
-5.7496
-4.76761
-3.7756
-2.71725
-1.50774
-0.304312
0
0
0
0
0
0
0
0
0
0
0
0
0
0
0
0
0
0
0
0
0
0
0
0
0
0
0
0
0
0
0
0
0
0
0
0
0
0
0
0
0
0
0
0
0
0
0
0
0
0
-0.584297
-1.59596
-2.61596
-3.63143
-4.54526
-5.43623
-6.31126
-7.1544
-7.92719
-8.69585
-9.46601
-10.3119
-11.1657
-12.0191
-12.7712
-13.5035
-14.234
-14.9423
-15.6406
-16.301
-16.7346
-17.1278
-17.5212
-18.1111
-18.754
-19.4122
-19.54
-19.54
-19.54
-19.54
-19.54
-19.54
-19.54
-19.54
-19.54
-19.54
-19.54
-19.54
-19.54
-19.54
-19.54
-19.54
-19.54
-19.54
-19.54
-19.5338
-19.5276
-19.3232
-19.0559
-18.7846
-18.4465
-18.0844
-17.7119
-17.3277
-16.9346
-16.5301
-16.1142
-15.701
-15.2985
-14.9081
-14.523
-14.1421
-13.7126
-13.2482
-12.6994
-12.1427
-11.5855
-11.0282
-10.4713
-9.9111
-9.33513
-8.75795
-8.18305
-7.57703
-6.948
-6.31781
-5.68735
-4.9658
-4.15798
-3.34649
-2.63287
-1.95879
-1.28641
-0.526009
0
0
0
0
0
0
0
0
0
0
0
0
0
0
0
0
0
0
0
0
0
0
0
0
0
0
0
0
0
0
0
0
0
0
0
0
0
0
0
0
0
0
0
0
0
0
0
0
0
0
0
0
0
0
0
0
0
0
0
0
0
0
0
0
0
0
0
0
-0.103339
-0.77642
-1.45009
-2.21905
-3.04812
-3.87707
-4.65938
-5.41541
-6.16656
-6.90147
-7.62446
-8.32316
-9.00391
-9.68416
-10.3459
-10.9986
-11.648
-12.3011
-12.9144
-13.4739
-13.9932
-14.4937
-14.9908
-15.4872
-16.0461
-16.6568
-17.2661
-17.7614
-18.1778
-18.6321
-18.9938
-19.323
-19.54
-19.54
-19.54
-19.54
-19.54
-19.54
-19.54
-19.4475
-19.2543
-19.0591
-18.8365
-18.5897
-18.3374
-18.0323
-17.6726
-17.305
-16.9272
-16.5412
-16.1488
-15.7592
-15.3766
-15.0181
-14.6782
-14.2254
-13.7312
-13.2163
-12.7033
-12.1906
-11.6785
-11.1653
-10.6519
-10.146
-9.63977
-9.12228
-8.59552
-8.043
-7.46566
-6.88548
-6.30502
-5.72452
-5.06247
-4.34391
-3.62938
-2.91435
-2.20001
-1.48999
-0.774408
-0.0453416
0
0
0
0
0
0
0
0
0
0
0
0
0
0
0
0
0
0
0
0
0
0
0
0
0
0
0
0
0
0
0
0
0
0
0
0
0
0
0
0
0
0
0
0
0
0
0
0
0
0
0
0
0
0
0
-0.0202435
-1.02269
-2.06695
-3.23415
-4.58536
-5.80001
-6.92786
-7.88595
-8.79849
-9.66298
-10.5623
-11.4593
-12.4945
-13.9085
-15.2979
-16.6041
-17.8932
-19.4138
-19.54
-19.54
-19.54
-19.54
-19.54
-19.54
-19.54
-19.54
-19.54
-19.54
-19.54
-19.54
-19.54
-19.54
-19.54
-19.54
-19.54
-19.54
-19.54
-19.3783
-19.1863
-18.9875
-18.7753
-18.5601
-18.3405
-18.1165
-17.9075
-17.7184
-17.5604
-17.4039
-17.5434
-17.6989
-17.545
-17.3975
-17.2601
-17.1009
-17.1756
-16.9364
-16.9053
-16.6671
-15.977
-15.437
-15.1387
-14.9141
-14.6983
-14.4938
-14.314
-14.1366
-13.9759
-13.8481
-13.7218
-13.5967
-13.4723
-13.3488
-13.2311
-13.1319
-13.0332
-12.9284
-12.6912
-12.4883
-12.3641
-12.2514
-12.1389
-12.0298
-11.9335
-11.8374
-11.7558
-11.7346
-11.7134
-11.686
-11.6312
-11.5763
-11.5241
-11.4837
-11.4432
-11.4195
-11.6358
-11.8577
-12.0824
-12.3077
-12.535
-12.7769
-13.0917
-13.4054
-13.7648
-14.3453
-14.9554
-15.5685
-16.0221
-16.4798
-16.954
-17.4857
-18.0212
-18.5722
-19.2075
-19.54
-19.54
-19.54
-19.54
-19.54
-19.54
-19.54
-19.54
-19.54
-19.54
-19.54
-19.54
-19.54
-19.54
-19.54
-19.54
-19.54
-19.54
-19.54
-19.54
-19.54
-19.54
-19.54
-19.54
-19.54
-19.54
-19.54
-19.54
-19.54
-19.54
-19.54
-19.54
-19.54
-19.54
-19.54
-19.54
-19.54
-19.54
-19.54
-19.54
-19.54
-19.54
-19.54
-19.54
-19.54
-19.54
-19.54
-19.54
-19.54
-19.54
-19.54
-19.54
-19.54
-19.54
-19.54
-19.54
-19.54
-19.54
-19.54
-19.4897
-19.4385
-19.3863
-19.3221
-19.257
-19.1913
-19.1224
-19.0532
-18.984
-18.9153
-18.8442
-18.7626
-18.6924
-18.6226
-18.553
-18.4833
-18.4137
-18.3466
