0.1 0 0 0 0 0 0 1.60742e-05 1.60595e-05 1.60631e-05 1.60742e-05 1.60595e-05 1.60631e-05 4.38708e-05 4.39278e-05 4.38706e-05 4.38708e-05 4.39278e-05 4.38706e-05 6.38539e-05 6.39343e-05 6.38684e-05 6.38539e-05 6.39343e-05 6.38684e-05 7.32178e-05 7.32943e-05 7.32578e-05 7.32178e-05 7.32943e-05 7.32578e-05
0.2 0 0 0 0 0 0 3.22284e-05 3.2199e-05 3.22061e-05 3.22284e-05 3.2199e-05 3.22061e-05 8.79465e-05 8.80607e-05 8.7946e-05 8.79465e-05 8.80607e-05 8.7946e-05 0.000128001 0.000128162 0.000128029 0.000128001 0.000128162 0.000128029 0.000146772 0.000146925 0.000146852 0.000146772 0.000146925 0.000146852
0.3 0 0 0 0 0 0 4.84633e-05 4.8419e-05 4.84296e-05 4.84633e-05 4.8419e-05 4.84296e-05 0.000132228 0.0001324 0.000132227 0.000132228 0.0001324 0.000132227 0.000192442 0.000192684 0.000192484 0.000192442 0.000192684 0.000192484 0.000220665 0.000220895 0.000220784 0.000220665 0.000220895 0.000220784
0.4 0 0 0 0 0 0 6.47794e-05 6.47202e-05 6.47342e-05 6.47794e-05 6.47202e-05 6.47342e-05 0.000176718 0.000176947 0.000176716 0.000176718 0.000176947 0.000176716 0.00025718 0.000257502 0.000257236 0.00025718 0.000257502 0.000257236 0.000294898 0.000295205 0.000295057 0.000294898 0.000295205 0.000295057
0.5 0 0 0 0 0 0 8.11772e-05 8.1103e-05 8.11203e-05 8.11772e-05 8.1103e-05 8.11203e-05 0.000221417 0.000221703 0.000221414 0.000221417 0.000221703 0.000221414 0.000322216 0.00032262 0.000322286 0.000322216 0.00032262 0.000322286 0.000369475 0.000369859 0.000369673 0.000369475 0.000369859 0.000369673
0.6 0 0 0 0 0 0 9.76572e-05 9.7568e-05 9.75885e-05 9.76572e-05 9.7568e-05 9.75885e-05 0.000266325 0.00026667 0.000266321 0.000266325 0.00026667 0.000266321 0.000387552 0.000388038 0.000387635 0.000387552 0.000388038 0.000387635 0.000444397 0.000444858 0.000444634 0.000444397 0.000444858 0.000444634
0.7 0 0 0 0 0 0 0.00011422 0.000114116 0.000114139 0.00011422 0.000114116 0.000114139 0.000311446 0.000311849 0.00031144 0.000311446 0.000311849 0.00031144 0.000453191 0.000453758 0.000453287 0.000453191 0.000453758 0.000453287 0.000519666 0.000520205 0.000519942 0.000519666 0.000520205 0.000519942
0.8 0 0 0 0 0 0 0.000130866 0.000130747 0.000130774 0.000130866 0.000130747 0.000130774 0.00035678 0.000357241 0.000356772 0.00035678 0.000357241 0.000356772 0.000519134 0.000519783 0.000519243 0.000519134 0.000519783 0.000519243 0.000595284 0.000595902 0.000595599 0.000595284 0.000595902 0.000595599
0.9 0 0 0 0 0 0 0.000147597 0.000147462 0.000147492 0.000147597 0.000147462 0.000147492 0.000402328 0.000402847 0.000402318 0.000402328 0.000402847 0.000402318 0.000585383 0.000586115 0.000585504 0.000585383 0.000586115 0.000585504 0.000671255 0.00067195 0.000671609 0.000671255 0.00067195 0.000671609
1 0 0 0 0 0 0 0.000164411 0.000164261 0.000164294 0.000164411 0.000164261 0.000164294 0.000448092 0.00044867 0.00044808 0.000448092 0.00044867 0.00044808 0.00065194 0.000652754 0.000652074 0.00065194 0.000652754 0.000652074 0.00074758 0.000748353 0.000747972 0.00074758 0.000748353 0.000747972
0.005 0 0 0 0 0 0 0.000179201 0.000179099 0.000179083 0.000179201 0.000179099 0.000179083 0.000463128 0.000463702 0.000463116 0.000463128 0.000463702 0.000463116 0.00066692 0.000667736 0.000667054 0.00066692 0.000667736 0.000667054 0.000762569 0.000763342 0.000762961 0.000762569 0.000763342 0.000762961
0.01 0 0 0 0 0 0 0.000241474 0.000241637 0.000241353 0.000241474 0.000241637 0.000241353 0.000527131 0.000527695 0.000527118 0.000527131 0.000527695 0.000527118 0.000730545 0.00073137 0.000730679 0.000730545 0.00073137 0.000730679 0.00082625 0.000827024 0.000826642 0.00082625 0.000827024 0.000826642
0.015 0 0 0 0 0 0 0.000412979 0.000413971 0.000412847 0.000412979 0.000413971 0.000412847 0.000705471 0.000706042 0.000705453 0.000705471 0.000706042 0.000705453 0.000907438 0.000908295 0.00090757 0.000907438 0.000908295 0.00090757 0.00100335 0.00100413 0.00100374 0.00100335 0.00100413 0.00100374
0.02 0 0 0 0 0 0 0.000817036 0.000820069 0.000816874 0.000817036 0.000820069 0.000816874 0.00113018 0.00113084 0.00113015 0.00113018 0.00113084 0.00113015 0.0013279 0.00132886 0.00132803 0.0013279 0.00132886 0.00132803 0.00142437 0.00142518 0.00142476 0.00142437 0.00142518 0.00142476
0.025 0 0 0 0 0 0 0.00157876 0.00158593 0.00157853 0.00157876 0.00158593 0.00157853 0.00194347 0.00194446 0.00194342 0.00194347 0.00194446 0.00194342 0.00213099 0.00213216 0.00213111 0.00213099 0.00213216 0.00213111 0.00222867 0.00222956 0.00222905 0.00222867 0.00222956 0.00222905
0.03 0 0 0 0 0 0 0.0027553 0.0027693 0.00275496 0.0027553 0.0027693 0.00275496 0.00322971 0.00323154 0.0032296 0.00322971 0.00323154 0.0032296 0.00339654 0.00339812 0.00339662 0.00339654 0.00339812 0.00339662 0.00349635 0.00349743 0.00349672 0.00349635 0.00349743 0.00349672
0.035 0 0 0 0 0 0 0.00437345 0.00439702 0.00437295 0.00437345 0.00439702 0.00437295 0.00505276 0.00505623 0.00505257 0.00505276 0.00505623 0.00505257 0.00518327 0.00518553 0.00518331 0.00518327 0.00518553 0.00518331 0.00528608 0.00528755 0.00528642 0.00528608 0.00528755 0.00528642
0.04 0 0 0 0 0 0 0.0064675 0.00650317 0.00646678 0.0064675 0.00650317 0.00646678 0.00749306 0.00749914 0.00749274 0.00749306 0.00749914 0.00749274 0.007567 0.00757021 0.00756697 0.007567 0.00757021 0.00756697 0.00767293 0.00767504 0.00767321 0.00767293 0.00767504 0.00767321
0.045 0 0 0 0 0 0 0.00901345 0.00906346 0.00901247 0.00901345 0.00906346 0.00901247 0.0105797 0.0105895 0.0105792 0.0105797 0.0105895 0.0105792 0.0105742 0.0105786 0.0105741 0.0105742 0.0105786 0.0105741 0.0106816 0.0106847 0.0106818 0.0106816 0.0106847 0.0106818
0.05 0 0 0 0 0 0 0.011866 0.0119317 0.0118647 0.011866 0.0119317 0.0118647 0.0142218 0.0142368 0.0142212 0.0142218 0.0142368 0.0142212 0.014116 0.0141217 0.0141157 0.014116 0.0141217 0.0141157 0.01422 0.0142242 0.0142201 0.01422 0.0142242 0.0142201
0.055 0 0 0 0 0 0 0.0148221 0.0149034 0.0148205 0.0148221 0.0149034 0.0148205 0.0182648 0.0182865 0.0182639 0.0182648 0.0182865 0.0182639 0.018046 0.0180531 0.0180456 0.018046 0.0180531 0.0180456 0.0181368 0.0181423 0.0181368 0.0181368 0.0181423 0.0181368
0.06 0 0 0 0 0 0 0.0176848 0.0177797 0.0176829 0.0176848 0.0177797 0.0176829 0.0225458 0.0225757 0.0225446 0.0225458 0.0225757 0.0225446 0.0222188 0.0222274 0.0222182 0.0222188 0.0222274 0.0222182 0.0222798 0.0222868 0.0222797 0.0222798 0.0222868 0.0222797
0.065 0 0 0 0 0 0 0.0203099 0.0204151 0.0203077 0.0203099 0.0204151 0.0203077 0.0269348 0.0269742 0.0269334 0.0269348 0.0269742 0.0269334 0.0265316 0.0265417 0.0265309 0.0265316 0.0265417 0.0265309 0.026538 0.0265463 0.0265377 0.026538 0.0265463 0.0265377
0.07 0 0 0 0 0 0 0.0226503 0.0227621 0.022648 0.0226503 0.0227621 0.022648 0.0313766 0.0314263 0.0313749 0.0313766 0.0314263 0.0313749 0.0309654 0.0309772 0.0309646 0.0309654 0.0309772 0.0309646 0.0308836 0.0308932 0.0308833 0.0308836 0.0308932 0.0308833
0.075 0 0 0 0 0 0 0.0247316 0.0248465 0.0247291 0.0247316 0.0248465 0.0247291 0.0358672 0.0359279 0.0358653 0.0358672 0.0359279 0.0358653 0.0355597 0.0355733 0.0355586 0.0355597 0.0355733 0.0355586 0.035348 0.0353587 0.0353476 0.035348 0.0353587 0.0353476
0.08 0 0 0 0 0 0 0.0266245 0.0267398 0.0266219 0.0266245 0.0267398 0.0266219 0.0404313 0.0405033 0.0404291 0.0404313 0.0405033 0.0404291 0.0403854 0.0404017 0.0403843 0.0403854 0.0404017 0.0403843 0.0399968 0.0400082 0.0399963 0.0399968 0.0400082 0.0399963
0.085 0 0 0 0 0 0 0.0284116 0.0285258 0.0284089 0.0284116 0.0285258 0.0284089 0.0450945 0.0451781 0.0450921 0.0450945 0.0451781 0.0450921 0.0455143 0.0455343 0.045513 0.0455143 0.0455343 0.045513 0.0449 0.044912 0.0448994 0.0449 0.044912 0.0448994
0.09 0 0 0 0 0 0 0.030154 0.0302661 0.0301512 0.030154 0.0302661 0.0301512 0.0498566 0.0499515 0.049854 0.0498566 0.0499515 0.049854 0.0509869 0.051012 0.0509855 0.0509869 0.051012 0.0509855 0.0501021 0.0501148 0.0501014 0.0501021 0.0501148 0.0501014
0.095 0 0 0 0 0 0 0.0318907 0.0320005 0.0318877 0.0318907 0.0320005 0.0318877 0.0546963 0.054802 0.0546934 0.0546963 0.054802 0.0546934 0.0568141 0.056846 0.0568124 0.0568141 0.056846 0.0568124 0.0556249 0.0556383 0.055624 0.0556249 0.0556383 0.055624
0.1 0 0 0 0 0 0 0.0336387 0.0337463 0.0336357 0.0336387 0.0337463 0.0336357 0.0595756 0