0.1 0 0 0 0 0 0 -0.000232802 -0.000232802 -0.000232802 -0.000232802 -0.000232802 -0.000232802 -0.000824184 -0.000824184 -0.000824184 -0.000824184 -0.000824184 -0.000824184 -0.00166795 -0.00166795 -0.00166795 -0.00166795 -0.00166795 -0.00166795 -0.00257482 -0.00257482 -0.00257482 -0.00257482 -0.00257482 -0.00257482
0.2 0 0 0 0 0 0 -0.00046681 -0.00046681 -0.00046681 -0.00046681 -0.00046681 -0.00046681 -0.0016521 -0.0016521 -0.0016521 -0.0016521 -0.0016521 -0.0016521 -0.00334247 -0.00334247 -0.00334247 -0.00334247 -0.00334247 -0.00334247 -0.0051583 -0.0051583 -0.0051583 -0.0051583 -0.0051583 -0.0051583
0.3 0 0 0 0 0 0 -0.000702034 -0.000702034 -0.000702034 -0.000702033 -0.000702033 -0.000702033 -0.00248378 -0.00248378 -0.00248378 -0.00248378 -0.00248378 -0.00248378 -0.00502361 -0.00502361 -0.00502361 -0.00502361 -0.00502361 -0.00502361 -0.00775049 -0.00775049 -0.00775049 -0.00775049 -0.00775049 -0.00775049
0.4 0 0 0 0 0 0 -0.000938481 -0.000938481 -0.000938481 -0.00093848 -0.00093848 -0.00093848 -0.00331923 -0.00331923 -0.00331923 -0.00331923 -0.00331923 -0.00331923 -0.00671138 -0.00671138 -0.00671138 -0.00671138 -0.00671138 -0.00671138 -0.0103514 -0.0103514 -0.0103514 -0.0103514 -0.0103514 -0.0103514
0.5 0 0 0 0 0 0 -0.00117616 -0.00117616 -0.00117616 -0.00117616 -0.00117616 -0.00117616 -0.00415849 -0.00415849 -0.00415849 -0.00415849 -0.00415849 -0.00415849 -0.00840584 -0.00840584 -0.00840584 -0.00840584 -0.00840584 -0.00840584 -0.0129612 -0.0129612 -0.0129612 -0.0129612 -0.0129612 -0.0129612
0.6 0 0 0 0 0 0 -0.00141508 -0.00141508 -0.00141508 -0.00141508 -0.00141508 -0.00141508 -0.00500157 -0.00500157 -0.00500157 -0.00500157 -0.00500157 -0.00500157 -0.010107 -0.010107 -0.010107 -0.010107 -0.010107 -0.010107 -0.0155798 -0.0155798 -0.0155798 -0.0155798 -0.0155798 -0.0155798
0.7 0 0 0 0 0 0 -0.00165525 -0.00165525 -0.00165525 -0.00165524 -0.00165524 -0.00165524 -0.00584851 -0.00584851 -0.00584851 -0.00584851 -0.00584851 -0.00584851 -0.011815 -0.011815 -0.011815 -0.011815 -0.011815 -0.011815 -0.0182072 -0.0182072 -0.0182072 -0.0182072 -0.0182072 -0.0182072
0.8 0 0 0 0 0 0 -0.00189667 -0.00189667 -0.00189667 -0.00189667 -0.00189667 -0.00189667 -0.00669932 -0.00669932 -0.00669932 -0.00669932 -0.00669932 -0.00669932 -0.0135297 -0.0135297 -0.0135297 -0.0135297 -0.0135297 -0.0135297 -0.0208437 -0.0208437 -0.0208437 -0.0208437 -0.0208437 -0.0208437
0.9 0 0 0 0 0 0 -0.00213936 -0.00213936 -0.00213936 -0.00213936 -0.00213936 -0.00213936 -0.00755403 -0.00755403 -0.00755403 -0.00755403 -0.00755403 -0.00755403 -0.0152513 -0.0152513 -0.0152513 -0.0152513 -0.0152513 -0.0152513 -0.0234891 -0.0234891 -0.0234891 -0.0234891 -0.0234891 -0.0234891
1 0 0 0 0 0 0 -0.00238333 -0.00238333 -0.00238333 -0.00238332 -0.00238332 -0.00238332 -0.00841267 -0.00841267 -0.00841267 -0.00841266 -0.00841266 -0.00841266 -0.0169797 -0.0169797 -0.0169797 -0.0169797 -0.0169797 -0.0169797 -0.0261435 -0.0261435 -0.0261435 -0.0261435 -0.0261435 -0.0261435
0.005 0 0 0 0 0 0 -0.00242067 -0.00242067 -0.00242067 -0.00242066 -0.00242066 -0.00242066 -0.00845056 -0.00845056 -0.00845056 -0.00845055 -0.00845055 -0.00845055 -0.0170175 -0.0170175 -0.0170175 -0.0170175 -0.0170175 -0.0170175 -0.0261813 -0.0261813 -0.0261813 -0.0261813 -0.0261813 -0.0261813
0.01 0 0 0 0 0 0 -0.00258869 -0.00258869 -0.00258869 -0.00258868 -0.00258868 -0.00258868 -0.0086227 -0.0086227 -0.0086227 -0.0086227 -0.0086227 -0.0086227 -0.0171887 -0.0171887 -0.0171887 -0.0171887 -0.0171887 -0.0171887 -0.0263527 -0.0263527 -0.0263527 -0.0263527 -0.0263527 -0.0263527
0.015 0 0 0 0 0 0 -0.00293223 -0.00293223 -0.00293223 -0.00293222 -0.00293222 -0.00293222 -0.00898136 -0.00898136 -0.00898136 -0.00898136 -0.00898136 -0.00898136 -0.0175443 -0.0175443 -0.0175443 -0.0175443 -0.0175443 -0.0175443 -0.0267086 -0.0267086 -0.0267086 -0.0267087 -0.0267087 -0.0267087
0.02 0 0 0 0 0 0 -0.00338034 -0.00338034 -0.00338034 -0.00338034 -0.00338034 -0.00338034 -0.0094667 -0.0094667 -0.0094667 -0.00946669 -0.00946669 -0.00946669 -0.0180227 -0.0180227 -0.0180227 -0.0180227 -0.0180227 -0.0180227 -0.0271878 -0.0271878 -0.0271878 -0.0271878 -0.0271878 -0.0271878
0.025 0 0 0 0 0 0 -0.00377668 -0.00377668 -0.00377668 -0.00377667 -0.00377667 -0.00377667 -0.00993313 -0.00993313 -0.00993313 -0.00993312 -0.00993312 -0.00993312 -0.0184773 -0.0184773 -0.0184773 -0.0184773 -0.0184773 -0.0184773 -0.0276433 -0.0276433 -0.0276433 -0.0276433 -0.0276433 -0.0276433
0.03 0 0 0 0 0 0 -0.00389435 -0.00389435 -0.00389435 -0.00389434 -0.00389434 -0.00389434 -0.0101578 -0.0101578 -0.0101578 -0.0101578 -0.0101578 -0.0101578 -0.0186867 -0.0186867 -0.0186867 -0.0186867 -0.0186867 -0.0186867 -0.0278533 -0.0278533 -0.0278533 -0.0278533 -0.0278533 -0.0278533
0.035 0 0 0 0 0 0 -0.00349169 -0.00349169 -0.00349169 -0.00349167 -0.00349167 -0.00349167 -0.00988929 -0.00988929 -0.00988929 -0.00988926 -0.00988926 -0.00988926 -0.0184045 -0.0184045 -0.0184045 -0.0184045 -0.0184045 -0.0184045 -0.02757 -0.02757 -0.02757 -0.02757 -0.02757 -0.02757
0.04 0 0 0 0 0 0 -0.00236728 -0.00236728 -0.00236728 -0.00236725 -0.00236725 -0.00236725 -0.00889614 -0.00889614 -0.00889614 -0.0088961 -0.0088961 -0.0088961 -0.017409 -0.017409 -0.017409 -0.017409 -0.017409 -0.017409 -0.0265699 -0.0265699 -0.0265699 -0.0265699 -0.0265699 -0.0265699
0.045 0 0 0 0 0 0 -0.000388177 -0.000388177 -0.000388177 -0.000388133 -0.000388133 -0.000388133 -0.00699232 -0.00699232 -0.00699232 -0.00699225 -0.00699225 -0.00699225 -0.0155272 -0.0155272 -0.0155272 -0.0155272 -0.0155272 -0.0155272 -0.0246782 -0.0246782 -0.0246782 -0.0246782 -0.0246782 -0.0246782
0.05 0 0 0 0 0 0 0.00248452 0.00248452 0.00248452 0.00248458 0.00248458 0.00248458 -0.00406305 -0.00406305 -0.00406305 -0.00406296 -0.00406296 -0.00406296 -0.0126597 -0.0126597 -0.0126597 -0.0126596 -0.0126596 -0.0126596 -0.0217942 -0.0217942 -0.0217942 -0.0217942 -0.0217942 -0.0217942
0.055 0 0 0 0 0 0 0.00611719 0.00611719 0.00611719 0.00611727 0.00611727 0.00611727 -0.000149003 -0.000149003 -0.000149003 -0.000148886 -0.000148886 -0.000148886 -0.00886056 -0.00886056 -0.00886056 -0.00886047 -0.00886047 -0.00886047 -0.0179723 -0.0179723 -0.0179723 -0.0179722 -0.0179722 -0.0179722
0.06 0 0 0 0 0 0 0.0101309 0.0101309 0.0101309 0.010131 0.010131 0.010131 0.00446828 0.00446828 0.00446828 0.00446843 0.00446843 0.00446843 -0.00441833 -0.00441833 -0.00441833 -0.00441823 -0.00441823 -0.00441823 -0.013504 -0.013504 -0.013504 -0.0135039 -0.0135039 -0.0135039
0.065 0 0 0 0 0 0 0.0140336 0.0140336 0.0140336 0.0140337 0.0140337 0.0140337 0.00938047 0.00938047 0.00938047 0.00938065 0.00938065 0.00938065 0.00026394 0.00026394 0.00026394 0.000264068 0.000264068 0.000264068 -0.00879872 -0.00879872 -0.00879872 -0.00879862 -0.00879862 -0.00879862
0.07 0 0 0 0 0 0 0.0173529 0.0173529 0.0173529 0.0173531 0.0173531 0.0173531 0.014167 0.014167 0.014167 0.0141672 0.0141672 0.0141672 0.00478779 0.00478779 0.00478779 0.00478794 0.00478794 0.00478794 -0.00426543 -0.00426543 -0.00426543 -0.00426531 -0.00426531 -0.00426531
0.075 0 0 0 0 0 0 0.019697 0.019697 0.019697 0.0196971 0.0196971 0.0196971 0.0184411 0.0184411 0.0184411 0.0184413 0.0184413 0.0184413 0.00880782 0.00880782 0.00880782 0.00880799 0.00880799 0.00880799 -0.000263283 -0.000263283 -0.000263283 -0.000263147 -0.000263147 -0.000263147
0.08 0 0 0 0 0 0 0.0208112 0.0208112 0.0208112 0.0208113 0.0208113 0.0208113 0.0218987 0.0218987 0.0218987 0.021899 0.021899 0.021899 0.0120793 0.0120793 0.0120793 0.0120795 0.0120795 0.0120795 0.00294726 0.00294726 0.00294726 0.00294741 0.00294741 0.00294741
0.085 0 0 0 0 0 0 0.0205776 0.0205776 0.0205776 0.0205777 0.0205777 0.0205777 0.0243166 0.0243166 0.0243166 0.0243169 0.0243169 0.0243169 0.0144526 0.0144526 0.0144526 0.0144528 0.0144528 0.0144528 0.00520113 0.00520113 0.00520113 0.0052013 0.0052013 0.0052013
0.09 0 0 0 0 0 0 0.019009 0.019009 0.019009 0.0190091 0.0190091 0.0190091 0.0255533 0.0255533 0.0255533 0.0255536 0.0255536 0.0255536 0.0158666 0.0158666 0.0158666 0.0158668 0.0158668 0.0158668 0.00642536 0.00642536 0.00642536 0.00642554 0.00642554 0.00642554
0.095 0 0 0 0 0 0 0.0161978 0.0161978 0.0161978 0.016198 0.016198 0.016198 0.0255093 0.0255093 0.0255093 0.0255097 0.0255097 0.0255097 0.0