0 0 0
-0.000222187 3.5292e-05 -1.55495e-22
-0.000444352 7.0584e-05 1.54489e-21
-0.000666495 0.000105876 1.0772e-21
-0.000888616 0.000141168 -6.35382e-22
-0.00111072 0.00017646 2.60361e-21
-0.00133279 0.000211753 -5.82412e-22
-0.00155485 0.000247045 6.75609e-21
-0.00177689 0.000282338 -6.38616e-21
-0.00203681 0.000321314 5.97815e-18
-0.00252035 0.000379422 3.80459e-17
-0.00304823 0.000439887 1.50003e-15
-0.0036001 0.000500199 6.68309e-16
-0.00419175 0.000563748 1.76341e-15
-0.00477323 0.000622265 -6.24277e-16
-0.0053807 0.000685651 4.54702e-16
-0.00599329 0.000747363 6.41286e-16
-0.00660395 0.000806228 -2.50066e-17
-0.00721325 0.000862537 5.66161e-16
-0.00781869 0.000916973 -2.26633e-15
-0.00843499 0.000977233 -2.95793e-16
-0.00905332 0.00103675 -2.43156e-16
-0.00966778 0.00109513 -2.2113e-16
-0.0102809 0.00115258 -2.00941e-16
-0.0108928 0.0012091 -1.85822e-16
-0.0115036 0.00126471 -1.7258e-16
-0.0121133 0.0013194 -1.61419e-16
-0.0127215 0.00137315 -1.51347e-16
-0.0133232 0.00142554 -1.44883e-16
-0.0139128 0.00147613 -1.38102e-16
-0.0144905 0.001525 -1.31292e-16
-0.0150682 0.00157318 -1.2632e-16
-0.015646 0.00162068 -1.23273e-16
-0.0162235 0.0016675 -1.19088e-16
-0.0168005 0.00171361 -1.14587e-16
-0.0173604 0.00175776 -1.12302e-16
-0.0179088 0.00180044 -1.10005e-16
-0.0184533 0.00184226 -1.06539e-16
-0.0189854 0.00188692 -1.07269e-16
-0.0195152 0.00193263 -1.05425e-16
-0.0200629 0.0019805 -1.06022e-16
-0.020616 0.00202947 -1.04456e-16
-0.0211696 0.00207902 -1.03378e-16
-0.0217192 0.00212869 -1.02081e-16
-0.0222437 0.0021765 -1.01088e-16
-0.0227628 0.00222416 -1.0109e-16
-0.0232835 0.0022723 -9.9673e-17
-0.0238058 0.00232088 -1.00085e-16
-0.0243295 0.00236988 -9.77596e-17
-0.0248545 0.00241926 -9.63844e-17
-0.0253686 0.00246786 -9.71086e-17
-0.0258582 0.00251435 -9.53169e-17
-0.0263515 0.0025614 -9.58689e-17
-0.026843 0.00260846 -9.5382e-17
-0.0273346 0.00265571 -9.3689e-17
-0.0278287 0.00270337 -9.3397e-17
-0.0283249 0.0027514 -9.37209e-17
-0.0288231 0.0027998 -9.22332e-17
-0.0293232 0.00284852 -9.1934e-17
-0.0298249 0.00289755 -9.16947e-17
-0.030327 0.00294677 -9.29099e-17
-0.0308115 0.00299441 -9.15304e-17
-0.0312818 0.00304077 -9.11983e-17
-0.0317536 0.00308741 -8.99802e-17
-0.0322261 0.00313423 -9.04879e-17
-0.0327005 0.00318135 -8.96833e-17
-0.0331766 0.00322875 -9.15129e-17
-0.0336543 0.00327642 -8.92269e-17
-0.0341244 0.00332344 -7.28648e-17
-0.0345748 0.00336858 -8.67158e-17
-0.0350191 0.00341321 -8.55839e-17
-0.0354685 0.00345843 -8.59602e-17
-0.0359196 0.00350392 -8.50787e-17
-0.0363701 0.00354943 -8.55273e-17
-0.0368196 0.00359492 -8.57244e-17
-0.0372716 0.00364074 -8.48097e-17
-0.0377257 0.00368686 -8.4921e-17
-0.0381818 0.00373326 -8.48648e-17
-0.0386395 0.00377991 -8.54947e-17
-0.0390989 0.0038268 -8.42698e-17
-0.0395596 0.0038739 -8.42941e-17
-0.0400217 0.00392122 -8.3345e-17
-0.040476 0.00396781 -8.35021e-17
-0.0409182 0.00401325 -8.31219e-17
-0.0413554 0.00405823 -8.39953e-17
-0.0417932 0.00410333 -8.22529e-17
-0.0422324 0.00414865 -8.27088e-17
-0.0426731 0.00419418 -8.31616e-17
-0.0431142 0.00423982 -8.25422e-17
-0.0435544 0.00428542 -8.16797e-17
-0.0439953 0.00433116 -8.2353e-17
-0.0444243 0.00437572 -8.21303e-17
-0.0448496 0.00441996 -8.19569e-17
-0.0452631 0.00446302 -8.13974e-17
-0.0456806 0.00450655 -8.10027e-17
-0.0461015 0.00455049 -8.19856e-17
-0.0465238 0.00459462 -8.22644e-17
-0.0469461 0.0046388 -8.12832e-17
-0.0473702 0.00468321 -8.17911e-17
-0.0479267 0.00473727 -7.24442e-17
-0.0486601 0.00480215 -8.97605e-17
-0.0494437 0.0048668 -8.6549e-17
-0.0502731 0.00493 -8.23827e-17
-0.0511289 0.00499124 -9.86153e-17
-0.0520279 0.00505004 -5.47674e-17
-0.0529536 0.00510566 1.84013e-17
-0.053891 0.00515797 7.81354e-17
-0.0548456 0.00520661 -5.4399e-16
-0.0558081 0.00525173 1.9064e-15
-0.0567691 0.00529381 -7.57201e-15
-0.057717 0.00533373 -3.36535e-14
-0.0586592 0.00537148 -9.77758e-15
-0.059594 0.00540739 -9.25843e-15
-0.0605415 0.00544597 -8.21066e-15
-0.0615074 0.00548807 -8.44959e-15
-0.062473 0.00553022 -7.87505e-15
-0.0634376 0.00557215 -7.38077e-15
-0.0644005 0.00561365 -5.84296e-15
-0.0653651 0.00565452 -6.60877e-15
-0.066339 0.00569449 -6.70229e-15
-0.0673181 0.00573339 -6.54411e-15
-0.0682998 0.00577112 -4.91168e-15
-0.0692817 0.00580765 -5.14787e-15
-0.070262 0.00584302 -2.22095e-15
-0.0712809 0.005884 2.00908e-15
-0.0722983 0.00592516 -4.07981e-15
-0.0733168 0.00596601 -3.22387e-15
-0.0743354 0.0060064 -3.13519e-15
-0.0753533 0.00604625 -3.39733e-15
-0.0763698 0.00608551 -5.00515e-15
-0.0773843 0.00612415 -3.6809e-15
-0.0783965 0.00616217 -3.6045e-15
-0.0794156 0.00619932 -2.82903e-15
-0.080446 0.00623534 -2.27342e-15
-0.0814836 0.00627022 -3.15256e-15
-0.0825257 0.00630396 -5.97627e-15
-0.0835698 0.00633661 -4.01453e-15
-0.0846141 0.00636827 -3.59261e-14
-0.0856571 0.00639903 -1.45232e-15
-0.0866928 0.00642927 1.09516e-14
-0.0877252 0.00645888 4.86161e-15
-0.0887548 0.00648788 5.58894e-14
-0.0897815 0.00651632 1.93996e-13
-0.0908142 0.006546 1.5971e-13
-0.0918596 0.00657775 6.73464e-14
-0.0929055 0.00660967 6.26911e-14
-0.0939517 0.00664172 6.36595e-14
-0.0949981 0.00667387 5.90937e-14
-0.0960447 0.00670609 4.88649e-14
-0.097094 0.00673834 5.65538e-14
-0.0981549 0.00677057 5.40825e-14
-0.0992248 0.00680268 6.04919e-14
-0.100302 0.00683458 6.6684e-14
-0.101385 0.00686621 6.86643e-14
-0.102473 0.0068975 7.85552e-14
-0.103564 0.0069284 1.03516e-13
-0.104657 0.0069589 1.28011e-13
-0.105746 0.00698907 3.3225e-13
-0.106835 0.00701887 2.70806e-13
-0.107925 0.00704826 2.6374e-13
-0.109014 0.00707724 2.43459e-13
-0.110103 0.00710582 2.30456e-13
-0.111191 0.00713402 2.31853e-13
-0.112278 0.00716184 2.16483e-13
-0.113363 0.0071893 2.12095e-13
-0.114448 0.00721641 2.03205e-13
-0.115531 0.00724318 1.90923e-13
-0.116613 0.00726962 1.83992e-13
-0.117694 0.00729576 1.78979e-13
-0.118773 0.00732159 1.64094e-13
-0.119851 0.00734714 1.59868e-13
-0.120927 0.0073724 1.40512e-13
-0.122013 0.00739708 1.41325e-13
-0.123106 0.00742114 1.51148e-13
-0.124205 0.00744461 1.34833e-13
-0.12531 0.0074675 1.05419e-13
-0.126417 0.00748985 1.25149e-13
-0.127527 0.0075117 1.98287e-13
-0.128638 0.0075331 2.06009e-13
-0.12975 0.00755408 2.34171e-13
-0.130859 0.00757477 2.64596e-13
-0.131964 0.00759531 2.96866e-13
-0.133069 0.00761554 2.6179e-13
-0.134172 0.00763549 2.49121e-13
-0.135275 0.00765519 2.47371e-13
-0.136384 0.00767666 2.48777e-13
-0.137497 0.00769916 1.7955e-13
-0.13861 0.00772191 1.87813e-13
-0.139724 0.0077449 2.06914e-13
-0.140839 0.00776814 2.24809e-13
-0.141954 0.00779161 8.95585e-14
-0.143069 0.0078153 4.39054e-14
-0.144185 0.00783919 6.13471e-14
-0.145302 0.00786328 8.23794e-15
-0.14642 0.00788755 -9.98113e-14
-0.147539 0.00791199 -1.21655e-13
-0.148658 0.00793658 -9.33583e-14
-0.149778 0.0079613 1.16365e-13
-0.150899 0.00798615 -2.59585e-14
-0.152021 0.00801109 5.64203e-14
-0.153144 0.00803613 7.38117e-14
