0 0 0
-42.2688 2.58229 1.04415e-16
-84.5335 5.16458 3.15e-17
-126.794 7.74687 2.60266e-16
-169.05 10.3292 2.04589e-16
-211.302 12.9115 8.97321e-16
-253.55 15.4938 7.01178e-16
-295.794 18.0761 9.32151e-16
-338.034 20.6584 1.43705e-16
-371.686 22.4808 1.56352e-13
-371.919 21.1869 1.14982e-12
-372.147 19.8904 2.37727e-11
-372.345 18.8214 9.42201e-12
-372.561 17.7358 -7.96691e-11
-372.764 16.9038 -5.63918e-10
-372.99 16.1302 3.99404e-10
-373.229 15.511 -3.02473e-10
-373.489 15.078 -7.89495e-11
-373.788 14.6607 9.61589e-11
-374.128 14.2596 -1.61107e-11
-374.509 13.8744 5.012e-11
-374.931 13.5045 -4.1075e-14
-375.392 13.1525 1.23566e-10
-375.858 13.0627 2.73382e-11
-376.374 12.9947 5.96312e-12
-376.93 12.9173 6.21588e-12
-377.524 12.833 5.95878e-12
-378.154 12.7436 5.67689e-12
-378.819 12.6506 5.41564e-12
-379.515 12.555 5.12915e-12
-380.241 12.4578 4.8709e-12
-380.996 12.3597 4.64476e-12
-381.777 12.2612 4.41743e-12
-382.582 12.1626 4.21887e-12
-383.41 12.0657 3.73801e-12
-384.258 11.9669 3.83402e-12
-385.124 11.8704 3.63076e-12
-386.006 11.775 3.49022e-12
-386.905 11.6806 3.33243e-12
-387.818 11.5872 3.20162e-12
-388.745 11.4949 3.04492e-12
-389.685 11.4038 2.95723e-12
-390.635 11.3138 2.82207e-12
-391.596 11.225 2.71843e-12
-392.566 11.1374 2.5792e-12
-393.544 11.051 2.5257e-12
-394.529 10.9654 2.38717e-12
-395.462 11.1181 1.80103e-12
-396.397 11.2479 1.75492e-12
-397.329 11.3563 1.71601e-12
-398.292 11.4688 1.31219e-12
-399.262 11.5806 1.29208e-12
-400.236 11.6899 1.22034e-12
-401.212 11.7966 1.16499e-12
-402.19 11.9006 1.15127e-12
-403.169 12.0019 1.04651e-12
-404.149 12.1007 1.0628e-12
-405.13 12.1969 1.00225e-12
-406.111 12.2908 1.00006e-12
-407.093 12.3826 9.17653e-13
-408.074 12.4723 8.90054e-13
-409.054 12.5601 8.65331e-13
-410.033 12.646 8.25973e-13
-411.011 12.7303 7.66192e-13
-411.987 12.813 7.86622e-13
-412.962 12.8941 7.64609e-13
-413.935 12.9738 7.22057e-13
-414.9 13.0518 6.51516e-13
-415.857 13.1279 7.1018e-13
-416.803 13.2023 6.24885e-13
-417.746 13.2755 5.91976e-13
-418.688 13.3476 6.5603e-13
-419.626 13.4186 5.37411e-13
-420.562 13.4885 5.45938e-13
-421.495 13.5574 4.63514e-13
-422.426 13.6254 5.17543e-13
-423.353 13.6924 4.9924e-13
-424.277 13.7586 4.29933e-13
-425.199 13.8239 4.19314e-13
-426.116 13.8882 4.39758e-13
-427.013 13.9509 4.01523e-13
-427.889 14.0117 4.12178e-13
-428.751 14.0712 4.15885e-13
-429.61 14.1299 3.55337e-13
-430.467 14.1879 3.82115e-13
-431.321 14.2452 3.61658e-13
-432.172 14.3019 3.81427e-13
-433.02 14.358 3.8238e-13
-433.866 14.4135 3.06435e-13
-434.709 14.4683 3.19067e-13
-435.534 14.5222 3.48458e-13
-436.327 14.5737 3.18009e-13
-437.056 14.6219 2.86783e-13
-437.779 14.6692 2.77909e-13
-438.503 14.7161 2.71461e-13
-439.227 14.7626 2.5449e-13
-439.952 14.8087 2.69918e-13
-440.678 14.8545 2.77216e-13
-441.404 14.8999 3.09433e-13
-442.13 14.9451 2.30457e-13
-442.856 14.9901 1.93888e-13
-443.534 15.0328 1.98546e-13
-444.198 15.0744 2.44192e-13
-444.837 15.1148 2.43938e-13
-445.451 15.1537 2.10752e-13
-446.073 15.1926 2.32651e-13
-446.701 15.2313 1.83688e-13
-447.335 15.2701 1.72194e-13
-447.973 15.3087 1.91791e-13
-448.615 15.3473 2.06956e-13
-449.261 15.3859 1.73946e-13
-449.909 15.4244 1.87495e-13
-450.559 15.4628 1.65557e-13
-451.212 15.5012 1.14303e-13
-451.865 15.5395 1.77981e-13
-452.52 15.5777 1.45411e-13
-453.176 15.6159 1.16445e-13
-453.832 15.6539 1.08336e-13
-454.489 15.6919 1.14427e-13
-455.146 15.7298 1.59193e-13
-455.704 15.7493 1.64698e-13
-455.005 15.5484 2.51527e-13
-452.941 15.1601 4.7828e-12
-449.61 14.7369 -4.03023e-13
-445.138 14.2933 1.04274e-12
-439.682 13.8403 -8.24015e-12
-433.474 13.4181 2.79855e-14
-426.71 13.0327 -9.34212e-12
-419.433 12.6277 5.52168e-13
-411.882 12.2235 -9.49839e-12
-405.287 11.8632 -3.71243e-11
-398.558 11.5078 -2.4622e-12
-391.787 11.1666 7.557e-12
-385.054 10.8474 2.61494e-11
-378.425 10.5555 4.76953e-11
-371.95 10.2935 4.77679e-11
-365.722 10.0933 -2.91777e-12
-359.705 9.91703 1.50537e-11
-353.905 9.76073 1.39945e-13
-348.329 9.62361 -6.94718e-11
-342.977 9.50432 -6.48889e-11
-337.763 9.47307 -5.10698e-11
-332.624 9.55325 1.36106e-11
-327.682 9.62891 -3.40069e-12
-322.933 9.69791 -3.70758e-12
-318.373 9.75873 4.77354e-12
-313.995 9.81061 1.66381e-11
-309.793 9.85326 2.58654e-10
-305.75 9.88286 -4.93106e-11
-301.838 9.89143 -4.76525e-11
-298.063 9.8843 -3.40488e-11
-294.424 9.86437 4.51157e-12
-290.921 9.83436 1.27222e-11
-287.549 9.79676 -3.82409e-11
-284.306 9.75378 -3.06749e-11
-281.188 9.70729 -5.35564e-11
-278.142 9.7128 -1.66107e-10
-275.138 9.78899 6.89869e-12
-272.253 9.85931 2.88773e-11
-269.47 9.91841 -3.03825e-11
-266.787 9.96699 -2.74874e-11
-264.199 10.0059 6.08195e-11
-261.703 10.0362 -1.84142e-11
-259.294 10.0589 -7.1192e-12
-256.97 10.075 5.96862e-11
-254.726 10.0854 3.40699e-11
-252.56 10.0911 -9.0531e-11
-250.467 10.0929 3.14882e-11
-248.425 10.0765 2.6922e-10
-246.436 10.0446 1.21474e-10
-244.499 10.0007 -1.65569e-11
-242.616 9.94755 -1.35719e-11
-240.786 9.8878 -2.20561e-11
-239.009 9.82385 -7.68691e-10
-237.284 9.75778 -1.98228e-09
-235.611 9.69136 -3.37711e-09
-233.987 9.62599 -5.03571e-09
-232.414 9.56432 -8.25769e-09
-230.894 9.5144 -1.03714e-08
-229.418 9.46631 -1.22717e-08
-227.985 9.4204 -1.20567e-08
-226.593 9.37689 -1.35745e-08
-225.24 9.33594 -1.38807e-08
-223.926 9.29761 -1.4989e-08
-222.635 9.29367 -1.66911e-08
-221.364 9.32574 -2.19361e-09
-220.125 9.35901 5.51798e-10
-218.917 9.39281 8.35304e-10
-217.738 9.42662 9.99756e-10
-216.588 9.45998 1.11069e-09
-215.466 9.49249 1.15571e-09
-214.37 9.52384 1.4067e-09
-213.297 9.55073 1.07505e-09
-212.241 9.5714 1.27503e-09
-211.203 9.58715 1.06831e-09
-210.185 9.59824 5.04717e-10
-209.185 9.60493 1.14237e-09
-208.205 9.60747 9.72178e-10
-207.244 9.60614 5.04677e-10
-206.302 9.60128 8.18968e-10
-205.379 9.5932 8.5634e-10
