0 0 0
0.000221835 3.52325e-05 -1.58021e-21
0.000443692 7.04651e-05 -3.25352e-21
0.000665571 0.000105698 -1.53118e-21
0.000887474 0.00014093 -2.42021e-21
0.0011094 0.000176163 -2.51795e-21
0.00133135 0.000211396 -1.66834e-21
0.00155332 0.000246629 -4.62967e-21
0.00177531 0.000281862 7.20326e-21
0.00202312 0.000319102 -2.86001e-18
0.00240996 0.000366281 -2.033e-17
0.0028167 0.000413361 -7.95573e-16
0.00324263 0.000462622 -2.3799e-16
0.00367311 0.000508213 4.56579e-15
0.00411491 0.000555814 4.21676e-14
0.00455686 0.000601178 -2.28805e-14
0.00500666 0.000646552 3.06388e-14
0.00546156 0.000693853 1.81526e-14
0.00591638 0.000739645 3.94921e-17
0.00637109 0.000783994 1.12112e-14
0.00682532 0.000826919 -2.65457e-14
0.00727883 0.000868454 2.98969e-15
0.00773146 0.000908703 -1.5492e-14
0.00819772 0.000951901 -5.50912e-15
0.00865503 0.000995977 -2.22481e-15
0.00911199 0.00103963 -2.09439e-15
0.0095686 0.00108284 -1.91592e-15
0.0100249 0.00112559 -1.76486e-15
0.0104809 0.00116789 -1.63617e-15
0.0109366 0.00120972 -1.52632e-15
0.0113921 0.00125107 -1.43197e-15
0.0118473 0.00129196 -1.34978e-15
0.0123023 0.00133239 -1.27957e-15
0.0127571 0.00137235 -1.21726e-15
0.0132117 0.00141185 -1.16304e-15
0.0136654 0.00145083 -1.11452e-15
0.014117 0.0014892 -1.07208e-15
0.0145642 0.00152678 -1.03474e-15
0.0150105 0.00156388 -1.00042e-15
0.0154566 0.00160055 -9.69772e-16
0.0159025 0.00163681 -9.41582e-16
0.0163483 0.00167267 -9.16811e-16
0.0167939 0.00170812 -8.9286e-16
0.0172393 0.00174319 -8.7162e-16
0.0176847 0.00177787 -8.51727e-16
0.0181267 0.00181192 -8.33568e-16
0.0185538 0.00184449 -8.1625e-16
0.0189997 0.0018796 -8.1927e-16
0.0194471 0.00191498 -8.07991e-16
0.0198954 0.0019505 -7.95631e-16
0.0203344 0.00198738 -7.97484e-16
0.0207703 0.00202503 -7.89653e-16
0.0212064 0.00206304 -7.82661e-16
0.0216353 0.00210071 -7.74895e-16
0.0220497 0.00213734 -7.69452e-16
0.0224642 0.00217421 -7.63974e-16
0.0228803 0.00221144 -7.57663e-16
0.0232984 0.00224905 -7.52884e-16
0.0237182 0.002287 -7.46866e-16
0.0241393 0.00232524 -7.42457e-16
0.0245616 0.00236376 -7.38276e-16
0.0249849 0.00240254 -7.3425e-16
0.0254092 0.00244154 -7.2903e-16
0.0258342 0.00248076 -7.25171e-16
0.0262599 0.00252018 -7.21342e-16
0.0266863 0.00255979 -7.17306e-16
0.0271131 0.00259958 -7.1386e-16
0.0275369 0.00263919 -7.0966e-16
0.0279568 0.00267854 -7.06423e-16
0.0283755 0.00271789 -7.03071e-16
0.0287944 0.00275736 -7.00551e-16
0.0292138 0.00279697 -6.97365e-16
0.0296336 0.00283671 -6.94686e-16
0.0300537 0.00287658 -6.91582e-16
0.0304742 0.00291657 -6.89075e-16
0.0308934 0.00295653 -6.85677e-16
0.031313 0.00299661 -6.83593e-16
0.0317252 0.00303604 -6.81511e-16
0.0321247 0.00307433 -6.79051e-16
0.0325244 0.00311271 -6.76364e-16
0.032925 0.00315124 -6.7476e-16
0.033326 0.00318988 -6.72615e-16
0.033728 0.00322867 -6.70434e-16
0.0341309 0.00326761 -6.68451e-16
0.0345346 0.0033067 -6.6628e-16
0.0349392 0.00334592 -6.64476e-16
0.0353329 0.00338415 -6.62542e-16
0.0357213 0.00342191 -6.60889e-16
0.0361022 0.00345898 -6.59237e-16
0.0364859 0.00349637 -6.57807e-16
0.0368713 0.00353398 -6.55998e-16
0.037259 0.00357187 -6.5469e-16
0.0376471 0.00360983 -6.52988e-16
0.0380368 0.00364801 -6.51746e-16
0.0384281 0.00368638 -6.50308e-16
0.0388204 0.0037249 -6.4882e-16
0.0392137 0.00376356 -6.47409e-16
0.0396081 0.00380238 -6.46129e-16
0.0400036 0.00384133 -6.44541e-16
0.0403999 0.00388042 -6.43831e-16
0.0407971 0.00391964 -6.41822e-16
0.041195 0.00395897 -6.40645e-16
0.0415937 0.00399842 -6.39721e-16
0.0419931 0.00403797 -6.38121e-16
0.0423931 0.00407763 -6.37142e-16
0.0427916 0.00411718 -6.35587e-16
0.0431901 0.00415675 -6.34605e-16
0.0435871 0.00419622 -6.34265e-16
0.0439815 0.00423546 -6.3258e-16
0.0443764 0.00427479 -6.3157e-16
0.0447701 0.00431402 -6.30428e-16
0.0451639 0.0043533 -6.29158e-16
0.0455574 0.00439258 -6.28299e-16
0.0459509 0.0044319 -6.27576e-16
0.0463449 0.0044713 -6.26354e-16
0.0467394 0.00451077 -6.25538e-16
0.0471342 0.00455031 -6.24603e-16
0.0475295 0.00458993 -6.23501e-16
0.0479185 0.00462894 -6.21852e-16
0.0483072 0.00466795 -6.21754e-16
0.0486907 0.00470696 -5.98418e-16
0.0490909 0.00475081 -6.18219e-16
0.0494961 0.00479796 -6.28831e-16
0.049883 0.00484503 -5.99387e-16
0.0502522 0.00489163 -7.10736e-16
0.050605 0.00493731 -1.18006e-15
0.0509488 0.00498196 -6.42941e-16
0.051283 0.00502544 -3.74245e-16
0.0516017 0.00506739 2.31249e-15
0.0519118 0.00510763 1.7178e-16
0.0522205 0.00514634 5.9757e-16
0.052522 0.00518319 -1.80388e-16
0.0528185 0.00521815 1.20091e-16
0.053112 0.0052513 5.52508e-16
0.0534043 0.00528276 2.14907e-15
0.0536979 0.0053128 3.17347e-15
0.053996 0.00534184 3.83646e-15
0.0542957 0.00536974 4.13676e-15
0.0545972 0.0053966 4.55465e-15
0.0549011 0.00542257 2.47728e-15
0.0552074 0.00544773 2.71252e-15
0.0554943 0.00547667 2.0591e-15
0.055776 0.00550666 8.81242e-16
0.0560563 0.00553674 4.22581e-16
0.0563356 0.0055668 1.32541e-15
0.0566141 0.00559676 1.36428e-15
0.056892 0.00562654 3.90574e-15
0.0571696 0.00565608 -4.15208e-15
0.0574433 0.00568522 1.12498e-15
0.0577137 0.00571389 1.08084e-15
0.0579818 0.00574203 5.38693e-16
0.0582482 0.00576959 9.60314e-16
0.0585135 0.00579656 -1.12116e-16
0.0587783 0.00582293 -1.56206e-16
0.059043 0.0058487 -5.0995e-16
0.0593073 0.00587408 4.05251e-16
0.059546 0.00590356 8.96734e-17
0.059785 0.00593306 1.76587e-15
0.0600228 0.00596249 7.32536e-16
0.0602593 0.00599178 -1.08272e-16
0.0604949 0.00602088 -5.99789e-16
0.0607298 0.00604975 5.50326e-16
0.0609643 0.00607836 2.23123e-15
0.0611987 0.00610669 -3.06026e-16
0.0614331 0.00613473 5.46491e-16
0.0616678 0.00616247 4.2807e-16
0.0619029 0.00618991 3.83923e-16
0.0621346 0.00621691 1.19223e-16
0.0623612 0.00624334 3.89213e-15
0.0625842 0.0062692 3.80083e-15
0.0628044 0.00629447 6.00418e-15
0.0630225 0.00631916 6.44993e-15
0.0632391 0.00634328 8.42504e-15
0.063455 0.00636686 1.42587e-14
0.0636707 0.00638994 1.72252e-14
0.0638865 0.00641254 2.29824e-14
0.0641029 0.00643473 2.56718e-14
0.064323 0.00645674 2.5807e-14
0.0645438 0.00647841 2.07593e-14
0.0647655 0.00649975 2.09607e-14
0.0649882 0.00652079 2.2431e-14
0.0652118 0.00654155 2.12819e-14
0.0654366 0.00656205 2.0625e-14
0.0656553 0.00658372 -8.41863e-14
0.0658668 0.00660666 1.80686e-15
0.0660777 0.00662972 3.00412e-15
0.0662879 0.00665289 3.87188e-15
0.0664976 0.00667614 4.68328e-15
0.0667066 0.00669947 5.52948e-15
0.0669151 0.00672285 6.70775e-15
0.067123 0.00674628 6.97686e-15
0.0673284 0.00676969 -9.57007e-16
0.0675287 0.0067931 7.32199e-15
0.0677251 0.00681648 6.21749e-15
0.0679181 0.0068398 8.75305e-16
0.068108 0.00686304 -6.99479e-16
0.0682953 0.00688615 4.0087e-15
0.0684802 0.00690913 6.30489e-15
0.0686633 0.00693195 7.80243e-15
0.0688448 0.00695458 1.04326e-14
0.069025 0.00697703 7.1243e-15
