0 0
-0.000493482 1.25
-0.00197393 2.5
-0.00444135 3.75
-0.00789573 5
-0.0123371 6.25
-0.0177655 7.5
-0.0241808 8.75
-0.0315832 10
-0.0399725 11.25
-0.0493489 12.5
-0.0597124 13.75
-0.0710629 15
-0.0834005 16.25
-0.0967253 17.5
-0.110814 18.75
-0.125945 20
-0.142139 21.25
-0.159588 22.5
-0.177582 23.75
-0.197099 25
-0.217649 26.25
-0.23816 27.5
-0.260684 28.75
-0.284272 30
-0.308884 31.25
-0.334443 32.5
-0.357854 33.75
-0.385346 35
-0.413871 36.25
-0.443426 37.5
-0.47401 38.75
-0.505622 40
-0.538256 41.25
-0.571827 42.5
-0.606513 43.75
-0.642224 45
-0.67886 46.25
-0.716442 47.5
-0.755216 48.75
-0.795014 50
-0.835834 51.25
-0.877445 52.5
-0.920306 53.75
-0.964103 55
-1.00898 56.25
-1.05491 57.5
-1.10186 58.75
-1.14582 60
-1.18916 61.25
-1.23418 62.5
-1.28311 63.75
-1.33409 65
-1.38609 66.25
-1.43911 67.5
-1.49293 68.75
-1.54797 70
-1.60404 71.25
-1.66113 72.5
-1.71922 73.75
-1.77834 75
-1.83849 76.25
-1.89965 77.5
-1.96177 78.75
-2.02445 80
-2.08865 81.25
-2.15387 82.5
-2.22 83.75
-2.28674 85
-2.3545 86.25
-2.42329 87.5
-2.49287 88.75
-2.56251 90
-2.63456 91.25
-2.70777 92.5
-2.78201 93.75
-2.85727 95
-2.93349 96.25
-3.01071 97.5
-3.08895 98.75
-3.16798 100
-3.24766 101.25
-3.32894 102.5
-3.41126 103.75
-3.49459 105
-3.57894 106.25
-3.66429 107.5
-3.75066 108.75
-3.83803 110
-3.92634 111.25
-4.01519 112.5
-4.1041 113.75
-4.19429 115
-4.28622 116.25
-4.37879 117.5
-4.47259 118.75
-4.56765 120
-4.66372 121.25
-4.76084 122.5
-4.85896 123.75
-4.95806 125
-5.05716 126.25
-5.15649 127.5
-5.25753 128.75
-5.36106 130
-5.46562 131.25
-5.57119 132.5
-5.67777 133.75
-5.78533 135
-5.89328 136.25
-6.00223 137.5
-6.1122 138.75
-6.22318 140
-6.33517 141.25
-6.44882 142.5
-6.56357 143.75
-6.67937 145
-6.7962 146.25
-6.91399 147.5
-7.03276 148.75
-7.15624 150
-7.29325 151.25
-7.44198 152.5
-7.60033 153.75
-7.76737 155
-7.93993 156.25
-8.12167 157.5
-8.30977 158.75
-8.50073 160
-8.69639 161.25
-8.89511 162.5
-9.09547 163.75
-9.29474 165
-9.49361 166.25
-9.69233 167.5
-9.89068 168.75
-10.0943 170
-10.3027 171.25
-10.5123 172.5
-10.7229 173.75
-10.9345 175
-11.1472 176.25
-11.3629 177.5
-11.581 178.75
-11.8009 180
-12.0221 181.25
-12.2444 182.5
-12.4684 183.75
-12.7018 185
-12.9357 186.25
-13.1711 187.5
-13.4076 188.75
-13.6452 190
-13.8838 191.25
-14.1231 192.5
-14.3631 193.75
-14.6041 195
-14.8487 196.25
-15.0961 197.5
-15.3459 198.75
-15.5977 200
-15.851 201.25
-16.1054 202.5
-16.3607 203.75
-16.6161 205
-16.8715 206.25
-17.1274 207.5
-17.3839 208.75
-17.6409 210
-17.9006 211.25
-18.1641 212.5
-18.4288 213.75
-18.6947 215
-18.9618 216.25
-19.2302 217.5
-19.4997 218.75
-19.772 220
-20.0475 221.25
-20.3257 222.5
-20.6065 223.75
-20.8895 225
-21.1744 226.25
-21.4612 227.5
-21.7494 228.75
-22.0386 230
-22.3284 231.25
-22.6194 232.5
-22.9115 233.75
-23.2047 235
-23.4988 236.25
-23.7939 237.5
-24.0899 238.75
-24.3868 240
-24.6845 241.25
-24.9831 242.5
-25.2825 243.75
-25.5827 245
-25.8838 246.25
-26.1856 247.5
-26.4883 248.75
-26.7919 250
