0 0
-0.000494692 1.25
-0.00197877 2.5
-0.00445223 3.75
-0.00791509 5
-0.0123673 6.25
-0.017809 7.5
-0.0242401 8.75
-0.0316606 10
-0.0398937 11.25
-0.0491658 12.5
-0.059436 13.75
-0.0709431 15
-0.0830485 16.25
-0.0965782 17.5
-0.11113 18.75
-0.125745 20
-0.142284 21.25
-0.159848 22.5
-0.178437 23.75
-0.197995 25
-0.218631 26.25
-0.240259 27.5
-0.259535 28.75
-0.283027 30
-0.30755 31.25
-0.333101 32.5
-0.359681 33.75
-0.387287 35
-0.41592 36.25
-0.445579 37.5
-0.476263 38.75
-0.507972 40
-0.540706 41.25
-0.574464 42.5
-0.609147 43.75
-0.644896 45
-0.681691 46.25
-0.71954 47.5
-0.758412 48.75
-0.798309 50
-0.839229 51.25
-0.881173 52.5
-0.92414 53.75
-0.968131 55
-1.01294 56.25
-1.05898 57.5
-1.10082 58.75
-1.14339 60
-1.18685 61.25
-1.23458 62.5
-1.28452 63.75
-1.33546 65
-1.38687 66.25
-1.43963 67.5
-1.49359 68.75
-1.54863 70
-1.60468 71.25
-1.66174 72.5
-1.71981 73.75
-1.77888 75
-1.83897 76.25
-1.90007 77.5
-1.96217 78.75
-2.02528 80
-2.0894 81.25
-2.15453 82.5
-2.22029 83.75
-2.2873 85
-2.35547 86.25
-2.42465 87.5
-2.49484 88.75
-2.56604 90
-2.63825 91.25
-2.71147 92.5
-2.78535 93.75
-2.86024 95
-2.93559 96.25
-3.01253 97.5
-3.0905 98.75
-3.16955 100
-3.24979 101.25
-3.33105 102.5
-3.41331 103.75
-3.49658 105
-3.58087 106.25
-3.66533 107.5
-3.75093 108.75
-3.83828 110
-3.92655 111.25
-4.01571 112.5
-4.10587 113.75
-4.19718 115
-4.28951 116.25
-4.38284 117.5
-4.47723 118.75
-4.57267 120
-4.66912 121.25
-4.76658 122.5
-4.86506 123.75
-4.96455 125
-5.06505 126.25
-5.16657 127.5
-5.2691 128.75
-5.37265 130
-5.47701 131.25
-5.58233 132.5
-5.68875 133.75
-5.79625 135
-5.90478 136.25
-6.01394 137.5
-6.12404 138.75
-6.23522 140
-6.34746 141.25
-6.46072 142.5
-6.57498 143.75
-6.69026 145
-6.80656 146.25
-6.92337 147.5
-7.04114 148.75
-7.16212 150
-7.29456 151.25
-7.43857 152.5
-7.59034 153.75
-7.74959 155
-7.91584 156.25
-8.08655 157.5
-8.26204 158.75
-8.44461 160
-8.63153 161.25
-8.81996 162.5
-9.0122 163.75
-9.20743 165
-9.40487 166.25
-9.60387 167.5
-9.80341 168.75
-10.0022 170
-10.2015 171.25
-10.4012 172.5
-10.601 173.75
-10.801 175
-11.0083 176.25
-11.2182 177.5
-11.4295 178.75
-11.6421 180
-11.8558 181.25
-12.0707 182.5
-12.2866 183.75
-12.505 185
-12.7255 186.25
-12.948 187.5
-13.1721 188.75
-13.3976 190
-13.6243 191.25
-13.8521 192.5
-14.081 193.75
-14.3193 195
-14.5584 196.25
-14.7988 197.5
-15.0406 198.75
-15.2838 200
-15.5282 201.25
-15.7737 202.5
-16.0202 203.75
-16.2678 205
-16.5162 206.25
-16.7656 207.5
-17.0172 208.75
-17.2717 210
-17.5286 211.25
-17.7875 212.5
-18.0482 213.75
-18.3106 215
-18.5742 216.25
-18.8391 217.5
-19.1049 218.75
-19.3716 220
-19.6381 221.25
-19.9054 222.5
-20.1735 223.75
-20.4423 225
-20.7119 226.25
-20.9821 227.5
-21.2554 228.75
-21.532 230
-21.8099 231.25
-22.0891 232.5
-22.3695 233.75
-22.6512 235
-22.9341 236.25
-23.2183 237.5
-23.5045 238.75
-23.7935 240
-24.085 241.25
-24.3789 242.5
-24.6749 243.75
-24.9729 245
-25.2728 246.25
-25.5746 247.5
-25.8779 248.75
-26.1828 250
