0 0 0
-2.24865e-10 -34241.4 -5.22181e+07
-9.06567e-10 -68482.9 -1.04436e+08
-2.04881e-09 -102725 -1.56654e+08
-3.47779e-09 -136966 -2.08873e+08
-5.21527e-09 -171209 -2.61091e+08
-7.29551e-09 -205451 -3.1331e+08
-9.52468e-09 -239695 -3.65528e+08
-1.20622e-08 -273938 -4.17747e+08
-1.78637e-06 -304988 -4.65095e+08
-0.000118152 -317268 -4.83817e+08
5.13319e-09 -324980 -4.95575e+08
-0.00034136 -330196 -5.03526e+08
-0.00131456 -332971 -5.07753e+08
-0.000903381 -335768 -5.12013e+08
-0.00300553 -336988 -5.13869e+08
-0.00402075 -338100 -5.1556e+08
-0.00333024 -339261 -5.17325e+08
-0.00291992 -340473 -5.19166e+08
0.00237279 -341689 -5.21015e+08
0.000374485 -342335 -5.21994e+08
-2.42217e-08 -343004 -5.23006e+08
-1.99443e-08 -343720 -5.24091e+08
-1.86419e-08 -344484 -5.25247e+08
-1.7837e-08 -345291 -5.2647e+08
-1.68911e-08 -346139 -5.27754e+08
-1.57006e-08 -347024 -5.29095e+08
-1.48702e-08 -347944 -5.30488e+08
-1.31076e-08 -348895 -5.31928e+08
-1.31986e-08 -349875 -5.33412e+08
-1.18762e-08 -350881 -5.34936e+08
-0.00409533 -351894 -5.3647e+08
-1.4983e-08 -352906 -5.38001e+08
-0.00756855 -353933 -5.39555e+08
-0.00681496 -354975 -5.41132e+08
-0.00657826 -356031 -5.42729e+08
-0.00632787 -357100 -5.44345e+08
0.00191714 -358170 -5.45964e+08
5.47438e-07 -359125 -5.47408e+08
2.81701e-07 -360075 -5.48844e+08
4.75657e-07 -361013 -5.50259e+08
4.05456e-07 -361960 -5.51687e+08
3.41081e-07 -362914 -5.53127e+08
2.85288e-07 -363876 -5.54578e+08
-5.13315e-07 -364791 -5.55957e+08
9.89785e-08 -365665 -5.57273e+08
6.83376e-08 -366556 -5.58614e+08
-4.2688e-08 -367453 -5.59965e+08
3.10029e-08 -368356 -5.61323e+08
-4.516e-08 -369266 -5.62692e+08
3.25508e-08 -370182 -5.6407e+08
5.7953e-09 -371103 -5.65455e+08
-2.62226e-08 -372029 -5.66846e+08
-6.69861e-08 -372958 -5.68243e+08
-1.24302e-07 -373891 -5.69643e+08
-2.06095e-07 -374825 -5.71046e+08
-3.34025e-07 -375761 -5.72451e+08
-2.92304e-07 -376689 -5.73843e+08
-1.4379e-06 -377595 -5.75203e+08
-7.12826e-08 -378500 -5.7656e+08
1.05492e-06 -379404 -5.77913e+08
2.6746e-06 -380302 -5.79258e+08
0.00900467 -381193 -5.80593e+08
1.19699e-06 -382083 -5.81925e+08
9.04227e-07 -382972 -5.83255e+08
-3.06653e-07 -383848 -5.84563e+08
-3.2389e-06 -384669 -5.85789e+08
2.42762e-08 -385474 -5.8699e+08
-2.61243e-08 -386282 -5.88194e+08
-7.44258e-08 -387091 -5.89399e+08
-1.33259e-07 -387901 -5.90606e+08
-2.19719e-07 -388713 -5.91814e+08
-3.43254e-07 -389525 -5.93023e+08
-4.80395e-08 -390317 -5.942e+08
-1.35557e-06 -391069 -5.95318e+08
2.29033e-07 -391795 -5.96394e+08
2.11807e-07 -392530 -5.97483e+08
1.54647e-07 -393273 -5.98584e+08
1.02347e-07 -394022 -5.99692e+08
3.37597e-07 -394772 -6.00804e+08
-4.14948e-08 -395526 -6.01919e+08
-5.6026e-07 -396278 -6.03032e+08
-2.26777e-07 -397031 -6.04145e+08
-2.43075e-07 -397785 -6.05259e+08
-3.73348e-07 -398540 -6.06375e+08
-5.92707e-07 -399295 -6.07491e+08
-1.0697e-06 -400052 -6.08608e+08
1.11075e-07 -400808 -6.09723e+08
-0.000568257 -401563 -6.10837e+08
2.41862e-06 -402318 -6.1195e+08
1.35792e-06 -403073 -6.13062e+08
1.02352e-06 -403827 -6.14172e+08
8.44735e-07 -404581 -6.15281e+08
-6.08528e-07 -405327 -6.16379e+08
1.37559e-07 -406070 -6.17471e+08
-1.88402e-06 -406794 -6.18534e+08
5.22206e-07 -407516 -6.19592e+08
4.94296e-07 -408237 -6.20649e+08
0.000466992 -408903 -6.21622e+08
-0.00124934 -409112 -6.21893e+08
0.00385388 -408658 -6.21153e+08
-0.00187739 -407562 -6.19433e+08
-0.0328399 -405935 -6.16902e+08
-0.00131635 -403852 -6.13677e+08
-5.04957e-05 -400980 -6.09249e+08
-5.9277e-05 -397966 -6.04606e+08
-0.000125362 -394721 -5.99612e+08
-0.000265288 -391289 -5.94333e+08
-0.000417648 -387820 -5.88998e+08
0.0504418 -384523 -5.83925e+08
-0.000273726 -381457 -5.79205e+08
0.0525226 -378537 -5.74708e+08
-0.000174227 -375784 -5.70465e+08
0.000193392 -372984 -5.66149e+08
0.0193074 -370257 -5.61944e+08
0.0167355 -367671 -5.57953e+08
0.0165517 -365226 -5.54177e+08
0.00301232 -362924 -5.50618e+08
3.85282e-05 -360635 -5.47079e+08
0.00786771 -358283 -5.43444e+08
0.00676704 -355932 -5.39811e+08
0.005156 -353620 -5.36238e+08
0.00385162 -351377 -5.3277e+08
-0.00572335 -349187 -5.29382e+08
-0.000561281 -346931 -5.25893e+08
-0.000336268 -344832 -5.22642e+08
-0.00018411 -342824 -5.19528e+08
-4.78585e-05 -340909 -5.16556e+08
-0.0013177 -339089 -5.13729e+08
0.000122549 -337364 -5.11045e+08
0.000112732 -335731 -5.08503e+08
0.000132798 -334188 -5.06096e+08
0.000183665 -332574 -5.03582e+08
0.000304881 -330898 -5.00973e+08
0.0003051 -329195 -4.98324e+08
0.000340647 -327494 -4.95677e+08
-0.0038248 -325819 -4.93069e+08
-0.000384723 -324186 -4.90527e+08
-0.00025599 -322608 -4.88068e+08
0.0181292 -321158 -4.85804e+08
0.0202548 -319768 -4.8363e+08
0.022466 -318437 -4.81546e+08
0.024596 -317165 -4.79552e+08
-0.00313664 -315920 -4.77598e+08
0.000466362 -314703 -4.75686e+08
0.00043846 -313537 -4.73851e+08
0.00317457 -312420 -4.72091e+08
-0.0043736 -311352 -4.70404e+08
-0.00602717 -310330 -4.68787e+08
0.0117729 -309307 -4.67169e+08
2.32758e-08 -308188 -4.65406e+08
0.00193684 -307012 -4.63555e+08
0.00240489 -305800 -4.6165e+08
0.00179393 -304569 -4.59717e+08
0.000468546 -303337 -4.57782e+08
-0.00127228 -302116 -4.55864e+08
-0.00311511 -300917 -4.53979e+08
0.0046376 -299796 -4.52212e+08
0.00299423 -298714 -4.50504e+08
0.0026499 -297663 -4.48843e+08
0.00236303 -296645 -4.47232e+08
0.00210389 -295662 -4.45673e+08
0.001875 -294713 -4.44167e+08
0.00167943 -293799 -4.42715e+08
0.00150743 -292920 -4.41314e+08
0.00135931 -292076 -4.39966e+08
0.00123071 -291264 -4.38667e+08
0.00111893 -290485 -4.37418e+08
0.00102088 -289738 -4.36216e+08
0.000933851 -289020 -4.3506e+08
0.000856391 -288332 -4.33948e+08
0.000787136 -287671 -4.32877e+08
0.00121633 -286948 -4.31711e+08
0.00147033 -286171 -4.30465e+08
0.00169343 -285357 -4.29162e+08
0.0018747 -284518 -4.27823e+08
0.00200716 -283667 -4.26464e+08
0.00208773 -282812 -4.25101e+08
0.00211986 -281963 -4.23745e+08
0.00210697 -281125 -4.22408e+08
0.000730824 -280316 -4.21113e+08
0.000850482 -279558 -4.19896e+08
0.000877914 -278818 -4.18705e+08
0.000867996 -278097 -4.17543e+08
0.000848905 -277396 -4.16412e+08
-0.000252522 -276703 -4.15294e+08
-0.000613088 -276024 -4.14194e+08
0.000151959 -275364 -4.13123e+08
0.000488715 -274723 -4.12082e+08
0.000630413 -274102 -4.1107e+08
0.000619054 -273499 -4.10087e+08
0.00045486 -272916 -4.09131e+08
0.000138957 -272350 -4.08202e+08
-0.000320815 -271802 -4.07301e+08
-0.000920159 -271272 -4.06425e+08
-0.00165381 -270758 -4.05573e+08
-1.40204e-06 -270260 -4.04747e+08
0.000215217 -269778 -4.03943e+08
0.000276442 -269311 -4.03162e+08
-0.000185636 -268859 -4.02403e+08
0.00199953 -268420 -4.01664e+08
