0 0
-0.000494346 1.25
-0.00197739 2.5
-0.00444912 3.75
-0.00790956 5
-0.0123587 6.25
-0.0177966 7.5
-0.0242231 8.75
-0.0316385 10
-0.0399231 11.25
-0.0492576 12.5
-0.0596185 13.75
-0.0708174 15
-0.0833463 16.25
-0.0968969 17.5
-0.110856 18.75
-0.126418 20
-0.142913 21.25
-0.160519 22.5
-0.178636 23.75
-0.196743 25
-0.217272 26.25
-0.238831 27.5
-0.261418 28.75
-0.285031 30
-0.30967 31.25
-0.335333 32.5
-0.362021 33.75
-0.389733 35
-0.418468 36.25
-0.448226 37.5
-0.479008 38.75
-0.510813 40
-0.543486 41.25
-0.577332 42.5
-0.612201 43.75
-0.648092 45
-0.684266 46.25
-0.717082 47.5
-0.752091 48.75
-0.79119 50
-0.831088 51.25
-0.872161 52.5
-0.914344 53.75
-0.957397 55
-1.0014 56.25
-1.04661 57.5
-1.09284 58.75
-1.13985 60
-1.18768 61.25
-1.23701 62.5
-1.28736 63.75
-1.33871 65
-1.39108 66.25
-1.44445 67.5
-1.49863 68.75
-1.55201 70
-1.60828 71.25
-1.66572 72.5
-1.72416 73.75
-1.78361 75
-1.84406 76.25
-1.90553 77.5
-1.968 78.75
-2.03148 80
-2.09598 81.25
-2.16148 82.5
-2.22799 83.75
-2.29551 85
-2.36404 86.25
-2.43358 87.5
-2.50413 88.75
-2.5757 90
-2.64827 91.25
-2.72186 92.5
-2.79646 93.75
-2.87064 95
-2.94588 96.25
-3.02234 97.5
-3.09979 98.75
-3.17824 100
-3.25837 101.25
-3.33971 102.5
-3.42206 103.75
-3.50544 105
-3.58983 106.25
-3.67523 107.5
-3.76165 108.75
-3.84908 110
-3.93698 111.25
-4.02602 112.5
-4.11654 113.75
-4.20807 115
-4.30062 116.25
-4.39418 117.5
-4.48876 118.75
-4.58436 120
-4.68097 121.25
-4.7864 122.5
-4.90643 123.75
-5.03627 125
-5.17532 126.25
-5.31993 127.5
-5.47225 128.75
-5.63084 130
-5.79219 131.25
-5.95765 132.5
-6.12569 133.75
-6.29508 135
-6.46315 136.25
-6.63142 137.5
-6.7996 138.75
-6.96987 140
-7.14657 141.25
-7.32462 142.5
-7.50387 143.75
-7.6842 145
-7.86568 146.25
-8.04991 147.5
-8.23639 148.75
-8.42461 150
-8.61417 151.25
-8.8047 152.5
-9.00095 153.75
-9.20175 155
-9.40372 156.25
-9.60705 157.5
-9.81157 158.75
-10.0171 160
-10.2235 161.25
-10.4308 162.5
-10.6392 163.75
-10.851 165
-11.0655 166.25
-11.2822 167.5
-11.5005 168.75
-11.7202 170
-11.941 171.25
-12.1622 172.5
-12.3833 173.75
-12.605 175
-12.8274 176.25
-13.0503 177.5
-13.2774 178.75
-13.5068 180
-13.7375 181.25
-13.9694 182.5
-14.2025 183.75
-14.4367 185
-14.6732 186.25
-14.9128 187.5
-15.1552 188.75
-15.3999 190
-15.6468 191.25
-15.8956 192.5
-16.146 193.75
-16.3979 195
-16.6503 196.25
-16.9037 197.5
-17.1584 198.75
-17.4141 200
-17.6708 201.25
-17.9285 202.5
-18.1871 203.75
-18.4465 205
-18.7069 206.25
-18.968 207.5
-19.2301 208.75
-19.4929 210
-19.7566 211.25
-20.0211 212.5
-20.2864 213.75
-20.5545 215
-20.8252 216.25
-21.0981 217.5
-21.373 218.75
-21.6496 220
-21.9277 221.25
-22.2071 222.5
-22.4877 223.75
-22.7692 225
-23.0508 226.25
-23.3333 227.5
-23.6168 228.75
-23.9012 230
-24.1876 231.25
-24.4763 232.5
-24.7662 233.75
-25.0574 235
-25.3497 236.25
-25.6433 237.5
-25.9382 238.75
-26.2342 240
-26.5315 241.25
-26.8301 242.5
-27.13 243.75
-27.4311 245
-27.7335 246.25
-28.0372 247.5
-28.3422 248.75
-28.6485 250
