0 0
-0.000494346 1.25
-0.00197739 2.5
-0.00444912 3.75
-0.00790956 5
-0.0123587 6.25
-0.0177966 7.5
-0.0242231 8.75
-0.0316385 10
-0.0398648 11.25
-0.0491314 12.5
-0.0594139 13.75
-0.0709185 15
-0.0829917 16.25
-0.0965166 17.5
-0.111064 18.75
-0.12567 20
-0.142204 21.25
-0.159763 22.5
-0.178317 23.75
-0.197882 25
-0.218511 26.25
-0.240165 27.5
-0.259424 28.75
-0.282911 30
-0.307428 31.25
-0.332975 32.5
-0.359549 33.75
-0.38715 35
-0.415778 36.25
-0.445431 37.5
-0.47611 38.75
-0.507814 40
-0.540542 41.25
-0.574295 42.5
-0.609072 43.75
-0.644873 45
-0.681698 46.25
-0.719547 47.5
-0.75842 48.75
-0.798262 50
-0.8391 51.25
-0.88104 52.5
-0.924004 53.75
-0.967992 55
-1.013 56.25
-1.05863 57.5
-1.10005 58.75
-1.14234 60
-1.18552 61.25
-1.23431 62.5
-1.28422 63.75
-1.33488 65
-1.38684 66.25
-1.43983 67.5
-1.49374 68.75
-1.54861 70
-1.6045 71.25
-1.66153 72.5
-1.71957 73.75
-1.77862 75
-1.83817 76.25
-1.89918 77.5
-1.96132 78.75
-2.02447 80
-2.08863 81.25
-2.1538 82.5
-2.21997 83.75
-2.28716 85
-2.35522 86.25
-2.42273 87.5
-2.49268 88.75
-2.5639 90
-2.63616 91.25
-2.70943 92.5
-2.7837 93.75
-2.85898 95
-2.93527 96.25
-3.01257 97.5
-3.09088 98.75
-3.17019 100
-3.25052 101.25
-3.33185 102.5
-3.4142 103.75
-3.49756 105
-3.58192 106.25
-3.6673 107.5
-3.75369 108.75
-3.84109 110
-3.9295 111.25
-4.01893 112.5
-4.10936 113.75
-4.20081 115
-4.29257 116.25
-4.38514 117.5
-4.47873 118.75
-4.57353 120
-4.66933 121.25
-4.76613 122.5
-4.86395 123.75
-4.96283 125
-5.06316 126.25
-5.1645 127.5
-5.26686 128.75
-5.37024 130
-5.47463 131.25
-5.58004 132.5
-5.68647 133.75
-5.7939 135
-5.90198 136.25
-6.01107 137.5
-6.12141 138.75
-6.23296 140
-6.34553 141.25
-6.45911 142.5
-6.57371 143.75
-6.68933 145
-6.80596 146.25
-6.92362 147.5
-7.04217 148.75
-7.16803 150
-7.30625 151.25
-7.45373 152.5
-7.60882 153.75
-7.77116 155
-7.93923 156.25
-8.11136 157.5
-8.29 158.75
-8.47495 160
-8.66157 161.25
-8.85143 162.5
-9.0447 163.75
-9.24058 165
-9.43833 166.25
-9.63737 167.5
-9.83589 168.75
-10.0345 170
-10.2335 171.25
-10.4328 172.5
-10.6322 173.75
-10.8339 175
-11.0426 176.25
-11.2527 177.5
-11.4641 178.75
-11.6767 180
-11.8905 181.25
-12.1054 182.5
-12.3217 183.75
-12.5406 185
-12.7615 186.25
-12.9842 187.5
-13.2085 188.75
-13.4341 190
-13.6608 191.25
-13.8885 192.5
-14.1206 193.75
-14.3589 195
-14.5981 196.25
-14.8387 197.5
-15.0806 198.75
-15.3239 200
-15.5683 201.25
-15.8138 202.5
-16.0604 203.75
-16.3079 205
-16.5563 206.25
-16.8057 207.5
-17.0581 208.75
-17.3131 210
-17.5704 211.25
-17.8296 212.5
-18.0905 213.75
-18.353 215
-18.6167 216.25
-18.8816 217.5
-19.1474 218.75
-19.4137 220
-19.6801 221.25
-19.9474 222.5
-20.2154 223.75
-20.4841 225
-20.7536 226.25
-21.0238 227.5
-21.2983 228.75
-21.575 230
-21.853 231.25
-22.1322 232.5
-22.4127 233.75
-22.6945 235
-22.9775 236.25
-23.2617 237.5
-23.5483 238.75
-23.8378 240
-24.1296 241.25
-24.4238 242.5
-24.72 243.75
-25.0183 245
-25.3184 246.25
-25.6203 247.5
-25.9238 248.75
-26.2287 250
