0 0 0
-42.4422 2.59288 9.16189e-17
-84.8801 5.18575 1.11999e-16
-127.314 7.77864 8.6791e-17
-169.743 10.3715 1.8132e-16
-212.169 12.9644 -3.04876e-16
-254.59 15.5573 9.41523e-16
-297.007 18.1502 -1.6059e-15
-339.421 20.7432 2.37618e-15
-371.701 22.3994 -6.14619e-13
-371.997 20.7418 -7.40059e-13
-372.272 19.2065 4.26305e-11
-372.537 17.8615 1.24264e-11
-372.807 16.7757 6.44781e-11
-373.119 15.7815 -6.32263e-11
-373.461 15.1513 6.0421e-11
-373.875 14.5857 9.99955e-11
-374.364 14.0455 -1.15267e-10
-374.929 13.5355 9.63716e-11
-375.559 13.1001 -9.69437e-11
-376.237 13.0237 -7.84346e-12
-376.993 12.9165 -1.41632e-12
-377.815 12.7979 -2.09417e-12
-378.701 12.672 -2.02013e-12
-379.646 12.5417 -1.93144e-12
-380.643 12.4091 -1.82724e-12
-381.69 12.2757 -1.7601e-12
-382.78 12.1426 -1.57051e-12
-383.91 12.0103 -1.52425e-12
-385.075 11.8795 -1.48691e-12
-386.272 11.7505 -1.42123e-12
-387.479 11.6254 -1.28458e-12
-388.682 11.5052 -1.20485e-12
-389.903 11.3872 -1.13926e-12
-391.141 11.2713 -1.1638e-12
-392.394 11.1574 -1.06602e-12
-393.661 11.0455 -1.02558e-12
-394.928 10.9676 -6.34408e-13
-396.058 11.1454 -7.27932e-13
-397.187 11.2895 -5.44868e-13
-398.367 11.4367 -4.90921e-13
-399.557 11.5786 -4.91825e-13
-400.755 11.7152 -5.44284e-13
-401.96 11.8468 -5.0021e-13
-403.103 11.9677 -4.84529e-13
-404.191 12.0791 -4.31575e-13
-405.3 12.1887 -3.94924e-13
-406.414 12.2956 -3.7519e-13
-407.534 12.3998 -4.05278e-13
-408.66 12.5019 -3.63317e-13
-409.791 12.6019 -3.36346e-13
-410.928 12.7001 -2.98153e-13
-412.067 12.7964 -3.17698e-13
-413.209 12.891 -3.61984e-13
-414.353 12.9839 -3.60763e-13
-415.497 13.0752 -2.34976e-13
-416.642 13.165 -2.76811e-13
-417.774 13.2526 -3.08768e-13
-418.878 13.337 -2.59971e-13
-419.979 13.4197 -1.56465e-13
-421.075 13.501 -2.46798e-13
-422.163 13.5807 -2.23708e-13
-423.242 13.6588 -1.57088e-13
-424.317 13.7356 -1.69438e-13
-425.389 13.8114 -2.20308e-13
-426.443 13.8852 -1.74757e-13
-427.429 13.9543 -1.81083e-13
-428.394 14.0212 -1.55221e-13
-429.359 14.0875 -2.12168e-13
-430.326 14.153 -1.43706e-13
-431.292 14.2178 -2.02241e-13
-432.259 14.2821 -1.69045e-13
-433.226 14.3457 -9.7267e-14
-434.166 14.4075 -1.45626e-13
-435.058 14.4661 -1.21315e-13
-435.915 14.5224 -1.39295e-13
-436.783 14.5787 -1.11834e-13
-437.659 14.6348 -5.54919e-14
-438.541 14.6908 -8.01572e-14
-439.425 14.7464 3.43149e-15
-440.31 14.8017 -8.40024e-14
-441.194 14.8566 -1.02555e-13
-442.076 14.911 -1.2068e-13
-442.959 14.9652 -9.00358e-14
-443.843 15.0191 -5.03517e-14
-444.726 15.0726 -7.70008e-14
-445.609 15.1258 -9.14154e-14
-446.49 15.1787 -1.64332e-13
-447.37 15.2312 -1.15003e-13
-448.248 15.2834 -5.66884e-14
-449.125 15.3353 -7.47217e-14
-450.001 15.3868 -9.41683e-14
-450.874 15.438 -9.96101e-14
-451.738 15.4886 -6.26394e-14
-452.597 15.5387 -2.50882e-14
-453.433 15.5876 -4.67802e-14
-454.264 15.636 1.53332e-14
-455.094 15.684 -1.34745e-14
-455.667 15.6839 -3.6239e-13
-454.049 15.3202 -6.68566e-14
-449.825 14.7495 -6.76326e-13
-443.31 14.1243 -2.08525e-12
-434.979 13.5043 -1.95146e-13
-425.409 12.9482 -3.29397e-11
-414.832 12.3624 5.09284e-12
-405.059 11.8246 -4.18769e-12
-395.434 11.3141 1.2955e-12
-385.792 10.8428 1.51539e-11
-376.348 10.4274 -1.41098e-11
-367.3 10.0966 2.67781e-11
-358.726 9.84244 1.05196e-10
-350.605 9.62929 -1.52732e-11
-342.948 9.45383 -6.27063e-11
-335.483 9.49928 -2.73797e-11
-328.368 9.60275 -4.24382e-12
-321.653 9.69367 -3.51246e-12
-315.321 9.76837 -1.6407e-11
-309.355 9.82561 -3.93361e-11
-303.695 9.85363 -6.82917e-12
-298.304 9.84652 1.71934e-11
-293.187 9.81471 -9.91091e-12
-288.341 9.76556 2.81846e-11
-283.757 9.70543 -4.79951e-11
-279.392 9.67451 -7.06004e-11
-275.112 9.77907 -5.72737e-11
-271.069 9.86851 -1.35771e-11
-267.232 9.93634 1.75874e-11
-263.59 9.98518 6.06846e-12
-260.131 10.018 -1.10881e-11
-256.846 10.0377 1.75563e-11
-253.722 10.0471 7.86425e-12
-250.751 10.0487 1.84636e-11
-247.886 10.0192 -7.90135e-13
-245.125 9.9624 2.22855e-11
-242.47 9.88665 -2.33359e-11
-239.921 9.79923 6.39779e-11
-237.477 9.7064 3.88199e-11
-235.137 9.61319 1.86971e-09
-232.896 9.52311 1.24099e-10
-230.76 9.45279 -2.69148e-10
-228.714 9.38658 -1.28397e-09
-226.75 9.32501 -4.87677e-09
-224.865 9.26851 -1.61201e-08
-223.032 9.27044 -1.14383e-08
-221.247 9.31363 -3.1143e-10
-219.526 9.35769 1.57039e-10
-217.865 9.40157 2.34004e-10
-216.261 9.44465 3.71939e-10
-214.711 9.48596 5.93875e-10
-213.208 9.52207 4.84033e-10
-211.739 9.54622 4.04724e-10
-210.307 9.56028 4.43552e-10
-208.912 9.56518 6.72357e-10
-207.555 9.56181 7.91539e-10
-206.236 9.5512 1.07002e-09
-204.955 9.53448 1.17616e-09
-203.711 9.5128 1.54512e-09
-202.509 9.49324 5.21519e-09
-201.342 9.4712 3.40355e-09
-200.21 9.4461 2.15557e-09
-199.11 9.41868 2.033e-09
-198.043 9.38963 1.65325e-09
-197.005 9.3595 8.85372e-10
-195.997 9.32879 9.08101e-10
-195.018 9.29785 1.00803e-09
-194.065 9.267 6.47385e-10
-193.139 9.23646 5.99725e-10
-192.237 9.20637 5.27687e-10
-191.359 9.17685 2.37315e-10
-190.504 9.14797 6.59048e-10
-189.671 9.11977 1.3266e-10
-188.859 9.09224 -1.26164e-10
-188.061 9.0521 -5.30405e-10
-187.275 9.00134 -2.44292e-10
-186.505 8.94305 -6.73343e-10
-185.749 8.87974 1.15854e-10
-185.008 8.81364 1.26571e-09
-184.283 8.74668 2.03609e-09
-183.573 8.68041 -1.05326e-10
-182.879 8.61605 -2.23942e-09
-182.202 8.55675 -2.85585e-09
-181.541 8.50643 -3.02732e-09
-180.895 8.45837 -4.19467e-09
-180.263 8.41277 -2.64051e-09
-179.645 8.36974 -1.70178e-09
-179.035 8.3675 1.43993e-10
-178.435 8.39107 -1.81329e-09
-177.847 8.41814 -2.25276e-09
-177.271 8.44804 -1.77628e-09
-176.705 8.48015 -2.02076e-09
-176.15 8.51394 -4.184e-09
-175.606 8.5489 -6.41482e-09
-175.071 8.58459 -7.55563e-09
-174.547 8.62062 -1.00004e-08
-174.031 8.65661 -1.11768e-08
-173.525 8.69224 -1.25056e-08
-173.028 8.72722 -1.41136e-08
-172.54 8.76129 -8.23083e-10
-172.06 8.79422 4.67629e-10
-171.588 8.82581 6.32441e-10
-171.124 8.85589 2.96564e-10
