0 0 0
42.4464 2.59288 -1.37144e-16
84.8971 5.18575 -2.32918e-17
127.352 7.77864 -5.66224e-17
169.811 10.3715 2.51883e-16
212.275 12.9644 -5.77055e-18
254.743 15.5573 2.5959e-16
297.216 18.1502 -6.37265e-16
339.693 20.7432 1.08844e-15
371.708 22.3627 -2.74989e-13
371.996 20.749 -1.18903e-12
372.282 19.1484 -4.38782e-11
372.553 17.7726 -8.09716e-12
372.825 16.6917 -4.29492e-11
373.14 15.702 4.46052e-11
373.491 15.0566 -4.19808e-11
373.909 14.5044 -7.19172e-11
374.398 13.9847 4.8418e-10
374.957 13.4838 -8.08741e-11
375.591 13.0176 3.98865e-10
376.282 12.901 -4.23698e-11
377.037 12.8153 -3.82444e-11
377.862 12.7115 -3.02754e-11
378.751 12.5961 -2.47879e-11
379.698 12.4733 -2.07766e-11
380.7 12.3464 -1.76878e-11
381.75 12.2173 -1.54252e-11
382.844 12.0874 -1.3588e-11
383.978 11.9579 -1.2305e-11
385.148 11.8293 -1.11762e-11
386.349 11.7021 -1.02537e-11
387.579 11.5766 -9.52169e-12
388.835 11.453 -8.95057e-12
390.091 11.3332 -8.42676e-12
391.358 11.2163 -7.93999e-12
392.64 11.1013 -7.53778e-12
393.935 10.9884 -7.26552e-12
395.251 10.8985 -5.26591e-12
396.615 10.9031 -5.01661e-12
397.97 10.9825 -3.85867e-12
399.291 11.1924 -3.70068e-12
400.61 11.3759 -3.46345e-12
401.874 11.5334 -3.40181e-12
403.137 11.6773 -3.18008e-12
404.401 11.8117 -3.02341e-12
405.665 11.938 -2.90748e-12
406.926 12.0579 -2.71694e-12
408.188 12.1728 -2.64254e-12
409.437 12.2823 -2.52528e-12
410.546 12.3752 -2.33526e-12
411.624 12.4629 -2.31806e-12
412.707 12.5492 -2.19795e-12
413.795 12.6343 -2.12272e-12
414.888 12.7181 -1.99373e-12
415.985 12.8007 -1.89454e-12
417.083 12.8819 -1.83137e-12
418.053 12.9511 -1.82143e-12
418.963 13.0143 -1.67368e-12
419.889 13.0784 -1.66104e-12
420.833 13.1433 -1.56878e-12
421.789 13.2085 -1.55232e-12
422.756 13.2738 -1.46551e-12
423.732 13.3391 -1.44028e-12
424.715 13.4041 -1.37652e-12
425.703 13.4687 -1.35167e-12
426.695 13.533 -1.21299e-12
427.691 13.5968 -1.22742e-12
428.69 13.66 -1.14626e-12
429.69 13.7227 -1.11169e-12
430.692 13.7848 -1.0925e-12
431.694 13.8464 -1.04577e-12
432.697 13.9073 -1.02142e-12
433.699 13.9677 -9.57304e-13
434.7 14.0274 -9.53496e-13
435.701 14.0866 -8.74042e-13
436.7 14.1451 -8.46496e-13
437.683 14.2021 -7.92591e-13
438.659 14.258 -8.45775e-13
439.625 14.3129 -7.05398e-13
440.589 14.3673 -7.12251e-13
441.552 14.4213 -7.05384e-13
442.509 14.4745 -7.32325e-13
443.46 14.5271 -6.70546e-13
444.409 14.5791 -6.31225e-13
445.356 14.6308 -6.23852e-13
446.3 14.682 -5.9084e-13
447.241 14.7327 -6.05737e-13
448.18 14.783 -5.28917e-13
449.117 14.8328 -5.25441e-13
450.042 14.8818 -5.12158e-13
450.96 14.9299 -4.52416e-13
451.857 14.9765 -4.36379e-13
452.749 15.0225 -5.00545e-13
453.639 15.0683 -4.29287e-13
454.526 15.1137 -4.16626e-13
455.41 15.1589 -4.14551e-13
456.291 15.2037 -4.00676e-13
457.17 15.2482 -2.97401e-13
458.072 15.3955 -2.57267e-12
459.067 15.8219 -5.45138e-13
459.982 16.3419 5.90085e-12
460.833 16.8762 -8.82053e-12
461.651 17.3222 -1.30515e-12
462.442 17.6815 -1.06212e-12
463.194 17.9635 -4.68665e-11
463.959 18.0579 -7.37823e-11
464.713 18.0277 4.40521e-11
465.468 17.8628 6.78285e-11
466.229 17.5754 -3.47786e-11
467.007 17.1896 -1.43559e-10
467.793 16.747 -3.01292e-10
468.583 16.2733 -7.43053e-13
469.373 15.8017 4.30031e-12
470.04 15.9892 -3.10059e-12
470.7 16.1656 -1.93558e-11
471.355 16.3173 1.01274e-11
472.008 16.4335 -9.1813e-12
472.661 16.5074 -3.65688e-10
473.304 16.5625 6.15232e-11
473.937 16.5882 5.18839e-11
474.567 16.5706 3.00339e-11
475.196 16.5046 1.2239e-11
475.826 16.3906 -1.4592e-12
476.418 16.443 2.1383e-11
476.923 16.8833 1.13394e-11
477.431 17.2459 3.19692e-11
477.939 17.545 2.74104e-11
478.449 17.7809 8.77367e-11
478.963 17.956 1.30542e-10
479.481 18.0743 2.04517e-11
480.003 18.1412 1.03025e-12
480.53 18.1643 1.18066e-10
481.041 18.1904 7.79755e-11
481.54 18.2017 -1.86125e-11
482.032 18.1839 -2.27173e-11
482.522 18.1297 3.20527e-11
483.012 18.037 -1.31344e-10
483.504 17.9079 -7.19961e-10
484 17.7464 2.85783e-12
484.505 17.5528 -3.41828e-10
485.013 17.3447 -3.68301e-10
485.522 17.1263 -8.18269e-10
486.033 16.9012 -1.68002e-09
486.506 16.8781 1.30841e-09
486.944 17.0243 8.8205e-11
487.379 17.1669 1.05221e-10
487.812 17.3043 -1.31193e-11
488.242 17.4349 9.7717e-11
488.67 17.5576 -1.50486e-10
489.091 17.686 3.10571e-11
489.493 17.8537 -4.77791e-10
489.882 18.0386 3.37775e-11
490.26 18.228 1.01751e-11
490.63 18.4106 1.45164e-11
490.995 18.5778 1.34382e-12
491.357 18.723 5.06375e-11
491.719 18.8421 5.70987e-11
492.086 18.9188 -1.2371e-10
492.456 18.966 -4.20197e-10
492.827 18.9902 -7.74661e-10
493.199 18.992 -1.11842e-10
493.573 18.9724 5.66735e-11
493.949 18.9331 2.39738e-11
494.327 18.8759 -4.65626e-11
494.707 18.8026 -9.31637e-11
495.088 18.7153 4.26803e-10
495.471 18.6158 4.47712e-11
495.856 18.5059 5.37711e-11
496.242 18.3873 -2.44952e-10
496.629 18.2616 8.76403e-11
497.017 18.13 6.52939e-11
497.407 17.9938 -2.48072e-10
497.786 17.8766 -1.91115e-10
498.152 17.7813 -6.17192e-11
498.51 17.6937 5.03623e-10
498.861 17.6063 8.61083e-11
499.207 17.5137 1.18905e-11
499.551 17.4127 -4.12093e-10
499.894 17.3017 -5.94888e-10
500.237 17.18 -5.29194e-10
500.58 17.0482 -3.36979e-10
500.93 16.8992 -5.05279e-10
501.281 16.746 -6.25369e-10
501.632 16.5893 -6.27386e-10
501.984 16.4299 -8.03127e-10
502.325 16.3461 -5.0244e-10
502.637 16.4378 1.2544e-10
502.947 16.5369 -2.55317e-11
503.255 16.6423 -1.29779e-10
503.561 16.7534 -1.04292e-10
503.864 16.8695 -1.64481e-10
504.166 16.9899 2.12783e-10
504.465 17.1139 -2.58285e-10
504.762 17.241 -3.01983e-10
505.057 17.3704 -5.8098e-10
505.35 17.5016 -9.44616e-10
505.641 17.6339 -2.25728e-09
505.93 17.7668 4.5487e-10
506.217 17.8995 2.44955e-10
506.502 18.0317 -6.16697e-10
506.785 18.1625 -2.9936e-10
