0 0 0
-0.000222187 3.5292e-05 1.52831e-22
-0.000444352 7.0584e-05 3.7349e-21
-0.000666495 0.000105876 -2.16014e-21
-0.000888616 0.000141168 -2.49284e-22
-0.00111072 0.00017646 -4.59291e-22
-0.00133279 0.000211753 1.72678e-20
-0.00155485 0.000247045 -5.22989e-21
-0.00177689 0.000282338 3.27347e-20
-0.00202504 0.000319753 -8.58088e-18
-0.00241095 0.000366951 -1.65898e-17
-0.00281869 0.000414296 4.73411e-16
-0.00324263 0.000461907 4.29015e-15
-0.00367414 0.000509234 -1.96021e-15
-0.00411571 0.000556941 -2.59107e-14
-0.00455398 0.000602003 1.00155e-14
-0.00499473 0.000647244 -1.56458e-14
-0.00544682 0.000694392 -1.0155e-14
-0.00589881 0.000740034 1.87396e-16
-0.00635069 0.000784238 -6.59832e-15
-0.00680243 0.000827058 -1.09675e-15
-0.00725404 0.000868546 -5.05258e-15
-0.0077055 0.000908755 -1.46725e-15
-0.00814973 0.000952131 6.90945e-16
-0.00860506 0.000996285 -2.13846e-15
-0.00906014 0.00104002 -1.98335e-15
-0.009515 0.00108332 -1.92186e-15
-0.00996964 0.00112617 -1.86484e-15
-0.0104241 0.00116856 -1.81234e-15
-0.0108783 0.00121049 -1.76393e-15
-0.0113318 0.00125191 -1.71917e-15
-0.0117833 0.00129269 -1.67822e-15
-0.0122344 0.00133299 -1.63892e-15
-0.0126852 0.00137283 -1.60329e-15
-0.0131358 0.00141221 -1.56917e-15
-0.0135858 0.0014511 -1.53751e-15
-0.0140353 0.00148952 -1.50723e-15
-0.0144844 0.00152747 -1.47899e-15
-0.0149332 0.00156499 -1.45127e-15
-0.015382 0.00160209 -1.42613e-15
-0.0158306 0.00163877 -1.40046e-15
-0.016279 0.00167503 -1.37697e-15
-0.0167265 0.00171083 -1.35507e-15
-0.0171679 0.00174576 -1.33288e-15
-0.0176077 0.00178019 -1.31206e-15
-0.0180473 0.00181425 -1.29202e-15
-0.0184856 0.00184816 -1.30524e-15
-0.018908 0.00188449 -1.29079e-15
-0.0193291 0.00192087 -1.27803e-15
-0.0197481 0.00195723 -1.26534e-15
-0.0201809 0.00199525 -1.27156e-15
-0.0206108 0.00203338 -1.26378e-15
-0.0210233 0.00207028 -1.25632e-15
-0.0214343 0.00210733 -1.24864e-15
-0.021846 0.00214471 -1.24136e-15
-0.0222584 0.00218239 -1.23364e-15
-0.0226714 0.00222035 -1.22671e-15
-0.023085 0.00225858 -1.21988e-15
-0.0234992 0.00229706 -1.21389e-15
-0.0239097 0.00233538 -1.20642e-15
-0.0243036 0.00237232 -1.20097e-15
-0.0246913 0.00240882 -1.1952e-15
-0.0250825 0.0024458 -1.19024e-15
-0.0254765 0.00248319 -1.18465e-15
-0.0258729 0.00252093 -1.1779e-15
-0.0262713 0.00255899 -1.17317e-15
-0.0266713 0.00259733 -1.16851e-15
-0.0270727 0.00263592 -1.16348e-15
-0.0274745 0.00267468 -1.15769e-15
-0.0278768 0.00271359 -1.15324e-15
-0.0282778 0.00275249 -1.14879e-15
-0.0286797 0.00279157 -1.14349e-15
-0.0290822 0.00283083 -1.13906e-15
-0.0294855 0.00287026 -1.13438e-15
-0.0298893 0.00290984 -1.13026e-15
-0.0302934 0.00294954 -1.1262e-15
-0.0306978 0.00298937 -1.12289e-15
-0.0311026 0.00302933 -1.11798e-15
-0.0315079 0.00306942 -1.11481e-15
-0.0319132 0.0031096 -1.11071e-15
-0.0323185 0.00314987 -1.10669e-15
-0.0327231 0.00319015 -1.1037e-15
-0.0331235 0.00323009 -1.10047e-15
-0.0335206 0.00326978 -1.09668e-15
-0.033916 0.00330937 -1.09448e-15
-0.0343117 0.00334907 -1.0917e-15
-0.0347076 0.00338886 -1.08721e-15
-0.0351038 0.00342875 -1.08592e-15
-0.0354994 0.00346865 -1.08248e-15
-0.0358951 0.00350863 -1.07865e-15
-0.0362911 0.0035487 -1.07639e-15
-0.0366868 0.0035888 -1.07311e-15
-0.0370809 0.00362881 -1.06977e-15
-0.0374675 0.00366812 -1.06694e-15
-0.037843 0.00370636 -1.0645e-15
-0.0382135 0.00374415 -1.06246e-15
-0.0385848 0.00378208 -1.06135e-15
-0.0389571 0.00382015 -1.05858e-15
-0.0393302 0.00385836 -1.05636e-15
-0.0397041 0.0038967 -1.05337e-15
-0.0400788 0.00393517 -1.05188e-15
-0.0404542 0.00397376 -1.05008e-15
-0.0408303 0.00401248 -1.04786e-15
-0.0411919 0.00404976 -1.0449e-15
-0.0415542 0.00408715 -1.04365e-15
-0.041905 0.0041234 -1.04169e-15
-0.0422561 0.00415973 -1.03972e-15
-0.04261 0.00419638 -1.03785e-15
-0.0429664 0.00423332 -1.03646e-15
-0.0433247 0.00427052 -1.03451e-15
-0.0436849 0.00430794 -1.03302e-15
-0.0440467 0.00434557 -1.03101e-15
-0.0444099 0.00438338 -1.03031e-15
-0.0447744 0.00442137 -1.02749e-15
-0.0451401 0.00445952 -1.02582e-15
-0.0455068 0.00449781 -1.02445e-15
-0.0458744 0.00453625 -1.02272e-15
-0.046243 0.00457481 -1.02206e-15
-0.0466119 0.00461345 -1.01953e-15
-0.0469808 0.00465213 -1.0181e-15
-0.0473503 0.00469091 -1.0172e-15
-0.0477783 0.0047333 -1.0421e-15
-0.0482908 0.00478033 -1.02691e-15
-0.0488315 0.00482743 -1.30077e-15
-0.0493956 0.00487421 -1.05783e-15
-0.0499816 0.00492024 -8.60316e-16
-0.0505835 0.00496526 -1.11172e-15
-0.0511965 0.00500914 -6.40887e-16
-0.0518317 0.00505168 -9.87558e-16
-0.0524855 0.00509249 -1.26414e-15
-0.0531387 0.00513183 -9.86723e-16
-0.0538018 0.00516938 -1.43782e-15
-0.0544732 0.00520504 -6.43437e-16
-0.0551501 0.00523886 2.30263e-16
-0.0558297 0.00527094 1.98916e-15
-0.0565099 0.00530144 4.74329e-15
-0.0571831 0.00533089 1.95232e-15
-0.0578536 0.0053592 4.59864e-15
-0.0585216 0.00538644 1.41965e-14
-0.0591868 0.00541274 3.5244e-15
-0.0598485 0.00543818 1.25254e-15
-0.060518 0.00546516 7.71894e-16
-0.0612032 0.00549506 2.48558e-15
-0.061889 0.00552508 2.44992e-15
-0.0625751 0.00555514 2.1619e-15
-0.0632614 0.00558512 2.08213e-15
-0.0639476 0.00561496 2.28272e-15
-0.0646334 0.00564457 6.4952e-15
-0.0653213 0.00567387 6.9655e-16
-0.0660143 0.00570272 -6.64846e-16
-0.0667106 0.00573106 4.05751e-16
-0.0674092 0.00575884 -1.24528e-15
-0.0681093 0.00578603 -6.90014e-16
-0.0688101 0.00581263 2.097e-16
-0.0695109 0.00583863 1.60656e-15
-0.0702111 0.00586404 2.56771e-15
-0.0709273 0.00589187 2.19183e-15
-0.0716544 0.00592133 2.24652e-15
-0.0723808 0.00595078 4.49094e-15
-0.0731082 0.0059801 8.21217e-16
-0.0738364 0.00600926 -2.16524e-16
-0.0745649 0.0060382 9.34743e-16
-0.0752936 0.00606689 3.70393e-16
-0.0760221 0.00609531 -2.09451e-15
-0.0767502 0.00612345 6.24188e-16
-0.0774777 0.00615129 -5.16707e-16
-0.0782045 0.00617883 -8.6814e-16
-0.078932 0.00620604 -5.05813e-15
-0.0796666 0.00623269 -9.31294e-15
-0.0804061 0.00625878 3.95017e-19
-0.0811495 0.00628428 1.27376e-14
-0.0818958 0.0063092 3.13245e-14
-0.0826442 0.00633355 5.34084e-14
-0.0833939 0.00635734 8.25734e-14
-0.0841442 0.00638062 1.12896e-13
-0.0848945 0.00640341 1.69813e-13
-0.0856443 0.00642575 2.79168e-13
-0.0863909 0.00644782 4.46783e-13
-0.0871352 0.00646962 6.4945e-13
-0.0878785 0.00649108 8.37767e-13
-0.0886207 0.00651223 1.08975e-12
-0.0893617 0.0065331 1.39101e-12
-0.0901015 0.0065537 1.80512e-12
-0.0908405 0.00657415 7.89835e-13
-0.0915928 0.006597 7.1508e-13
-0.0923456 0.00661998 6.95825e-13
-0.0930988 0.00664307 6.81846e-13
-0.0938525 0.00666626 6.71656e-13
-0.0946067 0.00668952 6.56896e-13
-0.0953614 0.00671286 6.47009e-13
-0.0961165 0.00673624 6.44645e-13
-0.0968721 0.00675965 6.26804e-13
-0.0976341 0.00678304 6.21587e-13
-0.0984013 0.00680642 6.08257e-13
-0.099173 0.00682975 5.84826e-13
-0.0999486 0.006853 6.02587e-13
-0.100728 0.00687615 5.40437e-13
-0.10151 0.00689918 5.23033e-13
-0.102294 0.00692205 5.58437e-13
-0.103081 0.00694475 5.55735e-13
-0.103869 0.00696726 5.50911e-13
