0 0
-0.000495328 1.25
-0.00198131 2.5
-0.00445796 3.75
-0.00792526 5
-0.0123832 6.25
-0.0178319 7.5
-0.0242712 8.75
-0.0317013 10
-0.0400048 11.25
-0.0493449 12.5
-0.059689 13.75
-0.0709643 15
-0.0835064 16.25
-0.0970328 17.5
-0.111011 18.75
-0.126584 20
-0.143138 21.25
-0.160758 22.5
-0.178588 23.75
-0.197036 25
-0.21755 26.25
-0.239124 27.5
-0.261725 28.75
-0.285353 30
-0.310006 31.25
-0.335685 32.5
-0.362336 33.75
-0.389999 35
-0.418661 36.25
-0.448427 37.5
-0.479217 38.75
-0.51103 40
-0.543795 41.25
-0.577622 42.5
-0.612252 43.75
-0.648086 45
-0.684956 46.25
-0.719172 47.5
-0.753322 48.75
-0.791632 50
-0.831795 51.25
-0.872946 52.5
-0.914973 53.75
-0.957978 55
-1.00224 56.25
-1.0475 57.5
-1.09378 58.75
-1.14107 60
-1.18936 61.25
-1.23799 62.5
-1.28824 63.75
-1.33934 65
-1.39127 66.25
-1.44434 67.5
-1.49856 68.75
-1.55388 70
-1.61021 71.25
-1.66755 72.5
-1.7259 73.75
-1.78517 75
-1.84506 76.25
-1.90635 77.5
-1.96869 78.75
-2.03213 80
-2.09659 81.25
-2.16205 82.5
-2.22852 83.75
-2.29545 85
-2.36295 86.25
-2.43201 87.5
-2.50205 88.75
-2.5729 90
-2.64496 91.25
-2.71841 92.5
-2.79288 93.75
-2.86836 95
-2.94485 96.25
-3.02235 97.5
-3.10086 98.75
-3.18039 100
-3.26093 101.25
-3.3419 102.5
-3.42419 103.75
-3.50778 105
-3.59233 106.25
-3.67787 107.5
-3.76442 108.75
-3.85208 110
-3.9404 111.25
-4.02963 112.5
-4.11906 113.75
-4.20942 115
-4.30171 116.25
-4.39502 117.5
-4.48933 118.75
-4.58479 120
-4.68115 121.25
-4.77854 122.5
-4.88534 123.75
-5.00667 125
-5.1379 126.25
-5.27833 127.5
-5.42423 128.75
-5.57833 130
-5.73802 131.25
-5.90083 132.5
-6.06758 133.75
-6.23677 135
-6.40682 136.25
-6.5758 137.5
-6.7449 138.75
-6.91384 140
-7.08666 141.25
-7.26447 142.5
-7.44359 143.75
-7.62389 145
-7.80522 146.25
-7.98809 147.5
-8.17376 148.75
-8.36151 150
-8.55089 151.25
-8.74146 152.5
-8.93291 153.75
-9.13342 155
-9.33506 156.25
-9.53818 157.5
-9.74258 158.75
-9.94809 160
-10.1546 161.25
-10.3619 162.5
-10.5699 163.75
-10.7804 165
-10.9941 166.25
-11.2102 167.5
-11.4283 168.75
-11.6478 170
-11.8685 171.25
-12.0901 172.5
-12.3115 173.75
-12.5333 175
-12.7558 176.25
-12.9788 177.5
-13.2042 178.75
-13.4335 180
-13.664 181.25
-13.8957 182.5
-14.1287 183.75
-14.3628 185
-14.5987 186.25
-14.8377 187.5
-15.0795 188.75
-15.3239 190
-15.5705 191.25
-15.819 192.5
-16.0692 193.75
-16.321 195
-16.5733 196.25
-16.8267 197.5
-17.0812 198.75
-17.3368 200
-17.5935 201.25
-17.851 202.5
-18.1095 203.75
-18.3689 205
-18.6292 206.25
-18.8902 207.5
-19.1522 208.75
-19.4149 210
-19.6785 211.25
-19.9429 212.5
-20.2081 213.75
-20.4761 215
-20.7467 216.25
-21.0196 217.5
-21.2944 218.75
-21.5709 220
-21.8489 221.25
-22.1283 222.5
-22.4087 223.75
-22.6899 225
-22.9714 226.25
-23.2538 227.5
-23.5371 228.75
-23.8213 230
-24.108 231.25
-24.3967 232.5
-24.6865 233.75
-24.9776 235
-25.2699 236.25
-25.5634 237.5
-25.8581 238.75
-26.1541 240
-26.4513 241.25
-26.7499 242.5
-27.0496 243.75
-27.3507 245
-27.6531 246.25
-27.9567 247.5
-28.2617 248.75
-28.5679 250
