0 0 0
-42.4422 2.59288 5.31182e-19
-84.8801 5.18575 2.10464e-16
-127.314 7.77864 -1.05677e-16
-169.743 10.3715 3.09025e-16
-212.169 12.9644 -2.6257e-16
-254.59 15.5573 8.19251e-16
-297.007 18.1502 3.56404e-16
-339.421 20.7432 7.0874e-16
-371.701 22.4002 -2.26259e-13
-371.988 20.796 2.25108e-13
-372.273 19.2008 3.50222e-11
-372.542 17.8361 8.57195e-12
-372.815 16.7457 4.39995e-11
-373.13 15.7485 -4.40676e-11
-373.473 15.1324 4.17464e-11
-373.888 14.568 7.20268e-11
-374.375 14.0396 -4.8334e-10
-374.931 13.5322 8.10432e-11
-375.55 13.0996 -3.94581e-10
-376.218 13.0263 4.30294e-11
-376.967 12.9202 3.80797e-11
-377.784 12.8022 3.01934e-11
-378.665 12.6769 2.47117e-11
-379.604 12.5472 2.0622e-11
-380.596 12.415 1.76461e-11
-381.637 12.282 1.53365e-11
-382.723 12.1491 1.36284e-11
-383.848 12.0172 1.22173e-11
-385.009 11.8866 1.11232e-11
-386.202 11.7577 1.02875e-11
-387.423 11.6308 9.52662e-12
-388.67 11.5059 8.88958e-12
-389.918 11.3852 8.37794e-12
-391.177 11.2675 7.9793e-12
-392.451 11.1518 7.56124e-12
-393.739 11.0382 7.18411e-12
-395.025 10.9819 5.16573e-12
-396.262 11.1687 5.05108e-12
-397.522 11.3288 3.83712e-12
-398.821 11.4875 3.67878e-12
-400.115 11.6389 3.59075e-12
-401.355 11.7776 3.33597e-12
-402.594 11.9101 3.27522e-12
-403.833 12.0378 3.11528e-12
-405.072 12.1606 2.96124e-12
-406.308 12.2793 2.88486e-12
-407.544 12.3942 2.68231e-12
-408.768 12.5051 2.55759e-12
-409.853 12.6024 2.51211e-12
-410.907 12.6947 2.34949e-12
-411.967 12.7855 2.28212e-12
-413.031 12.8747 2.14845e-12
-414.1 12.9625 2.12243e-12
-415.172 13.049 2.06113e-12
-416.246 13.1342 1.94087e-12
-417.194 13.2097 1.79043e-12
-418.081 13.28 1.85509e-12
-418.985 13.3502 1.72785e-12
-419.906 13.4203 1.69347e-12
-420.839 13.4903 1.59291e-12
-421.783 13.5601 1.53721e-12
-422.736 13.6295 1.466e-12
-423.695 13.6986 1.40931e-12
-424.66 13.7672 1.32913e-12
-425.629 13.8354 1.40929e-12
-426.601 13.9032 1.25191e-12
-427.576 13.9704 1.26118e-12
-428.553 14.037 1.17927e-12
-429.53 14.1032 1.14766e-12
-430.508 14.1688 1.10363e-12
-431.487 14.2338 1.03531e-12
-432.465 14.2982 1.02583e-12
-433.442 14.3621 9.42021e-13
-434.418 14.4255 9.65652e-13
-435.393 14.4882 9.45244e-13
-436.352 14.5498 9.55801e-13
-437.304 14.6103 7.58459e-13
-438.245 14.67 9.24319e-13
-439.186 14.7291 8.0068e-13
-440.124 14.7876 7.45294e-13
-441.057 14.8455 6.11599e-13
-441.984 14.9027 6.92551e-13
-442.908 14.9594 6.71341e-13
-443.831 15.0156 6.11249e-13
-444.751 15.0714 6.22336e-13
-445.668 15.1267 5.29123e-13
-446.583 15.1815 6.1729e-13
-447.495 15.2359 5.31566e-13
-448.396 15.2896 5.53243e-13
-449.29 15.3425 5.61394e-13
-450.163 15.3944 5.54411e-13
-451.031 15.4455 4.08592e-13
-451.897 15.4963 4.77256e-13
-452.76 15.5467 4.6495e-13
-453.62 15.5967 3.99576e-13
-454.478 15.6464 4.22752e-13
-455.332 15.6956 5.26196e-13
-455.44 15.607 7.29153e-13
-452.923 15.1194 2.88756e-13
-447.943 14.5341 9.18325e-13
-440.828 13.9049 2.7045e-12
-432.124 13.3139 1.09789e-12
-422.287 12.7621 9.81651e-13
-411.686 12.1832 1.84141e-11
-402.305 11.6645 3.077e-11
-392.724 11.1673 -1.25998e-11
-383.192 10.7143 -3.30683e-11
-373.901 10.3191 3.83015e-12
-365.055 10.0193 4.83451e-11
-356.658 9.77785 2.27717e-10
-348.712 9.57621 -5.52176e-11
-341.216 9.41659 -7.22809e-11
-333.843 9.52418 -2.69013e-11
-326.873 9.6244 -1.4539e-11
-320.293 9.71146 -7.46386e-12
-314.087 9.78228 -3.84177e-11
-308.236 9.83591 -1.55527e-10
-302.668 9.85571 7.06184e-11
-297.368 9.84395 1.07452e-11
-292.337 9.80916 -2.87833e-11
-287.573 9.75837 -2.28775e-11
-283.064 9.69761 -1.15271e-11
-278.742 9.69354 1.94237e-12
-274.531 9.79546 -1.05152e-11
-270.547 9.8813 1.82417e-11
-266.765 9.94616 1.21768e-11
-263.173 9.99266 2.72894e-11
-259.761 10.0237 -5.04824e-11
-256.517 10.0421 -1.5665e-10
-253.433 10.0506 -1.23094e-11
-250.495 10.0508 5.89075e-11
-247.66 10.0185 -1.02411e-10
-244.927 9.96041 1.45158e-13
-242.299 9.88416 3.77458e-12
-239.776 9.79685 3.49527e-11
-237.356 9.70453 -5.0813e-11
-235.038 9.61203 1.00314e-09
-232.817 9.52308 3.24299e-10
-230.701 9.45359 9.97288e-10
-228.671 9.38792 2.54393e-09
-226.723 9.32685 5.79401e-09
-224.853 9.27077 1.31028e-08
-223.034 9.2716 7.58822e-09
-221.262 9.31441 9.20316e-12
-219.552 9.3581 -3.54681e-10
-217.902 9.40163 -3.91999e-10
-216.308 9.4444 -3.66919e-10
-214.768 9.48544 -6.8828e-10
-213.274 9.52168 -4.346e-10
-211.814 9.5461 -7.06365e-10
-210.39 9.56055 -5.10542e-10
-209.003 9.56591 -6.49827e-10
-207.653 9.56305 -7.42026e-10
-206.341 9.55299 -8.37895e-10
-205.066 9.53682 -8.47794e-10
-203.828 9.51565 -9.50814e-10
-202.63 9.49584 -2.75171e-09
-201.469 9.47429 -2.43124e-09
-200.341 9.44965 -2.26993e-09
-199.246 9.42264 -1.14098e-09
-198.181 9.39394 -7.44915e-10
-197.148 9.36413 -7.46116e-10
-196.143 9.33367 -7.05338e-10
-195.166 9.30295 -5.93036e-10
-194.216 9.27228 -2.25829e-10
-193.292 9.24188 -6.41506e-10
-192.393 9.21191 -6.5439e-10
-191.517 9.18249 -7.67767e-10
-190.664 9.15368 -2.43613e-10
-189.833 9.12554 -3.24806e-10
-189.023 9.09807 -5.17554e-10
-188.228 9.06196 -4.24637e-10
-187.445 9.01346 -8.25033e-11
-186.677 8.95698 -5.98189e-10
-185.923 8.89502 -2.54496e-09
-185.184 8.82983 -2.55031e-09
-184.46 8.76337 -3.40049e-09
-183.752 8.69726 -3.80825e-09
-183.059 8.63276 -3.31079e-09
-182.381 8.57083 -2.7312e-09
-181.721 8.52029 -3.29006e-09
-181.076 8.47191 -4.00886e-09
-180.444 8.42592 -4.5613e-09
-179.826 8.38243 -3.09976e-09
-179.22 8.36062 -2.14694e-09
-178.62 8.38277 1.33661e-09
-178.033 8.40862 1.31124e-09
-177.457 8.43746 3.17065e-10
-176.891 8.46869 -4.30408e-10
-176.337 8.50174 -1.37442e-09
-175.793 8.53611 4.93626e-10
-175.259 8.57135 -1.22165e-09
-174.735 8.60706 -2.24575e-09
-174.22 8.64287 -4.42279e-09
-173.714 8.67844 -7.37742e-09
-173.217 8.71348 -8.10037e-09
-172.729 8.74771 1.60024e-09
-172.249 8.78092 1.19436e-09
-171.777 8.81288 -1.02057e-09
-171.313 8.84342 -2.58096e-10
