0 0 0
42.4464 2.59288 -1.22994e-16
84.8971 5.18575 3.95711e-17
127.352 7.77864 1.66852e-16
169.811 10.3715 3.51585e-16
212.275 12.9644 -4.37182e-16
254.743 15.5573 2.90573e-16
297.216 18.1502 -1.47971e-15
339.693 20.7432 2.89239e-16
371.696 22.4263 -1.24481e-13
371.904 21.2718 -1.30998e-12
372.093 20.1969 3.99281e-12
372.287 19.1049 5.48962e-11
372.456 18.2282 3.88985e-11
372.632 17.3966 -1.77735e-09
372.803 16.7231 -3.10797e-08
372.992 16.0851 2.61418e-08
373.2 15.4872 9.15439e-10
373.405 15.1357 -2.1378e-09
373.638 14.7932 1.63412e-09
373.899 14.4603 -6.35515e-10
374.189 14.1371 7.53976e-10
374.507 13.8235 -1.91719e-10
374.853 13.5195 4.32702e-10
375.227 13.2249 -3.72021e-11
375.636 12.9412 1.62503e-10
376.053 12.8664 1.27795e-10
376.489 12.8294 1.20718e-10
376.953 12.7815 1.11604e-10
377.444 12.7252 1.03688e-10
377.961 12.6624 9.66617e-11
378.502 12.5946 9.04908e-11
379.065 12.5231 8.49358e-11
379.651 12.4488 7.99968e-11
380.258 12.3724 7.55216e-11
380.884 12.2947 7.14857e-11
381.529 12.216 6.78414e-11
382.192 12.1367 6.44918e-11
382.871 12.0572 6.14529e-11
383.565 11.9777 5.86769e-11
384.274 11.8984 5.61013e-11
384.997 11.8194 5.37027e-11
385.732 11.7409 5.15258e-11
386.48 11.6628 4.94882e-11
387.238 11.5854 4.75784e-11
388.007 11.5086 4.57996e-11
388.785 11.4326 4.41433e-11
389.572 11.3572 4.26087e-11
390.367 11.2826 4.11515e-11
391.17 11.2087 3.97834e-11
391.979 11.1356 3.84793e-11
392.795 11.0633 3.73017e-11
393.616 10.9918 3.61526e-11
394.443 10.921 3.50626e-11
395.294 10.9035 2.58854e-11
396.155 10.9065 2.52777e-11
397.021 10.913 2.46073e-11
397.89 10.9218 2.40337e-11
398.745 10.9883 1.83024e-11
399.581 11.1266 1.78162e-11
400.421 11.2517 1.73266e-11
401.262 11.3664 1.68249e-11
402.106 11.4728 1.62871e-11
402.952 11.5723 1.57605e-11
403.799 11.6662 1.52694e-11
404.647 11.7556 1.47838e-11
405.495 11.8411 1.42384e-11
406.344 11.9232 1.37816e-11
407.194 12.0026 1.33051e-11
408.043 12.0795 1.28789e-11
408.89 12.154 1.24083e-11
409.736 12.2264 1.20228e-11
410.579 12.297 1.15712e-11
411.417 12.3656 1.12043e-11
412.254 12.4327 1.08148e-11
413.09 12.4985 1.04533e-11
413.925 12.5631 1.01174e-11
414.759 12.6265 9.7894e-12
415.591 12.6889 9.44287e-12
416.421 12.7501 9.1343e-12
417.251 12.8104 8.83556e-12
418.078 12.8698 8.52999e-12
418.904 12.9282 8.25613e-12
419.728 12.9858 7.99869e-12
420.55 13.0425 7.73704e-12
421.37 13.0984 7.51095e-12
422.188 13.1535 7.2448e-12
423.005 13.2079 7.01234e-12
423.819 13.2615 6.78581e-12
424.63 13.3144 6.57361e-12
425.44 13.3667 6.37248e-12
426.248 13.4182 6.16628e-12
427.053 13.4692 6.00381e-12
427.856 13.5194 5.79548e-12
428.654 13.5689 5.61577e-12
429.447 13.6176 5.44373e-12
430.238 13.6657 5.28552e-12
431.02 13.7128 5.13656e-12
431.799 13.7593 4.97682e-12
432.575 13.8053 4.78983e-12
433.35 13.8508 4.64776e-12
434.121 13.8959 4.54443e-12
434.891 13.9405 4.36529e-12
435.658 13.9846 4.26274e-12
436.423 14.0283 4.13657e-12
437.186 14.0715 4.01541e-12
437.946 14.1143 3.87252e-12
438.703 14.1567 3.80346e-12
439.459 14.1987 3.62555e-12
440.212 14.2403 3.58615e-12
440.958 14.2811 3.47427e-12
441.695 14.3211 3.35882e-12
442.43 14.3608 3.27548e-12
443.149 14.3991 3.17348e-12
443.862 14.4369 3.07955e-12
444.573 14.4744 3.02223e-12
445.282 14.5116 2.94007e-12
445.989 14.5486 2.84056e-12
446.694 14.5853 2.75427e-12
447.397 14.6218 2.68789e-12
448.098 14.6579 2.65573e-12
448.796 14.6939 2.55299e-12
449.493 14.7295 2.46065e-12
450.188 14.7649 2.41353e-12
450.86 14.7986 2.34155e-12
451.524 14.8315 2.30955e-12
452.177 14.8637 2.20224e-12
452.796 14.8932 2.16775e-12
453.414 14.9229 2.12127e-12
454.033 14.9526 2.07663e-12
454.651 14.9823 2.02145e-12
455.268 15.012 1.95803e-12
455.886 15.0417 1.91945e-12
456.503 15.0713 1.8883e-12
457.119 15.1009 1.81613e-12
457.736 15.1304 1.7819e-12
458.351 15.1677 1.74564e-12
458.951 15.3396 -1.73223e-12
459.548 15.6014 1.24467e-11
460.117 15.913 3.16679e-11
460.659 16.2458 1.81244e-10
461.175 16.5851 3.69364e-11
461.67 16.9161 -5.96178e-12
462.152 17.2149 -2.97771e-11
462.627 17.4667 1.38664e-11
463.088 17.6978 -1.39064e-11
463.53 17.9151 -3.38785e-11
463.961 18.0943 -1.35445e-11
464.406 18.183 -3.11679e-11
464.845 18.234 -1.90688e-11
465.28 18.2408 -1.95082e-11
465.714 18.2003 4.56625e-12
466.149 18.1125 2.6519e-11
466.586 17.9797 1.11498e-10
467.025 17.8064 1.34329e-10
467.473 17.5948 8.84422e-11
467.926 17.355 1.16387e-10
468.382 17.0973 2.25944e-11
468.84 16.8261 -1.19025e-11
469.299 16.5455 -1.3636e-11
469.76 16.2594 -6.14799e-11
470.223 15.9709 -4.94988e-11
470.647 15.8918 3.75881e-12
471.034 16.0067 -8.0658e-11
471.419 16.1173 -1.69463e-11
471.802 16.2208 4.05237e-11
472.184 16.3146 -5.33143e-12
472.566 16.3963 7.86262e-11
472.947 16.4643 3.37654e-11
473.329 16.5173 -4.0142e-11
473.711 16.5569 -5.35898e-11
474.086 16.5954 2.02129e-11
474.458 16.6245 9.97604e-12
474.828 16.6406 8.25125e-11
475.197 16.6412 -1.91687e-11
475.565 16.6248 3.85529e-12
475.933 16.5907 8.48457e-11
476.302 16.5389 5.17946e-11
476.671 16.4701 -3.39779e-13
477.042 16.385 -3.92396e-11
477.398 16.3733 -3.35116e-11
477.696 16.6425 -9.14011e-11
477.998 16.8787 -2.79088e-12
478.3 17.0938 -7.42951e-11
478.601 17.288 -7.86884e-11
478.903 17.4611 -6.62267e-11
479.206 17.6131 -7.92539e-11
479.509 17.7441 7.47771e-11
479.814 17.8546 -7.94273e-11
480.121 17.9452 4.17477e-11
480.429 18.0168 7.81025e-11
480.738 18.0704 2.79258e-13
481.05 18.107 -5.8516e-11
481.363 18.1277 3.54049e-11
481.675 18.1413 -3.41762e-11
481.978 18.1627 -3.36488e-11
482.277 18.1809 2.377e-11
482.572 18.1921 -3.85687e-11
482.865 18.1934 4.69209e-11
483.157 18.1826 1.65363e-10
483.448 18.1586 4.94513e-11
