0 0 0
-2.24908e-10 -34152.3 -5.20822e+07
-8.6736e-10 -68304.6 -1.04164e+08
-1.89061e-09 -102457 -1.56247e+08
-3.2552e-09 -136610 -2.08329e+08
-5.02109e-09 -170763 -2.60412e+08
-6.81428e-09 -204917 -3.12494e+08
-8.93897e-09 -239071 -3.64577e+08
-1.13273e-08 -273225 -4.1666e+08
-1.74339e-06 -303540 -4.62887e+08
-9.69829e-05 -313520 -4.78103e+08
-3.9441e-05 -320721 -4.89081e+08
-0.000281215 -324911 -4.95467e+08
0.000220481 -328813 -5.01412e+08
0.000596343 -330992 -5.0473e+08
-0.00113478 -332750 -5.07407e+08
-0.000891151 -334517 -5.10097e+08
0.00204457 -336123 -5.1254e+08
-0.00305839 -336775 -5.13528e+08
-0.00259517 -337444 -5.14542e+08
-0.00239579 -338131 -5.15583e+08
-0.00205658 -338838 -5.16653e+08
-0.00244897 -339561 -5.17749e+08
-0.00181443 -340303 -5.18872e+08
-0.00140518 -341064 -5.20025e+08
1.55724e-08 -341758 -5.21077e+08
-2.21537e-06 -342152 -5.21669e+08
-5.83259e-09 -342544 -5.22258e+08
-6.24914e-09 -342957 -5.22877e+08
-0.00716662 -343388 -5.23525e+08
-0.00655105 -343838 -5.242e+08
-0.00643183 -344306 -5.24903e+08
-0.00628013 -344791 -5.25632e+08
-0.00612937 -345293 -5.26385e+08
-0.00597827 -345810 -5.27163e+08
-0.00582741 -346343 -5.27963e+08
-0.00567734 -346890 -5.28785e+08
-0.00552858 -347451 -5.29628e+08
-0.00538133 -348026 -5.3049e+08
-0.00523616 -348612 -5.3137e+08
-0.00509324 -349211 -5.32268e+08
-0.00495283 -349820 -5.33183e+08
-0.00481515 -350440 -5.34114e+08
-0.00468038 -351070 -5.35059e+08
-0.00454863 -351710 -5.36018e+08
-0.00442 -352358 -5.3699e+08
-0.00412738 -353014 -5.37974e+08
-0.00427922 -353676 -5.38966e+08
-0.00397751 -354344 -5.39966e+08
-0.00386935 -355017 -5.40976e+08
-0.00375911 -355698 -5.41994e+08
-0.00365213 -356383 -5.43021e+08
-0.00354819 -357075 -5.44056e+08
-0.00344771 -357771 -5.45098e+08
1.0893e-05 -358437 -5.46094e+08
-0.00551239 -359099 -5.47085e+08
-0.00545378 -359764 -5.48082e+08
-0.00540524 -360433 -5.49082e+08
-2.65369e-06 -361097 -5.50074e+08
1.75958e-07 -361755 -5.51055e+08
-5.70071e-09 -362413 -5.52037e+08
-5.5381e-08 -363069 -5.53014e+08
1.11926e-07 -363724 -5.53989e+08
9.94733e-08 -364380 -5.54967e+08
-2.68919e-08 -365038 -5.55946e+08
5.21723e-08 -365698 -5.56927e+08
4.16658e-08 -366358 -5.5791e+08
1.24855e-08 -367020 -5.58893e+08
3.93557e-08 -367683 -5.59878e+08
2.62735e-08 -368346 -5.60863e+08
9.26229e-09 -369010 -5.61849e+08
-1.36057e-07 -369670 -5.62827e+08
-3.75792e-07 -370315 -5.63782e+08
2.87182e-08 -370949 -5.64722e+08
2.98678e-08 -371586 -5.65664e+08
2.59934e-08 -372223 -5.66606e+08
2.06783e-08 -372861 -5.6755e+08
1.32895e-08 -373500 -5.68495e+08
4.7512e-09 -374141 -5.6944e+08
-7.39601e-09 -374781 -5.70386e+08
-5.49545e-05 -375423 -5.71332e+08
-3.51818e-07 -376050 -5.72257e+08
-8.30551e-08 -376668 -5.73168e+08
5.51445e-08 -377270 -5.74054e+08
3.0352e-07 -377875 -5.74942e+08
6.30498e-08 -378483 -5.75835e+08
5.37038e-08 -379093 -5.76732e+08
4.27863e-08 -379706 -5.77631e+08
3.34549e-08 -380320 -5.78532e+08
2.25155e-08 -380935 -5.79434e+08
1.13578e-08 -381552 -5.80338e+08
-3.49974e-09 -382169 -5.81242e+08
-2.61061e-08 -382787 -5.82147e+08
-6.57783e-08 -383405 -5.83052e+08
-1.60766e-07 -384023 -5.83956e+08
-0.000524663 -384642 -5.84861e+08
-0.00012791 -385260 -5.85765e+08
-0.00243793 -385879 -5.86668e+08
2.16973e-07 -386497 -5.8757e+08
1.6742e-07 -387115 -5.88472e+08
1.44537e-07 -387733 -5.89373e+08
1.28599e-07 -388351 -5.90272e+08
1.17783e-07 -388967 -5.9117e+08
1.05967e-07 -389584 -5.92067e+08
1.01943e-07 -390199 -5.92963e+08
9.2914e-08 -390815 -5.93857e+08
8.85993e-08 -391429 -5.94749e+08
-5.521e-08 -392041 -5.95637e+08
6.80157e-08 -392649 -5.96519e+08
6.48288e-08 -393256 -5.97399e+08
6.1933e-08 -393863 -5.98278e+08
-4.46045e-07 -394467 -5.99152e+08
7.16464e-08 -395070 -6.00024e+08
6.92817e-08 -395672 -6.00894e+08
6.57019e-08 -396273 -6.01762e+08
6.43267e-08 -396873 -6.02628e+08
6.27333e-08 -397472 -6.03492e+08
4.99276e-08 -398070 -6.04354e+08
7.38e-08 -398667 -6.05213e+08
7.33562e-08 -399262 -6.06069e+08
6.94708e-08 -399856 -6.06924e+08
6.56655e-08 -400450 -6.07777e+08
6.21003e-08 -401043 -6.08627e+08
6.11035e-08 -401634 -6.09476e+08
5.64905e-08 -402225 -6.10323e+08
-2.30117e-07 -402813 -6.11165e+08
1.8852e-08 -403398 -6.12002e+08
2.16169e-08 -403982 -6.12837e+08
-5.77857e-08 -404564 -6.13669e+08
3.49828e-08 -405140 -6.14491e+08
3.26254e-08 -405715 -6.1531e+08
3.51865e-08 -406289 -6.16128e+08
3.36149e-08 -406862 -6.16943e+08
3.26036e-08 -407435 -6.17757e+08
3.12793e-08 -408006 -6.18568e+08
2.70593e-08 -408576 -6.19377e+08
-6.64804e-08 -409145 -6.20185e+08
1.27839e-08 -409713 -6.20989e+08
1.33659e-08 -410279 -6.21792e+08
0.000240432 -410610 -6.22232e+08
3.44111e-05 -410704 -6.22309e+08
0.00337155 -410553 -6.22012e+08
0.000870258 -410168 -6.21358e+08
0.00216024 -409569 -6.20377e+08
9.70424e-06 -408779 -6.19105e+08
-0.00718634 -407827 -6.17585e+08
0.0100478 -406744 -6.15867e+08
0.00338705 -405454 -6.13833e+08
0.00461113 -403876 -6.11361e+08
0.000249587 -402095 -6.08581e+08
0.000306085 -400453 -6.0601e+08
-4.24317e-05 -398680 -6.03242e+08
8.1174e-05 -396810 -6.00327e+08
0.000404417 -394878 -5.97317e+08
0.00115961 -392912 -5.94256e+08
0.00270533 -390938 -5.91184e+08
0.00561413 -388978 -5.88132e+08
0.00249569 -387112 -5.85224e+08
0.00135029 -385337 -5.82454e+08
0.00157249 -383604 -5.79747e+08
0.00188591 -381917 -5.77113e+08
0.00212246 -380283 -5.74557e+08
0.00224377 -378704 -5.72085e+08
0.00224247 -377181 -5.69699e+08
-0.00222587 -375623 -5.67259e+08
-0.00592911 -374048 -5.64792e+08
0.0057623 -372518 -5.62394e+08
0.00379055 -371034 -5.60063e+08
0.0052389 -369595 -5.57803e+08
0.00178906 -368203 -5.55613e+08
0.000833311 -366858 -5.53494e+08
0.000749053 -365559 -5.51445e+08
0.000637833 -364280 -5.49427e+08
0.000651004 -362959 -5.47343e+08
0.00065371 -361622 -5.45237e+08
0.000614426 -360280 -5.43122e+08
0.000558525 -358940 -5.41013e+08
0.000495277 -357612 -5.38919e+08
0.000432248 -356300 -5.36851e+08
0.000374819 -355011 -5.34817e+08
0.000325615 -353749 -5.32824e+08
0.000284965 -352517 -5.30878e+08
-0.0152227 -351264 -5.28898e+08
0.00319957 -349992 -5.26887e+08
0.00223627 -348787 -5.24979e+08
0.00195259 -347612 -5.23116e+08
0.00181494 -346467 -5.21297e+08
0.0016661 -345352 -5.19525e+08
0.00151386 -344269 -5.178e+08
0.00136699 -343217 -5.16123e+08
0.00142655 -342197 -5.14494e+08
0.00130005 -341209 -5.12912e+08
0.00118882 -340252 -5.11378e+08
0.00109208 -339327 -5.09891e+08
0.00100901 -338432 -5.08451e+08
0.000938275 -337567 -5.07055e+08
0.00128264 -336678 -5.05624e+08
0.00127873 -335753 -5.04137e+08
0.00137235 -334807 -5.02619e+08
0.00144454 -333848 -5.01082e+08
0.001514 -332882 -4.99533e+08
