0 0 0
-2.21572e-10 -34241.4 -5.22181e+07
-9.15932e-10 -68482.9 -1.04436e+08
-2.05549e-09 -102725 -1.56654e+08
-3.47455e-09 -136966 -2.08873e+08
-5.27041e-09 -171209 -2.61091e+08
-7.29085e-09 -205451 -3.1331e+08
-9.57039e-09 -239695 -3.65528e+08
-1.19874e-08 -273938 -4.17747e+08
-1.77799e-06 -304997 -4.65109e+08
-0.000114507 -317234 -4.83766e+08
5.60112e-09 -324933 -4.95504e+08
-0.000390051 -330168 -5.03482e+08
-0.00132622 -332985 -5.07775e+08
-0.000628212 -335777 -5.12027e+08
-0.00193795 -336990 -5.13872e+08
-0.00272659 -338100 -5.15559e+08
-0.00311938 -339257 -5.17318e+08
-0.00282058 -340462 -5.1915e+08
0.00164168 -341678 -5.20998e+08
-7.63513e-07 -342327 -5.21982e+08
-2.12449e-08 -342997 -5.22995e+08
-1.93704e-08 -343713 -5.24081e+08
-1.83081e-08 -344477 -5.25237e+08
-1.73368e-08 -345284 -5.26459e+08
-1.68475e-08 -346131 -5.27743e+08
-1.54369e-08 -347016 -5.29084e+08
-6.04719e-07 -347935 -5.30474e+08
-1.6259e-08 -348876 -5.31899e+08
-0.005205 -349826 -5.33338e+08
-1.18926e-08 -350783 -5.34786e+08
-1.07939e-08 -351762 -5.36268e+08
-0.00819106 -352761 -5.37781e+08
-0.00619451 -353779 -5.3932e+08
-0.00804846 -354812 -5.40883e+08
-0.00415039 -355829 -5.42421e+08
-0.00621857 -356837 -5.43946e+08
-0.00244722 -357849 -5.45475e+08
9.68827e-06 -358831 -5.46959e+08
-2.11858e-07 -359813 -5.48444e+08
-9.95533e-06 -360785 -5.49912e+08
4.0439e-07 -361761 -5.51384e+08
2.67577e-07 -362743 -5.52866e+08
4.86525e-08 -363723 -5.54345e+08
-7.18133e-07 -364664 -5.55763e+08
1.84611e-07 -365598 -5.5717e+08
1.56473e-07 -366537 -5.58586e+08
1.23748e-07 -367482 -5.60008e+08
8.87903e-08 -368431 -5.61437e+08
2.39579e-08 -369384 -5.62871e+08
0.0101217 -370318 -5.64276e+08
8.18163e-08 -371208 -5.65615e+08
3.53812e-08 -372106 -5.66964e+08
4.8065e-08 -373000 -5.68307e+08
1.29039e-08 -373895 -5.69649e+08
-1.39844e-07 -374793 -5.70997e+08
-2.90784e-08 -375694 -5.7235e+08
-9.85783e-08 -376598 -5.73705e+08
-1.95087e-07 -377504 -5.75064e+08
-3.44477e-07 -378411 -5.76424e+08
2.82671e-09 -379318 -5.77783e+08
-1.54569e-06 -380192 -5.79091e+08
-1.34605e-08 -381039 -5.80358e+08
-7.48983e-07 -381887 -5.81626e+08
-1.3558e-07 -382735 -5.82893e+08
-2.14986e-07 -383584 -5.84161e+08
-3.34367e-07 -384434 -5.85431e+08
-5.36649e-07 -385285 -5.86701e+08
0.00604607 -386121 -5.87947e+08
-1.01844e-06 -386920 -5.89138e+08
3.50301e-08 -387707 -5.9031e+08
2.8107e-08 -388500 -5.91491e+08
-7.69651e-08 -389295 -5.92673e+08
-4.71653e-07 -390086 -5.9385e+08
-6.51453e-08 -390874 -5.9502e+08
-1.53177e-07 -391664 -5.96193e+08
-2.76814e-07 -392455 -5.97368e+08
-4.90938e-07 -393247 -5.98544e+08
-9.36947e-07 -394040 -5.9972e+08
-2.61886e-06 -394833 -6.00897e+08
-0.00072105 -395627 -6.02072e+08
2.26655e-06 -396420 -6.03247e+08
0.00892576 -397197 -6.04398e+08
-2.6996e-06 -397952 -6.05515e+08
-3.85222e-07 -398697 -6.06615e+08
-7.77363e-08 -399441 -6.07713e+08
-9.83895e-07 -400185 -6.0881e+08
-1.71322e-06 -400929 -6.09908e+08
-4.65428e-07 -401672 -6.11003e+08
-4.47144e-08 -402411 -6.12091e+08
2.53636e-06 -403149 -6.13177e+08
-4.47111e-07 -403865 -6.14231e+08
-2.89521e-07 -404573 -6.15271e+08
9.45292e-08 -405261 -6.16279e+08
5.43587e-08 -405953 -6.17294e+08
-1.04264e-08 -406649 -6.18314e+08
1.38134e-08 -407344 -6.19333e+08
-1.36806e-07 -408038 -6.20348e+08
6.61249e-05 -408733 -6.21365e+08
4.7908e-05 -409116 -6.21903e+08
0.00600386 -408899 -6.21523e+08
3.6415e-05 -408005 -6.20112e+08
-0.050217 -406532 -6.17815e+08
-0.0127446 -404625 -6.14858e+08
-5.03009e-05 -401979 -6.10775e+08
-4.51545e-05 -398928 -6.06077e+08
-9.75992e-05 -395761 -6.012e+08
-0.000236087 -392351 -5.95955e+08
-0.000580101 -388862 -5.90589e+08
0.0507032 -385455 -5.85349e+08
0.00125949 -382336 -5.80548e+08
-0.000158848 -379357 -5.75961e+08
-0.000149029 -376542 -5.71623e+08
1.08677e-05 -373762 -5.67339e+08
0.0209377 -370984 -5.63055e+08
0.0251075 -368346 -5.58986e+08
0.00374576 -365851 -5.55134e+08
0.00513654 -363501 -5.51502e+08
0.00849196 -361220 -5.47976e+08
0.00854994 -358863 -5.44333e+08
0.00734589 -356496 -5.40676e+08
0.00563433 -354161 -5.37066e+08
0.00419845 -351888 -5.33553e+08
0.00316802 -349702 -5.30171e+08
0.000764866 -347409 -5.26625e+08
-0.000614937 -345280 -5.23329e+08
-0.000163735 -343243 -5.20171e+08
-7.54319e-05 -341299 -5.17156e+08
-0.000521951 -339451 -5.14286e+08
7.08974e-05 -337698 -5.11561e+08
0.000106558 -336040 -5.08979e+08
0.00013215 -334473 -5.06536e+08
0.000215119 -332877 -5.04049e+08
0.000273678 -331201 -5.0144e+08
0.000307163 -329492 -4.98782e+08
0.000379685 -327781 -4.9612e+08
-0.00471199 -326092 -4.93491e+08
-0.000535675 -324443 -4.90924e+08
-0.000374746 -322848 -4.8844e+08
-0.000107837 -321372 -4.86135e+08
0.0140333 -319966 -4.83938e+08
0.0174232 -318620 -4.81831e+08
0.0196232 -317334 -4.79816e+08
-0.000852452 -316083 -4.77853e+08
0.000288053 -314853 -4.75922e+08
0.000445565 -313675 -4.74069e+08
0.0044263 -312547 -4.72292e+08
-0.00424055 -311468 -4.70588e+08
-0.00886071 -310436 -4.68956e+08
0.0121981 -309416 -4.67342e+08
0.0132441 -308299 -4.65581e+08
0.00185221 -307121 -4.63729e+08
0.00250391 -305905 -4.61818e+08
0.00198772 -304669 -4.59877e+08
0.000694906 -303431 -4.57932e+08
-0.00106007 -302203 -4.56003e+08
-0.00294809 -300996 -4.54106e+08
0.00487431 -299863 -4.52322e+08
0.00308894 -298774 -4.50603e+08
0.00271094 -297716 -4.48931e+08
0.00241704 -296691 -4.4731e+08
0.00214875 -295701 -4.45741e+08
0.00191185 -294746 -4.44226e+08
0.00171014 -293826 -4.42764e+08
0.00153302 -292942 -4.41356e+08
0.00138033 -292092 -4.39999e+08
0.00124836 -291276 -4.38694e+08
0.00113378 -290493 -4.37438e+08
0.0010334 -289741 -4.3623e+08
0.000944514 -289020 -4.35067e+08
0.000865475 -288328 -4.33949e+08
0.000794719 -287664 -4.32874e+08
0.00122979 -286936 -4.31702e+08
0.00148906 -286155 -4.30449e+08
0.00171603 -285336 -4.2914e+08
0.00189965 -284493 -4.27793e+08
0.00203288 -283637 -4.26428e+08
0.00211394 -282778 -4.25058e+08
0.0021456 -281925 -4.23697e+08
0.00213242 -281084 -4.22354e+08
0.000741835 -280273 -4.21058e+08
0.000862357 -279512 -4.19835e+08
0.000887286 -278769 -4.18641e+08
0.000876586 -278046 -4.17475e+08
0.000856793 -277342 -4.1634e+08
0.000136963 -276647 -4.15217e+08
-0.000453615 -275965 -4.14114e+08
0.000289968 -275303 -4.13041e+08
0.000624458 -274660 -4.11997e+08
0.000760918 -274038 -4.10982e+08
0.000737118 -273434 -4.09997e+08
0.000555369 -272849 -4.09039e+08
0.000220351 -272282 -4.08109e+08
-0.000265475 -271733 -4.07205e+08
-0.000892681 -271202 -4.06328e+08
-0.00165776 -270687 -4.05476e+08
7.56518e-05 -270188 -4.04648e+08
6.06569e-05 -269706 -4.03843e+08
0.000386505 -269238 -4.03061e+08
-0.000205633 -268785 -4.02301e+08
0.00198487 -268346 -4.01562e+08
