0 0 0
-2.2516e-10 -34152.3 -5.20822e+07
-8.59643e-10 -68304.6 -1.04164e+08
-1.92807e-09 -102457 -1.56247e+08
-3.28401e-09 -136610 -2.08329e+08
-4.92889e-09 -170763 -2.60412e+08
-6.85077e-09 -204917 -3.12494e+08
-8.91805e-09 -239071 -3.64577e+08
-1.13134e-08 -273225 -4.1666e+08
-1.20711e-06 -304482 -4.64323e+08
-0.000103163 -316948 -4.8333e+08
-0.000424051 -324846 -4.95371e+08
-0.000592685 -330174 -5.03492e+08
-0.00112218 -332964 -5.07743e+08
-0.000765395 -335777 -5.12028e+08
-0.00243637 -336989 -5.13871e+08
-0.00363757 -338098 -5.15557e+08
-0.00170799 -339250 -5.17307e+08
-0.00269504 -340438 -5.19113e+08
-6.41259e-06 -341650 -5.20954e+08
-3.74566e-07 -342297 -5.21935e+08
-1.54369e-08 -342957 -5.22935e+08
-1.4812e-08 -343667 -5.2401e+08
-1.44228e-08 -344424 -5.25157e+08
-1.29503e-08 -345225 -5.2637e+08
-1.23036e-08 -346067 -5.27645e+08
-1.20199e-08 -346946 -5.28977e+08
-1.07057e-08 -347860 -5.30361e+08
-9.96351e-09 -348806 -5.31793e+08
-9.02583e-09 -349781 -5.33269e+08
-9.14406e-09 -350782 -5.34785e+08
-8.3528e-09 -351807 -5.36337e+08
-0.00803908 -352853 -5.37921e+08
-0.00420106 -353904 -5.39511e+08
-0.00674703 -354963 -5.41114e+08
-0.00633415 -356037 -5.42739e+08
-0.00610322 -357124 -5.44383e+08
0.00522814 -358213 -5.4603e+08
-8.49595e-08 -359258 -5.47611e+08
5.99712e-07 -360303 -5.49191e+08
5.28649e-07 -361334 -5.50749e+08
4.31464e-09 -362365 -5.52306e+08
-3.99586e-07 -363358 -5.53804e+08
1.57692e-07 -364351 -5.55302e+08
-7.82524e-07 -365346 -5.56803e+08
-4.16348e-08 -366343 -5.58306e+08
-6.81666e-08 -367339 -5.59808e+08
-1.76298e-07 -368337 -5.61311e+08
-7.28323e-09 -369328 -5.62804e+08
-1.37044e-06 -370215 -5.64138e+08
8.37317e-08 -371079 -5.65437e+08
6.98037e-08 -371949 -5.66744e+08
5.72836e-08 -372824 -5.68058e+08
4.35648e-08 -373704 -5.69379e+08
2.76232e-08 -374588 -5.70706e+08
4.80104e-08 -375470 -5.72029e+08
-4.10932e-07 -376254 -5.73203e+08
-5.37075e-08 -376997 -5.74314e+08
3.27418e-08 -377754 -5.75446e+08
1.47156e-08 -378525 -5.76599e+08
7.67614e-10 -379307 -5.77767e+08
-1.24128e-08 -380099 -5.78949e+08
-2.59934e-08 -380897 -5.80143e+08
-4.19859e-08 -381702 -5.81345e+08
-5.92918e-08 -382512 -5.82554e+08
-8.07522e-08 -383327 -5.8377e+08
-1.08917e-07 -384145 -5.8499e+08
-1.44257e-07 -384965 -5.86215e+08
-1.94592e-07 -385788 -5.87442e+08
-2.62633e-07 -386613 -5.88671e+08
-3.69815e-07 -387439 -5.89902e+08
-5.5338e-07 -388266 -5.91134e+08
-9.33716e-07 -389094 -5.92366e+08
-2.16836e-06 -389922 -5.93598e+08
0.000163417 -390750 -5.9483e+08
2.49283e-06 -391578 -5.96061e+08
-3.09334e-07 -392388 -5.97266e+08
-3.74639e-08 -393196 -5.98465e+08
7.23772e-07 -393997 -5.99654e+08
6.37861e-07 -394797 -6.00842e+08
5.73287e-07 -395597 -6.02028e+08
2.8791e-07 -396392 -6.03206e+08
6.76486e-07 -397185 -6.0438e+08
6.12614e-07 -397977 -6.05552e+08
5.6771e-07 -398767 -6.06722e+08
5.29966e-07 -399556 -6.07889e+08
5.00808e-07 -400344 -6.09054e+08
4.74814e-07 -401131 -6.10216e+08
4.53045e-07 -401916 -6.11375e+08
0.00518759 -402688 -6.12514e+08
-8.16435e-07 -403453 -6.13641e+08
3.55547e-07 -404201 -6.14743e+08
3.66548e-07 -404948 -6.15842e+08
3.61215e-07 -405694 -6.16939e+08
3.5738e-07 -406438 -6.18032e+08
3.55139e-07 -407181 -6.19123e+08
3.50195e-07 -407922 -6.20211e+08
3.49417e-07 -408662 -6.21296e+08
-2.92219e-05 -409082 -6.21892e+08
0.00437421 -408891 -6.21552e+08
-0.00243255 -408038 -6.20203e+08
6.86771e-05 -406614 -6.17982e+08
-0.151824 -404759 -6.15104e+08
-5.03352e-05 -402228 -6.11197e+08
-3.31416e-05 -399217 -6.06558e+08
-7.0637e-05 -396133 -6.01808e+08
-0.000165944 -392793 -5.96669e+08
-0.000292605 -389356 -5.91382e+08
-0.000772089 -385949 -5.86143e+08
0.0323404 -382855 -5.81379e+08
-0.000153453 -379890 -5.76814e+08
0.0421547 -377082 -5.72486e+08
-0.0280531 -374363 -5.68294e+08
-0.0638119 -371594 -5.64025e+08
0.0170621 -368960 -5.59962e+08
0.015847 -366465 -5.56109e+08
0.00348625 -364110 -5.5247e+08
0.00673691 -361870 -5.49005e+08
0.00717736 -359558 -5.45431e+08
0.00640726 -357222 -5.41822e+08
0.00507359 -354906 -5.38241e+08
0.00382981 -352641 -5.3474e+08
0.00287675 -350454 -5.31356e+08
-0.00031669 -348237 -5.27927e+08
-0.000391745 -346073 -5.24576e+08
-0.000175867 -344028 -5.21408e+08
-8.94717e-05 -342074 -5.18376e+08
-2.98067e-05 -340212 -5.15485e+08
-0.00284113 -338443 -5.12736e+08
0.000122068 -336767 -5.10126e+08
0.00013434 -335180 -5.07654e+08
0.00021912 -333648 -5.05264e+08
0.000209243 -332023 -5.02732e+08
0.000302816 -330350 -5.00129e+08
0.000406815 -328661 -4.975e+08
0.000299818 -326981 -4.94885e+08
-0.00394235 -325331 -4.92317e+08
-0.000403807 -323728 -4.89819e+08
-0.000124474 -322199 -4.87435e+08
0.012397 -320779 -4.85216e+08
0.0140017 -319416 -4.83084e+08
0.0149536 -318112 -4.81041e+08
0.0149007 -316866 -4.79086e+08
-0.000312138 -315633 -4.77149e+08
0.000455741 -314438 -4.75271e+08
0.000371485 -313293 -4.73468e+08
0.00173844 -312197 -4.71739e+08
0.00108668 -311147 -4.70081e+08
-0.0378053 -310143 -4.68491e+08
0.00681639 -309113 -4.66861e+08
0.00912617 -307993 -4.65096e+08
0.00115813 -306820 -4.6325e+08
0.0014253 -305614 -4.61356e+08
0.00074158 -304394 -4.59438e+08
-0.000517662 -303174 -4.57521e+08
-0.00207271 -301966 -4.55623e+08
-0.00366442 -300782 -4.5376e+08
0.00382757 -299681 -4.52023e+08
0.00258851 -298612 -4.50335e+08
0.00232579 -297573 -4.48693e+08
0.00208572 -296567 -4.47101e+08
0.00186598 -295595 -4.4556e+08
0.00167101 -294658 -4.44071e+08
0.00150364 -293755 -4.42633e+08
0.00135589 -292886 -4.41248e+08
0.00122731 -292050 -4.39913e+08
0.00111552 -291248 -4.38628e+08
0.00101757 -290477 -4.37391e+08
0.000931056 -289737 -4.36201e+08
0.000853881 -289026 -4.35055e+08
0.000785104 -288344 -4.33952e+08
0.000722864 -287690 -4.3289e+08
0.00108895 -286974 -4.31737e+08
0.0013427 -286206 -4.30503e+08
0.00155394 -285400 -4.29213e+08
0.001729 -284570 -4.27887e+08
0.00185869 -283726 -4.2654e+08
0.00194048 -282880 -4.25189e+08
0.00197743 -282038 -4.23844e+08
0.00197294 -281207 -4.22516e+08
0.000693725 -280400 -4.21225e+08
0.000793537 -279647 -4.20016e+08
0.000823739 -278912 -4.18833e+08
0.000817077 -278195 -4.17678e+08
0.000801697 -277498 -4.16552e+08
-9.93698e-05 -276813 -4.15444e+08
-0.000973268 -276137 -4.1435e+08
-0.000370908 -275480 -4.13284e+08
-7.65129e-05 -274842 -4.12248e+08
6.34586e-05 -274224 -4.1124e+08
6.7666e-05 -273624 -4.1026e+08
-6.26541e-05 -273043 -4.09308e+08
-0.000324397 -272479 -4.08382e+08
-0.000714744 -271933 -4.07483e+08
-0.00123698 -271404 -4.0661e+08
-0.00187704 -270892 -4.05761e+08
0.000100363 -270396 -4.04936e+08
0.000174136 -269915 -4.04134e+08
0.00530765 -269449 -4.03355e+08
0.000342607 -268997 -4.02597e+08
0.0017924 -268560 -4.0186e+08
