0 0 0
-0.00022128 3.51479e-05 1.42121e-21
-0.000442537 7.02958e-05 4.28751e-22
-0.000663773 0.000105444 3.54252e-21
-0.000884987 0.000140592 2.7847e-21
-0.00110618 0.00017574 1.22136e-20
-0.00132735 0.000210888 9.54383e-21
-0.0015485 0.000246036 1.26876e-20
-0.00176963 0.000281185 1.95599e-21
-0.00201258 0.000318108 2.21242e-18
-0.00239192 0.000365099 1.92547e-17
-0.00279403 0.0004116 4.06095e-16
-0.00321733 0.000460761 2.42241e-16
-0.00364659 0.000506544 -1.26917e-15
-0.00408728 0.000554189 -1.0049e-14
-0.00452814 0.000599615 4.7205e-15
-0.00496903 0.000644707 -6.04058e-15
-0.00541866 0.000691672 -3.2763e-15
-0.0058683 0.00073716 -4.264e-16
-0.00631792 0.000781234 -1.98663e-15
-0.00676752 0.000823945 -8.31048e-16
-0.0072171 0.000865342 -1.49013e-15
-0.00766663 0.000905536 7.64029e-16
-0.00810725 0.000948159 -4.25382e-16
-0.00855884 0.000991981 -6.93417e-16
-0.00901031 0.0010354 -6.66021e-16
-0.00946166 0.00107841 -6.46887e-16
-0.0099129 0.00112099 -6.29489e-16
-0.010364 0.00116313 -6.13075e-16
-0.0108151 0.00120482 -5.98356e-16
-0.011266 0.00124606 -5.84437e-16
-0.0117168 0.00128685 -5.7109e-16
-0.0121676 0.00132719 -5.58753e-16
-0.0126183 0.00136708 -5.46865e-16
-0.013069 0.00140655 -5.40979e-16
-0.0135186 0.00144545 -5.26647e-16
-0.0139676 0.00148389 -5.17241e-16
-0.0144157 0.00152182 -5.0753e-16
-0.0148637 0.00155933 -4.98661e-16
-0.0153116 0.00159642 -4.89902e-16
-0.0157595 0.0016331 -4.82094e-16
-0.0162073 0.00166938 -4.73616e-16
-0.0166551 0.00170525 -4.66286e-16
-0.0171028 0.00174074 -4.58877e-16
-0.0175505 0.00177584 -4.52475e-16
-0.0179981 0.00181056 -4.45022e-16
-0.0184458 0.0018449 -4.39253e-16
-0.0188756 0.00188177 -4.42392e-16
-0.0193026 0.00191866 -4.38229e-16
-0.0197257 0.00195537 -4.34014e-16
-0.0201612 0.00199359 -4.36296e-16
-0.0205984 0.00203236 -4.33231e-16
-0.0210355 0.00207146 -4.31016e-16
-0.0214725 0.00211087 -4.28664e-16
-0.0219094 0.00215056 -4.25658e-16
-0.0223462 0.0021905 -4.24232e-16
-0.0227829 0.00223069 -4.20956e-16
-0.0232195 0.00227109 -4.1889e-16
-0.023656 0.0023117 -4.15937e-16
-0.0240924 0.00235251 -4.14357e-16
-0.0245287 0.0023935 -4.12066e-16
-0.024965 0.00243466 -4.09766e-16
-0.0254012 0.00247599 -4.07769e-16
-0.0258374 0.00251747 -4.06247e-16
-0.0262735 0.00255911 -4.03475e-16
-0.0267095 0.00260088 -4.01325e-16
-0.0271455 0.0026428 -3.99592e-16
-0.0275788 0.0026846 -3.98514e-16
-0.0280092 0.00272624 -3.95386e-16
-0.0284358 0.00276765 -3.9457e-16
-0.0288624 0.00280917 -3.93139e-16
-0.029289 0.0028508 -3.90075e-16
-0.0297155 0.00289254 -3.89977e-16
-0.0301421 0.00293439 -3.88074e-16
-0.0305686 0.00297634 -3.87728e-16
-0.0309951 0.00301839 -3.85256e-16
-0.0314216 0.00306054 -3.8382e-16
-0.0318481 0.00310279 -3.83348e-16
-0.0322746 0.00314513 -3.8209e-16
-0.0327007 0.00318752 -3.80297e-16
-0.0331186 0.00322919 -3.79469e-16
-0.033528 0.0032701 -3.7794e-16
-0.0339326 0.0033106 -3.7649e-16
-0.0343372 0.00335119 -3.76141e-16
-0.034742 0.00339186 -3.74477e-16
-0.0351468 0.00343261 -3.73524e-16
-0.0355517 0.00347345 -3.71932e-16
-0.0359568 0.00351436 -3.70582e-16
-0.036362 0.00355536 -3.7057e-16
-0.0367673 0.00359644 -3.69287e-16
-0.0371656 0.00363688 -3.67669e-16
-0.0375501 0.00367598 -3.67016e-16
-0.0379044 0.00371208 -3.66558e-16
-0.0382571 0.00374806 -3.6582e-16
-0.0386113 0.00378425 -3.65059e-16
-0.038967 0.00382063 -3.64488e-16
-0.0393241 0.0038572 -3.6341e-16
-0.0396826 0.00389397 -3.62408e-16
-0.0400425 0.00393092 -3.60946e-16
-0.0404037 0.00396805 -3.61268e-16
-0.0407661 0.00400536 -3.61129e-16
-0.0411063 0.00404042 -3.60442e-16
-0.0414397 0.00407483 -3.59057e-16
-0.0417619 0.00410813 -3.58319e-16
-0.0420725 0.00414028 -3.58153e-16
-0.042388 0.00417295 -3.57157e-16
-0.0427076 0.00420608 -3.57263e-16
-0.043031 0.00423964 -3.56882e-16
-0.0433578 0.00427358 -3.56006e-16
-0.0436875 0.00430786 -3.55132e-16
-0.04402 0.00434246 -3.5501e-16
-0.0443549 0.00437734 -3.54202e-16
-0.0446921 0.00441249 -3.53941e-16
-0.0450313 0.00444788 -3.54235e-16
-0.0453724 0.00448351 -3.52749e-16
-0.0457153 0.00451935 -3.52673e-16
-0.0460597 0.00455539 -3.52635e-16
-0.0464056 0.00459162 -3.52331e-16
-0.0467529 0.00462802 -3.51806e-16
-0.0471015 0.0046646 -3.50601e-16
-0.0474575 0.00470174 -3.499e-16
-0.0478949 0.00474416 -3.4756e-16
-0.0484106 0.00479065 -2.61302e-16
-0.0489498 0.00483713 -3.33964e-16
-0.0495115 0.00488321 -3.08307e-16
-0.0500941 0.00492848 -4.82754e-16
-0.0506906 0.00497274 -3.69942e-16
-0.0512989 0.00501589 -5.53998e-16
-0.0519292 0.00505764 -4.15772e-16
-0.0525762 0.00509768 -6.12581e-16
-0.0532212 0.00513632 -1.21164e-15
-0.053877 0.00517316 -7.35164e-16
-0.0545406 0.00520817 -5.41524e-16
-0.0552092 0.00524139 -9.82181e-17
-0.0558803 0.00527292 5.32178e-16
-0.0565518 0.00530292 8.24725e-16
-0.0572159 0.00533195 -3.32486e-17
-0.0578777 0.00535985 3.61682e-16
-0.0585372 0.00538671 1.02911e-16
-0.0591938 0.00541265 -1.53834e-15
-0.0598472 0.00543777 -1.82564e-15
-0.0605078 0.00546433 -1.86188e-15
-0.0611843 0.00549383 -5.60409e-16
-0.0618613 0.00552346 -9.07392e-16
-0.0625387 0.00555313 -9.3454e-16
-0.0632163 0.00558273 -7.38339e-16
-0.0638938 0.0056122 -4.04278e-16
-0.064571 0.00564146 6.01746e-15
-0.0652497 0.00567043 -6.85313e-16
-0.0659335 0.00569897 -9.1434e-16
-0.0666207 0.00572702 -8.10281e-16
-0.0673103 0.00575454 5.40188e-17
-0.0680014 0.00578148 3.04801e-16
-0.0686933 0.00580784 -1.04126e-15
-0.0693853 0.00583362 -1.03559e-15
-0.0700769 0.00585883 -1.84569e-15
-0.0707783 0.00588542 -5.34573e-15
-0.0714967 0.00591451 -1.25785e-15
-0.0722137 0.0059436 -5.80684e-16
-0.0729317 0.00597259 -2.1629e-15
-0.0736506 0.00600143 -2.24029e-15
-0.0743699 0.00603007 2.4235e-16
-0.0750895 0.00605848 -1.8111e-15
-0.0758089 0.00608664 -1.56693e-15
-0.0765281 0.00611451 4.26584e-16
-0.0772467 0.00614211 -4.70706e-17
-0.0779647 0.00616941 -3.70773e-15
-0.0786819 0.00619642 -3.91008e-16
-0.0794053 0.00622294 7.19247e-15
-0.080134 0.00624891 3.93078e-15
-0.0808668 0.00627433 1.84292e-16
-0.0816029 0.00629917 1.94497e-16
-0.0823413 0.00632344 -1.47204e-16
-0.0830812 0.00634717 -2.43645e-14
-0.083822 0.00637038 -6.76868e-14
-0.084563 0.0063931 -1.23278e-13
-0.0853038 0.00641537 -1.94753e-13
-0.0860434 0.00643725 -3.26306e-13
-0.0867789 0.00645895 -4.37278e-13
-0.0875135 0.00648031 -5.51659e-13
-0.088247 0.00650136 -6.04491e-13
-0.0889795 0.00652212 -7.14207e-13
-0.0897109 0.00654261 -7.90175e-13
-0.0904409 0.00656284 -8.94525e-13
-0.0911764 0.00658412 -1.02494e-12
-0.0919196 0.00660675 -6.07242e-13
-0.0926632 0.00662949 -5.22954e-13
-0.0934073 0.00665234 -5.1045e-13
-0.0941519 0.00667528 -5.00703e-13
-0.0948969 0.00669829 -4.92032e-13
-0.0956424 0.00672136 -4.8515e-13
-0.0963884 0.00674448 -4.70777e-13
-0.0971367 0.00676757 -4.75886e-13
-0.0978913 0.00679067 -4.63608e-13
-0.0986506 0.00681374 -4.64936e-13
-0.099414 0.00683677 -4.8017e-13
-0.100181 0.00685971 -4.54606e-13
-0.100952 0.00688255 -4.55326e-13
-0.101725 0.00690525 -4.67786e-13
-0.1025 0.0069278 -4.53796e-13
-0.103278 0.00695018 -4.48487e-13
