0 0 0
-2.28269e-08 3.6258e-09 7.15612e-26
-4.56515e-08 7.25161e-09 1.1725e-25
-6.84738e-08 1.08774e-08 5.17093e-25
-9.12939e-08 1.45032e-08 -1.89414e-25
-1.14112e-07 1.81291e-08 -1.74369e-26
-1.36927e-07 2.17549e-08 8.16026e-25
-1.59741e-07 2.53807e-08 7.02471e-25
-1.82552e-07 2.90066e-08 9.34484e-25
-2.05361e-07 3.26325e-08 -1.4419e-25
-2.28168e-07 3.62584e-08 1.95267e-25
-2.50973e-07 3.98843e-08 2.44962e-24
-2.73775e-07 4.35102e-08 8.27512e-25
-2.96576e-07 4.71362e-08 4.56518e-25
-3.19374e-07 5.07622e-08 -2.36114e-25
-3.4217e-07 5.43882e-08 1.38452e-24
-3.64964e-07 5.80142e-08 5.45074e-25
-3.87757e-07 6.16403e-08 3.05144e-26
-4.10546e-07 6.52664e-08 1.34221e-24
-4.33334e-07 6.88926e-08 2.10901e-24
-4.5612e-07 7.25188e-08 2.16355e-24
-4.78904e-07 7.6145e-08 3.77613e-24
-5.01686e-07 7.97713e-08 2.39084e-24
-5.24466e-07 8.33976e-08 3.14288e-24
-5.47244e-07 8.7024e-08 1.22878e-24
-5.70019e-07 9.06504e-08 3.55073e-24
-5.92793e-07 9.42768e-08 -5.43035e-25
-6.15565e-07 9.79034e-08 1.12483e-24
-6.38335e-07 1.0153e-07 -2.06044e-24
-6.61103e-07 1.05157e-07 -1.69072e-24
-6.8387e-07 1.08783e-07 -7.27224e-25
-7.06634e-07 1.1241e-07 9.72832e-25
-7.29396e-07 1.16037e-07 6.6455e-25
-7.52157e-07 1.19664e-07 -1.01939e-24
-7.74915e-07 1.23291e-07 -2.16114e-25
-7.97672e-07 1.26918e-07 7.58698e-25
-8.20427e-07 1.30545e-07 -1.49232e-24
-8.4318e-07 1.34172e-07 -1.51557e-24
-8.65931e-07 1.37799e-07 -2.50769e-25
-8.88681e-07 1.41427e-07 -2.56032e-24
-9.11428e-07 1.45054e-07 1.12569e-24
-9.34174e-07 1.48681e-07 3.94375e-24
-9.56918e-07 1.52309e-07 7.73835e-24
-9.79661e-07 1.55937e-07 3.4554e-24
-1.0024e-06 1.59564e-07 2.30092e-24
-1.02514e-06 1.63192e-07 -4.48743e-24
-1.04788e-06 1.6682e-07 -5.94241e-24
-1.07061e-06 1.70448e-07 6.89685e-24
-1.09335e-06 1.74076e-07 9.15539e-25
-1.11608e-06 1.77705e-07 -3.92959e-24
-1.13881e-06 1.81333e-07 -9.52328e-25
-1.16154e-06 1.84961e-07 2.0868e-24
-1.18427e-06 1.8859e-07 -1.74677e-24
-1.20699e-06 1.92218e-07 -9.01495e-24
-1.22971e-06 1.95847e-07 -5.79071e-24
-1.25244e-06 1.99476e-07 9.32971e-25
-1.27516e-06 2.03105e-07 -7.41372e-24
-1.29788e-06 2.06734e-07 5.85113e-25
-1.32059e-06 2.10363e-07 -4.2508e-25
-1.34331e-06 2.13993e-07 4.37358e-24
-1.36602e-06 2.17622e-07 -1.83302e-24
-1.38874e-06 2.21252e-07 -1.73241e-24
-1.41145e-06 2.24881e-07 1.26909e-24
-1.43416e-06 2.28511e-07 1.10263e-24
-1.45687e-06 2.32141e-07 -7.09207e-24
-1.47957e-06 2.35771e-07 -8.44692e-24
-1.50228e-06 2.39401e-07 -6.54513e-24
-1.52498e-06 2.43032e-07 -8.44998e-24
-1.54769e-06 2.46662e-07 -3.51339e-24
-1.57039e-06 2.50293e-07 -1.07821e-23
-1.59309e-06 2.53924e-07 -1.12981e-23
-1.61579e-06 2.57554e-07 -9.73228e-24
-1.63848e-06 2.61186e-07 -7.65949e-24
-1.66118e-06 2.64817e-07 -7.87721e-24
-1.68387e-06 2.68448e-07 -3.22206e-24
-1.70657e-06 2.7208e-07 -1.11056e-24
-1.72926e-06 2.75711e-07 -1.36949e-23
-1.75195e-06 2.79343e-07 -6.09347e-24
-1.77464e-06 2.82975e-07 -7.49862e-26
-1.79732e-06 2.86607e-07 7.73978e-25
-1.82001e-06 2.90239e-07 -5.95777e-24
-1.84269e-06 2.93872e-07 -5.00658e-24
-1.86538e-06 2.97505e-07 7.39643e-24
-1.88806e-06 3.01137e-07 -9.96872e-24
-1.91074e-06 3.0477e-07 1.81393e-24
-1.93342e-06 3.08404e-07 -1.05009e-25
-1.9561e-06 3.12037e-07 -1.97352e-24
-1.97878e-06 3.1567e-07 2.34045e-24
-2.00145e-06 3.19304e-07 -4.28317e-24
-2.02413e-06 3.22938e-07 -1.3106e-23
-2.0468e-06 3.26572e-07 6.23344e-24
-2.06948e-06 3.30206e-07 -7.22322e-24
-2.09215e-06 3.33841e-07 -1.32332e-23
-2.11482e-06 3.37475e-07 -1.3078e-23
-2.13749e-06 3.4111e-07 -1.84103e-24
-2.16016e-06 3.44745e-07 -1.44446e-23
-2.18282e-06 3.4838e-07 -7.40463e-24
-2.20549e-06 3.52016e-07 1.75905e-24
-2.22815e-06 3.55651e-07 -1.41617e-23
-2.25082e-06 3.59287e-07 -8.92412e-24
-2.27348e-06 3.62923e-07 -6.68849e-24
-2.29614e-06 3.66559e-07 4.69186e-24
-2.3188e-06 3.70196e-07 -6.42042e-24
-2.34146e-06 3.73832e-07 -7.37144e-24
-2.36412e-06 3.77469e-07 -1.31333e-23
-2.38678e-06 3.81106e-07 -1.07672e-23
-2.40944e-06 3.84743e-07 -1.9989e-23
-2.43209e-06 3.88381e-07 -3.03362e-24
-2.45475e-06 3.92019e-07 -9.16859e-24
-2.4774e-06 3.95657e-07 -2.30689e-23
-2.50005e-06 3.99295e-07 -1.68592e-23
-2.52271e-06 4.02933e-07 -2.22964e-23
-2.54536e-06 4.06572e-07 -2.12264e-23
-2.56801e-06 4.10211e-07 -2.35884e-23
-2.59066e-06 4.1385e-07 -4.07772e-24
-2.61331e-06 4.17489e-07 -2.94613e-24
-2.63595e-06 4.21129e-07 -2.42031e-23
-2.6586e-06 4.24768e-07 -9.60801e-24
-2.68125e-06 4.28408e-07 -2.35562e-23
-2.70389e-06 4.32049e-07 -2.15649e-23
-2.72654e-06 4.35689e-07 -1.52704e-23
-2.74918e-06 4.3933e-07 -2.55399e-23
-2.77182e-06 4.42971e-07 -1.9179e-23
-2.79446e-06 4.46612e-07 -1.13169e-23
-2.8171e-06 4.50254e-07 8.7771e-25
-2.83975e-06 4.53896e-07 -2.65964e-23
-2.86238e-06 4.57538e-07 -2.27679e-23
-2.88502e-06 4.6118e-07 -2.79284e-23
-2.90766e-06 4.64823e-07 -1.43494e-23
-2.9303e-06 4.68466e-07 -1.89668e-23
-2.95294e-06 4.72109e-07 -2.76127e-23
-2.97557e-06 4.75752e-07 -2.97538e-24
-2.99821e-06 4.79396e-07 -2.97266e-23
-3.02084e-06 4.8304e-07 -2.16146e-23
-3.04348e-06 4.86684e-07 -2.50464e-23
-3.06611e-06 4.90329e-07 -3.43886e-23
-3.08874e-06 4.93973e-07 -2.64179e-23
-3.11138e-06 4.97618e-07 -2.64454e-23
-3.13401e-06 5.01264e-07 -3.31861e-23
-3.15664e-06 5.04909e-07 -2.65061e-23
-3.17927e-06 5.08555e-07 -1.31078e-23
-3.2019e-06 5.12202e-07 -3.53446e-23
-3.22453e-06 5.15848e-07 -1.58351e-23
-3.24716e-06 5.19495e-07 -1.64196e-23
-3.26979e-06 5.23142e-07 -3.58035e-23
-3.29242e-06 5.2679e-07 -1.90273e-23
-3.31504e-06 5.30437e-07 7.41104e-24
-3.33767e-06 5.34085e-07 -4.02114e-23
-3.3603e-06 5.37734e-07 -3.63721e-23
-3.38292e-06 5.41382e-07 -2.74482e-23
-3.40555e-06 5.45031e-07 -3.39781e-23
-3.42817e-06 5.48681e-07 -1.7179e-23
-3.4508e-06 5.5233e-07 -1.85206e-23
-3.47342e-06 5.5598e-07 -2.85033e-23
-3.49605e-06 5.5963e-07 2.14517e-23
-3.51867e-06 5.63281e-07 -2.49662e-23
-3.54129e-06 5.66932e-07 -4.01649e-23
-3.56392e-06 5.70583e-07 -3.14165e-24
-3.58654e-06 5.74234e-07 -2.27782e-23
-3.60916e-06 5.77886e-07 -3.34231e-23
-3.63178e-06 5.81538e-07 -6.02674e-24
-3.6544e-06 5.85191e-07 -2.87575e-23
-3.67702e-06 5.88844e-07 -4.00531e-23
-3.69964e-06 5.92497e-07 -3.67703e-24
-3.72226e-06 5.96151e-07 -3.03208e-23
-3.74489e-06 5.99805e-07 -1.30512e-23
-3.76751e-06 6.03459e-07 -3.17998e-23
-3.79012e-06 6.07113e-07 -3.17725e-23
-3.81274e-06 6.10768e-07 -5.01148e-24
-3.83536e-06 6.14424e-07 -1.63464e-23
-3.85798e-06 6.18079e-07 -3.58224e-23
-3.8806e-06 6.21735e-07 -3.07372e-23
-3.90322e-06 6.25392e-07 1.56739e-24
-3.92584e-06 6.29048e-07 -2.13421e-24
-3.94846e-06 6.32705e-07 -2.92788e-24
-3.97107e-06 6.36363e-07 -2.7692e-23
-3.99369e-06 6.40021e-07 -2.89748e-23
-4.01631e-06 6.43679e-07 -2.40191e-24
-4.03893e-06 6.47338e-07 -7.39336e-24
-4.06155e-06 6.50997e-07 -4.41695e-24
-4.08416e-06 6.54656e-07 -1.00683e-23
-4.10678e-06 6.58316e-07 -5.06873e-24
-4.1294e-06 6.61976e-07 -9.53943e-24
-4.15202e-06 6.65636e-07 -1.1967e-23
-4.17463e-06 6.69297e-07 -2.15023e-25
-4.19725e-06 6.72958e-07 -1.65805e-23
-4.21987e-06 6.7662e-07 -8.78799e-24
-4.24248e-06 6.80282e-07 -2.5988e-23
-4.2651e-06 6.83944e-07 -3.82077e-23
-4.28772e-06 6.87607e-07 -2.98903e-23
-4.31034e-06 6.9127e-07 -3.79683e-23
-4.33295e-06 6.94934e-07 -2.54e-23
-4.35557e-06 6.98598e-07 1.66778e-23
-4.37819e-06 7.02263e-07 1.3433e-23
-4.40081e-06 7.05927e-07 -4.31155e-24
-4.42342e-06 7.09593e-07 -1.86849e-24
-4.44604e-06 7.13258e-07 -1.81996e-23
-4.46866e-06 7.16925e-07 -1.59196e-23
-4.49128e-06 7.20591e-07 -1.29765e-23
-4.51389e-06 7.24258e-07 -2.23935e-23
-4.53651e-06 7.27925e-07 -3.8889e-23
