0 0 0
0.000221906 3.52438e-05 -8.27689e-22
0.000443834 7.04877e-05 -2.07689e-22
0.000665785 0.000105732 -1.87926e-21
0.000887759 0.000140976 6.27276e-22
0.00110976 0.00017622 -5.83026e-21
0.00133177 0.000211464 1.60171e-21
0.00155382 0.000246708 -7.89991e-21
0.00177588 0.000281953 1.17734e-20
0.00203516 0.000320697 -3.69408e-18
0.00251926 0.000379538 5.00848e-18
0.00305011 0.000439498 1.46723e-16
0.00360332 0.000499364 2.54721e-15
0.00419183 0.000562643 9.63562e-15
0.00477911 0.000621732 -2.08884e-15
0.00539707 0.00068544 6.22403e-15
0.00601116 0.000747163 9.9583e-15
0.00662342 0.000806052 -2.94737e-15
0.00723452 0.000862534 4.15788e-14
0.00784473 0.000916498 -3.05057e-14
0.00847161 0.000976474 2.7459e-16
0.00909258 0.00103599 6.60391e-16
0.0097123 0.0010946 6.81026e-16
0.0103309 0.00115231 7.07381e-16
0.0109483 0.0012091 7.2324e-16
0.0115627 0.00126478 7.29197e-16
0.0121688 0.00131891 7.31721e-16
0.0127737 0.00137215 7.3012e-16
0.0133774 0.0014245 7.26009e-16
0.0139794 0.00147593 7.19077e-16
0.0145798 0.00152646 7.11035e-16
0.0151795 0.0015762 7.01601e-16
0.0157745 0.00162483 6.91494e-16
0.0163402 0.00167044 6.82415e-16
0.0169063 0.00171544 6.72553e-16
0.017469 0.00175957 6.61883e-16
0.0180319 0.00180312 6.52366e-16
0.0185956 0.00184615 6.42129e-16
0.0191718 0.00189145 6.48517e-16
0.0197195 0.00193477 6.42274e-16
0.0202595 0.00198055 6.45493e-16
0.0208014 0.00202759 6.417e-16
0.0213466 0.00207542 6.38244e-16
0.0218946 0.00212394 6.33426e-16
0.0224374 0.00217241 6.29713e-16
0.022976 0.00222085 6.27282e-16
0.0235162 0.00226975 6.24291e-16
0.0240575 0.00231907 6.21084e-16
0.0246001 0.00236877 6.15585e-16
0.0251431 0.00241877 6.11301e-16
0.0256869 0.00246908 6.07935e-16
0.0262253 0.00251912 6.06649e-16
0.0267344 0.00256661 6.03987e-16
0.0272425 0.00261418 6.00371e-16
0.0277527 0.00266212 5.97695e-16
0.0282625 0.00271019 5.94119e-16
0.0287692 0.0027581 5.91558e-16
0.0292777 0.00280633 5.89992e-16
0.0297767 0.0028538 5.86823e-16
0.0302478 0.00289872 5.84315e-16
0.0307183 0.00294368 5.82356e-16
0.0311939 0.00298925 5.80122e-16
0.031674 0.00303536 5.76866e-16
0.0321565 0.0030818 5.75264e-16
0.0326424 0.00312868 5.72998e-16
0.0331313 0.00317595 5.71744e-16
0.0336195 0.00322325 5.6953e-16
0.0341033 0.00327021 5.67769e-16
0.0345864 0.0033172 5.65676e-16
0.0350713 0.00336444 5.63844e-16
0.0355578 0.00341193 5.62455e-16
0.0360457 0.00345964 5.60147e-16
0.036535 0.00350758 5.57538e-16
0.0370255 0.00355572 5.56888e-16
0.0375171 0.00360403 5.54983e-16
0.0380031 0.00365188 5.53366e-16
0.0384721 0.0036981 5.52043e-16
0.0389313 0.00374342 5.5222e-16
0.0393895 0.00378871 5.49155e-16
0.0398493 0.00383421 5.48875e-16
0.040311 0.00387995 5.46271e-16
0.0407729 0.00392578 5.45563e-16
0.0412364 0.00397183 5.44498e-16
0.0416985 0.00401779 5.432e-16
0.0421417 0.00406192 5.42211e-16
0.0425756 0.00410515 5.39976e-16
0.0430015 0.00414763 5.39768e-16
0.0434326 0.00419067 5.38863e-16
0.043868 0.00423419 5.37598e-16
0.0443071 0.00427812 5.37957e-16
0.0447489 0.00432237 5.36249e-16
0.0451932 0.00436692 5.34938e-16
0.04564 0.00441176 5.33471e-16
0.0460888 0.00445684 5.32992e-16
0.0465383 0.00450204 5.32497e-16
0.046988 0.0045473 5.30919e-16
0.0474374 0.00459257 5.30291e-16
0.0478857 0.00463777 5.28866e-16
0.0483322 0.00468282 5.28607e-16
0.0488356 0.00473744 2.68894e-16
0.0493878 0.00480222 5.12998e-16
0.0499075 0.00486678 4.71935e-16
0.0503967 0.00492989 4.59105e-16
0.0508711 0.00499105 5.46618e-16
0.0513219 0.00504978 4.36943e-16
0.0517569 0.00510533 1.10272e-15
0.0521844 0.00515759 -2.30784e-16
0.0526018 0.00520619 1.28505e-15
0.0530143 0.00525128 1.39838e-15
0.0534268 0.00529332 1.62523e-14
0.0538461 0.00533322 3.78315e-14
0.0542682 0.00537094 8.27524e-15
0.0546941 0.00540682 7.65261e-15
0.055107 0.00544523 9.41677e-15
0.0555008 0.00548727 7.80025e-15
0.0558917 0.00552935 6.99198e-15
0.0562803 0.00557122 6.79611e-15
0.0566674 0.00561268 8.50239e-15
0.0570517 0.00565351 7.4302e-15
0.057429 0.00569345 7.7135e-15
0.0578019 0.00573232 4.38127e-15
0.0581719 0.00577003 4.90494e-15
0.0585406 0.00580655 3.97319e-15
0.0589093 0.0058419 3.13549e-15
0.0592433 0.00588264 3.06427e-15
0.0595735 0.00592375 4.80551e-15
0.059901 0.00596455 4.59082e-15
0.0602263 0.0060049 4.96901e-15
0.0605503 0.00604472 3.63895e-15
0.0608738 0.00608395 3.99555e-15
0.0611973 0.00612256 4.66239e-15
0.0615212 0.00616054 4.49387e-15
0.0618399 0.00619769 4.39574e-15
0.0621499 0.00623372 4.79316e-15
0.0624541 0.0062686 4.6401e-15
0.0627544 0.00630234 4.72968e-15
0.0630526 0.006335 4.42484e-15
0.06335 0.00636667 1.06288e-14
0.0636478 0.00639743 2.31146e-14
0.0639499 0.00642765 6.41803e-15
0.0642542 0.00645726 2.20728e-15
0.0645601 0.00648624 -5.72538e-15
0.0648678 0.00651468 -1.56359e-14
0.06517 0.00654409 8.67679e-15
0.0654581 0.00657578 4.0303e-15
0.0657448 0.00660764 3.16095e-15
0.0660301 0.00663964 3.29561e-15
0.0663143 0.00667174 1.3934e-15
0.0665975 0.00670391 5.18418e-15
0.0668784 0.00673611 -1.48425e-14
0.0671506 0.0067683 1.18358e-15
0.0674158 0.00680037 6.26441e-16
0.067675 0.00683225 1.18365e-15
0.0679291 0.00686385 1.03569e-15
0.0681794 0.00689513 7.19502e-16
0.0684266 0.00692602 1.4622e-15
0.0686718 0.0069565 1.06265e-15
0.068918 0.00698666 -1.4957e-15
0.0691644 0.00701644 -1.21454e-15
0.0694102 0.00704582 -1.2458e-15
0.0696558 0.0070748 -7.90657e-15
0.0699013 0.00710338 -5.80793e-15
0.0701471 0.00713157 8.98637e-16
0.0703934 0.00715938 -2.39569e-15
0.0706403 0.00718684 3.39524e-15
0.070888 0.00721394 1.16492e-15
0.0711365 0.0072407 -5.08048e-15
0.0713858 0.00726714 -4.41537e-15
0.0716361 0.00729327 -5.5603e-15
0.0718874 0.0073191 -1.47582e-15
0.0721396 0.00734463 -1.94266e-15
0.0723928 0.00736989 2.22164e-15
0.0726404 0.00739461 3.67315e-15
0.0728815 0.0074187 2.57539e-15
0.0731179 0.0074422 1.4283e-15
0.0733505 0.00746512 3.36502e-15
0.0735806 0.00748749 4.25194e-15
0.0738089 0.00750937 5.31152e-15
0.0740363 0.00753078 2.15057e-15
0.0742635 0.00755178 2.22474e-15
0.0744917 0.00757245 -1.78752e-15
0.0747235 0.007593 -5.64768e-15
0.074956 0.00761323 8.82267e-16
0.0751892 0.00763319 -2.09783e-15
0.0754233 0.00765289 -3.96475e-15
0.0756522 0.007674 -3.39265e-15
0.075876 0.00769643 2.09489e-16
0.0760991 0.00771911 -1.05567e-15
0.0763215 0.00774204 3.51584e-15
0.0765433 0.00776522 2.89691e-15
0.0767644 0.00778862 7.30302e-15
0.0769847 0.00781225 1.33668e-14
0.0772043 0.00783608 1.23984e-14
0.077423 0.00786011 1.5121e-14
0.0776409 0.00788432 2.01372e-14
0.077858 0.0079087 2.3521e-14
0.0780742 0.00793323 6.17616e-14
0.0782895 0.0079579 1.78552e-14
0.0785039 0.00798269 1.41547e-14
0.0787173 0.00800759 2.07239e-14
0.0789298 0.00803258 1.85104e-14
