0 0 0
-42.4422 2.59288 -3.91992e-17
-84.8801 5.18575 -9.00122e-18
-127.314 7.77864 -2.58053e-16
-169.743 10.3715 1.51351e-16
-212.169 12.9644 -1.42248e-16
-254.59 15.5573 1.13369e-15
-297.007 18.1502 6.57378e-16
-339.421 20.7432 8.40982e-16
-371.689 22.4643 -4.76429e-14
-371.895 21.3227 3.49055e-13
-372.085 20.2453 -4.03535e-12
-372.278 19.1636 -5.39654e-11
-372.447 18.2829 -5.01396e-11
-372.619 17.4704 1.74625e-09
-372.791 16.7908 3.10053e-08
-372.979 16.1476 -2.61242e-08
-373.179 15.5916 -9.68532e-10
-373.383 15.2301 2.12805e-09
-373.615 14.8794 -1.6164e-09
-373.874 14.5398 6.3699e-10
-374.161 14.211 -7.4395e-10
-374.477 13.8927 1.94863e-10
-374.82 13.5848 -4.26027e-10
-375.191 13.2869 4.03959e-11
-375.575 13.0801 -1.51162e-10
-375.971 13.0465 -1.26117e-10
-376.402 12.9899 -1.18914e-10
-376.86 12.9269 -1.09952e-10
-377.344 12.8588 -1.0217e-10
-377.853 12.7868 -9.53257e-11
-378.387 12.7117 -8.91981e-11
-378.943 12.6343 -8.37759e-11
-379.521 12.5553 -7.88834e-11
-380.12 12.4751 -7.45095e-11
-380.738 12.3941 -7.05354e-11
-381.375 12.3127 -6.69449e-11
-382.029 12.2312 -6.36589e-11
-382.7 12.1497 -6.06531e-11
-383.386 12.0684 -5.7891e-11
-384.087 11.9875 -5.53385e-11
-384.801 11.9071 -5.3026e-11
-385.529 11.8273 -5.08404e-11
-386.268 11.7481 -4.8821e-11
-387.018 11.6696 -4.69657e-11
-387.779 11.5919 -4.52028e-11
-388.549 11.5149 -4.35978e-11
-389.328 11.4387 -4.20408e-11
-390.115 11.3632 -4.06176e-11
-390.91 11.2886 -3.9274e-11
-391.711 11.2148 -3.80146e-11
-392.519 11.1418 -3.68282e-11
-393.333 11.0696 -3.56921e-11
-394.152 10.9982 -3.46451e-11
-394.937 11.0832 -2.55193e-11
-395.714 11.2031 -2.50785e-11
-396.495 11.3056 -2.45905e-11
-397.278 11.3943 -2.41235e-11
-398.075 11.4801 -1.84924e-11
-398.889 11.5706 -1.80171e-11
-399.705 11.6607 -1.75346e-11
-400.524 11.7498 -1.70231e-11
-401.344 11.8375 -1.65381e-11
-402.165 11.9237 -1.60479e-11
-402.988 12.0084 -1.55134e-11
-403.811 12.0914 -1.49832e-11
-404.635 12.1728 -1.45674e-11
-405.459 12.2527 -1.40707e-11
-406.283 12.331 -1.36242e-11
-407.107 12.4078 -1.31334e-11
-407.929 12.4832 -1.27452e-11
-408.749 12.5571 -1.22753e-11
-409.567 12.6296 -1.19256e-11
-410.38 12.7006 -1.15215e-11
-411.192 12.7704 -1.11604e-11
-412.003 12.8391 -1.08069e-11
-412.812 12.9068 -1.04051e-11
-413.621 12.9734 -1.01138e-11
-414.428 13.0391 -9.74898e-12
-415.233 13.1039 -9.47847e-12
-416.037 13.1678 -9.19806e-12
-416.839 13.2308 -8.90061e-12
-417.64 13.293 -8.63669e-12
-418.439 13.3543 -8.34121e-12
-419.236 13.4149 -8.09025e-12
-420.031 13.4748 -7.8076e-12
-420.823 13.5339 -7.60092e-12
-421.614 13.5923 -7.37035e-12
-422.403 13.65 -7.15839e-12
-423.19 13.7071 -6.95915e-12
-423.974 13.7635 -6.72122e-12
-424.757 13.8192 -6.5175e-12
-425.537 13.8744 -6.30998e-12
-426.314 13.9289 -6.14762e-12
-427.087 13.9828 -5.94871e-12
-427.855 14.0359 -5.76447e-12
-428.621 14.0885 -5.5677e-12
-429.378 14.1402 -5.42388e-12
-430.132 14.1913 -5.25477e-12
-430.884 14.2419 -5.14466e-12
-431.633 14.292 -5.02846e-12
-432.38 14.3416 -4.84091e-12
-433.125 14.3908 -4.77803e-12
-433.867 14.4395 -4.60011e-12
-434.607 14.4877 -4.45232e-12
-435.345 14.5355 -4.31204e-12
-436.08 14.5829 -4.25639e-12
-436.812 14.6298 -4.07359e-12
-437.543 14.6764 -4.05469e-12
-438.271 14.7225 -3.83821e-12
-438.992 14.7681 -3.77449e-12
-439.705 14.813 -3.6453e-12
-440.415 14.8575 -3.58385e-12
-441.109 14.9011 -3.50367e-12
-441.798 14.9441 -3.40795e-12
-442.485 14.9867 -3.25548e-12
-443.17 15.029 -3.19219e-12
-443.852 15.071 -3.16495e-12
-444.533 15.1126 -3.05444e-12
-445.211 15.1539 -2.9947e-12
-445.888 15.1949 -2.82487e-12
-446.562 15.2356 -2.818e-12
-447.234 15.276 -2.77333e-12
-447.904 15.3161 -2.68968e-12
-448.552 15.3553 -2.62887e-12
-449.192 15.3938 -2.53824e-12
-449.822 15.4317 -2.54061e-12
-450.418 15.4681 -2.47622e-12
-451.013 15.5042 -2.41731e-12
-451.608 15.5399 -2.33389e-12
-452.202 15.5755 -2.31182e-12
-452.797 15.6107 -2.24136e-12
-453.391 15.6458 -2.22302e-12
-453.985 15.6807 -2.1485e-12
-454.578 15.7154 -2.12275e-12
-455.171 15.7499 -2.05778e-12
-455.708 15.7744 -2.0235e-12
-455.252 15.6247 -2.85686e-12
-453.899 15.3473 -7.3119e-12
-451.647 15.0063 4.99321e-11
-448.578 14.6492 -5.71236e-11
-444.769 14.2832 -1.86418e-11
-440.313 13.9138 -3.76184e-13
-435.333 13.5605 5.65857e-12
-429.957 13.2368 -1.74579e-12
-424.235 12.9212 3.12168e-12
-418.212 12.5916 1.4185e-11
-412.023 12.2639 -8.59856e-12
-406.654 11.9734 1.66871e-11
-401.187 11.6841 1.45046e-11
-395.67 11.4013 1.37735e-11
-390.15 11.13 -9.14473e-12
-384.667 10.8737 -3.09039e-11
-379.255 10.6354 -7.17117e-11
-373.941 10.4165 -1.65998e-10
-368.769 10.2323 -2.38283e-10
-363.752 10.0792 -1.86897e-10
-358.873 9.93926 -1.38682e-10
-354.139 9.81241 -3.79592e-11
-349.552 9.69827 -4.22955e-11
-345.114 9.59619 8.108e-11
-340.825 9.50535 6.43623e-11
-336.59 9.50181 9.8483e-11
-332.406 9.56863 -2.66148e-11
-328.354 9.6324 2.18091e-11
-324.429 9.69186 2.04625e-11
-320.631 9.74607 2.62204e-11
-316.956 9.79435 4.2607e-11
-313.4 9.83644 1.08666e-10
-309.961 9.87216 -2.99401e-11
-306.632 9.90035 -2.91453e-11
-303.39 9.91315 5.42825e-11
-300.24 9.91429 3.22924e-11
-297.181 9.90546 1.02217e-10
-294.213 9.88825 -3.45482e-11
-291.336 9.86416 -3.72953e-12
-288.546 9.8346 4.95677e-11
-285.844 9.80085 -8.14977e-12
-283.226 9.76404 -5.1087e-11
-280.69 9.72515 -7.15611e-11
-278.213 9.71116 -3.71377e-11
-275.737 9.77561 -1.08787e-10
-273.344 9.83801 1.75511e-11
-271.021 9.89311 -7.33016e-11
-268.765 9.94088 -1.46383e-10
-266.575 9.98168 -2.58277e-11
-264.449 10.016 -2.05068e-11
-262.384 10.0443 1.64126e-10
-260.378 10.0672 -3.2173e-12
-258.429 10.0851 7.04932e-11
-256.536 10.0987 -3.53962e-12
-254.697 10.1085 -2.02283e-10
-252.909 10.1149 -2.07346e-10
-251.171 10.1185 -1.89435e-10
-249.476 10.116 -2.68329e-10
-247.813 10.0993 -5.81822e-11
-246.186 10.0727 1.61548e-10
-244.594 10.038 2.0138e-11
-243.038 9.99665 -4.71534e-10
-241.518 9.95021 -4.96133e-10
-240.034 9.90003 -1.01259e-09
