0 0 0
-0.000221609 3.52002e-05 8.84187e-22
-0.000443196 7.04003e-05 1.09085e-21
-0.00066476 0.000105601 -1.29889e-21
-0.000886303 0.000140801 -1.24417e-21
-0.00110782 0.000176001 4.34397e-21
-0.00132932 0.000211202 2.5257e-21
-0.0015508 0.000246402 4.10401e-21
-0.00177226 0.000281603 2.74648e-21
-0.00202758 0.000320094 -1.15347e-18
-0.00250647 0.000378619 -9.9223e-19
-0.00304012 0.000439147 -5.40917e-16
-0.00360146 0.000500397 -1.17741e-14
-0.00418731 0.000563335 -5.42737e-14
-0.00477326 0.000622337 2.50026e-14
-0.00538052 0.000685681 -4.32221e-14
-0.00599222 0.000747298 -7.5264e-14
-0.00660014 0.00080604 3.36305e-13
-0.00720095 0.000861503 1.60608e-14
-0.00779901 0.000915064 3.13276e-13
-0.00840527 0.000974436 9.95191e-14
-0.00901776 0.00103344 8.74581e-14
-0.00962918 0.00109157 8.166e-14
-0.0102396 0.00114881 7.65345e-14
-0.0108491 0.00120517 7.22162e-14
-0.0114577 0.00126063 6.85422e-14
-0.0120655 0.00131522 6.53823e-14
-0.0126726 0.00136893 6.26375e-14
-0.013279 0.00142178 6.02293e-14
-0.0138848 0.0014738 5.80941e-14
-0.0144901 0.001525 5.61856e-14
-0.0150949 0.0015754 5.4462e-14
-0.0156993 0.00162502 5.28937e-14
-0.0162945 0.00167319 5.14742e-14
-0.0168852 0.00172031 5.01695e-14
-0.0174755 0.00176672 4.89557e-14
-0.0180654 0.00181244 4.78203e-14
-0.0186517 0.00185812 4.79474e-14
-0.019219 0.00190688 4.72211e-14
-0.0197916 0.00195655 4.72263e-14
-0.0203788 0.00200825 4.67398e-14
-0.0209617 0.0020602 4.62728e-14
-0.0215197 0.00211046 4.58454e-14
-0.022075 0.00216091 4.54438e-14
-0.0226292 0.00221169 4.50568e-14
-0.0231826 0.00226276 4.46873e-14
-0.0237341 0.002314 4.43363e-14
-0.0242856 0.00236555 4.39989e-14
-0.0248324 0.00241696 4.36838e-14
-0.0253205 0.00246308 4.34086e-14
-0.0257954 0.00250815 4.31526e-14
-0.0262733 0.0025537 4.29046e-14
-0.0267541 0.00259971 4.26622e-14
-0.0272378 0.00264616 4.24307e-14
-0.0277241 0.00269303 4.22043e-14
-0.0282095 0.00273999 4.19875e-14
-0.0286405 0.00278182 4.17994e-14
-0.0290489 0.00282158 4.16273e-14
-0.0294656 0.00286225 4.14559e-14
-0.0298904 0.00290382 4.12868e-14
-0.0303222 0.00294618 4.11219e-14
-0.0307597 0.00298921 4.0956e-14
-0.0312023 0.00303285 4.07964e-14
-0.0316493 0.00307702 4.06404e-14
-0.0321 0.00312167 4.04866e-14
-0.0325542 0.00316676 4.0337e-14
-0.0330113 0.00321225 4.01895e-14
-0.0334712 0.0032581 4.00458e-14
-0.0339334 0.0033043 3.99056e-14
-0.0343978 0.00335082 3.97683e-14
-0.0348642 0.00339763 3.96373e-14
-0.0353325 0.00344471 3.95074e-14
-0.0358024 0.00349206 3.93798e-14
-0.0362738 0.00353965 3.92575e-14
-0.0367466 0.00358748 3.91382e-14
-0.0372207 0.00363553 3.90218e-14
-0.0376863 0.0036828 3.89086e-14
-0.0381513 0.0037301 3.88012e-14
-0.0386141 0.00377725 3.86955e-14
-0.0390779 0.00382459 3.85909e-14
-0.0395426 0.0038721 3.84903e-14
-0.0400059 0.00391953 3.83932e-14
-0.0404693 0.00396705 3.82989e-14
-0.0409335 0.00401474 3.82062e-14
-0.0413985 0.00406257 3.81139e-14
-0.0418643 0.00411056 3.80265e-14
-0.0423308 0.00415869 3.79392e-14
-0.0427979 0.00420696 3.78541e-14
-0.0432657 0.00425536 3.777e-14
-0.0437269 0.00430315 3.76919e-14
-0.0441852 0.00435069 3.7613e-14
-0.0446349 0.00439742 3.75387e-14
-0.0450851 0.00444426 3.74651e-14
-0.0455358 0.00449122 3.73936e-14
-0.0459871 0.00453828 3.73232e-14
-0.0464388 0.00458546 3.72534e-14
-0.0468911 0.00463274 3.71859e-14
-0.0473438 0.00468013 3.71185e-14
-0.0479083 0.00473523 3.70345e-14
-0.0486304 0.00479924 3.69326e-14
-0.0494014 0.00486306 3.68148e-14
-0.0502175 0.00492549 3.66977e-14
-0.05106 0.00498605 3.66094e-14
-0.051942 0.00504429 3.65213e-14
-0.0528544 0.00509941 3.6345e-14
-0.053776 0.00515137 3.64415e-14
-0.0547155 0.00519977 3.61017e-14
-0.0556637 0.00524471 3.62809e-14
-0.0566134 0.00528653 3.54806e-14
-0.0575487 0.00532627 3.60224e-14
-0.0584788 0.00536384 3.62151e-14
-0.0594021 0.00539956 3.72251e-14
-0.0603291 0.00543621 4.07576e-14
-0.0612815 0.00547767 4.28163e-14
-0.0622337 0.00551924 3.90659e-14
-0.0631851 0.00556067 3.96209e-14
-0.0641352 0.00560173 4.00092e-14
-0.0650844 0.00564224 3.81476e-14
-0.0660427 0.00568195 3.97213e-14
-0.0670071 0.00572065 3.9934e-14
-0.0679747 0.00575825 3.92833e-14
-0.0689431 0.00579468 4.03975e-14
-0.0699106 0.00582997 3.9742e-14
-0.0709 0.00586836 4.38666e-14
-0.0719048 0.00590902 4.04926e-14
-0.072909 0.00594945 4.03477e-14
-0.0739137 0.00598949 4.01908e-14
-0.0749181 0.00602904 4.00674e-14
-0.0759214 0.00606803 3.97787e-14
-0.076923 0.00610642 4.06383e-14
-0.0779225 0.00614421 4.02073e-14
-0.0789223 0.00618133 3.98305e-14
-0.0799342 0.00621741 4.16996e-14
-0.0809545 0.00625239 4.16344e-14
-0.0819804 0.00628625 4.14693e-14
-0.0830095 0.00631902 3.929e-14
-0.0840397 0.00635078 3.92107e-14
-0.0850694 0.00638161 -3.49214e-14
-0.0860958 0.00641169 1.17131e-14
-0.0871156 0.00644129 1.98091e-14
-0.088133 0.00647025 1.93995e-14
-0.0891476 0.00649864 6.38426e-15
-0.0901593 0.00652651 -7.5496e-15
-0.0911858 0.00655705 6.34859e-15
-0.0922172 0.00658844 1.69719e-14
-0.0932492 0.00661998 1.46319e-14
-0.0942814 0.00665163 2.33225e-14
-0.0953139 0.00668338 1.89298e-14
-0.0963465 0.00671518 2.77549e-14
-0.0973847 0.00674701 2.14916e-14
-0.098434 0.00677878 3.05699e-14
-0.0994916 0.00681042 2.54203e-14
-0.100556 0.00684184 3.23068e-14
-0.101626 0.00687297 3.8301e-14
-0.1027 0.00690377 5.48769e-14
-0.103776 0.00693418 7.72735e-14
-0.104855 0.00696419 9.21632e-14
-0.105929 0.00699392 2.413e-13
-0.107004 0.00702325 1.85955e-13
-0.108078 0.00705219 1.69602e-13
-0.109153 0.00708074 1.53295e-13
-0.110227 0.0071089 1.515e-13
-0.111301 0.00713669 1.54177e-13
-0.112373 0.00716411 1.2351e-13
-0.113444 0.00719117 1.10203e-13
-0.114514 0.0072179 1.17552e-13
-0.115583 0.0072443 1.15372e-13
-0.116651 0.00727039 1.05155e-13
-0.117717 0.00729618 8.73224e-14
-0.118782 0.00732167 1.04242e-13
-0.119845 0.00734688 1.33815e-13
-0.120907 0.00737181 1.28509e-13
-0.121978 0.00739618 1.05032e-13
-0.123057 0.00741995 9.53514e-14
-0.124142 0.00744314 7.29443e-14
-0.125231 0.00746577 1.43135e-14
-0.126324 0.00748787 3.58924e-14
-0.127419 0.00750948 6.21791e-14
-0.128515 0.00753064 5.7169e-14
-0.129612 0.00755139 2.00712e-14
-0.130707 0.00757182 -1.23984e-14
-0.131798 0.00759214 4.59782e-14
-0.132888 0.00761215 8.41383e-14
-0.133977 0.00763189 3.55922e-14
-0.135065 0.00765138 1.05635e-14
-0.136158 0.00767203 1.29784e-13
-0.137256 0.00769417 5.68661e-14
-0.138354 0.00771656 9.46343e-15
-0.139454 0.0077392 4.11523e-14
-0.140553 0.00776207 -8.74635e-14
-0.141653 0.00778517 -1.41381e-13
-0.142754 0.00780849 -1.82334e-13
-0.143855 0.00783201 -1.94003e-13
-0.144958 0.00785573 -1.69195e-13
-0.14606 0.00787962 -1.77491e-13
-0.147164 0.00790369 -1.93964e-13
-0.148268 0.00792791 -2.02958e-13
-0.149373 0.00795226 -5.92395e-14
-0.150479 0.00797674 -1.33239e-13
-0.151586 0.00800133 -4.80305e-14
-0.152694 0.00802601 -7.95823e-14
