0 0 0
-42.3842 2.58934 7.43444e-17
-84.7643 5.17868 9.53584e-17
-127.14 7.76802 -2.64119e-17
-169.512 10.3574 3.59197e-16
-211.879 12.9467 5.75773e-17
-254.243 15.5361 1.37249e-15
-296.602 18.1255 -2.51193e-16
-338.957 20.7148 -2.70729e-17
-371.699 22.4146 -2.40008e-13
-371.985 20.8122 8.54526e-14
-372.267 19.2321 -4.8191e-12
-372.533 17.8751 -1.27075e-10
-372.803 16.7865 -4.71739e-10
-373.116 15.7865 2.6869e-10
-373.46 15.1515 -2.40993e-10
-373.873 14.5866 -3.68098e-10
-374.36 14.0482 3.94054e-10
-374.921 13.547 -2.00456e-09
-375.545 13.0997 2.24412e-09
-376.218 13.0264 2.27213e-12
-376.974 12.9191 -9.85418e-12
-377.799 12.8 -3.35788e-12
-378.688 12.6734 7.75581e-14
-379.637 12.5425 2.28504e-12
-380.636 12.4097 3.60974e-12
-381.67 12.2778 4.44677e-12
-382.748 12.1461 4.92782e-12
-383.863 12.0155 5.14157e-12
-385.012 11.8864 5.18058e-12
-386.189 11.7592 5.1156e-12
-387.394 11.634 4.99161e-12
-388.615 11.5114 4.82448e-12
-389.796 11.3973 4.67992e-12
-390.995 11.2848 4.49786e-12
-392.202 11.1747 4.32556e-12
-393.423 11.0664 4.18698e-12
-394.658 10.9597 3.95896e-12
-395.823 11.1121 2.99291e-12
-396.924 11.2585 2.90117e-12
-398.08 11.4034 2.2502e-12
-399.258 11.5451 2.15143e-12
-400.449 11.6821 2.06225e-12
-401.65 11.8145 1.90791e-12
-402.842 11.941 1.81676e-12
-404.026 12.0618 1.84577e-12
-405.215 12.1791 1.77046e-12
-406.407 12.293 1.70757e-12
-407.602 12.4038 1.47417e-12
-408.796 12.5117 1.42392e-12
-409.991 12.6167 1.29153e-12
-411.173 12.7184 1.43017e-12
-412.287 12.813 1.31255e-12
-413.396 12.9051 1.22569e-12
-414.508 12.9956 1.1743e-12
-415.616 13.0842 1.07197e-12
-416.713 13.1707 1.03207e-12
-417.811 13.2557 1.08469e-12
-418.885 13.338 9.66629e-13
-419.895 13.4148 8.95374e-13
-420.901 13.4902 8.97401e-13
-421.913 13.5651 8.63097e-13
-422.932 13.6392 7.37105e-13
-423.952 13.7125 7.64794e-13
-424.976 13.7851 7.24646e-13
-426.001 13.8571 7.55679e-13
-427.021 13.928 6.97337e-13
-428.027 13.9974 6.84003e-13
-429.028 14.0656 6.40405e-13
-430.028 14.1332 6.18959e-13
-431.027 14.2001 6.11888e-13
-432.025 14.2662 5.53864e-13
-433.021 14.3317 4.70184e-13
-434.015 14.3965 5.43837e-13
-435.007 14.4606 4.76741e-13
-435.983 14.5235 4.70215e-13
-436.92 14.5838 4.66487e-13
-437.833 14.6424 5.788e-13
-438.74 14.7001 4.14906e-13
-439.647 14.7573 4.66715e-13
-440.553 14.814 3.3777e-13
-441.455 14.8701 3.82661e-13
-442.357 14.9257 4.12694e-13
-443.252 14.9807 4.0771e-13
-444.106 15.0335 3.75695e-13
-444.938 15.0848 2.55844e-13
-445.751 15.1348 3.65437e-13
-446.57 15.1846 3.44304e-13
-447.395 15.2344 3.08342e-13
-448.223 15.2839 4.09408e-13
-449.052 15.3333 3.13483e-13
-449.883 15.3824 2.6892e-13
-450.714 15.4314 2.33851e-13
-451.546 15.4801 2.67874e-13
-452.375 15.5285 2.84418e-13
-453.201 15.5765 2.53761e-13
-454.023 15.6242 2.41068e-13
-454.839 15.6714 1.87307e-13
-455.648 15.7181 2.97187e-13
-454.913 15.4884 4.9006e-12
-451.529 14.9457 8.50786e-13
-445.727 14.3349 5.16768e-13
-437.892 13.6926 4.99015e-13
-428.666 13.1229 1.58872e-12
-418.331 12.5467 1.35861e-12
-408.09 11.9885 -1.09134e-11
-398.491 11.4697 2.06313e-11
-388.793 10.9827 -1.47229e-11
-379.233 10.5477 -2.44493e-11
-370.002 10.1824 -3.51508e-10
-361.266 9.91443 -1.34804e-09
-352.978 9.68836 1.06195e-10
-345.156 9.5015 1.28776e-10
-337.637 9.47278 8.35309e-11
-330.378 9.57821 8.66093e-11
-323.525 9.67276 7.04538e-11
-317.065 9.75194 5.81585e-11
-310.977 9.81382 8.57778e-11
-305.223 9.8522 7.59955e-11
-299.737 9.85291 5.01708e-11
-294.529 9.82667 -4.65271e-11
-289.595 9.78112 9.3683e-11
-284.927 9.72299 8.26768e-11
-280.515 9.65775 1.22447e-10
-276.174 9.75264 1.40014e-10
-272.063 9.84804 3.85031e-11
-268.163 9.92165 1.74619e-11
-264.461 9.97545 2.76289e-11
-260.948 10.0124 -6.16485e-12
-257.611 10.0354 6.97016e-11
-254.44 10.0473 1.39334e-11
-251.424 10.0508 -1.22887e-11
-248.529 10.0312 5.24985e-11
-245.735 9.97968 -1.35166e-11
-243.047 9.9074 -5.43475e-11
-240.467 9.82181 1.92447e-11
-237.993 9.72949 -1.13773e-10
-235.623 9.63575 -4.56138e-11
-233.353 9.54456 -3.64935e-09
-231.19 9.46985 -2.26731e-10
-229.119 9.40259 2.54323e-10
-227.133 9.33987 1.64164e-09
-225.226 9.28217 5.07509e-09
-223.381 9.26451 3.15497e-09
-221.578 9.30746 -8.3816e-11
-219.84 9.35159 6.18905e-11
-218.162 9.39563 -6.76739e-11
-216.543 9.43906 -2.06307e-10
-214.979 9.48087 3.79957e-10
-213.464 9.51876 -3.39446e-10
-211.984 9.54474 -7.59876e-11
-210.541 9.56047 -3.00358e-10
-209.135 9.56681 -2.58269e-10
-207.768 9.56466 -3.54722e-10
-206.438 9.55505 -4.9763e-10
-205.147 9.53911 -5.19856e-10
-203.894 9.518 -6.93965e-10
-202.681 9.49778 -2.3781e-09
-201.506 9.47615 -1.57642e-09
-200.365 9.45133 -1.10413e-09
-199.258 9.42409 -1.21708e-09
-198.182 9.39511 -5.06959e-10
-197.138 9.36498 6.74034e-11
-196.123 9.3342 -2.41095e-10
-195.137 9.30317 1.81872e-10
-194.178 9.27218 -1.92956e-10
-193.245 9.24148 -4.63394e-10
-192.338 9.21123 -2.57414e-11
-191.454 9.18155 1.82918e-10
-190.594 9.1525 5.53417e-10
-189.756 9.12412 5.32085e-10
-188.94 9.09643 6.5653e-10
-188.138 9.05808 2.02324e-10
-187.349 9.008 -3.35628e-10
-186.574 8.95011 -4.88552e-10
-185.814 8.88694 -2.88114e-10
-185.07 8.82078 -8.51946e-10
-184.341 8.7536 -1.57378e-09
-183.628 8.68701 -1.76576e-09
-182.931 8.62225 -3.19209e-09
-182.249 8.56191 -4.45997e-09
-181.586 8.51127 -2.998e-09
-180.937 8.46289 -1.68055e-09
-180.302 8.41697 -2.00268e-09
-179.681 8.37364 -1.57806e-09
-179.069 8.36738 -6.90482e-10
-178.466 8.3908 4.70637e-10
-177.876 8.41778 7.22859e-11
-177.297 8.44764 1.92383e-09
-176.729 8.47976 2.14965e-09
-176.172 8.51359 4.15392e-09
-175.625 8.54862 7.07767e-09
-175.089 8.5844 7.43882e-09
-174.562 8.62052 8.36446e-09
-174.045 8.65663 9.7113e-09
-173.537 8.69237 1.05165e-08
-173.038 8.72747 1.28859e-08
-172.548 8.76166 7.74388e-10
-172.067 8.79471 -5.97972e-10
-171.593 8.82641 6.46178e-10
-171.127 8.8566 5.38404e-11
