0 0 0
42.3885 2.58934 -6.08097e-17
84.7812 5.17868 -1.52587e-17
127.178 7.76802 -1.38068e-16
169.58 10.3574 4.60855e-17
211.985 12.9467 -4.28345e-16
254.396 15.5361 1.17676e-16
296.81 18.1255 -5.804e-16
339.229 20.7148 8.6498e-16
371.705 22.377 -2.57758e-13
371.993 20.765 2.96057e-13
372.276 19.1794 8.08665e-12
372.543 17.8109 1.36922e-10
372.814 16.7321 4.78036e-10
373.127 15.7397 -2.69894e-10
373.478 15.0754 2.42812e-10
373.893 14.5228 3.68241e-10
374.383 13.9933 -3.96832e-10
374.947 13.4987 2.00469e-09
375.585 13.0213 -2.25667e-09
376.282 12.9005 -3.39171e-12
377.045 12.8142 1.1629e-11
377.877 12.7093 4.64667e-12
378.775 12.5928 9.89176e-13
379.732 12.469 -1.39558e-12
380.739 12.3414 -3.01881e-12
381.783 12.2132 -3.90832e-12
382.869 12.0844 -4.42478e-12
383.993 11.9561 -4.6648e-12
385.15 11.8289 -4.77793e-12
386.337 11.7033 -4.75491e-12
387.55 11.5794 -4.68028e-12
388.779 11.4579 -4.5608e-12
389.968 11.3444 -4.37219e-12
391.175 11.2324 -4.20986e-12
392.391 11.1228 -4.08172e-12
393.62 11.015 -3.88131e-12
394.862 10.9088 -3.73219e-12
396.134 10.8994 -2.72365e-12
397.35 10.9081 -2.64235e-12
398.543 11.0755 -2.06038e-12
399.744 11.2561 -1.97459e-12
400.958 11.4187 -1.86192e-12
402.183 11.5676 -1.82284e-12
403.4 11.7041 -1.71599e-12
404.609 11.8306 -1.55374e-12
405.823 11.9508 -1.44723e-12
407.04 12.0658 -1.36441e-12
408.26 12.1764 -1.40919e-12
409.479 12.2831 -1.36476e-12
410.7 12.3862 -1.27372e-12
411.906 12.4854 -1.09167e-12
413.045 12.5759 -1.03432e-12
414.179 12.6639 -1.03532e-12
415.315 12.7506 -9.77878e-13
416.447 12.8352 -9.77693e-13
417.57 12.9175 -9.18873e-13
418.692 12.9985 -8.16807e-13
419.791 13.0763 -8.26027e-13
420.825 13.1475 -8.02147e-13
421.854 13.2176 -7.50985e-13
422.89 13.2876 -7.22884e-13
423.933 13.3571 -7.53111e-13
424.977 13.426 -6.82218e-13
426.024 13.4943 -6.62058e-13
427.074 13.562 -5.88811e-13
428.118 13.6285 -5.84162e-13
429.149 13.6933 -5.54708e-13
430.174 13.7569 -5.48904e-13
431.198 13.82 -5.27966e-13
432.221 13.8823 -4.86033e-13
433.243 13.944 -5.02788e-13
434.264 14.0051 -5.29881e-13
435.282 14.0655 -4.41904e-13
436.299 14.1252 -4.4326e-13
437.299 14.1833 -4.284e-13
438.259 14.2381 -4.03418e-13
439.196 14.2908 -3.02057e-13
440.127 14.343 -4.03868e-13
441.057 14.3949 -3.25219e-13
441.987 14.4465 -3.93264e-13
442.913 14.4976 -3.38874e-13
443.838 14.5483 -3.16544e-13
444.757 14.5984 -3.12016e-13
445.634 14.6454 -2.93577e-13
446.489 14.6905 -3.50475e-13
447.325 14.7342 -2.80884e-13
448.168 14.7784 -2.65359e-13
449.015 14.8229 -2.72403e-13
449.866 14.8675 -1.85268e-13
450.719 14.912 -2.33436e-13
451.573 14.9564 -2.47089e-13
452.428 15.0008 -2.65545e-13
453.283 15.0449 -2.23687e-13
454.136 15.0888 -1.92112e-13
454.985 15.1322 -2.2815e-13
455.83 15.1752 -2.02169e-13
456.67 15.2177 -2.26802e-13
457.502 15.2595 -1.80193e-13
458.416 15.5121 -1.43441e-11
459.392 15.986 2.4932e-12
460.294 16.526 -4.58329e-13
461.135 17.0524 -1.11149e-12
461.957 17.4565 3.96934e-12
462.738 17.8037 -3.14591e-12
463.503 18.0175 3.53252e-11
464.27 18.0669 -4.83806e-11
465.032 17.9817 4.89982e-11
465.798 17.7616 4.50448e-11
466.574 17.4254 8.89597e-10
467.366 17.0058 1.93671e-09
468.162 16.5421 -1.64886e-10
468.963 16.0556 -1.48972e-10
469.704 15.8932 -3.31661e-12
470.374 16.0816 -8.64469e-11
471.038 16.2505 -1.071e-10
471.699 16.3872 -8.95193e-11
472.358 16.4831 3.40726e-11
473.014 16.5438 -3.03915e-11
473.658 16.585 -3.24711e-12
474.296 16.5868 -1.94721e-10
474.931 16.5406 -1.22846e-10
475.568 16.4446 -1.51975e-10
476.206 16.3017 -1.70777e-10
476.727 16.7197 -1.44173e-10
477.241 17.1104 -1.4135e-11
477.754 17.4361 -2.53268e-11
478.269 17.6972 1.23498e-12
478.788 17.8954 -8.00462e-11
479.31 18.0341 -4.52409e-11
479.836 18.1186 2.08009e-12
480.368 18.1546 -9.36243e-12
480.89 18.177 -1.44899e-11
481.398 18.195 1.14395e-11
481.897 18.1868 -4.60216e-13
482.393 18.1431 4.55897e-12
482.888 18.0602 -1.53584e-11
483.385 17.9391 3.67539e-10
483.884 17.7841 1.07436e-09
484.393 17.5955 -1.22311e-10
484.905 17.3885 -3.55627e-10
485.419 17.17 -7.78706e-10
485.935 16.9438 -1.25373e-09
486.427 16.8489 4.38825e-10
486.871 16.997 7.87775e-11
487.311 17.1418 9.96666e-12
487.748 17.2816 1.44172e-11
488.183 17.4146 -1.07634e-10
488.616 17.5398 1.41844e-10
489.044 17.6653 -1.12384e-09
489.452 17.8313 4.06155e-11
489.847 18.0168 -4.49924e-12
490.23 18.2082 2.72982e-11
490.604 18.3937 1.06671e-11
490.973 18.5641 -1.38689e-11
491.34 18.7126 3.21553e-11
491.704 18.8345 -1.3026e-13
492.075 18.9145 -1.64288e-10
492.449 18.9632 -1.26245e-10
492.824 18.9883 -1.13419e-10
493.2 18.9906 -5.22062e-10
493.578 18.971 -3.20806e-10
493.958 18.9313 1.43722e-10
494.339 18.8733 -8.83884e-11
494.723 18.799 2.86582e-10
495.109 18.7103 1.0295e-10
495.496 18.6093 -3.0849e-10
495.885 18.4979 -2.26173e-10
496.275 18.3776 -2.70007e-10
496.666 18.2501 2.21683e-11
497.058 18.1168 -1.37812e-11
497.452 17.9789 2.47708e-10
497.833 17.8644 3.0297e-10
498.202 17.7695 1.90885e-10
498.562 17.6814 9.16635e-11
498.916 17.5925 2.0274e-10
499.265 17.4979 2.33066e-10
499.613 17.3943 2.71264e-10
499.959 17.2803 3.50566e-11
500.305 17.1555 3.63533e-11
500.653 17.0187 -2.24056e-10
501.008 16.8673 -4.40831e-10
501.362 16.7117 3.33496e-11
501.717 16.5527 -1.61632e-10
502.072 16.3912 -2.60208e-10
502.406 16.3691 -1.9124e-10
502.721 16.4641 6.2615e-11
503.034 16.5661 -2.7787e-11
503.344 16.6745 2.68088e-10
503.653 16.7885 1.94082e-10
503.958 16.9074 4.52883e-10
504.262 17.0304 7.87178e-10
504.564 17.1569 6.29346e-10
504.863 17.2863 7.30063e-10
505.16 17.418 9.67666e-10
505.455 17.5511 1.07295e-09
505.748 17.6853 3.41512e-09
506.039 17.8197 1.80006e-10
506.328 17.9538 -6.75519e-11
506.615 18.0869 3.77068e-10
506.901 18.2186 2.00689e-10
