0 0 0
-42.3317 2.58613 6.0078e-17
-84.6592 5.17226 1.36026e-16
-126.983 7.75839 6.12693e-17
-169.302 10.3445 6.46362e-16
-211.617 12.9307 -6.31747e-16
-253.928 15.5168 1.45559e-16
-296.234 18.103 1.15021e-16
-338.537 20.6892 1.26634e-15
-371.685 22.4872 -1.17959e-13
-371.891 21.3444 -8.65472e-13
-372.083 20.2605 -6.0387e-14
-372.277 19.1699 2.3686e-12
-372.447 18.2838 1.98217e-12
-372.62 17.4678 -6.53547e-11
-372.793 16.7866 -1.08758e-09
-372.981 16.1417 8.15438e-10
-373.181 15.5871 4.084e-11
-373.388 15.2235 -5.79452e-11
-373.621 14.871 5.08407e-11
-373.883 14.5296 -1.01686e-11
-374.173 14.1993 2.28337e-11
-374.49 13.8809 1.68198e-12
-374.834 13.573 1.30691e-11
-375.207 13.2773 -1.83615e-11
-375.59 13.0808 8.23057e-12
-375.99 13.0433 7.40883e-12
-376.424 12.9863 6.76355e-12
-376.885 12.9228 6.15867e-12
-377.373 12.8543 5.63923e-12
-377.886 12.7819 5.20647e-12
-378.423 12.7064 4.82446e-12
-378.982 12.6287 4.49288e-12
-379.564 12.5494 4.20718e-12
-380.166 12.4689 3.927e-12
-380.787 12.3876 3.72368e-12
-381.427 12.306 3.49033e-12
-382.085 12.2242 3.30302e-12
-382.758 12.1426 3.16423e-12
-383.448 12.0612 2.99303e-12
-384.151 11.9801 2.86006e-12
-384.869 11.8996 2.74145e-12
-385.599 11.8197 2.62208e-12
-386.34 11.7404 2.51201e-12
-387.093 11.6619 2.39961e-12
-387.856 11.584 2.31564e-12
-388.628 11.507 2.23268e-12
-389.407 11.431 2.14965e-12
-390.191 11.356 2.09171e-12
-390.983 11.2819 2.01659e-12
-391.781 11.2085 1.96511e-12
-392.586 11.1359 1.88811e-12
-393.395 11.0642 1.80895e-12
-394.21 10.9932 1.77357e-12
-394.99 11.0921 1.3092e-12
-395.765 11.2104 1.29114e-12
-396.544 11.3116 1.25008e-12
-397.326 11.3994 1.23334e-12
-398.124 11.4857 9.50125e-13
-398.938 11.5762 9.42085e-13
-399.753 11.666 9.21876e-13
-400.563 11.7542 8.35834e-13
-401.369 11.8405 8.21978e-13
-402.177 11.9254 8.01365e-13
-402.985 12.0088 7.89761e-13
-403.794 12.0904 7.88046e-13
-404.603 12.1706 7.12718e-13
-405.412 12.2491 7.44752e-13
-406.221 12.3262 7.01221e-13
-407.03 12.4018 6.69772e-13
-407.838 12.4761 6.48368e-13
-408.64 12.5486 6.103e-13
-409.421 12.6184 6.14824e-13
-410.189 12.6861 6.1955e-13
-410.958 12.7529 5.78122e-13
-411.727 12.8186 6.01008e-13
-412.495 12.8834 5.35134e-13
-413.264 12.9474 5.28608e-13
-414.033 13.0105 5.09094e-13
-414.802 13.0728 5.08259e-13
-415.57 13.1344 4.71526e-13
-416.32 13.1941 4.67453e-13
-417.057 13.2523 4.49263e-13
-417.774 13.3086 4.37257e-13
-418.492 13.3644 4.40733e-13
-419.214 13.4197 4.02384e-13
-419.937 13.4745 4.08546e-13
-420.662 13.5289 4.08718e-13
-421.388 13.5829 4.13971e-13
-422.115 13.6363 3.32629e-13
-422.842 13.6894 3.7475e-13
-423.569 13.7419 3.59002e-13
-424.296 13.794 3.14633e-13
-425.022 13.8457 3.56916e-13
-425.748 13.8969 2.96739e-13
-426.472 13.9477 2.82406e-13
-427.196 13.998 3.19233e-13
-427.919 14.048 2.74843e-13
-428.641 14.0975 2.91668e-13
-429.362 14.1465 2.70606e-13
-430.081 14.1952 2.69517e-13
-430.798 14.2434 2.88709e-13
-431.515 14.2913 2.76941e-13
-432.229 14.3387 2.61311e-13
-432.943 14.3858 2.45411e-13
-433.654 14.4325 2.59073e-13
-434.364 14.4788 2.20316e-13
-435.069 14.5246 2.32141e-13
-435.77 14.5699 2.2981e-13
-436.469 14.6148 1.92124e-13
-437.166 14.6594 1.5429e-13
-437.859 14.7035 2.1843e-13
-438.549 14.7473 1.83767e-13
-439.238 14.7907 2.19191e-13
-439.925 14.8338 1.67967e-13
-440.61 14.8765 1.6554e-13
-441.293 14.919 1.6625e-13
-441.974 14.9611 1.80886e-13
-442.652 15.0029 1.32753e-13
-443.328 15.0443 1.94692e-13
-444.002 15.0855 1.46255e-13
-444.674 15.1264 1.77388e-13
-445.344 15.167 1.49827e-13
-446.013 15.2074 1.14384e-13
-446.679 15.2474 1.46521e-13
-447.342 15.2872 1.47721e-13
-448 15.3266 1.22547e-13
-448.656 15.3657 1.52651e-13
-449.309 15.4045 1.61381e-13
-449.954 15.4428 1.11139e-13
-450.597 15.4809 1.2834e-13
-451.238 15.5187 1.19311e-13
-451.877 15.5563 1.24102e-13
-452.515 15.5936 1.13064e-13
-453.15 15.6307 1.367e-13
-453.784 15.6675 8.46934e-14
-454.415 15.7042 1.05433e-13
-455.044 15.7406 1.35563e-13
-455.672 15.7768 9.77095e-14
-455.342 15.6445 -1.35421e-12
-454.061 15.3764 -1.13525e-12
-451.865 15.0355 -6.79682e-12
-448.834 14.6775 3.28966e-12
-445.045 14.3099 -6.79785e-12
-440.591 13.9384 6.81965e-12
-435.595 13.5811 -4.69071e-12
-430.191 13.2539 5.56406e-12
-424.435 12.937 -2.56864e-12
-418.368 12.6051 -6.43553e-12
-412.112 12.2744 -8.77091e-13
-406.7 11.9818 6.77408e-12
-401.186 11.6902 7.8251e-12
-395.622 11.4053 1.77717e-13
-390.055 11.1319 -3.09362e-11
-384.526 10.874 -3.70742e-11
-379.069 10.6341 -7.49418e-11
-373.713 10.4141 -5.6921e-11
-368.505 10.2306 -1.1625e-10
-363.452 10.0768 -4.02275e-11
-358.541 9.93643 -6.04441e-11
-353.776 9.80933 -3.99737e-11
-349.162 9.69513 3.36675e-11
-344.7 9.59313 1.29313e-10
-340.388 9.50247 1.50824e-10
-336.117 9.5115 1.10525e-10
-331.913 9.57854 -2.29812e-11
-327.842 9.64233 6.12399e-12
-323.901 9.7016 -8.08684e-13
-320.088 9.75541 9.26465e-12
-316.399 9.80313 1.22223e-11
-312.832 9.84452 -3.84511e-11
-309.384 9.87945 4.50816e-12
-306.043 9.90549 5.24271e-11
-302.79 9.9161 -7.10695e-11
-299.631 9.91519 1.27199e-11
-296.564 9.90446 -1.43617e-11
-293.591 9.88553 1.37724e-10
-290.708 9.85991 -9.56716e-11
-287.915 9.82902 -7.21035e-11
-285.21 9.79415 -2.67734e-11
-282.59 9.75642 7.95515e-11
-280.054 9.71679 1.47294e-10
-277.551 9.73023 9.58301e-11
-275.077 9.79435 3.66491e-10
-272.684 9.85542 -8.25522e-11
-270.361 9.90882 6.22219e-11
-268.106 9.95488 -1.255e-10
-265.917 9.99401 4.33269e-11
-263.792 10.0267 2.87128e-10
-261.729 10.0534 8.67739e-11
-259.725 10.0748 -7.91906e-11
-257.78 10.0914 -6.31929e-11
-255.89 10.1038 -8.13366e-11
-254.053 10.1124 -4.78452e-11
-252.269 10.1178 -1.14119e-10
-250.534 10.1205 -1.28053e-10
-248.837 10.1124 8.30005e-11
-247.174 10.0916 -1.21534e-10
-245.548 10.0615 -2.22351e-10
-243.957 10.0238 -1.76278e-10
-242.403 9.97987 -6.88517e-10
