0 0 0
-0.000222188 3.52921e-05 2.13734e-22
-0.000444354 7.05843e-05 3.27586e-21
-0.000666497 0.000105876 1.51148e-21
-0.000888619 0.000141169 -5.14279e-21
-0.00111072 0.000176461 -2.82312e-21
-0.0013328 0.000211754 1.55366e-20
-0.00155486 0.000247046 -5.5422e-21
-0.00177689 0.000282339 3.5556e-20
-0.00203668 0.000321295 -7.89725e-18
-0.00252212 0.000379632 -6.27877e-17
-0.00305243 0.000440334 -3.26376e-15
-0.00360543 0.000500752 -1.50382e-15
-0.00418723 0.000563281 -4.61549e-15
-0.00476905 0.000621898 1.88313e-15
-0.00537731 0.000685323 -4.30046e-15
-0.00599061 0.000747115 -7.6305e-15
-0.00660328 0.000806176 3.51328e-15
-0.00721529 0.000862726 -7.00975e-15
-0.0078232 0.000917422 2.97256e-15
-0.0084397 0.000977688 -5.47982e-16
-0.00905656 0.00103707 -8.94822e-16
-0.00967061 0.0010954 -8.19645e-16
-0.0102835 0.00115282 -7.94358e-16
-0.0108952 0.00120932 -7.69142e-16
-0.0115059 0.00126492 -7.456e-16
-0.0121157 0.00131961 -7.2504e-16
-0.0127246 0.00137342 -7.05867e-16
-0.0133327 0.00142635 -6.87132e-16
-0.0139401 0.00147844 -6.69424e-16
-0.0145469 0.00152969 -6.5353e-16
-0.0151435 0.00157935 -6.3824e-16
-0.0157269 0.00162723 -6.2331e-16
-0.0163087 0.0016743 -6.11444e-16
-0.01689 0.00172065 -5.97402e-16
-0.0174707 0.00176632 -5.86823e-16
-0.018051 0.00181132 -5.73308e-16
-0.0186273 0.001856 -5.76262e-16
-0.0191443 0.00190043 -5.70821e-16
-0.0196557 0.00194464 -5.72233e-16
-0.0201881 0.00199134 -5.67896e-16
-0.0207222 0.00203874 -5.63491e-16
-0.0212578 0.00208677 -5.59187e-16
-0.021795 0.00213539 -5.55532e-16
-0.0223035 0.00218179 -5.51159e-16
-0.0227844 0.00222598 -5.45166e-16
-0.023274 0.00227125 -5.4281e-16
-0.0237674 0.00231714 -5.39818e-16
-0.0242629 0.00236349 -5.35779e-16
-0.024762 0.00241041 -5.32795e-16
-0.0252632 0.00245775 -5.29619e-16
-0.0257674 0.00250559 -5.2562e-16
-0.026274 0.00255387 -5.2271e-16
-0.0267827 0.00260256 -5.21195e-16
-0.0272933 0.00265161 -5.17568e-16
-0.0278055 0.00270101 -5.14626e-16
-0.0283192 0.00275072 -5.11521e-16
-0.0288307 0.0028004 -5.08797e-16
-0.0293342 0.00284946 -5.05498e-16
-0.0298363 0.00289854 -5.04945e-16
-0.0303379 0.00294771 -5.01793e-16
-0.0308351 0.0029966 -5.01313e-16
-0.0313297 0.00304536 -4.84846e-16
-0.0318242 0.00309425 -4.94199e-16
-0.0323195 0.00314334 -4.92096e-16
-0.0328111 0.00319218 -4.89527e-16
-0.0332794 0.00323884 -4.88353e-16
-0.0337396 0.00328478 -4.86062e-16
-0.0342016 0.00333101 -4.8489e-16
-0.0346655 0.00337752 -4.83787e-16
-0.0351311 0.0034243 -4.8107e-16
-0.0355984 0.00347134 -4.7817e-16
-0.0360672 0.00351863 -4.76857e-16
-0.0365265 0.00356505 -4.75881e-16
-0.0369679 0.00360975 -4.74446e-16
-0.0373991 0.0036535 -4.73943e-16
-0.0378359 0.00369789 -4.71473e-16
-0.0382774 0.00374282 -4.71916e-16
-0.0387227 0.00378822 -4.70452e-16
-0.0391682 0.00383371 -4.70842e-16
-0.0396159 0.0038795 -4.68562e-16
-0.0400607 0.00392506 -4.67595e-16
-0.0405076 0.00397092 -4.66021e-16
-0.0409566 0.00401705 -4.64451e-16
-0.0414073 0.00406342 -4.63833e-16
-0.0418595 0.00411001 -4.62515e-16
-0.0423131 0.00415681 -4.63161e-16
-0.0427686 0.00420388 -4.62092e-16
-0.0432253 0.00425114 -4.58918e-16
-0.0436831 0.00429857 -4.58352e-16
-0.0441419 0.00434617 -4.58937e-16
-0.0446016 0.00439393 -4.56645e-16
-0.0450605 0.00444166 -4.56534e-16
-0.0455128 0.00448878 -4.55939e-16
-0.0459595 0.00453536 -4.53902e-16
-0.0463959 0.00458094 -4.5343e-16
-0.046833 0.00462665 -4.52637e-16
-0.0472709 0.00467248 -4.51549e-16
-0.0477933 0.00472445 -4.58171e-16
-0.0485139 0.00478893 -4.28901e-16
-0.0492847 0.0048534 -4.30248e-16
-0.0501022 0.00491664 -4.05825e-16
-0.0509496 0.00497802 -4.05827e-16
-0.0518335 0.00503715 -4.54284e-16
-0.0527539 0.00509311 -7.31566e-16
-0.0536819 0.00514591 -7.22855e-16
-0.054629 0.00519509 -3.22385e-16
-0.055586 0.00524072 -3.12199e-16
-0.056545 0.00528315 -3.33986e-16
-0.0574902 0.00532338 1.12286e-16
-0.0584295 0.0053614 -8.4565e-16
-0.0593619 0.00539753 -4.48377e-15
-0.0602966 0.00543428 -1.40236e-15
-0.0612578 0.00547611 -3.46597e-16
-0.062219 0.00551807 -1.04614e-15
-0.0631793 0.00555988 -1.51386e-15
-0.0641382 0.00560132 -1.4742e-16
-0.0650963 0.00564221 -1.94545e-15
-0.0660637 0.00568227 -9.75621e-16
-0.0670371 0.00572132 -1.13567e-15
-0.0680138 0.00575923 -2.43748e-15
-0.0689913 0.00579596 -5.53037e-16
-0.0699677 0.00583152 1.64645e-15
-0.070969 0.00587065 4.87127e-15
-0.071983 0.00591169 3.7744e-16
-0.0729967 0.00595248 1.10844e-15
-0.0740108 0.00599286 -6.37027e-17
-0.0750244 0.00603272 -2.61422e-19
-0.0760369 0.00607201 3.54912e-16
-0.0770476 0.00611069 -5.11773e-17
-0.078056 0.00614875 -4.35389e-16
-0.0790664 0.00618608 -1.2065e-15
-0.0800891 0.00622234 -1.76379e-15
-0.0811199 0.00625746 -3.61579e-16
-0.082156 0.00629144 -4.30502e-16
-0.083195 0.00632433 -3.72448e-16
-0.0842347 0.00635619 -2.39603e-16
-0.0852737 0.00638713 3.03844e-14
-0.0863078 0.0064174 4.40192e-15
-0.0873365 0.00644712 1.31053e-14
-0.0883626 0.00647621 1.67048e-14
-0.0893859 0.00650474 6.88829e-14
-0.0904068 0.00653289 2.17191e-14
-0.0914474 0.00656442 2.10147e-14
-0.0924885 0.00659613 2.14194e-14
-0.09353 0.00662799 1.61295e-14
-0.0945717 0.00665996 1.71063e-14
-0.0956136 0.00669202 2.08711e-14
-0.0966556 0.00672411 -3.64223e-15
-0.0977075 0.00675622 1.44462e-14
-0.0987691 0.00678825 2.01768e-14
-0.0998387 0.0068201 1.65351e-14
-0.100915 0.00685172 1.51949e-14
-0.101996 0.00688302 2.30827e-14
-0.103081 0.00691396 2.71125e-14
-0.104168 0.0069445 2.66428e-14
-0.105255 0.00697466 6.07405e-14
-0.106339 0.00700451 4.56624e-14
-0.107423 0.00703395 5.32086e-14
-0.108508 0.00706299 6.5676e-14
-0.109592 0.00709163 4.96131e-14
-0.110676 0.00711988 4.26306e-14
-0.111758 0.00714776 3.45895e-14
-0.11284 0.00717526 4.38997e-14
-0.11392 0.00720242 5.27497e-14
-0.115 0.00722923 2.86657e-14
-0.116077 0.00725572 3.05342e-14
-0.117154 0.00728189 1.87016e-14
-0.118229 0.00730776 3.15198e-14
-0.119303 0.00733333 4.26008e-14
-0.120375 0.00735863 3.4485e-14
-0.12145 0.00738354 2.4675e-14
-0.122535 0.00740781 2.65187e-14
-0.123627 0.00743148 -7.72216e-15
-0.124724 0.00745456 1.28649e-14
-0.125825 0.0074771 -1.02371e-14
-0.126929 0.00749911 -9.41678e-14
-0.128035 0.00752065 -1.61188e-13
-0.129141 0.00754176 -1.94232e-13
-0.130247 0.00756248 -3.21955e-13
-0.131349 0.00758304 -4.0719e-13
-0.132449 0.00760335 -4.37321e-13
-0.133549 0.00762337 -4.38008e-13
-0.134647 0.00764312 -4.85652e-13
-0.135746 0.00766299 -3.63404e-13
-0.136853 0.00768524 -2.84378e-13
-0.137962 0.00770775 -3.0339e-13
-0.139071 0.0077305 -2.57552e-13
-0.14018 0.0077535 -2.90972e-13
-0.14129 0.00777674 -4.43821e-13
-0.1424 0.0078002 -5.63167e-13
-0.143511 0.00782387 -6.56054e-13
-0.144623 0.00784774 -8.3838e-13
-0.145735 0.0078718 -1.03033e-12
-0.146848 0.00789603 -1.25761e-12
-0.147962 0.00792042 -1.63763e-12
-0.149077 0.00794496 -1.88075e-12
-0.150193 0.00796963 -9.58684e-13
-0.151309 0.00799441 -9.18249e-13
-0.152427 0.00801928 -8.87011e-13
-0.153545 0.00804424 -8.63619e-13
