0 0 0
-42.3317 2.58613 2.71037e-17
-84.6592 5.17226 -6.01816e-17
-126.983 7.75839 -1.28024e-16
-169.302 10.3445 3.44466e-16
-211.617 12.9307 -7.60823e-16
-253.928 15.5168 9.34955e-16
-296.234 18.103 3.66652e-16
-338.537 20.6892 1.10302e-15
-371.689 22.4648 -9.71437e-14
-371.924 21.1584 -9.8275e-14
-372.154 19.8552 -6.7209e-12
-372.353 18.7806 -1.3311e-12
-372.569 17.6984 3.49474e-11
-372.774 16.8679 2.90672e-10
-373.001 16.0955 -2.20046e-10
-373.242 15.4887 1.77308e-10
-373.505 15.0538 6.13183e-11
-373.809 14.6346 -6.67664e-11
-374.154 14.2321 1.8886e-11
-374.538 13.848 -3.46018e-11
-374.961 13.4797 4.33778e-12
-375.424 13.1293 -9.60493e-11
-375.893 13.0595 -2.13454e-11
-376.414 12.9902 -1.27211e-12
-376.975 12.9117 -1.95736e-12
-377.574 12.8265 -2.06407e-12
-378.208 12.7364 -2.07281e-12
-378.877 12.6428 -2.11928e-12
-379.577 12.5468 -2.06258e-12
-380.308 12.4493 -2.0228e-12
-381.066 12.3509 -1.99075e-12
-381.85 12.2522 -1.91042e-12
-382.659 12.1536 -1.83421e-12
-383.49 12.0553 -1.77987e-12
-384.342 11.9577 -1.691e-12
-385.213 11.8609 -1.66707e-12
-386.102 11.765 -1.5683e-12
-387.007 11.6701 -1.5178e-12
-387.927 11.5763 -1.42291e-12
-388.859 11.4838 -1.40248e-12
-389.798 11.3931 -1.35437e-12
-390.744 11.3038 -1.29458e-12
-391.701 11.2156 -1.25171e-12
-392.666 11.1286 -1.20454e-12
-393.639 11.0428 -1.17406e-12
-394.614 10.9757 -8.74965e-13
-395.543 11.1296 -8.43697e-13
-396.478 11.2573 -8.02643e-13
-397.417 11.3648 -7.82659e-13
-398.393 11.4795 -6.03218e-13
-399.373 11.5921 -6.13114e-13
-400.345 11.7014 -5.82714e-13
-401.304 11.8061 -5.32917e-13
-402.264 11.9083 -5.00456e-13
-403.225 12.0079 -5.13316e-13
-404.186 12.1047 -4.97808e-13
-405.148 12.1991 -4.37452e-13
-406.108 12.2912 -4.67806e-13
-407.069 12.3812 -4.39196e-13
-408.029 12.4692 -4.01445e-13
-408.971 12.5541 -5.1247e-13
-409.861 12.6333 -3.56509e-13
-410.745 12.7106 -3.94117e-13
-411.631 12.7866 -3.38925e-13
-412.518 12.8615 -3.02549e-13
-413.406 12.9352 -3.15247e-13
-414.295 13.0079 -3.1645e-13
-415.184 13.0796 -2.75002e-13
-416.071 13.1501 -2.86368e-13
-416.911 13.2167 -2.72486e-13
-417.711 13.2799 -2.88581e-13
-418.514 13.3424 -2.54857e-13
-419.324 13.4045 -2.74007e-13
-420.138 13.4661 -2.4505e-13
-420.957 13.5273 -2.35692e-13
-421.779 13.588 -2.26517e-13
-422.604 13.6483 -2.37872e-13
-423.43 13.708 -2.47636e-13
-424.257 13.7673 -2.08022e-13
-425.085 13.8261 -1.72858e-13
-425.913 13.8843 -2.20569e-13
-426.741 13.9421 -1.82415e-13
-427.569 13.9993 -1.95367e-13
-428.396 14.0561 -2.24963e-13
-429.222 14.1123 -1.29761e-13
-430.047 14.168 -1.77896e-13
-430.871 14.2233 -1.7155e-13
-431.693 14.278 -2.13226e-13
-432.514 14.3323 -1.62024e-13
-433.333 14.3861 -1.66322e-13
-434.151 14.4394 -9.80342e-14
-434.967 14.4923 -1.53248e-13
-435.773 14.5443 -1.14509e-13
-436.574 14.5958 -1.28082e-13
-437.374 14.6468 -1.09379e-13
-438.166 14.6971 -1.83988e-13
-438.957 14.747 -1.1672e-13
-439.745 14.7965 -9.21831e-14
-440.532 14.8455 -1.09061e-13
-441.315 14.8942 -1.88667e-13
-442.094 14.9423 -1.24712e-13
-442.871 14.9901 -5.18979e-14
-443.646 15.0375 -7.7198e-14
-444.418 15.0845 -8.2408e-14
-445.188 15.1311 -9.16795e-14
-445.956 15.1774 -6.79615e-14
-446.721 15.2234 -1.50899e-13
-447.483 15.269 -6.56699e-14
-448.236 15.314 -9.52081e-14
-448.986 15.3586 -1.1654e-13
-449.727 15.4027 -8.19907e-14
-450.46 15.4462 -8.50687e-14
-451.191 15.4893 -1.37804e-13
-451.92 15.5321 -7.73383e-14
-452.646 15.5746 -7.81091e-14
-453.37 15.6169 -8.86014e-14
-454.092 15.6588 -5.72528e-14
-454.811 15.7005 -7.90355e-14
-455.528 15.7419 -7.90413e-14
-455.397 15.6304 1.59505e-13
-453.793 15.2993 -7.4321e-14
-450.846 14.8814 1.4027e-13
-446.689 14.4381 1.84386e-12
-441.472 13.9818 -3.4495e-12
-435.407 13.5417 -2.88781e-14
-428.732 13.1441 3.68571e-12
-421.514 12.7415 -3.74171e-12
-413.902 12.3299 -1.6843e-14
-407.015 11.9562 -6.71343e-12
-400.241 11.5944 1.07741e-11
-393.402 11.245 -5.99386e-12
-386.583 10.9166 7.15436e-12
-379.857 10.615 -2.16331e-11
-373.278 10.3436 -5.42361e-11
-366.932 10.1281 -4.84898e-11
-360.812 9.94618 -4.94054e-11
-354.911 9.78468 3.82242e-12
-349.239 9.64294 4.25902e-11
-343.796 9.51965 -1.30977e-10
-338.524 9.46201 -5.19375e-11
-333.303 9.54321 9.43787e-12
-328.284 9.6201 4.89144e-12
-323.463 9.69039 -2.17432e-11
-318.835 9.75245 3.54762e-11
-314.394 9.80543 -5.87215e-12
-310.134 9.84902 -6.46358e-11
-306.038 9.88019 -3.02606e-10
-302.077 9.88972 -1.25796e-10
-298.255 9.8831 -3.34619e-11
-294.573 9.86328 2.6383e-11
-291.029 9.83309 1.53142e-11
-287.619 9.79511 3.40961e-11
-284.341 9.75162 3.35026e-11
-281.19 9.70456 5.60426e-11
-278.111 9.71312 -5.59725e-12
-275.078 9.7897 6.5368e-11
-272.166 9.86014 -5.40967e-11
-269.359 9.91915 -8.18624e-11
-266.653 9.96748 1.38505e-10
-264.044 10.0061 -1.07001e-10
-261.528 10.0359 -2.65116e-11
-259.102 10.058 -7.49706e-11
-256.761 10.0735 -1.89913e-11
-254.503 10.0834 3.95337e-11
-252.323 10.0886 7.35606e-11
-250.216 10.0891 -2.14575e-10
-248.16 10.07 -1.10106e-10
-246.158 10.0358 -2.85371e-10
-244.21 9.98984 -6.10651e-11
-242.316 9.93487 1.04615e-10
-240.477 9.87359 2.1286e-10
-238.691 9.80842 2.76833e-10
-236.959 9.74146 3.0307e-10
-235.279 9.67445 4.1909e-10
-233.65 9.60877 4.85234e-10
-232.073 9.54942 9.32857e-10
-230.547 9.49938 9.86217e-10
-229.067 9.4513 1.25044e-09
-227.631 9.40551 5.07459e-10
-226.235 9.36223 9.72691e-10
-224.88 9.32158 9.58948e-10
-223.562 9.2836 2.03488e-09
-222.261 9.30106 2.342e-09
-220.986 9.33386 -9.18664e-11
-219.745 9.36764 -6.60249e-13
-218.534 9.40177 -2.08424e-11
-217.353 9.43572 -3.98979e-11
-216.201 9.46904 4.77442e-11
-215.076 9.50136 -2.64058e-10
-213.979 9.53238 1.43417e-11
-212.902 9.55729 5.21816e-10
-211.842 9.57619 -2.54203e-11
-210.802 9.59013 -5.94753e-10
-209.781 9.59942 5.57614e-10
-208.779 9.60431 1.23296e-09
-207.798 9.60507 1.55189e-09
-206.835 9.60201 6.4005e-10
-205.892 9.59548 1.21938e-11
-204.969 9.58584 -8.36987e-11
-204.064 9.57346 3.3786e-10
