0 0
-0.000493788 1.25
-0.00197515 2.5
-0.0044441 3.75
-0.00790062 5
-0.0123447 6.25
-0.0177765 7.5
-0.0241958 8.75
-0.0316027 10
-0.0398174 11.25
-0.0490741 12.5
-0.059347 13.75
-0.0708448 15
-0.0829554 16.25
-0.0964772 17.5
-0.111021 18.75
-0.125615 20
-0.142145 21.25
-0.1597 22.5
-0.178281 23.75
-0.197887 25
-0.218517 26.25
-0.240171 27.5
-0.259398 28.75
-0.282883 30
-0.307399 31.25
-0.332943 32.5
-0.359515 33.75
-0.387115 35
-0.415741 36.25
-0.445392 37.5
-0.476069 38.75
-0.507772 40
-0.540498 41.25
-0.574249 42.5
-0.608824 43.75
-0.644501 45
-0.681315 46.25
-0.719152 47.5
-0.758014 48.75
-0.797899 50
-0.838808 51.25
-0.88074 52.5
-0.923696 53.75
-0.967675 55
-1.01268 56.25
-1.05871 57.5
-1.1001 58.75
-1.14199 60
-1.1851 61.25
-1.2334 62.5
-1.28328 63.75
-1.33419 65
-1.38611 66.25
-1.43905 67.5
-1.49301 68.75
-1.54797 70
-1.60395 71.25
-1.66094 72.5
-1.71894 73.75
-1.77795 75
-1.83796 76.25
-1.89899 77.5
-1.96103 78.75
-2.02407 80
-2.08812 81.25
-2.15318 82.5
-2.21899 83.75
-2.28582 85
-2.35392 86.25
-2.42303 87.5
-2.49315 88.75
-2.56428 90
-2.63642 91.25
-2.70957 92.5
-2.78373 93.75
-2.8589 95
-2.93507 96.25
-3.01226 97.5
-3.09043 98.75
-3.16892 100
-3.24891 101.25
-3.3302 102.5
-3.41249 103.75
-3.4958 105
-3.58011 106.25
-3.66544 107.5
-3.75179 108.75
-3.83914 110
-3.92751 111.25
-4.01639 112.5
-4.10528 113.75
-4.19668 115
-4.28925 116.25
-4.38283 117.5
-4.47742 118.75
-4.57303 120
-4.66965 121.25
-4.76729 122.5
-4.86593 123.75
-4.96559 125
-5.06444 126.25
-5.16359 127.5
-5.26497 128.75
-5.36871 130
-5.47347 131.25
-5.57925 132.5
-5.68604 133.75
-5.79385 135
-5.90268 136.25
-6.01252 137.5
-6.12337 138.75
-6.23524 140
-6.34813 141.25
-6.46203 142.5
-6.57694 143.75
-6.69288 145
-6.80983 146.25
-6.9278 147.5
-7.04678 148.75
-7.16752 150
-7.29872 151.25
-7.44174 152.5
-7.59245 153.75
-7.75062 155
-7.91579 156.25
-8.08587 157.5
-8.2602 158.75
-8.44156 160
-8.62855 161.25
-8.81612 162.5
-9.00769 163.75
-9.20243 165
-9.39959 166.25
-9.59847 167.5
-9.79852 168.75
-9.99762 170
-10.1971 171.25
-10.3971 172.5
-10.5972 173.75
-10.7976 175
-11.0013 176.25
-11.2111 177.5
-11.4222 178.75
-11.6346 180
-11.8483 181.25
-12.0631 182.5
-12.279 183.75
-12.4965 185
-12.7165 186.25
-12.9385 187.5
-13.1623 188.75
-13.3876 190
-13.6143 191.25
-13.8421 192.5
-14.0708 193.75
-14.3038 195
-14.5431 196.25
-14.7833 197.5
-15.0249 198.75
-15.2679 200
-15.5122 201.25
-15.7577 202.5
-16.0042 203.75
-16.2518 205
-16.5004 206.25
-16.7499 207.5
-17.0003 208.75
-17.2536 210
-17.5094 211.25
-17.7676 212.5
-18.0278 213.75
-18.2897 215
-18.5531 216.25
-18.8179 217.5
-19.0839 218.75
-19.3508 220
-19.6185 221.25
-19.8861 222.5
-20.1545 223.75
-20.4236 225
-20.6935 226.25
-20.9642 227.5
-21.2356 228.75
-21.5097 230
-21.7875 231.25
-22.0665 232.5
-22.3467 233.75
-22.6282 235
-22.911 236.25
-23.195 237.5
-23.4802 238.75
-23.7673 240
-24.0573 241.25
-24.3497 242.5
-24.6445 243.75
-24.9415 245
-25.2405 246.25
-25.5414 247.5
-25.8441 248.75
-26.1484 250
