0 0 0
-2.34483e-10 -34241.4 -5.22181e+07
-9.19059e-10 -68482.9 -1.04436e+08
-2.05046e-09 -102725 -1.56654e+08
-3.52043e-09 -136966 -2.08873e+08
-5.22834e-09 -171209 -2.61091e+08
-7.31484e-09 -205451 -3.1331e+08
-9.50422e-09 -239695 -3.65528e+08
-1.19976e-08 -273938 -4.17747e+08
-2.69678e-06 -303913 -4.63455e+08
-0.0001182 -313645 -4.78294e+08
-2.95992e-05 -320806 -4.89209e+08
-0.0002847 -324932 -4.95498e+08
0.000315412 -328807 -5.01404e+08
0.000775692 -330983 -5.04718e+08
-0.00137863 -332737 -5.07386e+08
-0.00105277 -334499 -5.10069e+08
0.00227603 -336115 -5.12527e+08
-0.00337391 -336762 -5.13508e+08
-0.00285774 -337426 -5.14515e+08
-0.00264008 -338109 -5.1555e+08
-0.00243147 -338811 -5.16614e+08
-0.00223944 -339532 -5.17706e+08
-0.00206196 -340273 -5.18827e+08
-0.00189823 -341033 -5.19977e+08
2.85336e-08 -341737 -5.21044e+08
-2.50243e-06 -342135 -5.21642e+08
-7.27596e-09 -342525 -5.22228e+08
-7.9317e-09 -342934 -5.22842e+08
-8.41192e-09 -343363 -5.23486e+08
-8.40191e-09 -343810 -5.24158e+08
-8.40191e-09 -344275 -5.24856e+08
-0.00719792 -344758 -5.25581e+08
-0.00659538 -345257 -5.2633e+08
-0.00645965 -345772 -5.27104e+08
-0.0062971 -346302 -5.279e+08
-0.00613675 -346846 -5.28718e+08
-0.00597751 -347405 -5.29557e+08
-0.00581986 -347977 -5.30415e+08
-0.00566426 -348561 -5.31292e+08
-0.00551095 -349157 -5.32186e+08
-0.00536022 -349764 -5.33098e+08
-0.00521232 -350382 -5.34025e+08
-0.00506743 -351010 -5.34967e+08
-0.0049257 -351647 -5.35923e+08
-0.00478725 -352293 -5.36892e+08
-0.00465217 -352948 -5.37873e+08
-0.00452053 -353610 -5.38866e+08
-0.00439232 -354280 -5.39869e+08
-0.00426759 -354956 -5.40883e+08
-0.00414631 -355639 -5.41905e+08
-0.00402844 -356328 -5.42937e+08
-0.00391391 -357023 -5.43976e+08
-0.00380264 -357722 -5.45023e+08
9.43996e-06 -358393 -5.46027e+08
-0.00586168 -359056 -5.47021e+08
-0.00581907 -359724 -5.48019e+08
0.00440365 -360393 -5.49022e+08
-1.82124e-06 -361058 -5.50015e+08
2.31077e-07 -361716 -5.50996e+08
2.0755e-07 -362376 -5.5198e+08
1.84264e-07 -363039 -5.52968e+08
1.64775e-07 -363704 -5.53959e+08
1.46742e-07 -364371 -5.54953e+08
1.31546e-07 -365041 -5.55949e+08
1.16015e-07 -365711 -5.56948e+08
1.02769e-07 -366384 -5.57948e+08
8.83665e-08 -367057 -5.5895e+08
7.15918e-08 -367732 -5.59952e+08
5.56538e-08 -368408 -5.60956e+08
-9.49876e-08 -369083 -5.61959e+08
-4.68135e-08 -369757 -5.6296e+08
-1.32313e-08 -370431 -5.6396e+08
-7.88059e-08 -371102 -5.64955e+08
-1.85537e-07 -371773 -5.65949e+08
-0.00142354 -372444 -5.66943e+08
2.93464e-05 -373115 -5.67937e+08
-0.000611641 -373787 -5.6893e+08
4.57814e-07 -374458 -5.69923e+08
3.26279e-07 -375128 -5.70915e+08
2.71026e-07 -375799 -5.71905e+08
2.38048e-07 -376469 -5.72895e+08
2.13502e-07 -377139 -5.73883e+08
1.9596e-07 -377808 -5.74871e+08
1.81994e-07 -378476 -5.75856e+08
1.71913e-07 -379144 -5.76841e+08
1.62327e-07 -379811 -5.77824e+08
1.55385e-07 -380478 -5.78805e+08
1.47924e-07 -381143 -5.79784e+08
1.42947e-07 -381808 -5.80762e+08
1.386e-07 -382472 -5.81737e+08
1.32943e-07 -383135 -5.82711e+08
1.2945e-07 -383797 -5.83683e+08
1.25703e-07 -384458 -5.84652e+08
-2.36116e-07 -385115 -5.85617e+08
7.52843e-08 -385770 -5.86576e+08
7.29015e-08 -386424 -5.87533e+08
-1.25552e-06 -387071 -5.8848e+08
1.02606e-07 -387716 -5.89424e+08
1.0294e-07 -388361 -5.90365e+08
9.94478e-08 -389004 -5.91305e+08
9.84946e-08 -389646 -5.92242e+08
9.59917e-08 -390287 -5.93177e+08
9.48276e-08 -390927 -5.94109e+08
9.19244e-08 -391566 -5.9504e+08
9.15097e-08 -392203 -5.95967e+08
9.24774e-08 -392840 -5.96893e+08
8.77044e-08 -393475 -5.97816e+08
8.61182e-08 -394108 -5.98737e+08
8.3317e-08 -394741 -5.99655e+08
-3.17246e-07 -395369 -6.00565e+08
1.67711e-08 -395990 -6.01465e+08
1.66037e-08 -396610 -6.02363e+08
-3.15616e-06 -397217 -6.03241e+08
5.12955e-08 -397821 -6.04112e+08
5.51445e-08 -398424 -6.04982e+08
5.33109e-08 -399025 -6.0585e+08
5.54501e-08 -399626 -6.06715e+08
5.3391e-08 -400225 -6.07578e+08
5.44169e-08 -400824 -6.08439e+08
5.21104e-08 -401421 -6.09297e+08
5.30199e-08 -402017 -6.10154e+08
5.40094e-08 -402612 -6.11008e+08
5.40167e-08 -403206 -6.1186e+08
-2.31594e-07 -403782 -6.12685e+08
-4.11092e-08 -404352 -6.135e+08
-2.47732e-06 -404914 -6.14302e+08
-2.97296e-08 -405449 -6.15061e+08
-1.70548e-08 -405983 -6.1582e+08
-2.41562e-08 -406518 -6.1658e+08
-3.36513e-08 -407054 -6.17339e+08
-5.48971e-08 -407589 -6.18098e+08
-7.71979e-08 -408125 -6.18857e+08
-1.17805e-07 -408662 -6.19615e+08
-1.80225e-07 -409198 -6.20374e+08
-0.00208027 -409735 -6.21132e+08
-0.000108185 -410258 -6.2187e+08
0.00203044 -410541 -6.22238e+08
0.000712248 -410610 -6.22279e+08
-0.0061614 -410439 -6.21953e+08
0.000907668 -410040 -6.21277e+08
0.00244159 -409431 -6.20282e+08
1.0926e-05 -408637 -6.19003e+08
0.00519358 -407684 -6.17482e+08
0.00517912 -406605 -6.1577e+08
0.00376493 -405313 -6.13733e+08
0.00498078 -403741 -6.11271e+08
5.58267e-05 -401976 -6.08515e+08
0.000302331 -400345 -6.05963e+08
-5.78941e-05 -398586 -6.03217e+08
9.25602e-05 -396734 -6.00327e+08
0.000465971 -394818 -5.97344e+08
0.00130927 -392870 -5.9431e+08
0.00304782 -390914 -5.91263e+08
0.00726182 -388970 -5.88236e+08
0.00270779 -387113 -5.85343e+08
0.00140403 -385351 -5.82593e+08
0.0016532 -383630 -5.79905e+08
0.00199782 -381955 -5.77288e+08
0.00225821 -380331 -5.74748e+08
0.00239663 -378760 -5.72289e+08
0.00240612 -377245 -5.69915e+08
-0.00188488 -375708 -5.67507e+08
-0.00511078 -374142 -5.65054e+08
-0.000811558 -372620 -5.62668e+08
0.0153786 -371143 -5.60349e+08
0.00338606 -369710 -5.58098e+08
0.00253402 -368324 -5.55916e+08
0.000905773 -366983 -5.53804e+08
0.000820781 -365688 -5.51761e+08
0.000656035 -364425 -5.49767e+08
0.000703736 -363118 -5.47706e+08
0.000711366 -361795 -5.4562e+08
0.000676096 -360464 -5.43524e+08
0.000621507 -359135 -5.41429e+08
0.000556924 -357815 -5.39349e+08
0.000490572 -356510 -5.37291e+08
0.00042854 -355227 -5.35266e+08
0.000374153 -353969 -5.3328e+08
0.00032822 -352740 -5.31338e+08
0.000438322 -351518 -5.29405e+08
-0.000152297 -350238 -5.27384e+08
0.00297018 -349034 -5.25477e+08
0.0020698 -347861 -5.23616e+08
0.00191906 -346717 -5.218e+08
0.00177135 -345602 -5.20029e+08
0.00161728 -344519 -5.18304e+08
0.00146546 -343467 -5.16626e+08
0.00132255 -342445 -5.14995e+08
0.00139519 -341455 -5.13411e+08
0.00127459 -340496 -5.11873e+08
0.0011696 -339568 -5.10383e+08
0.00107835 -338670 -5.08938e+08
0.000999813 -337801 -5.07538e+08
0.00127893 -336939 -5.06146e+08
0.00127657 -336031 -5.04685e+08
0.00138467 -335099 -5.0319e+08
0.00145406 -334153 -5.01671e+08
0.00151498 -333197 -5.00138e+08
0.00157612 -332237 -4.986e+08
0.00164276 -331279 -4.97064e+08
