0 0 0
-25.656 1.56737 2.71712e-17
-51.3094 3.13475 -1.71545e-16
-76.9602 4.70212 -3.58455e-17
-102.609 6.2695 3.60746e-16
-128.254 7.83688 1.5455e-17
-153.898 9.40427 3.95659e-16
-179.539 10.9717 -4.93963e-16
-205.177 12.5391 1.40728e-16
-230.813 14.1065 5.54805e-16
-256.446 15.6739 1.00314e-16
-282.078 17.2413 -1.33808e-16
-307.706 18.8088 6.46762e-16
-333.333 20.3762 -8.70284e-16
-358.957 21.9437 1.03395e-15
-371.724 22.2735 -2.33214e-13
-371.956 20.9778 2.57987e-12
-372.185 19.6812 7.08365e-11
-372.405 18.4924 3.07765e-10
-372.623 17.468 1.89932e-10
-372.862 16.5622 1.38089e-09
-373.133 15.7186 -2.57868e-10
-373.426 15.1911 -2.38721e-11
-373.775 14.6987 4.04726e-10
-374.181 14.2227 -2.04112e-10
-374.643 13.7693 -5.49762e-11
-375.159 13.3394 -9.54882e-11
-375.703 13.0958 -6.82428e-11
-376.314 13.0126 -5.84242e-11
-376.981 12.9169 -5.07757e-11
-377.701 12.8126 -4.46968e-11
-378.47 12.7025 -3.97942e-11
-379.285 12.5886 -3.57871e-11
-380.143 12.4725 -3.24648e-11
-381.029 12.3567 -2.96869e-11
-381.945 12.2412 -2.73579e-11
-382.893 12.1262 -2.53878e-11
-383.868 12.0121 -2.36581e-11
-384.868 11.8993 -2.22106e-11
-385.889 11.7882 -2.08863e-11
-386.93 11.6785 -1.97274e-11
-387.99 11.5704 -1.86726e-11
-389.031 11.4687 -1.76506e-11
-390.062 11.3687 -1.69325e-11
-391.104 11.2712 -1.62386e-11
-392.153 11.1756 -1.55205e-11
-393.213 11.0813 -1.49268e-11
-394.283 10.9882 -1.43224e-11
-395.314 11.0976 -1.05502e-11
-396.281 11.2358 -1.02831e-11
-397.237 11.3494 -1.00404e-11
-398.234 11.4647 -7.65954e-12
-399.252 11.5812 -7.38618e-12
-400.278 11.6959 -7.2344e-12
-401.313 11.8082 -6.90023e-12
-402.347 11.9176 -6.61871e-12
-403.371 12.0228 -6.35949e-12
-404.397 12.1252 -6.11209e-12
-405.427 12.2253 -5.86964e-12
-406.459 12.3231 -5.63886e-12
-407.493 12.4187 -5.38785e-12
-408.528 12.5123 -5.15902e-12
-409.564 12.604 -4.94038e-12
-410.6 12.6938 -4.82301e-12
-411.599 12.7793 -4.59784e-12
-412.571 12.8611 -4.40933e-12
-413.544 12.9416 -4.20813e-12
-414.516 13.0208 -4.04339e-12
-415.483 13.0982 -3.93136e-12
-416.438 13.1738 -3.7698e-12
-417.392 13.2482 -3.5672e-12
-418.34 13.3212 -3.51007e-12
-419.251 13.3909 -3.41375e-12
-420.128 13.4576 -3.22556e-12
-421.013 13.5238 -3.14065e-12
-421.904 13.5897 -2.98651e-12
-422.8 13.655 -2.91669e-12
-423.701 13.7199 -2.823e-12
-424.605 13.7843 -2.70979e-12
-425.51 13.8481 -2.66999e-12
-426.41 13.9111 -2.53594e-12
-427.302 13.9729 -2.45024e-12
-428.17 14.0329 -2.38764e-12
-429.036 14.0923 -2.30448e-12
-429.903 14.1511 -2.2302e-12
-430.768 14.2093 -2.20586e-12
-431.632 14.2669 -2.00539e-12
-432.495 14.324 -2.00764e-12
-433.356 14.3806 -1.90235e-12
-434.215 14.4366 -1.85079e-12
-435.069 14.492 -1.76389e-12
-435.891 14.5454 -1.74294e-12
-436.68 14.5967 -1.74158e-12
-437.43 14.6458 -1.68745e-12
-438.178 14.6942 -1.60356e-12
-438.924 14.7421 -1.56041e-12
-439.668 14.7895 -1.60495e-12
-440.414 14.8365 -1.48234e-12
-441.161 14.8833 -1.46057e-12
-441.908 14.9298 -1.36277e-12
-442.657 14.9761 -1.33282e-12
-443.379 15.021 -1.31963e-12
-444.07 15.0642 -1.27017e-12
-444.749 15.1065 -1.23711e-12
-445.395 15.1472 -1.21608e-12
-446.05 15.1879 -1.13736e-12
-446.71 15.2284 -1.19288e-12
-447.376 15.2688 -1.16876e-12
-448.046 15.3092 -1.08362e-12
-448.713 15.3493 -1.08939e-12
-449.383 15.3892 -1.01096e-12
-450.056 15.4291 -9.88916e-13
-450.73 15.4689 -9.91043e-13
-451.406 15.5086 -1.02401e-12
-452.071 15.5478 -8.77022e-13
-452.738 15.5869 -8.42162e-13
-453.407 15.6259 -9.17467e-13
-454.076 15.6647 -8.75168e-13
-454.748 15.7035 -8.01205e-13
-455.423 15.7423 -8.36374e-13
-455.511 15.6683 -7.062e-13
-453.688 15.2904 -7.46132e-13
-449.783 14.7755 -8.41554e-13
-444.001 14.2178 -3.45166e-12
-436.634 13.6489 -4.59982e-13
-428.151 13.1405 5.1057e-12
-418.647 12.6137 -4.02068e-13
-409.088 12.0994 -7.30448e-12
-400.243 11.6222 -2.94897e-12
-391.235 11.1647 -5.44155e-12
-382.282 10.7459 -3.57568e-11
-373.556 10.3778 -1.1099e-10
-365.259 10.0973 4.00976e-13
-357.376 9.8683 -3.01183e-11
-349.9 9.67449 1.56811e-11
-342.838 9.51299 5.69886e-11
-335.983 9.5139 -3.16277e-12
-329.363 9.61168 1.7572e-11
-323.098 9.69928 -1.40486e-11
-317.173 9.77339 2.16187e-11
-311.573 9.83257 -3.91257e-11
-306.269 9.87429 -2.58548e-10
-301.186 9.88319 7.34733e-12
-296.332 9.86701 -2.46361e-11
-291.71 9.83196 -3.27433e-12
-287.317 9.78363 -5.17848e-12
-283.147 9.72688 1.67354e-11
-279.171 9.68758 -7.71111e-12
-275.241 9.78551 1.70845e-12
-271.522 9.87188 -2.88591e-11
-267.98 9.93983 -6.78316e-12
-264.607 9.99123 -1.24624e-11
-261.394 10.0283 2.7299e-11
-258.331 10.0532 -4.60188e-11
-255.411 10.0683 1.30751e-11
-252.624 10.0753 1.06231e-10
-249.958 10.0741 -2.2364e-10
-247.372 10.0437 -6.42821e-11
-244.869 9.99154 -8.96462e-11
-242.452 9.92355 -5.71463e-11
-240.124 9.84529 1.08999e-10
-237.883 9.76161 -7.75563e-13
-235.729 9.67661 -1.33235e-10
-233.659 9.59331 1.40754e-10
-231.677 9.52081 -1.08123e-10
-229.778 9.45867 2.27538e-10
-227.951 9.39999 3.95438e-10
-226.192 9.34528 2.21733e-10
-224.498 9.29477 3.40398e-10
-222.85 9.2872 3.56391e-10
-221.236 9.32688 -6.13309e-12
-219.676 9.36778 -2.46764e-11
-218.165 9.40874 1.97669e-11
-216.703 9.44882 -9.40872e-13
-215.286 9.48727 -8.0931e-12
-213.912 9.52352 -1.14862e-11
-212.569 9.55252 4.27729e-11
-211.253 9.57257 2.45649e-10
-209.966 9.58478 -5.5997e-10
-208.708 9.58975 8.98726e-11
-207.481 9.58808 -1.20708e-10
-206.285 9.58049 2.91181e-10
-205.12 9.56774 -3.39956e-10
-203.986 9.55065 1.01466e-09
-202.885 9.53262 7.66547e-12
-201.817 9.51541 -2.16613e-10
-200.777 9.49524 2.18589e-10
-199.765 9.47268 9.42819e-11
-198.78 9.44829 -3.48659e-10
-197.821 9.42253 -2.40567e-10
-196.887 9.39583 4.32169e-11
-195.977 9.36855 -4.67439e-10
-195.09 9.34098 4.40426e-10
-194.226 9.31336 1.44892e-10
-193.384 9.28587 -1.74243e-10
-192.562 9.25866 1.02377e-10
-191.761 9.23181 3.42022e-10
-190.979 9.20542 -2.88845e-10
-190.215 9.17952 -1.20544e-10
-189.469 9.15414 -1.86913e-10
-188.741 9.12928 -1.22093e-10
