0.
0.
0.000733276
0.000634945
0.003691395
-0.004056043
-0.00288105
-0.002863673
0.002508196
-0.004171875
-0.001214447
-0.003881315
-0.002037742
0.000667024
0.000892535
-0.003221372
-0.005100879
-0.002102707
0.000389307
-0.000173118
9.98e-05
0.002572041
3.03e-05
0.003466258
-0.001033934
0.46577066
0.966079882
1.463423367
1.961098751
2.464103047
2.959314268
3.453274956
3.949112725
4.447612911
4.936884623
5.436945707
5.934826564
6.427200511
6.921947468
7.421399932
7.920491509
8.452744223
8.829605766
8.782852441
8.706908673
8.687715977
8.664113469
8.560136892
8.495898917
8.454944007
8.356344886
8.250120096
8.149195462
8.000578731
7.842875086
7.691305131
7.533609867
7.382981945
7.175562438
6.911828648
6.670908071
6.401597988
6.098314654
5.795545876
5.418862682
5.007033702
4.531860352
4.058578983
3.559894394
3.043938894
2.543297131
2.05272832
1.568247797
1.084297313
0.601230946
0.283651869
-0.224231582
-0.730051601
-1.231040806
-1.738291467
-2.247227821
-2.773334505
-3.284324892
-3.780521452
-4.234056454
-4.725939594
-5.152109545
-5.558377132
-5.870623514
-6.179142743
-6.483491976
-6.786125246
-6.997603923
-7.200602908
-7.40112178
-7.603511214
-7.805340923
-7.907230407
-8.008893579
-8.207989857
-8.317904547
-8.408905938
-8.507763967
-8.503483608
-8.619506843
-8.700814098
-8.702741005
-8.71589873
-8.804226294
-8.805534802
-8.796161041
-8.801460266
-8.772367612
-8.701457642
-8.669706061
-8.593106642
-8.565984666
-8.462629281
-8.40235129
-8.357012644
-8.25607311
-8.114076219
-7.95250386
-7.806336042
-7.649401203
-7.502628025
-7.29577383
-7.093970198
-6.88054366
-6.629091222
-6.329311058
-6.01809565
-5.710341036
-5.348810926
-4.939688835
-4.461792763
-3.951136023
-3.453874029
-2.969158813
-2.451939275
-1.93467061
-1.44646503
-0.958244316
-0.463403674
0.005207082
0.506535464
1.012375345
1.506279223
1.999492757
2.489354927
2.98881717
3.480053041
3.978183959
4.469347186
4.96707391
5.457122345
5.943998229
6.43603364
6.930030882
7.45024858
7.962133735
8.465155959
8.959553204
9.45147872
9.966217913
10.4692094
10.94219461
11.44671254
11.98188215
12.49567699
12.98702508
13.45607545
13.95053044
14.46611993
14.9069801
15.37674107
15.73576778
16.0475634
16.35264978
16.65402576
16.95626788
17.21289009
17.41577312
17.6144205
17.76510291
17.86481775
17.96307229
18.06760393
18.16715673
18.20756309
18.26917194
18.30570027
18.29992794
18.23681779
18.19769293
18.12737435
18.02521385
17.91867055
17.74137653
17.61940122
17.43337885
17.13952608
16.92132652
16.63902402
16.4204184
16.0377752
15.72390087
15.3179327
14.90877941
14.40601889
13.90203647
13.45310733
12.96399161
12.43811008
11.92427985
11.4427302
10.95257513
10.45963261
9.967613965
9.461724199
8.958977647
8.451752365
7.9839807
7.513083983
7.018509321
6.507104728
5.997998174
5.496854428
4.987627733
4.479353782
3.977282438
3.462614724
2.963414183
2.46933382
1.967809163
1.480626641
0.985353254
0.494278851
0.288613053
-0.206380428
-0.703334284
-1.203743275
-1.695694518
-2.190980595
-2.68818019
-3.179840045
-3.675513901
-4.172658548
-4.664717708
-5.158512387
-5.651118699
-6.142144091
-6.636741571
-7.130696438
-7.639212999
-8.145696484
-8.651490323
-9.161899798
-9.662022814
-10.15145425
-10.63604094
-11.11563016
-11.63772028
-12.17022911
-12.62217388
-13.10804114
-13.63422163
-14.15335387
-14.66334704
-15.11420868
-15.52580856
-15.87752625
-16.17795415
-16.48394577
-16.78237133
-17.03281514
-17.23559387
-17.43609458
-17.63523743
-17.84267463
-17.97537506
-18.08041893
-18.17401685
-18.20759848
-18.27756129
-18.30441505
-18.26388761
-18.21310632
-18.19673553
-18.11756007
-18.09706539
-18.01301911
-17.82609895
-17.70307869
-17.51434989
-17.3114296
-17.10266434
-16.80895314
-16.59639925
-16.2954051
-15.88864438
-15.57881664
-15.16935788
-14.76312522
-14.25230224
-13.76148313
-13.22624367
-12.73473538
-12.22566329
-11.72867697
-11.26516238
-10.78751497
-10.30314714
-9.782020003
-9.271686897
-8.774085902
-8.281507529
-7.788593881
-7.303046528
-6.804786157
-6.303882226
-5.798249971
-5.288042594
-4.793329164
-4.290926736
-3.797015874
-3.294594353
-2.797923284
-2.295706421
-1.79457292
-1.255866024
-0.505507691
-0.03320257
0.726296392
1.487009344
2.243343974
2.999591408
3.728198819
4.462067969
5.200439133
5.920587573
6.708597299
7.422153838
8.149227127
8.669012226
9.22014378
9.670151398
9.986431338
10.3757102
10.65523457
10.886834
11.08824089
11.3015119
11.4513021
11.51285227
11.61084883
11.69986557
11.70498412
11.70379017
11.70031354
11.60423458
11.59773953
11.47167943
11.39744278
11.34637464
11.16632391
11.01277675
10.90422459
10.67927293
10.45004278
10.22043265
9.941894561
9.663682431
9.356432594
9.010775015
8.568125777
8.183549158
7.645705249
7.143193856
6.511448417
5.823731888
5.069324281
4.300283734
3.535967786
2.780280309
2.030591015
1.286391052
0.551025267
0.000973175
-0.774669694
-1.52154325
-2.236954868
-2.95739132
-3.717801999
-4.513982218
-5.221048836
-5.96419815
-6.645205896
-7.303842809
-7.78513588
-8.303540759
-8.697289973
-9.109820239
-9.476289153
-9.715322405
-10.04432049
-10.26885677
-10.50083153
-10.71900409
-10.87820344
-11.0729821
-11.20814402
-11.31976582
-11.42970193
-11.54372562
-11.60745509
-11.67465281
-11.70272101
-11.70358434
-11.70108933
-11.70026232
-11.65806968
-11.60021406
-11.53418794
-11.41754258
-11.31230779
-11.1909546
-11.07519027
-10.93307044
-10.69855411
-10.46934817
-10.24464238
-10.01074445
-9.781811386
-9.446416982
-9.098139592
-8.707829751
-8.253217675
-7.799368817
-7.35006528
-6.697856355
-6.004244555
-5.254165735
-4.527666606
-3.802974941
-3.050824162
-2.278047614
-1.50705257
-0.78346947
-0.059044105
0.027990731
0.788115547
1.540434198
2.296492923
3.05810757
3.809983376
4.559317604
5.310558248
6.052999757
6.798333488
7.545495406
8.272687905
8.989159949
9.706650861
10.45311894
11.21344045
11.96201332
12.70329021
13.44113238
14.18038551
14.94075637
15.70547186
16.47547446
17.24549383
17.99152792
18.72634143
19.49354634
20.13354003
20.70405148
21.2696176
21.76378109
22.21067809
22.65274897
22.9915604
23.29650149
23.51708524
23.74606021
23.96928705
24.10394885
24.21831712
24.30714108
24.34274554
24.37747829
24.31908436
24.30184186
24.2107939
24.08724464
23.85311946
23.6255601
23.40052277
23.11464958
22.76557684
22.42473327
22.07641676
21.5251334
21.03091404
20.4640124
19.84350756
19.1477742
18.39957759
17.69437082
16.89304598
16.14099927
15.40188771
14.66106158
13.92846555
13.18677794
12.42891327
11.67749055
10.93674544
10.19216608
9.4561195
8.70378688
7.943078876
7.183670532
6.430891342
5.691098049
4.953173455
4.215284716
3.473417135
2.737614792
1.993895043
1.256475342
0.491053273
-0.026305343
-0.778054236
-1.525561674
-2.27965042
-3.02380044
-3.773253411
-4.519383423
-5.271026865
-6.018957123
-6.76972419
-7.518431172
-8.268775418
-9.021000005
-9.785449132
-10.52733511
-11.23224758
-11.94457896
-12.71544211
-13.48440628
-14.24400695
-14.9703538
-15.70056751
-16.50582068
-17.20567793
-17.96236821
-18.71350966
-19.39762942
-20.07619478
-20.73987573
-21.27590217
-21.72284946
-22.17144519
-22.55778387
-22.9854323
-23.23078178
-23.55555445
-23.7796735
-23.95877987
-24.07115698
-24.18142743
-24.2966339
-24.40777421
-24.40450713
-24.37776327
-24.25836772
-24.14088883
-24.03046191
-23.90994318
-23.70161749
-23.4603826
-23.13704416
-22.87020907
-22.46914431
-22.01163583
-21.55756019
-21.09770104
-20.51129192
-19.85887811
-19.21876147
-18.44144054
-17.68318936
-16.9400759
-16.2327867
-15.49875829
-14.70616087
-13.93606327
-13.18862196
-12.45519053
-11.72226388
-10.95919497
-10.20920742
-9.484056383
-8.766251616
-8.018539287
-7.264484186
-6.498698611
-5.741771311
-4.996532109
-4.250868689
-3.502560081
-2.754952293
-2.010554308
-1.260554302
-0.516875472
0.067861583
1.280667377
2.520489274
3.777720965
5.032935645
6.267596036
7.531556766
8.764299564
9.99439694
11.23140194
12.48536445
13.50860856
14.33479041
15.07917233
15.74227773
16.22086391
16.60061814
16.98341593
17.18940213
17.36499369
17.45556109
17.51007698
17.50303432
17.50297286
17.39549078
17.26449095
17.13652536
16.9204846
16.75753295
16.50592871
16.17229171
15.88635892
15.50527569
15.06109815
14.5438863
14.03951272
13.48805334
12.77956273
12.00766675
11.1920014
10.1668071
9.064304642
7.80320121
6.574106403
5.336261354
4.086375702
2.839023713
1.596197952
0.334466225
-0.04998023
-1.296473434
-2.543948824
-3.784642322
-5.031836685
-6.27549924
-7.52155669
-8.83132685
-9.979831055
-11.00114174
-11.89031079
-12.63871603
-13.27550318
-13.90398107
-14.44063149
-14.94699251
-15.39916545
-15.78372717
-16.14557579
-16.39859006
-16.65061712
-16.90413058
-17.13880897
-17.25659706
-17.387392
-17.50493422
-17.50527695
-17.50256494
-17.50149578
-17.50230975
-17.45912619
-17.32460037
-17.19190925
-16.96771942
-16.77966677
-16.5236108
-16.26716927
-15.97246155
-15.58314636
-15.19983262
-14.68923502
-14.17786535
-13.58940545
-12.94809207
-12.23723963
-11.40227541
-10.45152638
-9.389681742
-8.102935739
-6.830042228
-5.610549357
-4.396286793
-3.155025886
-1.8941405
-0.644875574
0.025746982
1.292759203
2.544748364
3.78453033
5.032977555
6.270297337
7.512186188
8.749260567
9.994674474
11.24811359
12.49914896
13.75163719
15.00140782
16.24246314
17.46506244
18.68777908
19.96278763
21.18986472
22.37535268
23.71029183
24.8986315
26.18746832
27.43237279
28.6400076
29.78211083
30.87027371
31.7953527
32.66749531
33.37687999
34.01777893
34.64828059
35.12086719
35.50070524
35.88740528
36.14830598
36.36191785
36.48158535
36.50869429
36.51003167
36.45546362
36.32232547
36.18495539
35.89192778
35.50486267
35.11371836
34.61085632
34.04895961
33.40470046
32.6602906
31.86641261
30.90933524
29.88535725
28.73233333
27.48680674
26.23734809
24.98791181
23.72229472
22.44535089
21.22798562
19.99242604
18.7688414
17.53668115
16.26329497
14.98289406
13.74484599
12.52038777
11.2923272
10.03337279
8.773807436
7.518562023
6.259364542
5.016496871
3.785117064
2.55290186
1.317403279
0.083752326
-0.042474432
-1.274254289
-2.506527817
-3.741281573
-4.975459538
-6.219235249
-7.460351568
-8.708252572
-9.953333996
-11.19570993
-12.46309094
-13.7213571
-14.97564837
-16.18723571
-17.42628962
-18.68518256
-19.91941221
-21.13489807
-22.41889015
-23.69270287
-24.92708713
-26.16354078
-27.40835585
-28.65610458
-29.81310524
-30.83126619
-31.78105131
-32.67149255
-33.34751353
-34.06452015
-34.62790698
-35.13047844
-35.51478684
-35.83519906
-36.17427871
-36.32394224
-36.4506878
-36.51035205
-36.51193529
-36.48354486
-36.35326028
-36.14374623
-35.88564694
-35.49524769
-35.10553017
-34.63158756
-34.10112485
-33.41701999
-32.64085203
-31.87178075
-30.94238974
-29.86190468
-28.71510759
-27.50224806
-26.26822703
-24.96016771
-23.76117185
-22.51464687
-21.25141583
-20.00400424
-18.7764056
-17.54724793
-16.31419174
-15.08111693
-13.84857576
-12.58098707
-11.3227237
-10.06766222
-8.817760274
-7.580275182
-6.340029649
-5.100517068
-3.85649805
-2.614356577
-1.360636321
-0.09891254
0.025731386
1.263204496
2.486591227
3.724670736
4.955251236
6.178844254
7.410475053
8.644349873
9.876277298
11.10523846
12.33409625
13.53273075
14.65152577
15.75416327
16.74415171
17.70913787
18.62717047
19.46238242
20.28808184
21.03779837
21.75491676
22.40024135
23.04304764
23.6264728
24.09703285
24.64361116
25.0727199
25.47977492
25.80617741
26.16258338
26.38255805
26.64917521
26.82110667
26.91133879
26.99477598
26.94252692
26.85271949
26.72783472
26.50859579
26.18998103
25.7881619
25.24212189
24.39125255
23.25707674
22.12222293
20.97977325
19.71438713
18.4543319
17.19625294
15.95257968
14.71749786
13.4732062
12.48351019
11.2379808
9.974424727
8.74170009
7.51871895
6.259784102
5.029977299
3.76584311
2.538028406
1.275632996
0.050809285
-1.205677516
-2.434588503
-3.718094435
-4.979562946
-6.162973586
-7.42328167
-8.660975844
-9.94274579
-11.16190944
-12.36094907
-13.57014105
-14.74228129
-15.81501402
-16.80167019
-17.76061952
-18.70266162
-19.51441169
-20.36381885
-21.11849375
-21.74681425
-22.44563401
-23.03040773
-23.61019142
-24.18359928
-24.64672923
-25.08374676
-25.5101528
-25.82056448
-26.12303756
-26.41417086
-26.60820261
-26.78833902
-26.88235231
-26.97053179
-26.95801482
-26.84806101
-26.68808028
-26.47128887
-26.15956031
-25.77120438
-25.02929419
-24.28860776
-23.1991969
-21.96343429
-20.73621005
-19.50854436
-18.25516485
-17.01531
-15.75844176
-14.46682774
-13.25812377
-12.02683803
-10.76850947
-9.531727992
-8.318235166
-7.095118053
-5.826659966
-4.593942314
-3.39622004
-2.130089328
-0.859352818
0.374792842
1.629857696
2.869522199
4.082852509
5.354600959
6.599434186
7.879426703
9.120822884
10.33717301
11.56313624
12.85841502
13.96114565
15.11139888
16.15569741
17.11684093
18.0714298
18.99774559
19.77432147
20.54077387
21.28807828
22.00381644
22.6445701
23.28957617
23.49269204
23.37337472
22.77558669
22.16547914
21.48411795
20.73406987
19.96721327
19.14309897
18.28910038
17.36136898
16.38666913
15.31058643
14.22996633
13.03680427
11.82803977
10.63976437
9.335859679
8.07719864
6.859042682
5.651656073
4.371619783
3.140859073
1.946832403
0.680943951
-0.553296355
-1.791398507
-3.056721296
-4.273868166
-5.499388091
-6.75371429
-8.025768213
-9.300859645
-10.52856725
-10.9329205
-12.19687425
-13.4077901
-14.65318911
-15.92325978
-17.16100797
-18.38684827
-19.61546019
-20.877067
-22.14658074
-23.40951748
-24.51679669
-25.1814872
-25.84234439
-26.21407062
-26.51087567
-26.71628445
-26.86598711
-26.96630545
-26.97139606
-26.87610872
-26.77132934
-26.57458
-26.38514526
-26.08677186
-25.78236721
-25.45924485
-25.03141761
-24.59166013
-24.10647459
-23.53675105
-22.95646444
-22.36455679
-21.65001072
-20.89839987
-20.14858834
-19.38180998
-18.57905276
-17.634755
-16.67633094
-15.65245725
-14.56427108
-13.418369
-12.18963135
-10.95829997
-9.723242372
-8.477077819
-7.242928259
-5.974978674
-4.686007276
-3.450056538
-2.251935657
-1.012106426
0.240952097
1.44478865
2.701356309
3.928578924
5.19743748
6.42345706
7.683143485
8.954900317
10.21507755
11.47550903
12.71289028
12.73988001
13.9880348
15.22605028
16.45953208
17.6901482
18.9148318
20.15139535
21.36839554
22.47643843
23.57599325
24.68942478
25.39804392
25.93213134
26.28901787
26.5790429
26.78966522
26.88030712
26.95684507
26.9749593
26.88335255
26.78096667
26.5842136
26.29669197
25.99254437
25.68802238
25.37054569
24.93769489
24.4659055
23.69934134
23.37321267
23.23019132
23.08198065
22.87790366
22.66512811
22.27337286
21.85753174
21.40958793
20.83954401
20.17411217
19.41663213
18.58982258
17.57064834
16.50751196
15.21545555
13.71331513
11.90758683
9.928985499
7.954509929
5.973880179
3.975070547
1.978799934
-0.033203367
-0.033203367
-2.013457241
-3.995615989
-5.98472869
-7.976802066
-9.969740175
-11.9851511
-13.75437435
-15.29591717
-16.53757691
-17.6718086
-18.61884817
-19.45238188
-20.18938772
-20.85356973
-21.38784714
-21.92464285
-22.28021808
-22.65454084
-22.93930948
-23.14969152
-23.31482992
-23.37820642
-23.41076732
-23.40763249
-23.27493951
-23.12794887
-22.94287831
-22.63495326
-22.30498195
-21.8477957
-21.39151469
-20.85114829
-20.14262788
-19.45398934
-18.55288818
-17.65091531
-16.46003313
-15.2483955
-13.71645555
-11.95738558
-9.923609905
-7.95956701
-5.930068903
-3.921564668
-1.918324502
0.065369917
0.065369917
2.069248818
4.06446727
6.065425463
8.065262809
10.06256416
12.05861662
14.04446643
16.02847688
18.01149733
19.99732293
21.99953981
24.01638962
26.02115832
27.99274772
29.95572984
31.971775
33.96952525
35.93189269
37.91651875
39.80951756
41.45201668
42.87649691
44.1137813
45.16443238
46.09169066
46.91832513
47.51574993
47.96094075
48.38222265
48.60241711
48.72104898
48.70991036
48.57412726
48.33956435
47.89996892
47.43577912
46.74659669
45.96344382
45.01427338
43.95526275
42.61399433
41.1587283
39.55988586
37.64717281
35.63977778
33.62373635
31.62920102
29.67832237
27.69261412
25.67376383
23.66941795
21.65274136
19.65675876
17.70108752
15.71354456
13.7056997
11.69863809
9.708787315
7.726712618
5.743160844
3.75404139
1.767962705
-0.024104327
-2.01181462
-3.991649486
-5.981526338
-7.966993377
-9.951572865
-11.92722004
-13.92330974
-15.90098068
-17.89036579
-19.90528218
-21.932723
-23.92078005
-25.92056058
-27.9021617
-29.85992096
-31.8618007
-33.89565274
-35.84803641
-37.86998987
-39.69725966
-41.32800177
-42.79915243
-44.05643791
-45.12106627
-46.08216509
-46.84121907
-47.50278592
-47.9635112
-48.40612039
-48.60793799
-48.72116074
-48.70965332
-48.60578105
-48.29798639
-47.99238592
-47.43243381
-46.76396772
-45.948755
-45.03387585
-43.91163588
-42.69716889
-41.21344537
-39.53537717
-37.65945137
-35.60612351
-33.68876874
-31.64050728
-29.65163067
-27.63432451
-25.6747622
-23.67884293
-21.66982368
-19.65821721
-17.68934913
-15.72801918
-13.73584289
-11.73720136
-9.734153748
-7.739061955
-5.735039245
-3.724948736
-1.720556407
0.046927533
1.973942854
3.897869494
5.821301602
7.762309164
9.720809758
11.68132387
13.61358352
15.55551495
17.53832027
19.40377429
21.13356069
22.66425826
24.21987616
25.55400878
26.83758363
28.04040536
29.20772135
30.22443317
31.19676746
32.02825412
32.81860426
33.50720182
34.14082155
34.70841423
35.11578217
35.4652591
35.69963202
35.90883315
35.91036424
35.81430763
35.63290089
35.25345773
34.63188559
33.76509249
32.48287737
31.16858192
29.15005013
27.1283444
25.11256374
23.11703563
21.1345125
19.11835745
17.10885577
15.55472799
13.61998636
11.53646596
9.562901221
7.570815738
5.603299942
3.640052397
1.618550159
-0.397947791
-2.355530625
-4.38247947
-6.451430731
-8.451887406
-10.38145833
-12.36800198
-14.36718088
-16.35685191
-18.29561777
-20.153502
-21.77360281
-23.35119434
-24.79977906
-26.12023056
-27.44971775
-28.55447307
-29.66666594
-30.65630235
-31.59560263
-32.41347894
-33.20607916
-33.84736925
-34.41540152
-34.89039093
-35.2704227
-35.60511395
-35.82059965
-35.913717
-35.8588323
-35.79209
-35.52507609
-34.97740254
-34.28929299
-33.4014222
-31.92155436
-30.43410368
-28.66117842
-26.6411677
-24.62844737
-22.62365632
-20.65514401
-18.63620616
-17.29558595
-15.31247329
-13.34666554
-11.35517843
-9.346294217
-7.307443768
-5.341712385
-3.386684693
-1.407780102
0.598185696
2.549602883
4.572775681
6.544121541
8.543158881
10.54816693
12.49572448
14.51354939
16.49486832
18.44984852
20.22055909
21.93194814
23.48989993
24.95585382
26.30486153
27.55234949
28.73404138
29.75757606
30.75333871
31.27486259
30.99714778
30.14951199
29.04108912
27.89058909
26.66899376
25.41374601
23.95897172
22.42249995
20.82610689
19.07084137
17.1564389
15.17718844
13.2090142
11.18222438
9.212454781
7.219485473
5.263579078
3.231103066
1.2555141
-0.731300039
-2.71494803
-4.717714153
-6.672827527
-8.697250858
-10.71060728
-12.70846557
-14.68042098
-16.68667607
-17.32816733
-19.29449849
-21.27113566
-23.26274291
-25.27100407
-27.27712691
-29.28102575
-30.84714152
-32.34798461
-33.75571221
-34.54590589
-35.1292491
-35.5611369
-35.84558144
-35.9219946
-35.84700078
-35.76109931
-35.50603986
-35.15163437
-34.7331427
-34.24915671
-33.63422677
-32.95586258
-32.14711696
-31.31981567
-30.37993982
-29.34507281
-28.25739235
-27.04655565
-25.75918846
-24.4263988
-22.89570123
-21.31653205
-19.59026046
-17.81010255
-15.7979317
-13.80150951
-11.84785739
-9.852057323
-7.784740999
-5.807183683
-3.813956166
-1.801402774
0.162343
2.185994992
4.198817071
6.144680083
8.124860935
10.12142189
12.12718245
14.12910316
15.66986181
17.66495034
19.64802481
21.63357846
23.63680862
25.62410571
27.59788558
29.5637399
31.36868775
32.71260858
34.05519575
34.75084528
35.28000414
35.63016653
35.85327417
35.92676297
35.88687629
35.72130203
35.41575372
35.06688774
34.80539843
34.67062488
34.54178572
34.41248089
33.8039957
33.1344977
32.46995807
31.80361539
30.82851134
29.56616506
28.31142396
27.04775892
25.68198368
23.63865636
21.59914188
19.55971122
17.43597724
14.48259223
11.46571152
8.461038582
5.508080125
2.516678767
-0.439347787
-3.39130871
-6.412160117
-9.374246933
-12.29354925
-15.36901202
-18.29380915
-21.31552063
-24.12636764
-27.05927379
-30.04449606
-33.02881867
-36.01495177
-39.00471702
-41.96789116
-44.9421294
-47.86762968
-49.68141019
-51.48014799
-52.435752
-53.13462764
-53.604085
-53.86905745
-53.88976261
-53.74260992
-53.4739159
-53.01909894
-52.43465677
-51.72391236
-50.83432049
-49.79597777
-48.74632508
-47.44939506
-46.1498946
-44.64782402
-43.02571341
-41.2992835
-39.43414241
-37.40401193
-35.25450826
-32.9432562
-30.48241697
-27.81076171
-25.03319457
-22.02318981
-19.04954202
-16.00527205
-13.06515466
-9.979008697
-7.037024479
-4.006740171
-1.088819816
1.899988158
4.86150058
7.846361026
10.9053012
13.87341972
16.89977758
19.88672838
22.88235538
25.23845248
28.16070803
31.15293197
34.16227922
37.12679446
40.08904472
43.02277043
45.92353851
48.82726446
50.69923773
51.92916095
52.75269225
53.33790183
53.70350555
53.88485268
53.87571827
53.63825336
53.23473737
52.76736617
52.08401382
51.3298884
50.38770661
49.34331775
48.14647883
48.44675958
49.6250391
50.66839233
51.56443268
52.28674784
52.90227383
53.3570759
53.72215807
53.88565361
53.84208262
53.66655439
53.25704068
52.56966129
51.63402483
50.34150183
48.06902632
45.22588849
42.38985479
39.44318369
36.46478429
33.48347917
30.50503507
27.51616016
24.93377775
21.90609649
18.93807761
15.92776924
12.89854944
9.941722266
6.901557557
3.980711102
0.985458377
-1.992345089
-5.009726621
-7.967564277
-10.95690671
-13.90907262
-16.91809669
-19.92124505
-22.8663329
-25.84645152
-28.61383185
-31.19420633
-33.68110582
-35.87316722
-38.04398701
-39.95976225
-41.77252948
-43.53813827
-45.09462044
-46.4878343
-47.84106836
-49.03589189
-50.12642592
-51.11972988
-51.89055949
-52.61352658
-53.11567709
-53.55742946
-53.80005017
-53.91027033
-53.82517353
-53.48247662
-52.94037983
-52.17346922
-51.06600747
-49.26380143
-47.15178907
-44.15476322
-41.16264358
-38.18133846
-35.17636284
-32.17592835
-29.17931601
-26.17439441
-24.23897199
-21.24701627
-18.2282012
-15.30109346
-12.23352179
-9.216631763
-6.250728387
-3.280484118
-0.384370855
2.595708473
5.604282953
8.512446657
11.51009556
14.53342102
17.56308228
20.48448101
23.50071445
26.49726346
29.258864
31.77961707
34.18615088
36.38809919
38.45886514
40.46637192
42.21307114
43.93992946
45.47597468
46.86881229
47.77529836
48.65211248
49.52443391
50.20911992
50.61170831
51.01686344
51.42515898
51.83661729
52.24147439
52.48615146
52.68618837
52.88778991
53.08497697
53.27842385
53.30787227
53.10534313
52.5934957
51.54965073
49.99064282
46.76413909
42.97706485
39.23347965
35.50976142
33.94605592
30.1799681
26.50145069
22.70847932
19.02343333
15.23592137
11.52088121
7.764887996
4.046093673
0.253787934
-3.406608943
-6.856922992
-10.06878167
-13.09324149
-16.06775261
-18.77715439
-21.39615826
-23.91497605
-26.32906288
-28.57132629
-30.77000007
-32.83170611
-34.85254198
-36.82268783
-38.60266879
-40.36940634
-41.93379357
-43.48836467
-44.95664686
-46.28587887
-47.51670733
-48.69240522
-49.70807582
-50.6522879
-51.52498931
-52.15846002
-52.72256583
-53.1084165
-53.27235907
-53.31236869
-53.09691653
-52.4924472
-51.55941471
-49.63163659
-46.93669081
-43.16288233
-39.41834345
-35.68193689
-32.05375373
-31.9024995
-28.23660523
-24.5036222
-20.68680711
-16.97292179
-13.26279901
-9.571821429
-5.819061305
-2.128557535
1.595266978
5.134451669
8.46419204
11.60187833
14.58883192
17.43187383
20.0737305
22.6642061
25.07331222
27.44064666
29.66894954
31.82960674
33.87390077
35.85162014
37.70018369
39.43711892
37.79118881
35.90174764
33.99864584
31.95813671
29.78048846
27.57716551
25.20566806
22.78368175
20.18788829
17.53756963
14.73756693
11.74969226
8.659286425
5.340584088
1.719117281
-1.909612678
-5.69825666
-9.430381469
-13.19773775
-16.93547517
-20.67679353
-24.46240745
-28.18149887
-31.95688128
-35.06967053
-38.8286598
-42.55121574
-46.27918825
-49.10572991
-51.33580789
-52.43141949
-53.04241553
-53.36821452
-53.39830369
-53.18402499
-52.82150954
-52.2928834
-51.66265368
-50.78310892
-49.89841953
-48.91531542
-47.77723178
-46.5503186
-45.21818459
-43.76271367
-42.21301526
-40.63668102
-38.88940811
-37.14282811
-35.18935293
-33.29249471
-31.26353398
-29.06499431
-26.74217522
-24.42633174
-21.9155997
-19.27206665
-16.62338898
-13.732858
-10.69795154
-7.453904022
-4.090873525
-0.413673348
3.319352865
7.027322426
10.69087442
14.47708439
18.25356111
21.99761011
25.73315799
29.47521023
32.74875879
36.18467227
39.90311176
43.63566637
47.37282917
49.42768812
50.62618852
51.83538422
53.05496231
53.6583811
54.04590815
54.44326252
54.84320968
55.07448688
55.16841635
55.2527383
55.34838513
55.32767624
55.08229509
54.83522639
54.60118875
54.26274985
53.35468799
52.46180296
51.56172067
49.94089529
48.30769077
46.68722302
45.08976266
42.58672148
39.61844742
36.42874956
33.06610882
29.60549667
26.0667447
22.30066247
18.35189015
14.28565662
9.951152839
5.350474268
0.424115307
-4.56559239
-9.550358169
-14.53642268
-19.52061988
-24.49511364
-29.47963402
-34.45684537
-39.44022208
-44.42279786
-49.40201342
-54.38604206
-59.36759338
-60.06247923
-65.05222619
-69.55589354
-73.90367985
-76.63374394
-78.27617228
-79.27872241
-79.869017
-80.0389871
-80.02782613
-79.72072065
-79.18732613
-78.42573524
-77.62737572
-76.59239322
-75.34813881
-74.04734194
-72.60235399
-71.08701766
-69.37757134
-67.58449972
-65.66334516
-63.6569187
-61.51176617
-59.27773565
-56.90123886
-54.45370823
-51.89759657
-49.22849685
-46.48492858
-43.52777824
-40.61208665
-37.37888485
-34.14675966
-30.73300608
-27.13290043
-23.43926206
-19.58042383
-15.5404415
-11.30690705
-6.773461588
-2.0471639
3.020467004
8.03067442
13.04181106
18.06885749
22.9655765
28.04368734
33.02651644
37.99702227
42.9832153
47.95474559
52.8713949
55.04000187
60.01255661
64.99364227
69.86750662
73.62576574
76.79834962
78.41458917
79.26338166
79.845801
80.01901954
79.96328175
79.6995908
79.14532721
78.41432095
77.55754888
76.58348978
75.36051422
74.0852654
72.64035195
71.063824
69.38355416
67.60852784
65.70267677
63.63275647
61.51365116
60.72127447
61.2683259
63.4573251
65.48160315
67.4071461
69.30607557
70.93192637
72.51936942
73.95342737
75.25145262
76.4715448
77.50210911
78.38055491
79.12293822
79.63556796
79.92870361
80.020383
79.82002199
79.35355604
78.3444196
76.72061026
73.85986298
69.85773146
65.2365759
60.19967422
55.17400429
53.46560851
48.47763106
43.49487275
38.51054609
33.49991515
28.44649553
23.46030064
18.56403612
13.60043697
8.622477762
3.641474061
-1.440582913
-6.221207324
-10.80743317
-15.09191096
-19.16713826
-23.06551114
-26.77652426
-30.3040985
-33.69551525
-37.02691197
-40.18596932
-43.22748259
-46.10235617
-48.8923043
-51.56937987
-54.1263856
-56.62934855
-58.99404362
-61.26112118
-63.4489432
-65.47444314
-67.39410758
-69.21479106
-70.87352872
-72.48997688
-73.86660576
-75.2209723
-76.48508996
-77.46165991
-78.32293212
-79.04468477
-79.5937553
-79.94434237
-80.01931012
-79.81175184
-79.28968966
-78.34260166
-76.82771236
-74.62862134
-69.69738752
-64.79146332
-59.80244651
-54.80739847
-51.41149461
-46.42818868
-41.39007255
-36.35883331
-31.37441352
-26.39598399
-21.41476236
-16.42945595
-11.45404764
-6.46918267
-1.494846656
3.486911999
8.163408376
12.61705346
16.57796279
19.26820166
21.58310637
23.37955125
25.18405579
26.98405087
28.47455069
29.65197898
30.82780726
32.01658279
33.20001438
34.2476517
35.06442904
35.88768467
36.70855984
37.52561286
38.01345453
38.50766271
38.99131343
39.4812189
39.92221504
40.34040496
40.76448083
41.1435999
41.28726199
41.43931717
41.58752784
41.70590639
41.66206345
41.62921384
41.59462452
41.55247286
41.52191803
41.53932258
41.57255217
41.47999361
41.36485234
41.07500985
40.70631787
40.25682807
39.56900537
38.71121258
37.48167306
35.76481342
32.73465484
27.71562338
27.51415595
22.44753018
17.51515083
13.27791251
9.991944768
7.197411265
4.599201027
2.294387901
0.149315179
-1.903507742
-3.841566853
-5.658233073
-7.389004808
-9.037431329
-10.67000534
-12.22805493
-13.76862358
-15.21621458
-16.57856815
-17.92987995
-19.20605637
-20.52872814
-21.67880349
-22.82791398
-23.97130616
-25.12475103
-26.18777379
-27.23331191
-28.21485698
-29.1668158
-30.12760356
-31.01791814
-31.8745859
-32.73570538
-33.54778886
-34.31702778
-35.07236764
-35.78601405
-36.44362465
-37.06972674
-37.6316458
-38.19428384
-38.75624016
-39.21810165
-39.69461098
-40.06912187
-40.44783115
-40.74514657
-41.02530703
-41.24262556
-41.42137244
-41.55732691
-41.61096737
