-0.999734 0.00723681
-0.999469 0.00723681
-0.999734 0.00723681
-0.999734 0.0217104
-0.999469 0.0217104
-0.999734 0.0217104
-0.999734 0.0361841
-0.999469 0.0361841
-0.999734 0.0361841
-0.999734 0.0506577
-0.999469 0.0506577
-0.999734 0.0506577
-0.999734 0.0651313
-0.999469 0.0651313
-0.999734 0.0651313
-0.999734 0.0796048
-0.999469 0.0796049
-0.999734 0.079605
-0.999734 0.0940783
-0.999469 0.0940784
-0.999734 0.0940789
-0.999734 0.108551
-0.999468 0.108553
-0.999734 0.108553
-0.999733 0.123023
-0.999464 0.123024
-0.999731 0.12303
-0.999721 0.137482
-0.999452 0.137505
-0.999731 0.137511
-0.999721 0.151929
-0.999406 0.151952
-0.999685 0.152038
-0.99955 0.166205
-0.999234 0.166525
-0.999685 0.166611
-0.999553 0.180313
-0.998599 0.180628
-0.999046 0.18182
-0.99717 0.19205
-0.996242 0.196492
-0.999072 0.197639
-0.997322 0.201564
-0.9875 0.205742
-0.990177 0.222296
-0.964121 0.178148
-0.955074 0.239832
-0.990953 0.255043
-0.967785 0.125301
-0.834806 0.180639
-0.867022 0.410504
-0.936442 0.0503509
-0.816952 0.0437369
-0.448019 0.27499
-0.936442 -0.0503509
-0.816952 -0.0437369
-0.448019 -0.27499
-0.967785 -0.125301
-0.834806 -0.180639
-0.867022 -0.410504
-0.964121 -0.178148
-0.955074 -0.239832
-0.990953 -0.255043
-0.997322 -0.201564
-0.9875 -0.205742
-0.990177 -0.222296
-0.99717 -0.19205
-0.996242 -0.196492
-0.999072 -0.197639
-0.999553 -0.180313
-0.998599 -0.180628
-0.999046 -0.18182
-0.99955 -0.166205
-0.999234 -0.166525
-0.999685 -0.166611
-0.999721 -0.151929
-0.999406 -0.151952
-0.999685 -0.152038
-0.999721 -0.137482
-0.999452 -0.137505
-0.999731 -0.137511
-0.999733 -0.123023
-0.999464 -0.123024
-0.999731 -0.12303
-0.999734 -0.108551
-0.999468 -0.108553
-0.999734 -0.108553
-0.999734 -0.0940783
-0.999469 -0.0940784
-0.999734 -0.0940789
-0.999734 -0.0796048
-0.999469 -0.0796049
-0.999734 -0.079605
-0.999734 -0.0651313
-0.999469 -0.0651313
-0.999734 -0.0651313
-0.999734 -0.0506577
-0.999469 -0.0506577
-0.999734 -0.0506577
-0.999734 -0.0361841
-0.999469 -0.0361841
-0.999734 -0.0361841
-0.999734 -0.0217104
-0.999469 -0.0217104
-0.999734 -0.0217104
-0.999734 -0.00723681
-0.999469 -0.00723681
-0.999734 -0.00723681
-0.128324 -2.73559e-13
-0.115199 3.53495e-13
-0.102598 -1.79412e-13
-0.0905228 2.66454e-13
-0.0789723 -4.99156e-13
-0.067947 3.25073e-13
-0.0574466 -4.83169e-13
-0.0474712 5.31131e-13
-0.0380209 -8.17124e-13
-0.0290956 7.6561e-13
-0.0206953 -9.34364e-13
-0.01282 9.37916e-13
-0.00546977 -1.17772e-12
0.00135547 8.2423e-13
0.00765569 -1.03473e-12
0.0134309 9.84102e-13
0.0186811 -1.23812e-12
0.0234062 1.07558e-12
0.0276064 -8.02025e-13
0.0312815 1.01963e-12
0.0344316 -1.35669e-12
0.0370567 1.33005e-12
0.0391568 -1.30962e-12
0.0407318 1.67399e-12
0.0417819 -1.52434e-12
0.0423069 1.5774e-12
0.0423069 -1.58523e-12
0.0417819 1.9702e-12
0.0407318 -2.00262e-12
0.0391568 1.9158e-12
0.0370567 -2.25686e-12
0.0344316 2.11253e-12
0.0312815 -1.96598e-12
0.0276064 1.82077e-12
0.0234062 -2.03304e-12
0.0186811 1.9833e-12
0.0134309 -2.01084e-12
0.00765569 1.80211e-12
0.00135547 -2.27551e-12
-0.00546977 2.01972e-12
-0.01282 -1.87228e-12
-0.0206953 1.96287e-12
-0.0290956 -1.91314e-12
-0.0380209 2.11919e-12
-0.0474712 -1.72662e-12
-0.0574466 1.9682e-12
-0.067947 -1.91669e-12
-0.0789723 1.9984e-12
-0.0905228 -1.97709e-12
-0.102598 1.75682e-12
-0.115199 -2.06768e-12
-0.128324 1.91314e-12
-0.128324 3.97904e-13
-0.115199 -3.49942e-13
-0.102598 7.63833e-14
-0.0905228 -2.30926e-13
-0.0789723 5.87974e-13
-0.067947 -2.94875e-13
-0.0574466 4.68958e-13
-0.0474712 -6.89226e-13
-0.0380209 6.46594e-13
-0.0290956 -7.69163e-13
-0.0206953 9.5568e-13
-0.01282 -1.03739e-12
-0.00546977 1.02585e-12
0.00135547 -1.00009e-12
0.00765569 9.41469e-13
0.0134309 -9.18376e-13
0.0186811 1.35625e-12
0.0234062 -1.00542e-12
0.0276064 7.86926e-13
0.0312815 -1.08447e-12
0.0344316 1.39266e-12
0.0370567 -1.26743e-12
0.0391568 1.36424e-12
0.0407318 -1.61537e-12
0.0417819 1.56097e-12
0.0423069 -1.54388e-12
0.0423069 1.69005e-12
0.0417819 -1.85119e-12
0.0407318 2.1152e-12
0.0391568 -1.90159e-12
0.0370567 2.24487e-12
0.0344316 -1.97398e-12
0.0312815 2.11164e-12
0.0276064 -1.79146e-12
0.0234062 1.97709e-12
0.0186811 -2.00462e-12
0.0134309 1.9531e-12
0.00765569 -2.00817e-12
0.00135547 2.07123e-12
-0.00546977 -2.07301e-12
-0.01282 1.86073e-12
-0.0206953 -1.9984e-12
-0.0290956 1.92379e-12
-0.0380209 -1.98952e-12
-0.0474712 1.9007e-12
-0.0574466 -1.96643e-12
-0.067947 1.86517e-12
-0.0789723 -1.95044e-12
-0.0905228 1.97709e-12
-0.102598 -1.85274e-12
-0.115199 1.98774e-12
-0.128324 -1.91847e-12
-0.999734 -0.00723681
-0.999469 -0.00723681
-0.999734 -0.00723681
-0.999734 -0.0217104
-0.999469 -0.0217104
-0.999734 -0.0217104
-0.999734 -0.0361841
-0.999469 -0.0361841
-0.999734 -0.0361841
-0.999734 -0.0506577
-0.999469 -0.0506577
-0.999734 -0.0506577
-0.999734 -0.0651313
-0.999469 -0.0651313
-0.999734 -0.0651313
-0.999734 -0.079605
-0.999469 -0.0796049
-0.999734 -0.0796048
-0.999734 -0.0940789
-0.999469 -0.0940784
-0.999734 -0.0940783
-0.999734 -0.108553
-0.999468 -0.108553
-0.999734 -0.108551
-0.999731 -0.12303
-0.999464 -0.123024
-0.999733 -0.123023
-0.999731 -0.137511
-0.999452 -0.137505
-0.999721 -0.137482
-0.999685 -0.152038
-0.999406 -0.151952
-0.999721 -0.151929
-0.999685 -0.166611
-0.999234 -0.166525
-0.99955 -0.166205
-0.999046 -0.18182
-0.998599 -0.180628
-0.999553 -0.180313
-0.999072 -0.197639
-0.996242 -0.196492
-0.99717 -0.19205
-0.990177 -0.222296
-0.9875 -0.205742
-0.997322 -0.201564
-0.990953 -0.255043
-0.955074 -0.239832
-0.964121 -0.178148
-0.867022 -0.410504
-0.834806 -0.180639
-0.967785 -0.125301
-0.448019 -0.27499
-0.816952 -0.0437369
-0.936442 -0.0503509
-0.448019 0.27499
-0.816952 0.0437369
-0.936442 0.0503509
-0.867022 0.410504
-0.834806 0.180639
-0.967785 0.125301
-0.990953 0.255043
-0.955074 0.239832
-0.964121 0.178148
-0.990177 0.222296
-0.9875 0.205742
-0.997322 0.201564
-0.999072 0.197639
-0.996242 0.196492
-0.99717 0.19205
-0.999046 0.18182
-0.998599 0.180628
-0.999553 0.180313
-0.999685 0.166611
-0.999234 0.166525
-0.99955 0.166205
-0.999685 0.152038
-0.999406 0.151952
-0.999721 0.151929
-0.999731 0.137511
-0.999452 0.137505
-0.999721 0.137482
-0.999731 0.12303
-0.999464 0.123024
-0.999733 0.123023
-0.999734 0.108553
-0.999468 0.108553
-0.999734 0.108551
-0.999734 0.0940789
-0.999469 0.0940784
-0.999734 0.0940783
-0.999734 0.079605
-0.999469 0.0796049
-0.999734 0.0796048
-0.999734 0.0651313
-0.999469 0.0651313
-0.999734 0.0651313
-0.999734 0.0506577
-0.999469 0.0506577
-0.999734 0.0506577
-0.999734 0.0361841
-0.999469 0.0361841
-0.999734 0.0361841
-0.999734 0.0217104
-0.999469 0.0217104
-0.999734 0.0217104
-0.999734 0.00723681
-0.999469 0.00723681
-0.999734 0.00723681
