   2.3853210000000001e-03	
   2.2528029999999998e-03	
  -3.0479100000000000e-03	
  -9.8776760000000002e-03	
  -1.2477060000000000e-02	
  -3.5474009999999999e-03	
   9.4087670000000002e-03	
   1.4342509999999999e-02	
   1.4627930000000001e-02	
   1.3802240000000000e-02	
   1.5086650000000000e-02	
   1.8399590000000000e-02	
   9.5107030000000006e-03	
  -7.5433230000000002e-04	
  -9.6024460000000006e-03	
  -1.0866460000000000e-02	
   2.8338430000000000e-03	
   1.0428130000000001e-02	
   1.2579000000000000e-02	
   4.7910299999999998e-04	
  -7.0132520000000002e-03	
  -5.7696229999999998e-03	
   5.0458719999999999e-03	
   5.2293579999999999e-03	
   4.6177370000000002e-03	
   9.4393480000000002e-03	
   1.1151889999999999e-02	
  -6.6258920000000004e-03	
  -2.4403669999999999e-02	
  -1.9755350000000001e-02	
  -2.6605499999999998e-03	
   7.7064220000000001e-03	
   8.4811420000000005e-03	
   8.8277270000000005e-03	
   5.2191640000000001e-03	
   4.5769620000000004e-03	
  -6.6258919999999995e-04	
  -1.1620800000000000e-03	
   3.9347599999999998e-03	
   8.8277270000000005e-03	
   3.2212030000000002e-03	
  -8.8277270000000005e-03	
  -1.1590210000000000e-02	
  -6.2487259999999996e-03	
  -1.8348620000000000e-04	
  -3.1192659999999999e-03	
   6.8297659999999995e-04	
   4.9337410000000002e-03	
   9.6941900000000001e-03	
   8.8786950000000007e-03	
   4.8929660000000003e-03	
  -3.8328239999999999e-03	
  -1.2568810000000000e-02	
  -2.6707440000000001e-03	
   1.4087670000000000e-02	
   1.3710500000000000e-02	
   4.4240570000000003e-03	
  -1.2232420000000000e-03	
   2.3955150000000000e-03	
   5.7492350000000001e-03	
   6.0448519999999999e-03	
   1.6564730000000000e-02	
   2.5616719999999999e-02	
   2.0764530000000000e-02	
  -6.1671759999999999e-03	
  -2.6839960000000000e-02	
  -3.4424059999999999e-02	
  -1.8389400000000000e-02	
   2.6911309999999998e-03	
   1.5372070000000000e-02	
   1.7410809999999999e-02	
   1.3088690000000000e-02	
   1.4882770000000000e-02	
   8.1957190000000006e-03	
   6.0142709999999999e-03	
   1.5973500000000002e-02	
   2.5178389999999998e-02	
   2.0876659999999998e-02	
  -8.4199800000000005e-03	
  -2.1141690000000001e-02	
  -1.1121300000000001e-02	
   5.4638120000000002e-03	
   9.5718650000000006e-03	
  -4.4954130000000002e-03	
  -2.6034660000000001e-02	
  -3.9296640000000001e-02	
  -3.8542300000000002e-02	
  -3.4780840000000000e-02	
  -3.9816509999999999e-02	
  -3.6972480000000002e-02	
  -2.0468910000000000e-02	
  -4.2711520000000003e-03	
   1.8348620000000000e-04	
  -4.5871559999999999e-04	
  -1.2385320000000000e-02	
  -7.3190620000000003e-03	
   1.6381239999999998e-02	
   4.7074409999999997e-02	
   4.1488280000000002e-02	
   3.0203870000000001e-02	
   3.4852189999999998e-02	
   5.8705399999999998e-02	
   5.6850150000000002e-02	
   3.5586140000000002e-02	
   1.9755350000000001e-02	
   1.6371050000000002e-02	
   2.0805299999999999e-02	
   1.3363910000000000e-02	
   1.0846079999999999e-02	
   4.9235470000000003e-03	
   2.1274210000000002e-02	
   3.6422019999999999e-02	
   3.9551480000000000e-02	
   2.0346590000000001e-02	
   2.5993879999999998e-03	
   8.6646280000000006e-03	
   2.5433230000000001e-02	
   2.6483179999999999e-02	
   1.0723750000000001e-02	
  -3.3435269999999998e-03	
  -6.0754329999999999e-03	
  -8.5423040000000006e-03	
  -1.4485220000000000e-02	
  -2.2313969999999999e-02	
  -2.5361880000000000e-02	
  -1.4587160000000000e-02	
  -1.5392460000000000e-03	
  -1.2986750000000000e-02	
  -5.8919470000000002e-02	
  -1.0830780000000000e-01	
  -1.2920490000000001e-01	
  -1.3070340000000000e-01	
  -1.0897040000000000e-01	
  -8.7951070000000006e-02	
  -6.2344549999999999e-02	
  -6.0774719999999997e-02	
  -5.1447500000000000e-02	
  -4.1478080000000001e-02	
  -8.9194700000000005e-03	
   2.2691130000000000e-02	
   6.0152909999999997e-02	
   8.8491340000000002e-02	
   1.0004080000000000e-01	
   8.7094800000000000e-02	
   7.1060139999999994e-02	
   7.2905200000000003e-02	
   9.9469929999999998e-02	
   1.0899080000000000e-01	
   9.1590210000000005e-02	
   5.7421000000000000e-02	
   2.1355760000000001e-02	
   9.1743120000000004e-03	
  -1.5392460000000000e-03	
   1.4607540000000000e-02	
   2.2864420000000000e-02	
   2.6636090000000001e-02	
   1.5494389999999999e-03	
  -2.9857290000000002e-02	
  -5.5749239999999999e-02	
  -8.0509680000000000e-02	
  -1.0560650000000001e-01	
  -1.1783890000000000e-01	
  -1.1752290000000000e-01	
  -1.0824670000000000e-01	
  -8.3679920000000005e-02	
  -7.2364929999999994e-02	
  -7.0713559999999995e-02	
  -7.2925589999999998e-02	
  -6.3649339999999999e-02	
  -4.4566769999999999e-02	
  -2.4464830000000000e-02	
  -2.5993879999999998e-03	
   1.1080530000000000e-02	
   1.7003060000000000e-02	
   9.4087670000000002e-03	
   2.7512740000000001e-02	
   6.5484200000000006e-02	
   9.8287459999999993e-02	
   1.0401630000000001e-01	
   9.5840980000000006e-02	
   9.8165139999999998e-02	
   1.1259940000000000e-01	
   1.0987769999999999e-01	
   9.0132519999999994e-02	
   7.1325180000000002e-02	
   5.1345570000000000e-02	
   1.7247709999999999e-02	
  -1.9510699999999999e-02	
  -3.5596330000000002e-02	
  -2.7981650000000000e-02	
  -1.1518860000000001e-02	
  -1.0377170000000000e-02	
  -1.7502549999999999e-02	
  -4.4505610000000001e-02	
  -7.5708460000000005e-02	
  -9.1722730000000002e-02	
  -8.9276250000000001e-02	
  -7.8521919999999995e-02	
  -8.0958210000000003e-02	
  -1.0299690000000000e-01	
  -1.1650360000000000e-01	
  -1.2991849999999999e-01	
  -1.3203870000000001e-01	
  -1.1385320000000000e-01	
  -8.3730890000000002e-02	
  -5.6238530000000002e-02	
  -4.9582059999999997e-02	
  -4.7573900000000002e-02	
  -5.7869520000000001e-02	
  -6.1590209999999999e-02	
  -6.5402650000000007e-02	
  -6.9021410000000005e-02	
  -7.3710499999999998e-02	
  -7.5056070000000003e-02	
  -9.1488280000000005e-02	
  -1.2409790000000000e-01	
  -1.6031599999999999e-01	
  -1.9810400000000000e-01	
  -2.4001020000000001e-01	
  -2.8129460000000001e-01	
  -2.7634049999999999e-01	
  -2.3082569999999999e-01	
  -1.4708460000000001e-01	
  -7.2517840000000000e-02	
  -3.2008149999999999e-02	
  -4.6880730000000002e-02	
  -6.6187560000000006e-02	
  -6.8552500000000002e-02	
  -4.1304790000000001e-02	
  -5.4026499999999995e-04	
   4.7737000000000002e-02	
   8.8307849999999993e-02	
   1.1881750000000001e-01	
   1.4326200000000000e-01	
   1.8463810000000000e-01	
   2.3356779999999999e-01	
   2.5392460000000000e-01	
   2.3866460000000000e-01	
   1.5022430000000001e-01	
   2.2364930000000002e-02	
  -1.2048929999999999e-01	
  -2.4012230000000001e-01	
  -3.1930680000000000e-01	
  -3.4314980000000000e-01	
  -3.4155960000000002e-01	
  -3.2927620000000002e-01	
  -3.2487260000000001e-01	
  -3.3620800000000001e-01	
  -3.5375129999999999e-01	
  -3.4569830000000001e-01	
  -2.8187560000000000e-01	
  -1.7584100000000000e-01	
  -6.3251779999999994e-02	
   2.8430170000000001e-02	
   9.6839960000000003e-02	
   1.1957189999999999e-01	
   1.2461770000000000e-01	
   1.2607540000000000e-01	
   1.6028539999999999e-01	
   2.0868500000000001e-01	
   2.4906220000000001e-01	
   2.6802239999999999e-01	
   2.6117230000000002e-01	
   2.7427119999999999e-01	
   3.0004080000000000e-01	
   3.1647300000000000e-01	
   3.2832820000000001e-01	
   3.2081549999999998e-01	
   3.0201830000000002e-01	
   2.8067280000000000e-01	
   2.7503569999999999e-01	
   2.7900100000000000e-01	
   2.7962280000000000e-01	
   3.1706420000000002e-01	
   3.8718649999999999e-01	
   4.2623850000000002e-01	
   4.2892970000000002e-01	
   4.0151890000000001e-01	
   3.3491340000000003e-01	
   2.5898060000000001e-01	
   1.6132520000000000e-01	
   4.3221200000000001e-02	
  -8.8307849999999993e-02	
  -2.0288480000000000e-01	
  -2.6274209999999998e-01	
  -2.5697249999999999e-01	
  -2.2308870000000000e-01	
  -1.7558609999999999e-01	
  -1.1955150000000000e-01	
  -5.5677879999999999e-02	
   1.6340469999999999e-02	
   8.0988790000000005e-02	
   1.6409789999999999e-01	
   2.4130480000000001e-01	
   2.9903160000000001e-01	
   3.4259940000000000e-01	
   3.5914370000000001e-01	
   3.6610599999999999e-01	
   3.4379199999999999e-01	
   3.1309890000000001e-01	
   2.7804279999999998e-01	
   2.5174310000000000e-01	
   2.3199800000000001e-01	
   2.2466870000000000e-01	
   2.3864420000000000e-01	
   2.3579000000000000e-01	
   2.3629970000000000e-01	
   2.1889910000000001e-01	
   2.1053010000000000e-01	
   2.0188580000000000e-01	
   1.9380220000000001e-01	
   1.8074409999999999e-01	
   1.6591230000000001e-01	
   1.4850150000000001e-01	
   1.2103980000000000e-01	
   8.8715600000000006e-02	
   4.7512739999999998e-02	
   2.1997960000000000e-02	
  -2.9490320000000000e-02	
  -5.4638119999999998e-02	
  -9.1172270000000000e-02	
  -1.0557590000000000e-01	
  -1.4729870000000000e-01	
  -1.9018350000000001e-01	
  -2.4237510000000001e-01	
  -2.9542299999999999e-01	
  -3.3668710000000002e-01	
  -3.6536190000000002e-01	
  -3.7020389999999997e-01	
  -4.0080529999999998e-01	
  -4.1552499999999998e-01	
  -4.3783889999999998e-01	
  -4.4331290000000001e-01	
  -4.4927620000000001e-01	
  -4.1608560000000000e-01	
  -3.5912329999999998e-01	
  -2.6799180000000000e-01	
  -1.8032619999999999e-01	
  -9.3160040000000000e-02	
  -3.4301730000000002e-02	
  -1.4974520000000000e-02	
  -1.7308870000000001e-02	
  -3.6646280000000003e-02	
  -3.6727830000000003e-02	
  -4.6360859999999997e-02	
  -5.9296639999999998e-02	
  -7.8205910000000003e-02	
  -1.0691130000000000e-01	
  -1.3612640000000001e-01	
  -1.6787969999999999e-01	
  -1.6282360000000001e-01	
  -1.4135580000000000e-01	
  -1.0837919999999999e-01	
  -8.2925589999999993e-02	
  -6.7298670000000005e-02	
  -4.5361880000000000e-02	
  -4.3149849999999997e-02	
  -6.1039759999999998e-02	
  -9.2915390000000000e-02	
  -1.1395510000000000e-01	
  -1.3990830000000001e-01	
  -1.5868499999999999e-01	
  -1.6864419999999999e-01	
  -1.6123340000000000e-01	
  -1.5851170000000001e-01	
  -1.6203870000000001e-01	
  -1.7695210000000000e-01	
  -2.0548420000000001e-01	
  -2.2349640000000001e-01	
  -2.0417940000000001e-01	
  -1.3201830000000001e-01	
  -2.6615699999999999e-02	
   7.9836900000000002e-02	
   1.6352700000000001e-01	
   2.3400609999999999e-01	
   2.9734959999999999e-01	
   3.6334349999999999e-01	
   3.9168199999999997e-01	
   3.9691130000000002e-01	
   3.5178389999999998e-01	
   2.7522940000000001e-01	
   1.7010190000000000e-01	
   5.2833840000000000e-02	
  -6.4148830000000004e-02	
  -1.7562690000000000e-01	
  -2.4170230000000001e-01	
  -2.4470950000000000e-01	
  -1.7805299999999999e-01	
  -6.8817530000000002e-02	
   3.8093780000000001e-02	
   1.3015289999999999e-01	
   1.9956170000000001e-01	
   2.4967380000000000e-01	
   2.8566770000000002e-01	
   3.1599389999999999e-01	
   3.5902139999999999e-01	
   3.5803259999999998e-01	
   3.1489299999999998e-01	
   2.3599390000000001e-01	
   1.3996939999999999e-01	
   6.2731910000000002e-02	
   2.2456680000000000e-02	
   3.5463809999999998e-02	
   4.7594289999999997e-02	
   4.6738019999999998e-02	
   1.9714579999999999e-02	
   2.8134560000000002e-03	
   6.4831799999999998e-03	
   3.5412840000000001e-02	
   9.3955150000000001e-02	
   1.5227320000000000e-01	
   1.9313970000000000e-01	
   2.0387359999999999e-01	
   2.0853210000000000e-01	
   2.1554540000000000e-01	
   2.4372070000000001e-01	
   2.7536189999999999e-01	
   2.9005100000000000e-01	
   2.7843020000000002e-01	
   2.4436289999999999e-01	
   1.9613659999999999e-01	
   1.3206930000000000e-01	
   5.5769619999999999e-02	
  -3.1936800000000001e-02	
  -1.1041790000000000e-01	
  -1.7942920000000001e-01	
  -2.2921510000000000e-01	
  -2.7245670000000000e-01	
  -3.1122319999999998e-01	
  -3.3111109999999999e-01	
  -3.4673799999999999e-01	
  -3.5281350000000000e-01	
  -3.7831799999999999e-01	
  -3.8470949999999998e-01	
  -4.0735979999999999e-01	
  -4.2953110000000000e-01	
  -4.5068300000000000e-01	
  -4.7424060000000001e-01	
  -4.6288479999999999e-01	
  -4.6532109999999999e-01	
  -4.3653409999999998e-01	
  -4.2508659999999998e-01	
  -4.1861369999999998e-01	
  -3.9938839999999998e-01	
  -3.7167180000000000e-01	
  -3.1356780000000001e-01	
  -2.5385320000000000e-01	
  -1.7720690000000000e-01	
  -1.0625890000000000e-01	
  -4.9031600000000002e-03	
   7.5840980000000002e-02	
   1.2973499999999999e-01	
   1.6193679999999999e-01	
   1.7505609999999999e-01	
   1.7253820000000000e-01	
   1.7130480000000001e-01	
   1.9034660000000000e-01	
   2.0958209999999999e-01	
   2.4163100000000001e-01	
   2.5495410000000002e-01	
   2.7992860000000003e-01	
   2.9313970000000000e-01	
   3.1750250000000002e-01	
   3.2553520000000002e-01	
   3.2430170000000003e-01	
   3.0814480000000000e-01	
   2.6718649999999999e-01	
   2.0752290000000001e-01	
   1.3161059999999999e-01	
   5.5015290000000001e-02	
  -1.1926610000000001e-02	
  -7.9102960000000000e-02	
  -1.5430170000000001e-01	
  -2.3046890000000000e-01	
  -2.8313969999999999e-01	
  -2.9257899999999998e-01	
  -2.4727830000000001e-01	
  -2.1130479999999999e-01	
  -1.7520900000000000e-01	
  -1.6057080000000001e-01	
  -1.4635070000000000e-01	
  -1.5732930000000001e-01	
  -1.9012229999999999e-01	
  -2.4593270000000000e-01	
  -2.9301729999999998e-01	
  -3.2637100000000002e-01	
  -3.1833840000000002e-01	
  -2.7278289999999999e-01	
  -2.0290520000000001e-01	
  -1.2277270000000000e-01	
  -6.1090720000000001e-02	
  -7.7370030000000001e-03	
   4.5922530000000003e-02	
   6.0387360000000001e-02	
   6.0479100000000001e-02	
   4.4943930000000000e-02	
   4.7298670000000001e-02	
   5.0479099999999999e-02	
   6.3221200000000005e-02	
   7.6758409999999999e-02	
   8.8470950000000007e-02	
   9.0122320000000006e-02	
   9.3414880000000006e-02	
   1.0054030000000000e-01	
   1.1024460000000000e-01	
   1.2091739999999999e-01	
   1.2817529999999999e-01	
   1.5861370000000000e-01	
   1.9276250000000000e-01	
   2.3707439999999999e-01	
   2.8179409999999999e-01	
   3.3275230000000000e-01	
   3.6747200000000002e-01	
   3.8994899999999999e-01	
   4.1518860000000002e-01	
   4.6518860000000001e-01	
   5.0751270000000004e-01	
   5.3386339999999999e-01	
   5.1180429999999999e-01	
   4.9269109999999999e-01	
   4.5466869999999998e-01	
   4.1108050000000002e-01	
   3.6555559999999998e-01	
   3.4896020000000000e-01	
   3.4338429999999998e-01	
   3.3515800000000001e-01	
   3.4361880000000000e-01	
   3.6353720000000000e-01	
   3.7103979999999998e-01	
   3.6668709999999999e-01	
   3.6444440000000000e-01	
   3.6781860000000000e-01	
   3.5762490000000002e-01	
   3.5891950000000000e-01	
   3.5900100000000001e-01	
   3.6101939999999999e-01	
   3.5672779999999998e-01	
   3.5679919999999998e-01	
   3.6143730000000002e-01	
   3.5213050000000001e-01	
   3.3300710000000000e-01	
   3.0216110000000002e-01	
   2.5871559999999999e-01	
   2.0164119999999999e-01	
   1.6826710000000000e-01	
   1.2904180000000001e-01	
   1.1293580000000000e-01	
   7.2874620000000001e-02	
   6.5290520000000005e-02	
   5.0540269999999998e-02	
   4.6850150000000000e-02	
   4.6707440000000003e-02	
   3.1111110000000001e-02	
   4.0356780000000002e-02	
   3.7828750000000001e-02	
   3.4199800000000002e-02	
   2.7961260000000002e-02	
   4.1549440000000000e-02	
   3.5688070000000002e-02	
   1.8195719999999999e-02	
  -1.7370030000000002e-02	
  -3.0132519999999999e-02	
  -4.2772680000000000e-02	
  -4.4179410000000002e-02	
  -6.8277270000000001e-02	
  -9.9510699999999994e-02	
  -1.3609579999999999e-01	
  -1.8587160000000000e-01	
  -2.2528029999999999e-01	
  -2.8643220000000003e-01	
  -3.2654430000000001e-01	
  -3.9686030000000000e-01	
  -4.3725789999999998e-01	
  -5.0355760000000005e-01	
  -5.4031600000000002e-01	
  -5.9182469999999998e-01	
  -6.3853210000000005e-01	
  -6.6377169999999996e-01	
  -7.0658509999999997e-01	
  -7.4554540000000002e-01	
  -8.0419980000000002e-01	
  -8.4755349999999996e-01	
  -8.7316000000000005e-01	
  -8.6956169999999999e-01	
  -8.3334350000000001e-01	
  -7.9405709999999996e-01	
  -7.1626909999999999e-01	
  -6.2937820000000000e-01	
  -5.3606520000000002e-01	
  -4.3600410000000001e-01	
  -3.7687050000000000e-01	
  -3.1418960000000001e-01	
  -3.0025479999999999e-01	
  -2.8601430000000000e-01	
  -3.1638119999999997e-01	
  -3.2828750000000001e-01	
  -3.6081550000000001e-01	
  -3.9274209999999998e-01	
  -4.2094799999999999e-01	
  -4.3729869999999998e-01	
  -4.4410810000000001e-01	
  -4.3397550000000001e-01	
  -4.1369010000000001e-01	
  -3.7090719999999999e-01	
  -3.3292559999999999e-01	
  -3.2356780000000002e-01	
  -3.0960240000000000e-01	
  -3.0743120000000002e-01	
  -3.0635069999999998e-01	
  -3.0263000000000001e-01	
  -2.7951070000000000e-01	
  -2.6264019999999999e-01	
  -2.5562689999999999e-01	
  -2.3888889999999999e-01	
  -2.0478080000000001e-01	
  -1.7817530000000001e-01	
  -1.5989809999999999e-01	
  -1.6394500000000001e-01	
