-8.90758 1.45385e-15 -2.03833e-31
-17.8152 1.8763e-14 -1.27901e-17
-26.7227 2.85142e-14 3.91585e-17
-35.6303 3.82549e-14 -1.08858e-16
-44.5379 4.77249e-14 -2.15308e-17
-53.4455 5.82168e-14 2.27248e-16
-62.3531 6.88228e-14 1.535e-16
-71.2606 7.79759e-14 4.73059e-16
-80.1682 8.86837e-14 3.68317e-16
-89.0758 9.84493e-14 -4.19629e-17
-89.0758 9.7749e-14 -8.10588e-17
-91.0185 -0.132264 -2.3417e-16
-92.989 -0.266427 1.84856e-16
-94.988 -0.402527 -5.19566e-16
-97.016 -0.540604 2.12e-16
-99.0736 -0.680697 1.04386e-16
-101.161 -0.822848 3.14077e-16
-103.28 -0.9671 7.87497e-16
-105.43 -1.1135 -2.66173e-16
-107.612 -1.26208 2.48579e-16
-109.827 -1.4129 -5.0905e-16
-109.827 -1.4129 -5.90134e-16
-82.714 0.43313 -7.74127e-16
-74.0415 1.02356 -3.89804e-16
-65.3665 1.61414 -1.44307e-16
-56.689 2.20487 -2.33629e-16
-48.0091 2.79576 -2.09916e-16
-39.3266 3.38679 -6.89366e-16
-30.6416 3.97798 -5.1114e-16
-21.9541 4.56931 -6.50748e-16
-13.264 5.1608 -4.70005e-16
-4.57153 5.75244 -5.77388e-16
4.1235 6.34423 -1.22154e-15
12.821 6.93617 -8.39593e-16
21.5211 7.52826 -9.37843e-16
30.2236 8.1205 -8.25103e-16
22.1245 7.56933 -9.29413e-16
14.0277 7.01829 -1.50238e-15
5.93298 6.46738 -1.00811e-15
-2.15954 5.9166 -1.16205e-15
-10.2499 5.36596 -1.35448e-15
-18.3381 4.81544 -1.0187e-15
-26.4241 4.26505 -3.01622e-16
-34.5079 3.7148 -4.43632e-16
-42.5895 3.16468 -2.84535e-16
-50.669 2.61468 1.79995e-18
-58.7464 2.06482 -5.12561e-16
-66.8215 1.51509 -2.17049e-16
-74.8945 0.96549 1.73615e-16
-82.9653 0.41602 2.5983e-16
-91.034 -0.13332 7.64694e-16
-99.1005 -0.682528 -6.83584e-16
-107.165 -1.23161 6.04766e-16
-115.227 -1.78055 6.09405e-16
-123.287 -2.32937 -3.23885e-16
-131.345 -2.87806 3.44394e-16
-139.4 -3.42662 1.03596e-15
-147.454 -3.97504 4.72842e-16
-155.505 -4.52334 6.09064e-16
-163.555 -5.07151 2.02933e-16
-171.602 -5.61954 7.33731e-16
-179.647 -6.16745 7.58649e-16
-187.689 -6.71523 5.12273e-16
-195.73 -7.26288 1.15589e-15
-203.768 -7.8104 1.35712e-15
-211.805 -8.35779 7.61879e-16
-201.926 -7.68489 1.61507e-15
-192.044 -7.0118 3.65824e-16
-182.158 -6.33851 1.08524e-15
-172.269 -5.66503 8.7047e-16
-162.377 -4.99134 1.18896e-15
-152.482 -4.31747 1.96989e-16
-142.584 -3.64339 7.01992e-16
-132.682 -2.96912 1.03273e-15
-122.777 -2.29465 5.29966e-16
-112.869 -1.61998 2.89062e-16
-102.957 -0.94512 3.91756e-16
-93.0424 -0.27006 5.13155e-16
-83.1243 0.405197 -1.61702e-16
-73.2029 1.08065 1.03933e-16
-63.2783 1.7563 -6.28412e-16
-53.3504 2.43215 -2.95525e-16
-43.4192 3.1082 -3.56005e-16
-33.4847 3.78445 -9.78841e-16
-23.547 4.46089 -3.02164e-16
-13.606 5.13753 -5.53987e-16
-3.66165 5.81437 -3.06209e-16
6.28594 6.4914 -1.12952e-15
16.2368 7.16864 -1.25141e-15
26.191 7.84607 -1.41081e-15
21.9695 7.55878 -8.43786e-16
17.7486 7.27152 -5.30659e-16
13.5282 6.9843 -6.90677e-16
9.30851 6.69712 -1.41873e-15
5.08938 6.40997 -8.92041e-16
0.870821 6.12285 -3.51639e-16
-3.34714 5.83577 -1.22699e-15
-7.56451 5.54873 -1.04031e-15
-11.7813 5.26172 -5.61496e-16
-15.9975 4.97475 -1.10074e-15
-20.2131 4.68782 -3.03436e-16
-24.4281 4.40092 -1.19432e-15
-28.6425 4.11405 -5.36759e-16
-32.8563 3.82722 -6.09475e-16
-37.0696 3.54043 -1.29175e-15
-41.2822 3.25367 -5.92697e-16
-45.4943 2.96695 -1.34878e-16
-49.7057 2.68026 -2.33074e-16
-53.9166 2.39361 -1.07605e-15
-58.1269 2.10699 -5.61807e-16
-62.3366 1.82041 -6.92301e-16
-66.5457 1.53387 -4.84844e-16
-70.7542 1.24736 -7.33187e-16
-74.9622 0.960882 -3.67511e-16
-79.1695 0.674444 -1.07839e-15
-83.3763 0.388041 -3.83375e-16
-87.5824 0.101673 2.90568e-16
-91.788 -0.184659 4.16485e-16
-95.993 -0.470956 -2.3512e-16
-100.197 -0.757217 2.58746e-17
-104.401 -1.04344 1.71083e-17
-108.604 -1.32963 4.38855e-16
-112.807 -1.61579 -1.26134e-16
-117.009 -1.90191 -7.7296e-17
-121.211 -2.18799 -2.69757e-16
-125.412 -2.47404 -2.1576e-18
-129.612 -2.76005 1.87437e-16
-133.812 -3.04603 6.32109e-16
-138.011 -3.33197 1.20151e-15
-142.209 -3.61788 2.26856e-16
-146.407 -3.90375 1.04811e-15
-150.604 -4.18959 4.70429e-16
-154.801 -4.47539 3.66748e-16
-158.997 -4.76115 1.02403e-15
-163.193 -5.04688 1.23509e-15
-167.388 -5.33258 4.0949e-16
-171.582 -5.61824 4.88616e-16
-175.776 -5.90386 7.77652e-16
-179.97 -6.18945 1.22981e-15
-184.162 -6.475 1.28298e-15
-188.354 -6.76052 1.92799e-16
-192.546 -7.046 1.19785e-15
-196.737 -7.33145 3.10773e-16
-200.927 -7.61686 5.50291e-16
-205.117 -7.90224 4.94846e-16
-209.306 -8.18758 1.23236e-15
-213.495 -8.47289 1.44307e-15
-217.683 -8.75817 1.38351e-15
-200.869 -7.61292 8.3173e-16
-184.046 -6.4671 9.86137e-16
-167.214 -5.32071 9.59893e-16
-150.372 -4.17376 4.86936e-16
-133.521 -3.02623 8.32768e-16
-116.66 -1.87813 6.51349e-16
-99.7899 -0.729467 5.86622e-16
-82.9102 0.419771 2.79816e-16
-66.0211 1.56958 3.17978e-17
-49.1225 2.71996 -1.99654e-16
-32.2144 3.87092 -7.86898e-16
-15.2968 5.02245 -5.43342e-16
1.63036 6.17455 -8.56842e-16
18.567 7.32722 -8.39018e-16
35.5131 8.48047 -9.8857e-16
52.4686 9.63428 -1.74492e-15
69.4334 10.7886 -1.50732e-15
49.847 9.45588 -1.97331e-15
30.2733 8.12389 -2.12245e-15
10.7123 6.79266 -1.14246e-15
-8.83596 5.46219 -8.1584e-16
-28.3716 4.13249 -9.90133e-16
-47.8945 2.80356 -6.03783e-16
-67.4048 1.47538 1.82875e-16
-86.9024 0.147974 6.23489e-16
-106.387 -1.17867 7.62036e-17
-125.86 -2.50456 3.26405e-17
-145.32 -3.82969 1.20153e-15
-164.767 -5.15405 2.47253e-17
-184.201 -6.47766 1.94502e-15
-203.623 -7.80051 1.29004e-15
-223.033 -9.12261 1.5642e-15
-242.431 -10.444 1.86559e-15
-261.818 -11.7648 1.73707e-15
-246.343 -10.7105 1.92663e-15
-230.861 -9.65586 8.13112e-16
-215.371 -8.60069 1.18539e-15
-199.872 -7.54503 1.09326e-15
-184.366 -6.48889 7.5119e-16
-168.852 -5.43227 1.20037e-15
-153.33 -4.37517 9.0431e-16
-137.799 -3.31758 6.00822e-16
-122.261 -2.25951 2.93966e-16
-106.715 -1.20095 6.94931e-17
-91.1601 -0.141911 1.42369e-16
-75.5977 0.917617 2.33309e-16
-60.0271 1.97763 2.89784e-16
-44.4485 3.03813 -1.44811e-16
-28.8619 4.09912 -7.10138e-16
-13.2671 5.16059 -9.69419e-16
2.33568 6.22255 -1.32919e-15
17.9466 7.285 6.06969e-17
33.5656 8.34794 -6.56909e-16
49.1927 9.41136 -1.57439e-15
64.8279 10.4753 -1.73398e-15
47.6588 9.30698 -1.25057e-15
30.4994 8.13927 -6.58949e-16
13.3498 6.97216 -3.90299e-16
-3.79002 5.80563 -4.76502e-16
-20.9201 4.63969 -9.46375e-16
-38.0404 3.47434 -7.48053e-16
-55.1511 2.30957 -7.04521e-16
-72.2519 1.14539 2.86827e-16
-89.3431 -0.0181998 1.48561e-16
-106.425 -1.18121 3.26584e-16
-123.496 -2.34363 -1.13138e-16
-140.558 -3.50547 2.91206e-16
-157.611 -4.66672 5.00529e-16
-174.654 -5.82739 1.2519e-15
-191.687 -6.98748 1.35965e-15
-208.71 -8.14698 1.47448e-15
-225.724 -9.30591 1.17529e-15
-242.728 -10.4642 1.33991e-15
-259.722 -11.622 1.6153e-15
-239.159 -10.2211 1.50033e-15
-218.582 -8.81944 3.66811e-16
-197.991 -7.41688 7.47593e-16
-177.386 -6.01346 9.84092e-16
-156.766 -4.60919 1.19908e-15
-136.132 -3.20407 1.11255e-15
-115.485 -1.79809 -2.45422e-16
-94.8225 -0.391261 -3.53928e-16
-74.1463 1.01643 -7.63744e-17
-53.4558 2.42498 -6.83319e-16
-32.7511 3.83438 -5.82953e-16
-12.0321 5.24465 -8.25625e-16
8.70109 6.65578 -1.72974e-15
29.4486 8.06776 -1.36882e-15
50.2104 9.48061 -1.48638e-15
70.9865 10.8943 -1.33366e-15
91.6403 12.3429 -2.38418e-15
110.53 14.152 -1.84323e-15
127.686 16.111 -3.63227e-15
142.6 18.1769 -3.04223e-15
117.899 16.4966 -1.51374e-15
93.2194 14.8176 -1.12689e-15
68.5595 13.1397 -1.00756e-15
43.9198 11.4631 -1.00905e-15
19.3003 9.78769 -2.21132e-16
-5.29916 8.11349 -1.43272e-15
-29.8785 6.4405 5.73616e-16
-54.4378 4.76872 -9.28188e-17
-78.9771 3.09815 -6.61492e-17
-103.496 1.42878 1.07918e-16
-127.996 -0.239378 2.80443e-16
-152.475 -1.90633 1.10002e-15
-176.934 -3.57209 1.31009e-15
-201.374 -5.23664 1.62306e-15
-225.793 -6.89999 2.5335e-15
-250.193 -8.56215 1.79937e-15
-274.573 -10.2231 2.37192e-15
-317.681 -12.0831 2.85984e-15
-325.615 -11.3452 3.12553e-15
-328.433 -10.8914 2.6283e-15
-299.821 -8.9417 1.98431e-15
-271.181 -6.99032 1.65532e-15
-242.514 -5.03728 1.20942e-15
-213.819 -3.08258 7.24044e-16
-185.097 -1.12623 4.1343e-16
-156.348 0.831778 6.70198e-16
-127.571 2.79145 3.95734e-16
-98.766 4.75279 -3.46898e-16
-69.9337 6.71579 4.2203e-16
-41.0738 8.68046 -9.91264e-16
-12.1861 10.6468 -1.45342e-15
16.7293 12.6148 -1.40122e-15
45.6725 14.5845 -1.06378e-15
74.6434 16.5559 -2.38159e-15
103.642 18.5289 -2.12629e-15
132.463 20.5156 -2.39081e-15
178.604 23.9889 -4.37523e-15
167.134 23.2087 -4.17645e-15
155.667 22.4287 -3.15699e-15
144.206 21.6489 -2.95081e-15
132.748 20.8695 -3.03855e-15
121.295 20.0902 -3.15011e-15
109.846 19.3113 -3.44778e-15
98.4018 18.5326 -2.12882e-15
86.9618 17.7542 -1.70289e-15
75.526 16.976 -2.80036e-15
64.0946 16.1981 -2.20537e-15
52.6676 15.4205 -2.0909e-15
41.2448 14.6431 -1.64485e-15
29.8264 13.866 -1.83649e-15
18.4123 13.0891 -1.65037e-15
7.0026 12.3125 -1.32449e-15
-4.40283 11.5362 -2.35225e-15
-15.8039 10.7601 -1.93146e-15
-27.2007 9.98429 -1.65116e-15
-38.5932 9.20874 -1.27296e-15
-49.9813 8.43344 -1.22622e-15
-61.3652 7.65841 -2.04251e-15
-72.7447 6.88363 -1.31532e-15
-84.12 6.10912 -4.45969e-16
-95.4909 5.33486 4.98386e-17
-106.858 4.56086 -2.01933e-16
-118.22 3.78713 -9.27746e-16
-129.578 3.01365 -5.01623e-17
-140.932 2.24043 9.58491e-17
-152.281 1.46747 4.07263e-16
-163.626 0.694768 6.04378e-16
-174.967 -0.0776753 -9.69571e-17
-186.304 -0.849861 7.18483e-16
-197.636 -1.62179 4.70424e-16
-208.964 -2.39346 -2.43037e-16
-220.288 -3.16487 1.48589e-16
-231.607 -3.93603 -4.07372e-16
-242.923 -4.70693 4.16086e-16
-254.234 -5.47758 1.10332e-15
-265.541 -6.24797 7.88018e-16
-276.843 -7.01811 7.20604e-16
-290.56 -8.08022 2.4059e-15
-313.762 -9.38545 2.11313e-15
-329.393 -10.0479 1.16689e-15
-309.659 -8.70312 3.10665e-15
-289.912 -7.35758 1.49059e-15
-270.152 -6.01125 1.71026e-15
-250.379 -4.66413 5.33501e-16
-230.592 -3.31623 6.74696e-16
-210.793 -1.96754 8.06954e-17
-190.981 -0.618056 2.98975e-16
-171.155 0.732215 1.56706e-15
-151.317 2.08327 4.9797e-17
-131.465 3.43513 2.31858e-16
-111.6 4.78777 -1.93845e-17
-91.7226 6.1412 -4.36878e-16
-71.8315 7.49543 -7.02248e-16
-51.9273 8.85046 -6.02246e-16
-32.0099 10.2063 -2.11385e-15
-12.0793 11.5629 -1.61254e-15
7.86444 12.9203 -1.90144e-15
27.8214 14.2785 -1.27735e-15
47.7916 15.6375 -2.01006e-15
67.775 16.9973 -2.3634e-15
87.7716 18.3579 -2.67692e-15
107.781 19.7193 -3.39777e-15
127.63 21.1288 -3.1271e-15
166.078 23.4446 -2.50282e-15
207.377 26.6126 -4.06528e-15
239.52 29.5897 -4.4664e-15
269.632 32.2646 -5.64848e-15
288.896 33.6507 -4.66941e-15
291.179 32.6921 -6.16754e-15
263.19 30.8072 -5.23579e-15
235.225 28.9231 -4.41866e-15
207.283 27.0398 -5.03404e-15
179.366 25.1572 -5.38719e-15
151.472 23.2754 -4.12977e-15
123.602 21.3943 -3.47413e-15
95.7563 19.5139 -4.15021e-15
67.9342 17.6342 -4.00182e-15
40.136 15.7551 -3.60923e-15
12.3618 13.8767 -4.38363e-15
-15.3885 11.999 -4.16284e-15
-43.1148 10.1219 -2.34934e-15
-71.1315 8.25317 -4.19449e-15
-99.3337 6.38712 -2.90845e-15
-127.514 4.51866 -3.11393e-15
-157.085 2.32237 -1.81774e-15
-221.138 -1.38564 -1.17899e-15
-301.459 -5.26367 -4.63544e-16
-326.076 -7.06348 -2.08199e-15
-330.403 -7.70078 -1.11962e-15
-334.844 -7.95157 -1.61852e-15
-338.996 -8.00828 -6.44296e-16
-342.537 -8.01507 4.99025e-15
-345.821 -8.20426 5.11424e-15
-320.759 -6.49985 6.39677e-15
-295.677 -4.79358 4.81543e-15
-270.576 -3.08541 4.4738e-15
-245.455 -1.37532 4.86779e-15
-220.314 0.336709 3.7221e-15
-195.154 2.0507 3.76005e-15
-169.974 3.76667 5.79446e-15
-144.774 5.48465 3.40565e-15
-119.554 7.20464 4.08248e-15
-94.314 8.92666 2.7742e-15
-69.0542 10.6507 3.02318e-15
-43.7744 12.3769 2.36335e-15
-18.5239 14.0988 2.39606e-15
6.50632 15.7961 2.51507e-15
31.5538 17.4985 2.23855e-15
56.6189 19.206 2.43583e-15
87.5685 21.419 2.11491e-15
140.554 25.0354 4.09217e-16
197.422 28.6621 1.97462e-15
226.086 28.8042 6.79171e-16
233.467 26.8213 -6.2467e-16
239.625 25.5964 -2.96161e-15
244.887 24.9763 -3.77545e-15
250.554 24.2219 -5.07224e-15
256.079 23.5516 -4.96371e-15
261.346 23.001 -5.81839e-15
229.431 20.8539 -5.336e-15
197.547 18.7079 -5.42964e-15
165.693 16.5629 -4.53261e-15
133.87 14.4189 -4.43394e-15
102.077 12.2759 -3.53516e-15
70.3146 10.1339 -3.86292e-15
38.583 7.99266 -3.43852e-15
6.88212 5.85232 -4.30047e-15
-24.788 3.7128 -3.35867e-15
-56.4274 1.57409 -3.06536e-15
-88.036 -0.563856 -1.91887e-15
-119.614 -2.70105 -1.83753e-15
-151.161 -4.83751 -8.39266e-16
-214.952 -8.61755 -8.07808e-16
-296.337 -13.0742 -1.11266e-15
-305.173 -12.8825 -2.09692e-15
-312.214 -12.0083 -2.72107e-15
-320.323 -10.5479 3.03618e-15
-327.766 -9.81775 3.8177e-15
-334.605 -9.29996 4.89888e-15
-340.815 -8.93673 3.30826e-15
-314.742 -7.16605 4.50158e-15
-288.647 -5.39343 3.6462e-15
-262.532 -3.6188 4.78047e-15
-236.396 -1.84214 4.80397e-15
-210.239 -0.063408 1.85117e-15
-184.06 1.71742 4.06798e-15
-157.861 3.50036 2.75892e-15
-131.64 5.28546 4.35957e-15
-105.398 7.07273 3.50198e-15
-79.1347 8.86219 2.55086e-15
-52.8498 10.6539 2.95476e-15
-26.5434 12.4478 2.8447e-15
-0.215406 14.244 1.31445e-15
26.1343 16.0424 2.24774e-15
52.5056 17.8432 -5.98811e-17
82.8557 19.9858 5.60519e-16
138.946 23.7708 -1.45076e-15
197.734 27.5507 6.37814e-16
215.294 26.2373 7.17304e-16
224.076 24.2564 -3.25318e-15
230.993 23.281 -4.66865e-15
238.361 22.2306 -4.1208e-15
244.772 21.7427 -3.17821e-15
250.814 21.3764 -4.64805e-15
256.555 21.0825 -4.71578e-15
234.204 19.5798 -4.34636e-15
211.867 18.0777 -4.18111e-15
189.545 16.5761 -4.07741e-15
167.238 15.0751 -4.07096e-15
144.945 13.5746 -3.13172e-15
122.667 12.0746 -3.26093e-15
100.404 10.5751 -4.23323e-15
78.1563 9.07602 -3.83421e-15
55.9232 7.57742 -3.14937e-15
33.7049 6.07925 -2.70079e-15
11.5015 4.58151 -3.65976e-15
-10.6869 3.08418 -2.50707e-15
-32.8604 1.58725 -1.2921e-15
-55.0189 0.0907132 -9.63985e-16
-77.1624 -1.40545 -2.05134e-15
-99.291 -2.90124 -1.49562e-15
-121.405 -4.39668 -7.4292e-16
-143.503 -5.89177 2.12951e-16
-171.071 -7.65915 -1.24137e-15
-221.03 -10.7627 -2.56551e-16
-274.986 -13.9883 2.02383e-15
-295.012 -14.3873 -1.71906e-15
-300.069 -13.9185 -1.33374e-15
-305.342 -13.2612 -5.26571e-16
-311.536 -12.1056 2.56218e-15
-317.559 -11.2286 3.02471e-15
-323.247 -10.5304 1.72407e-15
-328.816 -9.95026 3.7759e-15
-334.018 -9.51366 5.33108e-15
-338.866 -9.1827 3.85245e-15
-315.565 -7.60165 1.7617e-15
-292.248 -6.01911 9.96317e-16
-268.914 -4.43502 2.74254e-15
-245.564 -2.84934 -3.69145e-17
-222.197 -1.26206 -6.74607e-16
-198.813 0.326848 -1.37729e-16
-175.412 1.91741 -5.05482e-16
-151.995 3.50966 3.3809e-16
-128.561 5.1036 -9.07666e-16
-105.11 6.69926 -7.80939e-16
-81.6422 8.29666 -2.1158e-15
-58.1573 9.89581 -2.36205e-15
-34.6553 11.4967 -1.72607e-15
-11.1361 13.0995 -2.12493e-15
12.4002 14.704 -1.64947e-15
35.9537 16.3103 -2.84486e-15
59.5244 17.9185 -1.8376e-15
88.9887 20.001 -2.01426e-15
140.129 23.4625 -1.16833e-15
194.528 26.9154 -1.71366e-15
212.22 25.9868 -5.2699e-16
220.287 24.1336 -1.74195e-15
227.394 22.9245 -2.82454e-15
234.188 22.0084 -4.97019e-15
240.624 21.2157 -5.26945e-15
246.508 20.7076 -4.77232e-15
251.841 20.4844 -6.08709e-15
256.929 20.3042 -6.4615e-15
244.029 19.4374 -4.68078e-15
231.134 18.5707 -4.68592e-15
218.244 17.7043 -4.22725e-15
205.358 16.8381 -4.65373e-15
192.478 15.972 -4.11182e-15
179.602 15.1061 -4.00744e-15
166.731 14.2405 -3.09505e-15
153.865 13.375 -2.8829e-15
141.004 12.5097 -3.96353e-15
128.148 11.6445 -3.07277e-15
115.297 10.7795 -3.32772e-15
102.45 9.91474 -2.27992e-15
89.609 9.0501 -3.28574e-15
76.7725 8.18562 -2.67524e-15
63.9409 7.32129 -3.24632e-15
51.1143 6.45712 -2.53148e-15
38.2925 5.5931 -3.36648e-15
25.4757 4.72922 -1.73202e-15
12.6638 3.86549 -1.36623e-15
-0.143116 3.0019 -1.3387e-15
-12.9451 2.13845 -3.16765e-17
-25.7422 1.27514 -9.09423e-16
-38.5343 0.411953 -1.06782e-15
-51.3214 -0.451099 -1.37483e-15
-64.1036 -1.31402 3.61275e-16
-76.8808 -2.17682 -1.15186e-15
-89.6531 -3.03949 -7.68979e-16
-102.42 -3.90204 -2.00476e-15
-115.183 -4.76448 -6.82342e-16
-127.94 -5.62679 -5.64594e-16
-140.692 -6.48899 -2.56902e-16
-153.44 -7.35108 5.08683e-16
-172.36 -8.53053 1.53032e-16
-200.054 -10.2646 -7.29907e-16
-230.921 -12.1977 4.45558e-16
-261.943 -14.078 9.30201e-16
-288.961 -15.5672 -1.68293e-15
-292.014 -15.2747 -4.52638e-15
-295.12 -14.9239 -4.61423e-15
-298.185 -14.554 -3.82516e-15
-301.298 -14.1388 -4.35453e-15
-304.811 -13.5264 -3.91358e-15
-308.122 -13.1104 9.88377e-16
-311.788 -12.4913 4.95235e-15
-315.448 -11.8768 2.36467e-15
-318.977 -11.3453 3.09577e-15
-322.377 -10.8862 2.56167e-15
-325.666 -10.4875 4.31133e-15
-328.976 -10.1263 3.63856e-15
-332.158 -9.82364 1.95524e-15
-335.214 -9.56979 6.57948e-15
-338.147 -9.35613 3.46178e-15
-311.489 -7.5483 4.33089e-15
-284.81 -5.73853 2.30528e-15
-258.109 -3.92677 4.04585e-15
-231.387 -2.11297 3.08795e-15
-204.643 -0.297094 2.22875e-15
-177.877 1.5209 2.05793e-15
-151.089 3.34104 1.97697e-15
-124.279 5.16338 2.09173e-15
-97.4473 6.98793 5.63848e-16
-70.5935 8.81475 2.58484e-15
-43.7175 10.6439 1.9311e-15
-16.8192 12.4753 1.14229e-15
10.1014 14.309 -2.46474e-16
37.0445 16.1452 2.58746e-16
64.01 17.9837 -1.05338e-15
102.969 20.7521 -1.87247e-15
164.927 24.8038 -2.57929e-15
209.127 26.4845 -4.11157e-16
218.52 24.2965 -1.71306e-16
226.799 22.8081 -3.95414e-15
235.084 21.5599 -5.39295e-15
242.322 20.7464 -4.43314e-15
249.12 20.0763 -5.82495e-15
255.041 19.9066 -3.81017e-15
260.504 19.779 -2.41458e-15
265.186 19.6868 -1.41289e-15
269.518 19.6126 -4.69157e-15
273.76 19.5382 -3.51744e-15
278.142 19.4418 -6.04898e-15
282.369 19.3861 -4.43634e-15
286.389 19.3554 -3.3773e-15
256.051 17.3168 -2.37394e-15
225.74 15.2793 -3.85766e-15
195.456 13.2427 -2.6844e-15
165.199 11.207 -2.51013e-15
134.969 9.17231 -1.97848e-15
104.767 7.13842 -4.70907e-16
74.5919 5.10533 -2.68678e-15
44.4442 3.07301 -7.81563e-17
14.3239 1.04142 3.90332e-16
-15.7688 -0.989469 9.2003e-16
-45.834 -3.01968 1.61366e-15
-75.8715 -5.04925 4.79253e-16
-105.881 -7.07819 4.88449e-16
-140.701 -9.35058 1.20287e-15
-207.126 -13.6372 -1.72248e-15
-261.639 -16.104 -2.13903e-15
-270.771 -15.1075 -3.93228e-15
-280.394 -13.9034 -3.90772e-15
-289.685 -13.1407 2.98691e-15
-299.259 -12.0895 3.4266e-15
-308.862 -10.9566 2.42559e-15
-317.918 -10.1171 3.52425e-15
-326.416 -9.5173 4.50213e-15
-334.074 -9.1998 -4.57203e-15
-340.855 -9.17852 -2.30091e-15
-347.009 -9.16386 -2.65333e-15
-352.519 -9.1469 -4.80532e-16
-357.077 -9.12314 -1.19104e-16
-361.169 -9.09365 -2.63866e-15
-365.081 -8.94944 -9.95699e-16
-369.133 -8.538 1.77425e-15
-372.916 -8.10513 -1.20766e-15
-373.18 -7.57051 -6.89845e-16
-372.283 -7.10039 3.6968e-16
-339.891 -5.00907 8.61172e-16
-307.47 -2.91535 -1.3313e-15
-275.018 -0.819166 -3.77942e-16
-242.536 1.27953 -1.64347e-15
-210.024 3.38079 1.36713e-15
-177.481 5.48464 -2.61744e-15
-145.064 7.50447 7.46704e-16
-112.642 9.52002 -2.95744e-15
-80.2013 11.5386 -2.74267e-15
-47.7423 13.5608 -2.74904e-15
-15.2644 15.5872 -1.72134e-15
17.2328 17.6184 -9.41852e-16
49.7497 19.6548 -2.76525e-15
80.9388 21.9903 -5.50464e-15
140.972 25.3016 -8.19198e-15
175.305 26.1977 -6.94834e-15
182.305 25.3928 -6.65237e-15
189.517 24.6746 -3.04338e-15
196.636 23.9692 -7.21935e-15
203.001 23.413 -5.27239e-15
209.194 22.9717 -3.39801e-15
215.406 22.5888 -1.37731e-15
221.352 22.2739 -1.11302e-15
227.023 22.023 3.99542e-16
239.249 20.3089 -3.25536e-15
248.52 18.3042 -3.26303e-16
257.015 16.8315 1.92683e-17
264.214 16.2303 -1.80025e-15
270.43 16.0889 2.87453e-15
