-4.45379e-05 1.89001e-20 -2.64983e-36
-8.90758e-05 2.43919e-19 -1.66272e-22
-0.000133614 3.70684e-19 5.09061e-22
-0.000178152 4.97313e-19 -1.41516e-21
-0.00022269 6.20424e-19 -2.79901e-22
-0.000267227 7.56818e-19 2.95423e-21
-0.000311765 8.94696e-19 1.99549e-21
-0.000356303 1.01369e-18 6.14977e-21
-0.000400841 1.15289e-18 4.78812e-21
-0.000445379 1.27984e-18 -5.45518e-22
-0.000445379 1.27074e-18 -1.05376e-21
-0.000450775 -1.71944e-06 -3.04421e-21
-0.000456249 -3.46356e-06 2.40313e-21
-0.000461802 -5.23286e-06 -6.75436e-21
-0.000467435 -7.02785e-06 2.756e-21
-0.00047315 -8.84906e-06 1.35702e-21
-0.000478949 -1.0697e-05 4.083e-21
-0.000484834 -1.25723e-05 1.02375e-20
-0.000490807 -1.44755e-05 -3.46025e-21
-0.000496868 -1.64071e-05 3.23153e-21
-0.000503021 -1.83677e-05 -6.61765e-21
-0.000503021 -1.83677e-05 -7.67174e-21
-0.000427707 5.6307e-06 -1.00636e-20
-0.000403616 1.33063e-05 -5.06745e-21
-0.000379518 2.09838e-05 -1.87599e-21
-0.000355411 2.86634e-05 -3.03718e-21
-0.000331298 3.63448e-05 -2.72891e-21
-0.000307176 4.40283e-05 -8.96176e-21
-0.000283047 5.17137e-05 -6.64482e-21
-0.000258911 5.94011e-05 -8.45972e-21
-0.000234767 6.70904e-05 -6.11007e-21
-0.000210615 7.47817e-05 -7.50604e-21
-0.000186455 8.2475e-05 -1.588e-20
-0.000162288 9.01702e-05 -1.09147e-20
-0.000138114 9.78674e-05 -1.2192e-20
-0.000113932 0.000105567 -1.07263e-20
-0.000136437 9.84013e-05 -1.20824e-20
-0.000158936 9.12378e-05 -1.95309e-20
-0.000181428 8.4076e-05 -1.31054e-20
-0.000203913 7.69158e-05 -1.51067e-20
-0.000226392 6.97574e-05 -1.76082e-20
-0.000248864 6.26007e-05 -1.32431e-20
-0.00027133 5.54457e-05 -3.92108e-21
-0.000293789 4.82924e-05 -5.76721e-21
-0.000316241 4.11408e-05 -3.69896e-21
-0.000338687 3.39909e-05 2.33993e-23
-0.000361127 2.68427e-05 -6.6633e-21
-0.000383559 1.96962e-05 -2.82164e-21
-0.000405986 1.25514e-05 2.257e-21
-0.000428405 5.40826e-06 3.37779e-21
-0.000450818 -1.73315e-06 9.94102e-21
-0.000473225 -8.87287e-06 -8.8866e-21
-0.000495625 -1.60109e-05 7.86196e-21
-0.000518018 -2.31472e-05 7.92226e-21
-0.000540405 -3.02818e-05 -4.21051e-21
-0.000562785 -3.74148e-05 4.47713e-21
-0.000585159 -4.4546e-05 1.34675e-20
-0.000607526 -5.16755e-05 6.14695e-21
-0.000629887 -5.88034e-05 7.91783e-21
-0.000652241 -6.59296e-05 2.63813e-21
-0.000674589 -7.3054e-05 9.5385e-21
-0.00069693 -8.01768e-05 9.86243e-21
-0.000719264 -8.7298e-05 6.65956e-21
-0.000741592 -9.44174e-05 1.50266e-20
-0.000763914 -0.000101535 1.76426e-20
-0.000786229 -0.000108651 9.90443e-21
-0.000758798 -9.99036e-05 2.09959e-20
-0.000731356 -9.11534e-05 4.75572e-21
-0.000703905 -8.24007e-05 1.41081e-20
-0.000676443 -7.36453e-05 1.13161e-20
-0.000648972 -6.48875e-05 1.54565e-20
-0.000621491 -5.6127e-05 2.56086e-21
-0.000594 -4.73641e-05 9.1259e-21
-0.000566499 -3.85985e-05 1.34255e-20
-0.000538989 -2.98304e-05 6.88956e-21
-0.000511468 -2.10598e-05 3.75781e-21
-0.000483938 -1.22866e-05 5.09283e-21
-0.000456397 -3.51078e-06 6.67101e-21
-0.000428847 5.26757e-06 -2.10212e-21
-0.000401287 1.40485e-05 1.35112e-21
-0.000373716 2.2832e-05 -8.16935e-21
-0.000346136 3.1618e-05 -3.84182e-21
-0.000318546 4.04066e-05 -4.62807e-21
-0.000290946 4.91978e-05 -1.27249e-20
-0.000263336 5.79916e-05 -3.92814e-21
-0.000235717 6.67879e-05 -7.20183e-21
-0.000208087 7.55868e-05 -3.98071e-21
-0.000180447 8.43883e-05 -1.46838e-20
-0.000152797 9.31923e-05 -1.62683e-20
-0.000125137 0.000101999 -1.83406e-20
-0.000136868 9.82641e-05 -1.09692e-20
-0.000148597 9.45298e-05 -6.89857e-21
-0.000160323 9.07959e-05 -8.9788e-21
-0.000172048 8.70625e-05 -1.84435e-20
-0.000183772 8.33296e-05 -1.15965e-20
-0.000195493 7.95971e-05 -4.57131e-21
-0.000207213 7.58651e-05 -1.59509e-20
-0.000218931 7.21335e-05 -1.3524e-20
-0.000230647 6.84024e-05 -7.29944e-21
-0.000242361 6.46718e-05 -1.43096e-20
-0.000254074 6.09416e-05 -3.94467e-21
-0.000265784 5.72119e-05 -1.55262e-20
-0.000277493 5.34827e-05 -6.97786e-21
-0.0002892 4.97539e-05 -7.92317e-21
-0.000300906 4.60256e-05 -1.67928e-20
-0.000312609 4.22977e-05 -7.70506e-21
-0.000324311 3.85703e-05 -1.75341e-21
-0.000336011 3.48434e-05 -3.02996e-21
-0.000347709 3.11169e-05 -1.39887e-20
-0.000359406 2.73909e-05 -7.3035e-21
-0.0003711 2.36653e-05 -8.99992e-21
-0.000382793 1.99403e-05 -6.30297e-21
-0.000394484 1.62156e-05 -9.53143e-21
-0.000406174 1.24915e-05 -4.77765e-21
-0.000417861 8.76777e-06 -1.4019e-20
-0.000429547 5.04453e-06 -4.98387e-21
-0.000441231 1.32175e-06 3.77738e-21
-0.000452913 -2.40057e-06 5.41431e-21
-0.000464593 -6.12242e-06 -3.05656e-21
-0.000476272 -9.84382e-06 3.3637e-22
-0.000487949 -1.35648e-05 2.22408e-22
-0.000499624 -1.72852e-05 5.70511e-21
-0.000511297 -2.10052e-05 -1.63974e-21
-0.000522968 -2.47248e-05 -1.00485e-21
-0.000534638 -2.84439e-05 -3.50685e-21
-0.000546306 -3.21625e-05 -2.80488e-23
-0.000557972 -3.58807e-05 2.43668e-21
-0.000569636 -3.95984e-05 8.21741e-21
-0.000581299 -4.33156e-05 1.56196e-20
-0.00059296 -4.70324e-05 2.94912e-21
-0.000604619 -5.07488e-05 1.36254e-20
-0.000616276 -5.44646e-05 6.11558e-21
-0.000627931 -5.818e-05 4.76773e-21
-0.000639585 -6.1895e-05 1.33123e-20
-0.000651237 -6.56095e-05 1.60561e-20
-0.000662887 -6.93235e-05 5.32337e-21
-0.000674535 -7.30371e-05 6.35201e-21
-0.000686182 -7.67502e-05 1.01095e-20
-0.000697827 -8.04628e-05 1.59876e-20
-0.00070947 -8.4175e-05 1.66787e-20
-0.000721111 -8.78868e-05 2.50639e-21
-0.000732751 -9.15981e-05 1.55721e-20
-0.000744388 -9.53089e-05 4.04005e-21
-0.000756024 -9.90192e-05 7.15379e-21
-0.000767658 -0.000102729 6.433e-21
-0.000779291 -0.000106439 1.60207e-20
-0.000790921 -0.000110148 1.87599e-20
-0.00080255 -0.000113856 1.79856e-20
-0.000755863 -9.89679e-05 1.08125e-20
-0.000709148 -8.40723e-05 1.28198e-20
-0.000662403 -6.91693e-05 1.24786e-20
-0.00061563 -5.42588e-05 6.33016e-21
-0.000568829 -3.9341e-05 1.0826e-20
-0.000521999 -2.44157e-05 8.46753e-21
-0.00047514 -9.48307e-06 7.62608e-21
-0.000428252 5.45702e-06 3.63761e-21
-0.000381336 2.04046e-05 4.13372e-22
-0.000334391 3.53595e-05 -2.5955e-21
-0.000287417 5.03219e-05 -1.02297e-20
-0.000240414 6.52918e-05 -7.06344e-21
-0.000193383 8.02691e-05 -1.11389e-20
-0.000146322 9.52539e-05 -1.09072e-20
-9.92332e-05 0.000110246 -1.28514e-20
-5.21157e-05 0.000125246 -2.2684e-20
-4.96989e-06 0.000140252 -1.95951e-20
-5.94011e-05 0.000122926 -2.5653e-20
-0.000113794 0.000105611 -2.75918e-20
-0.000168148 8.83045e-05 -1.4852e-20
-0.000222463 7.10085e-05 -1.06059e-20
-0.000276741 5.37224e-05 -1.28717e-20
-0.000330979 3.64462e-05 -7.84918e-21
-0.00038518 1.918e-05 2.37737e-21
-0.000439342 1.92366e-06 8.10535e-21
-0.000493465 -1.53228e-05 9.90647e-22
-0.000547551 -3.25593e-05 4.24326e-22
-0.000601598 -4.97859e-05 1.56198e-20
-0.000655607 -6.70027e-05 3.21429e-22
-0.000709578 -8.42096e-05 2.52853e-20
-0.000763511 -0.000101407 1.67706e-20
-0.000817406 -0.000118594 2.03346e-20
-0.000871266 -0.000135772 2.42527e-20
-0.000925091 -0.000152942 2.25818e-20
-0.000882129 -0.000139237 2.50461e-20
-0.000839142 -0.000125526 1.05705e-20
-0.000796131 -0.000111809 1.541e-20
-0.000753096 -9.80854e-05 1.42124e-20
-0.000710036 -8.43556e-05 9.76547e-21
-0.000666952 -7.06196e-05 1.56048e-20
-0.000623844 -5.68772e-05 1.1756e-20
-0.000580712 -4.31286e-05 7.81069e-21
-0.000537555 -2.93736e-05 3.82155e-21
-0.000494374 -1.56124e-05 9.03411e-22
-0.000451169 -1.84484e-06 1.8508e-21
-0.000407939 1.1929e-05 3.03302e-21
-0.000364685 2.57092e-05 3.76719e-21
-0.000321406 3.94957e-05 -1.88254e-21
-0.000278103 5.32885e-05 -9.23179e-21
-0.000234775 6.70877e-05 -1.26024e-20
-0.000191423 8.08932e-05 -1.72795e-20
-0.000148046 9.4705e-05 7.89059e-22
-0.000104645 0.000108523 -8.53981e-21
-6.12193e-05 0.000122348 -2.0467e-20
-1.7769e-05 0.000136179 -2.25418e-20
-6.5482e-05 0.000120991 -1.62574e-20
-0.000113165 0.000105811 -8.56633e-21
-0.000160819 9.06381e-05 -5.07389e-21
-0.000208443 7.54732e-05 -6.19453e-21
-0.000256038 6.0316e-05 -1.23029e-20
-0.000303603 4.51664e-05 -9.72468e-21
-0.000351139 3.00244e-05 -9.15877e-21
-0.000398645 1.48901e-05 3.72875e-21
-0.000446122 -2.36598e-07 1.9313e-21
-0.000493569 -1.53557e-05 4.24559e-21
-0.000540987 -3.04672e-05 -1.47079e-21
-0.000588375 -4.55711e-05 3.78568e-21
-0.000635734 -6.06674e-05 6.50688e-21
-0.000683064 -7.57561e-05 1.62747e-20
-0.000730364 -9.08372e-05 1.76754e-20
-0.000777636 -0.000105911 1.91683e-20
-0.000824878 -0.000120977 1.52787e-20
-0.00087209 -0.000136035 1.74189e-20
-0.000919274 -0.000151086 2.09988e-20
-0.000862182 -0.000132875 1.95043e-20
-0.000805048 -0.000114653 4.76854e-21
-0.000747871 -9.64194e-05 9.71871e-21
-0.000690651 -7.8175e-05 1.27932e-20
-0.000633388 -5.99195e-05 1.5588e-20
-0.000576082 -4.16529e-05 1.44632e-20
-0.000518734 -2.33752e-05 -3.19049e-21
-0.000461342 -5.0864e-06 -4.60107e-21
-0.000403907 1.32136e-05 -9.92867e-22
-0.000346429 3.15247e-05 -8.88315e-21
-0.000288908 4.9847e-05 -7.57839e-21
-0.000231344 6.81805e-05 -1.07331e-20
-0.000173736 8.65251e-05 -2.24866e-20
-0.000116085 0.000104881 -1.77946e-20
-5.83912e-05 0.000123248 -1.93229e-20
-6.53623e-07 0.000141626 -1.73376e-20
5.37154e-05 0.000160457 -2.81595e-20
6.77896e-05 0.000183976 -2.70034e-20
5.80473e-05 0.000209443 -4.59747e-20
2.41852e-05 0.0002363 -4.20458e-20
-4.44725e-05 0.000214456 -2.50221e-20
-0.000113069 0.000192628 -1.96626e-20
-0.000181604 0.000170816 -2.10023e-20
-0.000250078 0.00014902 -1.7222e-20
-0.000318491 0.00012724 -8.87894e-21
-0.000386843 0.000105475 -2.13255e-20
-0.000455134 8.37265e-05 1.49407e-21
-0.000523365 6.19933e-05 -5.51754e-21
-0.000591534 4.02759e-05 -4.52293e-21
-0.000659643 1.85741e-05 -3.0125e-21
-0.000727691 -3.11192e-06 -9.81348e-22
-0.000795679 -2.47823e-05 9.95704e-21
-0.000863607 -4.64371e-05 1.13044e-20
-0.000931474 -6.80763e-05 1.74794e-20
-0.000999281 -8.96999e-05 2.89847e-20
-0.00106703 -0.000111308 1.99366e-20
-0.00113471 -0.000132901 2.47365e-20
-0.00127643 -0.000157081 3.16862e-20
-0.00157645 -0.00018678 4.38324e-20
-0.00192508 -0.00023 4.70153e-20
-0.00184566 -0.000204653 4.06286e-20
-0.00176615 -0.000179285 3.43435e-20
-0.00168656 -0.000153896 3.17776e-20
-0.00160689 -0.000128485 2.74318e-20
-0.00152714 -0.000103052 2.11885e-20
-0.0014473 -7.75982e-05 2.40539e-20
-0.00136737 -5.21225e-05 1.98003e-20
-0.00128737 -2.66251e-05 1.08895e-20
-0.00120728 -1.1061e-06 2.04477e-20
-0.0011271 2.44346e-05 1.41332e-21
-0.00104685 4.99971e-05 -4.73703e-21
-0.000966505 7.55813e-05 -2.82534e-21
-0.000886079 0.000101187 5.23314e-22
-0.000805568 0.000126815 -1.60608e-20
-0.000724974 0.000152464 -1.21826e-20
-0.000645601 0.000178291 -1.98219e-20
-0.000563584 0.000223444 -4.04245e-20
-0.000595469 0.000213301 -3.6136e-20
-0.000627341 0.000203161 -2.69314e-20
-0.0006592 0.000193025 -2.30727e-20
-0.000691046 0.000182892 -2.59431e-20
-0.000722878 0.000172762 -2.44337e-20
-0.000754698 0.000162636 -2.87592e-20
-0.000786504 0.000152513 -1.45087e-20
-0.000818297 0.000142393 -1.00583e-20
-0.000850077 0.000132277 -2.0691e-20
-0.000881843 0.000122164 -1.35403e-20
-0.000913597 0.000112055 -1.40357e-20
-0.000945337 0.000101949 -7.99717e-21
-0.000977064 9.18463e-05 -1.08567e-20
-0.00100878 8.17472e-05 -5.62818e-21
-0.00104048 7.16514e-05 -3.57674e-21
-0.00107217 6.1559e-05 -1.69271e-20
-0.00110384 5.147e-05 -1.06727e-20
-0.0011355 4.13844e-05 -6.08549e-21
-0.00116715 3.13022e-05 -2.00543e-21
-0.00119879 2.12234e-05 -1.30106e-21
-0.00123041 1.11479e-05 -1.2295e-20
-0.00126202 1.07585e-06 -1.78499e-21
-0.00129362 -8.99285e-06 8.70619e-21
-0.0013252 -1.90582e-05 1.49586e-20
-0.00135677 -2.91201e-05 1.11029e-20
-0.00138833 -3.91787e-05 2.09627e-21
-0.00141987 -4.92339e-05 1.24002e-20
-0.0014514 -5.92858e-05 1.5971e-20
-0.00148292 -6.93342e-05 1.86201e-20
-0.00151442 -7.93794e-05 2.33837e-20
-0.00154592 -8.94211e-05 1.43166e-20
-0.0015774 -9.94595e-05 2.51641e-20
-0.00160886 -0.000109495 2.20294e-20
-0.00164032 -0.000119526 1.29823e-20
-0.00167176 -0.000129555 1.73109e-20
-0.00170318 -0.00013958 1.12906e-20
-0.0017346 -0.000149601 2.13054e-20
-0.001766 -0.00015962 3.10271e-20
-0.00179739 -0.000169635 2.66923e-20
-0.00182877 -0.000179647 2.49192e-20
-0.00186085 -0.000193454 4.32796e-20
-0.00192588 -0.000210422 4.31304e-20
-0.00208304 -0.000233441 3.20991e-20
-0.00202826 -0.000215959 5.22625e-20
-0.00197344 -0.000198467 3.59032e-20
-0.00191859 -0.000180965 3.56768e-20
-0.00186369 -0.000163452 2.39169e-20
-0.00180875 -0.000145929 2.67964e-20
-0.00175378 -0.000128396 1.86674e-20
-0.00169876 -0.000110853 1.92093e-20
-0.00164371 -9.32997e-05 3.51644e-20
-0.00158861 -7.57359e-05 1.50454e-20
-0.00153348 -5.81618e-05 1.87338e-20
-0.00147831 -4.05775e-05 1.60954e-20
-0.00142309 -2.29828e-05 1.02591e-20
-0.00136784 -5.37784e-06 6.50821e-21
-0.00131254 1.22375e-05 7.78435e-21
-0.00125721 2.98631e-05 -1.16817e-20
-0.00120184 4.74991e-05 -5.6507e-21
-0.00114642 6.51454e-05 -8.78749e-21
-0.00109097 8.2802e-05 -9.86785e-22
-0.00103548 0.000100469 -1.16863e-20
-0.000979941 0.000118146 -1.54409e-20
-0.000924368 0.000135834 -1.72605e-20
-0.000868754 0.000153532 -2.68226e-20
-0.000817477 0.000171856 -2.53978e-20
-0.000716285 0.000201961 -1.9819e-20
-0.000653141 0.000243146 -4.11843e-20
-0.000636235 0.000281848 -4.96797e-20
-0.000621389 0.000316621 -6.53112e-20
-0.000612744 0.000352818 -4.96918e-20
-0.000593581 0.000391095 -7.61353e-20
-0.000671652 0.000366591 -6.46937e-20
-0.000749655 0.000342098 -5.57999e-20
-0.000827589 0.000317615 -6.54984e-20
-0.000905455 0.000293142 -6.29078e-20
-0.000983251 0.000268678 -5.25979e-20
-0.00106098 0.000244224 -4.1955e-20
-0.00113864 0.000219779 -4.79862e-20
-0.00121622 0.000195342 -4.64705e-20
-0.00129374 0.000170915 -4.18486e-20
-0.00137119 0.000146496 -5.01773e-20
-0.00144857 0.000122085 -4.70558e-20
-0.00152588 9.76823e-05 -2.67806e-20
-0.00160456 7.33891e-05 -4.69019e-20
-0.00168414 4.91306e-05 -2.98843e-20
-0.00176365 2.48406e-05 -3.76453e-20
-0.00183997 -3.71125e-06 -1.81842e-20
-0.00202385 -5.19153e-05 -7.85865e-21
-0.00226904 -0.00010233 2.6741e-21
-0.00267645 -0.000157654 -2.41346e-20
-0.00314679 -0.000213249 -1.4993e-20
-0.00366741 -0.000268687 -3.12985e-20
-0.00418702 -0.000321015 -2.45321e-20
-0.00465902 -0.000367509 5.67276e-20
-0.00511973 -0.000416754 8.67927e-20
-0.0050504 -0.000394597 9.68566e-20
-0.00498102 -0.000372415 8.18192e-20
-0.00491158 -0.000350209 7.26561e-20
-0.00484208 -0.000327978 7.71085e-20
-0.00477252 -0.000305721 6.57074e-20
-0.00470292 -0.000283439 6.52549e-20
-0.00463325 -0.000261132 8.64876e-20
-0.00456353 -0.000238798 6.01463e-20
-0.00449375 -0.000216438 6.68116e-20
-0.00442391 -0.000194052 5.03141e-20
-0.00435401 -0.000171639 5.3207e-20
-0.00428406 -0.000149199 4.33202e-20
-0.00421433 -0.000126814 4.44117e-20
-0.00414589 -0.00010475 4.6732e-20
-0.00407742 -8.26183e-05 4.47158e-20
-0.0040089 -6.04199e-05 4.2645e-20
-0.0039297 -3.16516e-05 3.98774e-20
-0.00379539 1.53617e-05 1.55321e-20
-0.00364958 6.2509e-05 2.92668e-20
-0.00351239 0.000113097 1.62042e-20
-0.00338976 0.000163059 -2.69209e-21
-0.00331837 0.000211332 -3.77707e-20
-0.00327702 0.000259928 -5.83858e-20
-0.00321321 0.000310916 -5.35381e-20
-0.00314763 0.000362017 -5.93429e-20
-0.00308555 0.000412736 -7.72611e-20
-0.00317455 0.000384823 -7.28292e-20
-0.00326346 0.000356925 -7.05679e-20
-0.00335229 0.000329041 -6.35662e-20
-0.00344103 0.000301169 -5.86921e-20
-0.00352968 0.00027331 -5.1634e-20
-0.00361825 0.000245463 -5.40748e-20
-0.00370672 0.000217628 -4.56118e-20
-0.00379511 0.000189803 -5.71227e-20
-0.00388341 0.00016199 -4.22643e-20
-0.00397162 0.000134186 -4.11065e-20
-0.00405974 0.000106393 -2.49651e-20
-0.00414777 7.86095e-05 -2.5729e-20
-0.00423572 5.08355e-05 -1.26829e-20
-0.00442323 1.69493e-06 -8.74843e-21
-0.00466227 -5.62415e-05 -8.90079e-21
-0.00495893 -0.000119111 -3.029e-20
-0.00532858 -0.000179914 -5.72054e-20
-0.00583053 -0.000238702 1.60419e-20
-0.00635424 -0.00030212 5.17143e-20
-0.00690321 -0.000364782 9.5256e-20
-0.00747091 -0.000426595 1.00599e-19
-0.00739876 -0.000403576 1.0737e-19
-0.00732656 -0.000380532 1.02347e-19
-0.0072543 -0.000357462 1.07911e-19
-0.00718198 -0.000334365 1.09507e-19
-0.0071096 -0.000311242 7.8513e-20
-0.00703716 -0.000288091 1.01389e-19
-0.00696466 -0.000264913 8.78152e-20
-0.0068921 -0.000241706 1.03698e-19
-0.00681948 -0.000218472 9.47102e-20
-0.0067468 -0.000195209 8.13027e-20
-0.00667406 -0.000171917 8.4807e-20
-0.00660125 -0.000148596 8.68453e-20
-0.00652839 -0.000125246 6.54143e-20
-0.00645546 -0.000101866 7.89321e-20
-0.00638247 -7.8456e-05 4.69701e-20
-0.00630134 -5.0602e-05 5.76865e-20
-0.00615208 -1.39721e-06 2.80908e-20
-0.00600207 4.77419e-05 5.11758e-20
-0.00583919 0.000101743 5.83797e-20
-0.00567513 0.000154322 2.58685e-21
-0.00558733 0.000204929 -3.31282e-20
-0.00547538 0.000258016 -1.3748e-20
-0.00539201 0.000311668 -1.47738e-20
-0.00531559 0.000364752 -4.1851e-20
-0.00524387 0.000417256 -4.09184e-20
-0.00530619 0.000397721 -4.34398e-20
-0.00536847 0.000378193 -3.69089e-20
-0.00543071 0.000358673 -3.75691e-20
-0.00549291 0.00033916 -3.54507e-20
-0.00555507 0.000319653 -2.62302e-20
-0.00561718 0.000300153 -2.59762e-20
-0.00567925 0.000280659 -3.74066e-20
-0.00574128 0.000261172 -3.24583e-20
-0.00580327 0.00024169 -2.37048e-20
-0.00586521 0.000222214 -1.55264e-20
-0.00592711 0.000202743 -3.03781e-20
-0.00598897 0.000183278 -1.40463e-20
-0.00605079 0.000163818 3.41405e-21
-0.00611256 0.000144363 6.72344e-21
-0.00617429 0.000124912 -7.09565e-21
-0.00623598 0.000105467 -7.41962e-22
-0.00629762 8.60264e-05 8.60966e-21
-0.00635922 6.65903e-05 2.02713e-20
-0.00643879 4.36143e-05 3.65117e-21
-0.00658269 3.26756e-06 1.21881e-20
-0.0067367 -3.86649e-05 4.30193e-20
-0.00693122 -8.19697e-05 -4.07276e-21
-0.0071333 -0.000126638 -7.55663e-21
-0.00736346 -0.000170292 -1.29867e-21
-0.00767174 -0.000213401 3.18928e-20
-0.00799895 -0.000257748 5.14761e-20
-0.00833786 -0.000301117 4.42549e-20
-0.00870866 -0.000345177 8.59618e-20
-0.00908975 -0.000388742 1.20532e-19
-0.00948045 -0.000431868 1.22149e-19
-0.00941597 -0.000411314 9.56415e-20
-0.00935145 -0.000390741 8.44824e-20
-0.00928688 -0.000370148 1.02268e-19
-0.00922226 -0.000349534 7.16337e-20
-0.00915759 -0.0003289 6.7247e-20
-0.00909288 -0.000308244 7.40667e-20
-0.00902812 -0.000287567 6.42085e-20
-0.00896331 -0.000266867 7.41225e-20
-0.00889845 -0.000246146 5.98961e-20
-0.00883355 -0.000225403 6.00546e-20
-0.0087686 -0.000204636 4.15599e-20
-0.0087036 -0.000183847 4.10896e-20
-0.00863855 -0.000163035 4.80904e-20
-0.00857345 -0.0001422 4.27041e-20
-0.00850831 -0.000121341 4.81447e-20
-0.00844311 -0.000100458 3.57215e-20
-0.00837787 -7.9552e-05 4.74403e-20
-0.00829932 -5.24804e-05 4.32421e-20
-0.00816287 -7.48087e-06 5.11208e-20
-0.00801673 3.74077e-05 3.91255e-20
-0.00786819 8.63651e-05 5.36198e-20
-0.00771313 0.000133786 3.11378e-20
-0.00758935 0.000181433 4.77797e-22
-0.00747985 0.000230388 -2.09235e-20
-0.0073761 0.000277829 -3.79271e-20
-0.00728648 0.000325055 -4.07999e-20
-0.0072133 0.000372568 -6.17024e-20
-0.00714419 0.000419571 -8.03205e-20
-0.00718015 0.000408302 -5.76192e-20
-0.0072161 0.000397036 -6.32018e-20
-0.00725204 0.000385772 -5.69367e-20
-0.00728797 0.000374511 -5.95885e-20
-0.00732388 0.000363252 -5.27913e-20
-0.00735977 0.000351996 -5.31856e-20
-0.00739566 0.000340742 -4.26413e-20
-0.00743153 0.000329491 -3.8866e-20
-0.00746738 0.000318242 -4.57679e-20
-0.00750322 0.000306995 -4.35938e-20
-0.00753905 0.00029575 -4.3383e-20
-0.00757486 0.000284508 -3.09228e-20
-0.00761066 0.000273267 -3.55546e-20
-0.00764645 0.000262029 -3.23675e-20
-0.00768222 0.000250793 -3.61415e-20
-0.00771798 0.000239559 -2.92156e-20
-0.00775372 0.000228326 -3.98873e-20
-0.00778945 0.000217096 -2.10173e-20
-0.00782517 0.000205867 -1.61243e-20
-0.00786087 0.000194641 -1.31712e-20
-0.00789656 0.000183416 1.54198e-21
-0.00793223 0.000172193 -8.49318e-21
-0.00796789 0.000160971 -1.33358e-20
-0.00800354 0.000149752 -1.52451e-20
-0.00803917 0.000138534 8.59791e-21
-0.00807478 0.000127317 -1.24235e-20
-0.00811038 0.000116103 -9.69865e-21
-0.00814597 0.000104889 -2.13939e-20
-0.00818155 9.36778e-05 -9.24215e-21
-0.00821711 8.24677e-05 -6.41484e-21
-0.00825265 7.12591e-05 -9.07647e-22
-0.00828818 6.00519e-05 8.46378e-21
-0.00834369 4.47191e-05 2.14853e-21
-0.00842392 2.2176e-05 -1.20798e-21
-0.00851189 -2.95441e-06 1.32804e-20
-0.00860026 -2.73975e-05 2.39602e-20
-0.00869253 -5.14817e-05 -1.25937e-20
-0.00879987 -7.83111e-05 -5.46462e-20
-0.00891309 -0.000104751 -6.1047e-20
-0.00902905 -0.000130402 -5.92222e-20
-0.00915263 -0.000155677 -7.06754e-20
-0.0093045 -0.000181466 -7.92985e-20
-0.00945147 -0.000208003 -2.86426e-20
-0.00962738 -0.000234412 3.01132e-20
-0.00981396 -0.000260202 3.60649e-21
-0.0100036 -0.000285525 2.23305e-20
-0.0101962 -0.000310424 2.27949e-20
-0.0103929 -0.000335033 5.411e-20
-0.010606 -0.000360355 6.09544e-20
-0.0108227 -0.000385504 4.40137e-20
-0.0110426 -0.000410496 1.14757e-19
-0.0112658 -0.000435343 8.1857e-20
-0.0111921 -0.000411841 9.27103e-20
-0.0111182 -0.000388314 7.45961e-20
-0.0110443 -0.000364761 8.89871e-20
-0.0109704 -0.000341182 8.03411e-20
-0.0108963 -0.000317575 7.22604e-20
-0.0108223 -0.000293941 6.84495e-20
-0.0107481 -0.000270279 6.84234e-20
-0.0106739 -0.000246589 6.93662e-20
-0.0105996 -0.00022287 4.91509e-20
-0.0105253 -0.000199121 7.25196e-20
-0.0104509 -0.000175343 6.67748e-20
-0.0103765 -0.000151534 5.32098e-20
-0.0103019 -0.000127695 3.83939e-20
-0.0102274 -0.000103826 4.55318e-20
-0.0101527 -7.99251e-05 2.76891e-20
-0.0100501 -4.39362e-05 1.24351e-20
-0.00988255 8.73684e-06 6.36534e-21
-0.00970998 6.2875e-05 3.21453e-20
-0.00952607 0.000118404 3.28402e-20
-0.00937341 0.000173018 -9.90833e-21
-0.00921576 0.000230425 -4.22718e-20
-0.00909344 0.000285086 -4.50502e-20
-0.00897761 0.00033833 -7.29659e-20
-0.00889068 0.000392671 -5.53697e-20
-0.00881129 0.000444934 -3.97638e-20
-0.0087438 0.000491514 -3.47394e-20
-0.00868181 0.000536139 -7.33713e-20
-0.00861766 0.000581205 -4.50594e-20
-0.00853789 0.000628973 -7.53935e-20
-0.00845898 0.00067734 -6.18384e-20
-0.00838177 0.00072549 -6.28957e-20
-0.00846639 0.000698988 -5.26866e-20
-0.00855093 0.0006725 -5.94452e-20
-0.00863539 0.000646025 -4.90289e-20
-0.00871978 0.000619561 -4.85032e-20
-0.00880409 0.00059311 -3.54666e-20
-0.00888832 0.000566669 -2.53367e-20
-0.00897248 0.000540239 -4.28377e-20
-0.00905656 0.000513819 -2.31185e-20
-0.00914055 0.000487408 -1.18316e-20
-0.00922447 0.000461007 -9.04823e-21
-0.00930831 0.000434614 1.93858e-21
-0.00939207 0.00040823 -1.2141e-20
-0.00947575 0.000381853 -1.0111e-20
-0.00957568 0.000352312 -3.39505e-21
-0.00976565 0.000296586 -3.00229e-20
-0.00999346 0.00024102 -2.92896e-20
-0.0102498 0.000180553 -5.34452e-20
-0.0105542 0.000121205 -7.69821e-20
-0.0108728 5.80743e-05 1.80676e-20
-0.0112452 -1.7385e-06 3.95515e-20
-0.0116729 -5.87363e-05 3.57328e-20
-0.0121324 -0.00011562 6.77465e-20
-0.012626 -0.000173138 1.09269e-19
-0.013129 -0.000231586 -6.14425e-21
-0.0136292 -0.00029256 3.17789e-21
-0.0141438 -0.000353815 -1.7396e-20
-0.014666 -0.000414564 2.08684e-21
-0.0151524 -0.000469954 6.80105e-21
-0.0156404 -0.000524473 -3.27875e-20
-0.0161667 -0.000579271 -7.36732e-21
-0.0167929 -0.000635289 4.91949e-20
-0.0174603 -0.000689974 6.19408e-21
-0.0181724 -0.000742759 1.05178e-20
-0.0189148 -0.00079294 2.90157e-20
-0.0188225 -0.000765752 3.1096e-20
-0.0187301 -0.000738534 1.20215e-20
-0.0186376 -0.000711284 2.15567e-20
-0.018545 -0.000684001 7.36343e-21
-0.0184524 -0.000656684 4.07027e-20
-0.0183596 -0.000629334 -7.39042e-21
-0.0182677 -0.000603076 2.8895e-20
-0.0181757 -0.000576874 -1.11461e-20
-0.0180838 -0.000550633 -1.49609e-20
-0.0179918 -0.000524344 -1.23064e-20
-0.0178999 -0.000498001 -1.48359e-21
-0.0178079 -0.000471596 6.43705e-21
-0.0177158 -0.000445122 -1.63128e-20
-0.0176454 -0.00041476 -4.669e-20
-0.0174943 -0.000371713 -8.0006e-20
-0.0172702 -0.000323772 -7.1307e-20
-0.0170332 -0.000275498 -7.77366e-20
-0.0167831 -0.000224063 -3.83166e-20
-0.0165261 -0.000173188 -9.61035e-20
-0.0163114 -0.000126216 -8.66248e-20
-0.0160981 -7.84985e-05 -6.67323e-20
-0.0158691 -2.90718e-05 -3.43627e-20
-0.0156446 1.98647e-05 -4.00702e-20
-0.0154259 6.82639e-05 -1.75244e-20
-0.0152251 0.000117232 -7.06816e-20
-0.0150246 0.000166216 -2.82561e-20
-0.0148284 0.000214601 -2.72999e-20
-0.0146715 0.000266231 -5.21184e-20
-0.014553 0.000318837 7.31673e-21
