-8.90758 1.45385e-15 -2.03833e-31
-17.8152 1.8763e-14 -1.27901e-17
-26.7227 2.85142e-14 3.91585e-17
-35.6303 3.82549e-14 -1.08858e-16
-44.5379 4.77249e-14 -2.15308e-17
-53.4455 5.82168e-14 2.27248e-16
-62.3531 6.88228e-14 1.535e-16
-71.2606 7.79759e-14 4.73059e-16
-80.1682 8.86837e-14 3.68317e-16
-89.0758 9.84493e-14 -4.19629e-17
-89.0758 9.7749e-14 -8.10588e-17
-90.1551 -0.132264 -2.3417e-16
-91.2498 -0.266427 1.84856e-16
-92.3603 -0.402527 -5.19566e-16
-93.4869 -0.540604 2.12e-16
-94.63 -0.680697 1.04386e-16
-95.7899 -0.822848 3.14077e-16
-96.9668 -0.9671 7.87497e-16
-98.1613 -1.1135 -2.66173e-16
-99.3736 -1.26208 2.48579e-16
-100.604 -1.4129 -5.0905e-16
-100.604 -1.4129 -5.90134e-16
-85.5414 0.43313 -7.74127e-16
-80.7232 1.02356 -3.89804e-16
-75.9035 1.61414 -1.44307e-16
-71.0823 2.20487 -2.33629e-16
-66.2595 2.79576 -2.09916e-16
-61.4352 3.38679 -6.89366e-16
-56.6095 3.97798 -5.1114e-16
-51.7821 4.56931 -6.50748e-16
-46.9533 5.1608 -4.70005e-16
-42.123 5.75244 -5.77388e-16
-37.2911 6.34423 -1.22154e-15
-32.4577 6.93617 -8.39593e-16
-27.6228 7.52826 -9.37843e-16
-22.7864 8.1205 -8.25103e-16
-27.2874 7.56933 -9.29413e-16
-31.7871 7.01829 -1.50238e-15
-36.2855 6.46738 -1.00811e-15
-40.7826 5.9166 -1.16205e-15
-45.2784 5.36596 -1.35448e-15
-49.7728 4.81544 -1.0187e-15
-54.266 4.26505 -3.01622e-16
-58.7578 3.7148 -4.43632e-16
-63.2483 3.16468 -2.84535e-16
-67.7375 2.61468 1.79995e-18
-72.2253 2.06482 -5.12561e-16
-76.7119 1.51509 -2.17049e-16
-81.1971 0.96549 1.73615e-16
-85.6811 0.41602 2.5983e-16
-90.1637 -0.13332 7.64694e-16
-94.645 -0.682528 -6.83584e-16
-99.125 -1.23161 6.04766e-16
-103.604 -1.78055 6.09405e-16
-108.081 -2.32937 -3.23885e-16
-112.557 -2.87806 3.44394e-16
-117.032 -3.42662 1.03596e-15
-121.505 -3.97504 4.72842e-16
-125.977 -4.52334 6.09064e-16
-130.448 -5.07151 2.02933e-16
-134.918 -5.61954 7.33731e-16
-139.386 -6.16745 7.58649e-16
-143.853 -6.71523 5.12273e-16
-148.318 -7.26288 1.15589e-15
-152.783 -7.8104 1.35712e-15
-157.246 -8.35779 7.61879e-16
-151.76 -7.68489 1.61507e-15
-146.271 -7.0118 3.65824e-16
-140.781 -6.33851 1.08524e-15
-135.289 -5.66503 8.7047e-16
-129.794 -4.99134 1.18896e-15
-124.298 -4.31747 1.96989e-16
-118.8 -3.64339 7.01992e-16
-113.3 -2.96912 1.03273e-15
-107.798 -2.29465 5.29966e-16
-102.294 -1.61998 2.89062e-16
-96.7875 -0.94512 3.91756e-16
-91.2794 -0.27006 5.13155e-16
-85.7694 0.405197 -1.61702e-16
-80.2573 1.08065 1.03933e-16
-74.7433 1.7563 -6.28412e-16
-69.2273 2.43215 -2.95525e-16
-63.7093 3.1082 -3.56005e-16
-58.1893 3.78445 -9.78841e-16
-52.6673 4.46089 -3.02164e-16
-47.1433 5.13753 -5.53987e-16
-41.6173 5.81437 -3.06209e-16
-36.0894 6.4914 -1.12952e-15
-30.5594 7.16864 -1.25141e-15
-25.0275 7.84607 -1.41081e-15
-27.3736 7.55878 -8.43786e-16
-29.7193 7.27152 -5.30659e-16
-32.0647 6.9843 -6.90677e-16
-34.4097 6.69712 -1.41873e-15
-36.7543 6.40997 -8.92041e-16
-39.0986 6.12285 -3.51639e-16
-41.4426 5.83577 -1.22699e-15
-43.7861 5.54873 -1.04031e-15
-46.1294 5.26172 -5.61496e-16
-48.4722 4.97475 -1.10074e-15
-50.8147 4.68782 -3.03436e-16
-53.1569 4.40092 -1.19432e-15
-55.4987 4.11405 -5.36759e-16
-57.8401 3.82722 -6.09475e-16
-60.1812 3.54043 -1.29175e-15
-62.5219 3.25367 -5.92697e-16
-64.8622 2.96695 -1.34878e-16
-67.2022 2.68026 -2.33074e-16
-69.5419 2.39361 -1.07605e-15
-71.8812 2.10699 -5.61807e-16
-74.2201 1.82041 -6.92301e-16
-76.5587 1.53387 -4.84844e-16
-78.8969 1.24736 -7.33187e-16
-81.2347 0.960882 -3.67511e-16
-83.5722 0.674444 -1.07839e-15
-85.9094 0.388041 -3.83375e-16
-88.2462 0.101673 2.90568e-16
-90.5826 -0.184659 4.16485e-16
-92.9187 -0.470956 -2.3512e-16
-95.2544 -0.757217 2.58746e-17
-97.5897 -1.04344 1.71083e-17
-99.9247 -1.32963 4.38855e-16
-102.259 -1.61579 -1.26134e-16
-104.594 -1.90191 -7.7296e-17
-106.928 -2.18799 -2.69757e-16
-109.261 -2.47404 -2.1576e-18
-111.594 -2.76005 1.87437e-16
-113.927 -3.04603 6.32109e-16
-116.26 -3.33197 1.20151e-15
-118.592 -3.61788 2.26856e-16
-120.924 -3.90375 1.04811e-15
-123.255 -4.18959 4.70429e-16
-125.586 -4.47539 3.66748e-16
-127.917 -4.76115 1.02403e-15
-130.247 -5.04688 1.23509e-15
-132.577 -5.33258 4.0949e-16
-134.907 -5.61824 4.88616e-16
-137.236 -5.90386 7.77652e-16
-139.565 -6.18945 1.22981e-15
-141.894 -6.475 1.28298e-15
-144.222 -6.76052 1.92799e-16
-146.55 -7.046 1.19785e-15
-148.878 -7.33145 3.10773e-16
-151.205 -7.61686 5.50291e-16
-153.532 -7.90224 4.94846e-16
-155.858 -8.18758 1.23236e-15
-158.184 -8.47289 1.44307e-15
-160.51 -8.75817 1.38351e-15
-151.173 -7.61292 8.3173e-16
-141.83 -6.4671 9.86137e-16
-132.481 -5.32071 9.59893e-16
-123.126 -4.17376 4.86936e-16
-113.766 -3.02623 8.32768e-16
-104.4 -1.87813 6.51349e-16
-95.028 -0.729467 5.86622e-16
-85.6504 0.419771 2.79816e-16
-76.2672 1.56958 3.17978e-17
-66.8782 2.71996 -1.99654e-16
-57.4834 3.87092 -7.86898e-16
-48.0829 5.02245 -5.43342e-16
-38.6766 6.17455 -8.56842e-16
-29.2645 7.32722 -8.39018e-16
-19.8466 8.48047 -9.8857e-16
-10.4231 9.63428 -1.74492e-15
-0.993978 10.7886 -1.50732e-15
-11.8802 9.45588 -1.97331e-15
-22.7587 8.12389 -2.12245e-15
-33.6296 6.79266 -1.14246e-15
-44.4927 5.46219 -8.1584e-16
-55.3481 4.13249 -9.90133e-16
-66.1959 2.80356 -6.03783e-16
-77.0359 1.47538 1.82875e-16
-87.8683 0.147974 6.23489e-16
-98.6931 -1.17867 7.62036e-17
-109.51 -2.50456 3.26405e-17
-120.32 -3.82969 1.20153e-15
-131.121 -5.15405 2.47253e-17
-141.916 -6.47766 1.94502e-15
-152.702 -7.80051 1.29004e-15
-163.481 -9.12261 1.5642e-15
-174.253 -10.444 1.86559e-15
-185.018 -11.7648 1.73707e-15
-176.426 -10.7105 1.92663e-15
-167.828 -9.65586 8.13112e-16
-159.226 -8.60069 1.18539e-15
-150.619 -7.54503 1.09326e-15
-142.007 -6.48889 7.5119e-16
-133.39 -5.43227 1.20037e-15
-124.769 -4.37517 9.0431e-16
-116.142 -3.31758 6.00822e-16
-107.511 -2.25951 2.93966e-16
-98.8749 -1.20095 6.94931e-17
-90.2338 -0.141911 1.42369e-16
-81.5878 0.917617 2.33309e-16
-72.9369 1.97763 2.89784e-16
-64.2812 3.03813 -1.44811e-16
-55.6206 4.09912 -7.10138e-16
-46.955 5.16059 -9.69419e-16
-38.2846 6.22255 -1.32919e-15
-29.6093 7.285 6.06969e-17
-20.929 8.34794 -6.56909e-16
-12.2439 9.41136 -1.57439e-15
-3.55379 10.4753 -1.73398e-15
-13.0964 9.30698 -1.25057e-15
-22.6331 8.13927 -6.58949e-16
-32.1638 6.97216 -3.90299e-16
-41.6887 5.80563 -4.76502e-16
-51.2076 4.63969 -9.46375e-16
-60.7206 3.47434 -7.48053e-16
-70.2278 2.30957 -7.04521e-16
-79.729 1.14539 2.86827e-16
-89.2243 -0.0181998 1.48561e-16
-98.7138 -1.18121 3.26584e-16
-108.197 -2.34363 -1.13138e-16
-117.675 -3.50547 2.91206e-16
-127.147 -4.66672 5.00529e-16
-136.613 -5.82739 1.2519e-15
-146.073 -6.98748 1.35965e-15
-155.527 -8.14698 1.47448e-15
-164.976 -9.30591 1.17529e-15
-174.418 -10.4642 1.33991e-15
-183.855 -11.622 1.6153e-15
-172.436 -10.2211 1.50033e-15
-161.01 -8.81944 3.66811e-16
-149.574 -7.41688 7.47593e-16
-138.13 -6.01346 9.84092e-16
-126.678 -4.60919 1.19908e-15
-115.216 -3.20407 1.11255e-15
-103.747 -1.79809 -2.45422e-16
-92.2684 -0.391261 -3.53928e-16
-80.7814 1.01643 -7.63744e-17
-69.2858 2.42498 -6.83319e-16
-57.7816 3.83438 -5.82953e-16
-46.2688 5.24465 -8.25625e-16
-34.7472 6.65578 -1.72974e-15
-23.2171 8.06776 -1.36882e-15
-11.6782 9.48061 -1.48638e-15
-0.130725 10.8943 -1.33366e-15
10.7431 12.3429 -2.16612e-15
13.5579 14.152 -2.07718e-15
11.6095 16.111 -3.53651e-15
4.83704 18.1769 -3.23429e-15
-8.8945 16.4966 -1.92477e-15
-22.6138 14.8176 -1.51251e-15
-36.3208 13.1397 -1.61556e-15
-50.0156 11.4631 -1.32477e-15
-63.6982 9.78769 -6.82996e-16
-77.3686 8.11349 -1.64043e-15
-91.0269 6.4405 1.14929e-16
-104.673 4.76872 -4.24426e-16
-118.307 3.09815 -3.47917e-16
-131.929 1.42878 -2.31731e-16
-145.538 -0.239378 -7.54883e-17
-159.136 -1.90633 7.65926e-16
-172.721 -3.57209 8.69568e-16
-186.295 -5.23664 1.34457e-15
-199.856 -6.89999 2.22959e-15
-213.405 -8.56215 1.53358e-15
-226.943 -10.2231 1.90281e-15
-255.287 -12.0831 2.4374e-15
-315.289 -14.3677 3.37173e-15
-324.809 -14.575 2.97934e-15
-308.924 -12.6253 2.48805e-15
-293.023 -10.6739 2.00458e-15
-277.105 -8.72084 1.80721e-15
-261.171 -6.76615 1.47291e-15
-245.219 -4.8098 9.92664e-16
-229.252 -2.85179 1.21308e-15
-213.267 -0.892114 8.85879e-16
-197.266 1.06922 2.00432e-16
-181.248 3.03223 9.35677e-16
-165.213 4.9969 -5.28506e-16
-149.162 6.96324 -1.00161e-15
-133.093 8.93125 -8.54557e-16
-117.008 10.9009 -5.96968e-16
-100.906 12.8723 -1.87267e-15
-84.7872 14.8453 -1.57434e-15
-68.9126 16.832 -2.16198e-15
-52.5092 20.3053 -3.7468e-15
-58.8863 19.5251 -3.41692e-15
-65.2607 18.7451 -2.70887e-15
-71.6325 17.9654 -2.41205e-15
-78.0016 17.1859 -2.63285e-15
-84.3681 16.4067 -2.51674e-15
-90.7319 15.6277 -2.84947e-15
-97.0931 14.849 -1.75328e-15
-103.452 14.0706 -1.41094e-15
-109.808 13.2925 -2.22884e-15
-116.161 12.5146 -1.67879e-15
-122.512 11.7369 -1.71689e-15
-128.86 10.9595 -1.25239e-15
-135.205 10.1824 -1.47235e-15
-141.548 9.40555 -1.07016e-15
-147.888 8.62896 -9.12357e-16
-154.226 7.85262 -1.93931e-15
-160.561 7.07654 -1.4582e-15
-166.893 6.30073 -1.10534e-15
-173.223 5.52517 -7.91486e-16
-179.55 4.74988 -7.37304e-16
-185.874 3.97484 -1.58299e-15
-192.196 3.20007 -7.74529e-16
-198.515 2.42555 3.24842e-17
-204.832 1.6513 5.13441e-16
-211.146 0.8773 2.16847e-16
-217.458 0.103563 -4.75971e-16
-223.766 -0.669915 3.16637e-16
-230.073 -1.44313 5.91317e-16
-236.376 -2.21609 7.95095e-16
-242.677 -2.9888 1.16152e-15
-248.976 -3.76124 4.64053e-16
-255.272 -4.53342 1.29848e-15
-261.565 -5.30535 1.05735e-15
-267.856 -6.07702 3.61417e-16
-274.144 -6.84844 6.94383e-16
-280.429 -7.6196 2.31283e-16
-286.712 -8.3905 1.00165e-15
-292.992 -9.16114 1.74948e-15
-299.27 -9.93153 1.41603e-15
-305.546 -10.7017 1.27964e-15
-311.961 -11.7638 2.69198e-15
-324.968 -13.069 2.6805e-15
-325.824 -13.3919 1.65518e-15
-314.869 -12.0471 3.20621e-15
-303.905 -10.7016 1.94781e-15
-292.934 -9.35526 1.93039e-15
-281.954 -8.00814 1.02578e-15
-270.967 -6.66024 1.24728e-15
-259.972 -5.31155 6.21971e-16
-248.969 -3.96207 6.6366e-16
-237.958 -2.6118 1.89097e-15
-226.939 -1.26074 3.43358e-16
-215.912 0.0911136 6.27083e-16
-204.877 1.44376 4.24127e-16
-193.835 2.79719 -2.48202e-17
-182.784 4.15142 -3.1335e-16
-171.725 5.50644 -2.15185e-16
-160.658 6.86226 -1.71257e-15
-149.584 8.21888 -1.24865e-15
-138.501 9.57628 -1.48994e-15
-127.41 10.9345 -8.89888e-16
-116.311 12.2935 -1.71293e-15
-105.205 13.6533 -2.00174e-15
-94.09 15.0139 -2.14171e-15
-82.9672 16.3753 -2.87726e-15
-72.7118 17.7848 -2.76766e-15
-52.4735 20.1006 -2.33852e-15
-39.8446 23.2686 -3.982e-15
-36.4634 26.2457 -4.6355e-15
-33.4942 28.9206 -5.83792e-15
-31.7652 31.7049 -4.63643e-15
-27.9326 34.6493 -6.67055e-15
-43.5469 32.7644 -5.79042e-15
-59.1474 30.8803 -5.10628e-15
-74.7343 28.997 -5.85232e-15
-90.3073 27.1145 -5.65305e-15
-105.867 25.2327 -4.85998e-15
-121.412 23.3516 -4.04129e-15
-136.944 21.4712 -4.50523e-15
-152.461 19.5914 -4.38863e-15
-167.965 17.7124 -4.03311e-15
-183.455 15.834 -4.67377e-15
-198.931 13.9562 -4.43366e-15
-214.392 12.0791 -2.87403e-15
-230.129 10.2104 -4.42182e-15
-246.044 8.34438 -3.11278e-15
-261.947 6.47592 -3.70977e-15
-277.211 4.27962 -2.21277e-15
-313.986 0.571614 -1.41849e-15
-327.586 -2.97121 -5.32173e-16
-329.693 -5.69372 -2.00416e-15
-332.099 -7.57722 -9.73317e-16
-334.74 -8.7664 -1.6252e-15
-337.333 -9.47792 -8.17794e-16
-339.635 -9.91515 4.00738e-15
-341.801 -10.4704 4.71045e-15
-327.935 -8.76599 5.48459e-15
-314.057 -7.05972 4.32788e-15
-300.169 -5.35156 3.62302e-15
-286.27 -3.64147 3.96551e-15
-272.359 -1.92943 3.0885e-15
-258.437 -0.215443 3.0537e-15
-244.504 1.50053 4.68698e-15
-230.559 3.2185 2.66073e-15
-216.603 4.93849 3.17344e-15
-202.636 6.66051 1.9044e-15
-188.657 8.38458 2.12694e-15
-174.666 10.1107 1.36642e-15
-160.719 11.8327 1.45037e-15
-147.033 13.5299 1.62886e-15
-133.338 15.2323 1.47376e-15
-119.634 16.9399 1.31447e-15
-103.795 19.1529 1.10158e-15
-76.9322 22.7693 -7.71131e-16
-47.7695 26.396 2.85385e-16
-20.3318 30.2873 -7.19431e-16
4.19312 34.1306 -2.17299e-15
18.4724 37.8439 -4.87135e-15
26.7417 41.5821 -6.45713e-15
39.504 45.5042 -6.08423e-15
52.6207 49.435 -6.53075e-15
65.0362 53.3365 -7.90907e-15
47.2361 51.1894 -7.56815e-15
29.4532 49.0434 -7.39421e-15
11.6877 46.8984 -6.85562e-15
-6.06029 44.7545 -6.48069e-15
-23.7908 42.6115 -5.93776e-15
-41.5038 40.4694 -6.12551e-15
-59.1991 38.3282 -5.47451e-15
-76.8767 36.1878 -6.35997e-15
-94.5366 34.0483 -5.21701e-15
-112.179 31.9096 -5.12795e-15
-129.803 29.7717 -3.8863e-15
-147.409 27.6345 -3.94506e-15
-164.997 25.498 -2.94152e-15
-202.501 21.718 -2.63887e-15
-250.308 17.2613 -2.65059e-15
-309.639 12.4252 -4.29591e-15
-342.898 6.51265 -5.47442e-15
-345.467 1.14883 1.36929e-16
-347.777 -2.9327 2.0821e-15
-349.998 -5.72794 3.86262e-15
-352.182 -7.58991 3.04262e-15
-337.754 -5.81923 3.56348e-15
-323.313 -4.04661 3.17708e-15
-308.861 -2.27198 3.60511e-15
-294.397 -0.495318 3.72785e-15
-279.921 1.28341 1.34373e-15
-265.433 3.06424 3.1034e-15
-250.934 4.84718 2.05928e-15
-236.422 6.63228 3.28107e-15
-221.897 8.41955 2.58967e-15
-207.361 10.209 1.55832e-15
-192.812 12.0007 1.82788e-15
-178.252 13.7946 1.98468e-15
-163.678 15.5908 3.36141e-16
-149.092 17.3893 1.37597e-15
-134.494 19.19 -1.08265e-15
-118.269 21.3326 -2.58307e-16
-88.4177 25.1176 -2.5349e-15
-58.4157 28.8975 -7.59132e-16
-25.8394 33.0514 -2.04988e-16
6.97372 37.096 -4.49674e-15
24.5327 40.9888 -7.24406e-15
46.9242 45.0724 -5.75327e-15
63.5966 49.1995 -5.83218e-15
78.8822 53.2829 -7.91504e-15
93.2258 57.3217 -7.84331e-15
80.7612 55.819 -8.03725e-15
68.3048 54.3169 -7.53487e-15
55.8568 52.8153 -7.58566e-15
43.4172 51.3143 -7.42271e-15
30.986 49.8138 -6.71344e-15
18.5633 48.3138 -6.6939e-15
6.14893 46.8143 -7.57316e-15
-6.25693 45.3152 -7.19252e-15
-18.6543 43.8166 -6.51918e-15
-31.0432 42.3184 -5.89007e-15
-43.4235 40.8207 -7.03251e-15
-55.7952 39.3234 -5.77622e-15
-68.1584 37.8264 -4.43311e-15
-80.5129 36.3299 -4.17854e-15
-92.8588 34.8337 -5.24155e-15
-105.196 33.3379 -4.75281e-15
-117.525 31.8425 -4.03345e-15
-129.844 30.3474 -3.1364e-15
-145.759 28.58 -4.41487e-15
-174.539 25.4764 -3.75819e-15
-205.342 22.2509 -1.38655e-15
-244.245 18.9197 -5.00902e-15
-284.661 15.4837 -5.27701e-15
-330.693 12.1257 -4.79563e-15
-352.803 7.44534 -1.89313e-15
-354.346 3.01548 -2.54862e-16
-355.684 -0.430777 -5.90605e-16
-356.995 -3.13517 2.07297e-15
-358.257 -5.16959 3.69215e-15
-359.5 -6.68139 2.985e-15
-346.604 -5.10035 9.45988e-16
-333.699 -3.51781 8.75931e-17
-320.784 -1.93371 1.45571e-15
-307.86 -0.348038 -9.00765e-16
-294.927 1.23924 -1.23821e-15
-281.985 2.82815 -7.13614e-16
-269.033 4.41872 -1.47194e-15
-256.071 6.01096 -7.09318e-16
-243.1 7.6049 -1.80366e-15
-230.119 9.20056 -1.79146e-15
-217.129 10.798 -3.21413e-15
-204.129 12.3971 -3.25031e-15
-191.12 13.998 -2.71179e-15
-178.1 15.6008 -3.12612e-15
-165.071 17.2053 -2.70761e-15
-152.032 18.8117 -3.66324e-15
-138.983 20.4198 -2.7618e-15
-123.273 22.5023 -3.08474e-15
-95.9826 25.9638 -2.47868e-15
-66.7558 29.4167 -3.40139e-15
-37.0464 33.1827 -2.28645e-15
-6.03464 36.8304 -4.01583e-15
18.7201 40.4956 -6.3743e-15
40.6208 44.2613 -8.02055e-15
61.3707 47.9107 -9.32852e-15
79.2949 51.5434 -9.5495e-15
93.9313 55.1983 -1.11574e-14
107.753 58.8139 -1.25895e-14
100.56 57.9471 -1.08433e-14
93.3699 57.0804 -1.12727e-14
86.1823 56.214 -1.07908e-14
78.9974 55.3477 -1.09948e-14
71.8153 54.4817 -1.04719e-14
64.6359 53.6158 -1.05023e-14
57.4593 52.7501 -9.69115e-15
50.2855 51.8847 -9.40074e-15
43.1144 51.0193 -9.93165e-15
35.9461 50.1542 -9.76442e-15
28.7806 49.2892 -9.7482e-15
21.6179 48.4244 -8.78973e-15
14.4579 47.5598 -9.14602e-15
7.30077 46.6953 -8.90086e-15
0.146402 45.831 -9.19116e-15
-7.00516 44.9668 -8.6584e-15
-14.1539 44.1028 -9.4793e-15
-21.2999 43.2389 -8.02776e-15
-28.443 42.3752 -7.65138e-15
-35.5833 41.5116 -7.42422e-15
-42.7208 40.6481 -6.29244e-15
-49.8555 39.7848 -7.06437e-15
-56.9873 38.9216 -7.43688e-15
-64.1163 38.0586 -7.58375e-15
-71.2424 37.1957 -5.74967e-15
-78.3657 36.3329 -7.3667e-15
-85.4861 35.4702 -7.1571e-15
-92.6037 34.6076 -8.05673e-15
-99.7184 33.7452 -7.12198e-15
-106.83 32.8829 -6.9045e-15
-113.939 32.0207 -6.48087e-15
-121.045 31.1586 -5.75999e-15
-132.148 29.9792 -6.24578e-15
-148.194 28.2451 -6.50397e-15
-165.787 26.312 -5.38948e-15
-183.462 24.4317 -4.56795e-15
-201.915 22.5791 -7.3798e-15
-223.384 20.5153 -1.06146e-14
-246.027 18.4814 -1.1107e-14
-269.219 16.5083 -1.09666e-14
-293.935 14.564 -1.18476e-14
-324.309 12.5803 -1.25109e-14
-353.704 10.539 -8.61432e-15
-359.784 7.50128 -3.62205e-15
-360.603 4.69255 -4.88842e-15
-361.322 2.28289 -2.96313e-15
-361.974 0.224859 -2.51064e-15
-362.586 -1.53123 -6.78843e-17
-363.211 -3.06551 4.11756e-16
-363.82 -4.35566 -7.38439e-16
-364.422 -5.4361 4.01245e-15
-365.021 -6.33719 1.28137e-15
-350.265 -4.52936 2.11624e-15
-335.497 -2.71959 7.22834e-16
-320.718 -0.907829 1.82983e-15
-305.926 0.905968 1.16476e-15
-291.122 2.72184 5.43168e-16
-276.306 4.53983 2.50023e-16
-261.477 6.35998 2.48011e-16
-246.636 8.18231 3.20539e-16
-231.783 10.0069 -1.23449e-15
-216.917 11.8337 5.63108e-16
-202.039 13.6628 1.21202e-16
-187.148 15.4942 -9.22265e-16
-172.244 17.328 -2.06195e-15
-157.328 19.1641 -1.51288e-15
-142.398 21.0026 -2.88539e-15
-121.873 23.771 -4.05878e-15
-88.3652 27.8228 -4.52568e-15
-53.8505 31.9872 -2.54261e-15
-17.069 36.2587 -2.48915e-15
13.4633 40.4597 -5.7775e-15
44.993 44.8757 -8.267e-15
69.4582 49.0804 -8.48072e-15
92.6224 53.1761 -1.06281e-14
110.008 57.3562 -9.27453e-15
125.887 61.3764 -8.07408e-15
139.385 64.9595 -7.68759e-15
151.784 68.3921 -1.06593e-14
161.74 70.9033 -8.36747e-15
164.765 70.3452 -1.00896e-14
167.639 69.8977 -8.53348e-15
170.355 69.5412 -8.13537e-15
153.431 67.5026 -7.35006e-15
136.523 65.465 -7.86995e-15
119.63 63.4284 -7.06869e-15
102.753 61.3928 -7.02825e-15
85.891 59.3581 -6.02544e-15
69.0445 57.3242 -5.24622e-15
52.2136 55.2911 -6.59245e-15
35.3982 53.2588 -5.07558e-15
18.5986 51.2272 -4.20736e-15
1.81473 49.1963 -3.99326e-15
-14.9533 47.1661 -3.14812e-15
-31.7054 45.1365 -4.23117e-15
-48.4415 43.1076 -4.07501e-15
-68.4261 40.8352 -3.5584e-15
-106.421 36.5486 -5.60669e-15
-151.983 32.2742 -5.55029e-15
-203.26 27.6229 -7.40841e-15
-264.122 23.0577 -9.21894e-15
-327.842 18.2015 -1.90743e-15
-357.914 11.5464 -2.09519e-16
-360.195 5.45903 -3.6775e-16
-362.117 0.926492 1.54152e-15
-363.902 -2.38444 3.41906e-15
-365.565 -4.82015 -3.85376e-15
-367.11 -6.75762 -2.23434e-15
-368.629 -8.15177 -2.71646e-15
-370.11 -9.14131 -8.92493e-16
-371.44 -9.79963 -4.1643e-16
-372.727 -10.2753 -2.5211e-15
-374.079 -10.4842 -4.50174e-16
-375.653 -10.2584 2.54695e-15
-375.585 -9.81916 -5.36914e-16
-375.145 -9.25371 -1.47823e-16
-374.372 -8.66014 7.63716e-16
-355.91 -6.56883 9.23737e-16
-337.43 -4.4751 -5.43529e-16
-318.932 -2.37892 1.89946e-16
-300.417 -0.28022 -9.01844e-16
-281.884 1.82103 1.66272e-15
-263.333 3.92489 -2.03675e-15
-244.94 5.94471 7.54433e-16
-226.557 7.96027 -2.32565e-15
-208.169 9.97884 -2.6191e-15
-189.778 12.001 -2.41491e-15
-171.381 14.0274 -1.58238e-15
-152.979 16.0586 -9.73104e-16
-134.571 18.095 -2.72309e-15
-120.487 20.4306 -5.0598e-15
-90.2606 23.7419 -7.62257e-15
-45.4488 27.4297 -6.95342e-15
1.95992 31.1431 -7.448e-15
51.9626 35.0996 -4.41569e-15
103.37 39.0131 -8.86084e-15
146.315 42.6263 -8.13171e-15
164.428 43.8671 -6.26879e-15
168.455 43.5989 -3.47124e-15
172.289 43.4114 -3.59872e-15
175.911 43.3136 -1.72519e-15
179.025 43.5565 -5.39163e-15
182.076 43.8043 -1.98211e-15
184.994 44.0759 -1.78186e-15
186.883 45.1842 -3.47939e-15
187.849 46.9367 1.03151e-15
