-3.38852e-13 -0.0679203
-3.41786e-13 -0.135841
-3.43455e-13 -0.203761
-3.45103e-13 -0.271681
-3.46729e-13 -0.339601
-3.48515e-13 -0.407522
-3.50243e-13 -0.475442
-3.51809e-13 -0.543362
-3.53679e-13 -0.611283
-3.5519e-13 -0.679203
-3.5519e-13 -0.679203
0.0840528 -0.679205
0.169312 -0.679212
0.255803 -0.679224
0.343549 -0.679241
0.432577 -0.679263
0.522913 -0.679291
0.614584 -0.679324
0.707617 -0.679363
0.802042 -0.679409
0.897888 -0.679461
0.897888 -0.679461
-0.275251 -0.679227
-0.650464 -0.679338
-1.02577 -0.67954
-1.40118 -0.679832
-1.77668 -0.680214
-2.15228 -0.680687
-2.52797 -0.68125
-2.90376 -0.681904
-3.27964 -0.682648
-3.65562 -0.683483
-4.0317 -0.684409
-4.40787 -0.685426
-4.78414 -0.686534
-5.1605 -0.687732
-4.81024 -0.686614
-4.46006 -0.685574
-4.10996 -0.684613
-3.75995 -0.683731
-3.41002 -0.682927
-3.06017 -0.682202
-2.7104 -0.681556
-2.36072 -0.680988
-2.01112 -0.680498
-1.66161 -0.680087
-1.31218 -0.679754
-0.962827 -0.6795
-0.61356 -0.679324
-0.264377 -0.679225
0.0847234 -0.679205
0.433741 -0.679263
0.782675 -0.679399
1.13153 -0.679613
1.4803 -0.679905
1.82898 -0.680274
2.17758 -0.680722
2.5261 -0.681247
2.87454 -0.681849
3.2229 -0.68253
3.57117 -0.683288
3.91936 -0.684123
4.26746 -0.685036
4.61549 -0.686026
4.96343 -0.687093
5.31129 -0.688238
4.88367 -0.686842
4.45593 -0.685562
4.02806 -0.6844
3.60007 -0.683354
3.17195 -0.682425
2.74371 -0.681614
2.31534 -0.68092
1.88685 -0.680343
1.45823 -0.679884
1.02949 -0.679542
0.600616 -0.679319
0.171621 -0.679212
-0.257499 -0.679224
-0.686745 -0.679354
-1.11612 -0.679602
-1.54561 -0.679968
-1.97523 -0.680453
-2.40498 -0.681055
-2.83485 -0.681777
-3.26485 -0.682617
-3.69498 -0.683576
-4.12523 -0.684653
-4.5556 -0.68585
-4.9861 -0.687166
-4.80353 -0.686593
-4.62098 -0.686042
-4.43846 -0.685513
-4.25595 -0.685004
-4.07347 -0.684518
-3.89102 -0.684052
-3.70858 -0.683608
-3.52617 -0.683185
-3.34378 -0.682784
-3.16141 -0.682404
-2.97906 -0.682045
-2.79674 -0.681708
-2.61444 -0.681392
-2.43216 -0.681098
-2.24991 -0.680824
-2.06768 -0.680572
-1.88547 -0.680342
-1.70328 -0.680132
-1.52112 -0.679944
-1.33897 -0.679777
-1.15686 -0.679632
-0.974758 -0.679507
-0.792684 -0.679404
-0.610632 -0.679322
-0.428603 -0.679262
-0.246596 -0.679222
-0.0646123 -0.679204
0.117349 -0.679207
0.299288 -0.679232
0.481205 -0.679277
0.663099 -0.679344
0.84497 -0.679432
1.02682 -0.679541
1.20865 -0.679671
1.39045 -0.679822
1.57223 -0.679995
1.75399 -0.680188
1.93573 -0.680403
2.11744 -0.680639
2.29913 -0.680896
2.4808 -0.681174
2.66245 -0.681473
2.84407 -0.681794
3.02567 -0.682135
3.20725 -0.682498
3.3888 -0.682881
3.57034 -0.683286
3.75185 -0.683711
3.93334 -0.684158
4.1148 -0.684626
4.29625 -0.685115
4.47767 -0.685625
4.65907 -0.686155
4.84044 -0.686707
5.0218 -0.68728
5.20313 -0.687874
5.38444 -0.688489
5.56573 -0.689125
4.83793 -0.686699
4.10978 -0.684613
3.38126 -0.682865
2.65238 -0.681456
1.92314 -0.680388
1.19354 -0.679659
0.46357 -0.679272
-0.266761 -0.679226
-0.997455 -0.679522
-1.72851 -0.68016
-2.45993 -0.681141
-3.19172 -0.682466
-3.92387 -0.684134
-4.65638 -0.686147
-5.38925 -0.688505
-6.12248 -0.691209
-6.85607 -0.694258
-6.00912 -0.690768
-5.16265 -0.68774
-4.31667 -0.685171
-3.47117 -0.683062
-2.62616 -0.681412
-1.78164 -0.68022
-0.937594 -0.679485
-0.094036 -0.679206
0.749037 -0.679383
1.59163 -0.680014
2.43373 -0.6811
3.27535 -0.682639
4.11649 -0.68463
4.95715 -0.687073
5.79732 -0.689967
6.63706 -0.693312
7.47637 -0.697106
6.80644 -0.694041
6.1362 -0.691263
5.46565 -0.688771
4.79479 -0.686566
4.12363 -0.684649
3.45216 -0.68302
2.78038 -0.681679
2.10829 -0.680627
1.4359 -0.679863
0.763195 -0.67939
0.090183 -0.679206
-0.583138 -0.679312
-1.25677 -0.679709
-1.93071 -0.680397
-2.60495 -0.681376
-3.27951 -0.682648
-3.95437 -0.684211
-4.62955 -0.686068
-5.30503 -0.688217
-5.98082 -0.69066
-6.65692 -0.693396
-5.91449 -0.690407
-5.17243 -0.687772
-4.43074 -0.685491
-3.68942 -0.683563
-2.94848 -0.681987
-2.20791 -0.680764
-1.46771 -0.679893
-0.727888 -0.679373
0.0115658 -0.679203
0.750647 -0.679383
1.48936 -0.679913
2.22769 -0.680792
2.96566 -0.68202
3.70325 -0.683595
4.44048 -0.685518
5.17733 -0.687788
5.91381 -0.690404
6.64992 -0.693367
7.38565 -0.696674
6.49543 -0.692716
5.60466 -0.689264
4.71335 -0.686318
3.8215 -0.68388
2.9291 -0.681951
2.03616 -0.680531
1.14267 -0.679621
0.248643 -0.679223
-0.645932 -0.679337
-1.54105 -0.679964
-2.43672 -0.681105
-3.33293 -0.682761
-4.22968 -0.684933
-5.12698 -0.687622
-6.02483 -0.690829
-6.92322 -0.694555
-7.82213 -0.69961
-8.72151 -0.714645
-9.6211 -0.73528
-10.521 -0.76122
-9.45327 -0.754381
-8.3863 -0.748277
-7.32009 -0.742906
-6.25465 -0.738267
-5.18998 -0.734357
-4.12608 -0.731175
-3.06294 -0.72872
-2.00057 -0.72699
-0.938973 -0.725983
0.121862 -0.725698
1.18193 -0.726134
2.24123 -0.727288
3.29977 -0.72916
4.35754 -0.731747
5.41455 -0.735048
6.4708 -0.739062
7.52629 -0.743787
8.58116 -0.755105
9.63536 -0.779737
10.6889 -0.80897
9.44996 -0.800975
8.20997 -0.793958
6.96892 -0.787921
5.72682 -0.782867
4.48366 -0.778798
3.23944 -0.775717
1.99417 -0.773627
0.747829 -0.772529
-0.499565 -0.772427
-1.74802 -0.773323
-2.99754 -0.775219
-4.24811 -0.778118
-5.49975 -0.782023
-6.75244 -0.786936
-8.0062 -0.79286
-9.261 -0.799994
-10.5166 -0.821786
-10.0208 -0.818524
-9.52512 -0.81542
-9.02965 -0.812474
-8.53434 -0.809687
-8.0392 -0.807058
-7.54423 -0.804586
-7.04942 -0.802272
-6.55478 -0.800116
-6.0603 -0.798117
-5.56599 -0.796276
-5.07184 -0.794591
-4.57786 -0.793063
-4.08405 -0.791693
-3.5904 -0.790478
-3.09691 -0.78942
-2.60359 -0.788519
-2.11044 -0.787773
-1.61745 -0.787184
-1.12462 -0.78675
-0.631965 -0.786472
-0.139472 -0.78635
0.352856 -0.786383
0.84502 -0.786571
1.33702 -0.786914
1.82885 -0.787412
2.32052 -0.788064
2.81202 -0.788872
3.30336 -0.789833
3.79453 -0.790949
4.28554 -0.792219
4.77639 -0.793643
5.26707 -0.795221
5.75758 -0.796952
6.24794 -0.798837
6.73812 -0.800875
7.22815 -0.803067
7.71801 -0.805411
8.2077 -0.807908
8.69724 -0.810558
9.18661 -0.813361
9.67582 -0.814719
10.1649 -0.817998
10.6538 -0.82818
9.79927 -0.82258
8.94427 -0.817445
8.08877 -0.812775
7.23276 -0.808572
6.37625 -0.804836
5.51924 -0.801568
4.66173 -0.79877
3.80371 -0.796441
2.94519 -0.794583
2.08616 -0.793196
1.22663 -0.792282
0.3666 -0.791841
-0.493937 -0.791874
-1.35498 -0.792382
-2.21653 -0.793365
-3.07858 -0.794825
-3.94113 -0.796762
-4.80419 -0.799178
-5.66776 -0.802072
-6.53182 -0.805447
-7.39639 -0.809302
-8.26147 -0.813638
-9.12704 -0.819497
-9.99312 -0.826326
-10.8594 -0.846197
-11.7257 -0.877397
-12.5922 -0.91169
-13.4591 -0.947318
-14.3262 -0.982178
-13.1222 -0.971628
-11.9191 -0.962016
-10.717 -0.953339
-9.51593 -0.945594
-8.3158 -0.93878
-7.11664 -0.932895
-5.91846 -0.927935
-4.72125 -0.923899
-3.52501 -0.920784
-2.32975 -0.918589
-1.13546 -0.91731
0.0578645 -0.916946
1.25022 -0.917646
2.4416 -0.919359
3.63201 -0.92198
4.82147 -0.923625
6.00996 -0.929337
7.19751 -0.940266
8.38414 -0.965271
9.57006 -0.996111
10.7557 -1.03292
11.9412 -1.07311
13.1261 -1.11959
14.3104 -1.16399
13.2212 -1.15442
12.1311 -1.1456
11.0402 -1.13753
9.94844 -1.13023
8.8559 -1.12368
7.76253 -1.1179
6.66835 -1.11288
5.57334 -1.10863
4.47751 -1.10514
3.38086 -1.10242
2.28339 -1.10047
1.1851 -1.09929
0.0859805 -1.09893
-1.01396 -1.09952
-2.11472 -1.1009
-3.2163 -1.10305
-4.3187 -1.1075
-5.42192 -1.11438
-6.52595 -1.12186
-7.63076 -1.13426
-8.73611 -1.1514
-9.84191 -1.17831
-10.9482 -1.21046
-12.0547 -1.24163
-13.1617 -1.27398
-14.2691 -1.30806
-12.8961 -1.29615
-11.5243 -1.28546
-10.1538 -1.27598
-8.78453 -1.26771
-7.41656 -1.26065
-6.04985 -1.2548
-4.68441 -1.25016
-3.32024 -1.24671
-1.95733 -1.24445
-0.595684 -1.24339
0.764697 -1.24351
2.12382 -1.24483
3.48168 -1.24732
4.8383 -1.25368
6.19367 -1.26193
7.54792 -1.27448
8.90148 -1.29409
10.2543 -1.3268
11.6064 -1.36171
12.9581 -1.39997
14.3091 -1.44089
13.1763 -1.43094
12.0427 -1.42181
10.9082 -1.4135
9.77285 -1.40601
8.63659 -1.39934
7.49943 -1.3935
6.36139 -1.38848
5.22247 -1.38429
4.08265 -1.38093
2.94194 -1.37841
1.80035 -1.37671
0.657867 -1.37586
-0.485507 -1.37584
-1.62977 -1.37666
-2.77492 -1.37832
-3.92096 -1.3816
-5.06788 -1.38665
-6.21568 -1.39435
-7.36423 -1.40442
-8.51328 -1.41624
-9.66291 -1.44172
-10.8131 -1.46663
-11.9638 -1.49662
-13.1149 -1.52893
-14.2665 -1.56326
-13.3048 -1.55479
-12.3438 -1.54691
-11.3834 -1.53964
-10.4236 -1.53296
-9.46446 -1.52687
-8.50592 -1.52138
-7.54801 -1.51648
-6.59072 -1.51217
-5.63405 -1.50846
-4.678 -1.50533
-3.72257 -1.50279
-2.76776 -1.50084
-1.81358 -1.49947
-0.860012 -1.49869
0.0929348 -1.49849
1.04526 -1.49887
1.99697 -1.49984
2.94806 -1.50138
3.89854 -1.50425
4.8484 -1.50827
5.79766 -1.51262
6.74635 -1.52044
7.6947 -1.52843
8.64272 -1.53939
9.59034 -1.55789
10.5376 -1.57784
11.4844 -1.59933
12.431 -1.62465
13.3774 -1.65136
14.3234 -1.67943
13.3114 -1.67049
12.2988 -1.66221
11.2854 -1.65457
10.2714 -1.6476
9.2566 -1.64127
8.24112 -1.63561
7.22494 -1.6306
6.20804 -1.62626
5.19044 -1.62257
4.17213 -1.61955
3.15311 -1.61719
2.13338 -1.6155
1.11293 -1.61447
0.0917828 -1.61412
-0.93008 -1.61443
-1.95265 -1.61541
-2.97593 -1.61707
-3.99992 -1.62022
-5.02462 -1.62468
-6.05001 -1.62965
-7.076 -1.6379
-8.10237 -1.64671
-9.1292 -1.66189
-10.1565 -1.68205
-11.1843 -1.70426
-12.2124 -1.72943
-13.2409 -1.75782
-14.2697 -1.78786
-13.7147 -1.78289
-13.1599 -1.77813
-12.6053 -1.77356
-12.0509 -1.76919
-11.4967 -1.76503
-10.9428 -1.76106
-10.389 -1.75728
-9.83543 -1.75371
-9.28207 -1.75034
-8.72893 -1.74716
-8.17598 -1.74418
-7.62325 -1.7414
-7.07072 -1.73881
-6.5184 -1.73642
-5.96629 -1.73423
-5.41438 -1.73223
-4.86269 -1.73043
-4.31119 -1.72883
-3.75991 -1.72742
-3.20883 -1.72621
-2.65796 -1.72519
-2.10729 -1.72437
-1.55683 -1.72375
-1.00658 -1.72331
-0.456536 -1.72307
0.0933028 -1.72303
0.642936 -1.72318
1.19236 -1.72352
1.74158 -1.72406
2.2906 -1.72479
2.83941 -1.72572
3.38801 -1.72683
3.93641 -1.7289
4.48461 -1.73126
5.0326 -1.73352
5.5804 -1.73597
6.12799 -1.7389
6.67541 -1.74262
7.22274 -1.74683
7.76999 -1.75143
8.31711 -1.75687
8.8641 -1.76503
9.41096 -1.77249
9.95769 -1.78265
10.5043 -1.79398
11.0508 -1.80572
11.5971 -1.81787
12.1434 -1.83056
12.6895 -1.84517
13.2356 -1.86026
13.7816 -1.87582
14.3275 -1.89183
13.1701 -1.88165
12.0117 -1.87233
10.8524 -1.86386
9.69224 -1.85625
8.53112 -1.8495
7.36907 -1.84361
6.2061 -1.83859
5.0422 -1.83442
3.87736 -1.83113
2.71161 -1.82871
1.54492 -1.82716
0.3773 -1.82648
-0.791247 -1.82667
-1.96072 -1.82775
-3.13113 -1.8297
-4.30246 -1.83397
-5.47471 -1.83886
-6.64784 -1.8458
-7.82154 -1.85454
-8.9958 -1.86984
-10.1707 -1.88809
-11.3462 -1.91308
-12.5222 -1.94044
-13.6986 -1.97294
-14.8756 -2.00914
-16.0531 -2.05283
-17.2312 -2.10015
-18.4099 -2.14836
-19.5892 -2.19546
-20.7692 -2.24347
-21.9497 -2.29323
-20.6455 -2.27539
-19.3425 -2.25865
-18.0406 -2.24301
-16.7399 -2.22848
-15.4403 -2.21504
-14.1419 -2.2027
-12.8445 -2.19145
-11.5484 -2.18129
-10.2533 -2.17222
-8.95943 -2.16423
-7.66668 -2.15732
-6.37506 -2.15149
-5.08458 -2.14673
-3.79524 -2.14381
-2.50702 -2.14256
-1.21993 -2.14445
0.066172 -2.14774
1.35141 -2.15616
2.63581 -2.16525
3.91941 -2.18008
5.20224 -2.20098
6.48436 -2.22587
7.76581 -2.25506
9.04658 -2.28566
10.3267 -2.31628
11.6061 -2.3491
12.8847 -2.38467
14.1625 -2.42764
15.4397 -2.47323
16.7161 -2.52257
17.9918 -2.57717
19.2668 -2.63454
20.5411 -2.69491
21.8147 -2.7577
20.5062 -2.73918
19.1964 -2.72176
17.8855 -2.70542
16.5734 -2.69017
15.26 -2.67602
13.9455 -2.66296
12.6299 -2.65112
11.313 -2.6404
9.99489 -2.6308
8.67563 -2.62231
7.35517 -2.61495
6.03351 -2.6087
4.71066 -2.60359
3.38661 -2.60438
2.06137 -2.60613
0.734952 -2.60508
-0.592545 -2.60549
-1.92098 -2.60858
-3.25032 -2.61306
-4.58051 -2.62538
-5.91153 -2.64056
-7.24334 -2.65562
-8.57589 -2.67323
-9.9092 -2.69333
-11.2433 -2.71711
-12.5781 -2.74273
-13.9136 -2.77056
-15.25 -2.80484
-16.587 -2.84614
