-4.45379e-05 1.89001e-20 -2.64983e-36
-8.90758e-05 2.43919e-19 -1.66272e-22
-0.000133614 3.70684e-19 5.09061e-22
-0.000178152 4.97313e-19 -1.41516e-21
-0.00022269 6.20424e-19 -2.79901e-22
-0.000267227 7.56818e-19 2.95423e-21
-0.000311765 8.94696e-19 1.99549e-21
-0.000356303 1.01369e-18 6.14977e-21
-0.000400841 1.15289e-18 4.78812e-21
-0.000445379 1.27984e-18 -5.45518e-22
-0.000445379 1.27074e-18 -1.05376e-21
-0.000439983 -1.71944e-06 -3.04421e-21
-0.000434509 -3.46356e-06 2.40313e-21
-0.000428956 -5.23286e-06 -6.75436e-21
-0.000423322 -7.02785e-06 2.756e-21
-0.000417606 -8.84906e-06 1.35702e-21
-0.000411806 -1.0697e-05 4.083e-21
-0.00040592 -1.25723e-05 1.02375e-20
-0.000399946 -1.44755e-05 -3.46025e-21
-0.000393883 -1.64071e-05 3.23153e-21
-0.000387729 -1.83677e-05 -6.61765e-21
-0.000387729 -1.83677e-05 -7.67174e-21
-0.00046305 5.6307e-06 -1.00636e-20
-0.000487138 1.33063e-05 -5.06745e-21
-0.00051123 2.09838e-05 -1.87599e-21
-0.000535327 2.86634e-05 -3.03718e-21
-0.000559428 3.63448e-05 -2.72891e-21
-0.000583535 4.40283e-05 -8.96176e-21
-0.000607646 5.17137e-05 -6.64482e-21
-0.000631762 5.94011e-05 -8.45972e-21
-0.000655882 6.70904e-05 -6.11007e-21
-0.000680008 7.47817e-05 -7.50604e-21
-0.000704138 8.2475e-05 -1.588e-20
-0.000728273 9.01702e-05 -1.09147e-20
-0.000752412 9.78674e-05 -1.2192e-20
-0.000776556 0.000105567 -1.07263e-20
-0.000754086 9.84013e-05 -1.20824e-20
-0.000731621 9.12378e-05 -1.95309e-20
-0.000709159 8.4076e-05 -1.31054e-20
-0.000686702 7.69158e-05 -1.51067e-20
-0.000664248 6.97574e-05 -1.76082e-20
-0.000641799 6.26007e-05 -1.32431e-20
-0.000619354 5.54457e-05 -3.92108e-21
-0.000596913 4.82924e-05 -5.76721e-21
-0.000574476 4.11408e-05 -3.69896e-21
-0.000552043 3.39909e-05 2.33993e-23
-0.000529614 2.68427e-05 -6.6633e-21
-0.000507189 1.96962e-05 -2.82164e-21
-0.000484769 1.25514e-05 2.257e-21
-0.000462352 5.40826e-06 3.37779e-21
-0.00043994 -1.73315e-06 9.94102e-21
-0.000417531 -8.87287e-06 -8.8866e-21
-0.000395127 -1.60109e-05 7.86196e-21
-0.000372727 -2.31472e-05 7.92226e-21
-0.000350331 -3.02818e-05 -4.21051e-21
-0.000327939 -3.74148e-05 4.47713e-21
-0.000305551 -4.4546e-05 1.34675e-20
-0.000283167 -5.16755e-05 6.14695e-21
-0.000260787 -5.88034e-05 7.91783e-21
-0.000238412 -6.59296e-05 2.63813e-21
-0.00021604 -7.3054e-05 9.5385e-21
-0.000193673 -8.01768e-05 9.86243e-21
-0.000171309 -8.7298e-05 6.65956e-21
-0.00014895 -9.44174e-05 1.50266e-20
-0.000126594 -0.000101535 1.76426e-20
-0.000104243 -0.000108651 9.90443e-21
-0.000131719 -9.99036e-05 2.09959e-20
-0.000159201 -9.11534e-05 4.75572e-21
-0.000186689 -8.24007e-05 1.41081e-20
-0.000214183 -7.36453e-05 1.13161e-20
-0.000241684 -6.48875e-05 1.54565e-20
-0.000269191 -5.6127e-05 2.56086e-21
-0.000296703 -4.73641e-05 9.1259e-21
-0.000324223 -3.85985e-05 1.34255e-20
-0.000351748 -2.98304e-05 6.88956e-21
-0.000379279 -2.10598e-05 3.75781e-21
-0.000406817 -1.22866e-05 5.09283e-21
-0.000434361 -3.51078e-06 6.67101e-21
-0.000461911 5.26757e-06 -2.10212e-21
-0.000489467 1.40485e-05 1.35112e-21
-0.000517029 2.2832e-05 -8.16935e-21
-0.000544597 3.1618e-05 -3.84182e-21
-0.000572172 4.04066e-05 -4.62807e-21
-0.000599753 4.91978e-05 -1.27249e-20
-0.00062734 5.79916e-05 -3.92814e-21
-0.000654933 6.67879e-05 -7.20183e-21
-0.000682533 7.55868e-05 -3.98071e-21
-0.000710139 8.43883e-05 -1.46838e-20
-0.00073775 9.31923e-05 -1.62683e-20
-0.000765369 0.000101999 -1.83406e-20
-0.000753656 9.82641e-05 -1.09692e-20
-0.000741945 9.45298e-05 -6.89857e-21
-0.000730235 9.07959e-05 -8.9788e-21
-0.000718526 8.70625e-05 -1.84435e-20
-0.000706818 8.33296e-05 -1.15965e-20
-0.000695111 7.95971e-05 -4.57131e-21
-0.000683406 7.58651e-05 -1.59509e-20
-0.000671701 7.21335e-05 -1.3524e-20
-0.000659998 6.84024e-05 -7.29944e-21
-0.000648296 6.46718e-05 -1.43096e-20
-0.000636594 6.09416e-05 -3.94467e-21
-0.000624894 5.72119e-05 -1.55262e-20
-0.000613195 5.34827e-05 -6.97786e-21
-0.000601498 4.97539e-05 -7.92317e-21
-0.000589801 4.60256e-05 -1.67928e-20
-0.000578105 4.22977e-05 -7.70506e-21
-0.000566411 3.85703e-05 -1.75341e-21
-0.000554717 3.48434e-05 -3.02996e-21
-0.000543025 3.11169e-05 -1.39887e-20
-0.000531334 2.73909e-05 -7.3035e-21
-0.000519644 2.36653e-05 -8.99992e-21
-0.000507955 1.99403e-05 -6.30297e-21
-0.000496267 1.62156e-05 -9.53143e-21
-0.000484581 1.24915e-05 -4.77765e-21
-0.000472895 8.76777e-06 -1.4019e-20
-0.000461211 5.04453e-06 -4.98387e-21
-0.000449527 1.32175e-06 3.77738e-21
-0.000437845 -2.40057e-06 5.41431e-21
-0.000426164 -6.12242e-06 -3.05656e-21
-0.000414484 -9.84382e-06 3.3637e-22
-0.000402805 -1.35648e-05 2.22408e-22
-0.000391127 -1.72852e-05 5.70511e-21
-0.00037945 -2.10052e-05 -1.63974e-21
-0.000367775 -2.47248e-05 -1.00485e-21
-0.0003561 -2.84439e-05 -3.50685e-21
-0.000344427 -3.21625e-05 -2.80488e-23
-0.000332755 -3.58807e-05 2.43668e-21
-0.000321084 -3.95984e-05 8.21741e-21
-0.000309414 -4.33156e-05 1.56196e-20
-0.000297745 -4.70324e-05 2.94912e-21
-0.000286077 -5.07488e-05 1.36254e-20
-0.00027441 -5.44646e-05 6.11558e-21
-0.000262745 -5.818e-05 4.76773e-21
-0.00025108 -6.1895e-05 1.33123e-20
-0.000239417 -6.56095e-05 1.60561e-20
-0.000227754 -6.93235e-05 5.32337e-21
-0.000216093 -7.30371e-05 6.35201e-21
-0.000204433 -7.67502e-05 1.01095e-20
-0.000192774 -8.04628e-05 1.59876e-20
-0.000181117 -8.4175e-05 1.66787e-20
-0.00016946 -8.78868e-05 2.50639e-21
-0.000157804 -9.15981e-05 1.55721e-20
-0.00014615 -9.53089e-05 4.04005e-21
-0.000134496 -9.90192e-05 7.15379e-21
-0.000122844 -0.000102729 6.433e-21
-0.000111193 -0.000106439 1.60207e-20
-9.95428e-05 -0.000110148 1.87599e-20
-8.78936e-05 -0.000113856 1.79856e-20
-0.000134657 -9.89679e-05 1.08125e-20
-0.000181439 -8.40723e-05 1.28198e-20
-0.000228239 -6.91693e-05 1.24786e-20
-0.000275056 -5.42588e-05 6.33016e-21
-0.000321892 -3.9341e-05 1.0826e-20
-0.000368745 -2.44157e-05 8.46753e-21
-0.000415616 -9.48307e-06 7.62608e-21
-0.000462505 5.45702e-06 3.63761e-21
-0.000509412 2.04046e-05 4.13372e-22
-0.000556337 3.53595e-05 -2.5955e-21
-0.00060328 5.03219e-05 -1.02297e-20
-0.00065024 6.52918e-05 -7.06344e-21
-0.000697219 8.02691e-05 -1.11389e-20
-0.000744216 9.52539e-05 -1.09072e-20
-0.00079123 0.000110246 -1.28514e-20
-0.000838262 0.000125246 -2.2684e-20
-0.000885312 0.000140252 -1.95951e-20
-0.000830991 0.000122926 -2.5653e-20
-0.000776694 0.000105611 -2.75918e-20
-0.000722421 8.83045e-05 -1.4852e-20
-0.000668172 7.10085e-05 -1.06059e-20
-0.000613948 5.37224e-05 -1.28717e-20
-0.000559747 3.64462e-05 -7.84918e-21
-0.000505569 1.918e-05 2.37737e-21
-0.000451416 1.92366e-06 8.10535e-21
-0.000397287 -1.53228e-05 9.90647e-22
-0.000343181 -3.25593e-05 4.24326e-22
-0.0002891 -4.97859e-05 1.56198e-20
-0.000235042 -6.70027e-05 3.21429e-22
-0.000181008 -8.42096e-05 2.52853e-20
-0.000126998 -0.000101407 1.67706e-20
-7.30112e-05 -0.000118594 2.03346e-20
-1.90455e-05 -0.000135772 2.42527e-20
3.48998e-05 -0.000152942 2.25818e-20
-8.15978e-06 -0.000139237 2.50461e-20
-5.12345e-05 -0.000125526 1.05705e-20
-9.43243e-05 -0.000111809 1.541e-20
-0.000137429 -9.80854e-05 1.42124e-20
-0.000180549 -8.43556e-05 9.76547e-21
-0.000223685 -7.06196e-05 1.56048e-20
-0.000266835 -5.68772e-05 1.1756e-20
-0.000310001 -4.31286e-05 7.81069e-21
-0.000353182 -2.93736e-05 3.82155e-21
-0.000396378 -1.56124e-05 9.03411e-22
-0.000439589 -1.84484e-06 1.8508e-21
-0.000482816 1.1929e-05 3.03302e-21
-0.000526057 2.57092e-05 3.76719e-21
-0.000569314 3.94957e-05 -1.88254e-21
-0.000612586 5.32885e-05 -9.23179e-21
-0.000655874 6.70877e-05 -1.26024e-20
-0.000699176 8.08932e-05 -1.72795e-20
-0.000742494 9.4705e-05 7.89059e-22
-0.000785828 0.000108523 -8.53981e-21
-0.000829176 0.000122348 -2.0467e-20
-0.00087254 0.000136179 -2.25418e-20
-0.000824921 0.000120991 -1.62574e-20
-0.000777321 0.000105811 -8.56633e-21
-0.00072974 9.06381e-05 -5.07389e-21
-0.000682177 7.54732e-05 -6.19453e-21
-0.000634632 6.0316e-05 -1.23029e-20
-0.000587105 4.51664e-05 -9.72468e-21
-0.000539597 3.00244e-05 -9.15877e-21
-0.000492108 1.48901e-05 3.72875e-21
-0.000444636 -2.36598e-07 1.9313e-21
-0.000397184 -1.53557e-05 4.24559e-21
-0.000349749 -3.04672e-05 -1.47079e-21
-0.000302333 -4.55711e-05 3.78568e-21
-0.000254935 -6.06674e-05 6.50688e-21
-0.000207555 -7.57561e-05 1.62747e-20
-0.000160194 -9.08372e-05 1.76754e-20
-0.000112851 -0.000105911 1.91683e-20
-6.55258e-05 -0.000120977 1.52787e-20
-1.82193e-05 -0.000136035 1.74189e-20
2.9069e-05 -0.000151086 2.09988e-20
-2.81479e-05 -0.000132875 1.95043e-20
-8.53915e-05 -0.000114653 4.76854e-21
-0.000142662 -9.64194e-05 9.71871e-21
-0.000199959 -7.8175e-05 1.27932e-20
-0.000257283 -5.99195e-05 1.5588e-20
-0.000314634 -4.16529e-05 1.44632e-20
-0.000372011 -2.33752e-05 -3.19049e-21
-0.000429415 -5.0864e-06 -4.60107e-21
-0.000486847 1.32136e-05 -9.92867e-22
-0.000544305 3.15247e-05 -8.88315e-21
-0.00060179 4.9847e-05 -7.57839e-21
-0.000659302 6.81805e-05 -1.07331e-20
-0.00071684 8.65251e-05 -2.24866e-20
-0.000774406 0.000104881 -1.77946e-20
-0.000831999 0.000123248 -1.93229e-20
-0.000889619 0.000141626 -1.73376e-20
-0.0009575 0.000160457 -2.10727e-20
-0.00114436 0.000183976 -3.4607e-20
-0.00139291 0.000209443 -4.28627e-20
-0.00169785 0.0002363 -4.82876e-20
-0.0016294 0.000214456 -3.83806e-20
-0.00156098 0.000192628 -3.21951e-20
-0.00149261 0.000170816 -4.07625e-20
-0.00142427 0.00014902 -2.7483e-20
-0.00135597 0.00012724 -2.38895e-20
-0.00128771 0.000105475 -2.80759e-20
-0.00121949 8.37265e-05 -1.34132e-20
-0.0011513 6.19933e-05 -1.62948e-20
-0.00108316 4.02759e-05 -1.36804e-20
-0.00101505 1.85741e-05 -1.40511e-20
-0.000946975 -3.11192e-06 -1.25491e-20
-0.000878941 -2.47823e-05 -9.00858e-22
-0.000810945 -4.64371e-05 -3.01247e-21
-0.000742986 -6.80763e-05 8.42844e-21
-0.000675065 -8.96999e-05 1.91077e-20
-0.000607182 -0.000111308 1.12986e-20
-0.000539336 -0.000132901 9.49038e-21
-0.000496506 -0.000157081 1.7957e-20
-0.000507591 -0.00018678 2.47715e-20
-0.000457048 -0.00023 2.25256e-20
-0.00053672 -0.000204653 2.11016e-20
-0.000616445 -0.000179285 9.79574e-21
-0.000696221 -0.000153896 1.53072e-20
-0.00077605 -0.000128485 1.58714e-20
-0.00085593 -0.000103052 4.1151e-21
-0.000935862 -7.75982e-05 5.79899e-21
-0.00101585 -5.21225e-05 -1.68529e-22
-0.00109588 -2.66251e-05 -7.22079e-21
-0.00117597 -1.1061e-06 1.24266e-21
-0.00125611 2.44346e-05 -1.94456e-20
-0.00133631 4.99971e-05 -2.59517e-20
-0.00141655 7.55813e-05 -2.09574e-20
-0.00149685 0.000101187 -2.02038e-20
-0.0015772 0.000126815 -3.54194e-20
-0.00165761 0.000152464 -3.0143e-20
-0.00174006 0.000178291 -4.82837e-20
-0.00202977 0.000223444 -5.58993e-20
-0.00199798 0.000213301 -4.73496e-20
-0.00196621 0.000203161 -4.82662e-20
-0.00193444 0.000193025 -4.14617e-20
-0.00190268 0.000182892 -4.86562e-20
-0.00187093 0.000172762 -3.97475e-20
-0.00183919 0.000162636 -4.52125e-20
-0.00180746 0.000152513 -3.82021e-20
-0.00177573 0.000142393 -3.64686e-20
-0.00174401 0.000132277 -3.80151e-20
-0.0017123 0.000122164 -3.23249e-20
-0.0016806 0.000112055 -3.77788e-20
-0.00164891 0.000101949 -3.11407e-20
-0.00161723 9.18463e-05 -3.49208e-20
-0.00158555 8.17472e-05 -2.26699e-20
-0.00155388 7.16514e-05 -2.60809e-20
-0.00152222 6.1559e-05 -3.94051e-20
-0.00149057 5.147e-05 -3.11902e-20
-0.00145892 4.13844e-05 -2.42449e-20
-0.00142729 3.13022e-05 -2.2256e-20
-0.00139566 2.12234e-05 -2.13099e-20
-0.00136404 1.11479e-05 -3.32593e-20
-0.00133243 1.07585e-06 -2.01079e-20
-0.00130083 -8.99285e-06 -1.16426e-20
-0.00126923 -1.90582e-05 -5.87287e-21
-0.00123764 -2.91201e-05 -1.11853e-20
-0.00120606 -3.91787e-05 -1.91196e-20
-0.00117449 -4.92339e-05 -1.15774e-20
-0.00114293 -5.92858e-05 -3.82485e-21
-0.00111138 -6.93342e-05 -4.67386e-21
-0.00107983 -7.93794e-05 5.59219e-21
-0.00104829 -8.94211e-05 -3.34913e-21
-0.00101676 -9.94595e-05 8.1154e-21
-0.000985239 -0.000109495 5.20586e-21
-0.000953725 -0.000119526 -3.27148e-21
-0.000922219 -0.000129555 -8.49352e-22
-0.000890721 -0.00013958 -3.8517e-21
-0.000859231 -0.000149601 4.43764e-21
-0.000827749 -0.00015962 1.61287e-20
-0.000796275 -0.000169635 1.12042e-20
-0.000764809 -0.000179647 7.18944e-21
-0.000705636 -0.000193454 1.66786e-20
-0.000643217 -0.000210422 2.56716e-20
-0.000602256 -0.000233441 1.38979e-20
-0.000657209 -0.000215959 2.14276e-20
-0.000712186 -0.000198467 1.66923e-20
-0.000767188 -0.000180965 8.76047e-21
-0.000822215 -0.000163452 5.84546e-21
-0.000877266 -0.000145929 1.13349e-20
-0.000932342 -0.000128396 2.18824e-21
-0.000987443 -0.000110853 -3.00901e-21
-0.00104257 -9.32997e-05 1.16207e-20
-0.00109772 -7.57359e-05 -9.48444e-21
-0.00115289 -5.81618e-05 -2.49195e-21
-0.00120809 -4.05775e-05 -3.56107e-21
-0.00126332 -2.29828e-05 -1.04196e-20
-0.00131857 -5.37784e-06 -1.49232e-20
-0.00137384 1.22375e-05 -1.37068e-20
-0.00142914 2.98631e-05 -3.27106e-20
-0.00148447 4.74991e-05 -2.78951e-20
-0.00153982 6.51454e-05 -2.94843e-20
-0.00159519 8.2802e-05 -2.24648e-20
-0.00165059 0.000100469 -3.61002e-20
-0.00170602 0.000118146 -3.77574e-20
-0.00176146 0.000135834 -3.39367e-20
-0.00181694 0.000153532 -4.39765e-20
-0.00188557 0.000171856 -4.77865e-20
-0.002012 0.000201961 -4.85499e-20
-0.00230724 0.000243146 -7.25484e-20
-0.00264985 0.000281848 -8.92458e-20
-0.0029743 0.000316621 -1.05539e-19
-0.0033205 0.000352818 -7.6311e-20
-0.00367404 0.000391095 -9.6125e-20
-0.00359742 0.000366591 -8.63613e-20
-0.00352087 0.000342098 -8.17896e-20
-0.00344437 0.000317615 -9.57348e-20
-0.00336793 0.000293142 -7.51901e-20
-0.00329155 0.000268678 -7.99715e-20
-0.00321522 0.000244224 -6.40295e-20
-0.00313895 0.000219779 -6.31664e-20
-0.00306273 0.000195342 -6.2684e-20
-0.00298657 0.000170915 -5.92665e-20
-0.00291046 0.000146496 -6.3249e-20
-0.00283441 0.000122085 -5.94994e-20
-0.00275841 9.76823e-05 -4.74752e-20
-0.0026836 7.33891e-05 -5.79323e-20
-0.00260958 4.91306e-05 -4.01668e-20
-0.00253563 2.48406e-05 -6.06523e-20
-0.0024331 -3.71125e-06 -3.46645e-20
-0.00227602 -5.19153e-05 -1.92844e-20
-0.00213018 -0.00010233 -5.67188e-21
-0.00204386 -0.000157654 -2.23378e-20
-0.0019775 -0.000213249 -3.86573e-21
-0.00194593 -0.000268687 -1.71398e-20
-0.0019196 -0.000321015 -1.54125e-20
-0.00189369 -0.000367509 2.74406e-21
-0.00184144 -0.000416754 2.1697e-20
-0.00191206 -0.000394597 1.52386e-20
-0.00198274 -0.000372415 1.40015e-20
-0.00205346 -0.000350209 -6.96652e-21
-0.00212423 -0.000327978 -4.18784e-21
-0.00219505 -0.000305721 -6.85683e-21
-0.00226592 -0.000283439 -9.67392e-21
-0.00233684 -0.000261132 -1.47783e-21
-0.00240781 -0.000238798 -1.6036e-20
-0.00247883 -0.000216438 -1.47047e-20
-0.00254989 -0.000194052 -2.99266e-20
-0.00262101 -0.000171639 -2.78933e-20
-0.00269217 -0.000149199 -4.10525e-20
-0.00276374 -0.000126814 -3.82955e-20
-0.0028371 -0.00010475 -3.40424e-20
-0.00291052 -8.26183e-05 -3.21121e-20
-0.00298402 -6.04199e-05 -4.57716e-20
-0.00309371 -3.16516e-05 -4.50283e-20
-0.00328594 1.53617e-05 -7.48015e-20
-0.00348643 6.2509e-05 -7.76056e-20
-0.00374792 0.000113097 -8.28601e-20
-0.00406115 0.000163059 -1.00553e-19
-0.00447415 0.000211332 -1.27656e-19
-0.00493213 0.000259928 -1.50959e-19
-0.00538237 0.000310916 -5.8869e-20
-0.00584073 0.000362017 -5.00831e-20
-0.0063111 0.000412736 -4.71037e-20
-0.00622367 0.000384823 -4.72699e-20
-0.00613631 0.000356925 -3.6312e-20
-0.00604904 0.000329041 -4.09594e-20
-0.00596184 0.000301169 -2.71071e-20
-0.00587471 0.00027331 -3.16139e-20
-0.00578766 0.000245463 -2.95047e-20
-0.00570068 0.000217628 -1.36769e-20
-0.00561378 0.000189803 -2.59521e-20
-0.00552695 0.00016199 -4.55588e-21
-0.00544019 0.000134186 -1.00363e-20
-0.00535351 0.000106393 9.19779e-21
-0.0052669 7.86095e-05 3.88056e-21
-0.00518036 5.08355e-05 1.70982e-20
-0.00503928 1.69493e-06 2.98466e-20
-0.0048586 -5.62415e-05 3.92211e-20
-0.00467248 -0.000119111 1.91893e-20
-0.0045123 -0.000179914 -1.85082e-20
-0.00442054 -0.000238702 -7.91578e-21
-0.00432405 -0.00030212 1.79023e-20
-0.00423855 -0.000364782 3.98487e-20
-0.00415915 -0.000426595 4.79582e-20
-0.00423257 -0.000403576 3.28744e-20
-0.00430604 -0.000380532 4.30933e-20
-0.00437957 -0.000357462 2.57049e-20
-0.00445315 -0.000334365 3.05255e-20
-0.00452679 -0.000311242 1.80142e-20
-0.00460048 -0.000288091 2.60331e-20
-0.00467423 -0.000264913 2.10701e-20
-0.00474803 -0.000241706 2.46403e-20
-0.00482188 -0.000218472 2.10532e-20
-0.00489579 -0.000195209 5.03829e-21
-0.00496975 -0.000171917 4.17628e-21
-0.00504376 -0.000148596 1.48874e-20
-0.00511782 -0.000125246 -1.03878e-20
-0.00519194 -0.000101866 6.59238e-21
-0.00526611 -7.8456e-05 -3.02768e-20
-0.00536155 -5.0602e-05 -1.29323e-20
-0.00554028 -1.39721e-06 -5.11507e-20
-0.0057501 4.77419e-05 -3.82319e-20
-0.0059981 0.000101743 -1.76323e-20
-0.00626226 0.000154322 -5.52971e-20
-0.00666576 0.000204929 -1.00809e-19
-0.00706916 0.000258016 -1.80343e-20
-0.00751494 0.000311668 -2.89036e-20
-0.00797829 0.000364752 -4.26778e-20
-0.00845614 0.000417256 -3.99458e-21
-0.00839488 0.000397721 -2.48253e-20
-0.00833365 0.000378193 -7.3376e-21
-0.00827246 0.000358673 -1.30188e-20
-0.00821132 0.00033916 -5.814e-21
-0.0081502 0.000319653 -4.06735e-21
-0.00808913 0.000300153 1.02079e-21
-0.0080281 0.000280659 -7.38604e-21
-0.0079671 0.000261172 -3.03496e-21
-0.00790614 0.00024169 5.34498e-21
-0.00784521 0.000222214 1.93904e-20
-0.00778433 0.000202743 -1.42402e-21
-0.00772348 0.000183278 1.8275e-20
-0.00766266 0.000163818 3.98994e-20
-0.00760189 0.000144363 4.08187e-20
-0.00754115 0.000124912 2.7791e-20
-0.00748044 0.000105467 3.19678e-20
-0.00741977 8.60264e-05 4.02359e-20
-0.00735914 6.65903e-05 4.99858e-20
-0.00729304 4.36143e-05 3.90809e-20
-0.0071722 3.26756e-06 3.69534e-20
-0.00703681 -3.86649e-05 7.07503e-20
-0.0069097 -8.19697e-05 3.72933e-20
-0.00676791 -0.000126638 2.28143e-20
-0.00663824 -0.000170292 2.21397e-20
-0.0065478 -0.000213401 6.70003e-21
-0.00645298 -0.000257748 2.22691e-20
-0.00636249 -0.000301117 1.77889e-20
-0.00629467 -0.000345177 4.65494e-20
-0.00623042 -0.000388742 4.46459e-20
-0.00616949 -0.000431868 4.75477e-20
-0.00623507 -0.000411314 2.2722e-20
-0.00630069 -0.000390741 8.54001e-21
-0.00636636 -0.000370148 1.40371e-20
-0.00643207 -0.000349534 -2.85027e-21
-0.00649783 -0.0003289 2.52114e-21
-0.00656363 -0.000308244 8.94158e-21
-0.00662948 -0.000287567 -1.36101e-20
-0.00669537 -0.000266867 -6.32703e-21
-0.0067613 -0.000246146 -1.56326e-20
-0.00682727 -0.000225403 -1.91962e-20
-0.00689329 -0.000204636 -4.05447e-20
-0.00695936 -0.000183847 -3.41876e-20
-0.00702546 -0.000163035 -3.03542e-20
-0.00709161 -0.0001422 -3.62436e-20
-0.0071578 -0.000121341 -3.26539e-20
-0.00722403 -0.000100458 -3.72844e-20
-0.00729031 -7.9552e-05 -2.90049e-20
-0.00738371 -5.24804e-05 -3.79573e-20
-0.00754536 -7.48087e-06 -3.78744e-20
-0.00771388 3.74077e-05 -6.21346e-20
-0.0079286 8.63651e-05 -4.45557e-20
-0.0081474 0.000133786 -6.83583e-20
-0.00843081 0.000181433 -1.18859e-19
-0.00877226 0.000230388 -8.7612e-20
-0.0091307 0.000277829 -9.95501e-20
-0.00951312 0.000325055 -9.30222e-20
-0.00992174 0.000372568 -8.39955e-20
-0.0103424 0.000419571 -9.56712e-20
-0.010307 0.000408302 -7.40902e-20
-0.0102716 0.000397036 -9.3462e-20
-0.0102363 0.000385772 -8.64411e-20
-0.010201 0.000374511 -8.18619e-20
-0.0101656 0.000363252 -7.56838e-20
-0.0101303 0.000351996 -8.04561e-20
-0.010095 0.000340742 -7.32036e-20
-0.0100598 0.000329491 -6.6885e-20
-0.0100245 0.000318242 -5.5921e-20
-0.00998924 0.000306995 -7.72616e-20
-0.00995399 0.00029575 -6.8238e-20
-0.00991876 0.000284508 -5.86808e-20
-0.00988354 0.000273267 -4.22029e-20
-0.00984834 0.000262029 -5.08893e-20
-0.00981314 0.000250793 -4.5538e-20
-0.00977796 0.000239559 -4.45299e-20
-0.00974279 0.000228326 -5.47432e-20
-0.00970764 0.000217096 -4.1818e-20
-0.0096725 0.000205867 -3.6581e-20
-0.00963736 0.000194641 -2.71397e-20
-0.00960225 0.000183416 -1.81219e-20
-0.00956714 0.000172193 -2.47182e-20
-0.00953204 0.000160971 -3.65195e-20
-0.00949696 0.000149752 -3.32241e-20
-0.00946189 0.000138534 -6.19712e-21
-0.00942683 0.000127317 -3.05951e-20
-0.00939179 0.000116103 -3.35018e-20
-0.00935675 0.000104889 -3.42722e-20
-0.00932173 9.36778e-05 -3.47198e-20
-0.00928672 8.24677e-05 -2.8651e-20
-0.00925173 7.12591e-05 -1.93758e-20
-0.00921674 6.00519e-05 -1.14573e-20
-0.00917454 4.47191e-05 -2.2002e-20
-0.00910915 2.2176e-05 -5.05429e-21
-0.0090312 -2.95441e-06 7.4523e-21
-0.00895273 -2.73975e-05 2.9081e-20
-0.00887519 -5.14817e-05 -1.29048e-20
-0.00879255 -7.83111e-05 -4.78734e-20
-0.00870887 -0.000104751 -4.64287e-20
-0.00862597 -0.000130402 -4.83273e-20
-0.00854618 -0.000155677 -5.04287e-20
-0.00848076 -0.000181466 -7.35836e-20
-0.00840519 -0.000208003 -6.37016e-20
-0.00834279 -0.000234412 -2.29513e-20
-0.00828612 -0.000260202 -5.02209e-20
-0.00823012 -0.000285525 -3.22653e-20
-0.00817473 -0.000310424 -3.3049e-20
-0.00812102 -0.000335033 -1.32503e-20
-0.00808012 -0.000360355 3.6252e-21
-0.00804047 -0.000385504 -1.61403e-20
-0.00800202 -0.000410496 2.78194e-20
-0.00796471 -0.000435343 -1.30199e-20
-0.00803971 -0.000411841 -3.27923e-21
-0.00811477 -0.000388314 -8.46772e-22
-0.00818988 -0.000364761 -7.04702e-21
-0.00826506 -0.000341182 -6.17624e-21
-0.00834029 -0.000317575 -6.53451e-21
-0.00841558 -0.000293941 -1.43209e-20
-0.00849093 -0.000270279 -1.17813e-20
-0.00856634 -0.000246589 -1.2211e-20
-0.0086418 -0.00022287 -3.33085e-20
-0.00871732 -0.000199121 -1.72001e-20
-0.0087929 -0.000175343 -1.60604e-20
-0.00886854 -0.000151534 -3.79019e-20
-0.00894423 -0.000127695 -4.46226e-20
-0.00901998 -0.000103826 -3.60595e-20
-0.00909578 -7.99251e-05 -5.58649e-20
-0.00922358 -4.39362e-05 -8.26336e-20
-0.00941166 8.73684e-06 -8.09058e-20
-0.00962411 6.2875e-05 -5.90714e-20
-0.00986326 0.000118404 -6.07006e-20
-0.0101663 0.000173018 -5.39198e-20
-0.0105089 0.000230425 -7.29911e-20
-0.0109144 0.000285086 -7.79736e-20
-0.0113381 0.00033833 -8.40147e-20
-0.0118041 0.000392671 -6.03774e-20
-0.0122728 0.000444934 -3.49301e-20
-0.0127069 0.000491514 -4.2103e-20
-0.013137 0.000536139 -4.2204e-20
-0.0135735 0.000581205 3.98949e-20
-0.0140077 0.000628973 5.66511e-20
-0.0144534 0.00067734 8.07358e-20
-0.0149031 0.00072549 6.36924e-20
-0.01482 0.000698988 6.68154e-20
-0.014737 0.0006725 9.1381e-20
-0.0146541 0.000646025 8.97072e-20
-0.0145713 0.000619561 8.58833e-20
-0.0144885 0.00059311 1.14233e-19
-0.0144057 0.000566669 1.00691e-19
-0.0143231 0.000540239 1.11454e-19
-0.0142405 0.000513819 9.56907e-20
-0.014158 0.000487408 1.19969e-19
-0.0140756 0.000461007 1.12496e-19
-0.0139932 0.000434614 1.28406e-19
-0.0139109 0.00040823 1.15996e-19
-0.0138287 0.000381853 1.22802e-19
-0.0137431 0.000352312 1.23089e-19
-0.0135777 0.000296586 1.24966e-19
-0.0134093 0.00024102 1.46151e-19
-0.0132179 0.000180553 1.5595e-19
-0.0130468 0.000121205 1.13066e-19
-0.0128547 5.80743e-05 1.76651e-19
-0.0126873 -1.7385e-06 1.82641e-19
-0.0125491 -5.87363e-05 1.59115e-19
-0.0124282 -0.00011562 1.73426e-19
-0.0123274 -0.000173138 2.06025e-19
-0.0122232 -0.000231586 1.84935e-19
-0.012104 -0.00029256 1.86182e-19
-0.0119894 -0.000353815 1.74383e-19
-0.0118802 -0.000414564 1.77398e-19
-0.0117836 -0.000469954 1.80866e-19
-0.0116907 -0.000524473 1.6945e-19
-0.0116166 -0.000579271 2.19734e-19
-0.0115849 -0.000635289 2.82438e-19
-0.0115706 -0.000689974 2.54863e-19
-0.011576 -0.000742759 2.68506e-19
-0.0115948 -0.00079294 2.83305e-19
-0.0116766 -0.000765752 2.74612e-19
-0.0117585 -0.000738534 2.79107e-19
-0.0118404 -0.000711284 2.81496e-19
-0.0119224 -0.000684001 2.72949e-19
-0.0120045 -0.000656684 2.91792e-19
-0.0120866 -0.000629334 2.52965e-19
-0.01217 -0.000603076 2.70629e-19
-0.0122535 -0.000576874 2.5087e-19
-0.0123373 -0.000550633 2.30538e-19
-0.0124211 -0.000524344 2.40036e-19
-0.0125052 -0.000498001 2.44516e-19
-0.0125894 -0.000471596 2.46904e-19
-0.0126737 -0.000445122 2.2654e-19
-0.0128171 -0.00041476 2.09251e-19
-0.0130385 -0.000371713 1.79983e-19
-0.0132664 -0.000323772 1.91745e-19
-0.0135128 -0.000275498 1.94365e-19
-0.0137979 -0.000224063 2.31057e-19
-0.0140939 -0.000173188 2.06056e-19
-0.0144604 -0.000126216 2.03424e-19
-0.0148511 -7.84985e-05 2.29037e-19
-0.0152418 -2.90718e-05 2.82039e-19
-0.0156485 1.98647e-05 2.57304e-19
-0.0160716 6.82639e-05 2.81768e-19
-0.016519 0.000117232 2.36248e-19
-0.0169774 0.000166216 2.88218e-19
-0.017449 0.000214601 2.75506e-19
-0.0179701 0.000266231 2.6271e-19
-0.0185513 0.000318837 2.86777e-19
