-5.47149e-05 2.26914e-20 0
-0.00010943 2.71554e-19 0
-0.000164145 4.11491e-19 -1.02268e-22
-0.00021886 5.42634e-19 -3.47922e-24
-0.000273575 6.77889e-19 -1.18365e-25
-0.000328289 8.12889e-19 -4.67516e-22
-0.000383004 9.83622e-19 -1.59051e-23
-0.000437719 1.07677e-18 1.34356e-21
-0.000492434 1.26851e-18 4.57084e-23
-0.000547149 1.39511e-18 5.27506e-22
-0.000547149 1.37504e-18 -2.78713e-21
-0.000621062 -1.70973e-05 -2.45887e-21
-0.000694953 -3.41907e-05 3.22678e-21
-0.000768822 -5.12801e-05 1.35777e-21
-0.00084267 -6.83656e-05 -1.31668e-21
-0.000916497 -8.54471e-05 1.19786e-21
-0.000990302 -0.000102525 -1.21192e-21
-0.00106409 -0.000119598 1.94801e-21
-0.00113785 -0.000136668 3.93159e-21
-0.00121159 -0.000153733 8.20872e-23
-0.00128531 -0.000170795 4.71965e-21
-0.00135901 -0.000187853 3.22202e-21
-0.00143269 -0.000204907 4.48589e-22
-0.00150634 -0.000221956 1.78332e-21
-0.00157998 -0.000239002 -1.63423e-21
-0.00165359 -0.000256044 -5.86282e-22
-0.00172718 -0.000273083 1.2147e-21
-0.00200874 -0.000301251 3.92997e-21
-0.00234264 -0.000330736 -2.21764e-21
-0.00272523 -0.000360767 -7.24724e-22
-0.00316719 -0.000391385 -4.67959e-21
-0.00365111 -0.000421338 -1.58843e-21
-0.00415659 -0.000449264 -1.58006e-21
-0.00471734 -0.000476958 1.16049e-21
-0.0052776 -0.000501631 4.26945e-21
-0.0058789 -0.000525866 5.30802e-21
-0.0064857 -0.000547822 2.26779e-21
-0.00709056 -0.000567532 4.57899e-21
-0.00771858 -0.000586884 4.66831e-21
-0.00835653 -0.000605127 1.05346e-20
-0.00899211 -0.000621791 1.06721e-20
-0.00962539 -0.000637091 2.09363e-21
-0.0102565 -0.000651213 1.89186e-21
-0.0108919 -0.000664851 1.05789e-20
-0.0115431 -0.000678958 1.11355e-20
-0.0121925 -0.000692267 1.29413e-20
-0.0128402 -0.000704842 6.19993e-21
-0.0134864 -0.000716747 1.31897e-20
-0.0141312 -0.000728039 -1.26728e-21
-0.0147748 -0.000738775 -1.90972e-21
-0.0154174 -0.000749005 -2.17952e-21
-0.016059 -0.000758774 -1.28973e-20
-0.0166997 -0.000768125 -1.46365e-20
-0.0173352 -0.000777033 -3.2081e-21
-0.0178659 -0.000792001 -2.11508e-20
-0.0183631 -0.000819123 -3.45755e-20
-0.0188582 -0.000848239 -9.69488e-21
-0.0193512 -0.000878925 1.98314e-22
-0.0198423 -0.000910848 -2.11262e-20
-0.0203319 -0.000943746 -1.59474e-20
-0.02082 -0.00097741 -5.39686e-21
-0.0213068 -0.00101167 -2.67233e-20
-0.0217925 -0.0010464 -4.96547e-20
-0.0222626 -0.00108041 8.12693e-21
-0.0227269 -0.00111431 2.72737e-20
-0.0231905 -0.00114839 -4.90841e-20
-0.0236535 -0.0011826 -1.65723e-20
-0.0241161 -0.0012169 2.42653e-20
-0.0245782 -0.00125124 1.60049e-20
-0.0250401 -0.00128561 -2.87167e-20
-0.0248759 -0.00124865 -7.19882e-22
-0.0247127 -0.00121304 -1.5627e-21
-0.0245496 -0.0011771 -7.68735e-21
-0.0243865 -0.00114082 7.98437e-21
-0.0242234 -0.0011042 -1.4712e-21
-0.0240603 -0.00106724 5.95753e-21
-0.0238972 -0.00102994 1.73127e-22
-0.023734 -0.000992316 4.26562e-21
-0.0235708 -0.000954366 6.0924e-21
-0.0234075 -0.000916105 -4.21462e-21
-0.0232442 -0.000877544 -2.47642e-21
-0.0230808 -0.000838694 1.83553e-21
-0.0229173 -0.00079957 -3.33913e-21
-0.0227538 -0.000760184 5.5045e-21
-0.0225901 -0.000720548 -4.71232e-21
-0.0221975 -0.000646243 3.71276e-21
-0.0218407 -0.000563428 -2.74378e-21
-0.0215602 -0.000479499 6.02593e-21
-0.0213135 -0.000393099 -9.95092e-22
-0.021067 -0.000305395 -9.89207e-21
-0.0208209 -0.000216834 -3.01455e-21
-0.0205801 -0.000128925 -1.50909e-20
-0.0203656 -3.94509e-05 -2.36718e-21
-0.0201722 5.0194e-05 -8.40391e-21
-0.0199848 0.000138736 -1.59765e-20
-0.0198009 0.000226218 -5.74496e-21
-0.0196183 0.000312815 -6.5222e-21
-0.0194349 0.00039877 -1.72724e-20
-0.0192493 0.000484341 -1.36806e-20
-0.0190601 0.000569777 -6.57111e-21
-0.0188694 0.000656176 -1.0503e-20
-0.0186881 0.000746361 -8.18152e-21
-0.0185044 0.000837773 -1.20335e-20
-0.0183178 0.000930372 -9.40456e-21
-0.0181278 0.00102414 -1.42691e-20
-0.0179446 0.00111379 -2.99744e-20
-0.0177687 0.00119904 -6.93562e-21
-0.0175888 0.0012854 -1.98385e-20
-0.0174064 0.00137207 -2.07327e-20
-0.0172261 0.00145672 -1.33215e-20
-0.0170415 0.00154244 -2.72281e-20
-0.0168523 0.00162924 -1.17142e-20
-0.0166602 0.00171626 -5.69588e-21
-0.0164728 0.00180009 -1.32642e-20
-0.0162808 0.00188492 1.88018e-22
-0.0160842 0.00197076 -1.64711e-20
-0.0158827 0.0020576 -1.70251e-20
-0.0156906 0.00213937 -3.19933e-20
-0.0154958 0.00222133 -9.21832e-21
-0.0152965 0.00230416 -3.31258e-20
-0.0154577 0.00226998 -1.00487e-20
-0.0156191 0.00223573 -1.20196e-20
-0.0157805 0.00220141 -2.00332e-20
-0.0159421 0.00216699 -1.94455e-20
-0.0161038 0.00213245 -1.12639e-20
-0.0162655 0.0020978 -1.27552e-20
-0.0164273 0.00206301 -1.59504e-20
-0.0165892 0.00202809 -1.18335e-20
-0.016751 0.00199304 -1.13328e-20
-0.0169129 0.00195785 -1.2869e-20
-0.0170747 0.00192252 -1.15969e-20
-0.0172366 0.00188707 -1.32761e-20
-0.0173984 0.00185149 -1.61734e-20
-0.0175602 0.00181578 -1.45997e-20
-0.0177219 0.00177996 -3.65632e-21
-0.0178836 0.00174402 -1.75017e-20
-0.0182887 0.00169837 -7.25792e-21
-0.0188123 0.00163421 -1.40252e-20
-0.0193582 0.00155951 -1.39643e-20
-0.0199199 0.00147894 -1.46883e-20
-0.020511 0.00139694 -2.00766e-20
-0.0211331 0.00131367 -2.47253e-20
-0.0217791 0.00122685 -1.73821e-20
-0.0224493 0.00113666 -1.26734e-20
-0.023152 0.00104521 -1.39015e-20
-0.0238877 0.000952819 -2.64924e-20
-0.0246563 0.000859804 -2.05255e-20
-0.0254571 0.00076649 -1.12048e-20
-0.0262886 0.000673182 -4.30265e-21
-0.0271583 0.000578237 -7.18994e-21
-0.0280673 0.000481363 -1.34191e-20
-0.0290039 0.000384303 -1.47448e-21
-0.0299627 0.000287528 2.76906e-21
-0.0309406 0.000190748 -1.27278e-20
-0.031932 9.24051e-05 -6.70152e-21
-0.0329378 -6.05821e-06 -4.56623e-21
-0.0339551 -0.000104592 8.22181e-21
-0.0348802 -0.000193558 3.75489e-21
-0.0356934 -0.000271427 8.6396e-21
-0.0364961 -0.000348078 -1.3347e-20
-0.0372572 -0.000420677 9.39641e-21
-0.0380268 -0.000494086 5.43774e-21
-0.0388016 -0.000568066 3.53617e-20
-0.0394947 -0.000634368 3.79451e-20
-0.0401935 -0.000701369 4.66812e-20
-0.0408975 -0.000769064 3.42246e-20
-0.0415693 -0.000833882 3.9112e-20
-0.0421699 -0.000892016 4.80337e-20
-0.0427743 -0.000950719 -3.0628e-20
-0.0433826 -0.00101001 2.9091e-20
-0.0439875 -0.00106919 6.44292e-20
-0.0444712 -0.00111667 8.84137e-20
-0.0449588 -0.00116468 1.10152e-19
-0.0454508 -0.00121327 8.22996e-20
-0.0459473 -0.00126247 1.18892e-19
-0.0457836 -0.00122502 1.14447e-19
-0.04562 -0.00118751 1.22162e-19
-0.0454563 -0.00114995 1.08708e-19
-0.0452927 -0.00111234 1.2154e-19
-0.045129 -0.00107466 1.07813e-19
-0.0449653 -0.00103691 1.15778e-19
-0.0448016 -0.000999075 1.11846e-19
-0.0446377 -0.000961164 1.16565e-19
-0.0444738 -0.000923174 1.15907e-19
-0.0443098 -0.000885104 1.1398e-19
-0.0441459 -0.000847263 1.16295e-19
-0.0439821 -0.000810261 1.14958e-19
-0.0438185 -0.000773335 1.16495e-19
-0.0436555 -0.000736565 1.16815e-19
-0.0434925 -0.000699787 1.18887e-19
-0.0433295 -0.000662976 1.24747e-19
-0.0431896 -0.000619157 1.06301e-19
-0.0429702 -0.000552852 1.28167e-19
-0.0426558 -0.000470892 7.34839e-20
-0.0423272 -0.000383675 1.00514e-19
-0.0419993 -0.000295106 6.92741e-20
-0.0416674 -0.000204167 9.1089e-20
-0.0413144 -0.000107704 1.87415e-20
-0.0409618 -9.3828e-06 6.95406e-20
-0.0406109 9.05422e-05 5.09677e-20
-0.0402626 0.000191761 1.57348e-19
-0.0399187 0.000293656 9.26476e-20
-0.0395795 0.000395928 8.61994e-20
-0.0392446 0.00049842 6.0941e-20
-0.0389433 0.000591639 6.45375e-20
-0.0386413 0.000685753 6.5543e-20
-0.038351 0.000783693 5.33057e-20
-0.0380678 0.000884079 6.34163e-20
-0.0377872 0.000985792 4.51754e-20
-0.0375867 0.00105941 3.91816e-20
-0.0374944 0.00109315 1.76276e-20
-0.0374062 0.00112549 3.67244e-20
-0.0373162 0.00115861 1.00809e-19
-0.0372514 0.00118229 8.00052e-20
-0.0371881 0.00120548 5.69209e-20
-0.037123 0.00122934 1.25578e-19
-0.0370558 0.00125406 2.04087e-20
-0.0369863 0.00127966 1.20711e-19
-0.0369144 0.00130617 1.28286e-19
-0.0368402 0.00133358 2.28248e-19
-0.0367637 0.00136191 1.38543e-19
-0.0366847 0.00139116 1.59527e-19
-0.0366101 0.00141876 4.38047e-20
-0.0365422 0.00144379 1.25647e-19
-0.0364718 0.00146978 1.65129e-19
-0.0363988 0.00149671 1.90441e-19
-0.0367517 0.00141783 1.4291e-19
-0.0371045 0.00133897 1.33272e-19
-0.0374571 0.00126006 1.3229e-19
-0.0378096 0.00118106 1.27598e-19
-0.0381617 0.00110194 1.30724e-19
-0.0385136 0.00102267 1.30952e-19
-0.0388652 0.000943247 1.07695e-19
-0.0392155 0.000863875 1.25103e-19
-0.0399471 0.000715701 9.82738e-20
-0.0410313 0.000524188 1.1041e-19
-0.0421813 0.000342234 6.58209e-20
-0.0428822 0.000236908 -1.15408e-19
-0.0435191 0.000144877 1.33284e-19
-0.0440341 7.2819e-05 9.16312e-20
-0.0445409 3.84159e-06 3.00434e-20
-0.0450541 -6.49869e-05 2.82584e-20
-0.0455715 -0.000135719 -5.75757e-20
-0.0460999 -0.000206498 2.86146e-20
-0.0466412 -0.000277522 -8.93158e-20
-0.0471971 -0.000348983 -6.95566e-20
-0.0477609 -0.000419976 -7.27665e-20
-0.0483257 -0.000489692 -2.35827e-20
-0.0489036 -0.000559644 -6.79032e-20
-0.0494956 -0.000629969 -2.87886e-19
-0.0501053 -0.000701097 -2.5781e-19
-0.0507341 -0.000773183 -3.84943e-19
-0.0513831 -0.000846364 -3.75685e-19
-0.0520618 -0.000922742 -2.57259e-19
-0.0527742 -0.00100295 -3.33909e-19
-0.0535129 -0.00108549 -1.69624e-19
-0.0542782 -0.00117044 -3.44909e-19
-0.05507 -0.00125783 -3.91783e-19
-0.0558878 -0.00134764 -5.11642e-19
-0.0567324 -0.00143999 -2.91374e-19
-0.0576258 -0.00153665 -4.98946e-19
-0.0585453 -0.00163575 -3.59523e-19
-0.0594764 -0.00173586 -2.03934e-19
-0.0604272 -0.00183787 -3.81048e-19
-0.0613955 -0.00194167 -2.51522e-19
-0.0623812 -0.00204738 -4.34777e-19
-0.0636017 -0.00217265 -3.25944e-19
-0.0652662 -0.00233138 7.65397e-20
-0.0670085 -0.00249336 -2.26317e-19
-0.0689031 -0.00266393 -4.19604e-19
-0.0708937 -0.00283903 -8.73953e-20
-0.0729638 -0.00301764 -1.39407e-19
-0.0751103 -0.00319977 -1.13752e-19
-0.0773318 -0.00338566 -1.75779e-19
-0.0797109 -0.00358065 -1.17476e-18
-0.0822055 -0.0037816 -9.0718e-19
-0.0847372 -0.00398241 -1.0273e-18
-0.0872836 -0.00418146 -1.15331e-18
-0.0898454 -0.00437865 -1.04662e-18
-0.0894734 -0.00430475 -9.92641e-19
-0.0891013 -0.00423125 -9.83809e-19
-0.0887293 -0.00415806 -1.06653e-18
-0.0883572 -0.00408509 -1.10143e-18
-0.0879852 -0.00401223 -1.10821e-18
-0.0876132 -0.00393939 -1.01666e-18
-0.0872413 -0.00386645 -9.99779e-19
-0.0868693 -0.00379333 -1.01301e-18
-0.0864608 -0.00371951 -9.43166e-19
-0.0857708 -0.00363268 -9.1678e-19
-0.0850491 -0.00349461 -1.27886e-18
-0.0845026 -0.00338178 -1.02911e-18
-0.0839762 -0.00327413 -8.38405e-19
-0.0834083 -0.00317813 -9.19618e-19
-0.0828504 -0.00308605 -9.68982e-19
-0.082276 -0.0029942 -8.37086e-19
-0.0816634 -0.00290127 -9.16282e-19
-0.0809879 -0.00280101 -8.93498e-19
-0.0803182 -0.00270056 -9.61742e-19
-0.0796576 -0.00259936 -8.38513e-19
-0.0790065 -0.00249717 -9.93403e-19
-0.0783652 -0.00239373 -9.36766e-19
-0.0777338 -0.00228885 -7.86469e-19
-0.0771123 -0.00218242 -8.80886e-19
-0.0765033 -0.00207495 -1.03605e-18
-0.0759008 -0.00196604 -8.83085e-19
-0.0753071 -0.00185512 -8.91123e-19
-0.0747196 -0.00174101 -8.76577e-19
-0.0741428 -0.00162554 -7.94557e-19
-0.0735764 -0.00150904 -6.27243e-19
-0.0730202 -0.00139184 -6.20415e-19
-0.0724738 -0.00127425 -6.64893e-19
-0.0719369 -0.00115655 -8.24616e-19
-0.0722156 -0.00121949 -7.62413e-19
-0.0724941 -0.00128236 -6.64514e-19
-0.0727722 -0.00134518 -6.95923e-19
-0.07305 -0.00140794 -6.51183e-19
-0.0733276 -0.00147065 -6.9119e-19
-0.0736047 -0.00153329 -6.92709e-19
-0.0738816 -0.00159588 -6.6492e-19
-0.0741582 -0.00165841 -6.54355e-19
-0.0744344 -0.00172089 -7.0431e-19
-0.0747104 -0.00178331 -6.52419e-19
-0.0749861 -0.00184567 -6.89036e-19
-0.0752502 -0.00192359 -7.16805e-19
-0.0754013 -0.00199918 -7.47712e-19
-0.0755308 -0.00205019 5.74226e-18
-0.0760034 -0.00214211 5.16469e-18
-0.076453 -0.00222994 7.94127e-18
-0.0768559 -0.00230868 1.03043e-17
-0.0772473 -0.0023838 1.28367e-17
-0.0776211 -0.00245441 1.45594e-17
-0.0772887 -0.00238087 1.45676e-17
-0.0769559 -0.00230727 1.45487e-17
-0.0766227 -0.00223361 1.46667e-17
-0.0762891 -0.00215987 1.4704e-17
-0.0759551 -0.00208606 1.47069e-17
-0.0756207 -0.00201219 1.46927e-17
-0.0752859 -0.00193825 1.47114e-17
-0.0749507 -0.00186424 1.48289e-17
-0.0745263 -0.00179105 1.3711e-17
-0.0738376 -0.00171546 1.48025e-17
-0.0730997 -0.00159212 1.05783e-17
-0.0725296 -0.00149198 9.99637e-18
-0.0721182 -0.00141676 1.15757e-17
-0.0717508 -0.00134153 1.19712e-17
-0.0716589 -0.00132247 1.20826e-17
-0.071522 -0.00129421 1.23643e-17
-0.0713192 -0.00125241 1.26469e-17
-0.0709983 -0.0011868 1.29187e-17
-0.0706289 -0.00111108 1.33512e-17
-0.0709672 -0.0011883 1.33769e-17
-0.071305 -0.00126544 1.3366e-17
-0.0716423 -0.00134251 1.3368e-17
-0.0719792 -0.0014195 1.33645e-17
-0.0723157 -0.0014964 1.33721e-17
-0.0726518 -0.00157323 1.33595e-17
-0.0729874 -0.00164998 1.33545e-17
-0.0733224 -0.0017266 1.33597e-17
-0.0736567 -0.00180309 1.33656e-17
-0.0739674 -0.00191034 1.33677e-17
-0.0745024 -0.0020346 1.35897e-17
-0.0751467 -0.00214902 1.42759e-17
-0.0756441 -0.00224083 1.44977e-17
-0.0761239 -0.00232871 1.47216e-17
-0.0765821 -0.0024115 1.4788e-17
-0.0770187 -0.00248941 1.48848e-17
-0.0774325 -0.00256337 1.51109e-17
-0.0780435 -0.00265934 1.53581e-17
-0.0788276 -0.0027701 1.62338e-17
-0.0802048 -0.00290868 1.71902e-17
-0.0817918 -0.00304798 1.87827e-17
-0.083466 -0.00318324 2.06427e-17
-0.0852119 -0.00331651 2.2244e-17
-0.0871921 -0.00346329 2.23478e-17
-0.0892789 -0.00360991 2.59563e-17
-0.0915205 -0.00375687 2.68205e-17
-0.0938638 -0.00390137 2.83513e-17
-0.0962559 -0.0040423 3.02908e-17
-0.0987181 -0.00418993 3.2516e-17
-0.101244 -0.00433998 3.43065e-17
-0.103668 -0.00448188 3.64403e-17
-0.103211 -0.00439683 3.6367e-17
-0.102753 -0.004312 3.63989e-17
-0.102295 -0.00422725 3.63971e-17
-0.101837 -0.00414246 3.64008e-17
-0.101379 -0.00405752 3.64035e-17
-0.10092 -0.00397234 3.63914e-17
-0.100462 -0.00388685 3.64347e-17
-0.0998653 -0.00380274 2.57564e-17
-0.0989796 -0.00371592 3.59879e-17
-0.0980056 -0.00359785 2.16745e-17
-0.096997 -0.00344508 2.69536e-17
-0.0961588 -0.00331849 2.18602e-17
-0.0953915 -0.00320725 2.23326e-17
-0.0947289 -0.00311109 2.1586e-17
-0.0941051 -0.00301999 2.12119e-17
-0.093499 -0.00293076 2.10127e-17
-0.0928809 -0.00283896 2.08411e-17
-0.0922205 -0.00274033 2.0238e-17
-0.0915452 -0.002635 2.03773e-17
-0.0908553 -0.00252479 1.94629e-17
-0.0901505 -0.00240955 1.85886e-17
-0.0894322 -0.00228942 1.92653e-17
-0.0886994 -0.00216393 1.82161e-17
-0.0879399 -0.0020296 1.75581e-17
-0.0871649 -0.00188789 1.7909e-17
-0.0863749 -0.00174075 1.76431e-17
-0.0855497 -0.0015708 1.72582e-17
-0.0847451 -0.00139718 1.74364e-17
-0.085128 -0.00147536 1.74845e-17
-0.0855105 -0.00155345 1.73522e-17
-0.0858923 -0.00163144 1.73665e-17
-0.0862737 -0.00170935 1.73711e-17
-0.0866545 -0.00178718 1.7448e-17
-0.0870349 -0.00186493 1.74516e-17
-0.0874148 -0.0019426 1.74719e-17
-0.0877941 -0.00202018 1.75362e-17
-0.0881731 -0.00209769 1.75841e-17
-0.0885515 -0.00217513 1.75866e-17
-0.0888879 -0.00227919 1.72902e-17
-0.0891352 -0.0023793 1.71497e-17
-0.0898939 -0.00249479 1.73058e-17
-0.0906348 -0.00260288 1.80414e-17
-0.0912832 -0.0026948 1.81418e-17
-0.0909645 -0.00263053 1.825e-17
-0.0906455 -0.00256622 1.83089e-17
-0.0903262 -0.00250186 1.82365e-17
-0.0900066 -0.00243745 1.83105e-17
-0.0896867 -0.00237299 1.82363e-17
-0.0893665 -0.00230848 1.83125e-17
-0.0890459 -0.00224392 1.82344e-17
-0.0887251 -0.00217931 1.83187e-17
-0.088404 -0.00211466 1.8233e-17
-0.0880584 -0.00205057 1.8193e-17
-0.0874768 -0.00199074 1.80396e-17
-0.0867977 -0.00193007 1.83604e-17
-0.0860626 -0.0018573 1.8849e-17
-0.0853664 -0.0017517 1.87084e-17
-0.0846342 -0.00163863 1.89857e-17
-0.0837995 -0.00151807 1.91449e-17
-0.083209 -0.00139178 1.92741e-17
-0.0827006 -0.00126838 1.94211e-17
-0.0822086 -0.00115612 1.95019e-17
-0.0824993 -0.00121758 1.96732e-17
-0.0827897 -0.001279 1.96315e-17
-0.0830798 -0.00134037 1.96237e-17
-0.0833696 -0.0014017 1.96034e-17
-0.0836592 -0.00146298 1.96624e-17
-0.0839485 -0.00152421 1.9665e-17
-0.0842376 -0.0015854 1.9657e-17
-0.0845263 -0.00164655 1.96633e-17
-0.0848148 -0.00170765 1.96676e-17
-0.0851031 -0.0017687 1.96616e-17
-0.0853834 -0.00183448 1.91254e-17
-0.0856402 -0.00192116 1.92449e-17
-0.0858857 -0.00202144 1.93675e-17
-0.0861224 -0.00213042 1.94019e-17
-0.0871076 -0.00228679 1.96652e-17
-0.0881027 -0.00245133 1.98344e-17
-0.0886891 -0.00255327 2.02417e-17
-0.0891579 -0.00264237 2.02582e-17
-0.0896217 -0.00273163 2.04055e-17
-0.0900654 -0.00281558 2.03939e-17
-0.0896902 -0.00273834 2.04313e-17
-0.0893145 -0.00266102 2.04157e-17
-0.0889384 -0.00258363 2.04158e-17
-0.0885619 -0.00250617 2.04308e-17
-0.0881849 -0.00242865 2.05162e-17
-0.0878075 -0.00235105 2.05154e-17
-0.0874297 -0.00227339 2.05157e-17
-0.0870514 -0.00219565 2.04366e-17
-0.0864728 -0.00212192 2.02155e-17
-0.0856871 -0.00204868 2.01049e-17
-0.0847823 -0.00197236 2.00967e-17
-0.0838517 -0.00183737 1.98765e-17
-0.0829228 -0.00167551 1.99427e-17
-0.0821225 -0.00153522 1.99703e-17
-0.0813297 -0.00140233 2.0179e-17
-0.0805927 -0.00127084 2.00104e-17
-0.0799082 -0.0011338 1.99902e-17
-0.0793223 -0.000983437 2.00782e-17
-0.078731 -0.000829546 2.02079e-17
-0.07816 -0.000675761 2.0013e-17
-0.0776072 -0.000520292 2.03301e-17
-0.0770756 -0.000363281 2.02968e-17
-0.0765459 -0.000203245 2.01957e-17
-0.0760726 -5.56321e-05 2.04289e-17
-0.0764391 -0.000147455 2.04845e-17
-0.0768052 -0.000239164 2.04953e-17
-0.0771709 -0.000330741 2.04731e-17
-0.0775361 -0.000422194 2.04552e-17
-0.0779008 -0.000513547 2.04452e-17
-0.0782651 -0.0006048 2.04488e-17
-0.078629 -0.000695953 2.04635e-17
-0.0789555 -0.000790939 2.05012e-17
-0.0792549 -0.000898367 2.03606e-17
-0.0795356 -0.00101778 2.04421e-17
-0.0804178 -0.00119886 2.07381e-17
-0.0817528 -0.00141226 2.09548e-17
-0.0827927 -0.00159093 2.12165e-17
-0.0837391 -0.00175098 2.12179e-17
-0.0846639 -0.00190415 2.13289e-17
-0.0857189 -0.00205174 2.13064e-17
-0.0870911 -0.00220918 2.16894e-17
-0.0888625 -0.00237563 2.15445e-17
-0.090664 -0.00253726 2.21289e-17
-0.0926138 -0.00271322 2.19116e-17
-0.0946587 -0.00289159 2.23026e-17
-0.0966439 -0.00305866 2.22434e-17
-0.096257 -0.00297854 2.21914e-17
-0.0958697 -0.00289835 2.21571e-17
-0.095482 -0.00281809 2.21649e-17
-0.0950938 -0.00273776 2.21935e-17
-0.0947051 -0.00265736 2.21986e-17
-0.0943161 -0.00257689 2.2274e-17
-0.0939266 -0.00249634 2.22311e-17
-0.0935366 -0.00241572 2.22434e-17
-0.0929466 -0.00233789 2.30036e-17
-0.0921482 -0.00225811 2.25226e-17
-0.0912304 -0.00217317 2.26191e-17
-0.0901948 -0.0020828 2.25067e-17
-0.0892421 -0.001878 2.30344e-17
-0.0882617 -0.00169065 2.31917e-17
-0.0873743 -0.00153611 2.32405e-17
-0.0866112 -0.00140013 2.32635e-17
-0.0858528 -0.00126885 2.32905e-17
-0.0851046 -0.00113737 2.31086e-17
-0.0843431 -0.00100932 2.32258e-17
-0.0836037 -0.000878149 2.31569e-17
-0.0829582 -0.00071876 2.3332e-17
-0.0823242 -0.000560042 2.32647e-17
-0.0816788 -0.000405696 2.33162e-17
-0.0810211 -0.000254759 2.34982e-17
-0.0804091 -0.000118594 2.35558e-17
-0.0805551 -0.000154739 2.34896e-17
-0.0807739 -0.000208929 2.34672e-17
-0.0811018 -0.000290151 2.35281e-17
-0.081593 -0.000411843 2.35347e-17
-0.082174 -0.000555854 2.35177e-17
-0.0827538 -0.000699629 2.34292e-17
-0.0833228 -0.000842548 2.2878e-17
-0.0838081 -0.000999284 2.35359e-17
-0.0842754 -0.00118282 2.35846e-17
-0.0863541 -0.00150083 2.13849e-17
-0.0882291 -0.00178635 1.94117e-17
-0.0899143 -0.00203256 1.79677e-17
-0.0918429 -0.00227403 1.66876e-17
-0.0943144 -0.0024989 1.53496e-17
-0.0971986 -0.00273464 1.34876e-17
-0.100395 -0.00298579 1.23329e-17
-0.103712 -0.00323198 9.95143e-18
-0.107097 -0.00347055 8.37488e-18
-0.110604 -0.00372254 6.9008e-18
-0.114251 -0.00398067 5.4023e-18
-0.118052 -0.00423778 3.78251e-18
-0.122 -0.00448659 1.69424e-18
-0.126038 -0.00472088 -3.54038e-20
-0.130137 -0.00494033 -1.1507e-18
-0.134271 -0.0051471 -2.78925e-18
-0.138421 -0.00534407 -3.88819e-18
-0.142618 -0.00554007 -4.83739e-18
-0.14689 -0.00573384 -6.03568e-18
-0.151222 -0.00592077 -7.24764e-18
-0.155615 -0.00609857 -8.17048e-18
-0.160063 -0.00626563 -8.94581e-18
-0.164558 -0.0064215 -9.89595e-18
-0.169088 -0.00656674 -1.08902e-17
-0.173644 -0.00670254 -1.1386e-17
-0.178241 -0.00682549 -1.25976e-17
-0.182545 -0.00693361 -1.32979e-17
-0.182545 -0.00693361 -1.3424e-17
-0.182494 -0.00692467 -1.31298e-17
-0.181678 -0.00678142 -1.32064e-17
-0.180862 -0.00664047 -1.30851e-17
-0.180045 -0.00649987 -1.30996e-17
-0.179227 -0.00635935 -1.31137e-17
-0.178393 -0.00621916 -1.29796e-17
-0.176981 -0.00608835 -1.2919e-17
-0.175297 -0.00595071 -1.29516e-17
-0.173234 -0.00580625 -1.29175e-17
-0.17081 -0.00563201 -1.27729e-17
-0.16906 -0.00528573 -1.31926e-17
-0.167571 -0.00498142 -1.30337e-17
-0.166281 -0.00467369 -1.3746e-17
-0.165128 -0.00436518 -1.3947e-17
-0.163935 -0.004075 -1.44807e-17
-0.162745 -0.00378809 -1.5051e-17
-0.161679 -0.00349189 -1.48029e-17
-0.160594 -0.00320402 -1.5639e-17
-0.159481 -0.00292168 -1.59999e-17
-0.15848 -0.00267745 -1.65126e-17
-0.158673 -0.00271725 -1.62131e-17
-0.158963 -0.00277694 -1.62364e-17
-0.159398 -0.00286642 -1.61897e-17
-0.160049 -0.00300051 -1.62029e-17
-0.16082 -0.00315925 -1.61772e-17
-0.16159 -0.0033178 -1.61389e-17
-0.16236 -0.00347541 -1.60936e-17
-0.163078 -0.00363649 -1.66263e-17
-0.163679 -0.00383485 -1.50961e-17
-0.164109 -0.00402546 -1.67666e-17
-0.163298 -0.00385993 -1.6119e-17
-0.162485 -0.00369418 -1.57603e-17
-0.16167 -0.00352821 -1.61474e-17
-0.160854 -0.003362 -1.57958e-17
-0.160037 -0.00319554 -1.61877e-17
-0.159218 -0.00302877 -1.57055e-17
-0.158652 -0.00281854 -1.66821e-17
-0.15833 -0.00261596 -1.61635e-17
-0.159108 -0.00277581 -1.60681e-17
-0.159884 -0.00293545 -1.59968e-17
-0.16066 -0.00309491 -1.59901e-17
-0.161434 -0.00325423 -1.60345e-17
-0.162207 -0.00341344 -1.60403e-17
-0.162918 -0.00357709 -1.63735e-17
-0.163514 -0.00377617 -1.69641e-17
-0.164033 -0.0040166 -1.59499e-17
-0.165945 -0.00429996 -1.58822e-17
-0.168145 -0.00460248 -1.56846e-17
-0.170679 -0.0048924 -1.54231e-17
-0.174141 -0.00510241 -1.57332e-17
-0.177834 -0.00528145 -1.57291e-17
-0.181523 -0.00545168 -1.55712e-17
-0.185441 -0.00560426 -1.55689e-17
-0.189429 -0.0057465 -1.58067e-17
-0.193415 -0.00588446 -1.58923e-17
-0.197395 -0.00602004 -1.604e-17
-0.200616 -0.00612908 -1.61086e-17
-0.200404 -0.00609056 -1.6199e-17
-0.200087 -0.00603277 -1.61985e-17
-0.199611 -0.00594603 -1.63262e-17
-0.198896 -0.00581581 -1.62427e-17
-0.198047 -0.00566131 -1.61195e-17
-0.197197 -0.0055066 -1.6151e-17
-0.196191 -0.00535706 -1.6053e-17
-0.194683 -0.0052158 -1.6222e-17
-0.192887 -0.0050685 -1.62663e-17
-0.190681 -0.00491489 -1.64078e-17
-0.188774 -0.0045358 -1.63961e-17
-0.18689 -0.00414468 -1.66012e-17
-0.185275 -0.00376277 -1.66876e-17
-0.184068 -0.00341369 -1.68081e-17
-0.18296 -0.00309415 -1.71076e-17
-0.182012 -0.00279649 -1.72309e-17
-0.181028 -0.00251414 -1.73267e-17
-0.180016 -0.0022406 -1.75418e-17
-0.179278 -0.00197489 -1.76554e-17
-0.17872 -0.0017806 -1.78825e-17
-0.178918 -0.00182337 -1.77448e-17
-0.179214 -0.00188749 -1.77627e-17
-0.179658 -0.00198364 -1.77808e-17
-0.180324 -0.00212778 -1.76848e-17
-0.181112 -0.00229849 -1.76919e-17
-0.181898 -0.00246906 -1.77068e-17
-0.182684 -0.00263952 -1.76656e-17
-0.183389 -0.00281137 8.42119e-17
-0.183982 -0.00301323 -3.70427e-17
-0.184389 -0.00319629 -4.05434e-17
-0.184077 -0.00312839 -1.32727e-17
-0.183765 -0.00306046 -1.31535e-17
-0.183452 -0.00299249 -1.29949e-17
-0.183139 -0.00292449 -1.28499e-17
-0.182826 -0.00285646 -1.27755e-17
-0.182513 -0.00278839 -1.26635e-17
-0.182199 -0.00272029 -1.25421e-17
-0.181885 -0.00265215 -1.26339e-17
-0.181572 -0.00258397 -1.22977e-17
-0.181257 -0.00251576 -1.22753e-17
-0.180943 -0.00244751 -1.20587e-17
-0.180628 -0.00237922 -1.19172e-17
-0.180314 -0.00231089 -1.23759e-17
-0.179998 -0.0022425 -1.16749e-17
-0.179683 -0.00217407 -1.15547e-17
-0.179367 -0.00210558 -1.14689e-17
-0.179074 -0.00203439 -1.10018e-17
-0.178952 -0.00194974 -5.45481e-18
-0.178831 -0.00187023 -7.01346e-19
-0.178812 -0.00183267 1.85091e-18
-0.179567 -0.00199784 1.62893e-18
-0.18032 -0.00216279 1.2173e-18
-0.181073 -0.00232755 7.60112e-19
-0.181824 -0.0024921 9.76991e-19
-0.182576 -0.00265592 6.5532e-19
-0.183276 -0.00281821 6.77568e-17
-0.183861 -0.00300051 -9.26506e-17
-0.184374 -0.00321568 -5.54033e-17
-0.185307 -0.00346484 -5.53231e-17
-0.187447 -0.00373297 -1.20577e-16
-0.188884 -0.00391843 -8.0043e-17
-0.188678 -0.00387446 -8.18342e-17
-0.188369 -0.00380848 -8.17258e-17
-0.187906 -0.00370945 -8.16207e-17
-0.187209 -0.00356077 -8.13611e-17
-0.186383 -0.00338435 -8.11519e-17
-0.185555 -0.00320768 -8.09821e-17
-0.184542 -0.00303832 -8.24325e-17
-0.183016 -0.00288136 -8.37155e-17
-0.181171 -0.00272022 -8.6146e-17
-0.179445 -0.00247443 -4.66324e-17
-0.177799 -0.00218493 -3.02958e-