-10.4516 1.66712e-15 0
-20.9033 1.99509e-14 0
-31.3549 3.02319e-14 -7.51357e-18
-41.8066 3.98669e-14 -2.55615e-19
-52.2582 4.98039e-14 -8.69616e-21
-62.7098 5.97223e-14 -3.43481e-17
-73.1615 7.22659e-14 -1.16854e-18
-83.6131 7.91094e-14 9.87101e-17
-94.0648 9.31965e-14 3.35816e-18
-104.516 1.02498e-13 3.87555e-17
-104.516 1.01023e-13 -2.04768e-16
-90.3968 -1.25613 -1.80651e-16
-76.2797 -2.51197 2.37069e-16
-62.165 -3.76751 9.97545e-17
-48.0528 -5.02277 -9.67357e-17
-33.9431 -6.27773 8.8006e-17
-19.8358 -7.5324 -8.90386e-17
-5.73094 -8.78678 1.43119e-16
8.37144 -10.0409 2.88851e-16
22.4714 -11.2947 6.03088e-18
36.5689 -12.5482 3.46749e-16
50.6639 -13.8014 2.36719e-16
64.7565 -15.0543 3.29575e-17
78.8466 -16.307 1.31019e-16
92.9344 -17.5593 -1.20066e-16
107.02 -18.8114 -4.30737e-17
121.103 -20.0632 8.92431e-17
130.987 -22.1327 -2.61669e-16
139.541 -24.299 1.17639e-16
146.631 -26.5053 2.6018e-16
151.602 -28.7548 3.19532e-16
154.82 -30.9554 2.04544e-16
157.127 -33.0071 3.969e-16
156.71 -35.0417 -4.19977e-16
156.317 -36.8545 -8.23114e-17
153.519 -38.635 -2.85143e-17
150.36 -40.2481 -4.53785e-16
147.263 -41.6962 -1.78609e-16
142.489 -43.1179 -6.01074e-17
136.944 -44.4582 -8.00056e-17
131.478 -45.6825 -6.68411e-16
126.089 -46.8066 -4.60529e-16
120.775 -47.8441 -3.94e-16
114.994 -48.8461 1.70114e-16
107.771 -49.8825 2.67871e-16
100.612 -50.8603 4.17719e-16
93.5097 -51.7842 3.18113e-16
86.461 -52.6588 8.43169e-17
79.4605 -53.4885 -4.31948e-16
72.5035 -54.2772 5.18509e-16
65.5854 -55.0288 3.9276e-16
58.7018 -55.7466 3.25373e-16
51.8487 -56.4336 8.15375e-16
45.0718 -57.088 1.02214e-16
45.5903 -58.1877 -2.27566e-17
56.5393 -60.1804 6.68768e-16
68.0121 -62.3195 -6.26618e-17
79.9354 -64.5739 -1.52221e-16
92.2473 -66.9193 6.67758e-16
104.895 -69.3363 -7.03395e-17
117.835 -71.8096 -5.05504e-16
131.028 -74.3269 9.20739e-16
144.443 -76.8784 1.0131e-16
157.637 -79.3772 -1.13768e-15
170.846 -81.8674 -9.56621e-16
184.194 -84.3712 1.11148e-15
197.662 -86.8846 -1.53748e-16
211.237 -89.4044 -1.41806e-15
224.905 -91.9278 -1.3334e-15
238.655 -94.4525 4.68018e-16
205.03 -91.7372 -1.90615e-17
170.695 -89.1209 -4.91637e-16
136.286 -86.4804 -4.11195e-16
101.808 -83.8151 -4.03033e-16
67.2688 -81.1247 -9.71372e-16
32.6735 -78.4093 -2.27382e-16
-1.97204 -75.6692 -9.48181e-17
-36.6628 -72.9047 -4.23493e-16
-71.3941 -70.1166 -6.26609e-16
-106.162 -67.3055 -3.09085e-16
-140.962 -64.4725 -6.43374e-16
-175.793 -61.6182 -8.00749e-16
-210.65 -58.7438 -7.72734e-16
-245.531 -55.8501 -1.80576e-16
-280.436 -52.9381 -5.44227e-16
-309.227 -47.479 -5.10635e-17
-368.25 -36.7858 3.3961e-16
-372.014 -20.6979 -7.65539e-16
-373.451 -9.58519 -1.23534e-16
-374.033 -2.48404 1.54629e-16
-374.511 1.92664 2.04124e-16
-375.179 4.57339 -6.64598e-16
-376.151 6.18222 4.25115e-16
-377.45 7.12774 -4.78142e-16
-379.039 7.68685 -3.91358e-17
-380.882 8.03017 5.71319e-16
-382.942 8.25658 -1.02493e-16
-385.179 8.42258 3.14715e-16
-387.559 8.56015 2.23755e-16
-390.049 8.68709 -5.64059e-16
-392.627 8.83886 -4.74165e-16
-395.294 9.07729 2.98963e-16
-398.011 9.29951 -2.39714e-16
-400.76 9.51313 5.93285e-16
-403.527 9.72282 2.50017e-16
-406.147 9.92066 -1.3585e-15
-408.607 10.1077 5.5207e-16
-411.065 10.2962 2.79759e-16
-413.493 10.4852 1.02703e-16
-415.824 10.6702 1.02046e-15
-418.143 10.8578 2.94627e-16
-420.448 11.0479 -5.65502e-17
-422.713 11.2388 -1.4847e-17
-424.853 11.4232 7.86563e-16
-426.977 11.6094 -7.71462e-16
-429.085 11.7973 3.63725e-16
-431.175 11.9866 1.64916e-16
-433.105 12.1646 2.98296e-15
-435.004 12.3416 1.39121e-16
-436.889 12.5189 2.08133e-15
-407.415 10.0073 -3.20219e-16
-377.975 7.49132 -8.76327e-16
-348.569 4.96947 -3.96099e-16
-319.195 2.44047 -4.21038e-16
-289.851 -0.0967046 -5.26629e-16
-260.535 -2.64284 -4.54653e-17
-231.247 -5.19845 -3.48947e-16
-201.983 -7.76389 -3.66435e-16
-172.743 -10.3393 -2.28219e-16
-143.526 -12.9247 -3.07785e-16
-114.329 -15.5199 -5.56809e-16
-85.1521 -18.1248 -3.333e-16
-55.9939 -20.7391 -4.50653e-16
-26.8535 -23.3623 -4.06274e-16
2.27011 -25.9942 6.49365e-16
31.3775 -28.6344 -3.15972e-16
53.9425 -31.9885 -2.82984e-16
95.0702 -36.7023 -5.65219e-18
145.946 -42.0115 -1.51964e-16
159.283 -40.3922 1.96413e-16
171.863 -39.178 -2.96125e-16
183.718 -38.3128 4.92278e-19
195.343 -37.6669 -6.60464e-16
206.702 -37.2151 -2.73064e-16
217.368 -37.0111 -2.11409e-16
227.366 -37.0059 5.42065e-17
236.724 -37.1549 6.93513e-18
245.478 -37.417 -1.88148e-16
253.67 -37.7546 -1.74352e-17
261.055 -38.3952 3.99227e-16
267.613 -39.3659 -1.14906e-16
273.685 -40.3697 -8.91336e-17
279.313 -41.3763 4.72357e-17
284.583 -42.3654 -2.08103e-16
289.616 -43.3382 2.21737e-16
294.368 -44.2723 7.09007e-16
298.884 -45.1485 1.11657e-17
302.792 -45.8763 6.87543e-16
306.099 -46.4566 8.71142e-16
309.261 -46.9756 1.03231e-15
312.178 -47.4173 7.9882e-16
315.054 -47.8172 3.9896e-16
317.882 -48.1739 -6.9731e-16
320.364 -48.4509 -3.66208e-16
322.82 -48.696 -7.60449e-16
325.247 -48.9104 -5.00022e-16
327.525 -49.0835 -2.03021e-16
329.533 -49.2105 -3.21121e-16
331.523 -49.3182 -4.33518e-15
333.494 -49.4076 -3.49361e-15
335.423 -49.4783 -2.32573e-15
336.953 -49.5124 -2.1608e-15
338.474 -49.5371 -2.51305e-15
339.989 -49.5528 -1.48428e-15
341.497 -49.5598 -3.59482e-15
309.492 -46.8087 -2.63726e-15
277.462 -44.0526 -3.93801e-15
245.421 -41.2927 -3.53267e-15
213.384 -38.5299 -3.08086e-15
181.325 -35.7616 -3.83135e-15
149.244 -32.9878 -3.53942e-15
117.143 -30.2083 -3.78e-15
85.0217 -27.423 -3.05738e-15
52.8809 -24.6319 -3.08346e-15
20.7212 -21.8349 -3.29287e-15
-11.4934 -19.0548 -3.5332e-15
-43.8534 -16.3363 -3.53142e-15
-76.2424 -13.6234 -3.57908e-15
-108.57 -10.9219 -3.21602e-15
-140.954 -8.21988 -2.42701e-15
-173.394 -5.5154 -2.68036e-15
-238.278 -2.29598 -4.04823e-15
-274.085 0.361185 -3.53993e-15
-291.14 2.78112 -1.85555e-15
-308.114 4.94855 -3.86166e-16
-324.482 6.73159 -8.69662e-16
-340.043 8.26318 4.17216e-16
-354.432 9.80473 -4.58424e-15
-367.943 11.0484 -8.49657e-16
-380.51 12.034 -1.85703e-16
-392.086 12.7949 7.83501e-15
-402.617 13.3589 -1.83135e-15
-412.113 13.7546 -5.45139e-16
-420.617 14.0091 2.74587e-16
-427.414 14.2079 1.05015e-15
-433.382 14.4425 7.36677e-16
-438.849 14.6444 2.46594e-15
-443.8 14.7894 8.13249e-16
-448.25 14.8769 9.31151e-16
-451.16 14.9093 1.36127e-15
-452.415 14.9154 9.61311e-15
-453.576 14.9188 1.90184e-15
-454.726 14.9205 -2.4507e-15
-455.524 14.9199 -2.55474e-16
-456.287 14.9185 8.90748e-15
-457.054 14.9166 -5.31398e-15
-457.83 14.9143 3.75747e-15
-458.615 14.9115 -3.07804e-15
-459.407 14.9085 -4.54405e-15
-460.207 14.9053 -2.95435e-14
-461.013 14.902 -4.12218e-15
-461.824 14.8989 -8.62763e-15
-462.571 14.8961 1.22841e-15
-463.234 14.8937 -1.33243e-16
-463.908 14.8917 -4.27021e-15
-464.592 14.8901 -4.92131e-15
-398.444 9.0949 -3.0564e-15
-332.408 3.30074 -3.69705e-15
-266.481 -2.49661 -3.56421e-15
-200.658 -8.30049 -3.36329e-15
-134.933 -14.1134 -3.34391e-15
-69.303 -19.9371 -3.85937e-15
-3.76176 -25.7725 -1.94453e-15
61.5156 -31.6039 -3.02842e-15
168.672 -42.325 -3.24674e-15
200.13 -39.4092 -2.8065e-15
226.128 -37.8035 -7.54929e-17
239.065 -37.4445 2.606e-15
249.483 -37.3376 -2.8291e-15
257.125 -37.3544 -2.4361e-15
264.037 -37.4492 3.12702e-15
270.578 -37.6008 2.72864e-15
277.003 -37.7781 2.04615e-15
283.069 -38.0156 3.21495e-15
288.82 -38.3004 3.76935e-15
294.295 -38.6214 2.31343e-15
299.452 -38.9625 3.46957e-15
304.269 -39.3086 7.17021e-16
308.875 -39.6591 1.04839e-15
313.296 -40.007 7.31789e-15
317.574 -40.3468 5.09437e-15
321.729 -40.6721 3.50107e-15
325.778 -40.9765 -1.79135e-15
329.641 -41.4247 -9.67779e-16
333.313 -42.0385 -1.01018e-15
336.894 -42.6455 -7.76715e-15
340.39 -43.2393 -4.0593e-15
343.805 -43.8136 -3.57879e-15
347.142 -44.3621 1.5358e-15
350.403 -44.8849 -2.02949e-15
353.594 -45.4429 -2.29337e-15
356.71 -45.956 -1.31708e-15
359.711 -46.4142 -4.6427e-15
362.633 -46.8187 4.43179e-15
365.477 -47.1653 -4.89563e-15
368.243 -47.4643 2.82649e-15
371.016 -48.1971 2.74044e-16
373.863 -49.5843 -7.31864e-15
376.634 -50.7261 2.29576e-15
379.329 -51.8025 1.93398e-15
381.95 -52.7028 -4.03726e-15
384.49 -53.4316 -1.55129e-15
386.939 -54.0307 -3.9441e-16
389.283 -54.5484 1.54048e-15
391.492 -55.161 1.06974e-14
393.562 -55.8043 -2.09507e-15
395.448 -56.4542 1.3005e-15
397.125 -57.1595 9.03561e-16
398.598 -57.9449 -4.73899e-15
342.862 -52.5159 8.54509e-15
287.031 -47.1158 9.67273e-15
231.097 -41.7386 5.18132e-15
175.052 -36.3775 1.43049e-15
118.892 -31.0248 1.31072e-15
62.6189 -25.6729 6.60521e-15
6.23338 -20.3142 -3.05088e-15
-50.2602 -14.9424 -4.40862e-15
-105.928 -9.51866 -1.01282e-14
-154.807 -3.13906 2.42094e-15
-262.729 5.45994 1.5058e-14
-284.668 7.7343 -6.81622e-15
-304.648 9.55004 -1.45347e-14
-319.582 11.4137 -1.34706e-14
-333.484 12.8628 -4.59857e-15
-346.677 14.0845 -8.38384e-15
-358.717 15.3232 -2.99807e-15
-369.614 16.9263 -2.04443e-15
-380.07 18.1714 -6.77892e-15
-390.101 19.1231 -9.78185e-15
-399.675 19.8362 5.47318e-16
-408.767 20.3545 4.96923e-17
-417.356 20.7123 -4.35302e-15
-425.423 20.9357 4.48956e-16
-432.915 21.0454 3.45983e-15
-439.834 21.078 -2.81343e-15
-446.183 21.0746 -6.06377e-15
-451.937 21.1275 3.81048e-15
-457.198 21.0709 -4.91832e-15
-461.983 20.9255 -9.19264e-15
-466.317 20.7117 -4.39882e-15
-470.229 20.4501 9.83846e-17
-473.752 20.1604 5.90627e-16
-423.786 15.5366 -6.09293e-15
-373.855 10.9171 -4.87845e-15
-323.959 6.30179 -1.72092e-15
-274.099 1.69076 -4.374e-15
-224.274 -2.91602 -2.03291e-15
-174.485 -7.51856 -1.59062e-15
-124.731 -12.1169 -5.06342e-15
-75.0128 -16.711 -4.37046e-15
-25.3288 -21.3009 -8.02127e-15
24.3215 -25.8868 -3.86967e-15
73.9406 -30.4689 -1.71083e-15
142.506 -36.1934 -7.95023e-15
204.273 -38.9509 -1.4504e-14
215.351 -37.1947 -9.07588e-13
225.705 -38.0331 4.94164e-13
235.949 -38.4675 4.18576e-13
245.294 -38.6124 3.71805e-13
254.234 -38.5943 3.16554e-13
262.637 -38.4496 3.08774e-13
204.951 -33.0472 2.88563e-13
147.225 -27.6399 2.72434e-13
89.4599 -22.2275 2.68403e-13
31.6549 -16.8101 2.59009e-13
-26.1897 -11.3877 2.45279e-13
-84.0739 -5.96032 2.45217e-13
-141.998 -0.527887 2.26959e-13
-199.961 4.90959 2.26653e-13
-256.108 10.2865 3.93302e-14
-306.762 15.8402 -5.88277e-14
-416.566 21.8099 -9.99577e-14
-427.391 20.5567 -3.73731e-14
-435.181 19.5796 -9.18451e-14
-442.725 18.5794 -1.0729e-13
-444.463 18.3767 -8.61968e-14
-446.954 18.12 -9.87288e-14
-450.443 17.8288 -1.04546e-13
-455.343 17.6306 -9.99222e-14
-460.391 17.5406 -1.04611e-13
-398.549 11.8671 -1.09066e-13
-336.754 6.19936 -1.08834e-13
-275.007 0.53744 -1.0798e-13
-213.307 -5.11868 -1.0869e-13
-151.654 -10.769 -1.07924e-13
-90.0489 -16.4136 -1.0842e-13
-28.4908 -22.0523 -1.07971e-13
32.9754 -27.6812 -1.07963e-13
94.3619 -33.3013 -1.08279e-13
195.06 -41.1802 -1.31782e-13
232.103 -41.7949 -9.22367e-14
246.015 -41.4864 -6.95648e-14
257.411 -40.9198 -3.86661e-14
268.277 -40.2404 -2.96173e-14
278.419 -39.5036 -2.28185e-14
287.85 -38.7347 -1.44035e-14
296.644 -37.9648 8.70834e-16
305.76 -38.0384 2.38763e-14
314.998 -38.498 2.38096e-14
321.648 -41.5171 5.8332e-14
327.761 -44.2524 7.39733e-14
333.83 -46.2108 8.87986e-14
339.821 -47.6134 1.09123e-13
344.422 -50.2808 1.54215e-13
348.66 -52.7024 1.35443e-13
352.471 -55.0316 1.69068e-13
356.086 -56.9992 1.88909e-13
359.712 -58.4295 1.99717e-13
362.984 -60.109 2.00651e-13
365.918 -61.8728 2.06704e-13
368.296 -63.6671 2.28079e-13
307.321 -57.4186 2.31838e-13
246.194 -51.1855 2.31488e-13
184.909 -44.959 2.30751e-13
123.467 -38.73 2.30086e-13
61.8701 -32.4896 2.29522e-13
0.132925 -26.2311 2.28448e-13
-61.7082 -19.9506 2.29915e-13
-119.949 -13.7711 -5.81135e-13
-171.162 -7.39239 -4.40732e-14
-266.791 1.2818 -2.51298e-13
-332.499 7.2836 1.75781e-13
-356.111 9.37714 1.40615e-13
-374.21 11.0949 8.06663e-14
-388.313 12.4099 1.11879e-13
-400.485 13.5063 1.57385e-13
-411.386 14.4395 1.50933e-13
-421.632 15.2582 1.26297e-13
-431.079 16.239 7.96403e-14
-440.009 17.17 1.95563e-14
-448.344 17.9561 3.56649e-14
-456.077 18.5991 -4.10544e-15
-463.188 19.1023 1.59237e-14
-469.603 19.5569 8.48296e-14
-473.523 19.9432 4.01585e-14
-473.366 19.863 8.30332e-14
-473.012 19.6915 3.39182e-14
-472.399 18.9386 5.28172e-14
-471.616 18.2117 4.99735e-14
-421.974 13.1852 4.87939e-14
-372.369 8.16367 4.22236e-14
-322.818 3.14881 4.30759e-14
-273.306 -1.86081 4.3378e-14
-223.834 -6.86518 4.77579e-14
-174.402 -11.8643 4.77684e-14
-125.009 -16.8582 4.80263e-14
-75.6558 -21.8469 4.6096e-14
-26.3395 -26.8306 4.90647e-14
22.946 -31.81 4.94292e-14
127.143 -38.5008 5.05081e-14
223.086 -42.9402 8.88409e-14
234.532 -44.6857 9.27651e-14
245.435 -46.118 6.97614e-14
254.827 -47.1234 5.98667e-14
210.798 -42.6393 6.66298e-14
166.744 -38.1518 6.24314e-14
122.666 -33.6608 6.73837e-14
78.5625 -29.1665 6.24403e-14
34.4344 -24.6687 6.62529e-14
-9.71863 -20.1674 6.22878e-14
-53.8966 -15.6627 6.65655e-14
-98.0996 -11.1545 6.20878e-14
-142.328 -6.64286 6.60553e-14
-186.07 -2.17129 6.11385e-14
-224.831 2.00389 4.49942e-14
-261.549 6.23683 5.72918e-14
-322.176 11.3145 5.09736e-14
-436.399 16.2285 5.03798e-14
-435.974 14.9979 3.8307e-14
-435.326 14.2417 3.6002e-14
-434.345 12.2394 2.93965e-14
-432.96 10.6008 3.57314e-14
-431.402 9.6147 2.8449e-14
-401.24 6.61964 2.45743e-14
-371.094 3.62679 2.60292e-14
-340.965 0.636141 2.62445e-14
-310.851 -2.35231 2.23016e-14
-280.754 -5.33855 2.49283e-14
-250.674 -8.3226 2.4882e-14
-220.61 -11.3044 2.49133e-14
-190.561 -14.2841 2.51723e-14
-160.53 -17.2616 2.54871e-14
-130.514 -20.2369 2.52903e-14
-92.906 -23.4425 2.56849e-14
-32.443 -27.6666 3.11974e-14
38.7754 -32.553 2.96785e-14
118.425 -37.8637 3.12142e-14
167.901 -43.7463 2.37895e-14
192.368 -46.1613 2.05968e-14
205.755 -46.765 1.59749e-14
217.105 -46.721 1.62788e-14
228.136 -46.2578 9.31504e-15
238.233 -45.5257 1.3143e-14
197.548 -41.4303 1.32448e-14
156.835 -37.3311 1.22403e-14
116.096 -33.2282 1.21694e-14
75.3304 -29.1217 1.27428e-14
34.5381 -25.0115 1.64693e-14
-6.28114 -20.8976 1.61139e-14
-47.1275 -16.78 1.60585e-14
-88.0013 -12.6586 1.2228e-14
-125.629 -8.74953 -5.22989e-15
-159.894 -4.86682 1.07637e-14
-192.239 -0.820368 1.35446e-14
-283.774 6.33625 2.07405e-14
-422.649 14.9174 6.60349e-15
-438.132 16.1808 1.29853e-14
-437.118 16.3003 2.78635e-14
-435.992 15.7762 3.47605e-14
-434.567 14.5766 3.2903e-14
-432.626 13.1032 4.2051e-14
-430.397 12.1679 2.98609e-14
-427.983 11.5748 4.94754e-14
-425.371 11.1538 3.59825e-14
-422.535 10.7648 3.92491e-14
-419.507 10.4828 4.25242e-14
-416.507 10.1439 3.84549e-14
-378.02 6.87076 3.91167e-14
-339.567 3.60168 4.01179e-14
-301.152 0.337311 4.1385e-14
-262.774 -2.92268 4.19016e-14
-224.431 -6.17907 4.27244e-14
-186.123 -9.43192 4.3088e-14
-147.853 -12.6812 4.35356e-14
-83.5617 -16.0671 4.79369e-14
-0.383507 -19.8965 5.32448e-14
82.25 -23.9536 4.95564e-14
115.453 -28.5971 4.58645e-14
139.542 -33.2227 4.11319e-14
157.6 -36.0102 3.8106e-14
172.043 -37.8119 3.73692e-14
184.399 -39.0861 3.25055e-14
194.477 -40.2759 3.39563e-14
203.687 -41.5561 3.16185e-14
212.062 -42.966 3.05186e-14
220.352 -43.7545 2.31413e-14
227.82 -45.0081 2.59834e-14
234.752 -46.2268 2.61406e-14
240.936 -47.2178 2.7537e-14
208.591 -43.8623 2.41719e-14
176.225 -40.5037 2.20941e-14
143.837 -37.1422 2.17766e-14
111.429 -33.7778 2.16943e-14
79.0007 -30.4103 2.13171e-14
46.551 -27.0398 2.32222e-14
14.0802 -23.6664 2.10784e-14
-18.412 -20.2899 2.0703e-14
-48.0652 -17.0299 5.5316e-14
-74.7512 -13.6885 2.99877e-14
-99.7453 -10.1312 2.21998e-14
-123.017 -6.34628 1.97014e-14
-235.902 2.23137 1.61663e-14
-344.427 10.0781 -1.9518e-15
-434.552 16.5506 5.05673e-15
-434.643 17.675 1.49885e-14
-433.421 18.3739 2.05791e-14
-432.158 18.7133 1.12671e-14
-430.911 18.9572 2.13233e-14
-429.513 18.5901 1.32526e-14
-427.433 17.0621 4.64388e-15
-425.095 15.6673 2.54647e-14
-422.623 14.5608 2.81166e-14
-420.051 13.7002 1.19813e-14
-417.628 13.0782 1.37568e-14
-403.552 11.8469 1.43849e-14
-382.447 10.0009 1.27707e-14
-350.806 7.23405 1.6881e-14
-303.387 3.08857 1.61699e-14
-247.249 -1.81718 1.7777e-14
-191.18 -6.71491 1.60741e-14
-129.078 -11.5835 3.53522e-15
-15.0586 -16.9228 1.19739e-14
90.2584 -22.6574 6.81141e-14
127.857 -30.7099 -2.9914e-14
155.162 -35.8975 -1.53313e-14
174.998 -39.0008 -2.37061e-14
191.616 -41.1202 -2.68753e-14
204.209 -42.9365 -3.47316e-14
215.23 -44.7835 -4.88873e-14
224.452 -47.1629 -6.21488e-14
232.978 -49.0024 -6.51939e-14
241.122 -50.1927 -7.79238e-14
248.428 -51.8069 -9.14614e-14
254.832 -53.7627 -1.02726e-13
260.178 -56.0977 -1.09419e-13
264.506 -58.6927 -1.19227e-13
268.029 -61.2982 -1.31299e-13
271.049 -63.7101 -1.44189e-13
273.83 -65.7939 -1.54186e-13
276.558 -67.4858 -1.62047e-13
278.71 -69.5988 -1.73452e-13
279.893 -72.5407 -1.86115e-13
280.332 -75.9541 -1.96408e-13
279.992 -79.8416 -2.14181e-13
278.906 -84.1423 -2.28639e-13
277.161 -88.7556 -2.43099e-13
274.866 -93.5724 -2.57069e-13
272.129 -98.4952 -2.77264e-13
268.578 -103.88 -2.91811e-13
265.419 -108.438 -3.10161e-13
265.419 -108.438 -3.06692e-13
262.074 -108.009 -3.00707e-13
208.535 -101.131 -3.03788e-13
154.749 -94.3653 -3.0101e-13
100.811 -87.6158 -3.01149e-13
46.7195 -80.8697 -3.02224e-13
-7.19377 -74.1402 -2.98743e-13
-48.7935 -67.8603 -2.89248e-13
-84.7498 -61.2531 -2.86844e-13
-112.453 -54.318 -2.83965e-13
-145.055 -45.9537 -2.99281e-13
-319.164 -29.3303 -3.5073e-13
-445.989 -12.7053 -3.43988e-13
-444.222 0.856156 -2.29726e-13
-440.975 8.04025 -1.59954e-13
-437.438 11.4402 -1.23109e-13
-433.617 12.97 -9.31636e-14
-429.227 13.3309 -1.06878e-13
-424.673 13.3283 -5.6544e-14
-420 13.2152 -6.07286e-14
-415.849 13.1082 -3.81961e-14
-404.687 11.8167 -4.28081e-14
-387.949 9.88027 -4.3553e-14
-362.855 6.97737 -4.30131e-14
-325.239 2.62693 -4.39712e-14
-280.7 -2.52319 -4.37309e-14
-236.203 -7.66705 -4.35806e-14
-191.816 -12.7806 -4.3352e-14
-128.576 -18.0065 -4.65154e-14
-20.1704 -24.4419 -5.36116e-14
70.3503 -30.4294 -5.65794e-14
24.3385 -25.0458 -5.52288e-14
-21.7153 -19.6549 -4.54123e-14
-67.8114 -14.2567 -5.53148e-14
-113.951 -8.85101 -4.54862e-14
-160.142 -3.43701 -5.53279e-14
-206.399 1.98713 -4.69538e-14
-352.346 8.82481 -6.77924e-14
-413.142 10.4178 -5.41409e-15
-368.488 5.33674 -5.31921e-15
-323.89 0.262009 -3.7124e-15
-279.347 -4.80718 -4.61777e-15
-234.858 -9.87165 -6.02149e-15
-190.417 -14.9326 -5.93787e-15
-123.666 -20.1348 -9.02193e-15
-13.9078 -26.4633 -6.98651e-15
82.2623 -33.4515 -2.11009e-15
114.719 -40.0968 -5.34346e-15
138.916 -45.8902 -6.77631e-15
156.801 -50.4073 -2.55117e-15
164.741 -54.2632 -7.06836e-15
170.07 -57.6345 -8.57208e-15
175.266 -60.4023 -1.1775e-14
177.991 -63.5621 -1.54728e-14
179.976 -66.6287 -1.65e-14
181.905 -69.4413 -1.67058e-14
183.822 -72.034 -1.82741e-14
185.384 -73.9987 -1.99776e-14
175.156 -72.6698 -2.02271e-14
159.809 -70.6756 -2.11808e-14
136.78 -67.6828 -2.23792e-14
102.216 -63.1897 -2.13165e-14
61.2191 -57.8586 -2.74914e-14
20.1841 -52.5205 -2.71994e-14
-18.448 -47.3605 -2.17331e-14
-49.2644 -42.4864 -2.57927e-14
-75.5423 -37.404 -2.40458e-14
-94.8583 -32.1038 -2.25715e-14
-226.032 -19.0235 -2.71596e-14
-387.722 -5.52812 -3.5036e-14
-419.818 5.02314 -2.98885e-14
-414.879 9.69106 -1.57e-14
-409.789 11.6142 -1.49371e-14
-404.504 12.0338 -5.29871e-15
-399.336 12.081 -1.00371e-14
-394.278 12.0228 3.1456e-17
-388.899 11.4734 -8.14077e-15
-384.922 11.1212 1.44768e-15
-374.416 9.95821 -1.08317e-16
-358.662 8.2143 -1.11647e-16
-335.042 5.59942 1.89215e-15
-299.641 1.67933 3.38587e-15
-257.726 -2.96317 3.0799e-15
-215.854 -7.60194 3.07001e-15
-174.02 -12.2378 2.86041e-15
-108.586 -16.9115 1.38172e-12
-9.33719 -22.4011 6.3803e-13
57.7643 -27.1532 8.243e-13
41.1981 -25.3014 1.37529e-12
24.6264 -23.4487 1.37504e-12
8.04893 -21.595 1.37504e-12
-8.53418 -19.7404 1.37667e-12
-25.123 -17.8848 1.375e-12
-41.7176 -16.0283 1.37426e-12
-58.3179 -14.1708 1.37448e-12
-74.9239 -12.3124 1.36946e-12
-91.536 -10.4531 1.37423e-12
-108.154 -8.59268 1.37571e-12
-124.779 -6.73125 1.37779e-12
-141.411 -4.86874 1.3781e-12
-158.051 -3.00499 1.36481e-12
-174.701 -1.13989 1.37748e-12
-191.36 0.726596 1.37733e-12
-208.029 2.59453 1.37695e-12
-231.768 4.53601 1.39141e-12
-308.21 6.84492 1.5927e-12
-384.834 9.01348 1.76914e-12
-384.643 8.97121 1.69012e-12
-344.251 4.4871 1.68894e-12
-303.897 0.00868124 1.6856e-12
-263.579 -4.46416 1.68196e-12
-223.298 -8.93158 1.68855e-12
-183.151 -13.3791 1.68682e-12
-127.768 -17.7851 2.37351e-12
-37.5724 -22.7343 1.98349e-12
53.3044 -28.4124 3.54671e-12
93.1109 -33.6471 3.68621e-12
115.336 -38.9211 2.75291e-12
128.335 -42.1107 3.28055e-12
117.567 -40.8873 3.35906e-12
101.412 -39.0516 3.35912e-12
77.1683 -36.2962 3.35901e-12
40.7811 -32.1595 3.36006e-12
-2.37943 -27.2508 3.3598e-12
-45.5802 -22.3354 3.35816e-12
-86.2125 -17.