-4.05439e-13 -0.0998547
-4.07949e-13 -0.199709
-4.09301e-13 -0.299564
-4.10678e-13 -0.399419
-4.11938e-13 -0.499274
-4.13354e-13 -0.599128
-4.15006e-13 -0.698983
-4.16039e-13 -0.798838
-4.17761e-13 -0.898692
-4.18942e-13 -0.998547
-4.18942e-13 -0.998547
0.603318 -0.998643
1.2065 -0.99893
1.80953 -0.999409
2.41243 -1.00008
3.01519 -1.00094
3.6178 -1.00199
4.22028 -1.00324
4.82262 -1.00467
5.42481 -1.0063
6.02687 -1.00811
6.62879 -1.01012
7.23056 -1.01232
7.8322 -1.0147
8.4337 -1.01728
9.03505 -1.02005
9.63628 -1.023
10.2374 -1.04249
10.8383 -1.06639
11.4391 -1.09448
12.0398 -1.12778
12.6404 -1.16491
13.2409 -1.2041
13.8414 -1.24843
14.4419 -1.29292
15.0424 -1.34141
15.6429 -1.39062
16.2432 -1.43987
16.8435 -1.49158
17.4437 -1.54448
18.0438 -1.59738
18.6438 -1.65029
19.2437 -1.70321
19.8435 -1.7568
20.4432 -1.81225
21.0429 -1.86774
21.6424 -1.92329
22.2419 -1.9789
22.8412 -2.0346
23.4404 -2.09039
24.0396 -2.14628
24.6386 -2.20229
25.2376 -2.25842
25.8364 -2.31477
26.4352 -2.36809
27.0338 -2.41405
27.6324 -2.45979
28.2308 -2.50539
28.8292 -2.55088
29.4274 -2.5963
30.0256 -2.6417
30.6236 -2.68709
31.2216 -2.7325
31.8194 -2.77874
32.4172 -2.82533
33.0148 -2.872
33.6124 -2.91877
34.2098 -2.96565
34.8072 -3.01266
35.4044 -3.0598
34.0323 -3.03513
32.6595 -3.01179
31.286 -2.98946
29.9117 -2.96814
28.5366 -2.94784
27.1608 -2.92854
25.7843 -2.91026
24.407 -2.89298
23.029 -2.8767
21.6502 -2.86143
20.2707 -2.84717
18.8905 -2.83391
17.5095 -2.82166
16.1278 -2.81041
14.7453 -2.80017
13.3621 -2.77239
11.9781 -2.77419
10.5933 -2.80502
9.20772 -2.84555
7.82148 -2.89004
6.43457 -2.93816
5.04705 -2.99018
3.65896 -3.04918
2.27034 -3.11405
0.881195 -3.1821
-0.508465 -3.25271
-1.89864 -3.32534
-3.28932 -3.39956
-4.68052 -3.47502
-6.07223 -3.55144
-7.46447 -3.62909
-8.85724 -3.70956
-10.2505 -3.79102
-11.6444 -3.87338
-13.0387 -3.95655
-14.4336 -4.04399
-15.8291 -4.13577
-17.2251 -4.22818
-18.6216 -4.32173
-20.0187 -4.41806
-21.4164 -4.51493
-22.8146 -4.61232
-24.2133 -4.71086
-25.6126 -4.81314
-27.0125 -4.91591
-28.4129 -5.01917
-29.8139 -5.12289
-31.2155 -5.23203
-32.6176 -5.34226
-34.0203 -5.453
-32.7429 -5.43065
-31.4662 -5.4092
-30.19 -5.38865
-28.9145 -5.36899
-27.6396 -5.35021
-26.3653 -5.33232
-25.0917 -5.31532
-23.8186 -5.29919
-22.5462 -5.28394
-21.2744 -5.26957
-20.0032 -5.25606
-18.7327 -5.24342
-17.4627 -5.23165
-16.1934 -5.22074
-14.9247 -5.21069
-13.6567 -5.2015
-12.3893 -5.21285
-11.1225 -5.22654
-9.85644 -5.23869
-8.59102 -5.25091
-7.32614 -5.26611
-6.06177 -5.28445
-4.79789 -5.30463
-3.5345 -5.3267
-2.2716 -5.35208
-1.00917 -5.38088
0.252793 -5.41313
1.51428 -5.44881
2.77531 -5.48783
4.03588 -5.5313
5.29599 -5.57951
6.55565 -5.63105
7.81485 -5.68592
9.07361 -5.74352
10.3319 -5.8029
11.5898 -5.86434
12.8472 -5.92756
14.1042 -5.99931
15.3607 -6.08037
16.6167 -6.16366
17.8723 -6.25146
19.1274 -6.33963
20.382 -6.42836
21.6361 -6.52488
22.8898 -6.62176
24.143 -6.71898
25.3958 -6.81985
26.6481 -6.9279
27.8999 -7.03636
29.1512 -7.14519
30.4021 -7.25507
31.6525 -7.37741
32.9024 -7.50015
34.1519 -7.62325
35.4009 -7.74668
34.0567 -7.72212
32.7117 -7.69852
31.366 -7.67611
30.0196 -7.65513
28.6725 -7.63513
27.3247 -7.61609
25.9761 -7.59803
24.6269 -7.58095
23.2769 -7.56484
21.9262 -7.5497
20.5748 -7.53556
19.2227 -7.52245
17.8699 -7.5106
16.5163 -7.50085
15.162 -7.4921
13.807 -7.48437
12.4513 -7.49097
11.0948 -7.50287
9.73744 -7.51187
8.3794 -7.52486
7.02074 -7.5413
5.66151 -7.56065
4.3017 -7.58091
2.94133 -7.60468
1.5804 -7.63213
0.218923 -7.6634
-1.14311 -7.69894
-2.50569 -7.73861
-3.86881 -7.78201
-5.23247 -7.81001
-6.59668 -7.8383
-7.96142 -7.87282
-9.32669 -7.91259
-10.6925 -7.95657
-12.0588 -8.02145
-13.4257 -8.11825
-14.7931 -8.21814
-16.161 -8.31874
-17.5295 -8.43346
-18.8986 -8.54585
-20.2682 -8.65838
-21.6384 -8.77134
-23.0092 -8.8847
-24.3806 -8.99846
-25.7525 -9.11261
-27.125 -9.22716
-28.498 -9.3421
-29.8717 -9.4621
-31.2459 -9.58887
-32.6207 -9.71607
-33.996 -9.84369
-31.1574 -9.79605
-28.3217 -9.75288
-25.4892 -9.71417
-22.6597 -9.67987
-19.8333 -9.64997
-17.01 -9.62443
-14.1897 -9.60323
-11.3726 -9.58819
-8.55855 -9.58801
-5.7477 -9.60253
-2.93947 -9.60329
-0.133673 -9.67073
2.66972 -9.77279
5.47073 -9.90565
8.26939 -10.0569
11.0657 -10.2161
13.8598 -10.3814
16.6515 -10.5538
19.4409 -10.7328
22.228 -10.918
25.0125 -11.1133
27.7947 -11.3215
30.5743 -11.5338
33.3516 -11.7494
36.1264 -11.9701
38.8989 -12.1956
41.669 -12.4256
44.4366 -12.6601
47.202 -12.8991
49.9649 -13.1419
52.7256 -13.3884
55.4839 -13.6384
58.2399 -13.8917
60.9937 -14.1482
63.7451 -14.4077
66.4943 -14.6702
69.2413 -14.9388
71.986 -15.2108
74.7284 -15.4858
77.4687 -15.7639
80.2068 -16.042
82.9427 -16.3178
85.6764 -16.5967
88.4079 -16.8777
91.1374 -17.1615
93.8647 -17.4481
96.59 -17.7376
99.3132 -18.0301
102.034 -18.3251
104.753 -18.6233
107.47 -18.9275
110.186 -19.2377
112.899 -19.5541
110.482 -19.4036
108.063 -19.2565
105.642 -19.1127
103.218 -18.9722
100.792 -18.835
98.3634 -18.7011
95.9324 -18.5706
93.4989 -18.4433
91.0628 -18.3163
88.6237 -18.1691
86.1808 -18.0522
83.7324 -18.0155
81.2805 -17.9841
78.8263 -17.9253
76.3698 -17.8794
73.9113 -17.8368
71.4509 -17.79
68.9885 -17.7414
66.5241 -17.6992
64.0578 -17.6638
61.5895 -17.635
59.1192 -17.6131
56.6471 -17.5979
54.173 -17.5893
51.6971 -17.5854
49.2192 -17.5859
46.7396 -17.5941
44.2582 -17.6103
41.7751 -17.6332
39.2902 -17.6626
36.8036 -17.6984
34.3152 -17.7405
31.825 -17.7888
33.9642 -17.8292
36.1016 -17.8722
38.2372 -17.9177
40.371 -17.9656
42.503 -18.016
44.6332 -18.0688
46.7616 -18.1241
48.8882 -18.1818
51.013 -18.242
53.1361 -18.3045
55.2574 -18.3695
57.3775 -18.429
59.4967 -18.4619
61.6159 -18.5586
63.7349 -18.6815
65.8527 -18.8118
67.969 -18.9577
70.0838 -19.1078
72.1973 -19.2682
69.7282 -19.1713
67.2567 -19.0775
64.7827 -18.9869
62.3062 -18.8996
59.8273 -18.8154
57.3459 -18.7345
54.8621 -18.6569
52.3757 -18.5824
49.8869 -18.5042
47.3952 -18.4082
44.9004 -18.3487
42.4017 -18.3693
39.8994 -18.3711
37.3948 -18.3923
36.7683 -18.4034
35.8284 -18.4218
34.418 -18.4492
32.3013 -18.4922
29.952 -18.5434
32.5912 -18.5899
35.2278 -18.6401
37.8616 -18.6939
40.4926 -18.7515
43.1209 -18.8126
45.7465 -18.8774
48.3693 -18.9459
50.9894 -19.0187
53.607 -19.0957
56.2225 -19.16
58.8371 -19.2252
61.4518 -19.3648
64.0652 -19.5382
66.6766 -19.7174
69.2853 -19.9068
71.8921 -20.1069
74.4968 -20.307
77.0995 -20.5135
79.7003 -20.7264
82.2992 -20.9672
84.8962 -21.2188
87.4913 -21.4758
90.0846 -21.7377
92.676 -22.0134
95.2655 -22.2963
97.8531 -22.588
100.439 -22.8864
103.023 -23.1893
105.605 -23.4978
108.185 -23.8121
110.599 -24.1123
107.91 -23.9428
105.219 -23.7771
102.524 -23.6152
99.8267 -23.4571
97.1262 -23.3029
94.4228 -23.1527
91.7164 -23.007
89.0068 -22.8539
86.2937 -22.6811
83.5764 -22.5219
80.854 -22.3874
78.126 -22.3226
75.3948 -22.2618
72.6609 -22.1881
69.9244 -22.1432
67.1855 -22.1066
64.444 -22.0766
61.7002 -22.0492
58.954 -22.0278
56.2054 -22.0119
53.4545 -22.0015
50.7012 -21.9956
47.9455 -21.991
45.1877 -21.9901
42.4277 -21.9946
39.6655 -22.0038
36.901 -22.0208
34.2983 -22.0433
36.7766 -22.0979
39.2525 -22.1559
41.726 -22.2177
44.197 -22.2827
46.6656 -22.3511
49.1318 -22.4228
51.5956 -22.4977
54.057 -22.5759
56.5161 -22.6573
58.9731 -22.742
61.4286 -22.8036
63.8835 -22.8338
66.3383 -22.9539
68.7922 -23.0832
71.1042 -23.2157
69.074 -23.133
67.0422 -23.0525
65.0088 -22.974
62.9736 -22.8977
60.9368 -22.8236
58.8984 -22.7516
56.8582 -22.6818
54.8164 -22.6141
52.7729 -22.5486
50.7278 -22.4834
48.6809 -22.4015
46.632 -22.3141
44.5811 -22.2342
42.528 -22.1986
40.4722 -22.1733
38.414 -22.1467
36.3538 -22.1702
34.2922 -22.2119
32.355 -22.252
34.3026 -22.2913
36.2488 -22.3327
38.1934 -22.376
40.1366 -22.4213
42.0783 -22.4686
44.0185 -22.5179
45.9571 -22.5691
47.8943 -22.6223
49.83 -22.6774
51.7642 -22.7345
53.697 -22.7888
55.6284 -22.8307
57.5587 -22.8678
59.4881 -22.9015
61.4171 -22.9954
63.346 -23.0863
65.2748 -23.1932
67.2029 -23.3115
69.1298 -23.4311
70.9192 -23.5439
68.4902 -23.4462
66.0589 -23.3516
63.6252 -23.26
61.1891 -23.1718
58.7506 -23.0867
56.3098 -23.0047
53.8665 -22.9258
51.4208 -22.8501
48.9727 -22.7615
46.5219 -22.6595
44.0682 -22.5512
41.6113 -22.4744
39.1508 -22.4316
36.6873 -22.4415
34.2216 -22.4291
31.7541 -22.4296
29.2849 -22.4532
26.8138 -22.5063
24.3411 -22.5645
21.8666 -22.6326
19.3904 -22.7067
16.9124 -22.789
14.4326 -22.877
12.1153 -22.967
14.8911 -22.9845
17.6639 -23.0062
20.4337 -23.0321
23.2004 -23.062
25.9642 -23.096
28.7249 -23.1341
31.4827 -23.1763
34.2374 -23.1999
36.9896 -23.2113
39.7396 -23.2157
42.4883 -23.2658
45.2359 -23.352
47.9818 -23.4043
50.7254 -23.4996
53.4666 -23.6157
56.2053 -23.7643
58.9417 -23.9313
61.6759 -24.1197
64.4079 -24.3116
67.1379 -24.5163
69.8658 -24.7308
72.4314 -24.9402
70.0349 -24.841
67.636 -24.7447
65.2349 -24.6515
62.8314 -24.5614
60.4256 -24.4744
58.0174 -24.3904
55.6069 -24.3095
53.1941 -24.2316
50.7789 -24.1406
48.3611 -24.0359
45.9404 -23.9245
43.5168 -23.8068
41.09 -23.7559
38.6602 -23.7193
36.2282 -23.7104
33.7942 -23.6857
31.3584 -23.6762
28.9208 -23.6855
26.4813 -23.6938
24.0399 -23.7155
21.5967 -23.768
19.1517 -23.8285
16.7049 -23.8921
14.2564 -23.9582
12.0131 -24.0211
13.0562 -24.0275
14.6199 -24.0383
16.9638 -24.0569
20.4756 -24.0902
24.6314 -24.1383
28.7804 -24.1956
32.9227 -24.2565
37.0588 -24.2791
41.1903 -24.2878
45.3189 -24.4263
49.444 -24.5392
53.5645 -24.6995
57.68 -24.8986
61.7904 -25.1657
65.8957 -25.4634
69.9963 -25.792
74.0925 -26.1373
78.1843 -26.4959
82.2718 -26.8727
86.3548 -27.2704
90.4334 -27.692
94.5077 -28.1379
98.5775 -28.6054
102.643 -29.0904
106.704 -29.5893
110.761 -30.0996
114.813 -30.6255
118.861 -31.1707
122.904 -31.7334
126.943 -32.3134
130.977 -32.9101
135.007 -33.5223
139.032 -34.1484
143.052 -34.787
147.068 -35.4404
150.829 -36.0601
150.829 -36.0601
150.595 -36.0391
146.856 -35.7064
143.112 -35.381
139.362 -35.0629
135.607 -34.7519
131.845 -34.4472
128.075 -34.1009
124.297 -33.7388
120.51 -33.3519
116.715 -32.9489
112.914 -32.7262
109.106 -32.5254
105.293 -32.374
101.475 -32.2672
97.653 -32.1675
93.8265 -32.0807
89.9954 -32.0255
86.1599 -31.9769
82.3201 -31.9346
78.9532 -31.9016
79.8967 -31.9473
81.3115 -32.0166
83.4321 -32.1226
86.6099 -32.286
90.3711 -32.4866
94.1269 -32.6944
97.8777 -32.9098
101.625 -33.1134
105.369 -33.2784
108.39 -33.3964
104.437 -33.1468
100.478 -32.9053
96.513 -32.6719
92.5417 -32.4465
88.5637 -32.2293
84.5775 -32.0203
80.5822 -31.9202
77.3072 -31.9504
81.1025 -32.1328
84.8924 -32.3226
88.6767 -32.5199
92.4556 -32.7246
96.2294 -32.9367
99.9994 -33.133
103.767 -33.2922
107.533 -33.4301
111.298 -33.6969
115.061 -33.9909
118.822 -34.3249
122.581 -34.7766
126.336 -35.2648
130.087 -35.7598
133.836 -36.2928
137.58 -36.8425
141.32 -37.3999
145.056 -37.9642
148.081 -38.4264
147.136 -38.3428
145.718 -38.2183
143.59 -38.0334
140.394 -37.7605
136.601 -37.4437
132.803 -37.1343
128.998 -36.819
125.185 -36.4686
121.364 -36.1012
117.534 -35.706
113.697 -35.4271
109.853 -35.1813
106.002 -35
102.146 -34.8997
98.2836 -34.8253
94.4164 -34.785
90.5447 -34.7488
86.6693 -34.7178
82.7901 -34.7363
79.8661 -34.7559
80.8093 -34.8011
82.2235 -34.8699
84.3435 -34.9751
87.5202 -35.1372
91.2802 -35.3361
95.035 -35.5424
98.7849 -35.756
102.531 -35.9479
106.275 -36.1059
109.199 -36.2143
107.705 -36.1197
106.21 -36.0263
104.714 -35.934
103.218 -35.8429
101.72 -35.7529
100.222 -35.6641
98.7229 -35.5765
97.2229 -35.49
95.722 -35.4047
94.2203 -35.3205
92.7176 -35.2375
91.2139 -35.1557
89.7091 -35.0751
88.2032 -34.9956
86.6961 -34.9173
85.1877 -34.8401
83.678 -34.7727
82.167 -34.7709
80.6545 -34.7705
79.9436 -34.7825
83.5587 -34.9585
87.169 -35.1412
90.7742 -35.3307
94.3746 -35.5269
97.9704 -35.7302
101.563 -35.9214
105.153 -36.0767
108.741 -36.2126
112.328 -36.3787
115.914 -36.6654
118.327 -36.8589
117.353 -36.7918
115.892 -36.6921
113.698 -36.5446
110.405 -36.328
106.496 -36.0786
102.581 -35.8371
98.659 -35.5877
94.7296 -35.3022
90.7919 -34.9972
86.8457 -34.775
82.8914 -34.6184
78.9285 -34.4898
74.9603 -34.394
70.9882 -34.3821
67.0117 -34.4175
63.0308 -34.4952
60.4765 -34.5548
61.385 -34.5874
62.7471 -34.6373
64.7889 -34.7139
67.8487 -34.8329
71.4705 -34.9802
75.0873 -35.1344
78.6996 -35.2955
82.3081 -35.4389
85.9137 -35.5501
89.5173 -35.6419
93.1192 -35.7864
96.7189 -36.0321
100.316 -36.3011
103.911 -36.6348
107.503 -37.0427
111.092 -37.4835
114.677 -37.9305
11