-10.4516 1.66712e-15 0
-20.9033 1.99509e-14 0
-31.3549 3.02319e-14 -7.51357e-18
-41.8066 3.98669e-14 -2.55615e-19
-52.2582 4.98039e-14 -8.69616e-21
-62.7098 5.97223e-14 -3.43481e-17
-73.1615 7.22659e-14 -1.16854e-18
-83.6131 7.91094e-14 9.87101e-17
-94.0648 9.31965e-14 3.35816e-18
-104.516 1.02498e-13 3.87555e-17
-104.516 1.01023e-13 -2.04768e-16
-118.635 -1.25613 -1.80651e-16
-132.75 -2.51197 2.37069e-16
-146.86 -3.76751 9.97545e-17
-160.967 -5.02277 -9.67357e-17
-175.069 -6.27773 8.8006e-17
-189.168 -7.5324 -8.90386e-17
-203.262 -8.78678 1.43119e-16
-217.352 -10.0409 2.88851e-16
-231.438 -11.2947 6.03088e-18
-245.52 -12.5482 3.46749e-16
-259.598 -13.8014 2.36719e-16
-273.672 -15.0543 3.29575e-17
-287.741 -16.307 1.31019e-16
-301.807 -17.5593 -1.20066e-16
-315.869 -18.8114 -4.30737e-17
-329.926 -20.0632 8.92431e-17
-371.886 -21.3495 2.78515e-16
-372.171 -19.6491 -1.44383e-16
-372.455 -17.8431 -2.85622e-17
-372.739 -15.9692 -2.51219e-16
-373.013 -14.195 -2.06207e-17
-373.285 -12.6076 -1.71883e-17
-373.592 -11.137 1.32286e-16
-373.926 -9.89783 2.6129e-16
-374.328 -8.82077 2.4138e-16
-374.793 -7.90582 1.7616e-17
-375.322 -7.13063 1.35517e-16
-375.941 -6.49071 1.03436e-16
-376.645 -5.94507 3.71288e-16
-377.421 -5.46837 2.70456e-16
-378.264 -5.05002 -2.32522e-16
-379.17 -4.68136 -1.61322e-16
-380.143 -4.37274 3.26536e-16
-381.199 -4.139 2.54535e-16
-382.308 -3.91989 2.70355e-16
-383.464 -3.71557 -1.38221e-16
-384.663 -3.52581 2.60364e-16
-385.899 -3.35008 -5.27579e-16
-387.168 -3.1877 -3.85427e-16
-388.467 -3.03789 -2.77722e-16
-389.792 -2.89983 -7.25167e-16
-391.139 -2.77267 -5.92391e-16
-392.495 -2.65636 1.43144e-16
-393.634 -2.97195 -8.52426e-16
-394.694 -3.88045 -1.35528e-15
-395.754 -4.6572 3.09577e-16
-396.817 -5.32493 7.28103e-16
-397.882 -5.90195 -6.24696e-16
-398.95 -6.40309 -1.96632e-16
-400.021 -6.84032 4.04297e-16
-401.095 -7.22334 -8.60872e-16
-402.171 -7.56008 -1.88079e-15
-403.216 -7.84898 1.71089e-15
-404.251 -8.1027 2.29626e-15
-405.287 -8.32841 -2.44664e-15
-406.324 -8.52944 -5.71599e-17
-407.36 -8.70867 2.17261e-15
-408.397 -8.8685 1.1723e-15
-409.432 -9.01103 -1.55315e-15
-378.063 -6.29574 5.03754e-16
-346.902 -3.67945 4.41832e-16
-315.745 -1.03896 -8.14092e-18
-284.59 1.62633 1.14325e-15
-253.435 4.31669 4.48555e-16
-222.277 7.0321 9.94338e-16
-191.115 9.77228 5.69362e-16
-159.946 12.5368 8.70034e-16
-128.768 15.3249 1.00425e-15
-97.5803 18.1359 2.46998e-16
-66.3805 20.969 3.74702e-16
-35.1678 23.8232 6.91498e-16
-3.94079 26.6976 3.11319e-16
27.3015 29.5913 9.61054e-16
58.5601 32.5034 2.10432e-16
133.556 37.9625 8.29417e-16
155.991 36.6843 2.99677e-16
167.495 36.3085 8.06081e-16
176.956 36.8356 2.54826e-16
186.047 37.425 -3.40699e-16
194.775 38.0444 1.45129e-16
202.983 38.6913 -6.39045e-16
209.827 39.9154 2.60497e-16
215.634 41.4781 -1.60557e-16
221.085 42.9559 -6.35684e-16
226.291 44.311 1.03322e-16
231.344 45.5185 4.13786e-17
236.316 46.5649 -6.65189e-16
241.254 47.4459 -3.57009e-16
246.192 48.164 1.45036e-16
251.019 48.8512 -1.28263e-16
255.281 49.9492 3.63692e-17
259.491 50.9646 -2.19759e-16
263.666 51.8896 -2.49889e-17
267.816 52.7192 -3.38898e-16
271.726 53.4098 -1.32441e-15
275.397 53.9754 3.237e-16
279.068 54.4646 -5.57222e-16
282.707 54.8744 -5.55826e-16
286.219 55.1986 -1.48331e-17
289.73 55.4577 -9.21136e-16
293.238 55.6543 1.8659e-16
296.705 55.7895 5.47602e-16
299.998 55.863 -1.16123e-17
303.279 55.8894 8.54995e-16
306.544 55.8717 -3.25809e-16
309.789 55.8129 -3.23257e-16
312.792 55.7182 -1.25411e-15
315.748 55.5936 3.62257e-16
318.676 55.4415 -1.22446e-15
287.883 52.9299 4.71003e-16
257.063 50.4139 3.26203e-16
226.219 47.8921 -2.62554e-16
195.354 45.3631 -2.19373e-16
164.472 42.8259 3.81723e-16
133.575 40.2797 2.72154e-16
102.669 37.7241 3.74092e-17
71.7542 35.1587 3.3987e-16
40.8357 32.5833 3.76659e-16
9.91577 29.9979 2.63796e-16
-21.003 27.4027 3.57257e-16
-51.9182 24.7978 2.33889e-16
-82.8278 22.1835 2.10232e-17
-113.73 19.5603 1.36646e-16
-144.623 16.9284 9.40645e-16
-175.505 14.2882 -7.65619e-17
-249.434 10.9552 6.66061e-16
-266.213 7.47108 1.15675e-16
-282.271 4.02632 7.9602e-17
-297.37 0.899243 1.11078e-17
-311.844 -1.66184 -2.87528e-16
-325.629 -3.75311 -4.60016e-16
-338.487 -5.61778 4.21244e-17
-350.403 -7.27524 2.58763e-16
-361.513 -8.60569 1.08871e-16
-371.79 -9.66129 -5.54564e-16
-381.222 -10.4856 -8.93792e-17
-389.813 -11.1158 3.77548e-16
-397.583 -11.5843 5.67248e-16
-404.636 -11.9651 2.32868e-16
-411.024 -12.275 -1.30043e-16
-416.733 -12.4927 4.66339e-16
-421.821 -12.6352 4.89529e-16
-426.365 -12.739 -3.73663e-16
-430.422 -12.8958 4.8722e-17
-434.09 -13.0048 1.29779e-16
-437.429 -13.0852 6.48305e-16
-440.202 -13.145 2.1826e-16
-442.47 -13.1939 3.93024e-16
-444.576 -13.2429 -7.77047e-16
-446.471 -13.2924 5.97012e-16
-448.3 -13.347 2.14721e-16
-450.067 -13.4075 1.6093e-15
-451.591 -13.467 1.26698e-15
-453.082 -13.5318 1.35094e-15
-454.543 -13.6019 3.53445e-16
-455.902 -13.6735 5.42714e-16
-457.093 -13.7412 9.0179e-16
-458.27 -13.8122 -3.43706e-15
-459.434 -13.8864 6.79468e-16
-460.574 -13.9627 2.35084e-15
-461.474 -14.026 3.14281e-15
-462.372 -14.0909 3.63309e-15
-463.268 -14.1573 1.27105e-15
-464.164 -14.2252 3.05604e-15
-432.907 -11.474 2.72946e-15
-401.64 -8.71801 3.29635e-15
-370.375 -5.95804 2.30783e-15
-339.126 -3.19524 3.25059e-15
-307.866 -0.427008 2.2421e-15
-276.595 2.3468 2.82731e-15
-245.311 5.12631 2.53842e-15
-214.014 7.91159 2.88508e-15
-182.705 10.7027 2.83676e-15
-151.381 13.4997 2.69518e-15
-120.058 16.2798 2.86529e-15
-88.7756 18.9983 2.76705e-15
-57.5214 21.7112 2.87999e-15
-26.3836 24.4127 2.9035e-15
4.75003 27.1147 3.05571e-15
35.8802 29.8192 3.48623e-15
62.6078 33.0386 2.13098e-15
104.512 37.91 3.7375e-15
162.295 43.5277 -2.74242e-16
176.742 41.9099 1.51207e-15
190.317 40.7061 -6.06622e-16
203.264 39.8292 8.94719e-16
216.253 39.1156 -3.64037e-15
228.433 38.7103 1.13851e-16
239.825 38.5611 -1.00756e-15
250.45 38.6194 5.69938e-15
260.316 38.8383 8.34972e-16
269.472 39.174 3.46924e-16
277.988 39.5857 -1.21618e-15
285.233 39.9933 -7.74081e-16
292.115 40.4165 -5.64577e-16
298.274 41.2417 -1.2206e-15
303.916 42.2498 -3.89044e-16
309.212 43.2661 -1.45863e-15
312.832 43.9825 -1.6802e-15
314.46 44.2865 -3.08223e-15
315.991 44.571 -1.58952e-15
317.528 44.8573 2.95191e-15
318.624 45.0468 1.36882e-15
319.684 45.2281 -3.13001e-16
320.76 45.4122 4.54536e-15
321.859 45.6004 -3.04875e-15
322.981 45.7923 4.13961e-15
324.126 45.9874 4.49386e-15
325.294 46.1851 1.13085e-14
326.483 46.3847 4.50556e-15
327.693 46.5856 5.76572e-15
328.823 46.7664 -2.60277e-15
329.84 46.921 3.276e-15
330.883 47.0776 5.91907e-15
331.95 47.2356 7.44175e-15
264.534 41.4404 3.94967e-15
197.144 35.6462 3.24161e-15
129.788 29.8489 3.16943e-15
62.4704 24.045 2.82476e-15
-4.80117 18.2321 3.05444e-15
-72.02 12.4084 3.07114e-15
-139.18 6.57295 1.36247e-15
-206.09 0.741551 2.64143e-15
-313.042 -8.24836 6.27276e-16
-343.841 -11.6644 1.0353e-15
-371.094 -13.6479 -1.28294e-15
-385.261 -14.4631 -1.03507e-14
-396.711 -15.006 5.67227e-15
-405.067 -15.3313 1.98217e-15
-412.569 -15.5772 -1.94574e-15
-419.492 -15.81 -1.59639e-15
-425.831 -16.1526 -6.03164e-15
-431.722 -16.4206 1.61076e-16
-437.203 -16.6237 -6.44018e-15
-442.309 -16.7701 -3.82092e-15
-446.997 -16.8651 -3.13273e-15
-451.252 -16.916 2.23862e-16
-455.197 -16.9319 -2.3449e-15
-458.858 -16.9183 -1.36559e-14
-462.272 -16.8802 -8.54183e-15
-465.46 -16.8222 -1.31546e-14
-468.44 -16.7487 -9.28438e-15
-471.256 -16.7159 -8.49339e-16
-473.927 -16.7214 -4.87838e-15
-476.438 -16.7185 4.55844e-15
-478.803 -16.7109 -5.90192e-15
-481.036 -16.7018 -6.5731e-15
-483.148 -16.6942 -1.05709e-14
-484.998 -16.6868 3.59593e-15
-484.898 -16.5741 -7.74349e-15
-484.604 -16.4819 1.14237e-15
-484.128 -16.41 7.37261e-15
-483.528 -16.4308 -3.90486e-15
-482.89 -16.5595 3.0592e-15
-482.115 -16.603 -6.17598e-15
-481.025 -16.4049 -4.37773e-17
-479.302 -15.8634 1.23777e-14
-477.182 -15.4321 -2.60753e-15
-474.556 -15.0279 -7.25184e-15
-471.481 -14.6957 4.22434e-15
-467.988 -14.4281 6.05876e-16
-464.103 -14.2114 4.98609e-16
-459.853 -14.0395 -1.58807e-15
-455.101 -13.8641 -2.29884e-14
-449.952 -13.7086 -7.71741e-15
-444.607 -13.5775 -7.23352e-15
-439.158 -13.4662 -7.07836e-15
-433.644 -13.3647 -2.47965e-15
-402.32 -10.9716 -7.31535e-16
-370.993 -8.59127 -4.45518e-16
-339.664 -6.22105 -3.12457e-15
-308.338 -3.8579 -4.25464e-15
-277.014 -1.49845 -4.47422e-15
-245.693 0.86069 -1.50939e-15
-214.374 3.22275 -9.62694e-16
-183.054 5.59063 -1.39131e-15
-148.656 7.9814 8.70688e-16
-90.5637 10.7935 1.72522e-15
-29.7942 15.2646 -1.00009e-14
16.2211 18.9189 -1.91246e-15
58.0676 22.3661 4.25596e-15
78.236 24.7689 1.57984e-15
93.989 26.6778 -2.47922e-17
107.675 28.1703 4.0673e-15
120.365 29.2156 1.37168e-15
132.738 29.895 1.95251e-15
143.749 30.2644 -2.89722e-16
153.665 30.4219 3.47123e-15
162.702 30.4348 -1.58017e-15
171.01 30.36 3.10131e-16
178.703 30.2419 4.86625e-15
185.87 30.113 1.42286e-15
192.548 29.9958 -3.52959e-15
198.862 29.8853 1.62982e-15
204.825 29.826 1.18637e-15
210.492 29.8457 1.50191e-15
215.857 29.9175 3.92181e-15
220.951 30.0339 8.79828e-15
225.805 30.1867 7.95591e-15
230.443 30.3672 5.54754e-15
234.887 30.5684 -3.67794e-16
207.565 28.196 1.97704e-15
180.274 25.8257 5.66746e-15
153.014 23.4577 4.48346e-15
125.785 21.0918 6.16999e-15
98.586 18.7281 4.66188e-15
71.4184 16.3666 4.6046e-15
44.2814 14.0073 5.65215e-15
17.1751 11.6501 6.0504e-15
-9.90102 9.29503 4.16732e-15
-36.9474 6.94206 6.12341e-15
-63.9654 4.59106 4.74306e-15
-89.8495 1.65388 3.69629e-15
-104.663 -1.19568 2.53122e-15
-117.355 -3.11849 2.47179e-13
-163.676 -6.58332 2.25407e-13
-207.742 -9.89451 3.30073e-13
-247.232 -12.8627 4.19149e-13
-285.592 -15.6941 5.14612e-13
-322.228 -18.3559 5.79551e-13
-289.647 -15.584 5.79863e-13
-257.027 -12.8095 5.79149e-13
-224.369 -10.0325 5.83597e-13
-191.672 -7.25289 5.85002e-13
-158.937 -4.47072 5.85112e-13
-126.164 -1.68598 5.84578e-13
-93.352 1.10134 5.85281e-13
-60.5015 3.89125 5.8971e-13
-18.9069 6.65006 5.47572e-13
48.5997 9.49964 5.88716e-13
120.914 14.149 4.29479e-13
176.798 17.9239 4.07543e-13
217.113 20.7596 4.67078e-13
237.898 22.6086 4.61828e-13
238.624 22.7864 4.55197e-13
239.701 23.037 4.49859e-13
241.289 23.3854 4.37423e-13
243.787 23.8719 4.12953e-13
246.63 24.386 3.91219e-13
212.697 21.4062 3.92211e-13
178.808 18.4294 3.91792e-13
144.962 15.4557 3.91869e-13
111.16 12.4851 3.91733e-13
77.4012 9.51745 3.92026e-13
43.6862 6.55287 3.91541e-13
10.0145 3.59132 3.91347e-13
-23.5894 0.634969 3.91547e-13
-57.1324 -2.31679 3.91774e-13
-88.3025 -6.4549 3.91855e-13
-141.98 -11.25 4.00422e-13
-206.621 -15.665 4.26904e-13
-256.523 -19.2078 4.35462e-13
-304.657 -22.5986 4.44102e-13
-350.628 -25.7934 4.46662e-13
-394.429 -28.7995 4.50397e-13
-435.949 -31.6535 4.5912e-13
-452.342 -31.6811 4.13499e-13
-451.334 -29.8863 3.6215e-13
-449.552 -26.1987 2.83549e-13
-447.177 -22.8396 2.35275e-13
-444.408 -20.2111 2.05982e-13
-441.339 -18.2259 1.77853e-13
-437.714 -16.7031 1.18973e-13
-433.814 -15.5287 1.56047e-13
-429.583 -14.541 1.18157e-13
-425.147 -13.7348 1.0645e-13
-420.628 -13.1114 1.067e-13
-416.001 -12.7813 1.11569e-13
-411.309 -12.5653 1.05616e-13
-406.873 -12.4124 1.10107e-13
-373.176 -10.003 1.08032e-13
-339.463 -7.59948 1.08935e-13
-305.735 -5.19851 1.08883e-13
-271.992 -2.79656 1.08989e-13
-238.235 -0.390256 1.09064e-13
-204.465 2.02307 1.08722e-13
-170.694 4.44485 1.09949e-13
-126.754 6.82769 -1.92568e-13
-61.512 9.28735 9.72922e-14
10.228 12.6322 -3.08208e-13
60.0464 16.7656 -1.56831e-13
81.9724 19.8047 -2.93277e-13
98.3096 22.1882 -2.70159e-13
110.44 24.041 -2.80996e-13
120.59 25.616 -2.80291e-13
129.506 26.9926 -2.73834e-13
137.807 28.2426 -2.65495e-13
145.938 29.4004 -2.67445e-13
153.578 30.5156 -2.47346e-13
160.788 31.532 -2.56167e-13
167.621 32.4517 -2.61931e-13
174.11 33.2753 -2.23208e-13
180.301 34.0146 -2.33887e-13
186.315 34.717 -2.31395e-13
192.08 35.3848 -2.00086e-13
197.627 35.9667 -1.87723e-13
203.048 36.8464 -1.78442e-13
208.04 37.7365 -1.54388e-13
176.748 35.2794 -1.52877e-13
145.494 32.8248 -1.57035e-13
114.29 30.3734 -1.56587e-13
83.1255 27.9246 -1.56442e-13
52.0016 25.4784 -1.54024e-13
20.918 23.0347 -1.5391e-13
-10.1255 20.5936 -1.53273e-13
-41.1294 18.155 -1.51253e-13
-72.0944 15.7188 -1.49746e-13
-103.025 13.2848 -1.49666e-13
-130.515 10.0142 -1.58984e-13
-150.722 6.86743 -1.63402e-13
-212.726 3.23766 -1.58493e-13
-273.273 -0.159672 -1.35374e-13
-326.254 -3.04887 -1.32219e-13
-300.212 -1.02901 -1.28816e-13
-274.144 0.992391 -1.26964e-13
-248.052 3.01534 -1.29241e-13
-221.934 5.03983 -1.26914e-13
-195.791 7.06587 -1.29247e-13
-169.622 9.09346 -1.26853e-13
-143.428 11.1226 -1.29308e-13
-117.209 13.1533 -1.26658e-13
-90.9636 15.1856 -1.2935e-13
-62.721 17.1998 -1.30609e-13
-15.1935 19.0805 -1.35429e-13
40.3019 20.9873 -1.25347e-13
100.376 23.2745 -1.09988e-13
157.265 26.5938 -1.14408e-13
210.072 29.733 -1.0424e-13
215.163 29.7331 -8.80048e-14
218.451 30.8738 -7.6771e-14
221.134 32.1877 -6.66301e-14
223.708 33.134 -5.92747e-14
199.285 31.1477 -5.37382e-14
174.885 29.163 -5.50867e-14
150.508 27.1797 -5.53389e-14
126.154 25.1978 -5.59947e-14
101.822 23.2175 -5.40878e-14
77.5126 21.2385 -5.40034e-14
53.226 19.2611 -5.42613e-14
28.9619 17.285 -5.40578e-14
4.72029 15.3105 -5.39185e-14
-19.4991 13.3373 -5.41129e-14
-43.0503 11.2115 -7.14418e-14
-64.6256 8.41023 -6.75805e-14
-85.2554 5.16969 -6.36181e-14
-105.147 1.6478 -6.25068e-14
-187.927 -3.40558 -5.3998e-14
-271.536 -8.72311 -4.85287e-14
-320.807 -12.0174 -3.53678e-14
-360.198 -14.8969 -3.4832e-14
-399.169 -17.7816 -3.00724e-14
-428.331 -20.1368 -2.9805e-14
-396.836 -17.6431 -2.86001e-14
-365.305 -15.1472 -2.91012e-14
-333.737 -12.6489 -2.91004e-14
-302.135 -10.1485 -2.86145e-14
-270.496 -7.64581 -2.58564e-14
-238.82 -5.14087 -2.58825e-14
-207.109 -2.63365 -2.58741e-14
-175.36 -0.124148 -2.84283e-14
-126.792 2.25604 -3.55645e-14
-60.8456 4.62021 -3.91353e-14
15.0982 7.08408 -3.93997e-14
72.5706 11.3296 -4.60514e-14
99.2316 15.9758 -4.2335e-14
117.155 19.6799 -3.96751e-14
132.145 22.8109 -3.11285e-14
144.328 25.6632 -3.46825e-14
154.468 28.4993 -3.33217e-14
162.339 31.7476 -2.87219e-14
169.709 34.8022 -2.29076e-14
176.347 37.6418 -2.77833e-14
182.373 40.3382 -1.58474e-14
187.833 42.9203 -1.59393e-14
193 45.3512 -1.81999e-14
197.4 47.4673 -9.40582e-15
163.719 44.2223 -7.44093e-15
130.082 40.9813 -7.0589e-15
96.4852 37.745 -7.84397e-15
62.9278 34.5131 -8.47761e-15
29.4135 31.2847 -8.82889e-15
-4.05876 28.0598 -8.70386e-15
-37.4921 24.8385 -8.18342e-15
-67.4973 21.4817 -6.85129e-15
-95.0049 17.6853 -1.182e-14
-120.799 13.4652 -8.94032e-15
-201.853 7.06603 1.52092e-15
-324.516 -0.475678 9.18104e-15
-420.072 -6.78984 1.84283e-14
-437.827 -11.113 1.53719e-14
-436.055 -14.1153 1.53972e-14
-434.079 -16.0567 1.13565e-14
-431.606 -17.0531 1.79903e-14
-428.509 -17.0982 8.91766e-15
-425.366 -16.9735 1.94325e-14
-421.956 -16.9271 8.31564e-15
-418.398 -16.7856 1.38438e-14
-414.969 -16.5838 8.10806e-15
-384.664 -14.17 6.54211e-15
-354.325 -11.754 5.50894e-15
-323.95 -9.33591 5.74172e-15
-293.542 -6.91569 6.60487e-15
-263.1 -4.49331 6.75727e-15
-232.623 -2.06876 9.03017e-15
-202.111 0.357947 7.73709e-15
-171.563 2.78685 8.10652e-15
-125.347 5.13187 3.10103e-14
-62.8066 7.53558 1.65198e-14
9.08926 10.0945 1.94266e-14
66.2337 12.6937 1.5885e-14
91.7747 18.3211 3.08865e-14
112.191 22.9708 3.41145e-14
127.505 26.3435 3.38564e-14
138.964 29.0431 3.28727e-14
149.166 31.3195 3.18756e-14
158.292 33.3476 2.46405e-14
166.826 34.9632 2.65021e-14
174.471 36.4914 2.26749e-14
180.544 38.9743 2.64985e-14
186.155 41.224 2.2747e-14
191.599 43.0409 2.27322e-14
196.913 44.464 2.65842e-14
201.672 45.4762 2.64586e-14
189.08 44.277 2.42644e-14
170.204 42.4792 2.35212e-14
141.918 39.7845 2.55394e-14
99.5497 35.7471 2.57598e-14
49.4314 30.9693 2.51945e-14
-0.583621 26.1993 2.22614e-14
-49.6645 21.4576 3.97227e-15
-91.5235 16.2576 2.57998e-14
-131.833 10.1683 2.74161e-14
-311.145 -0.382129 -4.55633e-14
-427.023 -9.22696 -9.90505e-14
-423.937 -13.6158 -1.05688e-13
-420.466 -16.1529 -1.02657e-13
-416.24 -16.5172 -9.42817e-14
-411.395 -16.3079 -9.44277e-14
-406.093 -16.0373 -7.84149e-14
-400.695 -15.6697 -8.9804e-14
-395.308 -15.2793 -8.23356e-14
-389.849 -15.1697 -7.54074e-14
-384.337 -15.0888 -7.08958e-14
-378.79 -14.9027 -6.93621e-14
-373.246 -14.5576 -7.50539e-14
-367.802 -14.0911 -7.26897e-14
-362.502 -13.5792 -6.19629e-14
-357.376 -13.094 -6.32922e-14
-352.444 -12.6789 -5.63622e-14
-347.663 -12.4103 -4.98964e-14
-343.007 -12.1941 -4.93204e-14
-338.494 -11.9558 -4.91135e-14
-334.124 -11.6717 -4.49023e-14
-329.898 -11.3403 -4.01647e-14
-325.82 -10.9775 -3.95286e-14
-321.893 -10.6071 -3.97553e-14
-318.118 -10.2515 -3.32793e-14
-314.477 -9.85127 -3.85764e-14
-311.212 -9.52223 -3.61747e-14
-311.212 -9.52223 -3.86301e-14
-308.632 -9.34815 -3.2901e-14
-267.332 -6.55831 -3.43938e-14
-226.007 -3.8135 -3.20316e-14
-184.639 -1.07546 -3.23126e-14
-143.226 1.66119 -3.25877e-14
-100.997 4.39114 -2.99758e-14
-29.4987 6.93867 -2.87954e-14
34.7542 9.57827 -2.93065e-14
75.329 11.9967 -2.7721e-14
111.435 14.3906 -2.32486e-14
132.041 19.8585 -2.95068e-14
146.842 24.2118 -2.46753e-14
157.93 28.4105 -3.63649e-14
166.644 32.4202 -3.78772e-14
174.735 35.5964 -4.52085e-14
181.945 38.3342 -5.25099e-14
187.652 41.2194 -4.42282e-14
192.943 43.5581 -5.6587e-14
197.896 45.4007 -5.88719e-14
201.985 46.653 -6.41811e-14
191.738 45.8421 -5.80807e-14
176.374 44.6263 -5.85548e-14
153.347 42.8037 -5.7604e-14
118.846 40.0722 -5.78726e-14
78.0189 36.8387 -5.73507e-14
37.258 33.609 -5.65698e-14
-3.5045 30.3984 -5.5646e-14
-41.5709 27.1172 -6.64984e-14
-73.3679 23.0767 -3.53269e-14
-96.1697 19.194 -6.93568e-14
-53.191 22.5658 -5.61643e-14
-10.1358 25.9421 -4.88577e-14
32.9963 29.323 -5.67432e-14
76.2071 32.7086 -4.95802e-14
119.503 36.0994 -5.7564e-14
162.899 39.4965 -4.77417e-14
192.856 43.7789 -6.76342e-14
202.47 47.3297 -5.63841e-14
161.266 44.0722 -5.44412e-14
120.119 40.8187 -5.2988e-14
79.0307 37.5688 -5.28504e-14
38.0003 34.3219 -5.37549e-14
-2.97614 31.0773 -5.38749e-14
-40.6348 27.7421 -6.06639e-14
-72.2013 23.6849 -7.27006e-14
-99.7132 18.785 -5.20327e-14
-201.043 13.0102 -5.06514e-14
-317.596 6.84482 -4.66252e-14
-318.61 -0.186422 -3.24791e-14
-315.857 -4.36341 -2.82542e-14
-312.956 -6.86251 -2.03761e-14
-310.146 -8.515 -1.26684e-14
-307.277 -9.36445 -9.25087e-15
-304.473 -9.80514 -1.01223e-14
-301.775 -10.0715 -8.68616e-15
-299.18 -10.2441 -8.53053e-15
-297.148 -10.3494 -7.72145e-15
-286.973 -9.63627 -9.39545e-15
-271.702 -8.56622 -9.38708e-15
-248.78 -6.96024 -1.1751e-14
-214.358 -4.54925 -1.02053e-14
-173.502 -1.68858 -7.92325e-15
-132.579 1.17583 -8.50813e-15
-84.1423 3.94469 -6.69319e-15
-11.5592 6.56013 -9.82219e-15
42.1961 9.20906 -1.0553e-14
82.0053 11.6192 -1.26968e-14
109.314 17.7689 -1.18733e-14
131.537 23.4967 -1.47153e-14
147.557 28.6668 -1.5275e-14
157.919 33.2904 -1.65727e-14
166.426 37.142 -2.09935e-14
172.974 40.5894 -2.21353e-14
179.243 43.3708 -2.26102e-14
185.168 45.6341 -2.50855e-14
188.97 48.3198 -2.59722e-14
191.68 50.1148 -2.9193e-14
181.852 49.2969 -2.65608e-14
167.117 48.0705 -2.69015e-14
145.029 46.2316 -2.72488e-14
111.934 43.4749 -2.54119e-14
72.7647 40.2101 -2.55488e-14
33.6545 36.9479 -2.58334e-14
-5.40132 33.6878 -2.50443e-14
-40.4562 30.401 1.92339e-12
-69.9456 26.5405 -3.95638e-13
-90.2121 23.0394 -4.6259e-13
-74.6858 24.3379 5.897e-14
-59.1492 25.6371 6.12501e-14
-43.6021 26.937 6.42829e-14
-28.0446 28.2375 6.70571e-14
-12.4766 29.5387 6.84796e-14
3.10195 30.8406 7.06216e-14
18.6909 32.1431 7.29428e-14
34.2905 33.4462 7.11882e-14
49.9008 34.7501 7.76177e-14
65.5221 36.0547 7.80454e-14
81.1549 37.36 8.21887e-14
96.7993 38.666 8.48945e-14
112.457 39.9729 7.61221e-14
128.128 41.2808 8.95293e-14
143.814 42.5896 9.18276e-14
159.514 43.8995 9.34689e-14
174.086 45.2609 1.02401e-13
180.142 46.88 2.0849e-13
186.197 48.4007 2.99401e-13
187.137 49.119 3.48213e-13
149.6 45.9601 3.43968e-13
112.122 42.8052 3.36095e-13
74.7035 39.6543 3.27352e-13
37.3439 36.5072 3.31499e-13
-0.0576138 33.374 3.25347e-13
-34.869 30.2702 1.60868e-12
-63.945 26.7836 -1.45915e-12
-89.4399 22.6686 -7.46789e-13
-135.87 17.9032 -7.45256e-13
-242.273 12.7753 -1.99326e-12
-302.859 8.93985 -1.19189e-12
-292.633 9.78024 -1.22612e-12
-277.286 11.0413 -1.22405e-12
-254.247 12.9342 -1.22204e-12
-219.646 15.776 -1.21708e-12
-178.572 19.1481 -1.21308e-12
-137.423 22.5248 -1.20983e-12
-87.121 25.7619 -1.23756e-12
-11.2769 28.762 -1.26208e-12
44.8269 31.5273 -1.2956e-12
76.6344 35.2232 -5.2376e-13
101.268 39.1376 -2.01402e-13
121.609 42.3334 8.76232e-14
137