-10.4516 1.66712e-15 0
-20.9033 1.99509e-14 0
-31.3549 3.02319e-14 -7.51357e-18
-41.8066 3.98669e-14 -2.55615e-19
-52.2582 4.98039e-14 -8.69616e-21
-62.7098 5.97223e-14 -3.43481e-17
-73.1615 7.22659e-14 -1.16854e-18
-83.6131 7.91094e-14 9.87101e-17
-94.0648 9.31965e-14 3.35816e-18
-104.516 1.02498e-13 3.87555e-17
-104.516 1.01023e-13 -2.04768e-16
-115.498 -1.25613 -1.80651e-16
-126.475 -2.51197 2.37069e-16
-137.45 -3.76751 9.97545e-17
-148.421 -5.02277 -9.67357e-17
-159.389 -6.27773 8.8006e-17
-170.353 -7.5324 -8.90386e-17
-181.314 -8.78678 1.43119e-16
-192.272 -10.0409 2.88851e-16
-203.226 -11.2947 6.03088e-18
-214.177 -12.5482 3.46749e-16
-225.124 -13.8014 2.36719e-16
-236.068 -15.0543 3.29575e-17
-247.009 -16.307 1.31019e-16
-257.947 -17.5593 -1.20066e-16
-268.881 -18.8114 -4.30737e-17
-279.812 -20.0632 8.92431e-17
-326.521 -22.1327 2.27576e-16
-371.495 -23.5124 -1.2749e-16
-371.869 -21.47 -1.18874e-17
-372.237 -19.2994 -2.13456e-16
-372.573 -17.2001 -2.04909e-17
-372.875 -15.2914 -1.44565e-19
-373.178 -13.4898 6.54223e-17
-373.473 -11.9609 2.29755e-16
-373.799 -10.6128 2.24684e-16
-374.16 -9.46796 -1.18689e-17
-374.56 -8.50181 1.2621e-16
-375.024 -7.69717 1.07894e-16
-375.554 -7.01467 3.51698e-16
-376.141 -6.42654 2.17253e-16
-376.786 -5.91645 -2.16773e-16
-377.485 -5.47137 -1.51809e-16
-378.244 -5.09801 3.38832e-16
-379.077 -4.80883 2.75476e-16
-379.96 -4.54333 2.9456e-16
-380.89 -4.29906 -9.74595e-17
-381.863 -4.07414 2.40022e-16
-382.875 -3.86692 -5.19157e-16
-383.923 -3.676 -3.14952e-16
-385.002 -3.50008 -2.43635e-16
-386.111 -3.33796 -6.66864e-16
-387.247 -3.18854 -5.18383e-16
-388.397 -3.05172 8.5841e-17
-389.358 -3.36729 -8.19672e-16
-390.239 -4.31171 -1.23035e-15
-391.121 -5.13798 2.08454e-16
-392.007 -5.8609 6.12865e-16
-392.898 -6.494 -5.30702e-16
-393.794 -7.04941 -2.22536e-16
-394.696 -7.53765 2.99128e-16
-395.604 -7.96782 -7.16462e-16
-396.517 -8.34767 -1.75566e-15
-397.407 -8.67469 1.40254e-15
-398.291 -8.96275 2.02701e-15
-399.178 -9.21968 -2.0815e-15
-400.069 -9.44912 -8.82611e-17
-400.962 -9.65423 1.85306e-15
-401.858 -9.83769 1.01613e-15
-402.756 -10.0018 -1.29433e-15
-378.609 -7.28654 4.79913e-16
-354.724 -4.67025 3.72363e-16
-330.853 -2.02976 -1.86746e-17
-306.99 0.63553 1.00569e-15
-283.135 3.32589 3.25035e-16
-259.283 6.0413 8.92841e-16
-235.433 8.78148 5.29815e-16
-211.581 11.546 7.60559e-16
-187.727 14.3341 8.57291e-16
-163.867 17.1451 2.19461e-16
-140.001 19.9782 2.95832e-16
-116.126 22.8324 5.59943e-16
-92.2421 25.7068 2.25119e-16
-68.3468 28.6005 8.68456e-16
-44.4397 31.5126 1.60831e-16
19.0242 36.9717 7.65836e-16
68.6112 43.056 3.9232e-16
98.4774 49.2222 8.00333e-16
120.722 55.57 4.0723e-16
132.236 59.2839 -1.24698e-16
136.107 61.0692 3.2195e-16
139.425 63.0047 -5.75538e-16
140.749 65.9625 3.94437e-16
140.446 69.6665 -1.37539e-16
139.604 73.4511 -5.63186e-16
138.409 77.2187 2.21802e-16
137.043 80.8837 8.1384e-17
135.671 84.3751 -5.26702e-16
134.436 87.6378 -2.73627e-16
133.462 90.6313 4.27545e-17
132.548 93.5069 -2.40017e-16
130.578 96.9097 3.01982e-17
128.756 100.132 -2.93571e-16
127.154 103.149 2.98224e-17
125.838 105.942 -2.92648e-16
124.922 108.358 -1.56351e-15
124.398 110.423 1.98654e-16
124.225 112.29 -6.23593e-16
124.431 113.938 -6.65504e-16
125.015 115.334 2.23207e-18
125.989 116.54 -9.26684e-16
127.365 117.557 3.41448e-17
129.13 118.376 4.05161e-16
131.192 118.981 5.3659e-17
133.617 119.42 6.59205e-16
136.397 119.696 -2.62297e-16
139.522 119.812 -2.94556e-16
142.744 119.772 -7.12487e-16
146.212 119.6 4.29402e-16
149.936 119.301 -7.39562e-16
125.84 116.789 5.00677e-16
101.715 114.273 3.10175e-16
77.5655 111.751 -1.59806e-16
53.3938 109.222 -1.24194e-16
29.2032 106.685 3.98382e-16
4.997 104.139 3.5445e-16
-19.2216 101.584 1.12068e-16
-43.4494 99.0181 3.78979e-16
-67.6837 96.4427 4.27038e-16
-91.9217 93.8573 3.17874e-16
-116.161 91.2621 3.73281e-16
-140.399 88.6572 2.88454e-16
-164.635 86.0429 8.62016e-17
-188.865 83.4197 1.93908e-16
-213.09 80.7878 1.02587e-15
-237.306 78.1476 1.44239e-17
-303.588 74.7935 6.87066e-16
-330.385 58.5979 2.17701e-16
-343.206 43.4332 1.54138e-16
-352.721 31.1774 1.07166e-16
-360.416 21.4931 -2.32411e-16
-367.065 13.9467 -3.75462e-16
-373.011 7.98384 2.4816e-18
-378.474 3.24343 2.39961e-16
-383.652 -0.432513 1.09397e-16
-388.588 -3.2825 -4.77731e-16
-393.291 -5.49404 -7.32571e-17
-397.757 -7.21262 3.35766e-16
-401.978 -8.55024 5.35234e-16
-405.996 -9.63993 2.69986e-16
-409.818 -10.5386 -1.17791e-16
-413.403 -11.2531 4.30348e-16
-416.755 -11.8176 4.71909e-16
-419.891 -12.2831 -3.43421e-16
-422.812 -12.756 7.13293e-17
-425.567 -13.1381 1.80782e-16
-428.172 -13.4538 5.9431e-16
-430.407 -13.6987 2.68841e-16
-432.281 -13.8909 4.35439e-16
-434.059 -14.0651 -6.34217e-16
-435.687 -14.2206 5.81668e-16
-437.282 -14.3711 2.0823e-16
-438.843 -14.5183 1.40485e-15
-440.204 -14.6485 1.16576e-15
-441.547 -14.7784 1.22742e-15
-442.872 -14.9086 3.54515e-16
-444.114 -15.0331 5.4576e-16
-445.206 -15.1452 8.58318e-16
-446.29 -15.2579 -3.47571e-15
-447.366 -15.3714 3.53044e-16
-448.424 -15.4846 2.04263e-15
-449.26 -15.5763 2.82401e-15
-450.096 -15.6685 3.28183e-15
-450.931 -15.7612 1.26727e-15
-451.768 -15.8546 2.67799e-15
-427.54 -13.1034 2.49409e-15
-403.306 -10.3474 2.85347e-15
-379.075 -7.58744 2.01982e-15
-354.858 -4.82464 2.90803e-15
-330.633 -2.05641 1.92821e-15
-306.401 0.717395 2.48084e-15
-282.16 3.4969 2.19731e-15
-257.91 6.28219 2.58574e-15
-233.65 9.0733 2.5399e-15
-209.38 11.8703 2.39078e-15
-185.117 14.6504 2.51528e-15
-160.906 17.3689 2.42815e-15
-136.723 20.0818 2.52326e-15
-112.637 22.7833 2.58449e-15
-88.5607 25.4853 2.80746e-15
-64.4939 28.1898 3.16199e-15
-47.9453 31.4092 1.80534e-15
-21.0375 36.2805 3.21033e-15
21.0575 42.3021 -2.29968e-16
64.5964 48.7099 1.69302e-15
107.305 55.217 -4.27197e-16
143.687 60.2704 1.14702e-15
155.028 58.8611 -3.77633e-15
165.519 57.9123 -3.17176e-17
175.195 57.3822 -1.00095e-15
184.09 57.2268 6.45409e-15
192.222 57.3987 9.56701e-16
199.651 57.8464 6.045e-16
206.453 58.5175 -8.05712e-16
212.239 59.2306 -3.57942e-16
217.82 59.9759 -2.35613e-16
222.439 61.3498 -6.0983e-16
226.409 63.0817 -6.60739e-17
230.017 64.9338 -1.07514e-15
232.437 66.303 -1.26501e-15
233.538 66.91 -1.48354e-15
234.571 67.4902 -1.02531e-15
235.603 68.085 2.53779e-15
236.351 68.4936 1.38665e-15
237.076 68.8909 1.02205e-15
237.809 69.2993 3.75004e-15
238.558 69.7218 -2.00122e-15
239.321 70.1581 3.64668e-15
240.1 70.6077 3.80073e-15
240.894 71.0699 6.80086e-15
241.705 71.5438 3.60614e-15
242.532 72.028 4.20001e-15
243.311 72.4746 -2.16743e-15
244.023 72.8678 2.97243e-15
244.755 73.2715 4.91193e-15
245.508 73.6844 6.26306e-15
192.932 67.8892 3.36621e-15
140.368 62.0951 2.66563e-15
87.8206 56.2977 2.61623e-15
35.2966 50.4938 2.33218e-15
-17.1976 44.6809 2.5385e-15
-69.6555 38.8572 2.49607e-15
-122.071 33.0218 1.19001e-15
-174.294 27.1904 2.20643e-15
-286.498 16.3041 4.29031e-16
-364.899 3.4065 9.41943e-16
-382.293 -4.30175 -9.74414e-16
-391.594 -7.66095 -9.11041e-15
-399.308 -9.93497 4.80504e-15
-405.072 -11.3668 1.64005e-15
-410.363 -12.4807 -1.33984e-15
-415.345 -13.4216 -1.14289e-15
-419.984 -14.3566 -5.32089e-15
-424.391 -15.1203 3.40472e-16
-428.584 -15.7419 -5.63256e-15
-432.575 -16.2453 -3.50127e-15
-436.321 -16.6438 -2.78649e-15
-439.795 -16.9529 1.86222e-18
-443.084 -17.1946 -2.24323e-15
-446.198 -17.3806 -1.20193e-14
-449.162 -17.521 -7.84126e-15
-451.983 -17.6238 -1.23178e-14
-454.67 -17.696 -9.40241e-15
-457.258 -17.7947 -1.52538e-15
-459.757 -17.9203 -5.04147e-15
-462.146 -18.0297 3.07638e-15
-464.43 -18.1265 -5.90652e-15
-466.613 -18.2138 -6.54561e-15
-468.703 -18.2948 -9.83971e-15
-470.71 -18.3689 2.41335e-15
-472.695 -18.4043 -7.84519e-15
-474.604 -18.4446 5.32351e-16
-476.421 -18.4897 6.51339e-15
-478.174 -18.5398 -2.73597e-15
-479.869 -18.5967 2.86083e-15
-481.515 -18.6631 -5.42201e-15
-483.502 -18.4757 6.86292e-16
-486.131 -17.8747 1.37379e-14
-488.734 -17.4015 -2.2489e-15
-488.542 -16.8911 -6.93768e-15
-487.63 -16.4968 6.70388e-15
-486.431 -16.3862 1.87139e-15
-484.773 -16.1998 1.88827e-15
-482.64 -16.0102 -3.81418e-16
-479.935 -15.7833 -2.37512e-14
-476.684 -15.5678 -6.60798e-15
-473.012 -15.377 -5.81809e-15
-469.001 -15.2078 -5.652e-15
-464.702 -15.0498 -1.04171e-15
-434.061 -12.13 1.648e-15
-403.421 -9.22574 2.02558e-15
-372.787 -6.33383 -1.14833e-15
-342.162 -3.45055 -2.59807e-15
-311.546 -0.571788 -2.84337e-15
-280.94 2.3066 6.88468e-16
-250.343 5.18854 7.04355e-16
-219.751 8.0776 1.58377e-16
-185.773 10.9946 2.26979e-15
-125.69 14.4256 3.94647e-15
-67.6379 19.8808 -7.94261e-15
-24.4398 24.3394 -6.03182e-16
16.9706 28.5929 5.3691e-15
63.404 32.3859 2.3828e-15
98.6507 35.4451 1.10321e-15
115.936 36.9392 5.10189e-15
131.025 37.6185 2.39682e-15
145.556 37.6291 2.93697e-15
158.377 37.2609 7.789e-17
169.918 36.7051 3.73281e-15
180.461 36.0775 -1.12563e-15
190.178 35.4624 8.48584e-16
199.188 34.9159 5.36242e-15
207.581 34.4734 1.85558e-15
215.254 34.1454 -3.30965e-15
220.559 33.8052 1.86295e-15
225.691 33.7095 1.02086e-15
230.684 33.8484 2.09273e-15
235.497 34.1722 4.06646e-15
240.141 34.647 9.0258e-15
244.629 35.2419 8.36879e-15
248.971 35.9297 6.05204e-15
253.18 36.6873 -5.46136e-16
225.774 33.6544 1.63129e-15
198.401 30.6244 5.91336e-15
171.061 27.5971 4.79806e-15
143.753 24.5726 6.52117e-15
116.477 21.5509 4.97807e-15
89.2345 18.532 4.94522e-15
62.0238 15.5159 5.88248e-15
34.8453 12.5025 6.38554e-15
7.69877 9.49184 3.97964e-15
-19.4165 6.48385 6.50499e-15
-46.5019 3.47837 5.09379e-15
-70.9179 -0.276459 3.44957e-15
-81.8754 -3.91927 1.58231e-15
-92.6011 -6.37736 2.05591e-13
-141.373 -10.8067 2.88375e-13
-187.5 -15.0397 4.06399e-13
-228.644 -18.8341 5.0803e-13
-268.531 -22.4538 6.15672e-13
-306.544 -25.8565 6.91911e-13
-273.725 -22.313 6.90792e-13
-240.865 -18.7662 6.88805e-13
-207.964 -15.2161 6.93566e-13
-175.022 -11.6627 6.94478e-13
-142.04 -8.10603 6.93603e-13
-109.017 -4.54607 6.92992e-13
-75.9532 -0.982817 6.92459e-13
-42.8483 2.58375 6.9747e-13
0.325304 6.11056 6.35935e-13
73.3439 9.75341 6.75534e-13
144.533 15.6971 4.90433e-13
198.009 20.5228 4.68582e-13
235.662 24.1479 5.29777e-13
256.847 26.8756 5.25053e-13
257.533 27.1829 5.19055e-13
258.558 27.6221 5.12011e-13
260.084 28.2426 4.97366e-13
262.543 29.1207 4.69714e-13
265.391 30.0688 4.44503e-13
231.14 26.2252 4.45306e-13
196.936 22.3857 4.44842e-13
162.779 18.55 4.44995e-13
128.668 14.7183 4.44786e-13
94.6031 10.8905 4.45179e-13
60.5847 7.0666 4.44586e-13
26.6125 3.24664 4.44398e-13
-7.28902 -0.566627 4.44627e-13
-41.1266 -4.37396 4.44864e-13
-69.2846 -9.71153 4.43188e-13
-123.725 -15.8966 4.54799e-13
-192.211 -21.5912 4.85972e-13
-244.577 -26.161 4.97752e-13
-294.893 -30.5345 5.08094e-13
-342.801 -34.6553 5.11385e-13
-388.31 -38.5328 5.16252e-13
-431.272 -42.214 5.27549e-13
-466.84 -43.5841 4.97342e-13
-467.043 -40.2437 4.30177e-13
-467.127 -34.0346 3.30177e-13
-466.371 -28.7077 2.67402e-13
-464.949 -24.7401 2.2951e-13
-463.046 -21.8611 1.95781e-13
-460.538 -19.691 1.31701e-13
-457.652 -18.0762 1.67496e-13
-454.361 -16.7664 1.27225e-13
-450.765 -15.7302 1.14409e-13
-446.975 -14.9478 1.13953e-13
-442.972 -14.526 1.17973e-13
-438.806 -14.2457 1.11291e-13
-434.776 -14.0445 1.15948e-13
-403.486 -11.2869 1.14021e-13
-372.186 -8.5362 1.14922e-13
-340.88 -5.78837 1.14833e-13
-309.566 -3.03942 1.14909e-13
-278.245 -0.285495 1.14958e-13
-246.918 2.47647 1.14556e-13
-215.596 5.24811 1.15877e-13
-173.751 7.9752 -2.31644e-13
-109.891 10.7902 8.95662e-14
-41.5994 14.6182 -3.33111e-13
26.1208 19.5716 -1.57731e-13
67.7763 23.5137 -3.01789e-13
86.9848 26.5318 -2.83718e-13
100.571 28.9188 -2.94764e-13
111.671 30.9886 -2.92652e-13
121.289 32.8391 -2.873e-13
130.167 34.5647 -2.81232e-13
138.892 36.2055 -2.87465e-13
147.051 37.8175 -2.72703e-13
154.74 39.3342 -2.83175e-13
162.024 40.7569 -2.94146e-13
168.944 42.084 -2.55815e-13
175.568 43.322 -2.63766e-13
182.032 44.5261 -2.64929e-13
188.217 45.7111 -2.30777e-13
194.188 46.8027 -2.218e-13
199.771 48.4021 -2.11991e-13
204.733 50.1178 -1.88077e-13
176.009 47.3081 -1.86614e-13
147.323 44.5012 -1.91249e-13
118.683 41.6981 -1.9074e-13
90.0814 38.8979 -1.90575e-13
61.5184 36.1006 -1.87844e-13
32.994 33.3063 -1.87728e-13
4.50782 30.5149 -1.87065e-13
-23.9404 27.7264 -1.85132e-13
-52.3516 24.9406 -1.83415e-13
-80.7297 22.1573 -1.83312e-13
-102.2 18.4174 -1.92715e-13
-115.003 14.8192 -1.94636e-13
-172.293 10.6686 -1.88851e-13
-228.209 6.78373 -1.66377e-13
-277.053 3.47995 -1.63496e-13
-253.102 5.78965 -1.5965e-13
-229.128 8.1011 -1.58008e-13
-205.129 10.4143 -1.60039e-13
-181.106 12.7293 -1.57956e-13
-157.058 15.0461 -1.6011e-13
-132.987 17.3646 -1.57903e-13
-108.89 19.6849 -1.60153e-13
-84.7698 22.007 -1.57716e-13
-60.6246 24.3309 -1.60225e-13
-34.4211 26.6342 -1.61787e-13
11.6692 28.7848 -1.67609e-13
65.9754 30.9651 -1.56658e-13
123.568 33.5805 -1.41409e-13
172.13 37.3761 -1.45636e-13
208.582 40.3903 -1.33239e-13
214.323 40.5624 -1.15656e-13
217.137 42.5454 -1.04803e-13
218.988 44.9305 -9.39941e-14
220.856 46.8312 -8.71414e-14
198.611 44.5639 -8.18494e-14
176.388 42.2981 -8.30954e-14
154.186 40.0341 -8.33332e-14
132.007 37.7717 -8.43303e-14
109.848 35.511 -8.21744e-14
87.7118 33.252 -8.20927e-14
65.5968 30.9946 -8.23517e-14
43.5033 28.7389 -8.21234e-14
21.4312 26.4848 -8.19556e-14
-0.619582 24.2324 -8.21694e-14
-21.3538 21.8057 -9.972e-14
-38.1607 18.6079 -9.53382e-14
-53.1034 14.9086 -9.14453e-14
-66.588 10.8882 -9.01885e-14
-144.569 5.11953 -8.20995e-14
-222.511 -0.9507 -7.66057e-14
-267.921 -4.71133 -6.35045e-14
-303.643 -7.99838 -6.28077e-14
-338.777 -11.2914 -5.84524e-14
-372.351 -14.3885 -5.84159e-14
-343.504 -11.5388 -5.71841e-14
-314.622 -8.68641 -5.77708e-14
-285.705 -5.83142 -5.77754e-14
-256.755 -2.97397 -5.72375e-14
-227.769 -0.113937 -5.41477e-14
-198.749 2.74869 -5.42016e-14
-169.694 5.6139 -5.41975e-14
-140.603 8.48174 -5.70882e-14
-94.1766 11.2018 -6.5687e-14
-29.8365 13.9035 -6.80778e-14
44.8074 16.7192 -6.81313e-14
117.074 21.6991 -7.47948e-14
185.533 27.6702 -7.37188e-14
225.86 31.7347 -6.995e-14
230.748 33.0731 -5.55008e-14
234.944 34.5411 -5.44159e-14
238.327 36.4888 -5.00764e-14
240.384 39.5784 -4.20075e-14
242.357 42.5897 -3.55744e-14
244.1 45.5506 -3.59609e-14
245.582 48.5663 -2.38041e-14
246.733 51.7151 -2.18851e-14
247.733 54.8738 -2.20642e-14
248.37 57.8977 -1.23859e-14
219.598 54.2647 -1.03489e-14
190.866 50.6362 -9.84524e-15
162.169 47.013 -1.04703e-14
133.506 43.3946 -1.10371e-14
104.882 39.7802 -1.12852e-14
76.2962 36.1697 -1.1116e-14
47.7441 32.5632 -1.05428e-14
25.8126 28.8051 -8.67434e-15
8.69587 24.5547 -1.29645e-14
-5.1577 19.8301 -1.05026e-14
-73.6893 12.6657 -1.8588e-16
-183.631 4.22228 7.32636e-15
-267.697 -2.84685 1.66431e-14
-344.188 -9.1792 1.70904e-14
-419.297 -15.2392 2.08595e-14
-453.627 -18.9574 1.80446e-14
-451.682 -20.1052 2.38829e-14
-449.238 -20.0735 1.36714e-14
-446.717 -19.8654 2.32191e-14
-443.909 -19.728 1.18077e-14
-440.919 -19.4825 1.7069e-14
-437.981 -19.18 1.11487e-14
-410.563 -16.4623 9.27867e-15
-383.112 -13.7421 8.05769e-15
-355.628 -11.0196 8.26208e-15
-328.112 -8.29461 9.11852e-15
-300.563 -5.56724 9.2371e-15
-272.981 -2.83744 1.16833e-14
-245.367 -0.105196 1.01962e-14
-217.719 2.62952 1.05322e-14
-174.134 5.26978 3.65692e-14
-113.945 7.97613 1.97877e-14
-44.2407 10.8572 2.1996e-14
34.8568 13.9227 1.83814e-14
79.2063 20.6675 3.36465e-14
102.245 26.2469 3.56875e-14
118.994 30.3944 3.64324e-14
131.123 33.7906 3.66154e-14
141.872 36.7406 3.64739e-14
151.374 39.451 2.84333e-14
160.344 41.7088 3.1516e-14
168.124 43.9452 2.69534e-14
173.246 47.5678 2.98061e-14
177.787 51.0537 2.90432e-14
182.238 54.1183 3.01591e-14
186.641 56.7823 3.23826e-14
190.632 58.9166 3.27531e-14
179.894 57.585 3.06627e-14
163.798 55.5885 2.97351e-14
139.679 52.5961 3.22212e-14
103.556 48.1126 3.23533e-14
60.8301 42.8069 3.19885e-14
18.1983 37.5099 2.88885e-14
-22.7867 32.2444 9.3286e-15
-50.4039 26.4698 3.18886e-14
-73.0061 19.7078 4.04173e-14
-233.804 7.99166 -4.36611e-14
-377.198 -2.52753 -1.06805e-13
-445.213 -10.6212 -1.33417e-13
-442.342 -15.1593 -1.24713e-13
-438.702 -16.8202 -1.10419e-13
-434.453 -17.4035 -1.06259e-13
-429.703 -17.5747 -8.6878e-14
-424.778 -17.4249 -9.53622e-14
-419.776 -17.1279 -8.67768e-14
-414.605 -17.0655 -7.9106e-14
-409.287 -16.9867 -7.38572e-14
-403.84 -16.7608 -7.13939e-14
-398.306 -16.3434 -7.63032e-14
-392.791 -15.7896 -7.35476e-14
-387.354 -15.1909 -6.27799e-14
-382.038 -14.6292 -6.36797e-14
-376.876 -14.1521 -5.66356e-14
-371.826 -13.8369 -5.02417e-14
-366.862 -13.5785 -4.95e-14
-362.015 -13.2987 -4.89819e-14
-357.288 -12.9717 -4.48952e-14
-352.69 -12.5963 -4.00926e-14
-348.229 -12.1903 -3.92173e-14
-343.913 -11.7794 -3.91685e-14
-339.749 -11.3875 -3.29639e-14
-335.718 -10.9489 -3.77046e-14
-332.094 -10.5907 -3.54025e-14
-332.094 -10.5907 -3.7571e-14
-329.801 -10.4044 -3.18321e-14
-293.094 -7.41863 -3.34009e-14
-256.375 -4.48104 -3.10196e-14
-219.624 -1.5507 -3.12937e-14
-182.836 1.37815 -3.16072e-14
-145.263 4.29984 -2.89546e-14
-79.2524 7.0263 -2.73736e-14
0.125 9.89488 -2.78624e-14
53.9024 12.7134 -2.6688e-14
92.4206 15.5793 -2.35679e-14
112.276 21.8498 -3.24165e-14
126.21 27.022 -3.06215e-14
135.916 32.1876 -4.47667e-14
143.01 37.3236 -5.00728e-14
149.757 41.7195 -6.12137e-14
155.736 45.7924 -7.179e-14
159.981 50.1975 -7.12066e-14
164.007 54.1318 -8.39562e-14
167.891 57.6181 -9.0869e-14
171.206 60.3246 -9.73096e-14
162.381 59.4655 -9.19054e-14
149.149 58.1774 -9.2407e-14
129.319 56.2464 -9.14717e-14
99.608 53.3525 -9.17954e-14
64.451 49.9267 -9.12862e-14
29.3534 46.505 -9.05397e-14
-5.75373 43.1035 -8.96528e-14
-36.9284 39.6272 -1.00107e-13
-58.8607 35.3464 -7.12757e-14
-72.3721 31.2329 -1.03569e-13
-35.2895 34.8051 -9.10459e-14
1.86202 38.3822 -8.34413e-14
39.083 41.9641 -9.15975e-14
76.3747 45.551 -8.41271e-14
113.743 49.1434 -9.23714e-14
151.2 52.7426 -8.2504e-14
168.652 57.2796 -1.02774e-13
167.397 61.6515 -8.89572e-14
131.979 58.2019 -8.71212e-14
96.6128 54.7566 -8.56321e-14
61.2969 51.3152 -8.55708e-14
26.0314 47.8769 -8.65282e-14
-9.18693 44.441 -8.66348e-14
-39.5993 40.9092 -9.32579e-14
-61.0331 36.6127 -1.04434e-13
-76.5496 31.424 -8.46151e-14
-163.309 25.3088 -8.35816e-14
-264.286 18.78 -7.99417e-14
-338.332 10.9868 -6.79946e-14
-335.892 3.41711 -5.41253e-14
-332.969 -1.63887 -3.88666e-14
-330.013 -5.11165 -2.60698e-14
-326.908 -7.29597 -1.86711e-14
-323.842 -8.67817 -1.63893e-14
-320.884 -9.60623 -1.28e-14
-318.035 -10.2474 -1.11401e-14
-315.802 -10.6391 -9.4753e-15
-306.851 -9.8823 -1.10702e-14
-293.417 -8.74673 -1.11227e-14
-273.251 -7.0424 -1.34284e-14
-242.967 -4.48379 -1.19031e-14
-207.021 -1.44795 -1.01411e-14
-171.014 1.59187 -1.06743e-14
-127.767 4.53027 -8.6164e-15
-61.2475 7.30586 -1.18249e-14
17.3493 10.1992 -1.24874e-14
60.2448 12.9333 -1.45448e-14
86.7912 19.7888 -1.41879e-14
107.936 26.4058 -1.7551e-14
122.282 32.6259 -1.93189e-14
130.22 38.4313 -2.13327e-14
136.415 43.5898 -2.73105e-14
140.541 48.464 -2.92594e-14
144.738 52.788 -3.18191e-14
148.889 56.6927 -3.4726e-14
150.352 61.1452 -3.81422e-14
151.396 64.3308 -4.15596e-14
143.083 63.4719 -3.923e-14
130.621 62.184 -3.95483e-14
111.94 60.2527 -3.97081e-14
83.9499 57.3576 -3.78708e-14
50.8245 53.9289 -3.80237e-14
17.7506 50.5029 -3.82902e-14
-15.2757 47.0791 -3.75707e-14
-42.6304 43.6273 1.89447e-12
-62.0147 39.573 -3.31403e-13
-73.2231 35.8961 -3.78054e-13
-60.0846 37.2599 1.53916e-13
-46.937 38.6243 1.56023e-13
-33.78 39.9895 1.58855e-13
-20.6138 41.3553 1.61578e-13
-7.43827 42.7218 1.62769e-13
5.74666 44.089 1.64708e-13
18.9409 45.4569 1.66893e-13
32.1445 46.8255 1.64845e-13
45.3577 48.1948 1.71237e-13
58.5805 49.5648 1.71757e-13
71.8136 50.9357 1.75795e-13
85.057 52.3073 1.78347e-13
98.3119 53.6798 1.69069e-13
111.579 55.0534 1.82622e-13
124.859 56.4279 1.84755e-13
138.151 57.8035 1.86257e-13
149.812 59.2333 1.95778e-13
149.21 60.9337 3.11284e-13
148.592 62.5307 4.10589e-13
145.77 63.2851 4.64896e-13
114.049 59.9676 4.60836e-13
82.3801 56.6543 4.53212e-13
50.7639 53.3452 4.44751e-13
19.1994 50.0401 4.49165e-13
-12.4152 46.7496 4.4328e-13
-40.3595 43.49 1.69774e-12
-60.0881 39.8284 -1.19819e-12
-74.7193 35.5067 -4.0301e-13
-108.277 30.5021 -3.76257e-13
-200.006 25.1168 -1.6052e-12
-261.295 21.3916 -8.2674e-13
-252.606 22.2747 -8.52423e-13
-239.567 23.6 -8.50483e-13
-219.991 25.589 -8.48615e-13
-190.589 28.5753 -8.43895e-13
-155.684 32.1189 -8.40182e-13
-120.713 35.6673 -8.37281e-13
-76.9855 39.069 -8.66377e-13
-8.81442 42.2217 -8.90854e-13
74.5193 45.4583 -9.36081e-13
146.861 50.3951 -1.99537e-13
162.217 52.8971 1.09339e-13
170.289 54.671 3.81376e-13
176.856 56.3311 6.316