-5.47149e-05 2.26914e-20 0
-0.00010943 2.71554e-19 0
-0.000164145 4.11491e-19 -1.02268e-22
-0.00021886 5.42634e-19 -3.47922e-24
-0.000273575 6.77889e-19 -1.18365e-25
-0.000328289 8.12889e-19 -4.67516e-22
-0.000383004 9.83622e-19 -1.59051e-23
-0.000437719 1.07677e-18 1.34356e-21
-0.000492434 1.26851e-18 4.57084e-23
-0.000547149 1.39511e-18 5.27506e-22
-0.000547149 1.37504e-18 -2.78713e-21
-0.000551808 -9.69994e-06 -6.28695e-23
-0.000556464 -1.93986e-05 9.53572e-23
-0.000561119 -2.9096e-05 -1.34796e-21
-0.000565772 -3.87921e-05 -1.28204e-21
-0.000570423 -4.84869e-05 -8.25756e-23
-0.000575071 -5.81805e-05 -9.21203e-22
-0.000579718 -6.78728e-05 -9.81817e-22
-0.000584363 -7.75638e-05 -3.784e-22
-0.000589006 -8.72535e-05 1.46054e-21
-0.000593646 -9.6942e-05 -1.22264e-23
-0.000598285 -0.000106629 7.90298e-22
-0.000602922 -0.000116315 5.5229e-22
-0.000607557 -0.000126 4.00751e-21
-0.000612189 -0.000135683 4.55462e-22
-0.00061682 -0.000145365 4.23517e-22
-0.000621449 -0.000155046 -9.97911e-23
-0.000626076 -0.000164725 -2.46329e-21
-0.000630701 -0.000174404 2.26235e-21
-0.000635324 -0.000184081 3.14959e-21
-0.000639945 -0.000193756 5.5984e-22
-0.000644564 -0.000203431 -7.53878e-22
-0.00064918 -0.000213104 4.36034e-22
-0.000653795 -0.000222776 -3.52901e-22
-0.000658408 -0.000232447 -4.65149e-22
-0.000663019 -0.000242116 -5.01065e-22
-0.000667628 -0.000251784 1.17097e-21
-0.000672236 -0.000261451 -3.38134e-22
-0.000676841 -0.000271117 -1.62719e-21
-0.000734915 -0.00028581 -1.36599e-21
-0.000814214 -0.000302097 4.83434e-21
-0.000904702 -0.000318882 2.84814e-22
-0.00100667 -0.000336123 1.32502e-21
-0.00111737 -0.000353392 -1.98587e-21
-0.00124006 -0.000370942 1.06766e-21
-0.00137279 -0.000388404 1.39141e-21
-0.00150976 -0.000405301 -3.85438e-21
-0.0016652 -0.000422699 -2.56486e-21
-0.00182074 -0.000439024 3.46189e-22
-0.00198231 -0.000454856 -4.12334e-21
-0.0021596 -0.000470876 -1.3922e-21
-0.00233681 -0.000485828 -3.88411e-21
-0.00251391 -0.000499812 -1.41649e-21
-0.00269925 -0.000513603 -3.75253e-21
-0.00289518 -0.000527316 -4.28772e-21
-0.00309077 -0.000540145 2.89992e-21
-0.00328599 -0.000552171 1.32214e-21
-0.00348081 -0.000563469 -2.6949e-21
-0.00367521 -0.000574107 -3.736e-21
-0.00388187 -0.000585232 6.81618e-22
-0.00409061 -0.000595959 3.04702e-22
-0.00429887 -0.000606125 3.71356e-21
-0.00450665 -0.000615774 -5.24476e-21
-0.00471395 -0.000624948 -8.68145e-22
-0.00492079 -0.000633684 -2.27616e-21
-0.00512716 -0.000642019 6.92469e-22
-0.0053331 -0.000649984 -2.94302e-21
-0.00553862 -0.000657609 -2.03772e-21
-0.00574677 -0.000665249 1.83599e-21
-0.00596177 -0.000673345 -6.60816e-22
-0.00617638 -0.000681179 -4.78994e-21
-0.00639061 -0.000688762 -2.94703e-21
-0.00660448 -0.000696104 2.64419e-21
-0.00681802 -0.000703215 -8.65468e-22
-0.00703124 -0.000710108 5.66754e-21
-0.00724416 -0.000716792 -4.94135e-21
-0.0074568 -0.000723277 -6.75236e-21
-0.00766917 -0.000729574 9.00656e-23
-0.00788129 -0.000735693 -3.55619e-22
-0.00809318 -0.000741643 1.61679e-21
-0.00830486 -0.000747432 -1.60397e-21
-0.00851633 -0.000753069 -7.32125e-21
-0.00872762 -0.000758563 -2.70855e-21
-0.00893873 -0.00076392 -8.94223e-22
-0.00914968 -0.000769148 -2.36672e-21
-0.00936049 -0.000774253 1.35425e-21
-0.00956253 -0.000779041 1.43721e-21
-0.00973861 -0.000784718 -2.74531e-20
-0.00988197 -0.000799115 -6.2634e-21
-0.0100244 -0.000814346 -1.88069e-21
-0.010166 -0.000830298 1.3002e-21
-0.0103069 -0.000846877 7.11341e-21
-0.010447 -0.000863999 4.68298e-21
-0.0105864 -0.000881595 -1.75682e-20
-0.0107252 -0.000899602 -6.17068e-21
-0.0108634 -0.000917966 -1.29537e-20
-0.011001 -0.00093664 -2.87154e-20
-0.0111381 -0.000955583 -3.4399e-20
-0.0112748 -0.000974761 -4.90426e-21
-0.0114111 -0.000994141 -2.25729e-20
-0.0115469 -0.0010137 -3.88025e-20
-0.0116824 -0.0010334 -2.19179e-20
-0.0118176 -0.00105324 -1.62136e-20
-0.0119476 -0.00107245 -2.3393e-20
-0.0120766 -0.00109167 -1.73572e-20
-0.0122055 -0.00111095 -1.36328e-20
-0.0123341 -0.0011303 -1.15283e-20
-0.0124625 -0.0011497 -2.55127e-20
-0.0125907 -0.00116914 -1.34522e-20
-0.0127187 -0.00118861 -2.82545e-20
-0.0128466 -0.00120811 -1.94435e-20
-0.0129743 -0.00122762 -3.29768e-20
-0.0131019 -0.00124715 -2.1114e-20
-0.0132294 -0.00126668 -8.43486e-21
-0.0133567 -0.00128621 -1.95191e-20
-0.0133488 -0.00126485 -1.32916e-20
-0.0133423 -0.00124449 -4.95104e-21
-0.0133362 -0.00122432 -1.58047e-20
-0.0133301 -0.00120404 -1.4093e-20
-0.0133241 -0.00118365 -1.75347e-20
-0.0133182 -0.00116315 -2.14373e-20
-0.0133123 -0.00114254 -1.16496e-20
-0.0133064 -0.00112181 -1.70537e-20
-0.0133006 -0.00110098 -1.21766e-20
-0.0132949 -0.00108003 -1.394e-20
-0.0132892 -0.00105897 -1.47402e-20
-0.0132835 -0.0010378 -1.07312e-20
-0.0132778 -0.00101652 -1.74713e-20
-0.0132722 -0.000995131 -1.3484e-20
-0.0132666 -0.000973637 -1.23876e-20
-0.013261 -0.000952038 -1.62358e-20
-0.0132554 -0.000930337 -2.05575e-20
-0.0132498 -0.000908537 -1.97305e-20
-0.0132443 -0.000886638 -1.27651e-20
-0.0132387 -0.000864644 -1.77477e-20
-0.0132332 -0.000842556 -1.85943e-20
-0.0132277 -0.000820379 -1.5422e-20
-0.0132222 -0.000798113 -1.3864e-20
-0.0132167 -0.000775761 -1.65224e-20
-0.0132112 -0.000753326 -1.19302e-20
-0.0132057 -0.00073081 -1.43466e-20
-0.013153 -0.000695744 -9.87522e-21
-0.0130662 -0.000653173 -1.40383e-20
-0.0130118 -0.000607883 -1.86066e-20
-0.0130942 -0.00055919 -1.26482e-20
-0.0132142 -0.000511215 -1.0149e-20
-0.0133484 -0.000462714 -1.27663e-20
-0.0135036 -0.000413303 -3.22839e-20
-0.0136675 -0.000364029 -3.51247e-20
-0.0138334 -0.000313671 -2.66225e-20
-0.0140049 -0.000263064 -3.85454e-20
-0.014183 -0.000212609 -2.62841e-20
-0.0143671 -0.00016238 -2.4854e-20
-0.0145564 -0.00011243 -5.18678e-20
-0.0147641 -6.14713e-05 -3.95463e-20
-0.0149863 -1.01152e-05 -3.54777e-20
-0.015214 4.08989e-05 -3.12825e-20
-0.0154465 9.15435e-05 -3.65179e-20
-0.0156829 0.000141814 -5.45521e-20
-0.0159226 0.000191724 -3.90659e-20
-0.0161647 0.000241302 -4.59187e-20
-0.0164088 0.000290589 -6.04238e-20
-0.0166541 0.00033963 -5.62201e-20
-0.0169003 0.000388474 -4.08446e-20
-0.0171468 0.000437172 -4.84035e-20
-0.0173934 0.000485772 -4.1119e-20
-0.0176397 0.00053432 -3.97938e-20
-0.0178854 0.00058286 -7.41237e-20
-0.0181304 0.000631429 -5.20019e-20
-0.0183818 0.000681832 -1.03677e-19
-0.0186349 0.00073301 -4.95307e-20
-0.0188878 0.000784604 -4.5052e-20
-0.0191405 0.0008366 -1.08797e-19
-0.0193926 0.000888988 -1.57883e-20
-0.0196443 0.000941761 -5.35065e-20
-0.0198953 0.000994917 -5.80238e-20
-0.0201456 0.00104845 -5.41487e-20
-0.0203809 0.00109929 -6.00425e-20
-0.0206016 0.00114744 -6.45459e-20
-0.0208218 0.00119595 -7.0136e-20
-0.0210414 0.00124482 -7.85926e-20
-0.0212604 0.00129404 -6.63403e-20
-0.0214787 0.00134363 -5.57396e-20
-0.0216894 0.00139197 -5.82972e-20
-0.0218967 0.00144005 -5.46216e-20
-0.0221034 0.00148847 -5.53811e-20
-0.0223093 0.00153723 -5.98e-20
-0.0225145 0.00158634 -4.76051e-20
-0.0227189 0.00163581 -1.15347e-19
-0.0229224 0.00168562 3.67289e-22
-0.023118 0.00173399 -5.2888e-20
-0.0233083 0.00178159 -3.76081e-21
-0.0234979 0.0018295 -5.33733e-20
-0.0236867 0.00187775 1.64217e-20
-0.0238748 0.00192632 1.40982e-20
-0.0240621 0.00197521 -4.06256e-20
-0.0242486 0.00202443 -4.77637e-20
-0.0244329 0.00207362 -5.0739e-20
-0.0246035 0.00211964 -4.75361e-20
-0.0247735 0.00216595 -5.37398e-20
-0.0249427 0.00221254 -5.70405e-20
-0.0251113 0.00225942 -5.61698e-20
-0.0252792 0.00230659 -5.40842e-20
-0.025291 0.00228743 -3.45113e-20
-0.0253028 0.00226826 -3.87293e-20
-0.0253146 0.00224906 -2.46377e-20
-0.0253265 0.00222985 -3.65806e-20
-0.0253385 0.0022106 -4.21181e-20
-0.0253504 0.00219133 -1.94511e-20
-0.0253625 0.00217202 -2.23867e-20
-0.0253745 0.00215267 -3.65589e-20
-0.0253867 0.00213329 -3.69413e-20
-0.0253988 0.00211387 -2.65577e-20
-0.025411 0.00209441 -3.49445e-20
-0.0254232 0.00207491 -3.79672e-20
-0.0254354 0.00205536 -1.98536e-20
-0.0254477 0.00203577 -4.26276e-20
-0.0254599 0.00201614 -2.12884e-20
-0.0254722 0.00199646 -3.9457e-20
-0.0254845 0.00197674 -2.54778e-20
-0.0254969 0.00195698 -3.34348e-20
-0.0255092 0.00193717 -2.70447e-20
-0.0255216 0.00191732 -4.02841e-20
-0.0255339 0.00189743 -3.0092e-20
-0.0255463 0.0018775 -4.17869e-20
-0.0255587 0.00185752 -2.53394e-20
-0.0255711 0.00183751 -2.42634e-20
-0.0255835 0.00181746 -9.68966e-21
-0.0255959 0.00179737 -2.14478e-20
-0.0256083 0.00177724 -2.28028e-20
-0.0256207 0.00175708 -2.06218e-20
-0.0256556 0.00173526 -3.65929e-20
-0.0257656 0.00170857 -2.60457e-20
-0.0258945 0.00168155 2.27055e-20
-0.0259876 0.00164025 -5.33005e-20
-0.0260879 0.00159853 -4.00197e-20
-0.0261916 0.00155594 -4.14181e-20
-0.0262912 0.00151079 -6.11505e-20
-0.0263959 0.00146515 2.04623e-20
-0.0265058 0.00141905 -2.45233e-20
-0.0266212 0.0013725 -1.82482e-20
-0.0267423 0.00132556 -1.93351e-20
-0.0268693 0.00127827 -2.29156e-20
-0.0269921 0.00122836 -1.58008e-20
-0.0271199 0.00117782 -2.16587e-20
-0.0272535 0.00112681 -1.51441e-20
-0.0273931 0.00107541 -5.16077e-21
-0.0275388 0.00102368 -9.80951e-21
-0.0276908 0.000971661 -3.13286e-21
-0.0278489 0.000919425 5.04583e-21
-0.0280134 0.00086703 9.36031e-21
-0.028184 0.000814534 5.91189e-21
-0.0283607 0.000761994 1.59648e-19
-0.0285434 0.000709463 3.87572e-20
-0.0287317 0.000656993 4.35161e-20
-0.0289298 0.000603778 8.40773e-20
-0.0291398 0.000549453 5.47696e-20
-0.0293559 0.000495006 6.11914e-20
-0.029578 0.000440487 1.88759e-19
-0.0298057 0.000385942 1.0308e-19
-0.0300382 0.000331483 1.01665e-19
-0.0302749 0.000277204 5.30734e-20
-0.0305161 0.000222999 1.39884e-19
-0.030759 0.000168058 1.13841e-19
-0.0310048 0.000112838 1.12824e-19
-0.0312537 5.75683e-05 1.20348e-19
-0.0315052 2.26521e-06 1.10627e-19
-0.0317591 -5.30617e-05 1.19214e-19
-0.032015 -0.00010841 1.1633e-19
-0.0322671 -0.000162625 1.12678e-19
-0.0324696 -0.000206042 1.16848e-19
-0.0326741 -0.000249737 1.13146e-19
-0.0328803 -0.000293699 1.08977e-19
-0.0330833 -0.000336928 1.23191e-19
-0.033274 -0.000377516 1.3115e-19
-0.0334659 -0.000418361 1.34513e-19
-0.0336589 -0.000459461 6.29754e-20
-0.033853 -0.00050081 1.46207e-19
-0.0340479 -0.000542406 1.20134e-19
-0.0342341 -0.000582196 1.37176e-19
-0.0344078 -0.000619414 1.40266e-19
-0.0345822 -0.000656851 1.33004e-19
-0.0347571 -0.000694507 5.88136e-20
-0.0349326 -0.000732382 5.72342e-20
-0.0351086 -0.000770473 3.31769e-20
-0.035285 -0.000808781 -1.12078e-22
-0.0354385 -0.00084222 8.90088e-20
-0.0355877 -0.00087483 7.15904e-20
-0.0357373 -0.000907615 8.71601e-20
-0.0358872 -0.00094058 3.4252e-21
-0.0360374 -0.000973726 8.42614e-20
-0.036188 -0.00100706 7.48606e-20
-0.0363389 -0.00104058 7.24892e-20
-0.036483 -0.00107272 7.57602e-20
-0.036602 -0.00109933 7.04995e-20
-0.0367213 -0.0011261 6.68332e-20
-0.036841 -0.00115304 7.71611e-20
-0.0369611 -0.00118016 7.42991e-20
-0.0370818 -0.00120746 7.4628e-20
-0.0372028 -0.00123495 7.61935e-20
-0.0373244 -0.00126264 9.6442e-20
-0.0373151 -0.00124143 2.17003e-20
-0.0373058 -0.00122021 3.22392e-20
-0.0372965 -0.00119896 2.86805e-20
-0.0372872 -0.00117769 3.58377e-20
-0.0372779 -0.00115641 2.04081e-20
-0.0372687 -0.00113512 1.30535e-20
-0.0372594 -0.00111381 1.22441e-20
-0.0372502 -0.00109247 2.73304e-20
-0.0372409 -0.00107112 1.16732e-20
-0.0372317 -0.00104973 2.28741e-20
-0.0372224 -0.00102832 1.57269e-20
-0.0372132 -0.00100689 2.19544e-20
-0.037204 -0.000985431 2.00759e-20
-0.0371947 -0.000963947 1.90019e-20
-0.0371855 -0.000942436 1.84041e-20
-0.0371763 -0.0009209 1.8663e-20
-0.0371671 -0.000899338 2.21095e-20
-0.0371579 -0.000877751 1.07614e-20
-0.0371487 -0.000856216 1.32971e-20
-0.0371397 -0.000835242 2.46116e-20
-0.0371309 -0.000814289 2.10848e-20
-0.037122 -0.000793353 2.10271e-20
-0.0371132 -0.000772464 2.16255e-20
-0.0371045 -0.000751639 2.44628e-20
-0.0370959 -0.000730817 2.86117e-20
-0.0370872 -0.000709991 2.52979e-20
-0.0370787 -0.000689157 2.8917e-20
-0.0370701 -0.00066831 1.58539e-21
-0.0370654 -0.000647105 7.73397e-20
-0.0371413 -0.000619608 8.3785e-20
-0.0372208 -0.00059002 3.7487e-20
-0.0372408 -0.000542596 6.60697e-20
-0.0372748 -0.000496082 7.57225e-20
-0.037316 -0.000448234 8.27905e-20
-0.0373586 -0.000398733 8.63212e-20
-0.0374061 -0.00034878 7.95203e-20
-0.0374586 -0.000298358 1.08827e-19
-0.0375165 -0.000247468 8.28867e-20
-0.0375736 -0.000194773 9.28365e-20
-0.0376294 -0.000140188 1.41982e-19
-0.0376904 -8.49621e-05 1.50445e-19
-0.0377568 -2.9137e-05 1.81609e-19
-0.0378288 2.72381e-05 1.22345e-19
-0.0379066 8.41081e-05 1.18728e-19
-0.0379905 0.000141413 1.15979e-19
-0.0380804 0.000199087 1.10804e-19
-0.0381765 0.000256975 1.15412e-19
-0.0382785 0.000314914 9.28268e-20
-0.0383866 0.000373026 3.64688e-20
-0.0385008 0.000431238 1.17852e-19
-0.038621 0.000489482 1.14715e-19
-0.038738 0.000543717 1.14341e-19
-0.0388493 0.000596181 1.16579e-19
-0.0389635 0.000649454 1.22186e-19
-0.039082 0.000703086 1.19875e-19
-0.039213 0.000758686 1.46888e-19
-0.039351 0.000815158 1.27704e-19
-0.0394939 0.00087213 2.54129e-19
-0.0396415 0.000929548 2.81689e-19
-0.0397935 0.000987361 2.30632e-19
-0.0399378 0.00104119 2.88521e-19
-0.040007 0.00106684 4.01873e-19
-0.040057 0.00108529 2.29803e-19
-0.0401062 0.00110337 3.64478e-19
-0.0401565 0.00112173 2.7935e-19
-0.0402077 0.00114036 3.02207e-19
-0.04026 0.00115927 2.71981e-19
-0.0402975 0.00117281 2.99527e-19
-0.0403351 0.00118639 3.59651e-19
-0.0403713 0.00119939 1.998e-19
-0.0404083 0.00121265 2.55878e-19
-0.0404461 0.00122618 2.56817e-19
-0.0404849 0.00123999 1.97282e-19
-0.0405246 0.00125407 2.41043e-19
-0.0405651 0.00126844 2.50984e-19
-0.0406067 0.00128309 3.44416e-19
-0.0406491 0.00129804 3.317e-19
-0.0406925 0.00131327 2.30491e-19
-0.0407369 0.0013288 2.31888e-19
-0.0407823 0.00134462 1.90717e-19
-0.0408286 0.00136074 2.05119e-19
-0.0408758 0.00137715 2.01393e-19
-0.0409241 0.00139386 2.38235e-19
-0.0409727 0.00141067 1.81006e-19
-0.0410127 0.00142453 1.98716e-19
-0.0410537 0.0014387 1.73481e-19
-0.0410957 0.00145317 1.80528e-19
-0.0411386 0.00146794 1.68263e-19
-0.0411825 0.00148302 1.26996e-19
-0.0412273 0.0014984 1.46294e-19
-0.0412513 0.00145347 1.20741e-19
-0.0412754 0.00140855 1.27308e-19
-0.0412995 0.00136364 1.21182e-19
-0.0413237 0.00131872 1.20868e-19
-0.0413479 0.00127378 1.22499e-19
-0.0413722 0.00122881 1.31254e-19
-0.0413965 0.0011838 1.23883e-19
-0.0414208 0.00113875 1.26378e-19
-0.0414452 0.00109366 1.24558e-19
-0.0414696 0.00104852 1.36866e-19
-0.041494 0.00100332 1.23721e-19
-0.0415184 0.000958075 1.27545e-19
-0.0415428 0.000912813 1.27027e-19
-0.0415671 0.000867621 1.28163e-19
-0.0416407 0.000802061 1.01195e-19
-0.0417447 0.000693762 1.23495e-19
-0.0418818 0.000582515 1.32794e-19
-0.0420795 0.000472894 8.59021e-20
-0.0422613 0.000369033 8.84548e-20
-0.0423971 0.000299084 1.43195e-19
-0.042523 0.000238926 1.91884e-19
-0.0426539 0.000179443 1.18444e-19
-0.0427543 0.000135578 1.57374e-19
-0.0428525 9.40898e-05 1.64104e-19
-0.04295 5.41722e-05 2.38468e-19
-0.0430488 1.48689e-05 1.73169e-19
-0.0431497 -2.41592e-05 1.2056e-19
-0.0432514 -6.34394e-05 2.19652e-19
-0.0433516 -0.00010372 2.48231e-19
-0.0434542 -0.000143996 1.96479e-19
-0.0435592 -0.000184302 1.88999e-19
-0.0436667 -0.000224675 1.69518e-19
-0.043777 -0.00026515 1.94968e-19
-0.04389 -0.000305762 2.17857e-19
-0.0440059 -0.000346545 2.34186e-19
-0.0441249 -0.000387537 2.3015e-19
-0.0442429 -0.000427384 1.6754e-19
-0.0443627 -0.000467109 2.48499e-19
-0.0444852 -0.00050697 1.83181e-19
-0.04461 -0.000546863 2.23721e-19
-0.0447371 -0.000586804 1.01857e-19
-0.0448671 -0.000626974 1.75102e-19
-0.045 -0.000667404 1.72535e-19
-0.0451359 -0.000708122 1.35012e-19
-0.0452748 -0.000749157 3.41324e-19
-0.0454169 -0.000790533 3.34999e-19
-0.0455621 -0.000832275 1.80648e-19
-0.0457104 -0.000874406 1.52312e-19
-0.0458673 -0.000918624 1.70804e-19
-0.0460295 -0.000963942 1.6459e-19
-0.0461957 -0.00101001 4.38229e-20
-0.046366 -0.00105684 1.99517e-19
-0.0465404 -0.00110445 1.35262e-19
-0.0467188 -0.00115284 1.42837e-19
-0.0469012 -0.00120203 1.76462e-19
-0.0470875 -0.00125202 1.98084e-19
-0.0472776 -0.00130279 1.72638e-19
-0.0474715 -0.00135435 1.48838e-19
-0.0476689 -0.00140669 3.02063e-19
-0.0478732 -0.00146034 8.74238e-20
-0.0480852 -0.00151542 1.13937e-19
-0.0483011 -0.0015713 3.49795e-19
-0.0485205 -0.00162797 2.97047e-19
-0.048741 -0.0016848 1.40755e-19
-0.0489639 -0.00174214 1.46991e-19
-0.0491895 -0.00180016 3.45328e-19
-0.0494175 -0.00185871 2.43315e-19
-0.0496476 -0.00191785 2.17948e-19
-0.0498801 -0.00197763 3.21368e-19
-0.0501147 -0.00203802 4.84033e-19
-0.0503512 -0.00209899 2.92063e-19
-0.0505895 -0.00216051 2.66204e-19
-0.0508294 -0.00222257 -2.84359e-19
-0.0511603 -0.00230025 8.73633e-20
-0.0515831 -0.00239235 9.11967e-20
-0.0520193 -0.00248546 6.87976e-21
-0.0524805 -0.00258137 7.11022e-20
-0.0529655 -0.00267979 -2.06958e-19
-0.0534663 -0.00277961 -2.08243e-19
-0.0539823 -0.00288077 -6.22994e-20
-0.0545106 -0.00298287 -1.02413e-21
-0.0550523 -0.00308624 8.45884e-20
-0.0556075 -0.00319094 2.57835e-20
-0.0561741 -0.00329652 1.97023e-19
-0.0567524 -0.00340319 1.02011e-19
-0.057356 -0.0035128 1.06987e-19
-0.0579872 -0.00362547 4.22146e-19
-0.0586361 -0.00373986 3.30521e-19
-0.0593009 -0.0038556 4.8684e-19
-0.0599713 -0.00397095 5.4394e-19
-0.0606461 -0.00408576 4.95648e-19
-0.061325 -0.00419995 6.1556e-19
-0.0620084 -0.00431355 5.62873e-19
-0.0619675 -0.00427149 5.2897e-19
-0.0619267 -0.00422956 5.26127e-19
-0.0618859 -0.0041878 5.19341e-19
-0.0618451 -0.00414617 5.24272e-19
-0.0618045 -0.00410466 5.16233e-19
-0.0617639 -0.00406326 5.15076e-19
-0.0617234 -0.00402196 5.11613e-19
-0.061683 -0.00398073 5.05519e-19
-0.0616427 -0.00393955 5.02713e-19
-0.0616025 -0.00389841 4.96021e-19
-0.0615623 -0.00385727 4.95614e-19
-0.0615223 -0.00381614 4.90282e-19
-0.0614824 -0.00377496 4.89183e-19
-0.0614427 -0.00373374 4.88073e-19
-0.0614031 -0.00369244 4.74768e-19
-0.0613346 -0.00365017 5.29251e-19
-0.0611924 -0.00360232 5.1358e-19
-0.0610683 -0.00354228 6.14989e-19
-0.0610237 -0.00346304 5.72468e-19
-0.061001 -0.00339329 4.97567e-19
-0.0609818 -0.00333192 4.98206e-19
-0.0609763 -0.00326754 4.90051e-19
-0.0609232 -0.00320749 4.47371e-19
-0.0608689 -0.00315321 5.02477e-19
-0.0608194 -0.00310083 5.58124e-19
-0.0607744 -0.00304919 5.15289e-19
-0.0607198 -0.00299672 4.65324e-19
-0.0606684 -0.00294488 5.4158e-19
-0.0606006 -0.00289215 5.36009e-19
-0.0605329 -0.00283934 5.44178e-19
-0.0604607 -0.00278509 5.07394e-19
-0.0603793 -0.00272859 5.52996e-19
-0.0603022 -0.00267197 5.44665e-19
-0.0602296 -0.00261516 5.23393e-19
-0.0601618 -0.00255811 5.49587e-19
-0.0600993 -0.00250078 4.62804e-19
-0.060042 -0.00244312 5.26672e-19
-0.0599903 -0.0023851 5.3774e-19
-0.0599443 -0.00232668 5.30907e-19
-0.0599041 -0.00226783 5.38088e-19
-0.0598699 -0.00220855 5.39021e-19
-0.0598413 -0.00214876 4.89831e-19
-0.0598172 -0.00208857 6.07695e-19
-0.0597996 -0.00202831 5.1234e-19
-0.0597883 -0.00196765 6.20899e-19
-0.0597835 -0.00190662 4.93993e-19
-0.0597851 -0.00184561 5.52552e-19
-0.059793 -0.00178431 5.01805e-19
-0.0598074 -0.00172276 5.33366e-19
-0.059828 -0.001661 4.91792e-19
-0.0598535 -0.00159816 4.68926e-19
-0.0598844 -0.00153447 4.55857e-19
-0.0599213 -0.0014705 5.03013e-19
-0.0599642 -0.00140637 4.76403e-19
-0.060011 -0.00134145 4.41192e-19
-0.0600629 -0.00127628 4.52467e-19
-0.06012 -0.00121098 5.68881e-19
-0.0601818 -0.00114559 4.35761e-19
-0.0602011 -0.00117952 4.89847e-19
-0.0602204 -0.00121343 4.82791e-19
-0.0602396 -0.00124732 4.83226e-19
-0.0602588 -0.00128119 4.42922e-19
-0.060278 -0.00131505 4.91199e-19
-0.0602971 -0.00134889 4.41527e-19
-0.0603162 -0.00138271 4.4121e-19
-0.0603353 -0.00141652 4.83352e-19
-0.0603544 -0.00145031 4.91299e-19
-0.0603734 -0.00148408 4.87357e-19
-0.0603924 -0.00151784 4.86235e-19
-0.0604114 -0.00155158 5.88782e-19
-0.0604304 -0.0015853 4.88649e-19
-0.0604493 -0.001619 5.91954e-19
-0.0604682 -0.00165269 5.9241e-19
-0.0604871 -0.00168637 4.36187e-19
-0.060506 -0.00172002 5.97726e-19
-0.0605248 -0.00175366 4.33742e-19
-0.0605436 -0.00178728 4.34699e-19
-0.0605624 -0.00182089 4.39104e-19
-0.0605812 -0.00185449 4.42755e-19
-0.060557 -0.00190127 4.37517e-19
-0.0604872 -0.00195389 5.87501e-19
-0.0604409 -0.00198445 4.28076e-19
-0.0604015 -0.00200914 4.33725e-19
-0.0603654 -0.002031 4.74487e-19
-0.0604259 -0.00207857 4.58767e-19
-0.0604977 -0.00212841 4.89981e-19
-0.0605614 -0.00217774 5.21973e-19
-0.0606174 -0.00222219 4.27884e-19
-0.0606719 -0.00226544 5.81644e-19
-0.0607249 -0.0023074 4.665e-19
-0.0607763 -0.00234822 5.57373e-19
-0.0608255 -0.00238749 4.85804e-19
-0.0608729 -0.0024256 4.21761e-19
-0.0608495 -0.00238582 5.28215e-19
-0.0608259 -0.00234602 4.14318e-19
-0.0608024 -0.0023062 4.09942e-19
-0.0607788 -0.00226636 4.17549e-19
-0.0607552 -0.0022265 4.1826e-19
-0.0607315 -0.00218662 4.22455e-19
-0.0607078 -0.00214672 4.07626e-19
-0.0606841 -0.0021068 4.11862e-19
-0.0606604 -0.00206686 4.61192e-19
-0.0606366 -0.0020269 4.57757e-19
-0.0606127 -0.00198692 4.51226e-19
-0.0605889 -0.00194692 4.12103e-19
-0.060565 -0.0019069 4.56646e-19
-0.060541 -0.00186686 5.32985e-19
-0.060517 -0.0018268 5.64223e-19
-0.0604917 -0.00178674 4.16183e-19
-0.060383 -0.00174697 4.29232e-19
-0.0602432 -0.00170568 4.12102e-19
-0.0601717 -0.00164757 5.14811e-19
-0.0601687 -0.00157563 4.64584e-19
-0.0601727 -0.001522 5.11552e-19
-0.0601838 -0.00146988 4.2145e-19
-0.060202 -0.00143122 4.84407e-19
-0.0602185 -0.00139446 5.0247e-19
-0.0602697 -0.00135473 4.40873e-19
-0.0603281 -0.00131307 4.44944e-19
-0.0603729 -0.00127333 5.40315e-19
-0.0604161 -0.00123296 4.53827e-19
-0.060461 -0.00119182 4.39183e-19
-0.0605078 -0.00114928 4.59479e-19
-0.0605521 -0.00110389 4.83591e-19
-0.0605767 -0.00114733 4.6184e-19
-0.0606011 -0.00119076 4.18535e-19
-0.0606256 -0.00123415 4.13905e-19
-0.06065 -0.00127753 4.14105e-19
-0.0606743 -0.00132087 4.58931e-19
-0.0606986 -0.0013642 4.16109e-19
-0.0607229 -0.00140749 4.63496e-19
-0.0607471 -0.00145077 4.61259e-19
-0.0607713 -0.00149401 4.17927e-19
-0.0607955 -0.00153724 4.18858e-19
-0.0608196 -0.00158043 4.60975e-19
-0.0608436 -0.00162361 4.14128e-19
-0.0608677 -0.00166675 4.62778e-19
-0.0608916 -0.00170982 4.1558e-19
-0.0609155 -0.00175286 4.15969e-19
-0.0609394 -0.00179588 4.68072e-19
-0.0609554 -0.00184146 4.73209e-19
-0.0608504 -0.00191866 4.6469e-19
-0.0607912 -0.00196942 -4.44752e-13
-0.060899 -0.00204046 1.03514e-12
-0.0609974 -0.00210496 1.23005e-12
-0.0610721 -0.00215924 1.39215e-12
-0.0611391 -0.0022116 1.54739e-12
-0.0612033 -0.0022624 1.69877e-12
-0.0612647 -0.00231173 1.84637e-12
-0.0613231 -0.00235937 1.98942e-12
-0.0613782 -0.00240502 2.12703e-12
-0.0614307 -0.00244931 2.26258e-12
-0.0614801 -0.00249158 2.39055e-12
-0.0615299 -0.00253567 2.52389e-12
-0.0615882 -0.00258185 2.67139e-12
-0.0616843 -0.00263596 2.86546e-12
-0.0618295 -0.00269993 3.12033e-12
-0.0619987 -0.00276227 3.40238e-12
-0.0622623 -0.00283384 3.79205e-12
-0.062651 -0.00291615 4.31727e-12
-0.0630618 -0.00299705 4.86395e-12
-0.0634897 -0.00307643 5.4242e-12
-0.0639303 -0.00315431 5.99223e-12
-0.0643805 -0.00323084 6.56407e-12
-0.064838 -0.00330617 7.13727e-12
-0.0653371 -0.00338642 7.74933e-12
-0.0658765 -0.00347015 8.39492e-12
-0.0664361 -0.00355416 9.05174e-12
-0.0670149 -0.00363815 9.7175e-12
-0.0676324 -0.00372311 1.04068e-11
-0.0682732 -0.00380764 1.11035e-11
-0.0689269 -0.00389108 1.17983e-11
-0.0695909 -0.00397338 1.24886e-11
-0.0702625 -0.00405449 1.31715e-11
-0.0709427 -0.00413661 1.38535e-11
-0.071637 -0.00422133 1.4542e-11
-0.0723422 -0.00430682 1.52295e-11
-0.0730594 -0.00439302 1.59158e-11
-0.0737893 -0.00447979 1.66003e-11
-0.0737274 -0.00443119 1.66007e-11
-0.0736655 -0.00438271 1.66017e-11
-0.0736037 -0.00433432 1.66034e-11
-0.073542 -0.004286 1.66056e-11
-0.0734803 -0.00423773 1.66082e-11
-0.0734188 -0.00418949 1.66114e-11
-0.0733573 -0.00414126 1.6615e-11
-0.0732959 -0.004093 1.66188e-11
-0.0732346 -0.0040447 1.6623e-11
-0.0731734 -0.00399634 1.66273e-11
-0.0731123 -0.00394791 1.66319e-11
-0.0730513 -0.00389939 1.66365e-11
-0.0729903 -0.00385074 1.66411e-11
-0.0728538 -0.00380338 1.6346e-11
-0.0726566 -0.00375516 1.63213e-11
-0.0724284 -0.00370508 1.63216e-11
-0.0722341 -0.00364136 1.59229e-11
-0.0721175 -0.00356041 1.59642e-11
-0.072022 -0.00347258 1.60302e-11
-0.071951 -0.00339327 1.61387e-11
-0.0718961 -0.0033263 1.62277e-11
-0.0718273 -0.00325763 1.63137e-11
-0.0717725 -0.00320344 1.64881e-11
-0.0717184 -0.00314879 1.65579e-11
-0.0716665 -0.00309487 1.66222e-11
-0.0716191 -0.00304388 1.66803e-11
-0.0715742 -0.00299351 1.6734e-11
-0.0715307 -0.00294239 1.67852e-11
-0.071489 -0.0028904 1.68341e-11
-0.0714529 -0.00283662 1.68823e-11
-0.0714125 -0.00277967 1.69315e-11
-0.071368 -0.00272088 1.698e-11
-0.0713264 -0.00266052 1.70276e-11
-0.0712879 -0.00259854 1.70746e-11
-0.071253 -0.00253493 1.7121e-11
-0.0712218 -0.00246965 1.71668e-11
-0.0711949 -0.00240268 1.72122e-11
-0.0711723 -0.00233403 1.72573e-11
-0.0711546 -0.00226441 1.73015e-11
-0.0711416 -0.00219313 1.73454e-11
-0.0711336 -0.00212023 1.73892e-11
-0.07113 -0.00204378 1.74345e-11
-0.0711324 -0.00196416 1.7481e-11
-0.0711401 -0.0018827 1.75276e-11
-0.0711533 -0.00179947 1.75744e-11
-0.0711716 -0.00171459 1.76215e-11
-0.0711949 -0.00162816 1.76687e-11
-0.0712802 -0.00152833 1.77277e-11
-0.071401 -0.00142259 1.77923e-11
-0.0714429 -0.00146572 1.77944e-11
-0.0714848 -0.00150882 1.77965e-11
-0.0715266 -0.0015519 1.77986e-11
-0.0715684 -0.00159495 1.78008e-11
-0.0716101 -0.00163796 1.78029e-11
-0.0716518 -0.00168096 1.7805e-11
-0.0716934 -0.00172392 1.78071e-11
-0.071735 -0.00176687 1.78092e-11
-0.0717765 -0.00180978 1.78112e-11
-0.071818 -0.00185268 1.78133e-11
-0.0718594 -0.00189554 1.78154e-11
-0.0719008 -0.00193839 1.78175e-11
-0.0719421 -0.0019812 1.78196e-11
-0.0719834 -0.002024 1.78217e-11
-0.0720246 -0.00206677 1.78238e-11
-0.0720658 -0.00210951 1.78258e-11
-0.0721069 -0.00215223 1.78279e-11
-0.072148 -0.00219494 1.783e-11
-0.0721503 -0.00224393 1.78516e-11
-0.0720281 -0.00231117 1.78654e-11
-0.0719091 -0.00237241 1.7886e-11
-0.0718871 -0.00242019 1.79286e-11
-0.0719899 -0.00248823 1.79473e-11
-0.0720908 -0.00255448 1.79774e-11
-0.0721806 -0.00261296 1.80024e-11
-0.0722658 -0.00266818 1.80246e-11
-0.0723514 -0.00272286 1.80453e-11
-0.0723139 -0.00268611 1.80438e-11
-0.0722763 -0.00264935 1.80422e-11
-0.0722387 -0.00261257 1.80406e-11
-0.072201 -0.00257578 1.8039e-11
-0.0721633 -0.00253897 1.80374e-11
-0.0721256 -0.00250214 1.80358e-11
-0.0720878 -0.0024653 1.80343e-11
-0.07205 -0.00242844 1.80327e-11
-0.0720122 -0.00239156 1.80311e-11
-0.0719743 -0.00235467 1.80295e-11
-0.0719364 -0.00231776 1.80279e-11
-0.0718985 -0.00228083 1.80263e-11
-0.0718605 -0.00224389 1.80247e-11
-0.0718225 -0.00220694 1.80231e-11
-0.0717845 -0.00216996 1.80215e-11
-0.0717464 -0.00213297 1.80199e-11
-0.0717082 -0.00209596 1.80183e-11
-0.0716169 -0.00206092 1.79816e-11
-0.0714848 -0.00202671 1.79761e-11
-0.0713322 -0.00199226 1.79726e-11
-0.0711612 -0.00195723 1.79704e-11
-0.0709736 -0.00192139 1.79691e-11
-0.0709372 -0.00186521 1.78959e-11
-0.0709495 -0.00180434 1.79017e-11
-0.0709828 -0.0017417 1.79079e-11
-0.0710372 -0.00167688 1.79161e-11
-0.0710546 -0.00160864 1.79291e-11
-0.0710825 -0.00153937 1.79446e-11
-0.0712851 -0.0014665 1.7974e-11
-0.0715469 -0.00139339 1.80102e-11
-0.0718068 -0.00132285 1.80472e-11
-0.0720717 -0.00125491 1.80846e-11
-0.0723306 -0.00118332 1.81278e-11
-0.0723602 -0.00121801 1.81296e-11
-0.0723898 -0.00125269 1.81315e-11
-0.0724193 -0.00128735 1.81333e-11
-0.0724488 -0.001322 1.81351e-11
-0.0724783 -0.00135663 1.8137e-11
-0.0725077 -0.00139125 1.81388e-11
-0.0725371 -0.00142585 1.81407e-11
-0.0725665 -0.00146044 1.81425e-11
-0.0725958 -0.00149502 1.81443e-11
-0.0726252 -0.00152958 1.81461e-11
-0.0726545 -0.00156412 1.8148e-11
-0.0726837 -0.00159865 1.81498e-11
-0.072713 -0.00163317 1.81516e-11
-0.0727422 -0.00166767 1.81535e-11
-0.0727714 -0.00170216 1.81553e-11
-0.0728005 -0.00173663 1.81571e-11
-0.0728296 -0.00177109 1.81589e-11
-0.0728587 -0.00180553 1.81607e-11
-0.0728861 -0.00184021 1.81747e-11
-0.0728623 -0.00188422 1.81864e-11
-0.0728211 -0.00193345 1.81997e-11
-0.0727651 -0.00198754 1.82148e-11
-0.0726962 -0.0020457 1.82317e-11
-0.0726161 -0.00210689 1.82505e-11
-0.0726534 -0.00218196 1.83348e-11
-0.0728224 -0.00227525 1.83792e-11
-0.0729703 -0.0023715 1.84246e-11
-0.0731064 -0.0024688 1.84694e-11
-0.0731813 -0.00252643 1.84843e-11
-0.0732416 -0.00257494 1.85015e-11
-0.0732888 -0.00262619 1.85197e-11
-0.073332 -0.00267779 1.85378e-11
-0.0733722 -0.00272935 1.85554e-11
-0.073409 -0.00278106 1.85544e-11
-0.0734374 -0.00283707 1.85743e-11
-0.0733959 -0.00279335 1.85724e-11
-0.0733543 -0.00274962 1.85706e-11
-0.0733126 -0.00270586 1.85688e-11
-0.0732709 -0.00266208 1.85669e-11
-0.0732291 -0.00261828 1.85651e-11
-0.0731873 -0.00257445 1.85632e-11
-0.0731455 -0.00253061 1.85614e-11
-0.0731036 -0.00248673 1.85595e-11
-0.0730616 -0.00244284 1.85577e-11
-0.0730196 -0.00239893 1.85558e-11
-0.0729776 -0.00235499 1.8554e-11
-0.0729355 -0.00231103 1.85521e-11
-0.0728933 -0.00226704 1.85503e-11
-0.0728511 -0.00222303 1.85484e-11
-0.0727771 -0.00218023 1.85218e-11
-0.0726282 -0.00213937 1.85146e-11
-0.0724499 -0.00209816 1.85089e-11
-0.0722457 -0.00205606 1.85037e-11
-0.0720188 -0.0020127 1.84982e-11
-0.0717719 -0.00196792 1.84919e-11
-0.071696 -0.00187724 1.83844e-11
-0.0716576 -0.00177918 1.83798e-11
-0.0716159 -0.0017019 1.83713e-11
-0.0716407 -0.00161726 1.83709e-11
-0.0716468 -0.00153776 1.83662e-11
-0.0716336 -0.00146703 1.8364e-11
-0.0716628 -0.00139219 1.83641e-11
-0.0717061 -0.00131568 1.83642e-11
-0.0717695 -0.00123994 1.83659e-11
-0.0719082 -0.00116007 1.83718e-11
-0.0721444 -0.00107388 1.83871e-11
-0.0723868 -0.00098626 1.84062e-11
-0.0726258 -0.000901205 1.8427e-11
-0.0728716 -0.00081544 1.84503e-11
-0.0731279 -0.000728106 1.84763e-11
-0.0733963 -0.000639292 1.85051e-11
-0.0736836 -0.00054973 1.85362e-11
-0.0739727 -0.0004585 1.85695e-11
-0.0742826 -0.00036774 1.86044e-11
-0.0746063 -0.000276365 1.86412e-11
-0.0749447 -0.000185179 1.86791e-11
-0.0752889 -9.47091e-05 1.87162e-11
-0.0752959 -0.000145478 1.87225e-11
-0.0753028 -0.000196215 1.87289e-11
-0.0753097 -0.000246921 1.87353e-11
-0.0753165 -0.000297595 1.87417e-11
-0.0753234 -0.000348238 1.8748e-11
-0.0753301 -0.00039885 1.87544e-11
-0.0753369 -0.000449431 1.87607e-11
-0.0753436 -0.00049998 1.87671e-11
-0.0753503 -0.000550498 1.87734e-11
-0.0753569 -0.000600984 1.87798e-11
-0.0753635 -0.00065144 1.87861e-11
-0.07537 -0.000701864 1.87925e-11
-0.0753591 -0.000752154 1.88137e-11
-0.0752698 -0.000804512 1.88311e-11
-0.0751516 -0.000860465 1.88516e-11
-0.0750088 -0.000920528 1.88761e-11
-0.0748452 -0.000984554 1.89047e-11
-0.0746558 -0.00105224 1.89383e-11
-0.0746814 -0.00115657 1.89865e-11
-0.0748458 -0.00127915 1.90434e-11
-0.0749948 -0.00140075 1.91034e-11
-0.0751115 -0.00150479 1.91548e-11
-0.0751783 -0.00159638 1.92012e-11
-0.0752423 -0.00168573 1.92454e-11
-0.0753291 -0.00177802 1.92928e-11
-0.075418 -0.00186487 1.93385e-11
-0.0754952 -0.00194472 1.93794e-11
-0.0756238 -0.00202743 1.94326e-11
-0.0758323 -0.00211571 1.95021e-11
-0.0760488 -0.00220397 1.95734e-11
-0.0764259 -0.0023012 1.96757e-11
-0.0768098 -0.00239644 1.97783e-11
-0.0771973 -0.00248997 1.98803e-11
-0.0775865 -0.00258205 1.99812e-11
-0.0780305 -0.00268351 2.00928e-11
-0.0784922 -0.0027854 2.02062e-11
-0.0789708 -0.00288748 2.03207e-11
-0.0794642 -0.00298953 2.0433e-11
-0.0799698 -0.0030917 2.05474e-11
-0.0799252 -0.00304769 2.05461e-11
-0.0798805 -0.00300366 2.05448e-11
-0.0798358 -0.0029596 2.05435e-11
-0.079791 -0.00291553 2.05422e-11
-0.0797462 -0.00287143 2.05408e-11
-0.0797014 -0.00282731 2.05395e-11
-0.0796565 -0.00278317 2.05382e-11
-0.0796115 -0.00273901 2.05369e-11
-0.0795665 -0.00269482 2.05356e-11
-0.0795215 -0.00265061 2.05343e-11
-0.0794764 -0.00260639 2.05329e-11
-0.0794312 -0.00256213 2.05316e-11
-0.0793861 -0.00251786 2.05303e-11
-0.0793408 -0.00247357 2.0529e-11
-0.0792955 -0.00242925 2.05277e-11
-0.0791602 -0.00238706 2.0503e-11
-0.0789929 -0.00234423 2.0502e-11
-0.0787999 -0.00230007 2.05034e-11
-0.0785838 -0.0022542 2.05068e-11
-0.0783471 -0.00220645 2.05117e-11
-0.0780897 -0.00215683 2.05177e-11
-0.0778671 -0.0020885 2.04091e-11
-0.0778432 -0.00197062 2.04279e-11
-0.0777994 -0.00185764 2.04417e-11
-0.077739 -0.00176192 2.04504e-11
-0.0776721 -0.00167468 2.04587e-11
-0.0776025 -0.00159588 2.04623e-11
-0.0775563 -0.00152342 2.04679e-11
-0.0775157 -0.00145173 2.04735e-11
-0.0774853 -0.0013792 2.04796e-11
-0.0774732 -0.00130275 2.04875e-11
-0.0774531 -0.00123022 2.04947e-11
-0.0774281 -0.00115898 2.05016e-11
-0.0773986 -0.00108842 2.05082e-11
-0.0773668 -0.00101843 2.05149e-11
-0.0773739 -0.00094577 2.05288e-11
-0.0775007 -0.00085996 2.05556e-11
-0.0776868 -0.000768877 2.05889e-11
-0.0778843 -0.000678971 2.06229e-11
-0.0780867 -0.000590407 2.06565e-11
-0.0782905 -0.000503241 2.06897e-11
-0.0784948 -0.000417252 2.07224e-11
-0.0786991 -0.000332256 2.07547e-11
-0.0789029 -0.000248108 2.07864e-11
-0.0791061 -0.000164698 2.08176e-11
-0.0791253 -0.000243754 2.08241e-11
-0.0791444 -0.000322737 2.08306e-11
-0.0791634 -0.000401648 2.08371e-11
-0.0791823 -0.000480487 2.08435e-11
-0.0792012 -0.000559254 2.085e-11
-0.0792199 -0.000637948 2.08564e-11
-0.0792385 -0.000716571 2.08629e-11
-0.0792571 -0.000795123 2.08693e-11
-0.0792515 -0.000873144 2.08861e-11
-0.0791105 -0.000953848 2.09036e-11
-0.0789101 -0.00104165 2.09257e-11
-0.078661 -0.00113714 2.09535e-11
-0.0786551 -0.00127959 2.10068e-11
-0.0789223 -0.00145624 2.10805e-11
-0.0791541 -0.00163013 2.11504e-11
-0.0793168 -0.00177916 2.12043e-11
-0.0794695 -0.00191428 2.12567e-11
-0.0796716 -0.00205487 2.1314e-11
-0.0798726 -0.00218902 2.13681e-11
-0.0802019 -0.00232159 2.14346e-11
-0.0805987 -0.00244923 2.15069e-11
-0.0811867 -0.0025772 2.15991e-11
-0.0817863 -0.00270384 2.16918e-11
-0.0824889 -0.00284274 2.17974e-11
-0.0832274 -0.00298169 2.19053e-11
-0.0839959 -0.00311942 2.20139e-11
-0.0847864 -0.00325505 2.2122e-11
-0.0855912 -0.0033882 2.22288e-11
-0.0864086 -0.00352076 2.23296e-11
-0.0872656 -0.00366163 2.24396e-11
-0.0881475 -0.00380503 2.25517e-11
-0.0890635 -0.00395033 2.26661e-11
-0.0900215 -0.00409628 2.27824e-11
-0.0910272 -0.00424102 2.29001e-11
-0.0920793 -0.00438263 2.30183e-11
-0.0931685 -0.00451963 2.31352e-11
-0.0942852 -0.00465145 2.32498e-11
-0.0954238 -0.00477802 2.33615e-11
-0.0965829 -0.00489902 2.34702e-11
-0.0977512 -0.00501589 2.3576e-11
-0.0989263 -0.00512913 2.36789e-11
-0.100106 -0.00523916 2.37791e-11
-0.10129 -0.00534632 2.38767e-11
-0.102479 -0.00545137 2.39722e-11
-0.1037 -0.00555935 2.40696e-11
-0.104937 -0.00566618 2.41662e-11
-0.106191 -0.00577147 2.4262e-11
-0.107463 -0.00587482 2.43567e-11
-0.108754 -0.00597578 2.44501e-11
-0.110062 -0.00607398 2.45421e-11
-0.111387 -0.00616911 2.46324e-11
-0.112728 -0.006261 2.47209e-11
-0.114083 -0.00634956 2.48074e-11
-0.115451 -0.00643484 2.48917e-11
-0.116852 -0.00651198 2.48747e-11
-0.118241 -0.00658758 2.49196e-11
-0.119635 -0.00666036 2.49661e-11
-0.12103 -0.00673065 2.50135e-11
-0.122426 -0.00679877 2.50615e-11
-0.123823 -0.00686501 2.51098e-11
-0.125231 -0.00693067 2.51591e-11
-0.125231 -0.00693067 2.51591e-11
-0.125231 -0.00693068 2.51591e-11
-0.125231 -0.00693068 2.51591e-11
-0.125231 -0.00693068 2.51591e-11
-0.12509 -0.00685441 2.51594e-11
-0.124949 -0.00677834 2.51598e-11
-0.124808 -0.00670243 2.51604e-11
-0.124667 -0.00662666 2.51612e-11
-0.124526 -0.00655097 2.5162e-11
-0.124385 -0.00647535 2.5163e-11
-0.124245 -0.00639975 2.51641e-11
-0.124104 -0.00632413 2.51652e-11
-0.123963 -0.00624846 2.51664e-11
-0.123701 -0.00617755 2.51502e-11
-0.123348 -0.00610774 2.51494e-11
-0.122948 -0.00603606 2.51492e-11
-0.122487 -0.00596199 2.51495e-11
-0.121958 -0.00588552 2.51505e-11
-0.121346 -0.00580693 2.5152e-11
-0.120658 -0.00572683 2.51539e-11
-0.120075 -0.00559032 2.51137e-11
-0.119877 -0.00539867 2.51695e-11
-0.119678 -0.00521832 2.52126e-11
-0.11954 -0.0050602 2.52707e-11
-0.119589 -0.00488189 2.53294e-11
-0.119659 -0.00471028 2.53913e-11
-0.119838 -0.0045302 2.54624e-11
-0.120055 -0.00435776 2.55342e-11
-0.120271 -0.00419077 2.5605e-11
-0.120487 -0.00402799 2.56743e-11
-0.120691 -0.00386881 2.57432e-11
-0.120943 -0.00370774 2.58113e-11
-0.121299 -0.00353862 2.58851e-11
-0.121661 -0.00337177 2.59578e-11
-0.122027 -0.00320694 2.60291e-11
-0.122394 -0.00304394 2.6099e-11
-0.12276 -0.00288244 2.61674e-11
-0.123124 -0.0027223 2.62343e-11
-0.123486 -0.00256339 2.62997e-11
-0.123582 -0.00264252 2.63033e-11
-0.123679 -0.0027216 2.63068e-11
-0.123775 -0.00280062 2.63103e-11
-0.123871 -0.00287959 2.63138e-11
-0.123967 -0.0029585 2.63173e-11
-0.124063 -0.00303737 2.63208e-11
-0.124158 -0.00311619 2.63243e-11
-0.124254 -0.00319496 2.63278e-11
-0.124349 -0.00327368 2.63313e-11
-0.124445 -0.00335237 2.63348e-11
-0.12454 -0.00343102 2.63383e-11
-0.124527 -0.00351217 2.6343e-11
-0.124439 -0.00360223 2.63502e-11
-0.1243 -0.00370345 2.636e-11
-0.124119 -0.00381642 2.63732e-11
-0.123885 -0.00394141 2.63907e-11
-0.123766 -0.00384755 2.63861e-11
-0.123647 -0.00375362 2.63816e-11
-0.123528 -0.00365962 2.6377e-11
-0.123409 -0.00356554 2.63724e-11
-0.123289 -0.00347139 2.63678e-11
-0.12317 -0.00337717 2.63632e-11
-0.12305 -0.00328287 2.63586e-11
-0.12293 -0.00318849 2.6354e-11
-0.12281 -0.00309402 2.63494e-11
-0.122689 -0.00299944 2.63448e-11
-0.122567 -0.00290443 2.63403e-11
-0.122851 -0.00277551 2.6361e-11
-0.12342 -0.0026402 2.63932e-11
-0.124191 -0.00248052 2.64475e-11
-0.124297 -0.00257026 2.64513e-11
-0.124401 -0.00265993 2.64551e-11
-0.124506 -0.00274953 2.64588e-11
-0.124612 -0.00283826 2.64629e-11
-0.124717 -0.00292686 2.6467e-11
-0.124822 -0.00301539 2.64712e-11
-0.124928 -0.00310387 2.64753e-11
-0.125033 -0.00319231 2.64794e-11
-0.125138 -0.0032807 2.64836e-11
-0.125217 -0.00336917 2.64914e-11
-0.125149 -0.00346433 2.6499e-11
-0.125013 -0.00357133 2.65083e-11
-0.12482 -0.00369223 2.65204e-11
-0.124566 -0.00382726 2.65363e-11
-0.12449 -0.00397685 2.65674e-11
-0.124875 -0.00413649 2.66164e-11
-0.12522 -0.00430308 2.66644e-11
-0.125541 -0.00447476 2.67124e-11
-0.12597 -0.00464051 2.67651e-11
-0.126518 -0.00479624 2.68226e-11
-0.127349 -0.00492118 2.68918e-11
-0.12836 -0.00502647 2.69673e-11
-0.129378 -0.00512581 2.70422e-11
-0.130395 -0.00522148 2.71161e-11
-0.13141 -0.00531499 2.71889e-11
-0.132468 -0.00540453 2.7262e-11
-0.133635 -0.00548659 2.73369e-11
-0.134805 -0.00556628 2.74106e-11
-0.135976 -0.00564427 2.74829e-11
-0.137147 -0.00572103 2.75539e-11
-0.138317 -0.00579692 2.76234e-11
-0.139486 -0.00587219 2.76915e-11
-0.140653 -0.00594701 2.77584e-11
-0.141817 -0.0060215 2.7824e-11
-0.141671 -0.0059382 2.78169e-11
-0.141524 -0.00585484 2.78098e-11
-0.141378 -0.00577144 2.78027e-11
-0.141231 -0.00568797 2.77955e-11
-0.141084 -0.00560446 2.77884e-11
-0.140937 -0.00552089 2.77813e-11
-0.140789 -0.00543725 2.77742e-11
-0.140642 -0.00535355 2.7767e-11
-0.140443 -0.00527268 2.77552e-11
-0.140097 -0.00519799 2.7748e-11
-0.139708 -0.00512228 2.77408e-11
-0.139266 -0.00504484 2.77332e-11
-0.138757 -0.00496524 2.77247e-11
-0.138165 -0.00488345 2.77149e-11
-0.137493 -0.00479968 2.77033e-11
-0.137309 -0.00456829 2.77977e-11
-0.137151 -0.00433589 2.78353e-11
-0.137002 -0.00411282 2.78733e-11
-0.136828 -0.00389783 2.79102e-11
-0.136837 -0.00367855 2.79565e-11
-0.137166 -0.0034642 2.80197e-11
-0.137499 -0.00326675 2.80824e-11
-0.137827 -0.00308099 2.81446e-11
-0.138223 -0.00290076 2.8209e-11
-0.13872 -0.00272576 2.82759e-11
-0.139214 -0.00255743 2.83419e-11
-0.139703 -0.00239386 2.84068e-11
-0.140186 -0.00223368 2.84704e-11
-0.14066 -0.00207598 2.85327e-11
-0.141124 -0.00192013 2.85936e-11
-0.141709 -0.00176508 2.86568e-11
-0.142333 -0.00161294 2.87197e-11
-0.14296 -0.00146382 2.87816e-11
-0.143052 -0.00155457 2.87844e-11
-0.143144 -0.00164527 2.87872e-11
-0.143236 -0.00173592 2.879e-11
-0.143328 -0.00182653 2.87929e-11
-0.14342 -0.00191709 2.87957e-11
-0.143511 -0.0020076 2.87985e-11
-0.143603 -0.00209808 2.88014e-11
-0.143694 -0.00218851 2.88042e-11
-0.143786 -0.00227892 2.8807e-11
-0.143877 -0.0023693 2.88098e-11
-0.143844 -0.00245931 2.88194e-11
-0.14373 -0.00255641 2.88271e-11
-0.143561 -0.00266397 2.88372e-11
-0.143343 -0.00278329 2.88504e-11
-0.14306 -0.00291497 2.88676e-11
-0.143021 -0.00287747 2.88664e-11
-0.142983 -0.00283996 2.88653e-11
-0.142944 -0.00280244 2.88642e-11
-0.142906 -0.00276492 2.88631e-11
-0.142867 -0.00272737 2.88619e-11
-0.142829 -0.00268982 2.88608e-11
-0.14279 -0.00265226 2.88597e-11
-0.142752 -0.00261469 2.88585e-11
-0.142713 -0.00257711 2.88574e-11
-0.142675 -0.00253952 2.88563e-11
-0.142636 -0.00250191 2.88552e-11
-0.142598 -0.0024643 2.8854e-11
-0.142559 -0.00242667 2.88529e-11
-0.14252 -0.00238904 2.88518e-11
-0.142481 -0.00235139 2.88506e-11
-0.142443 -0.00231373 2.88495e-11
-0.142404 -0.00227606 2.88484e-11
-0.142365 -0.00223838 2.88472e-11
-0.142326 -0.00220069 2.88461e-11
-0.142288 -0.00216299 2.8845e-11
-0.142249 -0.00212527 2.88438e-11
-0.14221 -0.00208754 2.88427e-11
-0.142171 -0.0020498 2.88416e-11
-0.142132 -0.00201204 2.88404e-11
-0.142093 -0.00197426 2.88393e-11
-0.142054 -0.00193647 2.88382e-11
-0.142015 -0.00189867 2.8837e-11
-0.141976 -0.00186084 2.88359e-11
-0.141937 -0.00182301 2.88348e-11
-0.141897 -0.00178515 2.88336e-11
-0.141924 -0.00174326 2.88348e-11
-0.14215 -0.00169233 2.8846e-11
-0.142377 -0.00164354 2.88564e-11
-0.142604 -0.00159667 2.88661e-11
-0.142843 -0.00155139 2.88757e-11
-0.143182 -0.00150553 2.88902e-11
-0.143267 -0.00159169 2.88927e-11
-0.143353 -0.0016778 2.88951e-11
-0.143438 -0.00176384 2.88976e-11
-0.143523 -0.00184983 2.89e-11
-0.143608 -0.00193576 2.89024e-11
-0.143693 -0.00202164 2.89049e-11
-0.143777 -0.00210746 2.89073e-11
-0.143862 -0.00219315 2.89098e-11
-0.143948 -0.0022784 2.89124e-11
-0.144033 -0.00236363 2.89151e-11
-0.144069 -0.00244774 2.89212e-11
-0.143989 -0.0025343 2.89267e-11
-0.143858 -0.00262819 2.89338e-11
-0.14368 -0.00273144 2.89429e-11
-0.143455 -0.00284481 2.89545e-11
-0.143176 -0.00296839 2.89693e-11
-0.143073 -0.00310106 2.89946e-11
-0.14341 -0.00323758 2.90418e-11
-0.143717 -0.00337887 2.90878e-11
-0.143996 -0.0035248 2.91329e-11
-0.144358 -0.00366685 2.91818e-11
-0.144251 -0.00356969 2.91786e-11
-0.144144 -0.00347246 2.91755e-11
-0.144037 -0.00337515 2.91723e-11
-0.14393 -0.00327778 2.91692e-11
-0.143822 -0.00318034 2.9166e-11
-0.143715 -0.00308282 2.91629e-11
-0.143607 -0.00298523 2.91597e-11
-0.143499 -0.00288756 2.91565e-11
-0.143292 -0.00279614 2.91523e-11
-0.14296 -0.00271036 2.91513e-11
-0.142575 -0.00262408 2.91518e-11
-0.142123 -0.00253645 2.91538e-11
-0.141599 -0.00244643 2.91574e-11
-0.141298 -0.00231613 2.91745e-11
-0.141384 -0.00214457 2.91968e-11
-0.141391 -0.00197878 2.92187e-11
-0.141414 -0.00181291 2.92432e-11
-0.141451 -0.00164794 2.92691e-11
-0.141587 -0.00148402 2.92982e-11
-0.141718 -0.00132232 2.93286e-11
-0.142055 -0.00116386 2.93647e-11
-0.14258 -0.00101188 2.94058e-11
-0.143176 -0.000867362 2.94491e-11
-0.143762 -0.000728768 2.94924e-11
-0.144471 -0.000592992 2.95394e-11
-0.145222 -0.000462243 2.95874e-11
-0.145972 -0.000335716 2.96351e-11
-0.146045 -0.000428341 2.96374e-11
-0.146117 -0.000520912 2.96398e-11
-0.14619 -0.00061343 2.96422e-11
-0.146262 -0.000705895 2.96446e-11
-0.146334 -0.000798308 2.96469e-11
-0.146406 -0.000890671 2.96493e-11
-0.146478 -0.000982986 2.96517e-11
-0.14655 -0.00107525 2.96541e-11
-0.146621 -0.00116748 2.96564e-11
-0.146692 -0.00125965 2.96624e-11
-0.146608 -0.00134929 2.96676e-11
-0.146471 -0.00144486 2.96742e-11
-0.146284 -0.00154904 2.96828e-11
-0.146046 -0.00166323 2.96939e-11
-0.145748 -0.00178784 2.97082e-11
-0.145545 -0.00192498 2.97218e-11
-0.145892 -0.00207505 2.97662e-11
-0.146208 -0.00222914 2.98097e-11
-0.146502 -0.00238691 2.98526e-11
-0.146893 -0.00253849 2.99017e-11
-0.147332 -0.00268511 2.99543e-11
-0.148023 -0.00280806 3.00194e-11
-0.148829 -0.00291538 3.00902e-11
-0.149732 -0.00301249 3.01646e-11
-0.150702 -0.00310079 3.02408e-11
-0.151673 -0.00318506 3.03162e-11
-0.152643 -0.00326678 3.03905e-11
-0.153608 -0.003347 3.04637e-11
-0.154569 -0.00342643 3.05357e-11
-0.155555 -0.00350381 3.06072e-11
-0.156659 -0.00357471 3.06806e-11
-0.156584 -0.00349908 3.06788e-11
-0.156508 -0.0034234 3.0677e-11
-0.156432 -0.00334767 3.06752e-11
-0.156356 -0.00327188 3.06734e-11
-0.15628 -0.00319604 3.06715e-11
-0.156204 -0.00312015 3.06697e-11
-0.156128 -0.00304421 3.06679e-11
-0.156052 -0.0029682 3.06661e-11
-0.155976 -0.00289214 3.06643e-11
-0.155899 -0.00281602 3.06624e-11
-0.155823 -0.00273984 3.06606e-11
-0.155643 -0.00266935 3.06585e-11
-0.155402 -0.00260043 3.0658e-11
-0.155132 -0.0025302 3.06585e-11
-0.154832 -0.00245797 3.06599e-11
-0.15449 -0.00238343 3.06622e-11
-0.154107 -0.0023059 3.06655e-11
-0.153674 -0.00222532 3.06698e-11
-0.153186 -0.00214175 3.06752e-11
-0.153184 -0.00198433 3.06994e-11
-0.153185 -0.00182832 3.07245e-11
-0.153158 -0.00167543 3.07485e-11
-0.153133 -0.00152381 3.0773e-11
-0.153183 -0.00137231 3.08002e-11
-0.153273 -0.00122356 3.0829e-11
-0.153619 -0.00108268 3.08667e-11
-0.154065 -0.000949799 3.09072e-11
-0.154546 -0.000825428 3.09485e-11
-0.155025 -0.000707755 3.09896e-11
-0.1555 -0.000594952 3.10304e-11
-0.155971 -0.000485633 3.10709e-11
-0.156448 -0.000378911 3.11114e-11
-0.157044 -0.000276757 3.11541e-11
-0.157639 -0.000177899 3.11963e-11
-0.158234 -8.15351e-05 3.12381e-11
-0.1