-5.47149e-05 2.26914e-20 0
-0.00010943 2.71554e-19 0
-0.000164145 4.11491e-19 -1.02268e-22
-0.00021886 5.42634e-19 -3.47922e-24
-0.000273575 6.77889e-19 -1.18365e-25
-0.000328289 8.12889e-19 -4.67516e-22
-0.000383004 9.83622e-19 -1.59051e-23
-0.000437719 1.07677e-18 1.34356e-21
-0.000492434 1.26851e-18 4.57084e-23
-0.000547149 1.39511e-18 5.27506e-22
-0.000547149 1.37504e-18 -2.78713e-21
-0.000523851 -9.69994e-06 -6.28695e-23
-0.000500556 -1.93986e-05 9.53572e-23
-0.000477261 -2.9096e-05 -1.34796e-21
-0.000453969 -3.87921e-05 -1.28204e-21
-0.000430678 -4.84869e-05 -8.25756e-23
-0.000407389 -5.81805e-05 -9.21203e-22
-0.000384101 -6.78728e-05 -9.81817e-22
-0.000360815 -7.75638e-05 -3.784e-22
-0.000337531 -8.72535e-05 1.46054e-21
-0.000314249 -9.6942e-05 -1.22264e-23
-0.000290968 -0.000106629 7.90298e-22
-0.000267689 -0.000116315 5.5229e-22
-0.000244412 -0.000126 4.00751e-21
-0.000221136 -0.000135683 4.55462e-22
-0.000197862 -0.000145365 4.23517e-22
-0.00017459 -0.000155046 -9.97911e-23
-0.000151319 -0.000164725 -2.46329e-21
-0.00012805 -0.000174404 2.26235e-21
-0.000104783 -0.000184081 3.14959e-21
-8.15174e-05 -0.000193756 5.5984e-22
-5.82535e-05 -0.000203431 -7.53878e-22
-3.49913e-05 -0.000213104 4.36034e-22
-1.17308e-05 -0.000222776 -3.52901e-22
1.15281e-05 -0.000232447 -4.65149e-22
3.47853e-05 -0.000242116 -5.01065e-22
5.80409e-05 -0.000251784 1.17097e-21
8.12949e-05 -0.000261451 -3.38134e-22
0.000104547 -0.000271117 -1.62719e-21
0.000100838 -0.00028581 -2.417e-21
8.62852e-05 -0.000302097 3.79431e-21
6.58509e-05 -0.000318882 3.72532e-21
3.90972e-05 -0.000336123 6.47524e-21
7.53485e-06 -0.000353392 1.76172e-21
-3.09259e-05 -0.000370942 2.93259e-21
-7.51579e-05 -0.000388404 1.30552e-21
-0.000121933 -0.000405301 -1.20653e-21
-0.000179831 -0.000422699 2.1615e-22
-0.000237773 -0.000439024 2.12388e-21
-0.000299512 -0.000454856 -2.98997e-21
-0.00037117 -0.000470876 -2.95574e-22
-0.000442782 -0.000485828 -6.17999e-21
-0.000514321 -0.000499812 -2.30969e-21
-0.000591353 -0.000513603 -1.52627e-21
-0.000675433 -0.000527316 -2.8733e-21
-0.000759325 -0.000540145 4.44215e-21
-0.00084301 -0.000552171 3.15497e-22
-0.000926473 -0.000563469 -3.66883e-21
-0.0010097 -0.000574107 -2.82646e-21
-0.0011016 -0.000585232 2.39475e-21
-0.00119503 -0.000595959 1.71866e-21
-0.0012882 -0.000606125 4.13679e-21
-0.00138109 -0.000615774 -4.64109e-21
-0.00147371 -0.000624948 -7.07333e-22
-0.00156607 -0.000633684 -4.31646e-21
-0.00165817 -0.000642019 4.52098e-21
-0.00175001 -0.000649984 -4.02484e-21
-0.00184162 -0.000657609 4.62754e-22
-0.00193529 -0.000665249 2.38866e-21
-0.00203419 -0.000673345 -1.31378e-21
-0.00213287 -0.000681179 -4.32419e-22
-0.00223134 -0.000688762 -4.74565e-21
-0.00232961 -0.000696104 5.66037e-22
-0.00242768 -0.000703215 -4.33701e-22
-0.00252558 -0.000710108 4.50031e-21
-0.0026233 -0.000716792 -6.31332e-21
-0.00272085 -0.000723277 -1.20229e-20
-0.00281826 -0.000729574 2.03967e-21
-0.00291552 -0.000735693 2.04146e-22
-0.00301265 -0.000741643 -2.3288e-21
-0.00310965 -0.000747432 -4.01989e-21
-0.00320654 -0.000753069 -7.95042e-21
-0.00330332 -0.000758563 1.58844e-21
-0.00339999 -0.00076392 7.82756e-22
-0.00349658 -0.000769148 1.46463e-21
-0.00359307 -0.000774253 -8.23088e-22
-0.00368554 -0.000779041 3.73279e-22
-0.00376232 -0.000784718 6.76242e-21
-0.00380091 -0.000799115 -1.93509e-20
-0.00383851 -0.000814346 -8.29004e-21
-0.0038752 -0.000830298 -3.60951e-21
-0.00391105 -0.000846877 -5.31022e-21
-0.00394613 -0.000863999 -3.631e-21
-0.0039805 -0.000881595 2.4178e-21
-0.00401422 -0.000899602 -1.34861e-21
-0.00404733 -0.000917966 -8.17359e-22
-0.00407989 -0.00093664 -4.85098e-21
-0.00411193 -0.000955583 2.71649e-21
-0.00414351 -0.000974761 -4.61118e-21
-0.00417464 -0.000994141 -1.6281e-20
-0.00420538 -0.0010137 -5.0534e-21
-0.00423574 -0.0010334 -4.1032e-21
-0.00426576 -0.00105324 -9.48038e-21
-0.00429438 -0.00107245 -3.06057e-21
-0.0043226 -0.00109167 -7.81647e-21
-0.00435056 -0.00111095 -6.97246e-21
-0.0043783 -0.0011303 -8.92025e-21
-0.00440581 -0.0011497 -5.82025e-21
-0.00443313 -0.00116914 -5.25986e-21
-0.00446027 -0.00118861 1.1933e-20
-0.00448723 -0.00120811 -2.57265e-21
-0.00451403 -0.00122762 7.56949e-21
-0.0045407 -0.00124715 -2.77102e-21
-0.00456723 -0.00126668 -1.27666e-20
-0.00459363 -0.00128621 -1.70278e-20
-0.00464998 -0.00126485 -5.95012e-21
-0.00470818 -0.00124449 6.05727e-21
-0.00476699 -0.00122432 -5.81404e-21
-0.0048259 -0.00120404 -4.77568e-21
-0.00488492 -0.00118365 -4.90321e-21
-0.00494403 -0.00116315 -9.22873e-21
-0.00500322 -0.00114254 -1.05109e-21
-0.0050625 -0.00112181 -6.30139e-21
-0.00512186 -0.00110098 -2.11069e-21
-0.00518128 -0.00108003 -2.68399e-21
-0.00524078 -0.00105897 -6.11792e-21
-0.00530034 -0.0010378 5.90031e-23
-0.00535996 -0.00101652 -6.53908e-21
-0.00541963 -0.000995131 -3.24069e-21
-0.00547935 -0.000973637 -2.65346e-21
-0.00553913 -0.000952038 -7.74876e-21
-0.00559894 -0.000930337 -1.19983e-20
-0.0056588 -0.000908537 -7.56215e-21
-0.00571869 -0.000886638 2.23012e-23
-0.00577862 -0.000864644 -7.33346e-21
-0.00583858 -0.000842556 -8.28861e-21
-0.00589857 -0.000820379 -2.173e-21
-0.00595859 -0.000798113 -3.03982e-21
-0.00601863 -0.000775761 -5.69822e-21
-0.0060787 -0.000753326 -2.18986e-21
-0.00613879 -0.00073081 -3.36736e-21
-0.00617334 -0.000695744 -8.84874e-22
-0.00618988 -0.000653173 -4.05312e-21
-0.00626479 -0.000607883 -1.09559e-20
-0.00654277 -0.00055919 2.64666e-21
-0.00687296 -0.000511215 -3.67082e-22
-0.00722266 -0.000462714 5.35965e-21
-0.00759957 -0.000413303 -1.91875e-20
-0.00798966 -0.000364029 -2.32738e-20
-0.00838608 -0.000313671 -1.08828e-20
-0.00879197 -0.000263064 -3.3838e-20
-0.009208 -0.000212609 -1.48407e-20
-0.00963318 -0.00016238 -2.06527e-20
-0.0100665 -0.00011243 -5.31479e-20
-0.0105219 -6.14713e-05 -3.61004e-20
-0.0109949 -1.01152e-05 -3.39678e-20
-0.0114757 4.08989e-05 -3.45469e-20
-0.0119633 9.15435e-05 -3.04829e-20
-0.0124566 0.000141814 -5.58417e-20
-0.0129546 0.000191724 -3.77573e-20
-0.0134565 0.000241302 -4.7572e-20
-0.0139614 0.000290589 -6.31183e-20
-0.0144686 0.00033963 -4.44375e-20
-0.0149776 0.000388474 -3.73054e-20
-0.0154877 0.000437172 -2.45962e-20
-0.0159985 0.000485772 -3.21504e-20
-0.0165097 0.00053432 -4.19411e-20
-0.0170209 0.00058286 -8.08739e-20
-0.0175318 0.000631429 -4.39851e-20
-0.01805 0.000681832 -1.242e-19
-0.0185704 0.00073301 -3.18608e-20
-0.019091 0.000784604 -4.07327e-20
-0.0196117 0.0008366 -1.29281e-19
-0.0201323 0.000888988 -6.69115e-21
-0.0206528 0.000941761 -6.05691e-20
-0.021173 0.000994917 -6.34543e-20
-0.0216927 0.00104845 -6.10406e-20
-0.0221826 0.00109929 -6.93443e-20
-0.0226431 0.00114744 -6.6968e-20
-0.0231037 0.00119595 -8.22515e-20
-0.0235642 0.00124482 -9.0307e-20
-0.0240246 0.00129404 -7.51365e-20
-0.0244849 0.00134363 -6.69059e-20
-0.0249303 0.00139197 -6.12403e-20
-0.0253699 0.00144005 -6.18798e-20
-0.0258094 0.00148847 -5.87613e-20
-0.0262487 0.00153723 -4.98868e-20
-0.0266877 0.00158634 -3.96743e-20
-0.0271265 0.00163581 -1.52531e-19
-0.0275651 0.00168562 5.65778e-21
-0.0279878 0.00173399 -8.97843e-20
-0.0284006 0.00178159 -4.29497e-20
-0.0288133 0.0018295 -1.16192e-19
-0.0292257 0.00187775 3.22696e-20
-0.0296379 0.00192632 1.34375e-20
-0.0300499 0.00197521 -1.01406e-19
-0.0304616 0.00202443 -1.04041e-19
-0.0308701 0.00207362 -1.38302e-19
-0.0312497 0.00211964 -1.26533e-19
-0.0316292 0.00216595 -1.04341e-19
-0.0320085 0.00221254 -1.25202e-19
-0.0323877 0.00225942 -1.02022e-19
-0.0327668 0.00230659 -1.12293e-19
-0.0327195 0.00228743 -1.12024e-19
-0.0326723 0.00226826 -1.21835e-19
-0.0326251 0.00224906 -1.05687e-19
-0.032578 0.00222985 -1.14959e-19
-0.032531 0.0022106 -1.16689e-19
-0.032484 0.00219133 -9.06199e-20
-0.032437 0.00217202 -9.78098e-20
-0.0323901 0.00215267 -1.13031e-19
-0.0323432 0.00213329 -1.11045e-19
-0.0322964 0.00211387 -1.00778e-19
-0.0322496 0.00209441 -1.10721e-19
-0.0322029 0.00207491 -1.12621e-19
-0.0321561 0.00205536 -9.62734e-20
-0.0321095 0.00203577 -1.20814e-19
-0.0320628 0.00201614 -9.61763e-20
-0.0320162 0.00199646 -1.15962e-19
-0.0319696 0.00197674 -1.00592e-19
-0.031923 0.00195698 -1.07475e-19
-0.0318765 0.00193717 -1.04711e-19
-0.03183 0.00191732 -1.15143e-19
-0.0317835 0.00189743 -1.03821e-19
-0.031737 0.0018775 -1.16788e-19
-0.0316906 0.00185752 -1.00268e-19
-0.0316442 0.00183751 -9.82472e-20
-0.0315978 0.00181746 -8.65947e-20
-0.0315514 0.00179737 -9.9049e-20
-0.031505 0.00177724 -9.86165e-20
-0.0314587 0.00175708 -9.6333e-20
-0.0314244 0.00173526 -1.22532e-19
-0.0314304 0.00170857 -9.07415e-20
-0.0314412 0.00168155 -5.60274e-20
-0.031386 0.00164025 -1.25552e-19
-0.0313348 0.00159853 -1.02416e-19
-0.0312836 0.00155594 -1.14559e-19
-0.0312231 0.00151079 -7.08902e-20
-0.0311646 0.00146515 -8.33138e-20
-0.0311082 0.00141905 -1.07218e-19
-0.0310543 0.0013725 -1.11008e-19
-0.0310028 0.00132556 -1.31323e-19
-0.0309541 0.00127827 -1.16098e-19
-0.0308967 0.00122836 -1.24869e-19
-0.0308411 0.00117782 -1.35467e-19
-0.0307881 0.00112681 -1.51865e-19
-0.0307378 0.00107541 -1.30419e-19
-0.0306905 0.00102368 -1.18408e-19
-0.0306463 0.000971661 -1.26448e-19
-0.0306052 0.000919425 -1.40187e-19
-0.0305673 0.00086703 -1.38229e-19
-0.0305326 0.000814534 -1.39904e-19
-0.0305011 0.000761994 -1.02954e-20
-0.0304728 0.000709463 -1.30139e-19
-0.0304475 0.000656993 -1.34296e-19
-0.0304293 0.000603778 -6.28911e-20
-0.0304201 0.000549453 -1.12658e-19
-0.0304148 0.000495006 -1.07624e-19
-0.0304133 0.000440487 -1.99477e-20
-0.0304152 0.000385942 -1.37437e-19
-0.0304205 0.000331483 -1.3012e-19
-0.0304288 0.000277204 -1.70448e-19
-0.0304399 0.000222999 -9.12726e-20
-0.0304511 0.000168058 -1.18184e-19
-0.0304639 0.000112838 -1.08753e-19
-0.0304786 5.75683e-05 -1.00969e-19
-0.0304948 2.26521e-06 -1.10759e-19
-0.0305124 -5.30617e-05 -9.45438e-20
-0.030531 -0.00010841 -9.82361e-20
-0.03055 -0.000162625 -8.85336e-20
-0.0305654 -0.000206042 -1.02515e-19
-0.0305812 -0.000249737 -9.43777e-20
-0.0305973 -0.000293699 -1.15618e-19
-0.0306131 -0.000336928 -1.0007e-19
-0.0306279 -0.000377516 -1.14942e-19
-0.0306427 -0.000418361 -1.18661e-19
-0.0306574 -0.000459461 -1.46999e-19
-0.030672 -0.00050081 -1.48062e-19
-0.0306865 -0.000542406 -1.3735e-19
-0.0307 -0.000582196 -1.02003e-19
-0.0307122 -0.000619414 -1.06751e-19
-0.0307243 -0.000656851 -9.72097e-20
-0.030736 -0.000694507 -1.46192e-19
-0.0307475 -0.000732382 -1.54163e-19
-0.0307586 -0.000770473 -1.52828e-19
-0.0307694 -0.000808781 -1.55904e-19
-0.0307784 -0.00084222 -1.3661e-19
-0.0307868 -0.00087483 -1.233e-19
-0.0307949 -0.000907615 -1.13641e-19
-0.0308027 -0.00094058 -1.43099e-19
-0.0308102 -0.000973726 -1.16478e-19
-0.0308174 -0.00100706 -1.32335e-19
-0.0308243 -0.00104058 -1.18208e-19
-0.0308305 -0.00107272 -1.23469e-19
-0.0308352 -0.00109933 -1.20536e-19
-0.0308397 -0.0011261 -1.2144e-19
-0.030844 -0.00115304 -1.54461e-19
-0.0308481 -0.00118016 -1.33445e-19
-0.0308519 -0.00120746 -1.35936e-19
-0.0308555 -0.00123495 -1.19183e-19
-0.0308589 -0.00126264 -1.2604e-19
-0.0309121 -0.00124143 -1.86276e-19
-0.0309654 -0.00122021 -1.72572e-19
-0.0310187 -0.00119896 -1.74688e-19
-0.031072 -0.00117769 -1.72219e-19
-0.0311253 -0.00115641 -1.87325e-19
-0.0311786 -0.00113512 -1.96355e-19
-0.031232 -0.00111381 -1.93556e-19
-0.0312853 -0.00109247 -1.79392e-19
-0.0313387 -0.00107112 -1.96263e-19
-0.0313921 -0.00104973 -1.8374e-19
-0.0314455 -0.00102832 -1.89975e-19
-0.031499 -0.00100689 -1.80143e-19
-0.0315524 -0.000985431 -1.86802e-19
-0.0316059 -0.000963947 -1.81186e-19
-0.0316594 -0.000942436 -1.8101e-19
-0.031713 -0.0009209 -1.8014e-19
-0.0317665 -0.000899338 -1.77315e-19
-0.0318201 -0.000877751 -1.88822e-19
-0.0318737 -0.000856216 -1.88922e-19
-0.0319277 -0.000835242 -1.7502e-19
-0.0319817 -0.000814289 -1.79141e-19
-0.0320359 -0.000793353 -1.79937e-19
-0.03209 -0.000772464 -1.746e-19
-0.032144 -0.000751639 -1.73004e-19
-0.0321981 -0.000730817 -1.7114e-19
-0.0322523 -0.000709991 -1.76007e-19
-0.0323066 -0.000689157 -1.72195e-19
-0.0323609 -0.00066831 -1.94684e-19
-0.0324212 -0.000647105 -1.3016e-19
-0.0326067 -0.000619608 -1.19927e-19
-0.0328055 -0.00059002 -1.78597e-19
-0.0329778 -0.000542596 -1.37223e-19
-0.0331706 -0.000496082 -1.26496e-19
-0.0333784 -0.000448234 -1.27045e-19
-0.0335923 -0.000398733 -1.13037e-19
-0.0338148 -0.00034878 -1.06805e-19
-0.034046 -0.000298358 -1.14765e-19
-0.0342863 -0.000247468 -1.15796e-19
-0.0345305 -0.000194773 -9.307e-20
-0.0347782 -0.000140188 -4.18769e-20
-0.0350349 -8.49621e-05 -2.28268e-20
-0.0353008 -2.9137e-05 -1.26893e-20
-0.0355764 2.72381e-05 -5.60403e-20
-0.0358616 8.41081e-05 -6.64314e-20
-0.0361567 0.000141413 -6.12874e-20
-0.0364619 0.000199087 -6.54938e-20
-0.0367766 0.000256975 -6.23919e-20
-0.0371002 0.000314914 -7.54876e-20
-0.0374337 0.000373026 -8.81951e-20
-0.0377768 0.000431238 -4.5042e-21
-0.0381293 0.000489482 -1.40426e-20
-0.0384657 0.000543717 -8.77761e-21
-0.0387874 0.000596181 2.88935e-21
-0.0391157 0.000649454 -4.02574e-20
-0.0394515 0.000703086 -3.28608e-20
-0.0398038 0.000758686 4.60066e-20
-0.0401664 0.000815158 5.43423e-21
-0.040537 0.00087213 1.91026e-19
-0.0409151 0.000929548 2.17171e-19
-0.0413003 0.000987361 1.51563e-19
-0.0416628 0.00104119 2.73379e-19
-0.0418364 0.00106684 6.10536e-19
-0.0419618 0.00108529 2.39712e-19
-0.042085 0.00110337 4.58772e-19
-0.0422105 0.00112173 2.19437e-19
-0.0423382 0.00114036 3.4303e-19
-0.0424683 0.00115927 1.31043e-19
-0.0425616 0.00117281 1.74962e-19
-0.0426552 0.00118639 3.09097e-19
-0.0427452 0.00119939 -1.26176e-20
-0.0428371 0.00121265 7.12654e-20
-0.042931 0.00122618 9.66792e-20
-0.043027 0.00123999 -1.43233e-19
-0.0431252 0.00125407 2.59161e-20
-0.0432255 0.00126844 -5.22279e-20
-0.043328 0.00128309 2.05436e-19
-0.0434327 0.00129804 4.48148e-20
-0.0435396 0.00131327 -1.20508e-19
-0.0436488 0.0013288 -1.02403e-19
-0.0437602 0.00134462 -2.38145e-19
-0.0438739 0.00136074 -1.23824e-19
-0.0439899 0.00137715 -1.37054e-19
-0.0441081 0.00139386 -1.60136e-19
-0.0442273 0.00141067 -1.75346e-19
-0.0443255 0.00142453 -1.12934e-19
-0.0444261 0.0014387 -1.57993e-19
-0.044529 0.00145317 -1.81635e-19
-0.0446341 0.00146794 -1.66769e-19
-0.0447415 0.00148302 -2.21144e-19
-0.0448512 0.0014984 -2.05449e-19
-0.0447423 0.00145347 -2.34489e-19
-0.0446336 0.00140855 -2.32873e-19
-0.044525 0.00136364 -2.3549e-19
-0.0444166 0.00131872 -2.40043e-19
-0.0443083 0.00127378 -2.34279e-19
-0.0442001 0.00122881 -2.2677e-19
-0.044092 0.0011838 -2.31919e-19
-0.0439841 0.00113875 -2.27972e-19
-0.0438762 0.00109366 -2.34061e-19
-0.0437685 0.00104852 -2.17257e-19
-0.0436609 0.00100332 -2.3486e-19
-0.0435533 0.000958075 -2.48703e-19
-0.043446 0.000912813 -2.47648e-19
-0.043339 0.000867621 -2.48307e-19
-0.0432201 0.000802061 -2.5667e-19
-0.0430106 0.000693762 -2.25646e-19
-0.0428036 0.000582515 -2.15836e-19
-0.0426299 0.000472894 -2.39909e-19
-0.0424597 0.000369033 -2.61013e-19
-0.0423554 0.000299084 -2.08034e-19
-0.0422731 0.000238926 -1.92244e-19
-0.0421956 0.000179443 -2.42304e-19
-0.0421408 0.000135578 -2.51383e-19
-0.0420908 9.40898e-05 -2.45367e-19
-0.0420446 5.41722e-05 -1.67181e-19
-0.0420008 1.48689e-05 -2.45628e-19
-0.0419589 -2.41592e-05 -2.56605e-19
-0.0419172 -6.34394e-05 -2.24901e-19
-0.0418725 -0.00010372 -1.95603e-19
-0.0418295 -0.000143996 -2.64368e-19
-0.041788 -0.000184302 -2.11994e-19
-0.0417481 -0.000224675 -2.59295e-19
-0.0417096 -0.00026515 -2.56984e-19
-0.0416725 -0.000305762 -2.304e-19
-0.0416368 -0.000346545 -2.37836e-19
-0.0416023 -0.000387537 -2.17893e-19
-0.0415701 -0.000427384 -2.70958e-19
-0.0415393 -0.000467109 -1.70551e-19
-0.0415096 -0.00050697 -2.21242e-19
-0.041481 -0.000546863 -2.24746e-19
-0.0414535 -0.000586804 -2.94631e-19
-0.0414269 -0.000626974 -2.81957e-19
-0.0414011 -0.000667404 -2.30037e-19
-0.0413761 -0.000708122 -2.67904e-19
-0.0413517 -0.000749157 -1.86027e-19
-0.041328 -0.000790533 -2.12382e-19
-0.0413047 -0.000832275 -2.34709e-19
-0.0412819 -0.000874406 -3.0969e-19
-0.041263 -0.000918624 -2.42094e-19
-0.0412457 -0.000963942 -2.53047e-19
-0.0412292 -0.00101001 -2.70792e-19
-0.0412134 -0.00105684 -2.59884e-19
-0.0411982 -0.00110445 -2.29983e-19
-0.0411836 -0.00115284 -2.45301e-19
-0.0411695 -0.00120203 -2.89067e-19
-0.0411558 -0.00125202 -2.25253e-19
-0.0411425 -0.00130279 -2.3567e-19
-0.0411294 -0.00135435 -2.69877e-19
-0.0411166 -0.00140669 -2.72145e-19
-0.041105 -0.00146034 -2.73874e-19
-0.0410946 -0.00151542 -2.51297e-19
-0.0410844 -0.0015713 -2.79121e-19
-0.0410744 -0.00162797 -2.70437e-19
-0.0410645 -0.0016848 -3.03738e-19
-0.0410545 -0.00174214 -3.03854e-19
-0.0410445 -0.00180016 -3.13914e-19
-0.0410342 -0.00185871 -2.72076e-19
-0.0410235 -0.00191785 -3.48409e-19
-0.0410125 -0.00197763 -2.57447e-19
-0.041001 -0.00203802 -2.90013e-19
-0.040989 -0.00209899 -2.35755e-19
-0.0409765 -0.00216051 -2.8065e-19
-0.0409634 -0.00222257 -3.08392e-19
-0.0409703 -0.00230025 -3.71941e-19
-0.0409985 -0.00239235 -3.17187e-19
-0.0410303 -0.00248546 -2.94051e-19
-0.0410688 -0.00258137 -4.21232e-19
-0.0411137 -0.00267979 -3.47475e-19
-0.0411627 -0.00277961 -4.24588e-19
-0.0412156 -0.00288077 -5.10966e-19
-0.0412715 -0.00298287 -5.39731e-19
-0.0413307 -0.00308624 -5.05503e-19
-0.041393 -0.00319094 -4.70011e-19
-0.0414582 -0.00329652 -4.26073e-19
-0.0415263 -0.00340319 -4.47429e-19
-0.0416012 -0.0035128 -4.6828e-19
-0.0416838 -0.00362547 -3.91616e-19
-0.0417717 -0.00373986 -3.70233e-19
-0.0418648 -0.0038556 -3.72093e-19
-0.0419615 -0.00397095 -3.25121e-19
-0.042062 -0.00408576 -3.27223e-19
-0.0421664 -0.00419995 -2.4349e-19
-0.0422752 -0.00431355 -2.75254e-19
-0.0423587 -0.00427149 -2.93936e-19
-0.0424424 -0.00422956 -2.94501e-19
-0.0425261 -0.0041878 -3.07184e-19
-0.04261 -0.00414617 -3.06737e-19
-0.042694 -0.00410466 -3.09875e-19
-0.0427781 -0.00406326 -3.11434e-19
-0.0428624 -0.00402196 -3.17582e-19
-0.0429468 -0.00398073 -3.20737e-19
-0.0430314 -0.00393955 -3.21863e-19
-0.0431161 -0.00389841 -3.12187e-19
-0.043201 -0.00385727 -3.11374e-19
-0.043286 -0.00381614 -3.16065e-19
-0.0433713 -0.00377496 -3.22668e-19
-0.0434568 -0.00373374 -3.18912e-19
-0.0435424 -0.00369244 -3.34933e-19
-0.0436129 -0.00365017 -2.90359e-19
-0.0436447 -0.00360232 -2.7294e-19
-0.0437306 -0.00354228 -2.26062e-19
-0.0439551 -0.00346304 -8.68463e-20
-0.0441662 -0.00339329 -2.18462e-19
-0.0443491 -0.00333192 -8.77271e-20
-0.0445607 -0.00326754 -2.26216e-19
-0.0447152 -0.00320749 -2.53073e-19
-0.044854 -0.00315321 -2.41085e-19
-0.0449943 -0.00310083 -2.162e-19
-0.0451396 -0.00304919 -2.62094e-19
-0.0452825 -0.00299672 -2.84985e-19
-0.045429 -0.00294488 -2.60462e-19
-0.0455649 -0.00289215 -2.78063e-19
-0.0457036 -0.00283934 -2.57293e-19
-0.0458416 -0.00278509 -2.83806e-19
-0.0459753 -0.00272859 -1.92279e-19
-0.0461146 -0.00267197 -2.45869e-19
-0.0462599 -0.00261516 -2.54549e-19
-0.0464115 -0.00255811 -2.61577e-19
-0.0465696 -0.00250078 -2.7801e-19
-0.0467347 -0.00244312 -2.60095e-19
-0.046907 -0.0023851 -2.39261e-19
-0.0470867 -0.00232668 -2.30838e-19
-0.0472741 -0.00226783 -2.38832e-19
-0.0474694 -0.00220855 -3.73711e-19
-0.0476727 -0.00214876 -3.20665e-19
-0.0478827 -0.00208857 -5.12801e-20
-0.0480998 -0.00202831 -2.72811e-19
-0.0483255 -0.00196765 -1.73428e-20
-0.0485599 -0.00190662 -2.02211e-19
-0.0488015 -0.00184561 -2.22893e-19
-0.0490517 -0.00178431 -2.88259e-19
-0.0493106 -0.00172276 -2.93514e-19
-0.049578 -0.001661 -2.8053e-19
-0.0498528 -0.00159816 -3.76339e-19
-0.0501353 -0.00153447 -3.87499e-19
-0.0504258 -0.0014705 -3.92037e-19
-0.0507242 -0.00140637 -3.88907e-19
-0.0510302 -0.00134145 -3.84764e-19
-0.0513433 -0.00127628 -4.7265e-19
-0.0516632 -0.00121098 -1.74906e-19
-0.0519895 -0.00114559 -4.01361e-19
-0.0519117 -0.00117952 -3.57012e-19
-0.051834 -0.00121343 -3.62637e-19
-0.0517563 -0.00124732 -3.598e-19
-0.0516787 -0.00128119 -4.0476e-19
-0.051601 -0.00131505 -3.53638e-19
-0.0515234 -0.00134889 -4.01715e-19
-0.0514458 -0.00138271 -4.02915e-19
-0.0513682 -0.00141652 -3.62565e-19
-0.0512906 -0.00145031 -3.55067e-19
-0.0512131 -0.00148408 -3.5768e-19
-0.0511356 -0.00151784 -3.61332e-19
-0.0510581 -0.00155158 -2.55108e-19
-0.0509806 -0.0015853 -3.59225e-19
-0.0509032 -0.001619 -2.52465e-19
-0.0508258 -0.00165269 -2.53737e-19
-0.0507483 -0.00168637 -4.09785e-19
-0.050671 -0.00172002 -2.51146e-19
-0.0505936 -0.00175366 -4.13836e-19
-0.0505163 -0.00178728 -4.08685e-19
-0.0504389 -0.00182089 -4.03444e-19
-0.0503616 -0.00185449 -4.04892e-19
-0.0502164 -0.00190127 -4.13827e-19
-0.0500147 -0.00195389 -3.3962e-19
-0.0498913 -0.00198445 -4.34567e-19
-0.0497883 -0.00200914 -4.4809e-19
-0.0496948 -0.002031 -5.16809e-19
-0.0496305 -0.00207857 -6.25401e-19
-0.0495684 -0.00212841 -5.5341e-19
-0.0494992 -0.00217774 -3.85137e-19
-0.0494338 -0.00222219 -5.48995e-19
-0.0493681 -0.00226544 -5.64797e-19
-0.0493023 -0.0023074 -6.25493e-19
-0.0492361 -0.00234822 -3.93225e-19
-0.0491706 -0.00238749 -6.41284e-19
-0.0491052 -0.0024256 -5.46398e-19
-0.0491957 -0.00238582 -4.26455e-19
-0.0492862 -0.00234602 -5.39397e-19
-0.0493767 -0.0023062 -5.4725e-19
-0.0494672 -0.00226636 -5.38921e-19
-0.0495578 -0.0022265 -5.39888e-19
-0.0496484 -0.00218662 -5.38386e-19
-0.049739 -0.00214672 -5.47043e-19
-0.0498297 -0.0021068 -5.48181e-19
-0.0499203 -0.00206686 -5.01842e-19
-0.050011 -0.0020269 -5.07628e-19
-0.0501017 -0.00198692 -5.14839e-19
-0.0501925 -0.00194692 -5.60531e-19
-0.0502832 -0.0019069 -5.17644e-19
-0.050374 -0.00186686 -4.43495e-19
-0.0504648 -0.0018268 -4.0887e-19
-0.050555 -0.00178674 -5.34512e-19
-0.0506028 -0.00174697 -5.17956e-19
-0.0506349 -0.00170568 -5.30345e-19
-0.0508001 -0.00164757 -5.21433e-19
-0.0510945 -0.00157563 -4.92671e-19
-0.0513251 -0.001522 -4.66897e-19
-0.0515601 -0.00146988 -5.36724e-19
-0.0517471 -0.00143122 -4.30211e-19
-0.0519261 -0.00139446 -4.8721e-19
-0.0521534 -0.00135473 -5.51882e-19
-0.0523961 -0.00131307 -5.10011e-19
-0.0526166 -0.00127333 -4.66532e-19
-0.0528386 -0.00123296 -5.65822e-19
-0.0530662 -0.00119182 -5.78085e-19
-0.0533001 -0.00114928 -5.71859e-19
-0.0535366 -0.00110389 -5.68913e-19
-0.0534368 -0.00114733 -5.8838e-19
-0.053337 -0.00119076 -6.27811e-19
-0.0532373 -0.00123415 -6.3125e-19
-0.0531376 -0.00127753 -6.30799e-19
-0.0530379 -0.00132087 -5.88236e-19
-0.0529383 -0.0013642 -6.30116e-19
-0.0528387 -0.00140749 -5.84026e-19
-0.0527391 -0.00145077 -5.85393e-19
-0.0526395 -0.00149401 -6.28395e-19
-0.05254 -0.00153724 -6.25428e-19
-0.0524405 -0.00158043 -5.82104e-19
-0.0523411 -0.00162361 -6.35048e-19
-0.0522416 -0.00166675 -5.78802e-19
-0.0521424 -0.00170982 -6.28578e-19
-0.0520431 -0.00175286 -6.26087e-19
-0.0519439 -0.00179588 -5.79585e-19
-0.0518323 -0.00184146 -5.84106e-19
-0.0515363 -0.00191866 -5.72638e-19
-0.0513476 -0.00196942 -1.10591e-12
-0.0512518 -0.00204046 9.59392e-13
-0.0511603 -0.00210496 1.01035e-12
-0.0510748 -0.00215924 1.06723e-12
-0.0509862 -0.0022116 1.13211e-12
-0.0508969 -0.0022624 1.20096e-12
-0.0508069 -0.00231173 1.27297e-12
-0.0507167 -0.00235937 1.34702e-12
-0.0506271 -0.00240502 1.42202e-12
-0.0505372 -0.00244931 1.4929e-12
-0.0504483 -0.00249158 1.56773e-12
-0.0503556 -0.00253567 1.65587e-12
-0.0502641 -0.00258185 1.75041e-12
-0.0501793 -0.00263596 1.86202e-12
-0.0501033 -0.00269993 1.99904e-12
-0.0500401 -0.00276227 2.15136e-12
-0.0500217 -0.00283384 2.35722e-12
-0.0500646 -0.00291615 2.63767e-12
-0.0501158 -0.00299705 2.94084e-12
-0.0501727 -0.00307643 3.26019e-12
-0.0502332 -0.00315431 3.5907e-12
-0.0502956 -0.00323084 3.92892e-12
-0.0503586 -0.00330617 4.27263e-12
-0.050443 -0.00338642 4.64705e-12
-0.0505488 -0.00347015 5.047e-12
-0.0506639 -0.00355416 5.45707e-12
-0.0507881 -0.00363815 5.87573e-12
-0.0509305 -0.00372311 6.31182e-12
-0.0510837 -0.00380764 6.75577e-12
-0.0512426 -0.00389108 7.202e-12
-0.0514055 -0.00397338 7.64913e-12
-0.0515708 -0.00405449 8.0955e-12
-0.0517386 -0.00413661 8.54821e-12
-0.0519127 -0.00422133 9.01339e-12
-0.0520918 -0.00430682 9.48335e-12
-0.052277 -0.00439302 9.95779e-12
-0.0524693 -0.00447979 1.04362e-11
-0.0525542 -0.00443119 1.04339e-11
-0.0526392 -0.00438271 1.04325e-11
-0.0527243 -0.00433432 1.04317e-11
-0.0528097 -0.004286 1.04316e-11
-0.0528953 -0.00423773 1.04321e-11
-0.052981 -0.00418949 1.04332e-11
-0.053067 -0.00414126 1.04348e-11
-0.0531532 -0.004093 1.04367e-11
-0.0532395 -0.0040447 1.04389e-11
-0.0533261 -0.00399634 1.04414e-11
-0.0534127 -0.00394791 1.04439e-11
-0.0534996 -0.00389939 1.04465e-11
-0.0535866 -0.00385074 1.04491e-11
-0.0536334 -0.00380338 1.01075e-11
-0.0536484 -0.00375516 1.00458e-11
-0.0536474 -0.00370508 1.00064e-11
-0.0537231 -0.00364136 9.829e-12
-0.0539348 -0.00356041 9.85547e-12
-0.0541956 -0.00347258 9.91722e-12
-0.0544618 -0.00339327 1.01051e-11
-0.0547002 -0.0033263 1.02073e-11
-0.0549348 -0.00325763 1.03132e-11
-0.0551202 -0.00320344 1.03745e-11
-0.0553081 -0.00314879 1.04171e-11
-0.055495 -0.00309487 1.04565e-11
-0.0556736 -0.00304388 1.049e-11
-0.055852 -0.00299351 1.0522e-11
-0.0560354 -0.00294239 1.05537e-11
-0.0562247 -0.0028904 1.05854e-11
-0.0564244 -0.00283662 1.0618e-11
-0.056628 -0.00277967 1.06535e-11
-0.0568342 -0.00272088 1.06901e-11
-0.0570489 -0.00266052 1.07273e-11
-0.0572728 -0.00259854 1.07651e-11
-0.0575063 -0.00253493 1.08034e-11
-0.0577501 -0.00246965 1.08422e-11
-0.0580048 -0.00240268 1.08813e-11
-0.0582708 -0.00233403 1.09208e-11
-0.0585458 -0.00226441 1.09603e-11
-0.0588328 -0.00219313 1.10001e-11
-0.059132 -0.00212023 1.10402e-11
-0.0594464 -0.00204378 1.10823e-11
-0.0597772 -0.00196416 1.11258e-11
-0.0601211 -0.0018827 1.11699e-11
-0.0604779 -0.00179947 1.12144e-11
-0.0608472 -0.00171459 1.12595e-11
-0.0612286 -0.00162816 1.1305e-11
-0.0617338 -0.00152833 1.13639e-11
-0.0623095 -0.00142259 1.14317e-11
-0.0622269 -0.00146572 1.14361e-11
-0.0621444 -0.00150882 1.14405e-11
-0.0620619 -0.0015519 1.14449e-11
-0.0619794 -0.00159495 1.14493e-11
-0.0618969 -0.00163796 1.14538e-11
-0.0618145 -0.00168096 1.14582e-11
-0.0617321 -0.00172392 1.14626e-11
-0.0616497 -0.00176687 1.1467e-11
-0.0615674 -0.00180978 1.14714e-11
-0.0614851 -0.00185268 1.14758e-11
-0.0614027 -0.00189554 1.14802e-11
-0.0613205 -0.00193839 1.14846e-11
-0.0612382 -0.0019812 1.1489e-11
-0.061156 -0.002024 1.14934e-11
-0.0610738 -0.00206677 1.14978e-11
-0.0609916 -0.00210951 1.15022e-11
-0.0609094 -0.00215223 1.15066e-11
-0.0608272 -0.00219494 1.1511e-11
-0.0606844 -0.00224393 1.15249e-11
-0.0603465 -0.00231117 1.15495e-11
-0.0600254 -0.00237241 1.15858e-11
-0.0598366 -0.00242019 1.16382e-11
-0.0596864 -0.00248823 1.16447e-11
-0.0595337 -0.00255448 1.16722e-11
-0.059394 -0.00261296 1.16972e-11
-0.0592576 -0.00266818 1.17212e-11
-0.0591236 -0.00272286 1.17451e-11
-0.0591926 -0.00268611 1.17418e-11
-0.0592616 -0.00264935 1.17386e-11
-0.0593307 -0.00261257 1.17354e-11
-0.0593998 -0.00257578 1.17321e-11
-0.0594689 -0.00253897 1.17289e-11
-0.059538 -0.00250214 1.17256e-11
-0.0596071 -0.0024653 1.17224e-11
-0.0596762 -0.00242844 1.17191e-11
-0.0597453 -0.00239156 1.17159e-11
-0.0598145 -0.00235467 1.17126e-11
-0.0598837 -0.00231776 1.17093e-11
-0.0599528 -0.00228083 1.17061e-11
-0.060022 -0.00224389 1.17028e-11
-0.0600912 -0.00220694 1.16996e-11
-0.0601605 -0.00216996 1.16963e-11
-0.0602297 -0.00213297 1.1693e-11
-0.0602989 -0.00209596 1.16898e-11
-0.0603408 -0.00206092 1.16507e-11
-0.0603617 -0.00202671 1.16448e-11
-0.060372 -0.00199226 1.1642e-11
-0.0603729 -0.00195723 1.16418e-11
-0.0603653 -0.00192139 1.16436e-11
-0.0605994 -0.00186521 1.16006e-11
-0.0609168 -0.00180434 1.16019e-11
-0.0612764 -0.0017417 1.16064e-11
-0.0616773 -0.00167688 1.16158e-11
-0.0620612 -0.00160864 1.16327e-11
-0.0624652 -0.00153937 1.1655e-11
-0.0630729 -0.0014665 1.16949e-11
-0.0637487 -0.00139339 1.17449e-11
-0.0644259 -0.00132285 1.17985e-11
-0.0651098 -0.00125491 1.18548e-11
-0.0657897 -0.00118332 1.19179e-11
-0.0657199 -0.00121801 1.19217e-11
-0.0656502 -0.00125269 1.19256e-11
-0.0655805 -0.00128735 1.19294e-11
-0.0655108 -0.001322 1.19333e-11
-0.0654411 -0.00135663 1.19371e-11
-0.0653714 -0.00139125 1.1941e-11
-0.0653018 -0.00142585 1.19448e-11
-0.0652321 -0.00146044 1.19486e-11
-0.0651625 -0.00149502 1.19525e-11
-0.0650929 -0.00152958 1.19563e-11
-0.0650233 -0.00156412 1.19601e-11
-0.0649537 -0.00159865 1.1964e-11
-0.0648841 -0.00163317 1.19678e-11
-0.0648145 -0.00166767 1.19716e-11
-0.064745 -0.00170216 1.19755e-11
-0.0646754 -0.00173663 1.19793e-11
-0.0646059 -0.00177109 1.19831e-11
-0.0645364 -0.00180553 1.19869e-11
-0.0644643 -0.00184021 1.19947e-11
-0.0643119 -0.00188422 1.20094e-11
-0.0641325 -0.00193345 1.20291e-11
-0.0639299 -0.00198754 1.20536e-11
-0.0637073 -0.0020457 1.20829e-11
-0.0634671 -0.00210689 1.21165e-11
-0.0632823 -0.00218196 1.22155e-11
-0.0631484 -0.00227525 1.22517e-11
-0.0629854 -0.0023715 1.22941e-11
-0.0628053 -0.0024688 1.2339e-11
-0.062692 -0.00252643 1.2379e-11
-0.0625926 -0.00257494 1.24057e-11
-0.0624757 -0.00262619 1.24347e-11
-0.0623532 -0.00267779 1.24638e-11
-0.0622265 -0.00272935 1.24928e-11
-0.0620943 -0.00278106 1.25138e-11
-0.0619382 -0.00283707 1.25435e-11
-0.0620228 -0.00279335 1.25397e-11
-0.0621075 -0.00274962 1.25359e-11
-0.0621921 -0.00270586 1.25321e-11
-0.0622768 -0.00266208 1.25283e-11
-0.0623615 -0.00261828 1.25245e-11
-0.0624462 -0.00257445 1.25207e-11
-0.0625309 -0.00253061 1.25168e-11
-0.0626157 -0.00248673 1.2513e-11
-0.0627004 -0.00244284 1.25092e-11
-0.0627852 -0.00239893 1.25054e-11
-0.06287 -0.00235499 1.25016e-11
-0.0629548 -0.00231103 1.24977e-11
-0.0630397 -0.00226704 1.24939e-11
-0.0631245 -0.00222303 1.24901e-11
-0.063193 -0.00218023 1.24611e-11
-0.0632229 -0.00213937 1.24546e-11
-0.0632376 -0.00209816 1.24513e-11
-0.0632391 -0.00205606 1.24507e-11
-0.0632288 -0.0020127 1.24518e-11
-0.0632083 -0.00196792 1.24541e-11
-0.0634677 -0.00187724 1.24103e-11
-0.0638026 -0.00177918 1.24017e-11
-0.0640695 -0.0017019 1.23981e-11
-0.064439 -0.00161726 1.23953e-11
-0.0647833 -0.00153776 1.23871e-11
-0.0650756 -0.00146703 1.23842e-11
-0.0654359 -0.00139219 1.23834e-11
-0.0658273 -0.00131568 1.23841e-11
-0.0662455 -0.00123994 1.23868e-11
-0.066774 -0.00116007 1.23945e-11
-0.0674373 -0.00107388 1.24112e-11
-0.0681128 -0.00098626 1.24355e-11
-0.0687737 -0.000901205 1.24626e-11
-0.0694443 -0.00081544 1.24936e-11
-0.0701323 -0.000728106 1.25285e-11
-0.0708393 -0.000639292 1.25672e-11
-0.0715719 -0.00054973 1.26092e-11
-0.072313 -0.0004585 1.26543e-11
-0.0730797 -0.00036774 1.27017e-11
-0.0738667 -0.000276365 1.27519e-11
-0.0746748 -0.000185179 1.28036e-11
-0.0754922 -9.47091e-05 1.28527e-11
-0.0753553 -0.000145478 1.28645e-11
-0.0752185 -0.000196215 1.28762e-11
-0.0750817 -0.000246921 1.28879e-11
-0.074945 -0.000297595 1.28996e-11
-0.0748083 -0.000348238 1.29113e-11
-0.0746716 -0.00039885 1.2923e-11
-0.074535 -0.000449431 1.29347e-11
-0.0743985 -0.00049998 1.29464e-11
-0.074262 -0.000550498 1.29581e-11
-0.0741255 -0.000600984 1.29698e-11
-0.0739891 -0.00065144 1.29814e-11
-0.0738528 -0.000701864 1.29931e-11
-0.0736892 -0.000752154 1.30168e-11
-0.0734031 -0.000804512 1.30415e-11
-0.0730719 -0.000860465 1.30728e-11
-0.0727024 -0.000920528 1.31119e-11
-0.0723004 -0.000984554 1.31594e-11
-0.0718586 -0.00105224 1.32165e-11
-0.0715161 -0.00115657 1.32523e-11
-0.071238 -0.00127915 1.32804e-11
-0.0709372 -0.00140075 1.33164e-11
-0.0706628 -0.00150479 1.33518e-11
-0.0703967 -0.00159638 1.33922e-11
-0.0701352 -0.00168573 1.34335e-11
-0.0698779 -0.00177802 1.34779e-11
-0.0696454 -0.00186487 1.35228e-11
-0.0694267 -0.00194472 1.35662e-11
-0.0692326 -0.00202743 1.36188e-11
-0.0690748 -0.00211571 1.36828e-11
-0.0689176 -0.00220397 1.37494e-11
-0.0688393 -0.0023012 1.38357e-11
-0.068761 -0.00239644 1.39227e-11
-0.0686811 -0.00248997 1.40096e-11
-0.0685988 -0.00258205 1.4096e-11
-0.0685512 -0.00268351 1.41901e-11
-0.068514 -0.0027854 1.4285e-11
-0.0684872 -0.00288748 1.43804e-11
-0.0684692 -0.00298953 1.44757e-11
-0.068457 -0.0030917 1.45705e-11
-0.0685375 -0.00304769 1.45679e-11
-0.068618 -0.00300366 1.45652e-11
-0.0686984 -0.0029596 1.45626e-11
-0.0687789 -0.00291553 1.45599e-11
-0.0688594 -0.00287143 1.45573e-11
-0.06894 -0.00282731 1.45546e-11
-0.0690205 -0.00278317 1.45519e-11
-0.0691011 -0.00273901 1.45493e-11
-0.0691816 -0.00269482 1.45466e-11
-0.0692622 -0.00265061 1.45439e-11
-0.0693428 -0.00260639 1.45413e-11
-0.0694234 -0.00256213 1.45386e-11
-0.0695041 -0.00251786 1.45359e-11
-0.0695847 -0.00247357 1.45333e-11
-0.0696654 -0.00242925 1.45306e-11
-0.0696986 -0.00238706 1.45011e-11
-0.0697151 -0.00234423 1.44979e-11
-0.0697179 -0.00230007 1.44976e-11
-0.0697087 -0.0022542 1.44997e-11
-0.0696886 -0.00220645 1.45037e-11
-0.0696576 -0.00215683 1.45094e-11
-0.0697021 -0.0020885 1.44821e-11
-0.0700517 -0.00197062 1.44888e-11
-0.0703908 -0.00185764 1.44993e-11
-0.0706698 -0.00176192 1.45094e-11
-0.0709212 -0.00167468 1.45164e-11
-0.0711451 -0.00159588 1.45187e-11
-0.0713737 -0.00152342 1.45234e-11
-0.0716103 -0.00145173 1.45278e-11
-0.0718642 -0.0013792 1.45328e-11
-0.0721546 -0.00130275 1.45394e-11
-0.0724257 -0.00123022 1.45454e-11
-0.0726906 -0.00115898 1.4551e-11
-0.0729515 -0.00108842 1.45564e-11
-0.0732112 -0.00101843 1.45619e-11
-0.0735299 -0.00094577 1.4575e-11
-0.0740331 -0.00085996 1.4603e-11
-0.0746222 -0.000768877 1.46395e-11
-0.0752312 -0.000678971 1.46783e-11
-0.0758503 -0.000590407 1.47177e-11
-0.0764742 -0.000503241 1.47574e-11
-0.0771017 -0.000417252 1.47971e-11
-0.0777317 -0.000332256 1.48367e-11
-0.0783635 -0.000248108 1.48759e-11
-0.0789968 -0.000164698 1.49145e-11
-0.0787934 -0.000243754 1.49249e-11
-0.0785902 -0.000322737 1.49352e-11
-0.0783871 -0.000401648 1.49455e-11
-0.0781841 -0.000480487 1.49558e-11
-0.0779812 -0.000559254 1.49661e-11
-0.0777784 -0.000637948 1.49764e-11
-0.0775757 -0.000716571 1.49867e-11
-0.0773731 -0.000795123 1.4997e-11
-0.0771333 -0.000873144 1.50162e-11
-0.0766833 -0.000953848 1.50412e-11
-0.0761416 -0.00104165 1.5076e-11
-0.0755247 -0.00113714 1.5122e-11
-0.0750005 -0.00127959 1.51656e-11
-0.0746011 -0.00145624 1.52081e-11
-0.0741561 -0.00163013 1.52624e-11
-0.0737364 -0.00177916 1.53093e-11
-0.0733528 -0.00191428 1.53599e-11
-0.0729769 -0.00205487 1.54153e-11
-0.072615 -0.00218902 1.54699e-11
-0.072338 -0.00232159 1.55335e-11
-0.0721107 -0.00244923 1.56021e-11
-0.0719915 -0.0025772 1.56834e-11
-0.0718725 -0.00270384 1.57654e-11
-0.0718223 -0.00284274 1.58563e-11
-0.0717946 -0.00298169 1.59481e-11
-0.0717862 -0.00311942 1.60396e-11
-0.0717916 -0.00325505 1.61303e-11
-0.0718057 -0.0033882 1.62197e-11
-0.0718272 -0.00352076 1.63088e-11
-0.0718756 -0.00366163 1.64013e-11
-0.0719428 -0.00380503 1.64954e-11
-0.0720372 -0.00395033 1.65908e-11
-0.0721659 -0.00409628 1.6687e-11
-0.0723341 -0.00424102 1.67833e-11
-0.0725413 -0.00438263 1.68789e-11
-0.0727823 -0.00451963 1.69728e-11
-0.0730501 -0.00465145 1.70643e-11
-0.0733392 -0.00477802 1.71532e-11
-0.0736485 -0.00489902 1.72393e-11
-0.073967 -0.00501589 1.73233e-11
-0.0742922 -0.00512913 1.74053e-11
-0.0746225 -0.00523916 1.74855e-11
-0.0749567 -0.00534632 1.75639e-11
-0.0752956 -0.00545137 1.76411e-11
-0.0756667 -0.00555935 1.77203e-11
-0.0760534 -0.00566618 1.7799e-11
-0.0764568 -0.00577147 1.78769e-11
-0.076878 -0.00587482 1.79539e-11
-0.0773172 -0.00597578 1.80298e-11
-0.0777741 -0.00607398 1.81042e-11
-0.0782479 -0.00616911 1.81771e-11
-0.0787373 -0.006261 1.82483e-11
-0.0792406 -0.00634956 1.83177e-11
-0.079756 -0.00643484 1.83853e-11
-0.0803049 -0.00651198 1.8401e-11
-0.0808426 -0.00658758 1.84394e-11
-0.0813837 -0.00666036 1.84782e-11
-0.0819272 -0.00673065 1.85171e-11
-0.0824718 -0.00679877 1.8556e-11
-0.0830168 -0.00686501 1.8595e-11
-0.0835731 -0.00693067 1.86346e-11
-0.0835731 -0.00693067 1.86346e-11
-0.0835731 -0.00693068 1.86346e-11
-0.0835731 -0.00693068 1.86346e-11
-0.0835731 -0.00693068 1.86346e-11
-0.0836566 -0.00685441 1.86348e-11
-0.0837403 -0.00677834 1.86351e-11
-0.0838242 -0.00670243 1.86355e-11
-0.0839083 -0.00662666 1.86362e-11
-0.0839927 -0.00655097 1.8637e-11
-0.0840773 -0.00647535 1.8638e-11
-0.0841622 -0.00639975 1.86391e-11
-0.0842474 -0.00632413 1.86402e-11
-0.0843328 -0.00624846 1.86415e-11
-0.08435 -0.00617755 1.86256e-11
-0.0843161 -0.00610774 1.86238e-11
-0.0842562 -0.00603606 1.86227e-11
-0.084162 -0.00596199 1.86221e-11
-0.0840299 -0.00588552 1.86225e-11
-0.0838504 -0.00580693 1.86237e-11
-0.083627 -0.00572683 1.86257e-11
-0.0835822 -0.00559032 1.86277e-11
-0.0839347 -0.00539867 1.86751e-11
-0.0842925 -0.00521832 1.87268e-11
-0.0846521 -0.0050602 1.87796e-11
-0.0852785 -0.00488189 1.88662e-11
-0.0859451 -0.00471028 1.89554e-11
-0.0867607 -0.0045302 1.90567e-11
-0.0876175 -0.00435776 1.91577e-11
-0.088485 -0.00419077 1.92565e-11
-0.089362 -0.00402799 1.93527e-11
-0.0902349 -0.00386881 1.94426e-11
-0.0911714 -0.00370774 1.95373e-11
-0.0922414 -0.00353862 1.96394e-11
-0.0933246 -0.00337177 1.97394e-11
-0.0944169 -0.00320694 1.98371e-11
-0.0955153 -0.00304394 1.99321e-11
-0.0966183 -0.00288244 2.00246e-11
-0.097724 -0.0027223 2.01145e-11
-0.0988311 -0.00256339 2.02019e-11
-0.0987115 -0.00264252 2.0204e-11
-0.0985918 -0.0027216 2.02062e-11
-0.0984722 -0.00280062 2.02083e-11
-0.0983527 -0.00287959 2.02105e-11
-0.0982331 -0.0029585 2.02127e-11
-0.0981136 -0.00303737 2.02148e-11
-0.0979942 -0.00311619 2.0217e-11
-0.0978747 -0.00319496 2.02192e-11
-0.0977553 -0.00327368 2.02214e-11
-0.097636 -0.00335237 2.02235e-11
-0.0975166 -0.00343102 2.02257e-11
-0.0972389 -0.00351217 2.02326e-11
-0.0968516 -0.00360223 2.02457e-11
-0.0963912 -0.00370345 2.02651e-11
-0.0958683 -0.00381642 2.02908e-11
-0.0952683 -0.00394141 2.0324e-11
-0.0954061 -0.00384755 2.03214e-11
-0.095544 -0.00375362 2.03187e-11
-0.0956818 -0.00365962 2.03161e-11
-0.0958197 -0.00356554 2.03134e-11
-0.0959576 -0.00347139 2.03108e-11
-0.0960956 -0.00337717 2.03082e-11
-0.0962335 -0.00328287 2.03055e-11
-0.0963715 -0.00318849 2.03029e-11
-0.0965096 -0.00309402 2.03002e-11
-0.0966477 -0.00299944 2.02975e-11
-0.0967847 -0.00290443 2.0295e-11
-0.0975148 -0.00277551 2.03222e-11
-0.0986628 -0.0026402 2.03639e-11
-0.100232 -0.00248052 2.0434e-11
-0.100093 -0.00257026 2.04364e-11
-0.0999541 -0.00265993 2.04388e-11
-0.099815 -0.00274953 2.04412e-11
-0.0996767 -0.00283826 2.04439e-11
-0.0995386 -0.00292686 2.04466e-11
-0.0994005 -0.00301539 2.04494e-11
-0.0992625 -0.00310387 2.04521e-11
-0.0991246 -0.00319231 2.04549e-11
-0.0989868 -0.0032807 2.04577e-11
-0.0988117 -0.00336917 2.04637e-11
-0.0984215 -0.00346433 2.0474e-11
-0.0979329 -0.00357133 2.049e-11
-0.0973608 -0.00369223 2.05124e-11
-0.0967001 -0.00382726 2.05421e-11
-0.0961241 -0.00397685 2.05818e-11
-0.0958496 -0.00413649 2.06257e-11
-0.0955288 -0.00430308 2.06719e-11
-0.095176 -0.00447476 2.07202e-11
-0.0949023 -0.00464051 2.07712e-11
-0.0947221 -0.00479624 2.08241e-11
-0.0947892 -0.00492118 2.08806e-11
-0.0950221 -0.00502647 2.09387e-11
-0.0952596 -0.00512581 2.09967e-11
-0.0954964 -0.00522148 2.10542e-11
-0.0957297 -0.00531499 2.11114e-11
-0.0960044 -0.00540453 2.1168e-11
-0.0963814 -0.00548659 2.12239e-11
-0.0967617 -0.00556628 2.1279e-11
-0.0971434 -0.00564427 2.13333e-11
-0.0975252 -0.00572103 2.13868e-11
-0.0979063 -0.00579692 2.14397e-11
-0.0982861 -0.00587219 2.14918e-11
-0.098664 -0.00594701 2.15434e-11
-0.09904 -0.0060215 2.15944e-11
-0.0991289 -0.0059382 2.15914e-11
-0.0992177 -0.00585484 2.15884e-11
-0.0993066 -0.00577144 2.15855e-11
-0.0993955 -0.00568797 2.15825e-11
-0.0994844 -0.00560446 2.15795e-11
-0.0995733 -0.00552089 2.15766e-11
-0.0996622 -0.00543725 2.15736e-11
-0.0997511 -0.00535355 2.15707e-11
-0.0998114 -0.00527268 2.15633e-11
-0.0997886 -0.00519799 2.15599e-11
-0.0997414 -0.00512228 2.15568e-11
-0.0996642 -0.00504484 2.15538e-11
-0.099549 -0.00496524 2.15509e-11
-0.0993862 -0.00488345 2.15477e-11
-0.0991769 -0.00479968 2.15439e-11
-0.0996134 -0.00456829 2.16007e-11
-0.100107 -0.00433589 2.16374e-11
-0.100628 -0.00411282 2.16768e-11
-0.101136 -0.00389783 2.17163e-11
-0.101862 -0.00367855 2.17703e-11
-0.102943 -0.0034642 2.18497e-11
-0.104035 -0.00326675 2.19309e-11
-0.105125 -0.00308099 2.20123e-11
-0.106289 -0.00290076 2.20974e-11
-0.10756 -0.00272576 2.21868e-11
-0.108831 -0.00255743 2.2275e-11
-0.110098 -0.00239386 2.23613e-11
-0.11136 -0.00223368 2.24456e-11
-0.112615 -0.00207598 2.25277e-11
-0.113861 -0.00192013 2.26074e-11
-0.115232 -0.00176508 2.26905e-11
-0.116644 -0.00161294 2.27732e-11
-0.11806 -0.00146382 2.28542e-11
-0.117907 -0.00155457 2.28563e-11
-0.117754 -0.00164527 2.28585e-11
-0.117601 -0.00173592 2.28607e-11
-0.117449 -0.00182653 2.28628e-11
-0.117296 -0.00191709 2.2865e-11
-0.117144 -0.0020076 2.28671e-11
-0.116991 -0.00209808 2.28693e-11
-0.116839 -0.00218851 2.28715e-11
-0.116686 -0.00227892 2.28736e-11
-0.116534 -0.0023693 2.28758e-11
-0.116203 -0.00245931 2.28853e-11
-0.115754 -0.00255641 2.28967e-11
-0.115226 -0.00266397 2.29134e-11
-0.114627 -0.00278329 2.29358e-11
-0.113934 -0.00291497 2.29654e-11
-0.113996 -0.00287747 2.29646e-11
-0.114058 -0.00283996 2.29638e-11
-0.11412 -0.00280244 2.2963e-11
-0.114183 -0.00276492 2.29622e-11
-0.114245 -0.00272737 2.29614e-11
-0.114307 -0.00268982 2.29605e-11
-0.114369 -0.00265226 2.29597e-11
-0.114431 -0.00261469 2.29589e-11
-0.114494 -0.00257711 2.29581e-11
-0.114556 -0.00253952 2.29573e-11
-0.114618 -0.00250191 2.29565e-11
-0.11468 -0.0024643 2.29556e-11
-0.114743 -0.00242667 2.29548e-11
-0.114805 -0.00238904 2.2954e-11
-0.114867 -0.00235139 2.29532e-11
-0.114929 -0.00231373 2.29524e-11
-0.114992 -0.00227606 2.29515e-11
-0.115054 -0.00223838 2.29507e-11
-0.115116 -0.00220069 2.29499e-11
-0.115178 -0.00216299 2.29491e-11
-0.115241 -0.00212527 2.29483e-11
-0.115303 -0.00208754 2.29475e-11
-0.115365 -0.0020498 2.29466e-11
-0.115428 -0.00201204 2.29458e-11
-0.11549 -0.00197426 2.2945e-11
-0.115552 -0.00193647 2.29442e-11
-0.115615 -0.00189867 2.29433e-11
-0.115677 -0.00186084 2.29425e-11
-0.115739 -0.00182301 2.29417e-11
-0.115802 -0.00178515 2.29409e-11
-0.115959 -0.00174326 2.29438e-11
-0.116406 -0.00169233 2.29594e-11
-0.116854 -0.00164354 2.29741e-11
-0.117303 -0.00159667 2.2988e-11
-0.117769 -0.00155139 2.30021e-11
-0.118373 -0.00150553 2.30226e-11
-0.118227 -0.00159169 2.30245e-11
-0.118082 -0.0016778 2.30263e-11
-0.117936 -0.00176384 2.30281e-11
-0.117791 -0.00184983 2.303e-11
-0.117646 -0.00193576 2.30318e-11
-0.1175 -0.00202164 2.30337e-11
-0.117355 -0.00210746 2.30355e-11
-0.11721 -0.00219315 2.30374e-11
-0.117066 -0.0022784 2.30394e-11
-0.116922 -0.00236363 2.30415e-11
-0.116707 -0.00244774 2.30469e-11
-0.116323 -0.0025343 2.30544e-11
-0.115866 -0.00262819 2.30655e-11
-0.115342 -0.00273144 2.30808e-11
-0.11475 -0.00284481 2.31008e-11
-0.114079 -0.00296839 2.31263e-11
-0.113506 -0.00310106 2.31559e-11
-0.113244 -0.00323758 2.31936e-11
-0.112947 -0.00337887 2.32325e-11
-0.112618 -0.0035248 2.32725e-11
-0.112351 -0.00366685 2.33146e-11
-0.112506 -0.00356969 2.33125e-11
-0.112661 -0.00347246 2.33104e-11
-0.112815 -0.00337515 2.33083e-11
-0.11297 -0.00327778 2.33061e-11
-0.113125 -0.00318034 2.3304e-11
-0.113279 -0.00308282 2.33019e-11
-0.113434 -0.00298523 2.32998e-11
-0.113589 -0.00288756 2.32977e-11
-0.113686 -0.00279614 2.32943e-11
-0.113711 -0.00271036 2.32937e-11
-0.113704 -0.00262408 2.32945e-11
-0.113659 -0.00253645 2.32966e-11
-0.113572 -0.00244643 2.32999e-11
-0.113811 -0.00231613 2.33135e-11
-0.114568 -0.00214457 2.33339e-11
-0.115262 -0.00197878 2.33545e-11
-0.116002 -0.00181291 2.33787e-11
-0.116775 -0.00164794 2.3405e-11
-0.117673 -0.00148402 2.34364e-11
-0.118574 -0.00132232 2.34694e-11
-0.119703 -0.00116386 2.35111e-11
-0.121034 -0.00101188 2.35608e-11
-0.122442 -0.000867362 2.36141e-11
-0.123843 -0.000728768 2.36678e-11
-0.125372 -0.000592992 2.37267e-11
-0.126946 -0.000462243 2.37873e-11
-0.12852 -0.000335716 2.38476e-11
-0.128346 -0.000428341 2.38498e-11
-0.128171 -0.000520912 2.3852e-11
-0.127997 -0.00061343 2.38542e-11
-0.127822 -0.000705895 2.38564e-11
-0.127648 -0.000798308 2.38586e-11
-0.127474 -0.000890671 2.38608e-11
-0.127299 -0.000982986 2.3863e-11
-0.127125 -0.00107525 2.38652e-11
-0.126951 -0.00116748 2.38674e-11
-0.126776 -0.00125965 2.38728e-11
-0.126377 -0.00134929 2.38792e-11
-0.125901 -0.00144486 2.38887e-11
-0.125353 -0.00154904 2.39022e-11
-0.124732 -0.00166323 2.39203e-11
-0.124025 -0.00178784 2.39438e-11
-0.123349 -0.00192498 2.39621e-11
-0.123069 -0.00207505 2.39958e-11
-0.122751 -0.00222914 2.4031e-11
-0.122405 -0.00238691 2.40676e-11
-0.122128 -0.00253849 2.41082e-11
-0.121892 -0.00268511 2.4152e-11
-0.121876 -0.00280806 2.42014e-11
-0.121959 -0.00291538 2.42537e-11
-0.122133 -0.00301249 2.43077e-11
-0.122369 -0.00310079 2.43623e-11
-0.122606 -0.00318506 2.44166e-11
-0.122841 -0.00326678 2.44703e-11
-0.123071 -0.003347 2.45236e-11
-0.123296 -0.00342643 2.45763e-11
-0.123546 -0.00350381 2.46285e-11
-0.123909 -0.00357471 2.46804e-11
-0.124036 -0.00349908 2.46791e-11
-0.124164 -0.0034234 2.46779e-11
-0.124292 -0.00334767 2.46766e-11
-0.124419 -0.00327188 2.46753e-11
-0.124547 -0.00319604 2.4674e-11
-0.124675 -0.00312015 2.46728e-11
-0.124802 -0.00304421 2.46715e-11
-0.12493 -0.0029682 2.46702e-11
-0.125058 -0.00289214 2.46689e-11
-0.125186 -0.00281602 2.46676e-11
-0.125314 -0.00273984 2.46664e-11
-0.125381 -0.00266935 2.46646e-11
-0.125411 -0.00260043 2.46644e-11
-0.125424 -0.0025302 2.4665e-11
-0.12542 -0.00245797 2.46665e-11
-0.125391 -0.00238343 2.46688e-11
-0.125338 -0.0023059 2.46718e-11
-0.125253 -0.00222532 2.46756e-11
-0.125136 -0.00214175 2.46801e-11
-0.125641 -0.00198433 2.