-5.47149e-05 2.26914e-20 0
-0.00010943 2.71554e-19 0
-0.000164145 4.11491e-19 -1.02268e-22
-0.00021886 5.42634e-19 -3.47922e-24
-0.000273575 6.77889e-19 -1.18365e-25
-0.000328289 8.12889e-19 -4.67516e-22
-0.000383004 9.83622e-19 -1.59051e-23
-0.000437719 1.07677e-18 1.34356e-21
-0.000492434 1.26851e-18 4.57084e-23
-0.000547149 1.39511e-18 5.27506e-22
-0.000547149 1.37504e-18 -2.78713e-21
-0.000604636 -1.70973e-05 -2.45887e-21
-0.000662105 -3.41907e-05 3.22678e-21
-0.000719557 -5.12801e-05 1.35777e-21
-0.000776991 -6.83656e-05 -1.31668e-21
-0.000834408 -8.54471e-05 -9.42934e-22
-0.000891807 -0.000102525 1.88287e-21
-0.000949188 -0.000119598 1.21243e-21
-0.00100655 -0.000136668 4.32346e-22
-0.0010639 -0.000153733 1.44173e-23
-0.00112123 -0.000170795 3.50636e-21
-0.00117854 -0.000187853 -3.17061e-21
-0.00123583 -0.000204907 1.61274e-21
-0.00129311 -0.000221956 3.71413e-21
-0.00135037 -0.000239002 -1.88193e-21
-0.00140761 -0.000256044 3.92978e-22
-0.00146483 -0.000273083 8.04684e-22
-0.00170936 -0.000301251 -1.21197e-21
-0.00200118 -0.000330736 2.01148e-21
-0.00233714 -0.000360767 -6.38209e-21
-0.0027271 -0.000391385 -4.39938e-21
-0.00315538 -0.000421338 -5.97337e-21
-0.00360335 -0.000449264 -3.55726e-21
-0.00410204 -0.000476958 -7.96248e-22
-0.00460028 -0.000501631 -6.44903e-21
-0.00513639 -0.000525866 -6.65564e-21
-0.00567761 -0.000547822 -2.35514e-23
-0.00621706 -0.000567532 2.40543e-21
-0.00677808 -0.000586884 -2.41988e-21
-0.00734837 -0.000605127 -2.50976e-22
-0.00791651 -0.000621791 -3.48853e-21
-0.00848256 -0.000637091 1.98609e-21
-0.00904662 -0.000651213 9.05166e-21
-0.00961478 -0.000664851 6.96138e-21
-0.0101978 -0.000678958 1.71155e-21
-0.0107792 -0.000692267 1.10406e-20
-0.0113591 -0.000704842 -1.34781e-21
-0.0119376 -0.000716747 2.87884e-21
-0.0125148 -0.000728039 6.87429e-21
-0.013091 -0.000738775 -1.2957e-21
-0.0136662 -0.000749005 5.01998e-21
-0.0142405 -0.000758774 6.64726e-21
-0.0148141 -0.000768125 3.52448e-21
-0.0153828 -0.000777033 1.18966e-20
-0.0158543 -0.000792001 1.11668e-20
-0.0162899 -0.000819123 3.5685e-20
-0.0167233 -0.000848239 4.41176e-20
-0.0171545 -0.000878925 1.63312e-20
-0.017584 -0.000910848 2.41163e-20
-0.0180118 -0.000943746 -1.41367e-20
-0.0184381 -0.00097741 2.65142e-20
-0.0188632 -0.00101167 3.46986e-20
-0.0192871 -0.0010464 4.13967e-20
-0.0196973 -0.00108041 -3.35859e-21
-0.0201023 -0.00111431 4.94895e-21
-0.0205066 -0.00114839 -8.50283e-21
-0.0209104 -0.0011826 1.85493e-20
-0.0213136 -0.0012169 -1.45741e-20
-0.0217165 -0.00125124 5.87982e-20
-0.022119 -0.00128561 4.19115e-20
-0.0219926 -0.00124865 4.05224e-20
-0.0218676 -0.00121304 3.68393e-20
-0.0217426 -0.0011771 3.80992e-20
-0.0216177 -0.00114082 3.30216e-20
-0.0214928 -0.0011042 3.67563e-20
-0.021368 -0.00106724 3.95321e-20
-0.0212431 -0.00102994 3.77028e-20
-0.0211182 -0.000992316 3.85838e-20
-0.0209934 -0.000954366 3.01408e-20
-0.0208685 -0.000916105 3.00569e-20
-0.0207435 -0.000877544 3.49274e-20
-0.0206185 -0.000838694 3.23366e-20
-0.0204935 -0.00079957 3.83282e-20
-0.0203684 -0.000760184 3.26026e-20
-0.0202432 -0.000720548 3.86636e-20
-0.019911 -0.000646243 3.8547e-20
-0.0196514 -0.000563428 2.56904e-20
-0.0194951 -0.000479499 4.82656e-20
-0.0193786 -0.000393099 2.60372e-20
-0.0192668 -0.000305395 4.59344e-20
-0.0191594 -0.000216834 3.1482e-20
-0.0190607 -0.000128925 2.47611e-20
-0.0189916 -3.94509e-05 2.30564e-20
-0.0189465 5.0194e-05 5.30511e-20
-0.0189094 0.000138736 7.00266e-20
-0.0188774 0.000226218 3.30004e-20
-0.0188479 0.000312815 4.27936e-20
-0.0188187 0.00039877 5.06504e-20
-0.0187879 0.000484341 3.77167e-20
-0.0187543 0.000569777 3.30262e-20
-0.0187197 0.000656176 3.56102e-20
-0.0186952 0.000746361 4.10963e-20
-0.0186687 0.000837773 3.98127e-20
-0.0186397 0.000930372 4.52288e-20
-0.0186076 0.00102414 2.89715e-20
-0.0185739 0.00111379 3.19863e-20
-0.018539 0.00119904 3.69632e-20
-0.0185006 0.0012854 3.96766e-20
-0.0184589 0.00137207 3.60491e-20
-0.0184149 0.00145672 4.49858e-20
-0.0183671 0.00154244 4.03945e-20
-0.0183153 0.00162924 3.55677e-20
-0.0182598 0.00171626 3.57517e-20
-0.0182029 0.00180009 4.26312e-20
-0.0181421 0.00188492 3.74548e-20
-0.0180771 0.00197076 4.21539e-20
-0.0180079 0.0020576 4.19861e-20
-0.0179395 0.00213937 4.61531e-20
-0.0178678 0.00222133 4.42807e-20
-0.0177923 0.00230416 3.68166e-20
-0.0179185 0.00226998 4.21566e-20
-0.0180448 0.00223573 4.47765e-20
-0.0181712 0.00220141 4.3416e-20
-0.0182977 0.00216699 4.32027e-20
-0.0184244 0.00213245 4.02347e-20
-0.0185511 0.0020978 3.84195e-20
-0.0186779 0.00206301 3.89071e-20
-0.0188047 0.00202809 3.91882e-20
-0.0189316 0.00199304 4.17946e-20
-0.0190585 0.00195785 4.09595e-20
-0.0191854 0.00192252 4.16737e-20
-0.0193122 0.00188707 3.89963e-20
-0.0194391 0.00185149 4.36283e-20
-0.019566 0.00181578 3.99322e-20
-0.0196928 0.00177996 3.6925e-20
-0.0198196 0.00174402 4.10944e-20
-0.0201665 0.00169837 4.17642e-20
-0.020608 0.00163421 4.38413e-20
-0.0210631 0.00155951 3.97009e-20
-0.0215292 0.00147894 4.49595e-20
-0.0220216 0.00139694 4.18995e-20
-0.0225416 0.00131367 4.38606e-20
-0.0230817 0.00122685 4.16882e-20
-0.0236423 0.00113666 4.20905e-20
-0.0242319 0.00104521 4.17287e-20
-0.0248512 0.000952819 4.1255e-20
-0.0255001 0.000859804 4.49848e-20
-0.0261781 0.00076649 4.3084e-20
-0.0268839 0.000673182 4.03826e-20
-0.0276249 0.000578237 3.56888e-20
-0.0284026 0.000481363 4.3415e-20
-0.0292057 0.000384303 5.10349e-20
-0.0300292 0.000287528 5.8398e-20
-0.0308703 0.000190748 4.67295e-20
-0.0317233 9.24051e-05 4.58428e-20
-0.0325895 -6.05816e-06 5.68493e-20
-0.0334661 -0.000104592 6.36163e-20
-0.0342635 -0.000193558 5.63641e-20
-0.0349646 -0.000271427 6.18249e-20
-0.0356566 -0.000348078 5.08772e-20
-0.0363128 -0.000420677 4.40308e-20
-0.0369762 -0.000494086 6.97416e-20
-0.037644 -0.000568066 6.1176e-20
-0.0382412 -0.000634368 6.23688e-20
-0.0388432 -0.000701369 5.92894e-20
-0.0394495 -0.000769064 6.00591e-20
-0.0400279 -0.000833882 5.22856e-20
-0.0405448 -0.000892016 6.69027e-20
-0.0410649 -0.000950719 6.28914e-20
-0.0415881 -0.00101001 6.0411e-20
-0.0421083 -0.00106919 6.45218e-20
-0.0425241 -0.00111667 4.75093e-20
-0.0429431 -0.00116468 5.98523e-20
-0.0433658 -0.00121327 5.45587e-20
-0.0437922 -0.00126247 5.72631e-20
-0.0436654 -0.00122502 6.98186e-20
-0.0435385 -0.00118751 5.46052e-20
-0.0434117 -0.00114995 6.12694e-20
-0.0432849 -0.00111234 5.9591e-20
-0.0431581 -0.00107466 5.66835e-20
-0.0430312 -0.00103691 6.30256e-20
-0.0429043 -0.000999075 5.79478e-20
-0.0427774 -0.000961164 5.76999e-20
-0.0426503 -0.000923174 5.6221e-20
-0.0425233 -0.000885104 5.566e-20
-0.0423963 -0.000847263 5.92853e-20
-0.0422695 -0.000810261 5.80294e-20
-0.0421429 -0.000773335 5.29817e-20
-0.0420168 -0.000736565 5.69706e-20
-0.0418908 -0.000699787 5.89368e-20
-0.0417648 -0.000662976 5.6112e-20
-0.0416782 -0.000619156 5.98777e-20
-0.0415373 -0.000552852 5.91077e-20
-0.0413169 -0.000470891 5.55336e-20
-0.041089 -0.000383675 5.81319e-20
-0.0408654 -0.000295106 5.4672e-20
-0.040642 -0.000204167 5.28745e-20
-0.0404023 -0.000107703 5.54575e-20
-0.0401671 -9.38275e-06 5.87166e-20
-0.0399376 9.05422e-05 5.73234e-20
-0.0397147 0.000191761 6.06936e-20
-0.0394998 0.000293656 5.87598e-20
-0.0392933 0.000395928 5.87377e-20
-0.0390946 0.00049842 5.71859e-20
-0.0389186 0.000591639 5.6048e-20
-0.0387432 0.000685753 6.34824e-20
-0.0385831 0.000783693 5.85412e-20
-0.0384336 0.000884079 6.02163e-20
-0.0382896 0.000985792 4.50076e-20
-0.0381887 0.00105941 3.56161e-20
-0.0381423 0.00109315 6.28796e-20
-0.0380983 0.00112549 9.63409e-20
-0.0380537 0.00115861 4.05168e-20
-0.0380215 0.00118229 3.97861e-20
-0.0379901 0.00120548 8.39994e-20
-0.037958 0.00122934 3.91757e-20
-0.037925 0.00125406 2.84315e-20
-0.0378909 0.00127966 4.12317e-20
-0.0378559 0.00130617 4.21972e-20
-0.0378199 0.00133358 9.90776e-20
-0.0377828 0.00136191 7.06805e-21
-0.0377446 0.00139116 6.55372e-20
-0.0377086 0.00141876 5.16107e-20
-0.0376759 0.00144379 9.46446e-21
-0.0376419 0.00146978 6.86408e-20
-0.0376068 0.00149671 -3.84653e-20
-0.037882 0.00141783 1.51784e-20
-0.0381572 0.00133897 2.72993e-20
-0.0384323 0.00126006 -7.94142e-20
-0.0387073 0.00118106 5.99183e-21
-0.0389821 0.00110194 -1.52957e-20
-0.0392567 0.00102267 -3.69332e-20
-0.0395311 0.000943247 -1.53499e-19
-0.0398045 0.000863875 -9.80465e-21
-0.0403919 0.000715699 2.57827e-20
-0.0412716 0.000524187 -5.38888e-21
-0.0422151 0.000342233 -8.01675e-22
-0.0427948 0.000236908 -1.12034e-22
-0.0433239 0.000144877 1.08839e-19
-0.043753 7.28185e-05 1.43675e-19
-0.0441764 3.84116e-06 1.64555e-19
-0.0446058 -6.49874e-05 2.76533e-19
-0.0450383 -0.000135719 1.17172e-19
-0.0454809 -0.000206499 2.15744e-19
-0.0459352 -0.000277522 9.97305e-20
-0.0464027 -0.000348983 1.38978e-19
-0.0468775 -0.000419976 1.5325e-19
-0.047354 -0.000489693 2.25858e-19
-0.0478422 -0.000559645 1.89765e-19
-0.0483429 -0.000629969 2.66705e-19
-0.0488591 -0.000701098 3.00282e-19
-0.0493921 -0.000773183 5.74167e-19
-0.0499425 -0.000846365 5.46106e-19
-0.0505192 -0.000922742 2.93133e-19
-0.0511256 -0.00100295 1.03533e-19
-0.0517549 -0.00108549 3.61453e-19
-0.0524073 -0.00117044 3.59657e-19
-0.0530826 -0.00125783 3.85258e-19
-0.0537803 -0.00134764 5.7034e-19
-0.0544994 -0.00143984 2.78379e-19
-0.0552468 -0.00153508 5.4447e-19
-0.0561817 -0.00164805 5.67843e-19
-0.0575156 -0.00179451 6.47562e-19
-0.0589225 -0.0019441 7.91417e-19
-0.0604019 -0.00209718 9.85053e-19
-0.0619493 -0.00225371 8.3336e-19
-0.0635599 -0.00241368 9.54858e-19
-0.0652754 -0.00258037 7.90605e-19
-0.0670963 -0.00275373 3.95548e-19
-0.0689956 -0.00293192 8.07554e-19
-0.0709715 -0.00311492 6.05805e-19
-0.073022 -0.00330262 2.15728e-20
-0.0752167 -0.00349955 4.11989e-19
-0.0774507 -0.00369644 3.55435e-19
-0.079702 -0.00389133 4.48275e-19
-0.0819725 -0.00408401 5.98622e-19
-0.0842644 -0.00427409 6.1778e-19
-0.0865792 -0.00446105 5.34153e-19
-0.0889175 -0.00464436 5.79404e-19
-0.0886892 -0.00457858 5.34768e-19
-0.0884611 -0.00451261 5.26246e-19
-0.0882332 -0.00444634 5.23373e-19
-0.0880055 -0.00437969 5.21239e-19
-0.0877778 -0.00431261 5.2753e-19
-0.0875503 -0.00424506 5.22757e-19
-0.0873228 -0.00417703 5.34581e-19
-0.0870953 -0.00410852 5.21691e-19
-0.0868677 -0.00403953 5.21811e-19
-0.0866476 -0.00396078 3.8747e-19
-0.0860896 -0.00380093 2.30303e-19
-0.0854491 -0.00365365 2.65764e-19
-0.0848708 -0.00353435 2.08752e-19
-0.0843059 -0.00342441 3.06006e-19
-0.0836935 -0.00331468 3.43112e-19
-0.0830958 -0.00320992 2.72314e-19
-0.0825104 -0.00310856 3.43168e-19
-0.0818925 -0.0030026 3.63535e-19
-0.0812504 -0.00289342 2.72022e-19
-0.0806111 -0.00278435 3.91176e-19
-0.0799752 -0.00267511 4.06827e-19
-0.0793429 -0.0025655 2.81138e-19
-0.0787145 -0.00245537 4.50757e-19
-0.0780954 -0.00234263 3.79323e-19
-0.0774631 -0.00222103 2.77494e-19
-0.0768376 -0.00209641 4.50125e-19
-0.0762174 -0.00196846 4.87093e-19
-0.075603 -0.00183736 4.40039e-19
-0.0749974 -0.00170389 4.42382e-19
-0.0744004 -0.00156821 2.83459e-19
-0.0738113 -0.00143041 4.30424e-19
-0.0732304 -0.0012909 4.41231e-19
-0.0726582 -0.0011501 4.20542e-19
-0.0728646 -0.00121138 3.12101e-19
-0.0730708 -0.00127261 4.35632e-19
-0.0732768 -0.00133378 3.16393e-19
-0.0734825 -0.00139489 4.42425e-19
-0.073688 -0.00145594 4.42738e-19
-0.0738932 -0.00151694 4.4518e-19
-0.0740982 -0.00157789 4.48725e-19
-0.0743029 -0.00163877 4.23699e-19
-0.0745074 -0.0016996 3.66989e-19
-0.0747117 -0.00176038 4.34195e-19
-0.0749157 -0.00182111 4.38036e-19
-0.0750967 -0.00189698 3.83789e-19
-0.0751676 -0.00195539 1.77725e-17
-0.0755232 -0.00205414 1.24293e-17
-0.0759064 -0.00214811 2.40658e-17
-0.0763702 -0.00225109 3.78676e-17
-0.0768307 -0.00234838 5.16746e-17
-0.0773221 -0.00244543 6.56956e-17
-0.0779152 -0.0025496 8.24958e-17
-0.0776772 -0.00247873 8.24004e-17
-0.0774389 -0.0024078 8.23024e-17
-0.0772003 -0.00233681 8.23405e-17
-0.0769615 -0.00226575 8.24024e-17
-0.0767223 -0.00219462 8.22985e-17
-0.0764828 -0.00212343 8.23809e-17
-0.0762431 -0.00205217 8.22986e-17
-0.076003 -0.00198085 8.23024e-17
-0.0757626 -0.00190945 8.23577e-17
-0.0755228 -0.00183742 8.23238e-17
-0.0752577 -0.00173018 7.57997e-17
-0.0749409 -0.0016343 8.56226e-17
-0.0746142 -0.001534 8.58335e-17
-0.07419 -0.00142494 8.52554e-17
-0.0740833 -0.00139776 8.51509e-17
-0.0739235 -0.00135714 8.50322e-17
-0.0736847 -0.00129643 8.45783e-17
-0.0733286 -0.00120573 8.44379e-17
-0.0728879 -0.00110013 8.