-10.4516 1.66712e-15 0
-20.9033 1.99509e-14 0
-31.3549 3.02319e-14 -7.51357e-18
-41.8066 3.98669e-14 -2.55615e-19
-52.2582 4.98039e-14 -8.69616e-21
-62.7098 5.97223e-14 -3.43481e-17
-73.1615 7.22659e-14 -1.16854e-18
-83.6131 7.91094e-14 9.87101e-17
-94.0648 9.31965e-14 3.35816e-18
-104.516 1.02498e-13 3.87555e-17
-104.516 1.01023e-13 -2.04768e-16
-96.672 -1.25613 -1.80651e-16
-88.8286 -2.51197 2.37069e-16
-80.9862 -3.76751 9.97545e-17
-73.1448 -5.02277 -9.67357e-17
-65.3045 -6.27773 8.8006e-17
-57.4651 -7.5324 -8.90386e-17
-49.6267 -8.78678 1.43119e-16
-41.7893 -10.0409 2.88851e-16
-33.9529 -11.2947 6.03088e-18
-26.1175 -12.5482 3.46749e-16
-18.2831 -13.8014 2.36719e-16
-10.4497 -15.0543 3.29575e-17
-2.61734 -16.307 1.31019e-16
5.21407 -17.5593 -1.20066e-16
13.0445 -18.8114 -4.30737e-17
20.874 -20.0632 8.92431e-17
16.6098 -22.1327 -1.39357e-16
9.08983 -24.299 5.52908e-17
-1.63676 -26.5053 1.9053e-16
-16.531 -28.7548 1.72124e-16
-34.5697 -30.9554 1.33156e-16
-54.2322 -33.0071 2.82903e-16
-78.3602 -35.0417 -3.07702e-16
-102.449 -36.8545 5.68511e-18
-130.149 -38.635 6.44836e-17
-158.365 -40.2481 -3.15918e-16
-186.449 -41.6962 -6.41592e-17
-216.82 -43.1179 2.9467e-17
-248.214 -44.4582 1.09766e-16
-279.444 -45.6825 -3.45638e-16
-310.518 -46.8066 -3.24008e-16
-341.44 -47.8441 -2.75557e-16
-364.52 -47.5826 2.97138e-16
-365.808 -44.166 3.47225e-16
-366.908 -41.0175 4.47967e-16
-367.846 -38.1191 2.36983e-16
-368.647 -35.4535 1.54428e-16
-369.331 -33.0042 -4.35888e-16
-369.918 -30.7555 2.65484e-16
-370.422 -28.6924 1.48483e-16
-370.856 -26.8007 -7.00934e-17
-371.233 -25.067 2.55878e-16
-371.559 -23.4893 -9.99315e-17
-371.655 -23.0782 -4.54706e-16
-371.474 -24.1463 -1.29964e-16
-371.256 -25.3421 -2.80348e-16
-371.006 -26.6295 -1.80762e-16
-370.727 -27.9803 1.04731e-16
-370.421 -29.3726 -3.69944e-16
-370.091 -30.7889 -5.15976e-16
-369.74 -32.2157 2.3609e-16
-369.37 -33.6421 -7.47415e-16
-368.995 -35.017 -7.41036e-16
-368.612 -36.3628 -2.77986e-16
-368.218 -37.6891 8.08109e-17
-367.815 -38.9921 -3.60151e-16
-367.406 -40.2684 -6.54431e-16
-366.991 -41.5154 -6.99763e-16
-366.574 -42.7311 -2.82819e-17
-368.259 -37.8858 4.62049e-17
-369.633 -33.3448 -3.14785e-16
-370.752 -29.0474 -3.30588e-16
-371.65 -24.9868 -6.49964e-17
-372.358 -21.1546 -6.18974e-16
-372.904 -17.5417 7.41852e-17
-373.313 -14.1385 7.59511e-17
-373.606 -10.9351 -1.06443e-16
-373.803 -7.92118 -2.19781e-16
-373.919 -5.08673 -1.32714e-16
-373.969 -2.42172 -3.40363e-16
-373.966 0.0835991 -3.66417e-16
-373.92 2.43869 -4.00572e-16
-373.84 4.65268 1.87861e-16
-373.735 6.73428 -2.44884e-16
-373.1 11.8102 2.69025e-16
-373.109 13.8236 4.0117e-16
-373.853 13.2682 -4.32131e-16
-374.722 12.7107 -6.88536e-17
-375.649 12.4339 5.2299e-17
-376.661 12.3354 2.00564e-16
-377.787 12.2642 -6.70789e-16
-379.072 12.1885 4.00256e-16
-380.512 12.0879 -4.34313e-16
-382.069 12.0019 -1.46381e-16
-383.727 11.9338 5.26871e-16
-385.472 11.8892 -5.37832e-17
-387.287 11.8725 1.83346e-16
-389.158 11.886 1.87993e-16
-391.072 11.9301 -4.22783e-16
-393.022 12.0292 -4.421e-16
-395.022 12.2349 2.45447e-16
-397.045 12.449 -2.40224e-16
-399.084 12.6702 5.13327e-16
-401.131 12.8986 1.97165e-16
-403.069 13.1223 -1.34503e-15
-404.889 13.3397 5.37683e-16
-406.709 13.5634 1.76757e-16
-408.509 13.7918 4.91072e-17
-410.239 14.0188 9.35592e-16
-411.964 14.2517 1.90624e-16
-413.68 14.4905 7.95947e-17
-415.37 14.7327 1.27127e-16
-416.97 14.9686 6.88935e-16
-418.56 15.2088 -4.73059e-16
-420.14 15.453 2.24825e-16
-421.71 15.7007 9.96326e-17
-423.161 15.9353 2.37601e-15
-424.592 16.17 3.89484e-16
-426.013 16.4065 1.70217e-15
-409.931 13.8948 2.11073e-16
-393.883 11.3789 -2.53633e-16
-377.866 8.85701 -1.09569e-17
-361.878 6.32801 -2.07584e-17
-345.917 3.79083 3.06925e-17
-329.982 1.2447 3.80582e-16
-314.07 -1.31092 9.23752e-17
-298.18 -3.87635 1.45987e-16
-282.308 -6.45176 2.61663e-16
-266.455 -9.03715 1.74698e-16
-250.617 -11.6324 1.7821e-18
-234.794 -14.2373 1.48207e-16
-218.984 -16.8515 9.62906e-18
-203.186 -19.4748 6.98404e-17
-187.4 -22.1067 1.06956e-15
-171.624 -24.7468 9.26957e-17
-171.27 -28.101 2.85597e-16
-161.507 -32.8147 3.90814e-16
-144.358 -38.3026 2.76679e-16
-123.873 -44.222 5.25806e-16
-104.694 -50.2467 -1.97647e-17
-87.0029 -56.3648 1.03538e-16
-68.8032 -62.7428 -4.15019e-16
-50.1879 -69.369 -1.04663e-16
-33.2525 -76.0877 -1.32738e-16
-18.1452 -82.8759 -1.45735e-16
-4.96198 -89.7096 -1.0458e-16
6.26714 -96.5653 -1.50812e-16
15.5865 -103.421 7.52546e-17
21.459 -110.396 3.93814e-16
23.3917 -117.513 -1.37917e-16
23.0996 -124.644 5.22514e-17
20.8223 -131.754 2.22076e-16
16.4464 -138.258 -2.65253e-16
8.90586 -141.778 1.87029e-16
0.552503 -145.286 6.70985e-16
-8.37852 -148.691 3.24845e-16
-16.7121 -151.61 8.34045e-16
-24.0667 -154.01 1.11753e-15
-31.2752 -156.218 9.62302e-16
-37.9807 -158.159 1.19779e-15
-44.5809 -159.971 8.36401e-16
-50.9852 -161.646 3.88022e-16
-56.4449 -163.021 6.37142e-16
-61.6834 -164.298 3.91836e-16
-66.665 -165.483 3.34996e-16
-71.1105 -166.524 6.12902e-16
-74.8001 -167.387 6.27408e-16
-78.2572 -168.198 -4.05049e-15
-81.4708 -168.962 -2.65166e-15
-84.3949 -169.676 -1.32512e-15
-86.4864 -170.215 -9.28082e-16
-88.4174 -170.734 -9.93903e-16
-90.1849 -171.237 -7.28595e-16
-91.7854 -171.726 -1.9815e-15
-109.732 -168.975 -1.3093e-15
-127.696 -166.219 -2.19502e-15
-145.669 -163.459 -2.09943e-15
-163.643 -160.696 -1.53852e-15
-181.631 -157.928 -2.34634e-15
-199.633 -155.154 -1.98924e-15
-217.649 -152.374 -2.24055e-15
-235.677 -149.589 -1.60148e-15
-253.718 -146.798 -1.6325e-15
-271.77 -144.001 -1.82684e-15
-288.964 -140.393 -1.96302e-15
-303.113 -134.391 -1.9306e-15
-316.308 -128.07 -1.88298e-15
-328.475 -121.523 -1.53969e-15
-339.637 -114.801 -8.55604e-16
-349.791 -107.976 -9.14692e-16
-367.742 -94.1087 -2.02054e-15
-385.975 -76.1328 -1.52044e-15
-398.91 -59.1892 -1.22611e-15
-407.748 -44.011 2.59812e-16
-413.564 -31.3006 -6.31734e-16
-417.515 -20.9321 7.067e-16
-420.359 -12.4782 -4.39735e-15
-422.662 -5.77211 -6.63663e-16
-424.728 -0.519274 -3.38258e-16
-426.721 3.55121 7.76194e-15
-428.709 6.66987 -1.1006e-15
-430.718 9.04352 -2.85402e-16
-432.748 10.8432 6.54547e-17
-434.554 12.1722 8.4147e-16
-436.297 13.3424 6.62768e-16
-438.083 14.3256 2.02369e-15
-439.884 15.1352 8.72568e-16
-441.676 15.798 7.50498e-16
-442.949 16.2033 1.08347e-15
-443.525 16.3732 7.51744e-15
-444.073 16.5256 1.83053e-15
-444.631 16.6719 -8.00208e-16
-445.028 16.7719 4.75767e-16
-445.414 16.8656 7.41565e-15
-445.81 16.9579 -2.83962e-15
-446.219 17.0494 2.64342e-15
-446.64 17.1402 -1.2774e-15
-447.073 17.2303 -2.56605e-15
-447.519 17.3197 -2.1548e-14
-447.977 17.4084 -3.32034e-15
-448.447 17.4966 -6.73719e-15
-448.887 17.5771 -6.47057e-16
-449.285 17.6484 -3.09627e-16
-449.695 17.7201 -3.02182e-15
-450.117 17.7923 -3.30877e-15
-413.65 11.9971 -2.6343e-15
-377.265 6.20295 -3.28994e-15
-340.956 0.405601 -3.20265e-15
-304.72 -5.39828 -3.12297e-15
-268.55 -11.2112 -3.05686e-15
-232.442 -17.0349 -3.45406e-15
-196.39 -22.8703 -2.34445e-15
-160.487 -28.7017 -2.90326e-15
-107.448 -39.588 -3.51837e-15
-41.0968 -53.6583 -3.67496e-15
15.432 -67.0263 -2.13351e-15
43.4844 -74.7645 -2.47992e-15
66.0506 -81.5259 -3.00531e-15
82.511 -86.82 -3.61127e-15
97.2361 -91.8877 1.03066e-16
108.898 -95.8731 9.8528e-17
112.681 -96.1334 -1.50924e-15
115.978 -96.6107 1.1272e-15
118.827 -97.292 5.81942e-17
121.261 -98.1657 -4.72828e-16
123.283 -99.2024 7.22597e-16
124.919 -100.366 -5.27145e-16
126.24 -101.662 -8.57973e-16
127.277 -103.076 1.16776e-15
128.065 -104.599 4.4986e-16
128.635 -106.217 -2.42117e-15
129.022 -107.913 -6.40635e-15
128.791 -109.95 -3.84941e-15
127.813 -112.388 -5.12051e-15
126.544 -114.948 -8.38554e-15
125.009 -117.612 -8.60173e-15
123.238 -120.355 -9.15662e-15
121.271 -123.15 -6.7201e-15
119.116 -125.989 -5.97274e-15
116.357 -129.079 -9.56921e-15
113.471 -132.159 -6.49689e-15
110.563 -135.153 -6.9608e-15
107.676 -138.066 -2.06008e-15
104.9 -140.861 -7.65061e-15
102.263 -143.537 -4.04069e-15
95.5928 -147.882 -4.05567e-15
80.2323 -155.307 -4.70575e-15
63.1412 -162.462 -1.60755e-15
42.515 -169.691 -4.4585e-15
19.8434 -176.267 -4.39244e-15
-4.20679 -181.888 -3.47796e-15
-29.2994 -186.411 -2.11505e-15
-55.1099 -189.738 -1.17168e-15
-83.7407 -191.858 -7.26337e-15
-113.703 -192.419 -1.24738e-14
-143.394 -191.331 -1.06114e-14
-172.356 -188.663 -1.16981e-14
-200.366 -184.506 -1.40191e-14
-226.679 -177.507 -2.78836e-15
-251.554 -169.303 -1.75368e-15
-274.672 -160.072 -6.44856e-15
-295.791 -150.028 -9.62581e-15
-314.76 -139.408 -9.45775e-15
-331.524 -128.454 -3.70863e-15
-346.119 -117.393 -1.03924e-14
-358.653 -106.429 -1.10152e-14
-368.784 -96.1922 -1.35279e-14
-374.409 -88.9766 -3.31113e-15
-390.344 -68.7348 1.08213e-15
-400.036 -53.7349 -1.14063e-14
-407.064 -41.3142 -1.48767e-14
-411.24 -32.252 -1.57331e-14
-414.637 -24.5336 -9.18959e-15
-417.556 -17.7733 -1.01557e-14
-419.965 -11.7511 -6.86577e-15
-421.867 -5.87977 -5.43223e-15
-423.725 -0.773908 -1.01757e-14
-425.639 3.61812 -1.09575e-14
-427.661 7.35028 -4.53169e-15
-429.819 10.4833 -3.40235e-15
-432.12 13.0812 -4.68621e-15
-434.555 15.2083 -2.02874e-15
-437.089 16.9221 -1.07633e-15
-439.678 18.3235 -3.61595e-15
-442.291 19.4913 -6.63117e-15
-444.857 20.5762 1.86377e-15
-447.436 21.4138 -4.24967e-15
-449.997 22.0473 -6.36555e-15
-452.514 22.517 -3.21452e-15
-454.964 22.8593 -3.4476e-16
-457.327 23.1061 -1.75722e-15
-430.298 18.4824 -5.93998e-15
-403.283 13.8628 -3.39704e-15
-376.281 9.24753 -1.45398e-15
-349.295 4.6365 -2.78704e-15
-322.322 0.0297153 -1.61937e-15
-295.364 -4.57282 -1.30017e-15
-268.419 -9.17113 -3.54754e-15
-241.489 -13.7652 -2.83608e-15
-214.573 -18.3552 -6.49118e-15
-187.67 -22.9411 -2.41496e-15
-160.779 -27.5231 -1.3337e-15
-118.661 -33.2476 -6.63993e-15
-62.3724 -38.8014 -1.29432e-14
-28.4156 -42.5489 -6.96647e-13
-7.23817 -49.3018 4.41424e-13
15.7961 -55.7552 4.77022e-13
38.4946 -61.5401 5.19988e-13
61.4085 -67.0586 5.52406e-13
84.1487 -72.2462 6.06635e-13
53.3929 -66.8439 5.9105e-13
22.623 -61.4365 5.78197e-13
-8.16123 -56.0241 5.76988e-13
-38.9596 -50.6068 5.7029e-13
-69.7721 -45.1844 5.59659e-13
-100.599 -39.757 5.59379e-13
-131.44 -34.3245 5.45484e-13
-162.295 -28.8871 5.47163e-13
-187.949 -23.5102 3.83218e-13
-198.109 -17.9564 3.24692e-13
-284.021 -8.89491 2.11383e-13
-366.815 -1.53779 2.34717e-13
-436.421 3.98894 1.91599e-13
-460.446 8.20386 1.28646e-13
-460.777 9.08198 1.31463e-13
-461.258 10.2596 1.05e-13
-461.952 11.773 7.73122e-14
-462.965 13.7794 5.10948e-14
-464.084 15.6576 2.23742e-14
-430.342 9.98411 1.93294e-14
-396.618 4.31638 1.93324e-14
-362.913 -1.34554 2.00292e-14
-329.226 -7.00167 1.94194e-14
-295.557 -12.652 2.01391e-14
-261.907 -18.2965 1.95481e-14
-228.275 -23.9353 1.98158e-14
-194.687 -29.5642 1.99058e-14
-161.134 -35.1843 1.97569e-14
-96.0016 -43.0632 1.51077e-15
-45.3195 -52.1931 2.36145e-14
-14.5257 -60.5992 4.32094e-14
14.464 -67.3447 6.71509e-14
44.4373 -73.8006 7.53189e-14
74.5716 -79.8835 8.00756e-14
104.718 -85.6072 8.76983e-14
131.28 -89.5778 1.03228e-13
138.778 -88.9208 1.20596e-13
144.59 -89.5938 1.30129e-13
135.104 -99.1964 1.81313e-13
117.026 -109.43 2.31143e-13
96.3841 -119.368 2.86974e-13
73.9761 -129.159 3.46113e-13
36.6706 -139.943 4.04856e-13
-6.14631 -150.715 4.67749e-13
-57.0022 -161.512 5.3047e-13
-112.775 -172.128 5.95497e-13
-170.131 -182.483 6.61581e-13
-223.842 -178.235 6.68521e-13
-272.884 -169.085 6.51524e-13
-313.428 -157.302 6.39486e-13
-336.601 -147.282 6.25325e-13
-357.615 -136.425 6.05173e-13
-376.287 -124.979 5.80398e-13
-392.543 -113.205 5.52837e-13
-406.412 -101.353 5.23302e-13
-418.013 -89.6525 4.92018e-13
-427.532 -78.2946 4.6313e-13
-433.96 -69.075 -3.22999e-13
-436.194 -62.6963 2.6176e-13
-443.959 -50.2872 -1.18084e-13
-451.643 -32.9306 2.75103e-13
-456.1 -20.5148 1.67506e-13
-458.711 -11.6828 1.24775e-13
-460.444 -5.28655 1.38596e-13
-461.829 -0.174034 1.73475e-13
-463.057 4.05232 1.69637e-13
-464.261 7.69218 1.49888e-13
-465.375 11.1512 1.03975e-13
-466.54 14.231 5.41638e-14
-467.777 16.8588 5.20236e-14
-469.101 19.0673 6.61229e-15
-470.514 20.8886 3.25423e-14
-471.965 22.4676 7.91881e-14
-473.44 23.9534 4.20366e-14
-475.049 25.0626 8.83292e-14
-476.703 25.9381 4.55111e-14
-479.021 25.7637 5.74958e-14
-481.555 25.0124 5.8166e-14
-453.693 19.269 5.79028e-14
-425.843 13.5314 4.99037e-14
-398.016 7.80135 5.08941e-14
-370.203 2.0773 5.12377e-14
-342.404 -3.64075 5.63863e-14
-314.62 -9.35279 5.64546e-14
-286.85 -15.0589 5.70147e-14
-259.094 -20.759 5.63485e-14
-231.351 -26.4535 5.97698e-14
-203.618 -32.143 6.01351e-14
-125.298 -39.788 5.62541e-14
-25.0927 -47.1433 9.07241e-14
24.7326 -55.6278 1.0467e-13
73.789 -63.569 1.01993e-13
117.933 -70.3225 9.89807e-14
95.4033 -65.6011 1.06287e-13
72.8666 -60.8761 1.03811e-13
50.3228 -56.1475 1.06683e-13
27.7717 -51.4153 1.03844e-13
5.21338 -46.6795 1.05754e-13
-17.3521 -41.94 1.03751e-13
-39.9248 -37.197 1.05979e-13
-62.5048 -32.4502 1.03688e-13
-85.0922 -27.6998 1.05539e-13
-106.243 -22.9916 1.00858e-13
-113.299 -18.5955 8.51339e-14
-114.542 -14.1386 1.00442e-13
-132.987 -8.7922 1.03245e-13
-235.957 -1.03347 1.04746e-13
-359.835 7.27334 1.1036e-13
-482.38 15.9223 1.19711e-13
-482.193 16.2914 8.1952e-14
-481.791 15.7771 6.8588e-14
-481.159 15.3809 4.96836e-14
-458.252 10.8896 4.79465e-14
-435.353 6.40164 4.89658e-14
-412.461 1.91696 4.90901e-14
-389.577 -2.56442 4.41618e-14
-366.701 -7.04249 4.81837e-14
-343.832 -11.5173 4.81721e-14
-320.971 -15.9888 4.8079e-14
-298.117 -20.457 4.84834e-14
-275.272 -24.9219 4.89205e-14
-252.433 -29.3836 4.85933e-14
-220.405 -34.1906 4.03458e-14
-160.726 -40.5249 4.87155e-14
-88.0282 -47.8524 4.89351e-14
-5.12589 -55.8162 5.12846e-14
36.7096 -67.243 4.80027e-14
90.3162 -79.2671 4.99767e-14
129.151 -86.7163 5.30779e-14
135.498 -87.602 5.35652e-14
141.308 -87.6887 4.74357e-14
146.904 -87.6515 5.09392e-14
118.981 -81.9762 5.16583e-14
91.0471 -76.2957 5.03221e-14
63.1023 -70.61 5.02462e-14
35.1477 -64.9194 5.11099e-14
7.18241 -59.2236 5.65213e-14
-20.7936 -53.5227 5.6125e-14
-48.7804 -47.8166 5.60696e-14
-76.7782 -42.1053 5.06493e-14
-92.7705 -36.6883 2.82237e-14
-96.3501 -31.3078 4.36559e-14
-92.8035 -25.7003 4.65195e-14
-151.958 -15.7829 5.06808e-14
-262.211 -3.89149 3.65235e-14
-376 6.41586 4.27491e-14
-466.9 15.1936 6.49048e-14
-466.153 17.6427 6.09142e-14
-465.504 18.2076 5.07488e-14
-464.731 17.3599 5.53144e-14
-463.722 16.7699 3.94312e-14
-462.52 16.3353 5.55521e-14
-461.116 15.945 4.27589e-14
-459.49 15.4779 4.40987e-14
-457.637 15.1009 4.56079e-14
-455.705 14.6093 4.26676e-14
-427.287 10.4539 4.38802e-14
-398.89 6.3038 4.49775e-14
-370.52 2.15964 4.60052e-14
-342.175 -1.97896 4.6335e-14
-313.851 -6.11299 4.70475e-14
-285.551 -10.2425 4.74421e-14
-257.277 -14.3675 4.80322e-14
-202.334 -18.6659 5.27571e-14
-128.032 -23.5274 5.65841e-14
-40.7652 -28.9313 5.41693e-14
33.2902 -37.1257 5.63939e-14
95.4965 -46.783 5.76859e-14
136.458 -52.3263 5.83936e-14
153.903 -53.8709 5.56771e-14
167.443 -54.5688 4.99325e-14
176.411 -55.9314 4.97351e-14
182.014 -58.6062 5.08803e-14
183.692 -63.1766 4.91695e-14
185.509 -67.1191 4.85335e-14
184.888 -72.5599 4.99252e-14
182.604 -78.6974 5.56547e-14
179.292 -84.8184 5.81017e-14
161.174 -80.9696 5.45448e-14
143.05 -77.1173 5.23251e-14
124.919 -73.2616 5.21243e-14
106.782 -69.4026 5.23568e-14
88.6388 -65.5401 5.20742e-14
70.489 -61.6741 5.45792e-14
52.3327 -57.8047 5.22085e-14
34.1698 -53.9319 5.20045e-14
24.0917 -50.1927 9.09989e-14
22.4449 -46.36 6.32686e-14
25.6224 -42.2798 5.73509e-14
33.6071 -37.9385 5.39219e-14
-40.6582 -28.0999 5.64021e-14
-110.263 -19.0996 4.19181e-14
-166.033 -11.6756 4.86908e-14
-222.855 -5.14279 5.75308e-14
-279.375 1.16376 6.38748e-14
-340.799 7.48 5.21536e-14
-400.14 13.6317 6.40219e-14
-459.755 19.0936 5.31533e-14
-458.318 19.238 3.51179e-14
-456.756 18.8885 4.64837e-14
-455.104 18.4397 4.39124e-14
-453.361 17.9898 2.57103e-14
-451.688 17.6053 2.48447e-14
-441.843 16.1041 2.483e-14
-427.08 13.8534 2.30925e-14
-404.945 10.48 2.75516e-14
-371.765 5.4258 2.69386e-14
-332.473 -0.555371 2.83054e-14
-293.217 -6.52676 2.58746e-14
-247.981 -12.4626 8.89633e-15
-151.504 -18.9723 2.29708e-14
-27.09 -26.5952 7.81326e-14
50.8739 -39.803 -3.71846e-14
114.753 -50.2219 -4.25344e-14
137.359 -55.2255 -6.08999e-14
152.471 -59.2659 -7.22127e-14
158.325 -64.8 -9.09934e-14
159.791 -71.977 -1.23148e-13
156.485 -81.592 -1.51957e-13
151.195 -91.6527 -1.85193e-13
144.588 -101.736 -2.21558e-13
131.786 -112.642 -2.59644e-13
109.927 -123.813 -2.96835e-13
76.5793 -134.941 -3.31018e-13
31.4424 -145.71 -3.7171e-13
-23.0506 -155.85 -4.103e-13
-84.0454 -165.347 -4.43457e-13
-148.921 -174.296 -4.79407e-13
-215.731 -182.821 -5.08741e-13
-275.71 -177.199 -4.97923e-13
-323.008 -158.95 -4.51544e-13
-361.095 -138.321 -3.95138e-13
-389.775 -117.295 -3.38461e-13
-409.963 -97.5479 -2.81023e-13
-423.277 -80.152 -2.31269e-13
-431.502 -65.538 -1.89229e-13
-436.2 -53.6589 -1.54717e-13
-438.668 -43.8105 -1.27557e-13
-439.507 -36.6193 -1.0791e-13
-439.507 -36.6192 -1.06844e-13
-439.629 -36.1854 -1.00397e-13
-441.295 -29.4887 -9.80374e-14
-442.501 -23.1187 -9.05683e-14
-443.317 -17.0164 -8.60897e-14
-443.787 -11.1756 -8.22386e-14
-443.963 -5.61801 -7.479e-14
-438.661 -0.729954 -6.85384e-14
-424.074 4.41291 -6.73541e-14
-396.299 9.81097 -6.53284e-14
-363.725 16.3215 -7.33999e-14
-431.341 29.2606 -1.08032e-13
-438.581 33.2169 -1.09105e-13
-436.411 32.4363 -1.00292e-13
-434.009 29.9718 -9.04127e-14
-431.402 27.7712 -8.70453e-14
-428.478 25.7376 -7.76739e-14
-424.982 23.4649 -9.07427e-14
-421.288 21.8096 -5.79392e-14
-417.479 20.6368 -6.07762e-14
-414.1 19.9009 -4.34798e-14
-409.299 18.6741 -4.48362e-14
-402.098 16.8347 -4.5546e-14
-391.299 14.0772 -4.48275e-14
-375.107 9.9446 -4.56257e-14
-355.927 5.0524 -4.52727e-14
-336.756 0.166153 -4.48991e-14
-317.667 -4.69129 -4.44196e-14
-283.741 -9.6555 -5.04055e-14
-214.339 -15.7686 -4.51682e-14
-142.415 -21.6429 -5.90719e-14
-161.876 -16.5416 -5.36411e-14
-181.341 -11.4334 -4.39499e-14
-200.812 -6.31834 -5.38991e-14
-220.288 -1.19617 -4.42473e-14
-239.774 3.93388 -5.41847e-14
-259.274 9.07355 -4.47107e-14
-356.764 15.5526 -6.67565e-14
-411.896 16.6473 -1.34383e-14
-392.341 11.7881 -1.27237e-14
-372.808 6.93507 -1.10468e-14
-353.297 2.08732 -1.16746e-14
-333.806 -2.75593 -1.30185e-14
-314.334 -7.59577 -1.29961e-14
-277.167 -12.5708 -1.75405e-14
-205.993 -18.6229 -2.00164e-14
-112.76 -25.9318 -9.56905e-15
-61.336 -34.5458 -1.17402e-14
-13.8691 -43.7425 -1.18837e-14
20.4895 -52.5559 -7.25434e-15
0.810001 -58.9401 -1.28495e-14
-33.6397 -64.3831 -1.41585e-14
-67.3912 -69.558 -1.57437e-14
-117.216 -74.1962 -1.86466e-14
-171.841 -78.5204 -2.12721e-14
-226.465 -82.7145 -2.2309e-14
-280.752 -86.8359 -2.47483e-14
-324.375 -90.1508 -2.67133e-14
-327.672 -88.9799 -2.74951e-14
-332.617 -87.223 -2.81455e-14
-340.034 -84.5861 -2.98293e-14
-351.16 -80.6275 -2.85371e-14
-364.346 -75.9306 -3.19358e-14
-377.534 -71.2276 -3.19491e-14
-386.334 -66.6814 -2.75411e-14
-380.968 -62.3871 -3.14646e-14
-367.433 -57.9093 -3.0567e-14
-341.91 -53.2396 -3.05122e-14
-398.308 -41.7154 -3.35774e-14
-408.589 -24.6113 -3.02701e-14
-408.029 -9.45884 -2.63347e-14
-404.635 1.03112 -1.57691e-14
-400.424 7.35031 -1.51019e-14
-395.847 10.8399 -6.2441e-15
-391.44 12.8782 -8.64923e-15
-387.199 14.1103 -3.99439e-16
-382.628 14.2767 -5.62528e-15
-379.268 14.2686 1.83279e-15
-374.375 13.1455 1.46732e-15
-367.039 11.4614 1.36085e-15
-356.039 8.93623 2.75993e-15
-339.548 5.15058 4.44242e-15
-320.018 0.667286 4.17083e-15
-300.503 -3.8124 4.07655e-15
-280.999 -8.28925 4.15992e-15
-242.549 -12.8027 1.63442e-12
-177.002 -18.1041 3.68149e-13
-112.61 -22.9118 4.92788e-13
-120.28 -21.1286 1.06462e-12
-127.95 -19.3445 1.06512e-12
-135.622 -17.5595 1.06605e-12
-143.294 -15.7736 1.06812e-12
-150.968 -13.9868 1.0673e-12
-158.643 -12.1991 1.0674e-12
-166.318 -10.4104 1.06827e-12
-173.995 -8.6209 1.06398e-12
-181.673 -6.83042 1.06952e-12
-189.353 -5.03898 1.07075e-12
-197.034 -3.24652 1.07357e-12
-204.716 -1.45302 1.07463e-12
-212.401 0.341672 1.062e-12
-220.089 2.13767 1.07558e-12
-227.779 3.93499 1.07617e-12
-235.472 5.73371 1.07639e-12
-248.805 7.60326 1.08994e-12
-304.209 9.82661 1.27307e-12
-359.749 11.9148 1.43296e-12
-379.088 12.4508 1.46951e-12
-360.178 8.11883 1.46733e-12
-341.277 3.79237 1.46242e-12
-322.386 -0.528697 1.45702e-12
-303.504 -4.84452 1.46324e-12
-284.736 -9.14116 1.46006e-12
-253.731 -13.3976 2.36712e-12
-194.82 -18.1789 1.13915e-12
-118.784 -23.8221 2.54615e-12
-43.4887 -30.3571 2.77808e-12
-6.44779 -37.3893 1.81356e-12
21.0556 -42.2536 2.55045e-12
16.2795 -41.1004 2.59757e-12
9.