-4.05439e-13 -0.0998547
-4.07949e-13 -0.199709
-4.09301e-13 -0.299564
-4.10678e-13 -0.399419
-4.11938e-13 -0.499274
-4.13354e-13 -0.599128
-4.15006e-13 -0.698983
-4.16039e-13 -0.798838
-4.17761e-13 -0.898692
-4.18942e-13 -0.998547
-4.18942e-13 -0.998547
0.342284 -0.998578
0.684523 -0.99867
1.02672 -0.998825
1.36887 -0.999041
1.71097 -0.999318
2.05303 -0.999657
2.39504 -1.00006
2.73701 -1.00052
3.07893 -1.00104
3.42081 -1.00163
3.76264 -1.00228
4.10443 -1.00298
4.44617 -1.00375
4.78787 -1.00458
5.12952 -1.00548
5.47113 -1.00643
5.81269 -1.00745
6.15421 -1.00852
6.49568 -1.00966
6.83711 -1.01086
7.17849 -1.01212
7.51983 -1.01344
7.86112 -1.01482
8.20237 -1.01627
8.54357 -1.01777
8.88473 -1.01934
9.22584 -1.02096
9.56691 -1.02265
9.90794 -1.03137
10.2489 -1.04293
10.5899 -1.05601
10.9308 -1.07066
11.2716 -1.08652
11.6124 -1.10403
11.9532 -1.12293
12.294 -1.14245
12.6347 -1.16449
12.9754 -1.1866
13.316 -1.20958
13.6566 -1.23472
13.9973 -1.25991
14.338 -1.28515
14.6787 -1.31157
15.0193 -1.33946
15.36 -1.36737
15.7006 -1.3953
16.0412 -1.42324
16.3817 -1.45119
16.7223 -1.48085
17.0628 -1.51087
17.4033 -1.54088
17.7437 -1.57089
18.0842 -1.6009
18.4246 -1.63092
18.7649 -1.66093
19.1053 -1.69096
19.4456 -1.72098
19.7858 -1.75144
20.1261 -1.78289
20.4663 -1.81435
20.8065 -1.84583
21.1466 -1.87732
21.4868 -1.90883
21.8269 -1.94036
22.1669 -1.97192
22.507 -2.0035
22.847 -2.03511
23.1869 -2.06674
23.5269 -2.09841
23.8668 -2.13012
24.2066 -2.16186
24.5465 -2.19364
24.8863 -2.22546
25.2261 -2.25732
25.5658 -2.28922
25.9055 -2.32143
26.2452 -2.35334
26.5848 -2.37954
26.9245 -2.40565
27.264 -2.43167
27.6036 -2.45763
27.9431 -2.48354
28.2826 -2.5094
28.6221 -2.53523
28.9615 -2.56103
29.3009 -2.58681
29.6402 -2.61257
29.9796 -2.63833
30.3189 -2.66408
30.6581 -2.68984
30.9974 -2.7156
31.3366 -2.74138
31.6757 -2.76769
32.0149 -2.7941
32.354 -2.82053
32.693 -2.84699
33.0321 -2.87348
33.3711 -2.9
33.71 -2.92655
34.049 -2.95315
34.3879 -2.97978
34.7268 -3.00645
35.0656 -3.03316
35.4044 -3.05992
34.6249 -3.0457
33.8452 -3.03201
33.0652 -3.0187
32.285 -3.00572
31.5045 -2.99306
30.7238 -2.98074
29.9429 -2.96874
29.1617 -2.95706
28.3803 -2.94571
27.5987 -2.93469
26.8168 -2.92399
26.0346 -2.91362
25.2523 -2.90358
24.4696 -2.89386
23.6868 -2.88446
22.9037 -2.87539
22.1204 -2.86664
21.3368 -2.85822
20.553 -2.85013
19.7689 -2.84235
18.9846 -2.83491
18.2001 -2.82778
17.4153 -2.82098
16.6303 -2.81451
15.8451 -2.80836
15.0596 -2.80254
14.2738 -2.79084
13.4878 -2.775
12.7016 -2.7647
11.9151 -2.77567
11.1284 -2.79267
10.3414 -2.81212
9.55418 -2.83504
8.76672 -2.85964
7.97904 -2.88495
7.19115 -2.91149
6.40305 -2.93939
5.61475 -2.96855
4.82626 -2.99886
4.03759 -3.0322
3.24874 -3.068
2.45973 -3.10499
1.67055 -3.14304
0.881195 -3.18204
0.0916776 -3.22186
-0.698005 -3.26242
-1.48785 -3.30361
-2.27787 -3.34535
-3.06804 -3.38757
-3.85839 -3.4302
-4.6489 -3.4732
-5.43957 -3.51651
-6.23042 -3.5601
-7.02143 -3.60394
-7.81262 -3.64906
-8.60397 -3.69477
-9.3955 -3.74081
-10.1872 -3.78716
-10.9791 -3.8338
-11.7711 -3.88072
-12.5633 -3.9279
-13.3557 -3.97533
-14.1483 -4.02506
-14.941 -4.07704
-15.7339 -4.12924
-16.527 -4.18164
-17.3203 -4.23423
-18.1137 -4.28701
-18.9074 -4.34111
-19.7012 -4.39584
-20.4951 -4.45075
-21.2893 -4.50583
-22.0836 -4.56108
-22.8781 -4.61649
-23.6728 -4.67206
-24.4677 -4.72915
-25.2627 -4.78726
-26.058 -4.84553
-26.8534 -4.90396
-27.649 -4.96255
-28.4448 -5.02129
-29.2407 -5.08018
-30.0369 -5.13951
-30.8332 -5.20184
-31.6297 -5.26433
-32.4264 -5.327
-33.2233 -5.38982
-34.0203 -5.45282
-33.3033 -5.44016
-32.5866 -5.42779
-31.87 -5.41571
-31.1536 -5.4039
-30.4374 -5.39238
-29.7214 -5.38114
-29.0056 -5.37018
-28.29 -5.35949
-27.5746 -5.34909
-26.8594 -5.33897
-26.1444 -5.32913
-25.4295 -5.31956
-24.7149 -5.31027
-24.0005 -5.30126
-23.2862 -5.29252
-22.5722 -5.28406
-21.8583 -5.27588
-21.1447 -5.26797
-20.4312 -5.26033
-19.718 -5.25297
-19.0049 -5.24588
-18.292 -5.23906
-17.5794 -5.23251
-16.8669 -5.22624
-16.1546 -5.22024
-15.4425 -5.21451
-14.7306 -5.20905
-14.0189 -5.20387
-13.3074 -5.20189
-12.5962 -5.21
-11.8851 -5.22073
-11.1742 -5.22593
-10.4636 -5.23234
-9.75312 -5.23942
-9.04289 -5.24607
-8.33284 -5.25365
-7.62295 -5.26216
-6.91323 -5.27165
-6.20366 -5.28215
-5.49425 -5.29368
-4.785 -5.30479
-4.0759 -5.31679
-3.36695 -5.32983
-2.65815 -5.3439
-1.9495 -5.35905
-1.24101 -5.37527
-0.532657 -5.39258
0.175544 -5.41097
0.883597 -5.43045
1.5915 -5.451
2.29926 -5.4726
3.00688 -5.49522
3.71435 -5.51943
4.42168 -5.54553
5.12886 -5.57273
5.8359 -5.60099
6.5428 -5.63026
7.24956 -5.66058
7.95617 -5.69197
8.66264 -5.72419
9.36897 -5.75688
10.0752 -5.7902
10.7812 -5.8242
11.4871 -5.8588
12.1929 -5.89398
12.8985 -5.92968
13.604 -5.9667
14.3094 -6.012
15.0146 -6.05747
15.7196 -6.1031
16.4245 -6.14972
17.1293 -6.19891
17.8339 -6.24822
18.5383 -6.29765
19.2426 -6.34719
19.9468 -6.39685
20.6508 -6.44842
21.3547 -6.50259
22.0584 -6.55687
22.7619 -6.61125
23.4654 -6.66575
24.1686 -6.72036
24.8718 -6.77507
25.5747 -6.83461
26.2776 -6.89523
26.9802 -6.95598
27.6828 -7.01685
28.3852 -7.07785
29.0874 -7.13896
29.7895 -7.20019
30.4914 -7.26307
31.1932 -7.33169
31.8949 -7.40044
32.5964 -7.46932
33.2977 -7.53831
33.9989 -7.60742
34.7 -7.67663
35.4009 -7.74595
34.6393 -7.73191
33.8774 -7.71818
33.1153 -7.70476
32.3529 -7.69165
31.5904 -7.67895
30.8275 -7.66685
30.0645 -7.65507
29.3013 -7.64359
28.5378 -7.63243
27.774 -7.62158
27.0101 -7.61105
26.2459 -7.60082
25.4815 -7.59091
24.7169 -7.58131
23.952 -7.57203
23.1869 -7.56305
22.4216 -7.55439
21.656 -7.54605
20.8902 -7.53802
20.1242 -7.53034
19.3579 -7.52298
18.5915 -7.51594
17.8248 -7.50952
17.0578 -7.50389
16.2906 -7.49858
15.5232 -7.49359
14.7556 -7.48893
13.9877 -7.48459
13.2196 -7.48115
12.4513 -7.49022
11.6827 -7.50027
10.9138 -7.50275
10.1447 -7.50764
9.37537 -7.51418
8.60579 -7.52172
7.83601 -7.53033
7.06605 -7.54002
6.29589 -7.55082
5.52555 -7.5619
4.75503 -7.57317
3.98433 -7.58555
3.21345 -7.59906
2.44239 -7.61373
1.67115 -7.62961
0.899731 -7.64671
0.128137 -7.66505
-0.643634 -7.68476
-1.41558 -7.70597
-2.1877 -7.7284
-2.96 -7.75204
-3.73247 -7.77686
-4.50512 -7.79576
-5.27794 -7.81017
-6.05093 -7.82576
-6.8241 -7.84271
-7.59744 -7.86226
-8.37095 -7.88356
-9.14463 -7.90628
-9.91848 -7.93036
-10.6925 -7.95574
-11.4667 -7.98475
-12.2411 -8.03201
-13.0156 -8.08754
-13.7903 -8.14398
-14.5652 -8.20061
-15.3402 -8.25742
-16.1155 -8.31441
-16.8908 -8.37902
-17.6664 -8.44412
-18.4422 -8.5076
-19.2181 -8.57122
-19.9943 -8.63499
-20.7706 -8.6989
-21.5471 -8.76294
-22.3238 -8.82711
-23.1006 -8.89142
-23.8777 -8.95585
-24.6549 -9.0204
-25.4323 -9.08509
-26.2099 -9.1499
-26.9877 -9.21483
-27.7657 -9.2799
-28.5438 -9.34509
-29.3222 -9.41075
-30.1007 -9.48241
-30.8794 -9.55421
-31.6583 -9.62616
-32.4374 -9.69824
-33.2166 -9.77046
-33.9961 -9.84282
-32.3779 -9.81512
-30.7608 -9.78888
-29.1447 -9.76408
-27.5295 -9.74074
-25.9154 -9.71884
-24.3023 -9.69837
-22.6901 -9.67934
-21.079 -9.66174
-19.4688 -9.64555
-17.8597 -9.63079
-16.2515 -9.61744
-14.6444 -9.60549
-13.0382 -9.59532
-11.4331 -9.5876
-9.82901 -9.58645
-8.22593 -9.58739
-6.62389 -9.59353
-5.02276 -9.60884
-3.42243 -9.60768
-1.82289 -9.6279
-0.224144 -9.66789
1.37382 -9.71366
2.97101 -9.78593
4.56744 -9.85958
6.16309 -9.94184
7.75798 -10.0282
9.35212 -10.1173
10.9455 -10.2088
12.5381 -10.3019
14.13 -10.3975
15.7212 -10.4952
17.3116 -10.5952
18.9012 -10.6973
20.4901 -10.8014
22.0782 -10.9074
23.6655 -11.0154
25.252 -11.1305
26.8377 -11.2487
28.4226 -11.3689
30.0067 -11.4898
31.59 -11.6114
33.1725 -11.7347
34.7543 -11.8596
36.3352 -11.9862
37.9154 -12.1143
39.4948 -12.2439
41.0735 -12.3749
42.6513 -12.5073
44.2284 -12.6414
45.8047 -12.7769
47.3803 -12.9137
48.9551 -13.0517
50.5291 -13.191
52.1024 -13.3314
53.6749 -13.4729
55.2467 -13.6156
56.8177 -13.7594
58.388 -13.9042
59.9575 -14.0501
61.5263 -14.1969
63.0944 -14.3447
64.6617 -14.4935
66.2282 -14.6433
67.7941 -14.7955
69.3592 -14.9491
70.9236 -15.1037
72.4873 -15.2594
74.0502 -15.416
75.6124 -15.5737
77.1739 -15.7323
78.7347 -15.8919
80.2948 -16.0525
81.8541 -16.2141
83.4128 -16.3739
84.9707 -16.5323
86.528 -16.6918
88.0845 -16.8519
89.6404 -17.0129
91.1955 -17.1748
92.75 -17.3376
94.3038 -17.5014
95.8569 -17.6661
97.4094 -17.8317
98.9611 -17.9982
100.512 -18.1658
102.063 -18.3342
103.612 -18.5033
105.162 -18.6735
106.71 -18.8451
108.258 -19.0186
109.805 -19.1942
111.352 -19.3716
112.897 -19.551
111.523 -19.4654
110.147 -19.3808
108.771 -19.2974
107.394 -19.215
106.017 -19.1337
104.638 -19.0535
103.259 -18.9743
101.879 -18.8962
100.498 -18.8192
99.1164 -18.7433
97.734 -18.6684
96.3508 -18.5946
94.9668 -18.5219
93.582 -18.4502
92.1963 -18.3796
90.8098 -18.3062
89.4223 -18.2238
88.0337 -18.1456
86.6437 -18.0805
85.252 -18.0469
83.8585 -18.0333
82.4638 -18.0233
81.0684 -17.992
79.6722 -17.96
78.2752 -17.9334
76.8776 -17.9094
75.4793 -17.8855
74.0803 -17.8627
72.6808 -17.8361
71.2805 -17.8111
69.8797 -17.7867
68.4782 -17.7623
67.0761 -17.7399
65.6733 -17.7198
64.2699 -17.7018
62.8659 -17.686
61.4613 -17.6724
60.056 -17.661
58.6501 -17.6518
57.2435 -17.6449
55.8364 -17.6401
54.4286 -17.6374
53.0202 -17.6358
51.6112 -17.6351
50.2017 -17.6366
48.7915 -17.6403
47.3807 -17.6482
45.9693 -17.6583
44.5574 -17.6706
43.1449 -17.6851
41.7319 -17.7014
40.3183 -17.7198
38.9042 -17.7402
37.4895 -17.7628
36.0742 -17.7869
34.6583 -17.813
33.2418 -17.841
31.8248 -17.871
32.9863 -17.8924
34.1472 -17.9146
35.3077 -17.9375
36.4676 -17.9612
37.6269 -17.9855
38.7858 -18.0106
39.9441 -18.0365
41.1019 -18.0631
42.2591 -18.0903
43.4159 -18.1184
44.572 -18.1471
45.7277 -18.1766
46.8828 -18.2067
48.0374 -18.2376
49.1915 -18.2692
50.345 -18.3016
51.498 -18.3346
52.6505 -18.3683
53.8025 -18.4028
54.954 -18.438
56.1051 -18.4738
57.2559 -18.5037
58.4064 -18.5106
59.5567 -18.5402
60.7071 -18.5896
61.8576 -18.6442
63.0079 -18.7094
64.158 -18.7765
65.3077 -18.8462
66.4569 -18.9239
67.6057 -19.0029
68.754 -19.0832
69.902 -19.1648
71.0495 -19.2503
72.1966 -19.338
70.8429 -19.285
69.4885 -19.233
68.1334 -19.1819
66.7774 -19.1317
65.4208 -19.0826
64.0634 -19.0344
62.7053 -18.9871
61.3464 -18.9409
59.9868 -18.8956
58.6264 -18.8512
57.2653 -18.8079
55.9035 -18.7655
54.5409 -18.724
53.1776 -18.6836
51.8135 -18.6441
50.4487 -18.6055
49.083 -18.5568
47.7165 -18.5051
46.3491 -18.4654
44.9806 -18.4377
43.611 -18.4502
42.2401 -18.4696
40.8681 -18.4665
39.4953 -18.4701
38.1219 -18.4833
36.7478 -18.5066
35.3732 -18.5342
33.9981 -18.562
32.6223 -18.5913
31.246 -18.622
29.8691 -18.6535
31.3571 -18.6792
32.8442 -18.706
34.3304 -18.734
35.8157 -18.7631
37.3002 -18.7934
38.7838 -18.8249
40.2665 -18.8576
41.7484 -18.8914
43.2294 -18.9264
44.7095 -18.9625
46.1887 -18.9998
47.6671 -19.0382
49.1446 -19.0778
50.6213 -19.1193
52.0971 -19.1619
53.5721 -19.2057
55.0465 -19.2494
56.5204 -19.2678
57.9941 -19.2841
59.4678 -19.3588
60.9416 -19.4365
62.4151 -19.5299
63.8879 -19.6276
65.3601 -19.7274
66.8315 -19.829
68.3021 -19.9341
69.772 -20.0443
71.2413 -20.1567
72.7099 -20.2682
74.1779 -20.3804
75.6452 -20.4946
77.1119 -20.6113
78.578 -20.7306
80.0435 -20.8533
81.5084 -20.9832
82.9727 -21.1225
84.4364 -21.264
85.8995 -21.4075
87.362 -21.5526
88.824 -21.6991
90.2853 -21.8469
91.746 -21.9986
93.2061 -22.1541
94.6656 -22.312
96.1245 -22.4722
97.5828 -22.6358
99.0405 -22.8019
100.498 -22.9697
101.954 -23.1392
103.41 -23.3101
104.865 -23.4824
106.32 -23.6566
107.775 -23.8325
109.228 -24.0103
110.682 -24.1901
109.146 -24.093
107.609 -23.9971
106.071 -23.9025
104.532 -23.8091
102.992 -23.717
101.452 -23.6261
99.9099 -23.5365
98.3673 -23.4481
96.8236 -23.361
95.279 -23.2752
93.7334 -23.191
92.1869 -23.1082
90.6393 -23.0267
89.0906 -22.9363
87.5409 -22.8391
85.9898 -22.7391
84.4373 -22.6459
82.8833 -22.5661
81.3275 -22.4911
79.7697 -22.4375
78.2104 -22.4109
76.6502 -22.3845
75.089 -22.3389
73.5269 -22.2957
71.964 -22.2605
70.4003 -22.238
68.8357 -22.216
67.2703 -22.1959
65.7042 -22.1779
64.1372 -22.1626
62.5695 -22.148
61.001 -22.1343
59.4317 -22.1224
57.8616 -22.1124
56.2908 -22.1042
54.7192 -22.0978
53.1468 -22.0932
51.5736 -22.0903
49.9997 -22.0868
48.425 -22.0851
46.8496 -22.085
45.2735 -22.0861
43.6967 -22.0886
42.1191 -22.0926
40.5409 -22.0982
38.9618 -22.1054
37.3821 -22.1141
35.8016 -22.1261
34.2204 -22.1405
35.5975 -22.17
36.9739 -22.2006
38.3496 -22.2321
39.7245 -22.2649
41.0987 -22.2988
42.4721 -22.3337
43.8448 -22.3696
45.2167 -22.4065
46.5879 -22.4444
47.9583 -22.4834
49.328 -22.5234
50.6969 -22.5644
52.0651 -22.6064
53.4326 -22.6494
54.7993 -22.6934
56.1653 -22.7384
57.5307 -22.7844
58.8955 -22.8314
60.2598 -22.8734
61.6238 -22.897
62.9876 -22.9115
64.3514 -22.9475
65.7152 -23.0143
67.0788 -23.0816
68.442 -23.1539
69.8047 -23.2311
71.1668 -23.3098
69.9982 -23.2621
68.829 -23.2152
67.6593 -23.169
66.489 -23.1235
65.3182 -23.0787
64.1468 -23.0346
62.9749 -22.9913
61.8024 -22.9486
60.6294 -22.9067
59.4558 -22.8655
58.2817 -22.8249
57.107 -22.7852
55.9317 -22.7461
54.7559 -22.7077
53.5796 -22.6701
52.4026 -22.6332
51.2252 -22.597
50.0471 -22.5545
48.8685 -22.5074
47.6892 -22.4584
46.5093 -22.4077
45.3287 -22.3555
44.1474 -22.3275
42.9652 -22.308
41.7823 -22.2926
40.5984 -22.2815
39.4137 -22.2663
38.2283 -22.2535
37.0422 -22.267
35.8557 -22.2898
34.6688 -22.3132
33.4814 -22.3382
32.2937 -22.3631
33.4068 -22.385
34.5195 -22.4076
35.6316 -22.4308
36.7433 -22.4547
37.8545 -22.4792
38.9652 -22.5044
40.0754 -22.5302
41.1851 -22.5566
42.2943 -22.5837
43.403 -22.6115
44.5113 -22.6399
45.6191 -22.6689
46.7263 -22.6986
47.8331 -22.7289
48.9394 -22.7599
50.0452 -22.7915
51.1506 -22.8237
52.2554 -22.8566
53.3598 -22.8898
54.4637 -22.9158
55.5672 -22.9397
56.6704 -22.962
57.7732 -22.983
58.8757 -23.0029
59.9781 -23.0388
61.0804 -23.0923
62.1826 -23.1433
63.2848 -23.1932
64.387 -23.2532
65.4891 -23.3212
66.5909 -23.3887
67.6924 -23.4565
68.7934 -23.5247
69.894 -23.5931
70.9943 -23.6593
69.6066 -23.6034
68.2183 -23.5485
66.8291 -23.4946
65.4392 -23.4417
64.0484 -23.3899
62.6569 -23.3391
61.2646 -23.2893
59.8716 -23.2406
58.4777 -23.1929
57.0831 -23.1462
55.6877 -23.1005
54.2915 -23.0558
52.8946 -23.0122
51.4968 -22.9696
50.0982 -22.9238
48.6989 -22.8692
47.2986 -22.8118
45.8974 -22.752
44.4953 -22.6903
43.0921 -22.627
41.6877 -22.5913
40.2822 -22.5629
38.8756 -22.5605
37.468 -22.5694
36.0596 -22.5663
34.6507 -22.5567
33.2411 -22.555
31.8309 -22.5556
30.4202 -22.5631
29.0089 -22.5805
27.597 -22.6104
26.1845 -22.6421
24.7715 -22.6781
23.3579 -22.7148
21.9437 -22.7537
20.529 -22.7947
19.1137 -22.839
17.6978 -22.8841
16.2814 -22.9334
14.8643 -22.9855
13.4467 -23.0401
12.0284 -23.0963
13.5946 -23.1052
15.1599 -23.1154
16.7242 -23.1269
18.2876 -23.1397
19.85 -23.1538
21.4114 -23.1692
22.9719 -23.1859
24.5314 -23.204
26.09 -23.2233
27.6476 -23.2439
29.2042 -23.2658
30.7599 -23.289
32.3146 -23.3107
33.8685 -23.3217
35.4214 -23.3294
36.9736 -23.3346
38.5251 -23.3379
40.076 -23.3389
41.6266 -23.369
43.1769 -23.4184
44.7268 -23.4666
46.2762 -23.4913
47.8249 -23.5335
49.373 -23.5848
50.9203 -23.6432
52.4667 -23.7088
54.0124 -23.7859
55.5573 -23.8686
57.1014 -23.9587
58.6449 -24.0506
60.1876 -24.1562
61.7296 -24.2633
63.2709 -24.3716
64.8116 -24.4809
66.3516 -24.5966
67.8909 -24.7153
69.4296 -24.8367
70.9677 -24.9608
72.5051 -25.0871
71.1741 -25.0317
69.8423 -24.9773
68.5098 -24.9238
67.1766 -24.8713
65.8427 -24.8197
64.5081 -24.769
63.1728 -24.7193
61.8367 -24.6705
60.4999 -24.6226
59.1624 -24.5757
57.8242 -24.5297
56.4853 -24.4847
55.1456 -24.4406
53.8052 -24.3974
52.4641 -24.3552
51.1222 -24.3021
49.7795 -24.2457
48.4361 -24.1869
47.0917 -24.1259
45.7464 -24.0633
44.4002 -23.9989
43.0531 -23.9412
41.7049 -23.915
40.3557 -23.8872
39.0058 -23.8752
37.655 -23.8722
36.3037 -23.861
34.9518 -23.8461
33.5993 -23.8367
32.2463 -23.8326
30.8927 -23.8335
29.5385 -23.8397
28.1837 -23.8446
26.8284 -23.8492
25.4725 -23.8565
24.116 -23.8692
22.7589 -23.8935
21.4013 -23.9248
20.0431 -23.9579
18.6844 -23.9922
17.3251 -24.0276
15.9653 -24.0638
14.6049 -24.1008
13.244 -24.1386
11.8825 -24.1772
14.2075 -24.1917
16.5303 -24.2091
18.8511 -24.2294
21.1697 -24.2526
23.4862 -24.2786
25.8006 -24.3075
28.1129 -24.3393
30.4231 -24.3739
32.7312 -24.4076
35.0374 -24.4232
37.3418 -24.4326
39.6449 -24.4381
41.9469 -24.4773
44.2482 -24.5545
46.5485 -24.6278
48.8476 -24.6794
51.1452 -24.7625
53.4413 -24.8559
55.7358 -24.9575
58.0287 -25.082
60.32 -25.2212
62.6097 -25.3803
64.8979 -25.5426
67.1846 -25.718
69.4699 -25.8997
71.7538 -26.0871
74.0363 -26.2795
76.3175 -26.4761
78.5973 -26.6766
80.8757 -26.8839
83.1528 -27.0967
85.4285 -27.3163
87.7029 -27.5437
89.9758 -27.7797
92.2475 -28.0241
94.5178 -28.2765
96.7867 -28.5357
99.0543 -28.8007
101.32 -29.0715
103.585 -29.3465
105.849 -29.6252
108.111 -29.9074
110.372 -30.1929
112.631 -30.4819
114.889 -30.7784
117.146 -31.0799
119.401 -31.3866
121.655 -31.6987
123.907 -32.0161
126.158 -32.3388
128.408 -32.6667
130.656 -32.9997
132.903 -33.3374
135.149 -33.6796
137.393 -34.0293
139.635 -34.3802
141.876 -34.7344
144.116 -35.0916
146.355 -35.4517
148.592 -35.8146
150.827 -36.1818
150.827 -36.1818
150.827 -36.1818
150.827 -36.1818
150.827 -36.1818
148.798 -36.0003
146.768 -35.8209
144.736 -35.6436
142.703 -35.4684
140.668 -35.2954
138.631 -35.1245
136.593 -34.9558
134.552 -34.7894
132.51 -34.6251
130.466 -34.4467
128.418 -34.2582
126.369 -34.0656
124.317 -33.8669
122.262 -33.6613
120.206 -33.4467
118.146 -33.224
116.085 -33.0199
114.022 -32.9022
111.956 -32.7899
109.889 -32.6689
107.82 -32.5768
105.75 -32.4918
103.678 -32.4221
101.606 -32.3642
99.5314 -32.3076
97.4559 -32.2526
95.3791 -32.1976
93.301 -32.1498
91.2215 -32.1159
89.1408 -32.0847
87.0587 -32.056
84.9753 -32.0297
82.8906 -32.0053
80.8047 -31.9826
78.7174 -31.9616
80.6043 -32.053
82.4899 -32.1463
84.3741 -32.2415
86.2569 -32.3385
88.1384 -32.4373
90.0185 -32.5381
91.8973 -32.6406
93.7747 -32.745
95.6508 -32.8513
97.5258 -32.9594
99.3999 -33.0693
101.273 -33.1647
103.146 -33.2506
105.018 -33.3308
106.89 -33.4064
108.761 -33.4758
106.503 -33.3318
104.244 -33.1904
101.982 -33.0517
99.7183 -32.9156
97.4526 -32.7822
95.1849 -32.6514
92.9152 -32.5233
90.6433 -32.3978
88.369 -32.2749
86.092 -32.1547
83.812 -32.037
81.5291 -31.9834
79.2426 -31.9759
76.9505 -32.0044
79.0723 -32.1047
81.1924 -32.2073
83.3108 -32.3122
85.4274 -32.4196
87.5423 -32.5294
89.6555 -32.6414
91.767 -32.7558
93.8769 -32.8725
95.9853 -32.9915
98.0925 -33.109
100.199 -33.2065
102.304 -33.2961
104.41 -33.3795
106.514 -33.456
108.619 -33.5588
110.723 -33.7263
112.826 -33.8906
114.929 -34.0536
117.031 -34.2338
119.133 -34.4327
121.233 -34.6736
123.333 -34.9422
125.431 -35.2141
127.529 -35.4884
129.625 -35.7647
131.72 -36.0496
133.815 -36.3521
135.908 -36.6576
138 -36.9656
140.09 -37.276
142.179 -37.5887
144.266 -37.9035
146.353 -38.2204
148.438 -38.5394
146.376 -38.3571
144.313 -38.1769
142.248 -37.999
140.181 -37.8232
138.113 -37.6496
136.043 -37.4782
133.972 -37.309
131.898 -37.1419
129.823 -36.9703
127.745 -36.781
125.665 -36.5881
123.582 -36.3904
121.497 -36.1858
119.409 -35.9725
117.319 -35.7507
115.226 -35.6036
113.132 -35.4631
111.035 -35.3265
108.936 -35.189
106.836 -35.0805
104.733 -35.0205
102.629 -34.9636
100.524 -34.9085
98.4165 -34.8657
96.3078 -34.8395
94.1976 -34.8155
92.0861 -34.7933
89.9734 -34.7725
87.8596 -34.753
85.7448 -34.7346
83.6289 -34.7358
81.5116 -34.7451
79.3932 -34.7573
81.4053 -34.8538
83.4159 -34.9524
85.425 -35.0532
87.4325 -35.156
89.4384 -35.2609
91.4429 -35.368
93.4458 -35.4771
95.4473 -35.5883
97.4475 -35.7016
99.4466 -35.817
101.445 -35.9157
103.442 -36.0044
105.439 -36.0869
107.435 -36.1641
109.431 -36.2336
108.601 -36.1809
107.771 -36.1285
106.941 -36.0764
106.11 -36.0248
105.28 -35.9734
104.449 -35.9225
103.617 -35.8718
102.786 -35.8216
101.954 -35.7717
101.121 -35.7221
100.289 -35.673
99.4564 -35.6241
98.6234 -35.5757
97.7902 -35.5276
96.9567 -35.4798
96.1229 -35.4324
95.2889 -35.3854
94.4546 -35.3387
93.62 -35.2924
92.7851 -35.2465
91.9499 -35.2009
91.1143 -35.1557
90.2785 -35.1108
89.4423 -35.0663
88.6057 -35.0221
87.7687 -34.9783
86.9314 -34.9349
86.0937 -34.8918
85.2555 -34.8491
84.417 -34.8067
83.5781 -34.7746
82.7388 -34.7731
81.899 -34.7721
81.0588 -34.7715
80.2181 -34.7731
79.3764 -34.79
81.271 -34.8806
83.1642 -34.9731
85.056 -35.0674
86.9465 -35.1636
88.8357 -35.2616
90.7234 -35.3615
92.6099 -35.4633
94.495 -35.5669
96.3789 -35.6725
98.2616 -35.78
100.144 -35.8818
102.025 -35.968
103.905 -36.0484
105.786 -36.1237
107.665 -36.1938
109.545 -36.2575
111.424 -36.3467
113.303 -36.4979
115.181 -36.6467
117.059 -36.7934
118.937 -36.9534
116.773 -36.8043
114.607 -36.6577
112.44 -36.5134
110.27 -36.371