-10.4516 1.66712e-15 0
-20.9033 1.99509e-14 0
-31.3549 3.02319e-14 -7.51357e-18
-41.8066 3.98669e-14 -2.55615e-19
-52.2582 4.98039e-14 -8.69616e-21
-62.7098 5.97223e-14 -3.43481e-17
-73.1615 7.22659e-14 -1.16854e-18
-83.6131 7.91094e-14 9.87101e-17
-94.0648 9.31965e-14 3.35816e-18
-104.516 1.02498e-13 3.87555e-17
-104.516 1.01023e-13 -2.04768e-16
-99.8096 -1.25613 -1.80651e-16
-95.1031 -2.51197 2.37069e-16
-90.3968 -3.76751 9.97545e-17
-85.6908 -5.02277 -9.67357e-17
-80.9851 -6.27773 8.8006e-17
-76.2797 -7.5324 -8.90386e-17
-71.5745 -8.78678 1.43119e-16
-66.8697 -10.0409 2.88851e-16
-62.1651 -11.2947 6.03088e-18
-57.4607 -12.5482 3.46749e-16
-52.7566 -13.8014 2.36719e-16
-48.0529 -15.0543 3.29575e-17
-43.3493 -16.307 1.31019e-16
-38.6461 -17.5593 -1.20066e-16
-33.9431 -18.8114 -4.30737e-17
-29.2404 -20.0632 8.92431e-17
-40.5788 -22.1327 -7.82018e-17
-56.1359 -24.299 2.41167e-17
-75.7706 -26.5053 1.55705e-16
-100.598 -28.7548 9.84194e-17
-129.265 -30.9554 9.74626e-17
-159.912 -33.0071 2.25905e-16
-195.895 -35.0417 -2.51565e-16
-231.832 -36.8545 4.96834e-17
-271.983 -38.635 1.10982e-16
-312.727 -40.2481 -2.46985e-16
-353.304 -41.6962 -6.93435e-18
-367.402 -39.5104 6.80415e-17
-368.489 -35.9847 1.74649e-16
-369.384 -32.7973 -1.87799e-16
-370.121 -29.9243 -2.27427e-16
-370.728 -27.3411 -1.65128e-16
-371.236 -25.0068 3.69172e-16
-371.668 -22.8792 3.8829e-16
-372.031 -20.9909 4.61746e-16
-372.341 -19.3138 2.01006e-16
-372.613 -17.8231 1.89093e-16
-372.855 -16.4969 -4.36356e-16
-373.077 -15.3157 1.57781e-16
-373.285 -14.2624 5.96554e-17
-373.484 -13.3217 -2.11158e-16
-373.68 -12.4801 6.37087e-17
-373.872 -11.7309 -1.12009e-16
-373.973 -11.7732 -5.64046e-16
-373.954 -12.887 -3.95813e-16
-373.919 -14.056 -2.51989e-16
-373.869 -15.2488 -6.44652e-17
-373.807 -16.4423 -3.75487e-17
-373.734 -17.6198 -3.71238e-16
-373.654 -18.769 -3.7191e-16
-373.569 -19.8814 5.0907e-17
-373.482 -20.951 -9.74999e-16
-373.397 -21.9444 -3.58377e-16
-373.314 -22.8819 2.1187e-16
-373.234 -23.773 -2.60227e-16
-373.158 -24.6173 -2.86417e-16
-373.088 -25.4151 -1.21573e-16
-373.025 -26.1668 -2.49546e-16
-372.969 -26.8735 -1.35258e-16
-373.787 -23.3215 2.14844e-16
-374.444 -19.9757 -1.16663e-16
-374.97 -16.7499 -2.04587e-16
-375.38 -13.6418 1.74816e-16
-375.684 -10.6493 -4.16546e-16
-375.896 -7.76964 2.47679e-16
-376.026 -4.99992 1.83857e-16
-376.083 -2.33715 6.06361e-17
-376.076 0.221812 -2.97512e-17
-376.015 2.68021 -6.82038e-17
-375.905 5.04136 -2.3744e-16
-375.755 7.30858 -2.26261e-16
-375.569 9.48523 -3.18944e-16
-375.354 11.5747 2.76433e-16
-375.115 13.5802 -2.06581e-16
-369.31 19.0393 3.28523e-16
-373.758 21.2777 3.93732e-16
-374.916 19.7108 -2.85825e-16
-376.137 18.1818 -5.32423e-17
-377.284 17.1467 -1.29242e-17
-378.414 16.474 1.92396e-16
-379.581 15.9661 -6.8545e-16
-380.853 15.5256 3.81565e-16
-382.224 15.1337 -4.14524e-16
-383.654 14.8367 -2.12585e-16
-385.137 14.6183 4.94754e-16
-386.665 14.4687 -2.9954e-17
-388.228 14.3811 1.04217e-16
-389.819 14.3497 1.59144e-16
-391.43 14.3689 -3.44888e-16
-393.058 14.4576 -4.20618e-16
-394.72 14.6591 2.15632e-16
-396.395 14.8834 -2.4306e-16
-398.077 15.1247 4.64493e-16
-399.763 15.3801 1.61065e-16
-401.356 15.6341 -1.34564e-15
-402.851 15.8839 5.24739e-16
-404.345 16.143 1.12362e-16
-405.821 16.4093 9.70424e-18
-407.241 16.6755 8.79945e-16
-408.655 16.95 1.21906e-16
-410.062 17.2327 1.49751e-16
-411.447 17.5207 2.11625e-16
-412.758 17.8025 6.40811e-16
-414.062 18.0906 -2.99331e-16
-415.357 18.3846 1.57887e-16
-416.643 18.684 6.22849e-17
-417.832 18.9686 2.02467e-15
-419.004 19.2545 5.06462e-16
-420.168 19.5437 1.48034e-15
-410.783 17.032 4.44466e-16
-401.43 14.5161 2.54603e-17
-392.107 11.9942 1.4936e-16
-382.813 9.46522 1.47127e-16
-373.544 6.92804 2.77099e-16
-364.299 4.38191 5.61352e-16
-355.076 1.82629 2.80782e-16
-345.871 -0.739144 3.69944e-16
-336.684 -3.31455 4.74351e-16
-327.513 -5.89994 3.83686e-16
-318.354 -8.49518 2.48824e-16
-309.208 -11.1001 3.56707e-16
-300.073 -13.7143 2.07516e-16
-290.946 -16.3376 2.75643e-16
-281.828 -18.9695 1.2474e-15
-272.717 -21.6096 2.64775e-16
-283.47 -24.9637 5.37634e-16
-289.39 -29.6775 5.56794e-16
-289.587 -35.1654 4.59602e-16
-287.356 -41.0848 6.65541e-16
-287.049 -47.1095 1.41355e-16
-288.862 -53.2275 1.98252e-16
-290.89 -59.6056 -1.69154e-16
-293.223 -66.2318 1.46286e-16
-297.881 -72.9505 1.09332e-16
-305.008 -79.7387 -3.39573e-17
-314.683 -86.5724 6.39453e-17
-326.911 -93.4281 1.22144e-16
-341.614 -100.283 3.88357e-16
-352.322 -102.724 6.12618e-16
-357.397 -100.194 9.8005e-17
-362.861 -97.1858 3.65983e-16
-368.411 -93.8474 5.1731e-16
-373.739 -90.3811 -4.15243e-17
-378.43 -87.1575 3.81237e-16
-382.734 -84.0148 7.52536e-16
-386.588 -81.0536 5.41917e-16
-389.672 -78.5907 8.5926e-16
-392.068 -76.6314 1.07263e-15
-394.156 -74.9057 6.6939e-16
-395.906 -73.4624 1.04016e-15
-397.466 -72.195 6.51934e-16
-398.845 -71.1087 5.46911e-16
-399.932 -70.2917 7.43436e-16
-400.901 -69.6103 5.9028e-16
-401.761 -69.0607 3.93145e-16
-402.482 -68.6579 6.49065e-16
-403.05 -68.3947 7.20404e-16
-403.556 -68.2146 -3.88118e-15
-404.004 -68.114 -1.94876e-15
-404.393 -68.0897 -4.2833e-16
-404.661 -68.1291 1.44537e-16
-404.9 -68.212 2.87186e-16
-405.11 -68.3369 2.02106e-16
-405.294 -68.5029 -4.86824e-16
-408.136 -63.9893 4.44183e-17
-410.677 -59.5739 -6.095e-16
-412.936 -55.2657 -6.42811e-16
-414.932 -51.0722 -2.33505e-17
-416.687 -46.9942 -8.26091e-16
-418.22 -43.0347 -4.17584e-16
-419.551 -39.1959 -6.46438e-16
-420.698 -35.4786 -4.45285e-17
-421.676 -31.8831 -7.22926e-17
-422.504 -28.4087 -2.46363e-16
-423.192 -25.0741 -3.33494e-16
-423.754 -21.9175 -3.47835e-16
-424.212 -18.8853 -3.25599e-16
-424.576 -15.9806 -7.01994e-17
-424.859 -13.1878 4.88134e-16
-425.072 -10.502 4.4604e-16
-425.611 -7.65492 -8.04266e-16
-426.269 -3.87788 -3.37196e-16
-426.764 0.397239 -7.48743e-16
-427.253 4.26079 7.19046e-16
-427.801 7.4966 -4.26923e-16
-428.417 10.2572 9.19505e-16
-429.015 12.9166 -4.34176e-15
-429.731 15.0817 -6.22565e-16
-430.573 16.8025 -4.91689e-16
-431.535 18.1318 7.79191e-15
-432.606 19.1221 -6.62752e-16
-433.768 19.8314 -1.01403e-16
-435.005 20.3161 -2.92311e-17
-436.137 20.7004 7.30975e-16
-437.243 21.1359 6.1752e-16
-438.422 21.4769 1.78196e-15
-439.651 21.7409 8.99715e-16
-440.907 21.9521 6.48202e-16
-441.818 22.076 9.24098e-16
-442.234 22.1275 6.41122e-15
-442.633 22.1745 1.75052e-15
-443.042 22.2203 4.20117e-17
-443.333 22.2532 8.76922e-16
-443.618 22.2846 6.68588e-15
-443.912 22.316 -1.53107e-15
-444.215 22.3477 2.12647e-15
-444.53 22.3798 -2.95275e-16
-444.855 22.4125 -1.45725e-15
-445.19 22.446 -1.72832e-14
-445.536 22.4804 -2.68058e-15
-445.893 22.516 -5.55606e-15
-446.228 22.5503 -1.44578e-15
-446.531 22.5824 -2.85844e-16
-446.845 22.6158 -2.27693e-15
-447.169 22.6507 -2.3635e-15
-425.543 16.8555 -2.28426e-15
-403.982 11.0613 -2.94738e-15
-382.483 5.26396 -2.88288e-15
-361.04 -0.539923 -2.86382e-15
-339.648 -6.35286 -2.77434e-15
-318.3 -12.1765 -3.11241e-15
-296.993 -18.012 -2.40541e-15
-275.778 -23.8434 -2.70169e-15
-250.279 -34.7296 -3.51051e-15
-222.995 -48.7999 -3.51736e-15
-205.924 -62.168 -2.6641e-15
-201.005 -69.9061 -4.86313e-15
-199.043 -76.6676 -2.70329e-15
-198.988 -81.9617 -3.65986e-15
-200.196 -87.0294 -1.12254e-15
-202.182 -92.0861 -1.14146e-15
-203.688 -97.2828 -3.47178e-15
-206.296 -102.483 -2.49362e-16
-210.002 -107.701 -2.38991e-15
-214.808 -112.951 -2.64484e-15
-220.612 -118.167 -1.6182e-15
-227.261 -123.289 -2.18179e-15
-234.834 -128.428 -2.94956e-15
-243.298 -133.595 -3.47723e-15
-252.657 -138.821 -3.75531e-15
-262.878 -144.117 -7.61548e-15
-273.92 -149.493 -1.11162e-14
-283.769 -151.42 -7.60692e-15
-291.957 -149.646 -9.18219e-15
-300.301 -147.632 -9.95198e-15
-308.676 -145.396 -1.15517e-14
-316.952 -142.97 -1.204e-14
-325.009 -140.395 -1.07118e-14
-332.789 -137.699 -7.43318e-15
-340.777 -134.672 -1.20681e-14
-348.262 -131.619 -7.58346e-15
-355.088 -128.644 -6.08589e-15
-361.3 -125.777 -3.5462e-15
-366.872 -123.076 -6.6724e-15
-371.838 -120.573 -5.21006e-15
-379.3 -116.298 -3.80648e-15
-390.661 -108.776 -3.25375e-16
-400.237 -101.666 -8.45982e-16
-408.777 -94.612 -4.51553e-15
-415.818 -88.2851 -1.01516e-15
-421.542 -82.8377 -8.35502e-16
-426.246 -78.2284 2.85997e-16
-430.176 -74.3754 2.01773e-16
-433.808 -70.8028 -1.21214e-14
-437.079 -67.6564 -1.10529e-14
-439.984 -64.9662 -8.75314e-15
-442.618 -62.6152 -9.09236e-15
-445.07 -60.4838 -8.55375e-15
-447.911 -53.603 1.49862e-15
-450.213 -46.9571 2.30272e-15
-452.033 -40.5568 -2.66908e-15
-453.428 -34.4074 -5.82961e-15
-454.45 -28.5096 -5.87236e-15
-455.146 -22.8603 -1.67416e-16
-455.562 -17.4539 -5.97031e-15
-455.735 -12.2829 -6.92502e-15
-455.636 -7.2218 -8.73041e-15
-444.291 -0.842193 2.81911e-16
-454.23 6.72342 4.28714e-16
-454.094 11.2375 -8.40857e-15
-454.065 14.9159 -1.04825e-14
-453.453 19.0444 -1.2913e-14
-452.943 22.5357 -8.2263e-15
-452.473 25.7077 -8.22848e-15
-451.79 29.0843 -6.51292e-15
-450.564 33.3244 -5.25333e-15
-449.566 36.8985 -1.04661e-14
-448.893 39.7656 -1.03839e-14
-448.587 41.946 -6.42866e-15
-448.663 43.4724 -4.77811e-15
-449.11 44.3951 -4.48378e-15
-449.891 44.7778 -3.06399e-15
-450.946 44.7012 -3.47189e-15
-452.176 44.3176 -4.097e-15
-453.527 43.714 -6.99073e-15
-454.88 43.1082 7.87627e-16
-456.332 42.2949 -3.87467e-15
-457.838 41.3465 -4.63542e-15
-459.36 40.3292 -2.23526e-15
-460.869 39.2998 -2.59465e-16
-462.346 38.3034 -2.90046e-15
-446.785 33.6796 -5.83282e-15
-431.227 29.0601 -2.62566e-15
-415.673 24.4448 -1.28983e-15
-400.123 19.8337 -1.96288e-15
-384.577 15.227 -1.38192e-15
-369.034 10.6244 -1.12427e-15
-353.494 6.02612 -2.75891e-15
-337.958 1.43201 -2.03821e-15
-322.426 -3.15794 -5.69545e-15
-306.897 -7.74384 -1.65692e-15
-291.37 -12.3259 -1.11445e-15
-262.475 -18.0504 -5.9541e-15
-218.352 -23.6041 -1.16813e-14
-192.78 -27.3516 -5.29597e-13
-187.525 -34.1045 4.39831e-13
-180.051 -40.558 4.99485e-13
-171.59 -46.3429 5.61114e-13
-162.63 -51.8613 6.1548e-13
-153.339 -57.049 6.80043e-13
-170.629 -51.6466 6.66771e-13
-187.921 -46.2393 6.55555e-13
-205.215 -40.8269 6.55758e-13
-222.51 -35.4095 6.50408e-13
-239.806 -29.9871 6.41326e-13
-257.104 -24.5597 6.40938e-13
-274.404 -19.1273 6.29223e-13
-291.704 -13.6898 6.31895e-13
-302.113 -8.31294 4.79639e-13
-292.026 -2.75916 4.40929e-13
-345.53 6.30234 2.99472e-13
-400.938 13.6595 3.13364e-13
-449.375 19.1862 2.92983e-13
-466.831 22.1496 2.31282e-13
-466.94 22.6191 2.30808e-13
-467.107 23.261 2.04717e-13
-467.363 24.1129 1.74398e-13
-467.736 25.3727 1.41102e-13
-468.176 26.6274 1.05969e-13
-448.484 20.9539 1.03629e-13
-428.796 15.2862 1.03518e-13
-409.111 9.62424 1.04136e-13
-389.431 3.96811 1.03576e-13
-369.755 -1.68222 1.04273e-13
-350.082 -7.32676 1.03634e-13
-330.414 -12.9655 1.03811e-13
-310.763 -18.5944 1.03943e-13
-291.127 -24.2145 1.03877e-13
-243.778 -32.0935 8.82593e-14
-214.937 -41.2234 1.09536e-13
-206.124 -49.6295 1.33534e-13
-194.849 -56.375 1.56383e-13
-182.25 -62.8309 1.65734e-13
-168.925 -68.9137 1.70508e-13
-154.999 -74.6374 1.78058e-13
-140.241 -80.0714 1.9507e-13
-132.764 -87.1225 2.20885e-13
-131.945 -95.2599 2.46947e-13
-176.49 -105.441 3.01723e-13
-235.294 -115.675 3.61149e-13
-298.672 -125.613 4.28526e-13
-362.376 -133.024 4.87815e-13
-396.726 -115.553 4.38655e-13
-421.775 -98.3561 4.18526e-13
-439.613 -82.416 3.68734e-13
-451.384 -69.2903 3.32499e-13
-458.968 -59.3865 3.08362e-13
-464.063 -52.3056 2.88949e-13
-467.823 -47.1367 2.68187e-13
-470.672 -43.4494 2.68667e-13
-472.761 -36.3249 2.62593e-13
-474.334 -29.4127 2.56189e-13
-475.442 -22.7233 2.48628e-13
-476.133 -16.2631 2.41222e-13
-476.453 -10.0347 2.33875e-13
-476.447 -4.03855 2.25912e-13
-476.155 1.7252 2.21e-13
-475.347 7.79945 -5.77404e-13
-453.091 14.1782 3.12044e-14
-454.829 22.8523 -4.57477e-13
-469.862 30.108 -5.60563e-15
-470.09 32.2336 -9.48591e-14
-470.103 34.3452 -8.92468e-14
-470.176 35.9798 -5.46248e-14
-470.33 37.3139 1.51204e-16
-470.577 38.3967 2.02229e-14
-470.94 39.2721 2.39579e-14
-471.127 40.5433 -3.96986e-15
-471.456 41.611 -3.19867e-14
-471.945 42.413 -2.9713e-14
-472.597 42.944 -6.69211e-14
-473.406 43.2122 -2.65427e-14
-474.276 43.4016 1.78332e-14
-475.159 43.6522 -9.18521e-15
-476.26 43.5299 4.76508e-14
-477.437 43.2825 1.63572e-14
-479.548 41.3641 3.29118e-14
-481.944 38.7946 4.29749e-14
-468.511 33.0513 4.3254e-14
-455.077 27.3136 3.5009e-14
-441.645 21.5836 3.60077e-14
-428.211 15.8595 3.63505e-14
-414.777 10.1415 4.15711e-14
-401.342 4.42944 4.16676e-14
-387.905 -1.27663 4.23604e-14
-374.467 -6.9768 4.24639e-14
-361.028 -12.6713 4.58998e-14
-347.585 -18.3608 4.62395e-14
-289.633 -26.0057 3.98017e-14
-210.49 -33.3611 6.78722e-14
-188.487 -41.8456 8.14652e-14
-166.657 -49.7868 8.68903e-14
-146.511 -56.5402 8.53619e-14
-157.126 -51.8188 9.27604e-14
-167.739 -47.0939 9.12566e-14
-178.349 -42.3653 9.29585e-14
-188.957 -37.6331 9.13021e-14
-199.563 -32.8973 9.21599e-14
-210.167 -28.1578 9.12421e-14
-220.768 -23.4147 9.23324e-14
-231.367 -18.668 9.12538e-14
-241.963 -13.9176 9.19413e-14
-250.662 -9.20942 8.75089e-14
-240.839 -4.81331 7.24214e-14
-223.373 -0.356378 8.89087e-14
-219.123 4.99003 9.64406e-14
-288.386 12.7488 9.62509e-14
-374.585 21.0556 1.03973e-13
-461.177 29.9127 1.1511e-13
-485.945 28.7377 8.83226e-14
-488.367 25.684 7.54835e-14
-490.336 23.7091 5.63515e-14
-478.528 19.1937 5.66526e-14
-466.718 14.6815 5.7093e-14
-454.908 10.1727 5.71183e-14
-443.097 5.66715 5.26583e-14
-431.286 1.16496 5.67435e-14
-419.473 -3.33392 5.67609e-14
-407.66 -7.82949 5.65969e-14
-395.846 -12.3218 5.70114e-14
-384.032 -16.8108 5.74334e-14
-372.216 -21.2965 5.70883e-14
-352.264 -26.1293 4.4353e-14
-307.842 -32.4977 5.28197e-14
-251.894 -39.8648 5.42958e-14
-186.913 -47.8714 5.66814e-14
-177.745 -59.3598 5.66166e-14
-158.703 -71.4486 6.0094e-14
-141.239 -78.938 6.70408e-14
-120.321 -85.4841 6.9276e-14
-97.1613 -92.0421 6.72142e-14
-74.535 -98.2101 7.19089e-14
-88.2291 -92.5348 7.2917e-14
-101.921 -86.8543 7.16088e-14
-115.61 -81.1686 7.1544e-14
-129.296 -75.478 7.24423e-14
-142.98 -69.7822 7.79774e-14
-156.661 -64.0813 7.76292e-14
-170.34 -58.3752 7.75845e-14
-184.015 -52.6639 7.2108e-14
-181.933 -47.2469 5.05659e-14
-163.56 -41.8664 6.26326e-14
-135.829 -36.259 6.50011e-14
-161.138 -26.3415 6.62572e-14
-230.292 -14.4501 5.48166e-14
-305.987 -4.14278 6.04426e-14
-379.513 5.6206 8.43179e-14
-471.818 15.281 9.50109e-14
-491.894 20.0317 7.88718e-14
-493.322 21.46 7.42993e-14
-494.826 22.2593 5.2074e-14
-496.36 22.6489 6.37932e-14
-497.955 22.7271 4.86082e-14
-499.655 22.4564 4.72995e-14
-501.381 22.1738 4.66183e-14
-502.605 21.5453 4.30295e-14
-473.063 14.7991 4.53005e-14
-443.537 8.06135 4.6941e-14
-414.035 1.3333 4.81379e-14
-384.557 -5.38574 4.84086e-14
-355.096 -12.0973 4.92958e-14
-325.655 -18.8017 4.9882e-14
-296.239 -25.4986 5.08578e-14
-228.694 -32.4771 5.78285e-14
-133.466 -40.3698 6.16784e-14
-19.6885 -49.1429 5.91733e-14
59.293 -62.4465 6.53758e-14
109.428 -78.1253 6.94488e-14
131.056 -85.1156 7.32442e-14
135.771 -88.4063 7.25553e-14
140.25 -91.3349 6.91292e-14
144.505 -94.0005 7.06476e-14
139.168 -101.884 7.94595e-14
114.081 -114.113 7.90717e-14
89.1799 -125.987 8.79353e-14
50.7597 -138.915 9.01716e-14
3.37978 -152.02 1.04048e-13
-46.9454 -164.294 1.08341e-13
-60.1382 -158.408 1.03133e-13
-73.3275 -152.517 9.98633e-14
-86.5133 -146.62 9.96812e-14
-99.6953 -140.718 1.00287e-13
-112.874 -134.811 9.99692e-14
-126.049 -128.899 1.04045e-13
-139.22 -122.981 1.00487e-13
-152.387 -117.058 1.00348e-13
-149.498 -111.34 1.59443e-13
-129.87 -105.479 1.18044e-13
-100.659 -99.2384 1.113e-13
-61.931 -92.5991 1.05625e-13
-133.287 -77.5525 1.14415e-13
-197.775 -63.788 9.70798e-14
-246.666 -52.4342 1.06469e-13
-300.326 -42.4434 1.18299e-13
-353.721 -32.7985 1.26899e-13
-413.824 -23.1388 1.09624e-13
-470.831 -13.7308 1.26413e-13
-478.569 -2.82172 9.40159e-14
-478.376 6.127 5.91807e-14
-477.686 11.6085 6.36478e-14
-476.879 14.8142 5.41353e-14
-476.068 16.8121 2.75432e-14
-475.363 18.1758 2.50452e-14
-465.417 15.7623 2.4394e-14
-450.501 12.1439 2.1786e-14
-428.131 6.72048 2.85111e-14
-394.588 -1.40529 2.77298e-14
-354.852 -11.0213 2.94507e-14
-315.137 -20.6216 2.52576e-14
-266.912 -30.1647 -3.39756e-15
-145.997 -40.6305 2.22734e-14
13.8601 -52.8859 9.87533e-14
69.7418 -74.1201 -8.11412e-14
137.971 -93.185 -1.09016e-13
148.663 -100.864 -1.42009e-13
146.974 -109.061 -1.66461e-13
128.3 -123.984 -2.12406e-13
80.6836 -140.206 -2.81765e-13
2.9745 -157.488 -3.35597e-13
-85.526 -174.429 -4.05954e-13
-179.8 -190.845 -4.71732e-13
-265.376 -178.488 -4.59071e-13
-334.493 -154.537 -4.09509e-13
-385.01 -126.251 -3.41443e-13
-417.478 -99.1122 -2.82408e-13
-435.995 -76.7611 -2.27661e-13
-445.725 -59.9378 -1.78721e-13
-450.449 -47.9 -1.49501e-13
-452.432 -39.4985 -1.22129e-13
-452.906 -33.5322 -1.02409e-13
-452.498 -29.0025 -8.98311e-14
-451.495 -25.4819 -7.84167e-14
-450.055 -22.6168 -6.92696e-14
-448.269 -20.2154 -5.86418e-14
-446.197 -18.1833 -5.18785e-14
-443.887 -16.4725 -4.6534e-14
-441.384 -15.0488 -4.01631e-14
-438.7 -13.6897 -3.86255e-14
-436.093 -12.6812 -3.58488e-14
-436.093 -12.6812 -3.56218e-14
-436.123 -12.3496 -2.89319e-14
-436.461 -7.0484 -3.13119e-14
-436.55 -1.85025 -2.82206e-14
-436.402 3.30626 -2.8255e-14
-436.024 8.42192 -2.87247e-14
-435.43 13.5105 -2.51112e-14
-411.629 18.3295 -1.95094e-14
-376.261 23.3997 -1.86804e-14
-324.559 28.7215 -1.67892e-14
-263.878 35.1401 -2.28489e-14
-297.067 47.8965 -5.43227e-14
-345.575 59.1067 -7.95894e-14
-415.443 66.2934 -1.08361e-13
-419.281 55.8385 -1.02875e-13
-420.95 47.6179 -1.03063e-13
-421.231 40.7567 -9.62187e-14
-420.431 34.1612 -1.05352e-13
-418.663 29.468 -7.65953e-14
-416.335 26.1742 -7.79218e-14
-414.035 24.0985 -6.17275e-14
-412.048 22.8165 -6.15647e-14
-409.069 20.8943 -6.23075e-14
-404.597 18.0128 -6.14492e-14
-397.886 13.6944 -6.22247e-14
-389.928 8.58213 -6.17907e-14
-381.963 3.47611 -6.12797e-14
-374.071 -1.59981 -6.06415e-14
-352.281 -6.7873 -6.84542e-14
-297.299 -13.1754 -5.67229e-14
-238.028 -19.3138 -7.68622e-14
-245.751 -13.9831 -6.90183e-14
-253.462 -8.64518 -5.86877e-14
-261.16 -3.30004 -6.93802e-14
-268.846 2.05251 -5.91172e-14
-276.52 7.4133 -6.98213e-14
-284.186 12.7841 -5.91171e-14
-364.74 19.5546 -8.33563e-14
-412.684 19.4491 -3.0087e-14
-404.337 14.3673 -2.90134e-14
-395.997 9.29181 -2.71863e-14
-387.664 4.22188 -2.77184e-14
-379.336 -0.843334 -2.91248e-14
-371.013 -5.90499 -2.91314e-14
-346.088 -11.108 -3.47181e-14
-289.32 -17.4375 -3.96201e-14
-211.876 -25.0814 -2.56487e-14
-188.36 -34.0902 -2.72872e-14
-171.784 -43.7084 -2.65185e-14
-170.913 -52.9257 -2.1181e-14
-229.438 -59.6025 -2.7605e-14
-303.924 -65.295 -2.876e-14
-377.74 -70.707 -2.94638e-14
-397.752 -61.4915 -2.36896e-14
-400.493 -51.1194 -1.8088e-14
-401.399 -43.0598 -1.21908e-14
-401.169 -36.8663 -8.84823e-15
-400.478 -32.8595 -6.50866e-15
-400.771 -31.6845 -7.55424e-15
-401.189 -29.9209 -8.09071e-15
-401.766 -27.2734 -1.00451e-14
-402.518 -23.2995 -8.54208e-15
-403.235 -18.5888 -1.08304e-14
-403.764 -13.8806 -1.08952e-14
-399.977 -9.37261 -6.72646e-15
-378.535 -5.1144 -1.0789e-14
-346.924 -0.674168 -1.02169e-14
-300.524 3.9563 -1.07794e-14
-327.111 15.3838 -1.33345e-14
-372.063 27.1739 -1.99825e-14
-398.087 32.7928 -2.42503e-14
-395.694 30.5527 -1.82964e-14
-393.178 27.6852 -2.04615e-14
-390.345 24.4348 -1.36369e-14
-387.342 22.056 -1.63736e-14
-384.251 20.3439 -9.60672e-15
-380.739 18.1109 -1.41775e-14
-378.055 16.7874 -7.8099e-15
-375.726 15.6331 -7.60113e-15
-372.234 13.902 -7.76362e-15
-366.996 11.3065 -6.60104e-15
-359.141 7.41536 -4.74833e-15
-349.833 2.80716 -5.01521e-15
-340.525 -1.79734 -5.15566e-15
-331.218 -6.39891 -4.92309e-15
-304.41 -11.0381 1.82425e-12
-252.608 -16.4872 2.41033e-13
-199.964 -21.4289 3.37343e-13
-203.59 -19.596 9.46305e-13
-207.215 -17.7622 9.4721e-13
-210.839 -15.9274 9.48639e-13
-214.462 -14.0918 9.51022e-13
-218.083 -12.2552 9.50589e-13
-221.704 -10.4177 9.51103e-13
-225.323 -8.5792 9.52343e-13
-228.941 -6.7398 9.48208e-13
-232.558 -4.89944 9.5438e-13
-236.174 -3.05809 9.55557e-13
-239.789 -1.21569 9.58875e-13
-243.403 0.627774 9.60357e-13
-247.016 2.47247 9.47457e-13
-250.629 4.3185 9.62124e-13
-254.241 6.16591 9.63106e-13
-257.854 8.01474 9.63632e-13
-266.662 9.93637 9.77376e-13
-314.253 12.2217 1.16011e-12
-361.964 14.3681 1.31931e-12
-378.015 14.7157 1.35845e-12
-368.913 10.263 1.35568e-12
-359.808 5.81587 1.34977e-12
-350.699 1.37429 1.34325e-12
-341.586 -3.06189 1.34956e-12
-332.582 -7.47834 1.34553e-12
-312.275 -11.8535 2.40311e-12
-266.227 -16.7682 7.03445e-13
-204.37 -22.5687 2.08652e-12
-147.381 -29.2859 2.29117e-12
-136.172 -36.5142 1.19008e-12
-