-10.4516 1.66712e-15 0
-20.9033 1.99509e-14 0
-31.3549 3.02319e-14 -7.51357e-18
-41.8066 3.98669e-14 -2.55615e-19
-52.2582 4.98039e-14 -8.69616e-21
-62.7098 5.97223e-14 -3.43481e-17
-73.1615 7.22659e-14 -1.16854e-18
-83.6131 7.91094e-14 9.87101e-17
-94.0648 9.31965e-14 3.35816e-18
-104.516 1.02498e-13 3.87555e-17
-104.516 1.01023e-13 -2.04768e-16
-106.085 -1.25613 -1.80651e-16
-107.652 -2.51197 2.37069e-16
-109.218 -3.76751 9.97545e-17
-110.783 -5.02277 -9.67357e-17
-112.347 -6.27773 8.8006e-17
-113.909 -7.5324 -8.90386e-17
-115.47 -8.78678 1.43119e-16
-117.03 -10.0409 2.88851e-16
-118.589 -11.2947 6.03088e-18
-120.147 -12.5482 3.46749e-16
-121.704 -13.8014 2.36719e-16
-123.259 -15.0543 3.29575e-17
-124.813 -16.307 1.31019e-16
-126.366 -17.5593 -1.20066e-16
-127.918 -18.8114 -4.30737e-17
-129.469 -20.0632 8.92431e-17
-154.956 -22.1327 4.41094e-17
-186.587 -24.299 -3.82317e-17
-224.038 -26.5053 8.60549e-17
-268.731 -28.7548 -4.89889e-17
-318.655 -30.9554 2.60749e-17
-369.373 -32.8125 1.11248e-16
-370.226 -29.4474 -1.18238e-16
-370.915 -26.4268 1.33343e-16
-371.513 -23.5323 1.65342e-16
-371.999 -20.9638 -1.20871e-16
-372.395 -18.7272 7.87988e-17
-372.738 -16.7385 1.10119e-16
-373.043 -15.0064 2.75429e-16
-373.323 -13.5207 1.80015e-17
-373.591 -12.2451 -1.90045e-16
-373.859 -11.148 -1.34038e-16
-374.134 -10.2131 3.75607e-16
-374.43 -9.43309 3.51082e-16
-374.745 -8.75746 3.9148e-16
-375.081 -8.16754 6.28102e-17
-375.44 -7.64857 1.97769e-16
-375.823 -7.1888 -4.81544e-16
-376.23 -6.77884 -6.41372e-17
-376.661 -6.41113 -1.00544e-16
-377.116 -6.07954 -4.43131e-16
-377.594 -5.77908 -2.334e-16
-378.091 -5.50742 -6.86941e-17
-378.486 -5.79175 -7.02587e-16
-378.795 -6.87101 -7.9583e-16
-379.102 -7.90384 -9.57666e-17
-379.408 -8.87662 2.18303e-16
-379.716 -9.78239 -2.47641e-16
-380.028 -10.6188 -3.12697e-16
-380.346 -11.3862 -7.025e-17
-380.672 -12.0871 -2.6492e-16
-381.006 -12.725 -1.32599e-15
-381.339 -13.2879 3.97793e-16
-381.677 -13.7941 1.06101e-15
-382.024 -14.2536 -9.69501e-16
-382.379 -14.6701 -1.81077e-16
-382.744 -15.0473 7.77604e-16
-383.116 -15.3885 4.01821e-16
-383.498 -15.6969 -5.32191e-16
-381.015 -12.9816 3.94055e-16
-378.962 -10.3653 1.49621e-16
-376.946 -7.72485 -6.46124e-17
-374.961 -5.05956 5.78676e-16
-373.004 -2.3692 -5.98601e-17
-371.07 0.346205 5.74015e-16
-369.155 3.08639 3.96835e-16
-367.257 5.85086 4.17797e-16
-365.372 8.63899 4.02086e-16
-363.498 11.45 1.22514e-16
-361.632 14.2831 4.48872e-17
-359.772 17.1373 1.50941e-16
-357.915 20.0117 -4.78186e-17
-356.061 22.9054 5.76326e-16
-354.209 25.8175 -2.3083e-18
-325.34 31.2766 5.60756e-16
-331.477 37.361 4.89767e-16
-372.011 43.3738 1.88192e-16
-374.458 40.383 1.2954e-16
-376.583 37.7346 -5.22187e-17
-378.425 35.4565 2.49638e-16
-380.101 33.3953 -6.71592e-16
-381.779 31.2999 3.74207e-16
-383.392 29.3388 -3.43654e-16
-384.853 27.7478 -3.54336e-16
-386.194 26.5011 4.14525e-16
-387.442 25.562 2.27986e-17
-388.617 24.8898 -8.62193e-17
-389.735 24.4444 6.8981e-17
-390.806 24.189 -1.71382e-16
-391.842 24.1057 -3.56865e-16
-392.875 24.1764 1.55282e-16
-393.884 24.3576 -2.51518e-16
-394.874 24.6221 3.43224e-16
-395.846 24.9515 5.75733e-17
-396.748 25.3127 -1.37548e-15
-397.583 25.6903 4.72831e-16
-398.406 26.0994 -6.37232e-17
-399.209 26.5334 -1.20116e-16
-399.972 26.9779 7.13204e-16
-400.723 27.4454 -8.29261e-17
-401.462 27.9346 2.74565e-16
-402.181 28.4401 4.07894e-16
-402.853 28.9414 5.47757e-16
-403.513 29.4599 1.22325e-16
-404.162 29.9951 4.91028e-17
-404.798 30.5465 -1.1351e-17
-405.378 31.0765 1.19243e-15
-405.942 31.615 6.95954e-16
-406.496 32.1655 9.24968e-16
-407.213 29.3672 7.89955e-16
-407.841 26.594 4.57135e-16
-408.382 23.8465 3.39807e-16
-408.84 21.1257 3.48796e-16
-409.217 18.4327 6.2751e-16
-409.515 15.7685 7.6975e-16
-409.739 13.1341 4.97858e-16
-409.89 10.5305 6.48899e-16
-409.972 7.95875 7.20175e-16
-409.988 5.41986 6.13163e-16
-409.94 2.91475 5.46476e-16
-409.831 0.444262 5.68826e-16
-409.665 -1.99083 3.93e-16
-409.444 -4.38982 4.70071e-16
-409.172 -6.75215 1.36247e-15
-408.85 -9.07728 3.63294e-16
-409.168 -10.1052 7.13666e-16
-409.381 -11.9866 5.00173e-16
-409.396 -14.5291 3.95082e-16
-409.314 -17.2452 4.63935e-16
-409.343 -19.5295 -1.80674e-18
-409.506 -21.3886 -5.33195e-17
-409.699 -23.1544 -8.83452e-17
-409.931 -24.8144 2.1346e-16
-410.318 -26.0804 1.45748e-16
-410.857 -26.9822 -2.01447e-16
-411.537 -27.5608 1.9614e-17
-412.338 -27.8663 2.43523e-16
-413.236 -27.9536 4.85123e-16
-414.239 -27.8514 4.69367e-16
-415.333 -27.607 -7.9577e-18
-416.461 -27.3147 3.82034e-16
-417.607 -27.0045 4.84481e-16
-418.754 -26.7292 -1.97163e-16
-419.86 -26.626 2.04149e-16
-420.966 -26.5435 4.32363e-16
-422.067 -26.4923 4.9631e-16
-423.052 -26.4786 5.20348e-16
-423.903 -26.4957 6.86393e-16
-424.73 -26.5406 -4.79027e-17
-425.502 -26.6091 6.68865e-16
-426.271 -26.703 2.94936e-16
-427.034 -26.8213 8.03636e-16
-427.706 -26.9476 8.61788e-16
-428.375 -27.0919 8.35896e-16
-429.041 -27.2532 3.59839e-16
-429.668 -27.4217 5.79183e-16
-430.221 -27.5844 7.52457e-16
-430.772 -27.757 -3.70257e-15
-431.321 -27.9389 -8.77872e-16
-431.862 -28.1274 8.20045e-16
-432.289 -28.2864 1.55635e-15
-432.717 -28.4501 1.90499e-15
-433.145 -28.6185 1.02458e-15
-433.574 -28.7915 1.25676e-15
-430.433 -26.0403 1.50091e-15
-427.298 -23.2843 1.23774e-15
-424.169 -20.5243 8.6871e-16
-421.047 -17.7615 1.59327e-15
-417.929 -14.9933 6.99447e-16
-414.814 -12.2195 1.15431e-15
-411.702 -9.43997 8.86892e-16
-408.591 -6.65468 1.40065e-15
-405.481 -3.86357 1.36222e-15
-402.372 -1.06661 1.19048e-15
-399.288 1.71353 1.17817e-15
-396.291 4.43207 1.12439e-15
-393.323 7.14495 1.16596e-15
-390.392 9.84647 1.34037e-15
-387.489 12.5485 1.77561e-15
-384.612 15.2529 1.90218e-15
-398.6 18.4724 5.41329e-16
-416.681 23.3437 1.34174e-15
-428.484 29.3653 -3.66864e-16
-427.719 33.3727 1.29796e-15
-426.637 36.7294 -2.68418e-16
-425.712 39.6712 1.21335e-15
-424.609 42.8292 -4.39027e-15
-423.815 45.3816 -6.87866e-16
-423.386 47.3076 -1.01522e-15
-423.347 48.6108 7.72865e-15
-423.686 49.3221 3.18803e-16
-424.362 49.5056 4.46007e-16
-425.311 49.2464 -1.12629e-16
-426.238 48.8851 5.57692e-16
-427.103 48.6134 5.55755e-16
-428.195 47.9859 1.23342e-15
-429.395 47.176 9.31207e-16
-430.605 46.334 3.93215e-16
-431.466 45.7267 5.18988e-16
-431.851 45.4589 3.93966e-15
-432.214 45.2099 1.34945e-15
-432.581 44.9629 1.66075e-15
-432.837 44.7971 1.67487e-15
-433.085 44.64 5.14213e-15
-433.337 44.4828 1.18126e-15
-433.595 44.3251 1.11903e-15
-433.859 44.1676 1.83463e-15
-434.129 44.0112 1.0753e-15
-434.404 43.857 -7.85278e-15
-434.684 43.706 -4.81552e-16
-434.968 43.5594 -2.17689e-15
-435.231 43.4316 -2.23334e-15
-435.464 43.3257 5.11296e-16
-435.703 43.2227 4.2707e-18
-435.946 43.1239 3.87632e-16
-438.172 36.6603 -7.04564e-16
-439.941 30.3011 -1.34665e-15
-441.281 24.0627 -1.29083e-15
-442.218 17.9593 -1.35239e-15
-442.785 12.003 -1.17864e-15
-443.009 6.20351 -1.35405e-15
-442.923 0.568593 -1.40467e-15
-442.556 -4.88143 -1.13568e-15
-441.675 -13.4562 -2.08096e-15
-440.501 -22.0392 -1.48514e-15
-439.881 -27.728 -1.62123e-15
-439.815 -30.1184 -6.50342e-15
-439.951 -31.7021 8.76275e-16
-440.178 -32.6485 -7.07402e-16
-440.493 -33.3278 -4.78626e-16
-440.856 -33.8845 -4.87202e-16
-441.167 -34.5669 -3.685e-15
-441.551 -35.0792 4.87493e-16
-442 -35.4417 -3.37908e-15
-442.51 -35.6734 -2.70183e-15
-443.064 -35.7914 -1.8534e-15
-443.647 -35.8167 -9.21479e-16
-444.262 -35.7696 -2.21136e-15
-444.903 -35.666 -6.88485e-15
-445.568 -35.5198 -5.47991e-15
-446.252 -35.3442 -9.58357e-15
-446.952 -35.1518 -1.00009e-14
-447.675 -34.9686 -4.21701e-15
-448.422 -34.8023 -6.31986e-15
-449.178 -34.6599 -2.75315e-15
-449.942 -34.5454 -7.15729e-15
-450.712 -34.4622 -7.59321e-15
-451.486 -34.413 -8.3652e-15
-452.268 -34.393 -1.10825e-15
-453.098 -34.3331 -8.05685e-15
-453.93 -34.3125 -1.83919e-15
-454.751 -34.3302 1.88089e-15
-455.568 -34.3838 -9.18539e-16
-456.38 -34.4738 -3.19178e-16
-457.187 -34.5988 -3.36042e-15
-458.331 -34.2519 -1.99916e-16
-460.081 -33.0987 7.84548e-15
-461.824 -32.1214 -1.19351e-18
-463.673 -31.146 -5.01335e-15
-465.546 -30.2991 3.26515e-15
-467.431 -29.5808 1.25083e-15
-469.333 -28.9661 1.7025e-15
-471.253 -28.4418 1.92868e-16
-473.293 -27.8691 -2.05245e-14
-475.401 -27.3215 -9.48139e-15
-477.508 -26.8228 -7.86759e-15
-479.602 -26.36 -8.09377e-15
-481.688 -25.9104 -4.58758e-15
-466.981 -20.4814 3.51968e-15
-452.311 -15.0813 4.38134e-15
-437.687 -9.70417 -9.91371e-16
-423.113 -4.34307 -4.08269e-15
-408.594 1.00962 -4.41266e-15
-394.13 6.36161 1.67715e-15
-379.717 11.7202 -1.92542e-15
-365.351 17.0921 -3.06906e-15
-346.74 22.5158 -2.76022e-15
-295.247 28.8954 3.8942e-15
-277.073 39.0387 -4.72468e-15
-268.961 47.3288 -5.18627e-15
-262.631 55.2376 -2.79929e-15
-242.758 62.2904 -7.10993e-15
-224.035 69.0552 -5.61269e-15
-204.582 75.8037 -2.8093e-15
-180.745 82.6312 -3.88587e-15
-149.796 89.9976 -2.65968e-15
-121.121 97.3771 -8.28958e-15
-95.3603 104.812 -5.76379e-15
-72.6867 112.32 -7.25413e-15
-53.2982 119.92 -5.01017e-15
-37.3558 127.625 -1.38158e-15
-24.9977 135.445 -2.88488e-15
-16.3338 143.34 -7.1593e-15
-10.8218 151.342 -4.13025e-15
-10.0263 157.852 -6.90811e-15
-14.9441 160.602 -1.07005e-15
-23.0528 163.941 -2.51332e-15
-34.3314 167.703 4.96297e-16
-48.7026 171.672 2.01422e-15
-66.0062 175.593 2.31278e-15
-85.9829 179.189 -3.63471e-15
-93.3589 174.565 -4.06628e-15
-100.717 169.946 4.69351e-16
-108.058 165.33 5.9071e-16
-115.381 160.719 1.23768e-15
-122.686 156.113 6.45232e-16
-129.974 151.51 7.79787e-16
-137.244 146.912 3.70568e-16
-144.497 142.318 1.10977e-15
-151.732 137.728 -2.55176e-15
-158.95 133.142 1.41139e-15
-166.151 128.56 8.76277e-16
-163.704 122.835 -3.0302e-15
-143.913 117.281 -7.60525e-15
-135.111 113.534 -1.93945e-13
-161.7 106.781 4.38196e-13
-185.344 100.328 5.45963e-13
-205.359 94.5427 6.44918e-13
-224.307 89.0242 7.43181e-13
-241.914 83.8366 8.28411e-13
-232.274 89.2389 8.19766e-13
-222.61 94.6463 8.11824e-13
-212.922 100.059 8.14849e-13
-203.211 105.476 8.12195e-13
-193.475 110.898 8.06212e-13
-183.716 116.326 8.05607e-13
-173.932 121.758 7.98253e-13
-164.124 127.196 8.02912e-13
-144.041 132.573 6.74033e-13
-93.4599 138.126 6.74956e-13
-82.1496 147.188 4.77201e-13
-82.7826 154.545 4.72212e-13
-88.8831 160.072 4.97301e-13
-103.957 165.599 4.88253e-13
-107.678 166.999 4.98535e-13
-113.234 169.075 4.98321e-13
-121.496 172.146 4.97804e-13
-133.12 176.967 4.97479e-13
-146.412 182.53 4.97217e-13
-154.82 176.856 4.96287e-13
-163.203 171.189 4.95946e-13
-171.561 165.527 4.96408e-13
-179.893 159.871 4.95948e-13
-188.201 154.22 4.96598e-13
-196.484 148.576 4.95865e-13
-204.742 142.937 4.9586e-13
-212.969 137.308 4.96074e-13
-221.167 131.688 4.96175e-13
-209.383 123.809 4.85815e-13
-224.223 114.679 5.05436e-13
-259.373 106.273 5.38242e-13
-283.527 99.5276 5.58906e-13
-305.677 93.0717 5.70624e-13
-325.969 86.9888 5.75431e-13
-344.485 81.2651 5.82835e-13
-360.997 75.8311 5.99713e-13
-394.915 68.78 6.22977e-13
-444.296 60.6426 6.61798e-13
-468.838 37.2196 5.44038e-13
-476.723 18.0636 4.34533e-13
-480.655 5.19517 3.63284e-13
-483.13 -3.23523 3.09784e-13
-485.403 -9.0576 2.33782e-13
-487.596 -12.6102 2.52341e-13
-489.884 -14.6085 2.06253e-13
-492.188 -15.6502 1.88831e-13
-494.425 -16.1952 1.84685e-13
-496.589 -16.7789 1.84009e-13
-498.721 -17.182 1.72822e-13
-500.707 -17.3952 1.7997e-13
-479.258 -11.1468 1.78651e-13
-457.853 -4.91367 1.79796e-13
-436.498 1.31284 1.79393e-13
-415.191 7.54191 1.79251e-13
-393.932 13.7822 1.79109e-13
-372.717 20.0408 1.78137e-13
-351.548 26.3213 1.80558e-13
-314.126 32.5008 -6.15757e-13
-242.89 38.8795 4.05501e-14
-182.034 47.5537 -6.35769e-13
-146.236 58.7779 -2.09688e-13
-125.61 68.0784 -4.11683e-13
-103.563 76.2511 -4.09955e-13
-84.9964 83.316 -4.13816e-13
-68.3735 90.0092 -3.9008e-13
-53.2844 96.5649 -3.83365e-13
-39.1858 103.309 -3.86464e-13
-22.4636 110.555 -4.23617e-13
-7.69985 118.294 -4.45641e-13
5.17425 126.391 -4.73344e-13
15.8353 134.858 -5.31184e-13
23.9763 143.684 -4.94583e-13
27.8598 150.761 -4.84037e-13
25.2784 153.809 -4.9917e-13
19.0899 157.938 -4.29279e-13
10.4508 162.615 -4.39112e-13
-15.3938 171.469 -4.2351e-13
-54.9471 181.232 -3.96909e-13
-70.3738 175.489 -3.95545e-13
-85.7689 169.751 -4.04282e-13
-101.127 164.021 -4.03266e-13
-116.454 158.297 -4.02925e-13
-131.748 152.579 -3.9756e-13
-147.01 146.867 -3.97408e-13
-162.24 141.161 -3.9645e-13
-177.439 135.461 -3.94807e-13
-192.606 129.766 -3.91342e-13
-207.744 124.077 -3.91053e-13
-190.528 116.432 -4.02605e-13
-153.511 109.077 -3.87333e-13
-187.153 100.592 -3.74447e-13
-219.775 92.651 -3.52816e-13
-247.625 85.8975 -3.51377e-13
-234.411 90.6189 -3.43794e-13
-221.175 95.3439 -3.43353e-13
-207.919 100.072 -3.43993e-13
-194.641 104.805 -3.43283e-13
-181.341 109.54 -3.4453e-13
-168.021 114.28 -3.43276e-13
-154.679 119.023 -3.44462e-13
-141.316 123.77 -3.43116e-13
-127.932 128.52 -3.44755e-13
-111.725 133.228 -3.48691e-13
-68.1452 137.624 -3.62505e-13
-13.2616 142.081 -3.43658e-13
36.3798 147.428 -3.2667e-13
34.4439 155.107 -3.30052e-13
21.2133 160.922 -3.12718e-13
12.5174 165.13 -2.92165e-13
-54.3989 174.409 -2.84902e-13
-142.016 183.475 -2.66235e-13
-221.598 188.393 -2.57124e-13
-232.234 183.878 -2.52727e-13
-242.851 179.366 -2.53456e-13
-253.451 174.857 -2.5363e-13
-264.033 170.351 -2.571e-13
-274.597 165.849 -2.52932e-13
-285.143 161.35 -2.52856e-13
-295.672 156.855 -2.53161e-13
-306.184 152.362 -2.5273e-13
-316.678 147.873 -2.52343e-13
-327.154 143.388 -2.52721e-13
-331.7 138.555 -2.74343e-13
-318.435 132.186 -2.65772e-13
-296.77 124.819 -2.61786e-13
-268.522 116.813 -2.59353e-13
-325.142 105.324 -2.52948e-13
-375.805 93.2355 -2.46485e-13
-401.5 85.7462 -2.31881e-13
-417.405 79.2001 -2.29985e-13
-431.498 72.6421 -2.27752e-13
-444.667 66.474 -2.24906e-13
-429.904 72.1494 -2.2332e-13
-415.112 77.8299 -2.24573e-13
-400.29 83.5156 -2.24615e-13
-385.44 89.2062 -2.23648e-13
-370.56 94.9019 -2.17865e-13
-355.651 100.603 -2.18117e-13
-340.713 106.309 -2.18141e-13
-325.745 112.02 -2.23729e-13
-287.511 117.437 -2.43504e-13
-225.235 122.818 -2.38169e-13
-149.134 128.425 -2.3679e-13
-106.752 138.343 -2.41345e-13
-93.7102 150.234 -2.47352e-13
-93.2157 160.541 -2.42925e-13
-91.7556 170.305 -2.21897e-13
-106.366 179.965 -2.18898e-13
-148.053 190.033 -2.15101e-13
-224.601 189.265 -1.80289e-13
-293.099 178.179 -1.54335e-13
-349.132 161.478 -1.08042e-13
-392.687 141.952 -7.45472e-14
-425.252 121.785 -4.43396e-14
-445.32 101.826 -1.89795e-14
-455.042 86.2397 2.28666e-15
-458.688 79.4935 5.16228e-15
-462.173 72.7258 6.52532e-15
-465.239 65.8958 6.79676e-15
-467.891 59.0244 6.56899e-15
-470.332 52.1586 6.95231e-15
-472.514 45.3016 7.46972e-15
-474.258 38.4489 8.52626e-15
-450.021 31.4703 1.40965e-14
-405.598 23.5777 1.32199e-14
-347.621 14.8045 1.35454e-14
-351.135 1.50092 2.49299e-14
-402.715 -14.1778 3.29535e-14
-431.165 -27.3046 4.4481e-14
-457.003 -39.0632 4.74904e-14
-461.192 -45.2987 4.82686e-14
-461.022 -45.4954 4.62966e-14
-463.296 -40.9486 5.22582e-14
-466.877 -32.6537 3.84056e-14
-468.956 -26.4432 4.52885e-14
-470.01 -22.0023 3.26056e-14
-470.323 -19.3354 3.84553e-14
-470.389 -17.0058 3.15139e-14
-456.815 -11.9611 2.74473e-14
-443.215 -6.91181 2.48593e-14
-429.589 -1.85803 2.49174e-14
-415.937 3.20016 2.58646e-14
-402.259 8.26285 2.57895e-14
-388.554 13.3301 2.97015e-14
-374.823 18.4018 2.67677e-14
-361.066 23.4781 2.69458e-14
-327.219 28.3791 7.66671e-14
-272.435 33.4028 4.29182e-14
-205.658 38.7509 4.10896e-14
-127.012 44.4411 3.54875e-14
-115.798 57.3369 5.15867e-14
-99.1421 69.1339 4.49841e-14
-78.6475 78.8648 5.13717e-14
-67.6618 87.4275 5.86153e-14
-56.7827 95.6937 6.40948e-14
-50.2978 103.973 5.04062e-14
-41.314 112.036 6.24601e-14
-45.0471 120.295 5.36602e-14
-96.0373 130.331 4.98402e-14
-155.925 140.325 6.60914e-14
-216.461 150.044 7.39099e-14
-276.922 159.548 6.60714e-14
-332.256 168.122 6.86587e-14
-333.969 165.846 6.68612e-14
-336.533 162.434 6.47515e-14
-340.365 157.32 7.02562e-14
-346.081 149.657 6.99044e-14
-352.808 140.589 7.06286e-14
-359.481 131.536 6.61369e-14
-360.214 122.537 3.65518e-14
-310.681 112.668 6.64994e-14
-235.684 101.111 1.15603e-13
-313.994 81.0866 -4.36617e-14
-373.419 63.1083 -1.02601e-13
-428.047 47.6051 -1.62421e-13
-473.15 30.3214 -1.89854e-13
-473.644 15.0112 -1.64536e-13
-472.241 5.0897 -1.48665e-13
-470.188 -0.634837 -1.15723e-13
-468.052 -3.4098 -1.11975e-13
-465.882 -4.5515 -9.85678e-14
-463.481 -5.18315 -8.73329e-14
-460.832 -5.23564 -7.81687e-14
-457.892 -4.71619 -7.06245e-14
-454.629 -3.7412 -7.11956e-14
-451.067 -2.54103 -6.57145e-14
-447.238 -1.32921 -5.39872e-14
-443.195 -0.248453 -5.26236e-14
-438.997 0.639799 -4.47041e-14
-434.611 1.28366 -3.84427e-14
-430.024 1.85364 -3.68382e-14
-425.298 2.43201 -3.47581e-14
-420.455 3.04906 -3.09873e-14
-415.527 3.69952 -2.58044e-14
-410.551 4.35533 -2.39056e-14
-405.563 4.98276 -2.26593e-14
-400.599 5.55511 -1.76068e-14
-395.646 6.16943 -2.00497e-14
-391.1 6.64833 -1.80837e-14
-391.1 6.64834 -1.91242e-14
-389.931 6.89357 -1.31203e-14
-371.206 10.8237 -1.50713e-14
-352.525 14.6905 -1.25167e-14
-333.849 18.5476 -1.27721e-14
-315.176 22.4029 -1.32604e-14
-295.82 26.2487 -1.03321e-14
-250.429 29.8375 -6.99659e-15
-192.832 33.6134 -6.88353e-15
-118.104 37.5766 -5.6328e-15
-30.3663 42.3567 -7.31912e-15
-5.22698 51.8566 -2.6783e-14
6.1028 60.2051 -3.78744e-14
-6.65484 68.6475 -6.23064e-14
-36.7626 77.1111 -8.29877e-14
-66.7487 85.0721 -1.09979e-13
-101.269 92.9432 -1.33963e-13
-151.295 101.069 -1.65437e-13
-201.509 108.967 -1.7965e-13
-251.266 116.712 -2.06031e-13
-294.085 123.413 -2.17648e-13
-297.558 122.321 -2.14816e-13
-302.763 120.683 -2.15451e-13
-310.561 118.229 -2.14537e-13
-322.238 114.55 -2.15098e-13
-336.047 110.195 -2.14617e-13
-349.822 105.845 -2.13976e-13
-359.536 100.299 -2.10037e-13
-363.065 95.5526 -2.1841e-13
-346.124 90.1138 -1.97765e-13
-322.712 84.8875 -2.24465e-13
-307.812 89.4261 -2.14093e-13
-292.871 93.9708 -2.04951e-13
-277.887 98.5217 -2.14559e-13
-262.862 103.079 -2.05519e-13
-247.791 107.643 -2.15177e-13
-232.671 112.216 -2.04694e-13
-264.952 117.98 -2.27378e-13
-338.732 122.938 -1.98658e-13
-345.61 116.027 -1.92068e-13
-351.804 109.136 -1.8511e-13
-357.346 102.297 -1.79936e-13
-362.27 95.5388 -1.75584e-13
-366.612 88.8838 -1.70004e-13
-369.159 84.4156 -1.76234e-13
-350.756 78.9802 -1.84415e-13
-318.705 72.416 -1.67187e-13
-350.492 64.6797 -1.67508e-13
-382.897 55.0972 -1.59754e-13
-385.103 42.119 -1.2908e-13
-384.272 30.3973 -9.65288e-14
-381.79 22.0979 -6.55873e-14
-378.788 16.3573 -4.24488e-14
-375.24 12.5983 -2.63058e-14
-371.59 10.1926 -1.65891e-14
-368.01 8.59391 -8.17605e-15
-364.524 7.50943 -3.28467e-15
-361.771 6.86173 5.06355e-17
-357.502 7.80897 -1.26373e-15
-351.095 9.23032 -1.55966e-15
-341.474 11.3635 -3.68372e-15
-327.022 14.566 -2.20645e-15
-309.861 18.3659 -2.47855e-15
-292.661 22.1707 -2.81765e-15
-269.155 25.8485 2.53307e-16
-225.355 29.3226 -3.34172e-15
-169.886 32.9452 -3.3939e-15
-97.6139 36.723 -4.85938e-15
-71.436 46.0461 -6.15347e-15
-55.7278 55.6651 -1.14504e-14
-64.6933 65.0576 -1.78245e-14
-105.875 73.6427 -2.20264e-14
-154.957 81.5014 -3.317e-14
-215.598 88.822 -3.68558e-14
-274.36 95.7659 -4.63018e-14
-330.355 102.078 -4.91416e-14
-336.363 91.2351 -4.64353e-14
-339.479 84.0759 -3.94667e-14
-340.266 82.6069 -3.78962e-14
-341.399 80.4183 -3.76428e-14
-342.995 77.17 -3.63565e-14
-345.166 72.3783 -3.34055e-14
-347.421 66.8154 -3.23649e-14
-349.358 61.3726 -3.13099e-14
-351 56.0544 -2.95976e-14
-349.762 51.888 1.88887e-12
-331.207 46.9943 -3.89295e-14
-308.252 42.5563 -9.5568e-15
-303.862 44.2023 5.75425e-13
-299.468 45.8493 5.7693e-13
-295.068 47.497 5.79067e-13
-290.663 49.1456 5.81666e-13
-286.254 50.795 5.82008e-13
-281.839 52.4453 5.83221e-13
-277.419 54.0964 5.84944e-13
-272.993 55.7483 5.81727e-13
-268.563 57.4011 5.88139e-13
-264.127 59.0548 5.89024e-13
-259.686 60.7094 5.92761e-13
-255.239 62.365 5.94792e-13
-250.787 64.0217 5.83362e-13
-246.328 65.6796 5.97808e-13
-241.863 67.3387 5.99368e-13
-237.392 68.9991 6.00376e-13
-236.508 70.7249 6.12379e-13
-262.443 72.7773 7.66611e-13
-288.451 74.705 9.00342e-13
-305.651 75.6155 9.76919e-13
-316.056 71.6112 9.7346e-13
-326.433 67.612 9.6659e-13
-336.783 63.6178 9.58988e-13
-347.105 59.6284 9.64526e-13
-351.231 54.8813 9.42264e-13
-352.432 50.8011 2.10973e-12
-337.12 46.3842 -2.04074e-13
-310.825 41.1712 9.25396e-13
-296.287 35.1344 1.04866e-12
-334.502 28.6382 -1.38051e-13
-357.241 24.0966 6.68936e-13
-354.207 25.1618 6.7521e-13
-349.652 26.7601 6.76689e-13
-342.811 29.1591 6.78062e-13
-332.528 32.7609 6.81962e-13
-320.308 37