-10.4516 1.66712e-15 0
-20.9033 1.99509e-14 0
-31.3549 3.02319e-14 -7.51357e-18
-41.8066 3.98669e-14 -2.55615e-19
-52.2582 4.98039e-14 -8.69616e-21
-62.7098 5.97223e-14 -3.43481e-17
-73.1615 7.22659e-14 -1.16854e-18
-83.6131 7.91094e-14 9.87101e-17
-94.0648 9.31965e-14 3.35816e-18
-104.516 1.02498e-13 3.87555e-17
-104.516 1.01023e-13 -2.04768e-16
-109.222 -1.25613 -1.80651e-16
-113.926 -2.51197 2.37069e-16
-118.629 -3.76751 9.97545e-17
-123.329 -5.02277 -9.67357e-17
-128.027 -6.27773 -6.92766e-17
-132.724 -7.5324 1.38333e-16
-137.418 -8.78678 8.90763e-17
-142.111 -10.0409 3.17641e-17
-146.801 -11.2947 1.05922e-18
-151.49 -12.5482 2.57609e-16
-156.177 -13.8014 -2.32942e-16
-160.862 -15.0543 1.18487e-16
-165.545 -16.307 2.72874e-16
-170.227 -17.5593 -1.38264e-16
-174.906 -18.8114 2.88718e-17
-179.583 -20.0632 5.91195e-17
-212.144 -22.1327 -5.96307e-17
-251.813 -24.299 2.87307e-16
-298.172 -26.5053 -2.40221e-16
-352.798 -28.7548 -3.00146e-16
-370.712 -27.3286 -2.47386e-16
-371.295 -24.5755 -1.32066e-16
-371.824 -21.8291 4.40582e-17
-372.251 -19.4226 -2.82853e-16
-372.628 -17.1959 -2.60413e-16
-372.956 -15.264 8.19165e-17
-373.252 -13.6129 2.88151e-16
-373.544 -12.1881 -7.76526e-17
-373.844 -10.9698 1.57949e-17
-374.158 -9.9335 -1.72795e-16
-374.493 -9.04839 4.94953e-17
-374.853 -8.28897 4.50015e-16
-375.246 -7.64884 2.88044e-16
-375.682 -7.13008 -7.65237e-17
-376.153 -6.6745 3.82924e-16
-376.659 -6.27048 -1.37151e-16
-377.199 -5.90928 -6.69716e-17
-377.772 -5.58414 2.00967e-16
-378.377 -5.28981 -1.9239e-16
-379.012 -5.02213 3.4675e-17
-379.676 -4.77771 5.24382e-17
-380.367 -4.55383 -3.19016e-17
-381.078 -4.34955 4.89428e-16
-381.661 -4.65509 1.93525e-16
-382.159 -5.68588 1.03604e-15
-382.658 -6.63911 1.1508e-15
-383.16 -7.5112 -4.16931e-17
-383.667 -8.30308 4.0471e-16
-384.181 -9.01847 -8.81257e-16
-384.703 -9.66244 4.42392e-16
-385.234 -10.2408 1.05844e-15
-385.773 -10.7594 8.67257e-16
-386.305 -11.2113 -9.19848e-16
-386.839 -11.6134 -4.90272e-16
-387.381 -11.9749 -1.01739e-15
-387.93 -12.2999 2.23074e-16
-388.487 -12.5922 -1.08152e-15
-389.051 -12.855 1.75312e-15
-389.622 -13.0913 1.01292e-15
-379.917 -10.3761 9.8307e-16
-370.588 -7.75977 8.40496e-16
-361.286 -5.11928 7.88314e-16
-352.009 -2.45399 4.90873e-16
-342.752 0.236373 8.606e-16
-333.512 2.95178 9.72268e-16
-324.286 5.69196 7.81469e-16
-315.07 8.45644 8.87178e-16
-305.862 11.2446 4.44946e-16
-296.659 14.0556 4.03819e-16
-287.46 16.8887 6.66547e-16
-278.261 19.7429 4.89929e-16
-269.062 22.6173 8.84403e-16
-259.861 25.511 5.54822e-16
-250.657 28.423 9.08954e-16
-210.257 33.8822 8.1904e-16
-197.819 39.9665 -1.47567e-16
-215.378 46.1327 2.06844e-15
-242.882 52.4805 5.44023e-16
-273.016 58.924 1.85647e-15
-305.492 65.4305 9.66925e-16
-340.88 71.8891 3.75968e-16
-359.554 70.2805 -4.59346e-17
-365.887 64.3029 2.70064e-15
-371.052 58.8832 3.2478e-15
-375.176 54.1668 6.60713e-16
-378.441 50.2046 1.14506e-15
-381.028 46.9785 1.30635e-15
-383.096 44.4295 3.96438e-16
-384.771 42.4791 3.19905e-16
-386.165 41.0285 3.08154e-16
-387.413 39.9089 5.43652e-16
-388.481 39.177 4.54267e-16
-389.413 38.761 7.8267e-16
-390.237 38.6037 -3.67663e-16
-390.935 38.6519 1.14527e-17
-391.529 38.8459 2.52752e-17
-392.072 39.1641 3.70573e-16
-392.564 39.5868 6.76402e-17
-392.997 40.0851 3.77581e-16
-393.392 40.6625 6.43639e-17
-393.751 41.3118 3.78744e-17
-394.072 42.0202 -4.30645e-17
-394.344 42.7529 3.82825e-16
-394.584 43.537 6.22582e-17
-394.794 44.3699 2.96764e-16
-394.972 45.2494 3.96554e-16
-395.108 46.1124 3.36225e-16
-395.214 47.0056 3.42366e-16
-395.293 47.9344 6.76577e-17
-396.883 44.1448 3.19508e-16
-398.27 40.4701 3.20786e-16
-399.472 36.9111 2.2581e-16
-400.506 33.4677 3.41852e-16
-401.387 30.139 1.37052e-16
-402.131 26.9238 -7.02385e-17
-402.751 23.8202 9.56423e-18
-403.261 20.8262 5.21223e-17
-403.671 17.9393 2.25098e-16
-403.993 15.1566 1.29111e-16
-404.237 12.4754 1.65524e-16
-404.412 9.8926 -1.88708e-17
-404.526 7.405 2.86101e-16
-404.587 5.00942 1.01467e-16
-404.601 2.7026 -2.6814e-17
-404.575 0.481304 1.66136e-16
-405.102 -1.05173 1.65193e-16
-405.669 -3.27281 2.1898e-16
-406.134 -5.90807 7.2317e-17
-406.554 -8.56088 3.17784e-16
-407.063 -10.7753 9.75486e-17
-407.675 -12.5885 1.2627e-16
-408.321 -14.285 6.49501e-17
-409.005 -15.8614 6.39023e-17
-409.798 -17.1038 3.34684e-17
-410.696 -18.0512 2.57147e-17
-411.69 -18.7455 2.00538e-16
-412.766 -19.2293 1.58487e-16
-413.911 -19.5447 -1.79163e-17
-415.131 -19.7431 -3.10383e-16
-416.423 -19.8557 5.14754e-17
-417.752 -19.9128 4.37374e-16
-419.106 -19.9303 7.35577e-16
-420.471 -19.9479 -1.56386e-17
-421.818 -20.0794 -6.53845e-17
-423.174 -20.1917 4.73997e-16
-424.532 -20.2972 5.95787e-16
-425.754 -20.395 3.12818e-16
-426.817 -20.4876 2.91881e-16
-427.857 -20.5877 -4.66427e-17
-428.832 -20.6924 -4.78696e-16
-429.809 -20.8083 6.71447e-16
-430.784 -20.9356 2.22261e-16
-431.647 -21.0595 3.59346e-16
-432.51 -21.1925 3.03147e-17
-433.371 -21.3343 1.20918e-16
-434.187 -21.4772 -2.27205e-16
-434.91 -21.6115 5.04447e-16
-435.632 -21.7509 1.4899e-16
-436.354 -21.8953 3.05924e-16
-437.067 -22.0429 2.91824e-16
-437.633 -22.1655 -5.05855e-16
-438.2 -22.2907 1.67311e-16
-438.769 -22.4184 -2.73413e-16
-439.341 -22.5485 -7.11483e-17
-429.172 -19.7974 8.40849e-16
-419.003 -17.0413 -2.57409e-16
-408.84 -14.2813 2.5556e-16
-398.687 -11.5186 1.28796e-16
-388.533 -8.75032 -4.67535e-17
-378.379 -5.97651 3.62353e-16
-368.224 -3.19701 6.14171e-17
-358.067 -0.41172 1.78583e-17
-347.907 2.37939 -1.18733e-16
-337.744 5.17636 -1.57395e-16
-327.601 7.9565 3.30144e-17
-317.532 10.675 9.26948e-17
-307.492 13.3879 -2.45154e-16
-297.51 16.0894 -3.82251e-17
-287.549 18.7914 2.54306e-17
-277.608 21.4959 -5.05388e-17
-281.418 24.7153 1.80197e-16
-284.503 29.5866 4.64785e-17
-278.339 35.6082 -1.78563e-16
-273.246 42.016 -1.36208e-16
-270.419 48.5231 -2.55711e-16
-269.19 55.2043 -5.09872e-16
-266.682 62.2914 -2.91278e-16
-266.577 69.5149 2.50998e-17
-269.103 76.8563 -3.15806e-16
-274.45 84.2928 1.65705e-16
-282.718 91.779 5.93871e-17
-293.929 99.2928 1.27487e-16
-308.033 106.823 1.57612e-16
-322.305 113.672 7.89105e-18
-337.129 120.586 4.74458e-16
-346.337 120.731 1.24602e-16
-353.257 117.864 2.73162e-16
-360.376 114.618 -5.76255e-16
-365.454 112.114 -5.22841e-16
-367.7 110.956 2.61713e-16
-369.814 109.838 1.84552e-15
-371.938 108.685 -3.19415e-16
-373.404 107.874 -1.94969e-17
-374.813 107.082 1.59313e-15
-376.239 106.266 -6.04781e-16
-377.69 105.422 -2.9849e-16
-379.161 104.552 1.86392e-16
-380.649 103.656 4.91199e-16
-382.149 102.738 2.19499e-15
-383.657 101.799 -8.88466e-16
-385.166 100.844 -4.75409e-15
-386.538 99.9614 1.16026e-15
-387.737 99.1813 -7.46448e-16
-388.944 98.3854 1.17767e-15
-390.156 97.5768 -1.26744e-15
-401.023 87.4272 -2.45812e-16
-410.154 77.4174 5.14712e-16
-417.685 67.6759 -6.93366e-15
-423.776 58.304 -6.54043e-16
-428.605 49.3748 -2.05026e-15
-432.35 40.9353 -3.45898e-15
-435.18 33.0104 -1.09784e-14
-437.249 25.6255 -5.00743e-16
-439.796 13.2291 6.21598e-16
-441.405 0.688307 -9.7903e-16
-442.333 -8.02849 6.24867e-16
-442.838 -12.0092 -3.19098e-16
-443.345 -14.8075 3.57656e-15
-443.8 -16.6173 5.65415e-15
-444.293 -18.0509 5.33948e-15
-444.82 -19.2738 8.94565e-15
-445.33 -20.4929 1.32637e-16
-445.888 -21.499 4.86015e-15
-446.493 -22.3221 4.32597e-16
-447.142 -22.9884 1.87189e-15
-447.822 -23.5139 2.16566e-15
-448.519 -23.9185 4.25458e-15
-449.243 -24.232 2.18515e-15
-449.99 -24.4709 5.28186e-15
-450.762 -24.6502 5.28477e-15
-451.556 -24.7824 1.61869e-14
-452.37 -24.8785 1.10341e-14
-453.21 -24.9863 4.45209e-17
-454.08 -25.1117 -6.79291e-15
-454.97 -25.2324 4.20163e-15
-455.878 -25.3518 4.00652e-15
-456.804 -25.4725 3.99294e-15
-457.745 -25.5973 1.00611e-14
-458.699 -25.7281 -2.93458e-15
-459.68 -25.8468 8.15251e-15
-460.977 -25.6128 7.3747e-15
-462.931 -24.6822 7.4408e-15
-464.905 -23.9154 9.29544e-15
-466.909 -23.2784 1.19832e-14
-468.943 -22.7496 4.38046e-15
-471.003 -22.3145 7.13327e-15
-473.155 -21.8958 -1.18812e-16
-475.396 -21.499 -1.10636e-14
-477.685 -21.1651 5.08391e-15
-480.022 -20.8836 -2.17134e-15
-482.404 -20.6424 -1.69846e-14
-484.926 -20.3484 9.59807e-19
-487.459 -20.054 -2.62764e-15
-489.977 -19.7642 1.22859e-15
-492.487 -19.4616 4.89518e-15
-494.9