-5.47149e-05 2.26914e-20 0
-0.00010943 2.71554e-19 0
-0.000164145 4.11491e-19 -1.02268e-22
-0.00021886 5.42634e-19 -3.47922e-24
-0.000273575 6.77889e-19 -1.18365e-25
-0.000328289 8.12889e-19 -4.67516e-22
-0.000383004 9.83622e-19 -1.59051e-23
-0.000437719 1.07677e-18 1.34356e-21
-0.000492434 1.26851e-18 4.57084e-23
-0.000547149 1.39511e-18 5.27506e-22
-0.000547149 1.37504e-18 -2.78713e-21
-0.000588211 -1.70973e-05 -2.45887e-21
-0.000629258 -3.41907e-05 3.22678e-21
-0.000670292 -5.12801e-05 1.35777e-21
-0.000711312 -6.83656e-05 -1.31668e-21
-0.000752319 -8.54471e-05 -9.42934e-22
-0.000793311 -0.000102525 1.88287e-21
-0.00083429 -0.000119598 1.21243e-21
-0.000875255 -0.000136668 4.32346e-22
-0.000916206 -0.000153733 1.44173e-23
-0.000957143 -0.000170795 3.50636e-21
-0.000998067 -0.000187853 -3.17061e-21
-0.00103898 -0.000204907 1.61274e-21
-0.00107987 -0.000221956 3.71413e-21
-0.00112076 -0.000239002 -1.88193e-21
-0.00116162 -0.000256044 3.92978e-22
-0.00120248 -0.000273083 8.04684e-22
-0.00140997 -0.000301251 -1.01181e-21
-0.00165972 -0.000330736 2.96102e-21
-0.00194904 -0.000360767 -4.82589e-21
-0.00228701 -0.000391385 -4.24235e-21
-0.00265964 -0.000421338 -4.89372e-21
-0.00305011 -0.000449264 -3.0746e-21
-0.00348674 -0.000476958 -4.17718e-22
-0.00392295 -0.000501631 -5.91056e-21
-0.00439388 -0.000525866 -6.29889e-21
-0.00486952 -0.000547822 -4.74994e-22
-0.00534356 -0.000567532 2.69483e-21
-0.00583758 -0.000586884 -2.35335e-21
-0.00634021 -0.000605127 -5.91377e-22
-0.00684091 -0.000621791 -3.83878e-21
-0.00733973 -0.000637091 5.31283e-22
-0.00783676 -0.000651213 7.73832e-21
-0.00833768 -0.000664851 6.18255e-21
-0.00885259 -0.000678958 8.70078e-22
-0.00936599 -0.000692267 9.48346e-21
-0.00987802 -0.000704842 -6.08876e-22
-0.0103888 -0.000716747 1.79619e-21
-0.0108985 -0.000728039 6.04346e-21
-0.0114072 -0.000738775 -1.19152e-21
-0.011915 -0.000749005 3.57153e-21
-0.012422 -0.000758774 4.60611e-21
-0.0129284 -0.000768125 2.37729e-21
-0.0134305 -0.000777033 1.1204e-20
-0.0138427 -0.000792001 9.14035e-21
-0.0142167 -0.000819123 2.87973e-20
-0.0145883 -0.000848239 3.55966e-20
-0.0149579 -0.000878925 1.33943e-20
-0.0153256 -0.000910848 2.08699e-20
-0.0156916 -0.000943746 -8.55008e-21
-0.0160562 -0.00097741 2.14252e-20
-0.0164195 -0.00101167 3.13251e-20
-0.0167817 -0.0010464 3.46413e-20
-0.017132 -0.00108041 -1.45985e-21
-0.0174777 -0.00111431 4.77899e-21
-0.0178227 -0.00114839 -7.14763e-21
-0.0181672 -0.0011826 1.5139e-20
-0.0185112 -0.0012169 -1.19691e-20
-0.0188548 -0.00125124 4.66782e-20
-0.019198 -0.00128561 3.46778e-20
-0.0191094 -0.00124865 3.37801e-20
-0.0190224 -0.00121304 3.09682e-20
-0.0189356 -0.0011771 3.1243e-20
-0.0188489 -0.00114082 2.668e-20
-0.0187622 -0.0011042 3.10635e-20
-0.0186756 -0.00106724 3.32114e-20
-0.018589 -0.00102994 3.09982e-20
-0.0185024 -0.000992316 3.21581e-20
-0.0184159 -0.000954366 2.4927e-20
-0.0183294 -0.000916105 2.46051e-20
-0.0182428 -0.000877544 2.88284e-20
-0.0181562 -0.000838694 2.63311e-20
-0.0180696 -0.00079957 3.20115e-20
-0.017983 -0.000760184 2.69057e-20
-0.0178963 -0.000720548 3.23462e-20
-0.0176245 -0.000646243 3.1676e-20
-0.0174621 -0.000563428 1.86694e-20
-0.0174299 -0.000479499 4.50383e-20
-0.0174437 -0.000393099 2.35495e-20
-0.0174667 -0.000305395 4.243e-20
-0.017498 -0.000216834 2.915e-20
-0.0175412 -0.000128925 2.17677e-20
-0.0176176 -3.94509e-05 1.79655e-20
-0.0177208 5.0194e-05 5.50738e-20
-0.0178341 0.000138736 7.15846e-20
-0.017954 0.000226218 3.61641e-20
-0.0180776 0.000312815 4.57786e-20
-0.0182024 0.00039877 5.24642e-20
-0.0183266 0.000484341 4.0097e-20
-0.0184485 0.000569777 3.74194e-20
-0.01857 0.000656176 3.88154e-20
-0.0187023 0.000746361 4.37289e-20
-0.018833 0.000837773 4.29097e-20
-0.0189616 0.000930372 4.87889e-20
-0.0190874 0.00102414 3.2008e-20
-0.0192033 0.00111379 3.58957e-20
-0.0193093 0.00119904 3.83251e-20
-0.0194124 0.0012854 4.23461e-20
-0.0195114 0.00137207 3.83909e-20
-0.0196037 0.00145672 4.52825e-20
-0.0196927 0.00154244 4.07858e-20
-0.0197783 0.00162924 3.80998e-20
-0.0198594 0.00171626 3.74638e-20
-0.0199331 0.00180009 4.41131e-20
-0.0200033 0.00188492 3.93005e-20
-0.02007 0.00197076 4.34606e-20
-0.0201331 0.0020576 4.43732e-20
-0.0201884 0.00213937 4.62773e-20
-0.0202399 0.00222133 4.56146e-20
-0.0202882 0.00230416 3.99838e-20
-0.0203792 0.00226998 4.44259e-20
-0.0204705 0.00223573 4.58043e-20
-0.0205619 0.00220141 4.45126e-20
-0.0206534 0.00216699 4.52634e-20
-0.020745 0.00213245 4.23968e-20
-0.0208367 0.0020978 4.00311e-20
-0.0209284 0.00206301 4.07936e-20
-0.0210203 0.00202809 4.12119e-20
-0.0211121 0.00199304 4.37314e-20
-0.0212041 0.00195785 4.26718e-20
-0.021296 0.00192252 4.3299e-20
-0.0213879 0.00188707 4.06727e-20
-0.0214798 0.00185149 4.51239e-20
-0.0215718 0.00181578 4.20233e-20
-0.0216637 0.00177996 3.96119e-20
-0.0217556 0.00174402 4.30343e-20
-0.0220444 0.00169837 4.34621e-20
-0.0224038 0.00163421 4.5067e-20
-0.0227681 0.00155951 4.19894e-20
-0.0231386 0.00147894 4.66371e-20
-0.0235322 0.00139694 4.3641e-20
-0.0239501 0.00131367 4.49054e-20
-0.0243843 0.00122685 4.33948e-20
-0.0248352 0.00113666 4.35874e-20
-0.0253118 0.00104521 4.3149e-20
-0.0258146 0.000952819 4.28004e-20
-0.0263439 0.000859804 4.61662e-20
-0.0268992 0.00076649 4.51623e-20
-0.0274792 0.000673182 4.2452e-20
-0.0280915 0.000578237 3.72535e-20
-0.0287379 0.000481363 4.36377e-20
-0.0294074 0.000384303 5.1163e-20
-0.0300957 0.000287528 5.87696e-20
-0.0307999 0.000190748 4.75942e-20
-0.0315146 9.24051e-05 4.64678e-20
-0.0322412 -6.05816e-06 5.68712e-20
-0.0329771 -0.000104592 6.264e-20
-0.0336469 -0.000193558 5.77122e-20
-0.0342358 -0.000271427 6.0795e-20
-0.0348172 -0.000348078 5.27234e-20
-0.0353684 -0.000420677 4.5161e-20
-0.0359256 -0.000494086 6.72206e-20
-0.0364864 -0.000568066 6.02303e-20
-0.0369877 -0.000634368 6.2342e-20
-0.0374928 -0.000701369 5.84842e-20
-0.0380014 -0.000769064 5.95999e-20
-0.0384865 -0.000833882 5.27935e-20
-0.0389197 -0.000892016 6.58574e-20
-0.0393554 -0.000950719 6.15867e-20
-0.0397936 -0.00101001 6.18403e-20
-0.040229 -0.00106919 6.41921e-20
-0.0405769 -0.00111667 4.94771e-20
-0.0409274 -0.00116468 6.03918e-20
-0.0412807 -0.00121327 5.42983e-20
-0.0416371 -0.00126247 5.68714e-20
-0.0415471 -0.00122502 6.93558e-20
-0.0414571 -0.00118751 5.42748e-20
-0.041367 -0.00114995 6.1098e-20
-0.0412771 -0.00111234 5.9396e-20
-0.0411871 -0.00107466 5.67476e-20
-0.0410971 -0.00103691 6.27029e-20
-0.041007 -0.000999075 5.81159e-20
-0.040917 -0.000961164 5.76955e-20
-0.0408269 -0.000923174 5.60265e-20
-0.0407368 -0.000885104 5.54829e-20
-0.0406467 -0.000847263 5.85914e-20
-0.040557 -0.000810261 5.83696e-20
-0.0404674 -0.000773335 5.35465e-20
-0.0403782 -0.000736565 5.69492e-20
-0.0402891 -0.000699787 5.83655e-20
-0.0402001 -0.000662976 5.64361e-20
-0.0401668 -0.000619156 5.98892e-20
-0.0401044 -0.000552852 5.85942e-20
-0.0399781 -0.000470891 5.52756e-20
-0.0398508 -0.000383675 5.6863e-20
-0.0397316 -0.000295106 5.43198e-20
-0.0396167 -0.000204167 5.16913e-20
-0.0394903 -0.000107703 5.44705e-20
-0.0393724 -9.38275e-06 5.82532e-20
-0.0392642 9.05422e-05 5.52365e-20
-0.0391668 0.000191761 6.01986e-20
-0.039081 0.000293656 5.85081e-20
-0.0390071 0.000395928 5.89605e-20
-0.0389447 0.00049842 5.83896e-20
-0.038894 0.000591639 5.68018e-20
-0.0388451 0.000685753 6.36942e-20
-0.0388153 0.000783693 5.88756e-20
-0.0387994 0.000884079 6.0858e-20
-0.038792 0.000985792 4.70929e-20
-0.0387907 0.00105941 4.24992e-20
-0.0387903 0.00109315 6.15219e-20
-0.0387904 0.00112549 8.94218e-20
-0.0387911 0.00115861 4.66968e-20
-0.0387915 0.00118229 4.8364e-20
-0.0387921 0.00120548 8.16936e-20
-0.038793 0.00122934 4.42175e-20
-0.0387941 0.00125406 4.0872e-20
-0.0387956 0.00127966 5.05996e-20
-0.0387974 0.00130617 5.32432e-20
-0.0387995 0.00133358 9.37059e-20
-0.0388019 0.00136191 2.65242e-20
-0.0388046 0.00139116 2.84209e-20
-0.0388072 0.00141876 6.19404e-20
-0.0388095 0.00144379 2.77477e-20
-0.038812 0.00146978 7.06546e-20
-0.0388148 0.00149671 1.99521e-22
-0.0390123 0.00141783 3.38789e-20
-0.0392099 0.00133897 4.53097e-20
-0.0394074 0.00126006 -6.17113e-20
-0.039605 0.00118106 2.34414e-20
-0.0398024 0.00110194 2.319e-21
-0.0399998 0.00102267 -1.98141e-20
-0.040197 0.000943247 -1.34998e-19
-0.0403935 0.000863875 7.97759e-21
-0.0408367 0.000715699 3.4497e-20
-0.0415119 0.000524187 6.13677e-21
-0.0422488 0.000342233 2.12572e-20
-0.0427075 0.000236908 1.48217e-20
-0.0431287 0.000144877 1.01331e-19
-0.0434719 7.28185e-05 1.39893e-19
-0.0438119 3.84116e-06 1.54638e-19
-0.0441575 -6.49874e-05 2.46146e-19
-0.044505 -0.000135719 1.06178e-19
-0.0448618 -0.000206499 1.93492e-19
-0.0452291 -0.000277522 1.05362e-19
-0.0456082 -0.000348983 1.36822e-19
-0.0459942 -0.000419976 1.48444e-19
-0.0463823 -0.000489693 2.04427e-19
-0.0467807 -0.000559645 1.74792e-19
-0.0471902 -0.000629969 2.41557e-19
-0.047613 -0.000701098 2.65702e-19
-0.04805 -0.000773183 5.0184e-19
-0.048502 -0.000846365 4.69439e-19
-0.0489766 -0.000922742 2.66183e-19
-0.0494771 -0.00100295 1.10375e-19
-0.049997 -0.00108549 3.208e-19
-0.0505364 -0.00117044 3.24994e-19
-0.0510952 -0.00125783 3.44255e-19
-0.0516727 -0.00134764 4.97663e-19
-0.0522683 -0.00143984 2.54559e-19
-0.0528877 -0.00153508 4.79684e-19
-0.0536677 -0.00164805 5.04344e-19
-0.0547901 -0.00179451 5.70622e-19
-0.0559756 -0.0019441 6.89753e-19
-0.0572233 -0.00209718 8.52134e-19
-0.0585292 -0.00225371 7.36971e-19
-0.0598893 -0.00241368 8.43552e-19
-0.061339 -0.00258037 7.03744e-19
-0.0628791 -0.00275373 3.66327e-19
-0.0644863 -0.00293192 7.10142e-19
-0.0661591 -0.00311492 5.44904e-19
-0.0678961 -0.00330262 4.94435e-20
-0.0697577 -0.00349955 3.66198e-19
-0.071655 -0.00369644 3.06683e-19
-0.0735693 -0.00389133 3.90577e-19
-0.0755026 -0.00408401 5.24064e-19
-0.0774571 -0.00427409 5.34806e-19
-0.0794343 -0.00446105 4.73482e-19
-0.0814349 -0.00464436 5.12883e-19
-0.0812735 -0.00457858 4.79185e-19
-0.0811124 -0.00451261 4.71605e-19
-0.0809516 -0.00444634 4.68296e-19
-0.080791 -0.00437969 4.65722e-19
-0.0806305 -0.00431261 4.71322e-19
-0.0804702 -0.00424506 4.67229e-19
-0.08031 -0.00417703 4.80256e-19
-0.0801498 -0.00410852 4.66898e-19
-0.0799896 -0.00403953 4.66573e-19
-0.0798503 -0.00396078 3.52647e-19
-0.0794491 -0.00380093 2.37114e-19
-0.0789648 -0.00365365 2.96785e-19
-0.0785206 -0.00353435 2.43126e-19
-0.0780858 -0.00342441 3.17034e-19
-0.0776081 -0.00331468 3.45839e-19
-0.0771448 -0.00320992 2.78129e-19
-0.0766942 -0.00310856 3.39434e-19
-0.0762164 -0.0030026 3.60745e-19
-0.0757191 -0.00289342 2.84734e-19
-0.075227 -0.00278435 3.83028e-19
-0.0747411 -0.00267511 3.96091e-19
-0.0742617 -0.0025655 2.9521e-19
-0.0737892 -0.00245537 4.34556e-19
-0.0733295 -0.00234263 3.7653e-19
-0.0728616 -0.00222103 2.82513e-19
-0.0724032 -0.00209641 4.25832e-19
-0.0719537 -0.00196846 4.69908e-19
-0.0715137 -0.00183736 4.20166e-19
-0.0710853 -0.00170389 4.18957e-19
-0.0706683 -0.00156821 2.9374e-19
-0.0702622 -0.00143041 4.26473e-19
-0.0698671 -0.0012909 4.26058e-19
-0.0694829 -0.0011501 4.22748e-19
-0.0696305 -0.00121138 3.16241e-19
-0.0697779 -0.00127261 4.39436e-19
-0.0699251 -0.00133378 3.19544e-19
-0.0700721 -0.00139489 4.45477e-19
-0.070219 -0.00145594 4.4683e-19
-0.0703656 -0.00151694 4.49109e-19
-0.0705121 -0.00157789 4.5101e-19
-0.0706583 -0.00163877 4.28561e-19
-0.0708044 -0.0016996 3.71242e-19
-0.0709503 -0.00176038 4.36167e-19
-0.071096 -0.00182111 4.39851e-19
-0.0712077 -0.00189698 4.00992e-19
-0.0712264 -0.00195539 9.40781e-18
-0.0714996 -0.00205414 1.55188e-17
-0.0718003 -0.00214811 2.52621e-17
-0.07217 -0.00225109 3.69617e-17
-0.0725379 -0.00234838 4.8722e-17
-0.0729326 -0.00244543 6.08256e-17
-0.0734159 -0.0025496 7.53971e-17
-0.0732459 -0.00247873 7.5333e-17
-0.0730758 -0.0024078 7.52342e-17
-0.0729054 -0.00233681 7.52724e-17
-0.0727347 -0.00226575 7.53332e-17
-0.0725639 -0.00219462 7.523e-17
-0.0723928 -0.00212343 7.53117e-17
-0.0722214 -0.00205217 7.52283e-17
-0.0720499 -0.00198085 7.52321e-17
-0.071878 -0.00190945 7.52928e-17
-0.0717068 -0.00183742 7.52564e-17
-0.0715643 -0.00173018 6.37451e-17
-0.0713566 -0.0016343 7.06564e-17
-0.0711484 -0.001534 6.88343e-17
-0.0708559 -0.00142494 6.81876e-17
-0.0707823 -0.00139776 6.80631e-17
-0.0706726 -0.00135714 6.79267e-17
-0.07051 -0.00129643 6.75127e-17
-0.0702708 -0.00120573 6.73656e-17
-0.0699685 -0.00110013 6.72066e-17
-0.0701508 -0.0011758 6.72409e