-5.32133 -1.61631e-08 -1.05387e-08
-10.6427 -3.21658e-08 -2.09396e-08
-15.964 -4.80078e-08 -3.12018e-08
-21.2853 -6.36873e-08 -4.13245e-08
-26.6066 -7.92045e-08 -5.13068e-08
-31.928 -9.45576e-08 -6.11478e-08
-37.2493 -1.09746e-07 -7.08468e-08
-42.5706 -1.24769e-07 -8.04029e-08
-47.8919 -1.39626e-07 -8.98152e-08
-53.2133 -1.54315e-07 -9.90827e-08
-53.2133 -3.19247e-05 1.16956e-05
-53.2122 -0.000173985 6.24458e-05
-53.21 -0.000460172 0.000204146
-53.2117 -0.000819468 0.000539479
-53.2202 -0.00110145 0.00117561
-53.2303 -0.00109611 0.00216392
-53.24 -0.000591383 0.00352067
-53.2543 0.000582623 0.00525938
-53.2752 0.00253885 0.00734949
-53.2959 0.0053042 0.00966344
-53.3073 0.00873487 0.0120137
-53.3023 0.0124575 0.0142073
-53.2833 0.016007 0.0161032
-53.2664 0.0189541 0.0176575
-53.2627 0.0209505 0.0188967
-53.2701 0.0217699 0.019889
-53.2934 0.0213116 0.0207176
-53.3531 0.0195994 0.0214549
-53.4782 0.0167332 0.0221562
-53.7028 0.0128406 0.0228567
-54.0312 0.00806703 0.0236047
-54.4217 0.00256486 0.0244946
-54.8053 -0.00348255 0.0256109
-55.1035 -0.00984788 0.0269647
-55.2684 -0.0162503 0.0284899
-55.2872 -0.0223295 0.0300544
-55.1533 -0.0277008 0.0315331
-54.8531 -0.0320152 0.0328752
-54.3785 -0.0350003 0.0340852
-53.7644 -0.0365076 0.0351943
-53.1077 -0.036546 0.0362385
-52.5436 -0.0352908 0.0372504
-52.1835 -0.0330086 0.0382609
-52.0669 -0.0299996 0.0392846
-52.1768 -0.0266165 0.0403181
-52.4699 -0.0232575 0.0413594
-52.8948 -0.0202675 0.042421
-53.4043 -0.0178681 0.0435236
-53.9411 -0.0161585 0.0446931
-54.416 -0.0151023 0.0459741
-54.7247 -0.0145948 0.0474071
-54.7859 -0.0145565 0.0489887
-54.571 -0.0149599 0.0506591
-54.1184 -0.0158382 0.052306
-53.515 -0.0172164 0.0537981
-52.8512 -0.0190461 0.0550152
-52.2062 -0.0212216 0.0558746
-51.6623 -0.0235997 0.0563541
-51.3023 -0.0260476 0.0564709
-51.1938 -0.0284851 0.0562636
-51.3874 -0.030902 0.0558026
-51.9041 -0.0333767 0.0551959
-52.6986 -0.0359449 0.054547
-53.6596 -0.038465 0.0539141
-54.6506 -0.0406696 0.0533762
-55.5436 -0.0422129 0.0531051
-56.2339 -0.0427447 0.053273
-56.6395 -0.0420118 0.0539416
-56.7074 -0.0399205 0.0550562
-56.4096 -0.0365633 0.0564691
-55.7425 -0.0321745 0.0580281
-54.7541 -0.0271023 0.0596477
-53.5735 -0.0217532 0.061287
-52.3984 -0.0165206 0.0629357
-51.4259 -0.0117309 0.0646043
-50.7979 -0.00760826 0.0662982
-50.5881 -0.00432732 0.0679965
-50.8151 -0.00203984 0.0696524
-51.4627 -0.00086004 0.071221
-52.4817 -0.000875785 0.0726652
-53.7712 -0.00214582 0.0739245
-55.1697 -0.00467823 0.0748987
-56.4706 -0.00840848 0.0755127
-57.4625 -0.0131807 0.0757782
-57.9848 -0.0187981 0.0757884
-57.971 -0.0250845 0.075702
-57.4543 -0.0318695 0.0757053
-56.536 -0.0389706 0.0759757
-55.3336 -0.0461774 0.0766354
-53.9647 -0.053233 0.0777097
-52.5807 -0.0598108 0.0791226
-51.3816 -0.065503 0.0806891
-50.5669 -0.0698997 0.0821917
-50.2614 -0.0726485 0.0834736
-50.4813 -0.0735002 0.0844577
-51.1434 -0.0723742 0.0851426
-52.1075 -0.0693678 0.0855559
-53.2195 -0.0647476 0.0857132
-54.3285 -0.0588608 0.0856308
-55.2965 -0.0520394 0.0853398
-56.0092 -0.0446191 0.0848627
-56.3757 -0.0369627 0.0841864
-56.3405 -0.0294313 0.0833115
-55.9258 -0.0223492 0.0823051
-55.2412 -0.0160056 0.0812169
-54.4417 -0.0106683 0.0799885
-53.6759 -0.00654239 0.0785384
-53.0468 -0.00371084 0.0768665
-52.6146 -0.00216781 0.0750308
-52.4166 -0.00188974 0.0730972
-52.4768 -0.00280971 0.0711037
-52.7945 -0.00476131 0.0690534
-53.3224 -0.00745498 0.0669654
-53.975 -0.0104849 0.0649067
-54.6558 -0.0134219 0.0629269
-55.272 -0.015895 0.0610037
-55.747 -0.0176221 0.0590652
-56.0439 -0.0184346 0.0570161
-56.1639 -0.0182883 0.0547474
-56.1111 -0.0172772 0.0521386
-55.8723 -0.0155554 0.0491056
-55.4356 -0.0132381 0.0456583
-54.8338 -0.0103865 0.0419086
-54.1495 -0.00700898 0.038061
-53.4715 -0.00312604 0.0343325
-52.8546 0.00116333 0.0308695
-52.3299 0.00570196 0.0277562
-51.9321 0.0103205 0.0250447
-51.6988 0.0148509 0.0227815
-51.6599 0.0191072 0.0210099
-51.8447 0.0228584 0.0197493
-52.2798 0.0258368 0.0190035
-52.9374 0.0277982 0.018752
-53.7163 0.0285418 0.0189108
-54.4964 0.0279035 0.0193452
-55.1879 0.0257933 0.01992
-55.7355 0.0222941 0.0205116
-56.0986 0.0177057 0.02098
-56.246 0.0124907 0.0212134
-56.1604 0.00726961 0.0212134
-55.83 0.00264832 0.0210777
-55.2709 -0.00100858 0.0209334
-54.5788 -0.00352281 0.0209438
-53.9107 -0.00479415 0.0213505
-53.3977 -0.00487963 0.022383
-53.1007 -0.00410723 0.0241386
-53.0185 -0.00294458 0.0266061
-53.112 -0.00182906 0.0297231
-53.338 -0.00107763 0.0334322
-53.67 -0.000820056 0.0377249
-54.0725 -0.00101395 0.0425295
-54.4514 -0.00147722 0.0475956
-54.6867 -0.00197098 0.0525764
-54.6988 -0.00225844 0.0571351
-54.4633 -0.00209605 0.0609385
-54.0189 -0.00124789 0.0636322
-53.4628 0.000440085 0.0649728
-52.9112 0.00298991 0.06497
-52.4424 0.00630286 0.0638437
-52.0806 0.0101589 0.061959
-51.8606 0.0141735 0.0596777
-51.863 0.0177492 0.0571991
-52.1448 0.0202537 0.0546024
-52.6764 0.0212532 0.0519354
-53.3646 0.0206198 0.0492243
-54.1046 0.0185578 0.0464284
-54.8204 0.0154448 0.0435218
-55.4725 0.0117593 0.0406486
-56.0202 0.00804122 0.0380733
-56.4109 0.00473152 0.0360353
-56.5879 0.00201284 0.0346642
-56.486 -0.000225441 0.0339934
-56.0616 -0.00217736 0.0340354
-55.3384 -0.00399841 0.0347883
-54.4263 -0.00580991 0.0361967
-53.4676 -0.00764816 0.0381602
-52.5664 -0.00939425 0.0406437
-51.7922 -0.0107219 0.0437733
-51.2204 -0.0112125 0.0477103
-50.9598 -0.0105133 0.0524893
-51.1191 -0.0084386 0.0579632
-51.7335 -0.00499119 0.0638089
-52.7259 -0.000257673 0.0696277
-53.9342 0.00563807 0.0749973
-55.1805 0.012476 0.0795562
-56.306 0.0199452 0.0831322
-57.1833 0.0277541 0.085803
-57.7488 0.0356864 0.0879073
-58.0068 0.0435128 0.0898889
-57.9851 0.0509157 0.0921483
-57.6781 0.0575726 0.0949845
-57.0875 0.0632597 0.0985593
-56.3193 0.0678453 0.102883
-55.5609 0.0712345 0.107768
-54.9784 0.0733511 0.11291
-54.6504 0.0741974 0.118029
-54.5723 0.0739744 0.122973
-54.7104 0.0730911 0.127732
-55.0333 0.0719976 0.132399
-55.5121 0.0711226 0.137208
-56.1204 0.0708299 0.142518
-56.8206 0.0712756 0.148703
-57.5302 0.0723177 0.155978
-58.1096 0.0735073 0.164271
-58.4121 0.0743442 0.173364
-58.3746 0.074527 0.183026
-58.0712 0.0738986 0.193038
-57.6558 0.0723554 0.203193
-57.2414 0.0698439 0.213253
-56.8595 0.0663977 0.222959
-56.5131 0.0620644 0.232047
-56.2506 0.0567753 0.240221
-56.1702 0.0503608 0.247173
-56.3481 0.0426322 0.252657
-56.7923 0.0336419 0.256484
-57.4446 0.0238543 0.258459
-58.1988 0.0138617 0.258491
-58.9228 0.00419027 0.256761
-59.4877 -0.00472614 0.253627
-59.8323 -0.0126684 0.249431
-59.968 -0.0196889 0.244441
-59.8765 -0.0260876 0.238845
-59.4641 -0.0322192 0.232677
-58.6444 -0.0383159 0.225736
-57.4634 -0.0444939 0.217816
-56.1144 -0.0507509 0.208941
-54.8222 -0.0570234 0.199329
-53.7628 -0.0632603 0.189338
-53.0551 -0.069431 0.179467
-52.7758 -0.0755373 0.170361
-52.95 -0.0816795 0.16256
-53.536 -0.088136 0.156261
-54.4523 -0.095203 0.151423
-55.5852 -0.102996 0.147917
-56.7693 -0.111433 0.145556
-57.7757 -0.120268 0.144086
-58.3513 -0.129037 0.143194
-58.3358 -0.136973 0.142547
-57.7413 -0.143265 0.141794
-56.6976 -0.147375 0.140539
-55.3375 -0.149143 0.138332
-53.7584 -0.148807 0.134725
-52.0958 -0.146837 0.12934
-50.5656 -0.143868 0.121834
-49.391 -0.140575 0.111893
-48.7315 -0.137401 0.0993266
-48.6703 -0.134509 0.0841905
-49.2092 -0.131866 0.0667967
-50.2259 -0.129462 0.0475768
-51.4614 -0.127409 0.0270373
-52.6305 -0.125842 0.00574579
-53.533 -0.124915 -0.0157623
-54.0429 -0.124813 -0.0370556
-54.0295 -0.125674 -0.0578058
-53.351 -0.12751 -0.0777155
-51.9575 -0.130213 -0.0965005
-49.9902 -0.133608 -0.113934
-47.7594 -0.137446 -0.129827
-45.6125 -0.141491 -0.143989
-43.8476 -0.145691 -0.156244
-42.6886 -0.150173 -0.166499
-42.2768 -0.155149 -0.174758
-42.6554 -0.160775 -0.181077
-43.7647 -0.167063 -0.185583
-45.4787 -0.173798 -0.188482
-47.615 -0.180421 -0.190054
-49.9136 -0.186148 -0.190623
-52.0231 -0.190128 -0.190563
-53.5654 -0.191498 -0.19025
-54.298 -0.189392 -0.189984
-54.2046 -0.183086 -0.189996
-53.4058 -0.1722 -0.190514
-52.0219 -0.156801 -0.191787
-50.1736 -0.137397 -0.194031
-48.0811 -0.114763 -0.197338
-46.0586 -0.0898435 -0.201662
-44.3896 -0.0637112 -0.206937
-43.2734 -0.0374487 -0.213137
-42.8623 -0.0119845 -0.220169
-43.2266 0.0120221 -0.227809
-44.2808 0.034166 -0.235797
-45.8041 0.0543006 -0.243906
-47.5605 0.0725301 -0.251936
-49.3933 0.0891546 -0.25975
-51.1729 0.104423 -0.26731
-52.7132 0.118355 -0.274678
-53.7852 0.13087 -0.281917
-54.2278 0.141854 -0.289054
-54.0372 0.151075 -0.296161
-53.322 0.158145 -0.303395
-52.1833 0.162749 -0.310954
-50.679 0.164867 -0.319031
-48.9362 0.164656 -0.327784
-47.1771 0.162294 -0.337332
-45.5848 0.158088 -0.347741
-44.2585 0.152622 -0.358983
-43.3327 0.146636 -0.370972
-43.0187 0.140872 -0.383634
-43.4218 0.135971 -0.396861
-44.4265 0.132425 -0.410432
-45.8335 0.13058 -0.424049
-47.5204 0.1306 -0.437405
-49.383 0.132373 -0.450253
-51.1896 0.135469 -0.462419
-52.6 0.139379 -0.473808
-53.3205 0.14371 -0.484441
-53.2033 0.14815 -0.494509
-52.1957 0.152468 -0.504411
-50.3193 0.156506 -0.514604
-47.7442 0.160193 -0.525451
-44.8092 0.163516 -0.537159
-41.921 0.166432 -0.549784
-39.4153 0.168807 -0.563262
-37.551 0.170427 -0.577404
-36.5923 0.1711 -0.591732
-36.7903 0.170666 -0.605398
-38.235 0.168948 -0.617416
-40.7347 0.165724 -0.626867
-43.8648 0.160866 -0.632888
-47.1498 0.154442 -0.634666
-50.2117 0.146853 -0.631555
-52.7456 0.138917 -0.623204
-54.4447 0.131694 -0.609639
-55.0853 0.12639 -0.591256
-54.6404 0.12423 -0.568688
-53.227 0.126255 -0.542712
-51.0045 0.133201 -0.51423
-48.2264 0.145514 -0.484143
-45.3613 0.163369 -0.453282
-42.9627 0.18657 -0.422446
-41.389 0.214575 -0.392319
-40.7481 0.246709 -0.363262
-41.0855 0.282177 -0.335297
-42.5088 0.31987 -0.308273
-45.0569 0.358364 -0.281962
-48.5455 0.39611 -0.25599
-52.6135 0.431573 -0.229876
-56.8665 0.463178 -0.203206
-60.9097 0.48948 -0.17577
-64.32 0.509418 -0.147603
-66.7189 0.522355 -0.118854
-67.9016 0.528071 -0.0896653
-67.8984 0.52681 -0.0602639
-66.8621 0.519271 -0.0310737
-64.9269 0.506376 -0.00264743
-62.2741 0.48911 0.0244728
-59.2809 0.468466 0.0497931
-56.5 0.445293 0.0728256
-54.4197 0.420193 0.0931109
-53.2701 0.39353 0.11032
-53.0986 0.365634 0.124328
-53.8927 0.336912 0.135191
-55.5304 0.307729 0.142986
-57.691 0.27835 0.147677
-59.946 0.249017 0.149355
-61.9446 0.220079 0.148502
-63.4294 0.192044 0.145879
-64.1218 0.16548 0.142288
-63.7501 0.14075 0.138501
-62.267 0.117967 0.135362
-59.9676 0.0971929 0.133774
-57.3196 0.0783421 0.13445
-54.7079 0.0609747 0.137643
-52.4043 0.0443936 0.143124
-50.6965 0.0280517 0.150486
-49.8868 0.0116972 0.159249
-50.1353 -0.00489926 0.168688
-51.3665 -0.0220107 0.177829
-53.3507 -0.0398475 0.185741
-55.7982 -0.0585797 0.1917
-58.3358 -0.0785253 0.195106
-60.4848 -0.100271 0.195418
-61.7952 -0.124419 0.192331
-62.0535 -0.151304 0.185945
-61.3148 -0.180841 0.176711
-59.7115 -0.21248 0.165273
-57.3056 -0.245396 0.152391
-54.2128 -0.278572 0.138938
-50.8017 -0.310673 0.12595
-47.6048 -0.340036 0.114587
-45.0219 -0.365046 0.105836
-43.2319 -0.384506 0.100227
-42.3794 -0.397503 0.0980236
-42.6303 -0.403175 0.0994907
-43.9801 -0.400795 0.104857
-46.2074 -0.390037 0.114134
-49.0614 -0.371167 0.127042
-52.3685 -0.344957 0.143156
-55.8751 -0.312445 0.161953
-59.1053 -0.274983 0.182627
-61.5383 -0.234363 0.204082
-62.8793 -0.192584 0.225183
-63.1035 -0.151417 0.244964
-62.2839 -0.11227 0.26256
-60.4816 -0.0765524 0.2771
-57.8505 -0.0457734 0.287782
-54.7719 -0.0210668 0.294168
-51.7917 -0.00284183 0.296354
-49.4126 0.00887842 0.294724
-48.001 0.0140575 0.289658
-47.8292 0.0127932 0.281531
-49.0549 0.00561153 0.270853
-51.5573 -0.00663199 0.258138
-54.8653 -0.0230944 0.24362
-58.3724 -0.0430156 0.227134
-61.5802 -0.0655436 0.20823
-64.0728 -0.0896905 0.186341
-65.3404 -0.114488 0.160816
-64.863 -0.139116 0.130803
-62.449 -0.162898 0.0952352
-58.3766 -0.185204 0.0530698
-53.178 -0.20536 0.00350502
-47.4105 -0.222782 -0.0538618
-41.6863 -0.237185 -0.118963
-36.7235 -0.248607 -0.191183
-33.161 -0.257246 -0.26917
-31.3046 -0.26326 -0.350948
-31.1427 -0.266866 -0.434317
-32.5571 -0.268531 -0.517233
-35.3312 -0.268764 -0.597891
-38.9656 -0.267762 -0.674673
-42.6665 -0.265472 -0.746383
-45.6394 -0.261939 -0.812528
-47.3829 -0.257318 -0.873272
-47.6792 -0.25158 -0.929043
-46.4299 -0.244416 -0.980271
-43.6245 -0.235525 -1.02759
-39.465 -0.224861 -1.072
-34.4223 -0.212494 -1.11469
-29.078 -0.198377 -1.1568
-23.9627 -0.182263 -1.19938
-19.5775 -0.163811 -1.24349
-16.4622 -0.142732 -1.29019
-15.065 -0.118694 -1.3404
-15.4581 -0.0912828 -1.39455
-17.3336 -0.0602079 -1.45261
-20.3123 -0.0253982 -1.51414
-24.0926 0.0131063 -1.5783
-28.275 0.0554031 -1.64385
-32.2076 0.101833 -1.70921
-35.1868 0.152876 -1.77266
-36.778 0.209093 -1.83251
-36.8636 0.271001 -1.88707
-35.5024 0.339021 -1.93463
-32.9076 0.413651 -1.97353
-29.5706 0.495393 -2.00235
-26.2138 0.58441 -2.02011
-23.5135 0.680534 -2.02614
-21.9419 0.783548 -2.01982
-21.8721 0.893121 -2.00066
-23.667 1.0082 -1.96857
-27.5073 1.1267 -1.92391
-33.1414 1.24611 -1.86725
-39.887 1.36395 -1.79916
-46.9204 1.4777 -1.72033
-53.5361 1.58456 -1.63184
-59.1766 1.68172 -1.535
-63.352 1.76698 -1.43092
-65.7325 1.83914 -1.32066
-66.363 1.89788 -1.20565
-65.6354 1.94344 -1.0878
-64.0717 1.97656 -0.969277
-62.1964 1.99851 -0.85247
-60.6263 2.0111 -0.740048
-60.077 2.01601 -0.635068
-61.0297 2.01426 -0.541124
-63.4355 2.00634 -0.462025
-66.8439 1.99272 -0.401204
-70.7593 1.97381 -0.361614
-74.721 1.94934 -0.346032
-78.1366 1.91862 -0.356851
-80.2957 1.88145 -0.395268
-80.6663 1.8385 -0.460882
-79.0817 1.79055 -0.552145
-75.6036 1.73777 -0.667175
-70.4091 1.67997 -0.803804
-63.8898 1.61743 -0.958689
-56.7368 1.55094 -1.1271
-49.7306 1.48085 -1.30411
-43.4192 1.40675 -1.4853
-38.0601 1.32842 -1.66612
-33.7979 1.24661 -1.8413
-30.7964 1.16251 -2.00569
-29.1102 1.07676 -2.1553
-28.4896 0.989746 -2.28737
-28.4392 0.902616 -2.39981
-28.4836 0.817462 -2.49102
-28.3138 0.736341 -2.56065
-27.6999 0.660724 -2.60997
-26.4277 0.592254 -2.64127
-24.4159 0.533485 -2.65653
-21.8331 0.487399 -2.65712
-18.9581 0.456229 -2.64459
-15.9728 0.441181 -2.62073
-13.0626 0.443184 -2.58682
-10.6538 0.463125 -2.54324
-9.3283 0.500981 -2.4902
-9.44112 0.555085 -2.42831
-10.9738 0.622976 -2.35808
-13.7848 0.702597 -2.2792
-17.8241 0.792176 -2.19087
-23.0128 0.889349 -2.0927
-29.0489 0.99138 -1.98461
-35.4748 1.09638 -1.86587
-41.8881 1.20363 -1.73501
-47.9938 1.31266 -1.59064
-53.5209 1.42259 -1.43193
-58.2608 1.53241 -1.25832
-62.2335 1.64124 -1.069
-65.7378 1.74789 -0.862919
-69.1527 1.85036 -0.639409
-72.7055 1.94572 -0.398511
-76.4789 2.03051 -0.140719
-80.6052 2.10126 0.133342
-85.3542 2.15481 0.42278
-90.9051 2.18819 0.725978
-97.1031 2.19846 1.04039
-103.562 2.18307 1.36287
-109.935 2.14068 1.68998
-115.958 2.07121 2.01778
-121.334 1.97503 2.34154
-125.774 1.85302 2.65598
-129.18 1.70729 2.95625
-131.641 1.54142 3.2383
-133.216 1.3593 3.49825
-133.864 1.16419 3.73188
-133.634 0.959069 3.93526
-132.836 0.747458 4.10563
-131.841 0.532729 4.24088
-130.743 0.316697 4.33828
-129.332 0.0995773 4.39501
-127.364 -0.118538 4.40982
-124.752 -0.336799 4.38338
-121.465 -0.554522 4.31708
-117.401 -0.772058 4.21257
-112.468 -0.989884 4.07258
-106.679 -1.20734 3.9016
-100.118 -1.42292 3.70528
-92.8614 -1.63553 3.48937
-85.0234 -1.84468 3.25952
-76.896 -2.0494 3.02166
-68.9439 -2.24759 2.78188
-61.5525 -2.43659 2.546
-54.8147 -2.61385 2.31921
-48.6605 -2.77691 2.10593
-43.1765 -2.92308 1.91002
-38.6572 -3.04962 1.7346
-35.3014 -3.15439 1.58168
-33.0208 -3.23622 1.45205
-31.6076 -3.29494 1.34555
-30.8973 -3.33089 1.26155
-30.7034 -3.34463 1.19928
-30.7645 -3.3373 1.15774
-30.8901 -3.31107 1.13537
-31.1028 -3.26858 1.13051
-31.4922 -3.21187 1.14227
-31.9406 -3.14274 1.17024
-32.1811 -3.06439 1.21328
-32.1891 -2.98133 1.2697
-32.3352 -2.89717 1.33913
-33.0739 -2.81363 1.42309
-34.6065 -2.73242 1.52325
-36.8947 -2.65695 1.63982
-39.8667 -2.59107 1.77243
-43.4883 -2.5366 1.92194
-47.6945 -2.49335 2.09033
-52.4025 -2.46153 2.27868
-57.5634 -2.44262 2.48652
-63.0898 -2.43751 2.71328
-68.7496 -2.44516 2.95935
-74.211 -2.46413 3.22498
-79.2739 -2.49449 3.5088
-84.0409 -2.537 3.80828
-88.8039 -2.59086 4.12139
-93.7213 -2.65367 4.44652
-98.635 -2.72394 4.78046
-103.226 -2.80251 5.11758
-107.299 -2.89042 5.4517
-110.9 -2.98635 5.77826
-114.117 -3.08761 6.09361
-116.929 -3.1932 6.39274
-119.27 -3.30417 6.66926
-121.098 -3.42034 6.91798
-122.358 -3.53827 7.13665
-123.029 -3.65377 7.3238
-123.308 -3.76484 7.47619
-123.595 -3.87072 7.58995
-124.155 -3.96895 7.66326
-124.827 -4.05561 7.69606
-125.189 -4.12893 7.68718
-124.945 -4.19036 7.63364
-124.068 -4.24127 7.53338
-122.595 -4.28069 7.38709
-120.413 -4.30766 7.19639
-117.253 -4.32393 6.96154
-112.858 -4.33228 6.68281
-107.136 -4.33309 6.36326
-100.202 -4.32503 6.0084
-92.3314 -4.3083 5.62327
-83.9146 -4.28538 5.21156
-75.357 -4.25802 4.77775
-66.8945 -4.22527 4.3284
-58.5385 -4.18531 3.8706
-50.3344 -4.13816 3.40979
-42.6138 -4.08513 2.94999
-35.8487 -4.02548 2.4962
-30.2283 -3.95557 2.0551
-25.5231 -3.8721 1.63244
-21.3949 -3.77484 1.2307
-17.6873 -3.66484 0.850486
-14.3687 -3.54111 0.493605
-11.3676 -3.4012 0.163242
-8.61739 -3.24477 -0.139076
-6.1167 -3.07477 -0.414666
-3.80544 -2.89452 -0.664971
-1.51877 -2.70508 -0.889171
0.787515 -2.5071 -1.08574
2.81139 -2.30392 -1.25511
4.05298 -2.1006 -1.39876
4.18357 -1.90026 -1.51621
3.21397 -1.70355 -1.60506
1.34138 -1.51205 -1.66407
-1.31705 -1.3295 -1.69435
-4.80059 -1.15814 -1.69655
-9.15734 -0.996017 -1.66874
-14.2524 -0.840012 -1.60878
-19.7271 -0.690072 -1.51781
-25.1535 -0.548091 -1.39952
-30.202 -0.413298 -1.25619
-34.6973 -0.281897 -1.08808
-38.6611 -0.15186 -0.897318
-42.3515 -0.0255602 -0.690075
-46.1037 0.0938228 -0.473405
-50.0386 0.206386 -0.251707
-54.0388 0.313784 -0.0279996
-58.0996 0.414776 0.192606
-62.5119 0.505411 0.402847
-67.5508 0.583562 0.596664
-73.0957 0.650566 0.770661
-78.6499 0.707654 0.921422
-83.6644 0.753059 1.0433
-87.712 0.784407 1.13039
-90.4606 0.802729 1.17951
-91.7195 0.811855 1.18952
-91.4921 0.814251 1.15866
-89.87 0.810117 1.08438
-86.8869 0.801157 0.966085
-82.5634 0.792751 0.806525
-77.1055 0.790651 0.609599
-70.9897 0.797005 0.3776
-64.7897 0.811437 0.111549
-58.8709 0.834977 -0.186209
-53.2557 0.870732 -0.511065
-47.7905 0.920601 -0.858343
-42.4194 0.983124 -1.22547
-37.2598 1.05556 -1.61081
-32.4226 1.13711 -2.01119
-27.8524 1.22871 -2.42211
-23.3684 1.32985 -2.84023
-18.7779 1.43749 -3.26417
-13.8921 1.54888 -3.69248
-8.54685 1.664 -4.1218
-2.75438 1.7839 -4.54816
3.23978 1.90754 -4.9692
9.21051 2.0325 -5.38384
15.2149 2.15882 -5.78932
21.4115 2.28969 -6.18042
27.6573 2.4274 -6.55242
33.4702 2.5706 -6.90357
38.368 2.71746 -7.23282
42.1089 2.86927 -7.53672
44.6396 3.02843 -7.81078
45.9823 3.19392 -8.05332
46.219 3.36159 -8.26549
45.4822 3.52873 -8.4475
43.9019 3.69541 -8.5974
41.6233 3.86081 -8.71405
38.9112 4.02096 -8.79912
36.19 4.17136 -8.85484
33.9145 4.31029 -8.88129
32.3348 4.43762 -8.87732
31.349 4.55143 -8.84328
30.6114 4.64762 -8.78149
29.8346 4.72298 -8.69396
28.9411 4.77749 -8.58081
27.8901 4.81293 -8.44137
26.4452 4.83011 -8.27629
24.2365 4.82848 -8.08759
21.024 4.80878 -7.87686
16.7784 4.77453 -7.64426
11.5712 4.72994 -7.38992
5.57265 4.67697 -7.11583
-0.86288 4.61601 -6.82557
-7.34882 4.54896 -6.52195
-13.7152 4.47939 -6.20659
-19.9511 4.40887 -5.88253
-25.8928 4.3352 -5.5558
-31.1137 4.25613 -5.23259
-35.1969 4.17307 -4.91624
-38.0063 4.08837 -4.60927
-39.6724 4.00038 -4.31745
-40.4034 3.90487 -4.04867
-40.3621 3.80104 -3.80799
-39.6832 3.69249 -3.59677
-38.5216 3.5818 -3.41673
-37.0756 3.46784 -3.27199
-35.6375 3.35005 -3.1657
-34.5953 3.23261 -3.09685
-34.3221 3.12185 -3.06199
-35.0207 3.02131 -3.05881
-36.5396 2.93138 -3.08619
-38.4066 2.85331 -3.14096
-40.1557 2.79091 -3.21669
-41.5717 2.74711 -3.30649
-42.5409 2.72045 -3.406
-42.7317 2.70679 -3.5123
-41.638 2.70407 -3.6207
-38.9488 2.71295 -3.72472
-34.7631 2.73235 -3.81982
-29.4799 2.75693 -3.90558
-23.6646 2.78069 -3.98288
-18.0325 2.80162 -4.05023
-13.3096 2.82021 -4.10486
-9.96671 2.83446 -4.14666
-8.15706 2.83969 -4.17795
-7.97603 2.83382 -4.1991
-9.60703 2.81936 -4.20688
-13.0881 2.7987 -4.19813
-18.0201 2.77036 -4.17253
-23.604 2.7323 -4.12977
-28.9659 2.68676 -4.0659
-33.4443 2.63809 -3.97547
-36.6809 2.58651 -3.85645
-38.5527 2.52792 -3.71054
-39.0601 2.46014 -3.53812
-38.2894 2.38558 -3.33608
-36.4743 2.30604 -3.10211
-34.0359 2.21788 -2.83866
-31.5602 2.11556 -2.55013
-29.7818 1.99795 -2.23792
-29.5202 1.86775 -1.90091
-31.4099 1.72534 -1.54036
-35.587 1.56699 -1.16107
-41.7647 1.38989 -0.767096
-49.6355 1.19637 -0.358427
-59.0326 0.991144 0.0667687
-69.6644 0.776168 0.508103
-80.8812 0.551017 0.963277
-91.8166 0.31769 1.43192
-101.697 0.0818462 1.91659
-109.959 -0.151729 2.4191
-116.256 -0.382758 2.93751
-120.578 -0.612621 3.46815
-123.289 -0.839536 4.00916
-124.913 -1.0593 4.55972
-125.861 -1.27066 5.11563
-126.467 -1.47695 5.66813
-127.237 -1.68073 6.20837
-128.904 -1.87943 6.73098
-132.122 -2.06925 7.23122
-137.119 -2.25151 7.70011
-143.611 -2.43112 8.12584
-150.989 -2.60932 8.50012
-158.593 -2.78237 8.81983
-165.824 -2.94829 9.08186
-172.102 -3.11047 9.2804
-176.818 -3.27177 9.41144
-179.414 -3.42854 9.47739
-179.497 -3.57395 9.48445
-176.866 -3.70498 9.43715
-171.599 -3.82229 9.33831
-164.244 -3.92394 9.19378
-155.761 -4.00336 9.01403
-147.093 -4.05493 8.8097
-138.821 -4.07891 8.58729
-131.323 -4.07859 8.35104
-125.107 -4.05412 8.10772
-120.76 -4.00223 7.86676
-118.613 -3.9223 7.63523
-118.577 -3.81918 7.41539
-120.246 -3.69865 7.2083
-123.03 -3.56277 7.0176
-126.214 -3.41262 6.84729
-129.108 -3.2539 6.69731
-131.218 -3.09596 6.56428
-132.278 -2.94537 6.44662
-132.112 -2.80373 6.34616
-130.521 -2.673 6.26393
-127.399 -2.55953 6.19675
-122.996 -2.46991 6.14035
-118.003 -2.40465 6.09453
-113.31 -2.35915 6.06257
-109.638 -2.33083 6.04555
-107.368 -2.32191 6.04029
-106.668 -2.33409 6.04381
-107.65 -2.36349 6.05764
-110.347 -2.4039 6.0854
-114.58 -2.45342 6.12764
-119.924 -2.51446 6.18175
-125.791 -2.58752 6.24671
-131.453 -2.66884 6.3249
-136.077 -2.7559 6.41766
-138.971 -2.8515 6.52166
-139.907 -2.95902 6.63233
-139.095 -3.07567 6.74933
-136.807 -3.19475 6.87492
-133.21 -3.31367 7.00745
-128.595 -3.43468 7.14061
-123.611 -3.5567 7.27038
-119.15 -3.67132 7.39868
-116.03 -3.77029 7.52747
-114.81 -3.85313 7.65274
-115.742 -3.9231 7.76766
-118.761 -3.97825 7.86977
-123.526 -4.01215 7.96034
-129.542 -4.02284 8.0373
-136.24 -4.01532 8.09305
-142.985 -3.99379 8.12033
-149.026 -3.95625 8.11654
-153.468 -3.89905 8.08006
-155.408 -3.82381 8.005
-154.285 -3.73591 7.88251
-150.134 -3.6375 7.70652
-143.405 -3.52557 7.47557
-134.589 -3.39766 7.18861
-124.15 -3.25654 6.84154
-112.752 -3.10674 6.43017
-101.312 -2.94775 5.95573
-90.7412 -2.77441 5.42469
-81.741 -2.5842 4.84294
-74.7795 -2.38036 4.21333
-70.0008 -2.16565 3.54055
-67.0259 -1.93678 2.83518
-64.9923 -1.68909 2.10962
-62.9715 -1.42447 1.37185
-60.2848 -1.14951 0.626891
-56.4136 -0.866576 -0.116512
-50.7962 -0.572572 -0.845236
-42.905 -0.267885 -1.54896
-32.5752 0.0387501 -2.22417
-20.2092 0.337422 -2.86882
-6.69054 0.624542 -3.47686
6.87441 0.898813 -4.04172
19.4108 1.15279 -4.56334
30.0599 1.37428 -5.04708
38.2708 1.55584 -5.49621
43.8287 1.69778 -5.90954
46.8388 1.80093 -6.28712
47.6257 1.8615 -6.63419
46.683 1.87574 -6.95717
44.8031 1.84667 -7.25795
43.1644 1.78214 -7.53505
43.0594 1.68788 -7.78897
45.3553 1.566 -8.02329
50.218 1.4204 -8.24005
57.3784 1.25992 -8.43704
66.4893 1.09428 -8.61113
77.0928 0.929023 -8.76241
88.4254 0.766961 -8.89273
99.4872 0.61344 -9.00129
109.255 0.477053 -9.08421
116.736 0.364242 -9.13906
121.016 0.275683 -9.16757
121.563 0.210083 -9.1725
118.53 0.170092 -9.15324
112.609 0.161218 -9.10691
104.567 0.184777 -9.03388
95.0418 0.235832 -8.9394
84.7274 0.310084 -8.82816
74.5747 0.409263 -8.70015
65.6746 0.536386 -8.55443
58.921 0.688777 -8.39489
54.7211 0.860552 -8.22824
52.9339 1.05018 -8.05786
53.0107 1.26021 -7.88419
54.1729 1.48978 -7.71073
55.5402 1.73283 -7.54533
56.2654 1.98509 -7.39449
55.6579 2.24807 -7.26025
53.1657 2.52384 -7.14425
48.3131 2.80906 -7.05207
40.8501 3.0968 -6.99117
31.0989 3.38291 -6.96606
20.1032 3.66785 -6.97714
9.28059 3.9522 -7.02398
-0.113464 4.23225 -7.10862
-7.17855 4.50131 -7.23458
-11.211 4.75505 -7.4026
-11.6658 4.99433 -7.60851
-8.35973 5.22126 -7.84637
-1.57062 5.43407 -8.11263
8.04691 5.62887 -8.40487
19.461 5.80588 -8.71704
31.2286 5.96955 -9.03951
41.7786 6.12145 -9.36431
49.9022 6.25753 -9.68704
54.996 6.37471 -10.0017
56.9329 6.47591 -10.2967
55.6725 6.55557 -10.5678
51.5327 6.60934 -10.8089
45.1479 6.6343 -11.0117
37.1635 6.61654 -11.1837
29.353 6.57912 -11.2952
23.1926 6.52711 -11.3343
19.7759 6.46262 -11.2968
19.1639 6.36699 -11.1975
21.1419 6.23275 -11.0431
25.2855 6.0605 -10.836
30.8846 5.8507 -10.5805
37.1016 5.60281 -10.2829
43.1572 5.31853 -9.94913
48.2196 5.00405 -9.58272
51.2379 4.66719 -9.18653
51.2011 4.31324 -8.76536
47.661 3.94624 -8.32481
40.93 3.57463 -7.86689
31.7399 3.21152 -7.38934
20.854 2.86728 -6.89099
9.01824 2.54524 -6.37513
-2.98131 2.24774 -5.84471
-14.3864 1.98297 -5.29676
-24.5577 1.76079 -4.72574
-33.0235 1.58359 -4.13111
-39.6156 1.44653 -3.51734
-44.6158 1.34642 -2.88665
-48.7703 1.2849 -2.23645
-53.112 1.26155 -1.56542
-58.6421 1.26858 -0.878265
-66.0605 1.29589 -0.181719
-75.6882 1.33875 0.521415
-87.6307 1.39635 1.23066
-101.935 1.46406 1.94162
-118.468 1.53259 2.64534
-136.63 1.5955 3.33411
-155.32 1.65261 4.00411
-173.303 1.70378 4.65074
-189.526 1.74332 5.26467
-203.178 1.76414 5.83568
-213.709 1.76518 6.35865
-220.987 1.75039 6.83275
-225.257 1.72078 7.25538
-226.847 1.67169 7.62022
-226.039 1.59935 7.92243
-223.328 1.50628 8.16298
-219.611 1.39716 8.34531
-215.862 1.27125 8.4693
-212.638 1.12313 8.53185
-209.984 0.950784 8.5333
-207.705 0.758898 8.47968
-205.56 0.552302 8.37754
-203.252 0.329977 8.22942
-200.437 0.0889103 8.03705
-196.77 -0.168177 7.80729
-191.9 -0.433522 7.55128
-185.483 -0.702741 7.278
-177.294 -0.977795 6.99227
-167.373 -1.2599 6.70066
-156.133 -1.54413 6.41586
-144.315 -1.82487 6.1517
-132.718 -2.10346 5.9165
-121.879 -2.38525 5.71514
-112.091 -2.67143 5.55498
-103.729 -2.95963 5.4452
-97.3432 -3.25146 5.39065
-93.3114 -3.55324 5.3908
-91.5359 -3.86859 5.4448
-91.5937 -4.1955 5.55372
-92.9846 -4.53149 5.71652
-95.1077 -4.87727 5.92724
-97.2524 -5.23339 6.17776
-98.8691 -5.59587 6.46152
-99.7779 -5.95678 6.77362
-99.9613 -6.3077 7.10825
-99.2901 -6.64209 7.45703
-97.68 -6.95498 7.8101
-95.4681 -7.2397 8.15949
-93.454 -7.48564 8.5016
-92.5461 -7.68142 8.83575
-93.4107 -7.82029 9.15963
-96.4068 -7.89983 9.46959
-101.691 -7.9168 9.76514
-109.281 -7.86628 10.0494
-119.035 -7.7466 10.3253
-130.604 -7.56201 10.5923
-143.441 -7.31941 10.8495
-156.857 -7.02529 11.0976
-170.055 -6.68741 11.3366
-182.183 -6.31722 11.5638
-192.549 -5.92776 11.7745
-200.926 -5.52921 11.9654
-207.52 -5.12883 12.135
-212.555 -4.73489 12.2792
-216.052 -4.35816 12.3911
-218.105 -4.0077 12.4633
-219.177 -3.68671 12.4921
-219.928 -3.39471 12.4756
-220.802 -3.13277 12.4102
-221.942 -2.90395 12.29
-223.335 -2.70844 12.1105
-224.794 -2.54082 11.8712
-225.838 -2.39372 11.5736
-225.838 -2.26304 11.2172
-224.336 -2.14783 10.7999
-221.051 -2.04556 10.3215
-215.604 -1.94991 9.78592
-207.477 -1.85519 9.19793
-196.342 -1.76135 8.55926
-182.374 -1.67163 7.8702
-166.211 -1.5858 7.13494
-148.703 -1.49952 6.36213
-130.681 -1.41088 5.55963
-112.876 -1.32314 4.73215
-95.9476 -1.2389 3.88546
-80.5086 -1.15576 3.02986
-67.0518 -1.07058 2.17694
-55.8322 -0.98522 1.3351
-46.8221 -0.903948 0.51098
-39.7117 -0.827005 -0.285684
-33.8757 -0.750741 -1.04215
-28.4465 -0.674107 -1.74786
-22.6592 -0.600971 -2.39681
-16.2015 -0.53443 -2.98349
-9.12584 -0.471941 -3.4991
-1.48193 -0.409075 -3.93469
6.73136 -0.346502 -4.28729
15.2199 -0.289586 -4.55996
23.2485 -0.241123 -4.75603
29.9401 -0.197843 -4.87602
34.5764 -0.155339 -4.92175
36.6201 -0.113689 -4.90108
35.7508 -0.0751963 -4.82564
32.0557 -0.0376478 -4.7049
26.0346 0.00678686 -4.54506
18.3083 0.0653106 -4.35377
9.39377 0.140234 -4.14271
-0.192607 0.232735 -3.9239
-9.75971 0.34767 -3.70514
-18.5059 0.491191 -3.49135
-25.783 0.665533 -3.28838
-31.3585 0.869684 -3.10232
-35.4718 1.10388 -2.93567
-38.617 1.36933 -2.78735
-41.253 1.66323 -2.65689
-43.7428 1.9777 -2.54579
-46.4841 2.30453 -2.45415
-49.9142 2.63823 -2.37859
-54.3504 2.97264 -2.31531
-59.948 3.29721 -2.2637
-66.7592 3.59911 -2.22557
-74.5973 3.8687 -2.2015
-82.8034 4.10119 -2.18959
-90.3722 4.2929 -2.1885
-96.4484 4.43758 -2.20076
-100.572 4.52771 -2.23171
-102.406 4.55991 -2.28522
-101.48 4.53717 -2.36185
-97.3824 4.46448 -2.46219
-90.0882 4.34397 -2.59064
-80.0055 4.17661 -2.75337
-67.82 3.96795 -2.95326
-54.3959 3.72818 -3.18922
-40.6846 3.46571 -3.46091
-27.5159 3.18423 -3.77103
-15.3985 2.88747 -4.12138
-4.51912 2.58298 -4.50918
5.10047 2.27803 -4.92979
13.5161 1.97424 -5.38121
20.9612 1.66962 -5.8627
28.0015 1.36462 -6.36969
35.5242 1.06247 -6.89356
44.4528 0.764068 -7.4263
55.3386 0.466072 -7.96236
68.2161 0.165309 -8.4954
82.8317 -0.137669 -9.0158
98.8514 -0.440906 -9.51284
115.772 -0.745151 -9.97814
132.814 -1.05388 -10.4059
149.097 -1.36929 -10.7898
163.846 -1.68949 -11.121
176.298 -2.01067 -11.3896
185.654 -2.33202 -11.5892
191.45 -2.65588 -11.717
193.897 -2.98168 -11.7691
193.621 -3.30318 -11.7381
191.134 -3.61487 -11.6188
186.771 -3.91821 -11.4135
181.023 -4.21709 -11.1278
174.617 -4.50937 -10.7636
168.248 -4.78857 -10.3211
162.381 -5.05284 -9.80701
157.234 -5.30556 -9.23387
152.76 -5.5461 -8.61173
148.641 -5.76662 -7.94595
144.371 -5.96061 -7.24452
139.412 -6.12878 -6.52183
133.342 -6.27263 -5.79231
125.898 -6.38694 -5.06436
116.868 -6.464 -4.34365
105.947 -6.5025 -3.6395
92.8928 -6.50693 -2.96353
77.937 -6.47892 -2.32268
61.8955 -6.4147 -1.71729
45.7206 -6.31255 -1.14682
30.0847 -6.17899 -0.614368
15.5012 -6.02466 -0.123598
2.57662 -5.85655 0.326693
-8.12407 -5.67792 0.742082
-16.3677 -5.49498 1.12668
-22.2206 -5.31987 1.48048
-25.8412 -5.16514 1.80337
-27.5854 -5.03744 2.09894
-28.2424 -4.93941 2.37191
-28.8115 -4.87611 2.62302
-29.9422 -4.85487 2.84921
-31.7645 -4.87839 3.04838
-34.2428 -4.94219 3.22106
-37.4151 -5.041 3.36624
-41.2155 -5.17385 3.47848
-45.2394 -5.33922 3.55165
-48.7785 -5.5287 3.5838
-51.0456 -5.73022 3.57549
-51.3779 -5.93607 3.52452
-49.3415 -6.14303 3.42609
-44.7635 -6.34459 3.27903
-37.7551 -6.52869 3.08835
-28.7294 -6.68576 2.85942
-18.2715 -6.81504 2.59275
-6.90149 -6.91932 2.28788
4.94775 -6.99616 1.95045
16.6763 -7.03946 1.59088
27.3997 -7.04877 1.21659
36.3267 -7.03125 0.830105
43.1968 -6.993 0.435754
48.1748 -6.93329 0.0440083
51.4538 -6.85006 -0.333612
53.1566 -6.74738 -0.690775
53.5267 -6.63294 -1.02441
52.9655 -6.51006 -1.32867
51.848 -6.37638 -1.59416
50.4722 -6.2297 -1.81279
49.2003 -6.07111 -1.98026
48.3924 -5.9015 -2.09347
48.0635 -5.71807 -2.14771
47.7237 -5.51584 -2.13788
46.6491 -5.29076 -2.06096
44.2585 -5.04038 -1.91649
40.1991 -4.76251 -1.70543
34.1485 -4.45437 -1.42944
25.6555 -4.11314 -1.09128
14.2556 -3.73694 -0.695573
-0.225885 -3.32514 -0.248693
-17.4943 -2.87723 0.242259
-36.8995 -2.39188 0.769884
-57.6426 -1.86892 1.32501
-78.8718 -1.31145 1.89571
-99.7483 -0.723861 2.46931
-119.624 -0.10822 3.03523
-138.181 0.53459 3.58411
-155.27 1.19982 4.10461
-170.665 1.87826 4.58363
-184.195 2.56228 5.01093
-196.155 3.24922 5.3817
-207.318 3.93662 5.69338
-218.386 4.61698 5.94191
-229.589 5.2804 6.12331
-240.859 5.92029 6.23783
-252.119 6.53321 6.28959
-263.222 7.11391 6.2827
-273.795 7.6543 6.21971
-283.366 8.14761 6.10413
-291.559 8.59138 5.94197
-297.995 8.98567 5.73982
-302.118 9.32992 5.50229
-303.384 9.62309 5.23225
-301.656 9.8666 4.93277
-297.301 10.0653 4.60791
-290.877 10.2246 4.26061
-282.8 10.3476 3.89056
-273.32 10.4365 3.49539
-262.747 10.497 3.07399
-251.629 10.5387 2.62733
-240.635 10.5697 2.15523
-230.267 10.5945 1.65457
-220.749 10.617 1.12242
-212.115 10.6449 0.559843
-204.252 10.6871 -0.0297119
-196.839 10.7472 -0.644975
-189.44 10.8235 -1.2868
-181.803 10.9149 -1.9532
-173.882 11.0236 -2.63752
-165.495 11.1496 -3.33256
-156.159 11.2882 -4.03341
-145.503 11.4336 -4.73465
-133.741 11.5833 -5.42731
-121.538 11.7359 -6.10122
-109.583 11.8863 -6.74937
-98.4461 12.0274 -7.3676
-88.6447 12.1546 -7.94995
-80.5868 12.2706 -8.48382
-75.0643 12.3653 -8.97804
-71.8078 12.4435 -9.41465
-71.0028 12.5011 -9.79674
-72.9385 12.5325 -10.127
-77.0515 12.5549 -10.3895
-82.4475 12.5805 -10.5741
-88.3538 12.6194 -10.676
-93.9142 12.6803 -10.6877
-98.8438 12.7715 -10.6037
-103.368 12.8933 -10.4271
-107.905 13.0318 -10.1737
-112.552 13.1784 -9.85539
-117.425 13.3295 -9.48133
-122.857 13.4868 -9.05621
-129.235 13.6509 -8.5854
-136.778 13.816 -8.08003
-145.573 13.9726 -7.55412
-155.631 14.1149 -7.01893
-166.721 14.2409 -6.48316
-178.239 14.3459 -5.95764
-189.503 14.421 -5.45567
-200.298 14.4595 -4.99195
-210.172 14.4565 -4.57235
-218.628 14.4095 -4.20381
-224.92 14.3145 -3.89276
-228.587 14.1688 -3.6446
-229.54 13.9716 -3.46077
-227.911 13.7232 -3.33988
-223.891 13.4221 -3.28012
-217.737 13.0659 -3.27953
-209.8 12.6531 -3.3339
-200.448 12.1866 -3.43495
-189.996 11.6708 -3.57233
-178.762 11.1076 -3.73806
-167.143 10.4951 -3.92748
-155.538 9.83506 -4.13457
-144.135 9.13555 -4.34963
-132.734 8.40516 -4.56454
-120.873 7.64647 -4.77796
-108.216 6.86086 -4.99152
-94.7473 6.05682 -5.20299
-80.531 5.24747 -5.40801
-65.4367 4.44149 -5.60703
-49.2874 3.64267 -5.80494
-32.2092 2.85751 -6.00423
-14.6452 2.09685 -6.2033
2.89178 1.3692 -6.40165
19.8653 0.677523 -6.60189
35.5966 0.0234537 -6.80575
49.4435 -0.589551 -7.01119
61.183 -1.15877 -7.21453
71.0232 -1.68509 -7.41269
79.1889 -2.17222 -7.60249
85.7036 -2.62437 -7.7792
90.6814 -3.0451 -7.93652
94.614 -3.43753 -8.06715
98.1917 -3.80567 -8.16408
101.927 -4.15519 -8.22157
106.009 -4.49163 -8.23406
110.393 -4.81735 -8.1944
114.871 -5.1327 -8.09534
119.06 -5.44048 -7.93334
122.465 -5.74541 -7.70807
124.638 -6.0477 -7.41734
125.247 -6.34141 -7.05599
123.978 -6.62151 -6.62118
120.411 -6.88811 -6.11525
114.107 -7.14069 -5.54083
104.925 -7.37311 -4.89687
93.2241 -7.57936 -4.18318
79.6286 -7.76081 -3.40606
64.6281 -7.92231 -2.57476
48.5232 -8.06431 -1.69488
31.7135 -8.18479 -0.770239
14.8096 -8.28712 0.190458
-1.60524 -8.37956 1.17415
-17.1322 -8.46759 2.16993
-31.4338 -8.55259 3.16999
-44.2129 -8.6388 4.16358
-55.4715 -8.73614 5.13495
-65.5913 -8.85362 6.06897
-74.9718 -8.9939 6.95573
-83.6997 -9.15691 7.78755
-91.3469 -9.33165 8.56306
-98.3047 -9.53286 9.27551
-105.366 -9.78261 9.87759
-112.7 -10.0744 10.4018
-120.138 -10.4009 10.8321
-127.658 -10.7832 11.1669
-134.119 -11.198 11.4138
-139.261 -11.6537 11.5761
-141.635 -12.112 11.6736
-141.362 -12.5802 11.7197
-138.045 -13.0452 11.7257
-131.642 -13.4872 11.697
-122.671 -13.9053 11.64
-111.683 -14.2957 11.5632
-99.1417 -14.6496 11.4779
-86.1611 -14.9705 11.3804
-74.1805 -15.2653 11.2719
-64.0928 -15.5278 11.156
-56.1833 -15.7498 11.0357
-50.4206 -15.9294 10.908
-46.8252 -16.0659 10.7685
-45.1795 -16.1454 10.6224
-45.1312 -16.155 10.4768
-46.1431 -16.0912 10.3298
-47.8335 -15.9636 10.1715
-49.8911 -15.778 9.99668
-51.8528 -15.5292 9.80946
-53.2369 -15.2142 9.61452
-53.9359 -14.8421 9.40876
-54.2408 -14.4276 9.18714
-54.4417 -13.9776 8.95254
-54.6095 -13.493 8.71402
-54.8157 -12.9797 8.47744
-55.3891 -12.4512 8.24387
-56.8556 -11.9186 8.01736
-59.6627 -11.3849 7.80839
-64.0057 -10.8521 7.62716
-69.8935 -10.3277 7.4777
-77.2677 -9.82021 7.36188
-85.9804 -9.33022 7.28583
-95.7274 -8.85226 7.25815
-106.129 -8.3848 7.28244
-116.908 -7.93183 7.35619
-127.892 -7.49339 7.47824
-138.806 -7.06004 7.6532
-149.25 -6.62132 7.88494
-159.035 -6.1773 8.16788
-168.473 -5.73549 8.48989
-178.137 -5.29631 8.84418
-188.378 -4.84871 9.23254
-199.271 -4.38517 9.65336
-210.946 -3.9142 10.092
-223.644 -3.44993 10.5299
-237.404 -2.99374 10.9585
-251.917 -2.53756 11.3772
-266.74 -2.08371 11.7771
-281.417 -1.64885 12.1382
-295.29 -1.24609 12.444
-307.462 -0.875356 12.6888
-317.129 -0.535474 12.8675
-323.914 -0.23512 12.9685
-327.773 0.0157959 12.9789
-328.697 0.218718 12.8952
-326.631 0.382559 12.7201
-321.674 0.510403 12.4527
-314.262 0.599381 12.0885
-305.089 0.653077 11.6298
-294.811 0.684786 11.0878
-283.872 0.705575 10.4727
-272.592 0.716466 9.78823
-261.282 0.717296 9.03858
-250.122 0.717924 8.23665
-239.049 0.734163 7.40071
-227.947 0.774862 6.5443
-216.895 0.839233 5.6739
-206.006 0.92734 4.79633
-195.071 1.04792 3.92419
-183.662 1.21256 3.07133
-171.663 1.42432 2.24416
-159.437 1.67639 1.44057
-147.394 1.96291 0.658386
-135.683 2.28741 -0.0979666
-124.44 2.65621 -0.822576
-114.035 3.06571 -1.51768
-104.886 3.50326 -2.19244
-97.2115 3.96095 -2.8519
-91.1161 4.43995 -3.49337
-86.7382 4.93801 -4.11593
-84.0958 5.44124 -4.72657
-82.8376 5.93502 -5.33165
-82.2991 6.41559 -5.92809
-81.8627 6.88072 -6.51055
-81.5612 7.30134 -7.09621
-80.7137 7.67865 -7.67122
-79.2986 7.99986 -8.24031
-76.6647 8.27632 -8.78443
-72.3456 8.51628 -9.28401
-66.6367 8.70529 -9.74398
-59.6761 8.84339 -10.1559
-52.4037 8.93254 -10.5126
-45.4269 8.98118 -10.8036
-39.4184 8.98891 -11.0275
-35.0416 8.9473 -11.1918
-32.4951 8.85872 -11.2942
-31.555 8.73703 -11.3254
-32.1805 8.59401 -11.2805
-34.4767 8.43134 -11.1636
-38.2679 8.24632 -10.9837
-42.8736 8.04323 -10.746
-47.5193 7.83344 -10.4508
-51.809 7.62292 -10.1032
-55.6315 7.40623 -9.71669
-58.8035 7.17636 -9.30647
-61.0643 6.93506 -8.88094
-62.3266 6.68669 -8.44635
-62.6716 6.42578 -8.01655
-62.1194 6.14006 -7.60826
-60.9525 5.81132 -7.25305
-58.9591 5.45762 -6.93657
-56.2591 5.08247 -6.6661
-52.9655 4.67541 -6.45764
-48.9542 4.22705 -6.32612
-43.9342 3.74456 -6.27279
-37.6909 3.24331 -6.29112
-30.2507 2.72679 -6.38225
-21.7399 2.18705 -6.55497
-12.0919 1.62546 -6.80976
-1.04672 1.06125 -7.13201
11.5306 0.513662 -7.50564
25.4763 -0.0151429 -7.9266
40.5106 -0.530962 -8.3958
56.3813 -1.02704 -8.90291
72.6916 -1.48386 -9.42592
88.8036 -1.88876 -9.94689
104.132 -2.2451 -10.4598
118.381 -2.55902 -10.9605
131.302 -2.82628 -11.4359
142.393 -3.03908 -11.8695
151.123 -3.20024 -12.2532
157.415 -3.32208 -12.5875
161.883 -3.40099 -12.8685
164.896 -3.44231 -13.0901
166.662 -3.45509 -13.2493
167.471 -3.45335 -13.3505
167.724 -3.45047 -13.4007
167.769 -3.4505 -13.3997
167.95 -3.44561 -13.3449
168.367 -3.44429 -13.2427
169.066 -3.46235 -13.1059
169.994 -3.5073 -12.9411
170.896 -3.5741 -12.7447
171.347 -3.65957 -12.5141
170.962 -3.77325 -12.2563
169.63 -3.92807 -11.9813
167.477 -4.12457 -11.6885
164.552 -4.35233 -11.3679
160.7 -4.606 -11.0119
155.857 -4.89269 -10.6231
150.27 -5.22 -10.2044
144.278 -5.5819 -9.74883
138.004 -5.96319 -9.24199
131.448 -6.35643 -8.6766
124.739 -6.76597 -8.05596
118.004 -7.19288 -7.38211
111.068 -7.62434 -6.64761
103.589 -8.04436 -5.84443
95.4402 -8.44841 -4.97572
86.7062 -8.83877 -4.05193
77.2805 -9.20955 -3.07824
66.7492 -9.547 -2.05446
54.7522 -9.84511 -0.987378
41.2611 -10.1105 0.105242
26.4474 -10.3481 1.20639
10.4758 -10.5513 2.30857
-6.45674 -10.7124 3.40563
-23.9926 -10.8378 4.48116
-41.6205 -10.942 5.51316
-58.7869 -11.0298 6.48834
-74.9784 -11.0942 7.4037
-89.7081 -11.1338 8.2528
-102.474 -11.1625 9.01781
-112.863 -11.1957 9.68082
-120.741 -11.2308 10.2405
-126.23 -11.2472 10.7171
-129.981 -11.2503 11.0979
-132.232 -11.249 11.3745
-133.209 -11.2492 11.5426
-133.397 -11.2383 11.6136
-133.417 -11.197 11.6056
-133.614 -11.1232 11.4975
-133.981 -11.0162 11.3496
-134.549 -10.8786 11.1395
-135.436 -10.6943 10.8882
-136.592 -10.4525 10.6137
-137.756 -10.1604 10.3212
-138.795 -9.82816 10.0145
-139.871 -9.45123 9.70999
-141.147 -9.02031 9.4281
-142.577 -8.54314 9.17511
-144.096 -8.04093 8.94614
-145.893 -7.5235 8.74513
-148.324 -6.98381 8.58891
-151.661 -6.42235 8.48689
-155.989 -5.86155 8.42899
-161.283 -5.32472 8.40234
-167.501 -4.81216 8.41056
-174.611 -4.31344 8.4641
-182.522 -3.83274 8.56012
-191.018 -3.38572 8.68533
-199.815 -2.98513 8.82775
-208.673 -2.63835 8.97806
-217.309 -2.34329 9.13001
-225.391 -2.08504 9.29466
-232.53 -1.85111 9.47676
-238.614 -1.64786 9.66684
-243.775 -1.49118 9.84751
-248.055 -1.38575 10.011
-251.374 -1.32227 10.162
-253.868 -1.28758 10.3091
-256.033 -1.26769 10.4627
-258.421 -1.25123 10.6324
-261.384 -1.24203 10.8161
-265.211 -1.25488 11.0033
-270.27 -1.28416 11.199
-276.802 -1.29395 11.4313
-284.692 -1.25996 11.718
-293.642 -1.2026 12.0405
-303.454 -1.14832 12.3729
-314.005 -1.07599 12.7276
-324.96 -0.938093 13.1353
-335.801 -0.725529 13.5944
-346.094 -0.475317 14.0658
-355.677 -0.216566 14.5157
-364.647 0.0593838 14.9404
-372.499 0.372353 15.3043
-372.477 0.710389 15.3067
-372.43 1.07432 15.2773
-372.36 1.45534 15.1898
-372.274 1.8429 15.0455
-372.18 2.22149 14.8322
-372.091 2.58867 14.5551
-372.015 2.95529 14.2261
-371.962 3.32359 13.8482
-371.938 3.68005 13.4126
-371.965 4.01895 12.9294
-369.505 4.33296 12.3351
-364.426 4.64237 11.6436
-356.967 4.95777 10.8707
-347.13 5.27168 10.0178
-334.929 5.57099 9.08265
-320.671 5.8483 8.06859
-304.869 6.11287 6.99307
-288.011 6.3914 5.88789
-270.578 6.70285 4.77912
-253.161 7.03202 3.66655
-236.334 7.34716 2.53751
-220.45 7.64509 1.40204
-205.656 7.95426 0.295147
-192.042 8.28608 -0.76139
-179.665 8.60984 -1.77883
-168.458 8.89071 -2.77185
-158.15 9.12983 -3.72745
-148.278 9.34702 -4.61924
-138.3 9.54176 -5.4384
-127.789 9.6929 -6.1937
-116.556 9.78413 -6.89166
-104.661 9.80619 -7.53653
-92.0576 9.75114 -8.13356
-78.7211 9.62055 -8.68222
-64.969 9.43281 -9.17136
-51.2243 9.20637 -9.59192
-37.8392 8.93251 -9.95896
-25.1274 8.58885 -10.2998
-13.4298 8.17924 -10.6205
-3.00397 7.73474 -10.9069
6.30679 7.27817 -11.1519
14.9724 6.80292 -11.371
23.3733 6.29426 -11.5847
31.6679 5.75876 -11.7952
40.021 5.22514 -11.9866
48.6787 4.72128 -12.1426
57.7439 4.25247 -12.2629
66.9546 3.79615 -12.3679
76.0521 3.33624 -12.4709
84.6941 2.88511 -12.5621
92.3776 2.47692 -12.6141
98.5182 2.13094 -12.611
102.66 1.83301 -12.5636
104.614 1.56358 -12.4874
104.424 1.32831 -12.379
102.263 1.14512 -12.2262
98.3753 1.01468 -12.0314
93.0627 0.923662 -11.8093
86.7898 0.866593 -11.5698
80.2623 0.843611 -11.3197
74.2676 0.845345 -11.0742
69.3796 0.86328 -10.8481
65.941 0.906615 -10.6428
64.2715 0.980187 -10.4631
64.6711 1.05563 -10.3398
67.1914 1.09853 -10.3071
71.6346 1.11357 -10.3664
77.8262 1.1271 -10.5001
85.6316 1.13474 -10.7126
94.6749 1.1027 -11.0292
104.343 1.01847 -11.4557
114.213 0.905609 -11.9676
124.274 0.784111 -12.5422
134.645 0.645378 -13.1784
145.347 0.473435 -13.8796
156.285 0.25826 -14.6438
167.803 0.0195698 -15.4484
180.017 -0.240022 -16.3128
193.166 -0.504381 -17.2328
207.757 -0.723175 -18.1508
223.338 -0.930638 -19.0317
240.092 -1.10995 -19.8651
257.325 -1.28239 -20.6402
274.491 -1.44186 -21.3447
290.908 -1.59265 -21.9832
305.78 -1.74189 -22.5642
318.565 -1.89858 -23.0787
329.011 -2.05798 -23.5155
337.129 -2.23255 -23.8755
343.159 -2.43223 -24.1656
347.423 -2.64671 -24.3741
350.132 -2.88147 -24.473
351.65 -3.13984 -24.4567
352.254 -3.44463 -24.3405
352.375 -3.78647 -24.1366
352.523 -4.15853 -23.8268
352.927 -4.54863 -23.4112
353.233 -4.97029 -22.9184
352.948 -5.43205 -22.3721
351.912 -5.90191 -21.7646
350.045 -6.34154 -21.0846
346.957 -6.74857 -20.3517
342.125 -7.13985 -19.5993
335.265 -7.50797 -18.8394
326.222 -7.82151 -18.0651
314.831 -8.0623 -17.2755
301.214 -8.23885 -16.4826
285.975 -8.36338 -15.7009
269.822 -8.4416 -14.9361
253.043 -8.47052 -14.1852
235.613 -8.4389 -13.4366
217.654 -8.33531 -12.6752
199.557 -8.1623 -11.8947
181.734 -7.93479 -11.1001
164.406 -7.66164 -10.2921
147.476 -7.33864 -9.46134
130.538 -6.96686 -8.60364
113.14 -6.56067 -7.72749
95.0651 -6.12814 -6.83873
76.2781 -5.6622 -5.93394
56.7447 -5.16507 -5.02035
36.4766 -4.66018 -4.12422
15.6424 -4.16134 -3.26455
-5.57778 -3.65437 -2.43784
-27.0255 -3.13465 -1.6486
-48.16 -2.63783 -0.933757
-67.8629 -2.19838 -0.328888
-85.0147 -1.79816 0.173693
-99.1551 -1.39803 0.600641
-110.306 -1.00702 0.943148
-118.374 -0.673925 1.16363
-123.154 -0.414575 1.25301
-124.78 -0.194194 1.24422
-123.767 0.0128138 1.16467
-120.721 0.190144 1.00972
-116.352 0.320407 0.774947
-111.623 0.421064 0.485581
-107.452 0.519688 0.176275
-104.217 0.619949 -0.138688
-101.799 0.711724 -0.458143
-100.024 0.796195 -0.772008
-98.8878 0.881885 -1.06359
-98.4409 0.966981 -1.32451
-98.616 1.0432 -1.552
-99.1128 1.11324 -1.73533
-99.429 1.19005 -1.85747
-99.1817 1.27696 -1.91007
-98.4557 1.35744 -1.89972
-97.6993 1.40876 -1.83757
-97.308 1.42289 -1.72472
-97.521 1.41062 -1.54831
-98.6249 1.38424 -1.29473
-100.909 1.33721 -0.967294
-104.457 1.24869 -0.58412
-109.355 1.11499 -0.152405
-116.028 0.965012 0.345367
-124.929 0.82775 0.925173
-135.865 0.693495 1.56884
-148.059 0.532915 2.23865
-160.907 0.352038 2.92248
-174.285 0.197287 3.63927
-188.092 0.0996902 4.3957
-201.924 0.0463428 5.16396
-215.335 0.0215326 5.91435
-228.054 0.0432012 6.64425
-239.875 0.133666 7.35651
-250.684 0.282087 8.03139
-260.765 0.467777 8.64511
-270.981 0.690203 9.2
-282.464 0.93931 9.71444
-294.96 1.22896 10.1844
-308.085 1.54646 10.5996
-321.811 1.89512 10.9592
-336.263 2.29437 11.2915
-352.039 2.74536 11.61
-370.682 3.21237 11.9157
-371.583 3.47283 11.5303
-370.899 3.70255 11.0992
-370.127 3.94534 10.7391
-369.288 4.188 10.45
-368.5 4.41743 10.2382
-367.797 4.63099 10.0957
-367.198 4.83185 10.0146
-366.751 5.02081 9.98097
-366.472 5.20951 9.98694
-366.357 5.40809 10.024
-365.821 5.60156 10.0443
-363.477 5.7581 9.97284
-359.946 5.86659 9.80123
-354.977 5.92807 9.528
-348.03 5.93382 9.13858
-338.815 5.85721 8.60821
-327.211 5.69436 7.93442
-313.13 5.47029 7.14064
-296.652 5.19876 6.24452
-277.977 4.87213 5.25044
-257.106 4.49763 4.17673
-233.883 4.10337 3.05863
-208.48 3.69666 1.91548
-181.578 3.25728 0.745498
-154.039 2.78664 -0.435863
-126.583 2.32138 -1.58532
-99.7419 1.88138 -2.67418
-73.8608 1.44561 -3.70985
-49.1843 1.00004 -4.69721
-26.1407 0.570424 -5.60941
-5.39854 0.180262 -6.42087
12.6 -0.190913 -7.14321
28.0237 -0.576791 -7.80151
41.3918 -0.977001 -8.39458
53.1566 -1.37066 -8.90516
63.7245 -1.7566 -9.33325
73.5488 -2.14938 -9.69261
82.9035 -2.54978 -9.98593
91.8175 -2.94782 -10.2077
100.48 -3.34479 -10.3636
109.366 -3.74766 -10.4666
118.633 -4.14947 -10.5198
127.67 -4.53477 -10.5209
135.574 -4.89627 -10.4753
141.815 -5.23009 -10.391
146.216 -5.52558 -10.2715
148.674 -5.77552 -10.1254
149.241 -5.98381 -9.97138
148.197 -6.14956 -9.82295
145.783 -6.26198 -9.68334
142.154 -6.32475 -9.56574
137.79 -6.36001 -9.49622
133.603 -6.37007 -9.48255
130.479 -6.32662 -9.50518
128.899 -6.22281 -9.55775
128.99 -6.10164 -9.66905
130.602 -6.00002 -9.85924
133.369 -5.8992 -10.1012
137.017 -5.77088 -10.3577
141.581 -5.63943 -10.6329
147.02 -5.54905 -10.9468
152.801 -5.49436 -11.2801
158.181 -5.43853 -11.5891
162.808 -5.3851 -11.8644
166.757 -5.375 -12.1298
170.195 -5.41875 -12.3889
173.386 -5.48751 -12.6179
176.809 -5.57298 -12.8144
180.847 -5.70245 -13.0075
185.541 -5.88487 -13.2132
191.009 -6.09133 -13.4188
197.916 -6.30594 -13.6262
207.123 -6.5545 -13.8726
219.01 -6.86263 -14.1936
233.543 -7.21482 -14.5892
250.578 -7.58384 -15.0473
269.711 -7.97403 -15.5802
290.454 -8.40162 -16.2069
312.678 -8.85495 -16.9157
336.082 -9.31699 -17.6931
360.475 -9.7661 -18.5126
384.769 -10.2056 -19.3697
409.778 -10.64 -20.2596
410.278 -10.629 -20.4209
410.265 -10.5509 -20.5471
410.259 -10.4392 -20.6493
410.263 -10.2777 -20.7119
410.276 -10.1026 -20.7154
410.293 -9.94842 -20.6858
410.311 -9.82455 -20.6276
410.333 -9.71555 -20.5419
410.358 -9.62057 -20.4229
410.384 -9.56377 -20.2796
410.409 -9.55507 -20.1205
410.432 -9.57985 -19.9572
410.454 -9.63293 -19.7845
410.471 -9.72026 -19.6203
410.484 -9.833 -19.4734
407.519 -9.89433 -19.2268
401.473 -9.88517 -18.8574
392.622 -9.83466 -18.3938
380.993 -9.76011 -17.8582
366.636 -9.63339 -17.2362
349.852 -9.42239 -16.5098
331.122 -9.13559 -15.696
310.986 -8.80205 -14.8306
289.909 -8.43077 -13.9332
268.111 -8.01355 -13.0091
245.665 -7.5511 -12.072
222.814 -7.05185 -11.1409
199.959 -6.51545 -10.2261
177.318 -5.94042 -9.33531
154.937 -5.33828 -8.48522
133.007 -4.72086 -7.6907
111.773 -4.08522 -6.95139
91.1135 -3.43096 -6.26457
70.6986 -2.77952 -5.64092
50.6269 -2.15412 -5.09058
31.4223 -1.55358 -4.60326
13.3211 -0.96823 -4.15965
-3.92488 -0.407354 -3.7526
-20.4354 0.11349 -3.37939
-35.8877 0.595804 -3.02585
-49.9488 1.04124 -2.6795
-62.5964 1.42934 -2.34664
-73.8707 1.74495 -2.03187
-83.7211 2.01172 -1.71282
-92.2717 2.26141 -1.36376
-99.9276 2.48375 -0.994442
-107.063 2.64876 -0.63361
-113.787 2.76803 -0.281001
-120.073 2.88597 0.0870756
-125.953 3.01199 0.465032
-131.552 3.11071 0.810736
-137.036 3.16728 1.09932
-142.454 3.21663 1.34725
-147.542 3.29186 1.56937
-151.85 3.38318 1.74644
-155.183 3.46957 1.8545
-157.699 3.55732 1.89695
-159.501 3.66043 1.88572
-160.464 3.76918 1.81551
-160.613 3.86724 1.68012
-160.236 3.96183 1.49624
-159.432 4.06985 1.2891
-158.008 4.1876 1.06754
-156.058 4.29827 0.831973
-154.205 4.39958 0.596284
-152.946 4.5035 0.384987
-152.2 4.6163 0.215613
-151.845 4.73422 0.0958008
-152.267 4.85294 0.0313213
-154.076 4.97202 0.0293276
-157.624 5.10154 0.10326
-163.072 5.26476 0.274691
-170.731 5.473 0.552708
-180.812 5.7057 0.918652
-193.119 5.93557 1.34787
-207.392 6.17076 1.84201
-223.651 6.44375 2.42211
-241.856 6.76197 3.08757
-261.709 7.09643 3.81011
-282.887 7.42974 4.569
-305.005 7.78628 5.37568
-327.495 8.18675 6.23948
-352.214 8.62511 7.14729
-364.71 8.72265 7.74649
-363.798 8.47503 7.99181
-362.739 8.22292 8.20356
-361.476 7.96476 8.35194
-360.112 7.695 8.45486
-358.669 7.44281 8.52502
-357.095 7.22976 8.57295
-355.358 7.00733 8.57424
-353.581 6.77523 8.52552
-351.763 6.55526 8.42257
-350.462 6.38928 8.33638
-349.251 6.28272 8.25899
-348.164 6.20445 8.17839
-347.224 6.13097 8.08321
-346.425 6.0743 7.98718
-345.82 6.0425 7.91399
-345.439 6.02741 7.86287
-345.292 6.00624 7.82754
-344.517 5.93848 7.77664
-341.644 5.78747 7.6625
-336.891 5.55402 7.49036
-330.537 5.25923 7.28037
-322.69 4.92589 7.05203
-313.215 4.54744 6.79981
-301.959 4.10344 6.50433
-289.05 3.603 6.16651
-274.984 3.08401 5.80944
-260.323 2.56807 5.44505
-245.207 2.0495 5.05742
-229.441 1.52982 4.639
-212.847 1.02767 4.19345
-195.623 0.552046 3.72069
-178.085 0.0955398 3.20835
-160.341 -0.341801 2.65006
-142.446 -0.747515 2.05205
-124.6 -1.12267 1.41374
-106.887 -1.48763 0.721402
-89.0832 -1.84927 -0.0258062
-71.107 -2.185 -0.801881
-53.4445 -2.4775 -1.5823
-36.6888 -2.74717 -2.37102
-20.8047 -3.028 -3.18146
-5.28898 -3.32374 -4.00256
10.0773 -3.6101 -4.80182
25.0408 -3.87168 -5.55444
39.3011 -4.11507 -6.2531
52.7135 -4.34934 -6.89382
65.1507 -4.57167 -7.4668
76.499 -4.77196 -7.95968
86.7479 -4.94139 -8.36235
95.8842 -5.07901 -8.67261
103.709 -5.19578 -8.90081
109.879 -5.30472 -9.06121
114.112 -5.40254 -9.15588
116.377 -5.4727 -9.17799
117.019 -5.51114 -9.13267
116.599 -5.53228 -9.04013
115.41 -5.54539 -8.91566
113.274 -5.54755 -8.76447
110.054 -5.5461 -8.59965
106.168 -5.5584 -8.44221
102.29 -5.57924 -8.29503
98.755 -5.58216 -8.14232
95.5833 -5.56761 -7.98728
92.905 -5.57302 -7.8623
90.9063 -5.61435 -7.78343
89.5169 -5.65629 -7.72439
88.6543 -5.67065 -7.66285
88.7051 -5.68882 -7.6249
90.2489 -5.75615 -7.64877
93.3101 -5.8614 -7.72572
97.3228 -5.9582 -7.8172
101.877 -6.04069 -7.91775
107.127 -6.14964 -8.06008
113.409 -6.30949 -8.26295
120.797 -6.50633 -8.51329
129.121 -6.73013 -8.80071
138.188 -6.99498 -9.13364
147.866 -7.30786 -9.51459
158.156 -7.65445 -9.92988
169.234 -8.02816 -10.3726
181.805 -8.42267 -10.8382
195.775 -8.85125 -11.3317
210.986 -9.29352 -11.8379
227.432 -9.71354 -12.334
244.365 -10.1278 -12.8289
261.278 -10.5507 -13.3367
278.462 -10.9642 -13.8465
295.91 -11.3436 -14.3474
313.214 -11.6665 -14.8274
329.859 -11.9193 -15.2786
345.129 -12.1238 -15.7268
359.155 -12.2941 -16.1905
372.177 -12.4247 -16.6714
384.172 -12.4884 -17.1517
395.523 -12.4719 -17.6229
406.337 -12.3954 -18.0998
410.434 -12.193 -18.4648
410.416 -11.9173 -18.7814
410.396 -11.6113 -19.12
410.377 -11.2735 -19.4619
410.356 -10.9302 -19.8058
410.33 -10.6069 -20.162
410.3 -10.3031 -20.5208
410.269 -10.0143 -20.8711
410.239 -9.74136 -21.197
410.213 -9.48256 -21.4779
410.197 -9.22357 -21.6895
409.411 -8.95627 -21.8053
407.37 -8.69401 -21.8281
403.602 -8.43445 -21.7524
397.82 -8.15413 -21.559
389.835 -7.83826 -21.2386
379.577 -7.50136 -20.808
367.31 -7.16199 -20.2888
353.28 -6.82026 -19.6897
337.344 -6.46054 -19.009
319.172 -6.07922 -18.2544
299.054 -5.69236 -17.4492
278.101 -5.31747 -16.6197
257.343 -4.96147 -15.7837
237.004 -4.62134 -14.9475
216.979 -4.28654 -14.1101
197.461 -3.95296 -13.2761
178.825 -3.63807 -12.466
161.29 -3.37009 -11.7059
145.013 -3.15526 -11.0035
130.264 -2.9698 -10.3424
117.144 -2.79375 -9.70894
105.288 -2.63652 -9.11093
94.1916 -2.51551 -8.5623
83.7636 -2.42587 -8.05949
74.3683 -2.35113 -7.58984
66.3547 -2.29087 -7.15384
59.6479 -2.25522 -6.76015
53.7652 -2.2419 -6.40606
48.2322 -2.24353 -6.08399
43.0214 -2.26893 -5.80122
38.5139 -2.32878 -5.56821
35.0064 -2.40519 -5.37057
32.4253 -2.46839 -5.18204
30.5908 -2.5253 -5.00749
29.4433 -2.61681 -4.88139
28.845 -2.75508 -4.8138
28.5283 -2.89626 -4.7687
28.4988 -2.99652 -4.71238
29.1105 -3.06546 -4.65572
30.3653 -3.13466 -4.62587
31.4767 -3.19654 -4.61747
31.5726 -3.21116 -4.60002
30.5713 -3.1603 -4.56148
28.9348 -3.05933 -4.5172
26.8331 -2.92115 -4.48008
24.0337 -2.73894 -4.44532
20.396 -2.50399 -4.40499
15.9939 -2.2162 -4.35851
10.884 -1.8768 -4.30646
5.16955 -1.48983 -4.24928
-0.768114 -1.07306 -4.19535
-6.45