-2.59577e-05 -2.04995e-13 -1.33662e-13
-5.19154e-05 -4.07956e-13 -2.65576e-13
-7.78731e-05 -6.08879e-13 -3.9573e-13
-0.000103831 -8.07741e-13 -5.24115e-13
-0.000129788 -1.00454e-12 -6.5072e-13
-0.000155746 -1.19927e-12 -7.75534e-13
-0.000181704 -1.3919e-12 -8.98545e-13
-0.000207662 -1.58244e-12 -1.01974e-12
-0.000233619 -1.77086e-12 -1.13912e-12
-0.000259577 -1.95717e-12 -1.25666e-12
-0.000259577 -4.04899e-10 1.48334e-10
-0.000259572 -2.20664e-09 7.91996e-10
-0.000259561 -5.83633e-09 2.58916e-09
-0.000259569 -1.03933e-08 6.84217e-09
-0.000259611 -1.39696e-08 1.49102e-08
-0.00025966 -1.39019e-08 2.74448e-08
-0.000259707 -7.50047e-09 4.46523e-08
-0.000259777 7.38937e-09 6.67044e-08
-0.000259879 3.22e-08 9.3213e-08
-0.00025998 6.72728e-08 1.22561e-07
-0.000260036 1.10784e-07 1.52368e-07
-0.000260011 1.57997e-07 1.8019e-07
-0.000259919 2.03016e-07 2.04236e-07
-0.000259836 2.40394e-07 2.23949e-07
-0.000259818 2.65713e-07 2.39666e-07
-0.000259854 2.76106e-07 2.52251e-07
-0.000259968 2.70294e-07 2.6276e-07
-0.000260259 2.48578e-07 2.72111e-07
-0.000260869 2.12225e-07 2.81005e-07
-0.000261965 1.62856e-07 2.8989e-07
-0.000263567 1.02314e-07 2.99377e-07
-0.000265472 3.25299e-08 3.10663e-07
-0.000267343 -4.41689e-08 3.24821e-07
-0.000268798 -1.249e-07 3.41992e-07
-0.000269602 -2.06102e-07 3.61335e-07
-0.000269694 -2.83203e-07 3.81178e-07
-0.000269041 -3.51328e-07 3.99933e-07
-0.000267576 -4.06046e-07 4.16954e-07
-0.000265261 -4.43906e-07 4.323e-07
-0.000262265 -4.63023e-07 4.46367e-07
-0.000259062 -4.6351e-07 4.59611e-07
-0.00025631 -4.47591e-07 4.72444e-07
-0.000254553 -4.18645e-07 4.85261e-07
-0.000253985 -3.80483e-07 4.98244e-07
-0.000254521 -3.37575e-07 5.11352e-07
-0.000255951 -2.94973e-07 5.24558e-07
-0.000258023 -2.57051e-07 5.38023e-07
-0.000260509 -2.2662e-07 5.52007e-07
-0.000263127 -2.04938e-07 5.66839e-07
-0.000265444 -1.91541e-07 5.83086e-07
-0.00026695 -1.85105e-07 6.01261e-07
-0.000267248 -1.84619e-07 6.2132e-07
-0.0002662 -1.89736e-07 6.42505e-07
-0.000263992 -2.00875e-07 6.63394e-07
-0.000261049 -2.18355e-07 6.82317e-07
-0.000257811 -2.4156e-07 6.97753e-07
-0.000254664 -2.69152e-07 7.08654e-07
-0.000252011 -2.99314e-07 7.14735e-07
-0.000250255 -3.3036e-07 7.16217e-07
-0.000249726 -3.61274e-07 7.13587e-07
-0.00025067 -3.91927e-07 7.0774e-07
-0.000253191 -4.23315e-07 7.00046e-07
-0.000257066 -4.55887e-07 6.91816e-07
-0.000261754 -4.87849e-07 6.83788e-07
-0.000266588 -5.1581e-07 6.76967e-07
-0.000270944 -5.35383e-07 6.73529e-07
-0.000274312 -5.42128e-07 6.75657e-07
-0.00027629 -5.32833e-07 6.84137e-07
-0.000276622 -5.06309e-07 6.98273e-07
-0.000275169 -4.6373e-07 7.16193e-07
-0.000271915 -4.08066e-07 7.35966e-07
-0.000267093 -3.43737e-07 7.56507e-07
-0.000261334 -2.75894e-07 7.77298e-07
-0.000255602 -2.09529e-07 7.98208e-07
-0.000250858 -1.48782e-07 8.19372e-07
-0.000247794 -9.6495e-08 8.40856e-07
-0.000246771 -5.48831e-08 8.62394e-07
-0.000247878 -2.58711e-08 8.83396e-07
-0.000251038 -1.09078e-08 9.03291e-07
-0.000256008 -1.11075e-08 9.21608e-07
-0.000262298 -2.72152e-08 9.37579e-07
-0.000269121 -5.93337e-08 9.49935e-07
-0.000275467 -1.06644e-07 9.57722e-07
-0.000280305 -1.6717e-07 9.61089e-07
-0.000282853 -2.38415e-07 9.61219e-07
-0.000282785 -3.18145e-07 9.60123e-07
-0.000280265 -4.04199e-07 9.60165e-07
-0.000275786 -4.94262e-07 9.63595e-07
-0.00026992 -5.85665e-07 9.71961e-07
-0.000263243 -6.75151e-07 9.85587e-07
-0.000256491 -7.58576e-07 1.00351e-06
-0.000250642 -8.3077e-07 1.02337e-06
-0.000246668 -8.86532e-07 1.04243e-06
-0.000245178 -9.21396e-07 1.05869e-06
-0.00024625 -9.32197e-07 1.07117e-06
-0.00024948 -9.17917e-07 1.07986e-06
-0.000254183 -8.79787e-07 1.0851e-06
-0.000259607 -8.21189e-07 1.08709e-06
-0.000265017 -7.46528e-07 1.08605e-06
-0.000269739 -6.60012e-07 1.08236e-06
-0.000273216 -5.65901e-07 1.07631e-06
-0.000275004 -4.68796e-07 1.06773e-06
-0.000274832 -3.73276e-07 1.05663e-06
-0.000272809 -2.83453e-07 1.04387e-06
-0.000269469 -2.02998e-07 1.03007e-06
-0.000265569 -1.35305e-07 1.01449e-06
-0.000261834 -8.29766e-08 9.96097e-07
-0.000258765 -4.70643e-08 9.74892e-07
-0.000256657 -2.74941e-08 9.5161e-07
-0.000255691 -2.39675e-08 9.27086e-07
-0.000255985 -3.56353e-08 9.01803e-07
-0.000257534 -6.03874e-08 8.75799e-07
-0.000260109 -9.4551e-08 8.49317e-07
-0.000263293 -1.3298e-07 8.23207e-07
-0.000266614 -1.70229e-07 7.98098e-07
-0.00026962 -2.01595e-07 7.73705e-07
-0.000271936 -2.23499e-07 7.49119e-07
-0.000273385 -2.33805e-07 7.23131e-07
-0.00027397 -2.31949e-07 6.94357e-07
-0.000273713 -2.19126e-07 6.6127e-07
-0.000272548 -1.97288e-07 6.22803e-07
-0.000270417 -1.67898e-07 5.79081e-07
-0.000267482 -1.31731e-07 5.31524e-07
-0.000264144 -8.88944e-08 4.82725e-07
-0.000260837 -3.96474e-08 4.35437e-07
-0.000257827 1.47545e-08 3.91516e-07
-0.000255268 7.23176e-08 3.5203e-07
-0.000253327 1.30895e-07 3.1764e-07
-0.000252189 1.88353e-07 2.88936e-07
-0.000251999 2.42335e-07 2.66467e-07
-0.000252901 2.89911e-07 2.50479e-07
-0.000255023 3.27686e-07 2.41021e-07
-0.000258231 3.52563e-07 2.37831e-07
-0.000262031 3.61993e-07 2.39844e-07
-0.000265836 3.53898e-07 2.45353e-07
-0.000269209 3.27134e-07 2.52643e-07
-0.000271881 2.82754e-07 2.60147e-07
-0.000273652 2.2456e-07 2.66088e-07
-0.000274371 1.58419e-07 2.69047e-07
-0.000273953 9.21999e-08 2.69048e-07
-0.000272342 3.35885e-08 2.67327e-07
-0.000269614 -1.27918e-08 2.65497e-07
-0.000266238 -4.46795e-08 2.65629e-07
-0.000262979 -6.08038e-08 2.70787e-07
-0.000260477 -6.1888e-08 2.83882e-07
-0.000259028 -5.20917e-08 3.06148e-07
-0.000258627 -3.73459e-08 3.37443e-07
-0.000259083 -2.31978e-08 3.76975e-07
-0.000260185 -1.36675e-08 4.24018e-07
-0.000261805 -1.04007e-08 4.78463e-07
-0.000263768 -1.28598e-08 5.39399e-07
-0.000265616 -1.87355e-08 6.03652e-07
-0.000266764 -2.49977e-08 6.66823e-07
-0.000266823 -2.86436e-08 7.2464e-07
-0.000265674 -2.6584e-08 7.72879e-07
-0.000263507 -1.58269e-08 8.07043e-07
-0.000260794 5.58157e-09 8.24046e-07
-0.000258103 3.79208e-08 8.24009e-07
-0.000255816 7.99387e-08 8.09725e-07
-0.000254052 1.28844e-07 7.85822e-07
-0.000252978 1.79761e-07 7.56888e-07
-0.00025299 2.25112e-07 7.25452e-07
-0.000254365 2.56876e-07 6.92519e-07
-0.000256958 2.69552e-07 6.58693e-07
-0.000260315 2.6152e-07 6.24309e-07
-0.000263925 2.35367e-07 5.88848e-07
-0.000267417 1.95886e-07 5.51984e-07
-0.000270598 1.49142e-07 5.15543e-07
-0.000273269 1.01986e-07 4.82881e-07
-0.000275175 6.00095e-08 4.57033e-07
-0.000276039 2.55286e-08 4.39643e-07
-0.000275542 -2.85926e-09 4.31136e-07
-0.000273471 -2.76153e-08 4.31669e-07
-0.000269944 -5.07115e-08 4.41217e-07
-0.000265494 -7.36866e-08 4.5908e-07
-0.000260817 -9.7001e-08 4.83984e-07
-0.000256421 -1.19147e-07 5.15481e-07
-0.000252645 -1.35985e-07 5.55174e-07
-0.000249856 -1.42207e-07 6.05106e-07
-0.000248584 -1.3334e-07 6.65718e-07
-0.000249361 -1.07026e-07 7.35143e-07
-0.000252358 -6.33029e-08 8.09284e-07
-0.0002572 -3.26804e-09 8.83083e-07
-0.000263094 7.15073e-08 9.51185e-07
-0.000269173 1.58233e-07 1.00901e-06
-0.000274664 2.52963e-07 1.05436e-06
-0.000278943 3.52003e-07 1.08823e-06
-0.000281701 4.52608e-07 1.11492e-06
-0.00028296 5.5187e-07 1.14005e-06
-0.000282854 6.4576e-07 1.16871e-06
-0.000281357 7.30189e-07 1.20468e-06
-0.000278476 8.02319e-07 1.25002e-06
-0.000274729 8.60478e-07 1.30485e-06
-0.000271029 9.03462e-07 1.36682e-06
-0.000268187 9.30306e-07 1.43203e-06
-0.000266587 9.4104e-07 1.49695e-06
-0.000266206 9.38212e-07 1.55965e-06
-0.00026688 9.2701e-07 1.62001e-06
-0.000268455 9.13141e-07 1.67921e-06
-0.000270791 9.02043e-07 1.7402e-06
-0.000273758 8.9833e-07 1.80754e-06
-0.000277173 9.03983e-07 1.88599e-06
-0.000280635 9.172e-07 1.97826e-06
-0.000283461 9.32287e-07 2.08344e-06
-0.000284937 9.42902e-07 2.19876e-06
-0.000284754 9.45221e-07 2.3213e-06
-0.000283274 9.3725e-07 2.44829e-06
-0.000281248 9.17678e-07 2.57708e-06
-0.000279226 8.85825e-07 2.70467e-06
-0.000277363 8.42118e-07 2.82777e-06
-0.000275674 7.87158e-07 2.94303e-06
-0.000274393 7.20076e-07 3.0467e-06
-0.000274001 6.38722e-07 3.13488e-06
-0.000274869 5.40702e-07 3.20443e-06
-0.000277036 4.26678e-07 3.25296e-06
-0.000280218 3.02543e-07 3.27802e-06
-0.000283897 1.75807e-07 3.27842e-06
-0.000287428 5.31449e-08 3.25649e-06
-0.000290184 -5.99413e-08 3.21673e-06
-0.000291865 -1.60673e-07 3.16351e-06
-0.000292527 -2.49713e-07 3.10023e-06
-0.000292081 -3.30867e-07 3.02926e-06
-0.000290069 -4.08634e-07 2.95103e-06
-0.00028607 -4.85958e-07 2.86299e-06
-0.000280309 -5.64313e-07 2.76254e-06
-0.000273729 -6.4367e-07 2.64998e-06
-0.000267425 -7.23224e-07 2.52808e-06
-0.000262258 -8.02326e-07 2.40136e-06
-0.000258805 -8.80589e-07 2.27617e-06
-0.000257443 -9.58033e-07 2.16067e-06
-0.000258293 -1.03593e-06 2.06173e-06
-0.000261151 -1.11782e-06 1.98185e-06
-0.000265621 -1.20745e-06 1.92049e-06
-0.000271147 -1.30629e-06 1.87603e-06
-0.000276923 -1.4133e-06 1.84607e-06
-0.000281833 -1.52535e-06 1.82743e-06
-0.00028464 -1.63657e-06 1.81612e-06
-0.000284565 -1.73722e-06 1.80791e-06
-0.000281665 -1.81702e-06 1.79836e-06
-0.000276574 -1.86914e-06 1.78245e-06
-0.000269939 -1.89157e-06 1.75445e-06
-0.000262236 -1.88731e-06 1.70871e-06
-0.000254126 -1.86232e-06 1.64041e-06
-0.000246661 -1.82467e-06 1.54521e-06
-0.000240932 -1.7829e-06 1.41913e-06
-0.000237715 -1.74265e-06 1.25975e-06
-0.000237416 -1.70597e-06 1.06778e-06
-0.000240045 -1.67245e-06 8.47178e-07
-0.000245005 -1.64196e-06 6.03413e-07
-0.000251031 -1.61592e-06 3.42913e-07
-0.000256734 -1.59604e-06 7.28734e-08
-0.000261137 -1.58429e-06 -1.99912e-07
-0.000263624 -1.58299e-06 -4.69974e-07
-0.000263558 -1.59391e-06 -7.33147e-07
-0.000260249 -1.6172e-06 -9.8566e-07
-0.000253451 -1.65148e-06 -1.22391e-06
-0.000243855 -1.69454e-06 -1.44502e-06
-0.000232972 -1.74322e-06 -1.64659e-06
-0.0002225 -1.79451e-06 -1.8262e-06
-0.000213891 -1.84778e-06 -1.98163e-06
-0.000208237 -1.90463e-06 -2.1117e-06
-0.000206228 -1.96774e-06 -2.21644e-06
-0.000208075 -2.0391e-06 -2.29659e-06
-0.000213487 -2.11885e-06 -2.35373e-06
-0.000221847 -2.20426e-06 -2.39051e-06
-0.000232268 -2.28826e-06 -2.41045e-06
-0.000243481 -2.3609e-06 -2.41766e-06
-0.000253771 -2.41139e-06 -2.4169e-06
-0.000261295 -2.42876e-06 -2.41293e-06
-0.000264868 -2.40205e-06 -2.40955e-06
-0.000264413 -2.32206e-06 -2.4097e-06
-0.000260516 -2.18401e-06 -2.41628e-06
-0.000253766 -1.9887e-06 -2.43243e-06
-0.000244749 -1.7426e-06 -2.46088e-06
-0.000234542 -1.45552e-06 -2.50282e-06
-0.000224676 -1.13948e-06 -2.55767e-06
-0.000216535 -8.08045e-07 -2.62457e-06
-0.00021109 -4.7496e-07 -2.70319e-06
-0.000209084 -1.51999e-07 -2.79238e-06
-0.000210862 1.52475e-07 -2.88929e-06
-0.000216004 4.33325e-07 -2.9906e-06
-0.000223435 6.8869e-07 -3.09344e-06
-0.000232003 9.19893e-07 -3.19529e-06
-0.000240943 1.13074e-06 -3.29439e-06
-0.000249624 1.32439e-06 -3.39027e-06
-0.000257138 1.50109e-06 -3.48372e-06
-0.000262367 1.65981e-06 -3.57553e-06
-0.000264526 1.79912e-06 -3.66605e-06
-0.000263596 1.91607e-06 -3.75619e-06
-0.000260107 2.00574e-06 -3.84794e-06
-0.000254553 2.06413e-06 -3.94381e-06
-0.000247215 2.09099e-06 -4.04625e-06
-0.000238713 2.08832e-06 -4.15727e-06
-0.000230132 2.05836e-06 -4.27836e-06
-0.000222365 2.00502e-06 -4.41037e-06
-0.000215895 1.93569e-06 -4.55295e-06
-0.000211379 1.85978e-06 -4.70501e-06
-0.000209847 1.78667e-06 -4.8656e-06
-0.000211814 1.72451e-06 -5.03336e-06
-0.000216714 1.67953e-06 -5.20548e-06
-0.000223578 1.65613e-06 -5.37818e-06
-0.000231807 1.65639e-06 -5.54758e-06
-0.000240893 1.67887e-06 -5.71053e-06
-0.000249705 1.71814e-06 -5.86482e-06
-0.000256585 1.76773e-06 -6.00928e-06
-0.0002601 1.82266e-06 -6.14413e-06
-0.000259528 1.87898e-06 -6.27183e-06
-0.000254613 1.93374e-06 -6.39741e-06
-0.00024546 1.98495e-06 -6.52669e-06
-0.000232899 2.03172e-06 -6.66425e-06
-0.000218582 2.07387e-06 -6.81275e-06
-0.000204493 2.11084e-06 -6.97287e-06
-0.00019227 2.14096e-06 -7.14382e-06
-0.000183176 2.16152e-06 -7.32317e-06
-0.000178499 2.17005e-06 -7.50489e-06
-0.000179465 2.16455e-06 -7.67821e-06
-0.000186512 2.14275e-06 -7.83064e-06
-0.000198706 2.10187e-06 -7.95051e-06
-0.000213974 2.04025e-06 -8.02687e-06
-0.000229999 1.95877e-06 -8.04942e-06
-0.000244935 1.86253e-06 -8.00996e-06
-0.000257296 1.76187e-06 -7.90406e-06
-0.000265584 1.67027e-06 -7.732e-06
-0.000268709 1.603e-06 -7.49886e-06
-0.000266539 1.57561e-06 -7.21263e-06
-0.000259644 1.60128e-06 -6.88318e-06
-0.000248802 1.68938e-06 -6.52194e-06
-0.000235251 1.84554e-06 -6.14036e-06
-0.000221275 2.07199e-06 -5.74895e-06
-0.000209574 2.36625e-06 -5.35785e-06
-0.000201898 2.72143e-06 -4.97575e-06
-0.000198771 3.129e-06 -4.60722e-06
-0.000200417 3.57883e-06 -4.25254e-06
-0.00020736 4.05689e-06 -3.90981e-06
-0.00021979 4.5451e-06 -3.5761e-06
-0.000236807 5.02384e-06 -3.2467e-06
-0.000256651 5.4736e-06 -2.91551e-06
-0.000277398 5.87445e-06 -2.57725e-06
-0.00029712 6.20804e-06 -2.22928e-06
-0.000313756 6.46091e-06 -1.87204e-06
-0.000325458 6.625e-06 -1.50742e-06
-0.000331227 6.69749e-06 -1.13722e-06
-0.000331212 6.68149e-06 -7.64323e-07
-0.000326156 6.58587e-06 -3.94105e-07
-0.000316717 6.42233e-06 -3.35772e-08
-0.000303776 6.20335e-06 3.10387e-07
-0.000289175 5.94152e-06 6.31522e-07
-0.00027561 5.64762e-06 9.23642e-07
-0.000265462 5.32928e-06 1.18092e-06
-0.000259854 4.99112e-06 1.39918e-06
-0.000259018 4.63731e-06 1.57684e-06
-0.000262891 4.27303e-06 1.71461e-06
-0.00027088 3.90291e-06 1.81348e-06
-0.00028142 3.53029e-06 1.87298e-06
-0.000292419 3.15826e-06 1.89426e-06
-0.000302169 2.79124e-06 1.88344e-06
-0.000309412 2.43568e-06 1.85017e-06
-0.000312789 2.09878e-06 1.80463e-06
-0.000310976 1.78512e-06 1.75659e-06
-0.000303741 1.49617e-06 1.71679e-06
-0.000292525 1.23269e-06 1.69664e-06
-0.000279608 9.93607e-07 1.70522e-06
-0.000266868 7.73338e-07 1.74571e-06
-0.000255631 5.63041e-07 1.81523e-06
-0.0002473 3.55777e-07 1.9086e-06
-0.00024335 1.48355e-07 2.01974e-06
-0.000244563 -6.2137e-08 2.13945e-06
-0.000250568 -2.7916e-07 2.2554e-06
-0.000260247 -5.05383e-07 2.35573e-06
-0.000272186 -7.42962e-07 2.43132e-06
-0.000284565 -9.95931e-07 2.47451e-06
-0.000295048 -1.27173e-06 2.47847e-06
-0.00030144 -1.57799e-06 2.43932e-06
-0.0003027 -1.91897e-06 2.35833e-06
-0.000299097 -2.29359e-06 2.24121e-06
-0.000291276 -2.69487e-06 2.09614e-06
-0.00027954 -3.11234e-06 1.93276e-06
-0.000264453 -3.53311e-06 1.76215e-06
-0.000247813 -3.94025e-06 1.59742e-06
-0.000232219 -4.31265e-06 1.4533e-06
-0.000219619 -4.62985e-06 1.3423e-06
-0.000210887 -4.87666e-06 1.27118e-06
-0.000206729 -5.0415e-06 1.24323e-06
-0.000207953 -5.11343e-06 1.26183e-06
-0.000214537 -5.08325e-06 1.3299e-06
-0.000225402 -4.94681e-06 1.44755e-06
-0.000239324 -4.70749e-06 1.61126e-06
-0.000255456 -4.37506e-06 1.81563e-06
-0.000272561 -3.96271e-06 2.05404e-06
-0.000288319 -3.4876e-06 2.31625e-06
-0.000300187 -2.9724e-06 2.58835e-06
-0.000306728 -2.44253e-06 2.85598e-06
-0.000307822 -1.92041e-06 3.10686e-06
-0.000303824 -1.42392e-06 3.33003e-06
-0.000295032 -9.70909e-07 3.51444e-06
-0.000282198 -5.80541e-07 3.64992e-06
-0.00026718 -2.67188e-07 3.73091e-06
-0.000252642 -3.60428e-08 3.75864e-06
-0.000241037 1.12604e-07 3.73797e-06
-0.000234151 1.7829e-07 3.67371e-06
-0.000233313 1.62255e-07 3.57064e-06
-0.000239292 7.11706e-08 3.43521e-06
-0.000251499 -8.4113e-08 3.27395e-06
-0.000267636 -2.92905e-07 3.08981e-06
-0.000284744 -5.45563e-07 2.88072e-06
-0.000300391 -8.31285e-07 2.64097e-06
-0.00031255 -1.13754e-06 2.36335e-06
-0.000318734 -1.45204e-06 2.03962e-06
-0.000316405 -1.76439e-06 1.65897e-06
-0.000304629 -2.06603e-06 1.20786e-06
-0.000284764 -2.34893e-06 6.7308e-07
-0.000259405 -2.60456e-06 4.4454e-08
-0.000231271 -2.82553e-06 -6.83126e-07
-0.000203348 -3.0082e-06 -1.5088e-06
-0.000179139 -3.15306e-06 -2.42476e-06
-0.000161761 -3.26264e-06 -3.41386e-06
-0.000152705 -3.3389e-06 -4.45105e-06
-0.000151916 -3.38464e-06 -5.50841e-06
-0.000158815 -3.40576e-06 -6.56002e-06
-0.000172347 -3.40871e-06 -7.58301e-06
-0.000190076 -3.39601e-06 -8.55682e-06
-0.000208129 -3.36696e-06 -9.46633e-06
-0.000222631 -3.32215e-06 -1.03052e-05
-0.000231136 -3.26355e-06 -1.10756e-05
-0.000232582 -3.19077e-06 -1.1783e-05
-0.000226487 -3.09991e-06 -1.24327e-05
-0.000212803 -2.98715e-06 -1.30328e-05
-0.000192512 -2.8519e-06 -1.3596e-05
-0.000167914 -2.69504e-06 -1.41375e-05
-0.000141844 -2.516e-06 -1.46716e-05
-0.000116891 -2.31162e-06 -1.52117e-05
-9.54998e-05 -2.0776e-06 -1.57711e-05
-8.03036e-05 -1.81026e-06 -1.63634e-05
-7.34876e-05 -1.50539e-06 -1.70001e-05
-7.54055e-05 -1.15773e-06 -1.7687e-05
-8.45541e-05 -7.63612e-07 -1.84233e-05
-9.90843e-05 -3.22124e-07 -1.92037e-05
-0.000117525 1.66226e-07 -2.00175e-05
-0.000137927 7.02673e-07 -2.08488e-05
-0.00015711 1.29154e-06 -2.16778e-05
-0.000171643 1.93892e-06 -2.24826e-05
-0.000179405 2.65192e-06 -2.32416e-05
-0.000179823 3.43708e-06 -2.39335e-05
-0.000173183 4.29978e-06 -2.45368e-05
-0.000160525 5.2463e-06 -2.50302e-05
-0.000144247 6.28303e-06 -2.53957e-05
-0.000127872 7.41202e-06 -2.56209e-05
-0.0001147 8.63116e-06 -2.56973e-05
-0.000107034 9.93769e-06 -2.56172e-05
-0.000106693 1.13274e-05 -2.53742e-05
-0.000115449 1.27869e-05 -2.49672e-05
-0.000134182 1.42899e-05 -2.44008e-05
-0.000161665 1.58043e-05 -2.36822e-05
-0.000194571 1.72988e-05 -2.28186e-05
-0.00022888 1.87415e-05 -2.18188e-05
-0.000261152 2.00968e-05 -2.06965e-05
-0.000288666 2.13291e-05 -1.94683e-05
-0.000309034 2.24105e-05 -1.81482e-05
-0.000320646 2.33256e-05 -1.67498e-05
-0.000323722 2.40706e-05 -1.52912e-05
-0.000320173 2.46486e-05 -1.37965e-05
-0.000312545 2.50685e-05 -1.22933e-05
-0.000303397 2.5347e-05 -1.08118e-05
-0.000295738 2.55066e-05 -9.38598e-06
-0.000293058 2.55689e-05 -8.05452e-06
-0.000297706 2.55467e-05 -6.86304e-06
-0.000309441 2.54463e-05 -5.85983e-06
-0.000326068 2.52735e-05 -5.08844e-06
-0.000345167 2.50336e-05 -4.58632e-06
-0.000364493 2.47233e-05 -4.3887e-06
-0.000381154 2.43337e-05 -4.52592e-06
-0.000391686 2.38623e-05 -5.01316e-06
-0.000393494 2.33176e-05 -5.84533e-06
-0.000385764 2.27095e-05 -7.00281e-06
-0.000368798 2.204e-05 -8.46173e-06
-0.000343459 2.13069e-05 -1.01946e-05
-0.000311657 2.05138e-05 -1.2159e-05
-0.000276765 1.96704e-05 -1.4295e-05
-0.000242588 1.87815e-05 -1.65399e-05
-0.000211801 1.78417e-05 -1.88379e-05
-0.000185659 1.68482e-05 -2.11312e-05
-0.000164868 1.58107e-05 -2.33531e-05
-0.000150226 1.4744e-05 -2.5438e-05
-0.000142001 1.36565e-05 -2.73355e-05
-0.000138973 1.25529e-05 -2.90105e-05
-0.000138728 1.14478e-05 -3.04366e-05
-0.000138944 1.03678e-05 -3.15934e-05
-0.000138116 9.33896e-06 -3.24766e-05
-0.000135121 8.37992e-06 -3.31021e-05
-0.000128915 7.51152e-06 -3.3499e-05
-0.000119102 6.76616e-06 -3.36925e-05
-0.000106503 6.18165e-06 -3.37001e-05
-9.24783e-05 5.78632e-06 -3.35412e-05
-7.79162e-05 5.59547e-06 -3.32385e-05
-6.37201e-05 5.62086e-06 -3.28084e-05
-5.19699e-05 5.87378e-06 -3.22558e-05
-4.55039e-05 6.3539e-06 -3.15831e-05
-4.60542e-05 7.0401e-06 -3.07981e-05
-5.35305e-05 7.90115e-06 -2.99073e-05
-6.72427e-05 8.91099e-06 -2.89069e-05
-8.69466e-05 1.00471e-05 -2.77867e-05
-0.000112257 1.12795e-05 -2.65416e-05
-0.000141702 1.25736e-05 -2.51706e-05
-0.000173048 1.39053e-05 -2.36646e-05
-0.000204332 1.52655e-05 -2.2005e-05
-0.000234116 1.66484e-05 -2.0174e-05
-0.000261078 1.80426e-05 -1.8161e-05
-0.000284199 1.94355e-05 -1.59592e-05
-0.000303578 2.08157e-05 -1.3558e-05
-0.000320672 2.21683e-05 -1.09443e-05
-0.00033733 2.3468e-05 -8.10958e-06
-0.000354661 2.46775e-05 -5.05429e-06
-0.000373068 2.57529e-05 -1.78473e-06
-0.000393196 2.66502e-05 1.69117e-06
-0.000416362 2.73293e-05 5.36209e-06
-0.00044344 2.77527e-05 9.20753e-06
-0.000473674 2.78829e-05 1.31952e-05
-0.000505181 2.76877e-05 1.72852e-05
-0.000536267 2.71501e-05 2.14339e-05
-0.000565651 2.6269e-05 2.55914e-05
-0.000591875 2.50492e-05 2.96975e-05
-0.000613531 2.35017e-05 3.36856e-05
-0.000630146 2.16534e-05 3.74939e-05
-0.00064215 1.95497e-05 4.10711e-05
-0.000649836 1.724e-05 4.43681e-05
-0.000652996 1.47653e-05 4.73312e-05
-0.000651873 1.21638e-05 4.99106e-05
-0.000647981 9.47995e-06 5.20714e-05
-0.000643129 6.75656e-06 5.37868e-05
-0.00063777 4.01665e-06 5.50221e-05
-0.000630889 1.26293e-06 5.57416e-05
-0.000621286 -1.50341e-06 5.59295e-05
-0.000608546 -4.2716e-06 5.5594e-05
-0.000592512 -7.03297e-06 5.47532e-05
-0.000572686 -9.79195e-06 5.34277e-05
-0.000548626 -1.25546e-05 5.16522e-05
-0.000520387 -1.53126e-05 4.94837e-05
-0.000488379 -1.80468e-05 4.69938e-05
-0.000452983 -2.07433e-05 4.42554e-05
-0.000414748 -2.3396e-05 4.13403e-05
-0.000375102 -2.59925e-05 3.83235e-05
-0.000336312 -2.8506e-05 3.52824e-05
-0.000300256 -3.0903e-05 3.22908e-05
-0.000267389 -3.31513e-05 2.94144e-05
-0.000237368 -3.52194e-05 2.67094e-05
-0.000210617 -3.70732e-05 2.42246e-05
-0.000188572 -3.86781e-05 2.19998e-05
-0.000172202 -4.00068e-05 2.00603e-05
-0.000161077 -4.10447e-05 1.84163e-05
-0.000154183 -4.17895e-05 1.70655e-05
-0.000150719 -4.22454e-05 1.60001e-05
-0.000149773 -4.24196e-05 1.52104e-05
-0.000150071 -4.23267e-05 1.46836e-05
-0.000150683 -4.19941e-05 1.43998e-05
-0.000151721 -4.14552e-05 1.43382e-05
-0.00015362 -4.07359e-05 1.44873e-05
-0.000155808 -3.98592e-05 1.4842e-05
-0.000156981 -3.88655e-05 1.53879e-05
-0.00015702 -3.7812e-05 1.61035e-05
-0.000157733 -3.67445e-05 1.6984e-05
-0.000161336 -3.5685e-05 1.8049e-05
-0.000168812 -3.46551e-05 1.93193e-05
-0.000179974 -3.36979e-05 2.07977e-05
-0.000194472 -3.28624e-05 2.24796e-05
-0.000212138 -3.21716e-05 2.43759e-05
-0.000232656 -3.16229e-05 2.65115e-05
-0.000255622 -3.12194e-05 2.89003e-05
-0.000280797 -3.09796e-05 3.15363e-05
-0.000307755 -3.09147e-05 3.44123e-05
-0.000335364 -3.10118e-05 3.75332e-05
-0.000362005 -3.12524e-05 4.09022e-05
-0.000386702 -3.16374e-05 4.45018e-05
-0.000409956 -3.21766e-05 4.83002e-05
-0.00043319 -3.28597e-05 5.22713e-05
-0.000457177 -3.36563e-05 5.63949e-05
-0.000481146 -3.45476e-05 6.06303e-05
-0.000503539 -3.55441e-05 6.49059e-05
-0.000523412 -3.6659e-05 6.91435e-05
-0.000540975 -3.78757e-05 7.32853e-05
-0.000556668 -3.91599e-05 7.72848e-05
-0.000570385 -4.04991e-05 8.10787e-05
-0.000581807 -4.19066e-05 8.45857e-05
-0.000590722 -4.33799e-05 8.77403e-05
-0.000596867 -4.48757e-05 9.05136e-05
-0.000600143 -4.63405e-05 9.28872e-05
-0.000601501 -4.77491e-05 9.482e-05
-0.000602904 -4.90921e-05 9.62628e-05
-0.000605634 -5.0338e-05 9.71925e-05
-0.000608914 -5.1437e-05 9.76086e-05
-0.000610678 -5.23669e-05 9.7496e-05
-0.000609488 -5.3146e-05 9.68169e-05
-0.000605209 -5.37917e-05 9.55453e-05
-0.000598026 -5.42917e-05 9.36899e-05
-0.000587381 -5.46337e-05 9.12713e-05
-0.000571966 -5.48401e-05 8.82927e-05
-0.000550526 -5.49459e-05 8.47576e-05
-0.000522615 -5.49563e-05 8.07048e-05
-0.000488788 -5.4854e-05 7.62041e-05
-0.000450397 -5.46419e-05 7.13195e-05
-0.000409339 -5.43512e-05 6.60979e-05
-0.000367595 -5.40042e-05 6.05959e-05
-0.000326315 -5.35888e-05 5.48968e-05
-0.000285554 -5.3082e-05 4.90905e-05
-0.000245534 -5.2484e-05 4.32461e-05
-0.000207872 -5.18114e-05 3.74144e-05
-0.000174872 -5.10549e-05 3.16592e-05
-0.000147455 -5.01682e-05 2.60647e-05
-0.000124503 -4.91095e-05 2.07041e-05
-0.000104365 -4.7876e-05 1.56089e-05
-8.62795e-05 -4.64809e-05 1.07867e-05
-7.00911e-05 -4.49116e-05 6.26036e-06
-5.54517e-05 -4.31372e-05 2.07038e-06
-4.2036e-05 -4.11532e-05 -1.76389e-06
-2.98376e-05 -3.89971e-05 -5.25918e-06
-1.85631e-05 -3.6711e-05 -8.43378e-06
-7.40864e-06 -3.43083e-05 -1.12773e-05
3.84154e-06 -3.17973e-05 -1.37704e-05
1.37141e-05 -2.92204e-05 -1.59185e-05
1.97707e-05 -2.66418e-05 -1.77404e-05
2.04076e-05 -2.41009e-05 -1.923e-05
1.56779e-05 -2.1606e-05 -2.03568e-05
6.54332e-06 -1.91772e-05 -2.11053e-05
-6.42463e-06 -1.68619e-05 -2.14893e-05
-2.34175e-05 -1.46885e-05 -2.15172e-05
-4.46699e-05 -1.26324e-05 -2.11645e-05
-6.95239e-05 -1.06538e-05 -2.0404e-05
-9.62298e-05 -8.75213e-06 -1.92503e-05
-0.0001227 -6.9514e-06 -1.77501e-05
-0.000147327 -5.24183e-06 -1.59322e-05
-0.000169255 -3.57527e-06 -1.38e-05
-0.000188591 -1.92603e-06 -1.13806e-05
-0.000206592 -3.24179e-07 -8.75217e-06
-0.000224896 1.18995e-06 -6.00417e-06
-0.000244091 2.61758e-06 -3.19238e-06
-0.000263604 3.9797e-06 -3.55117e-07
-0.000283413 5.26057e-06 2.44281e-06
-0.000304936 6.41009e-06 5.10928e-06
-0.000329516 7.40128e-06 7.56745e-06
-0.000356564 8.25109e-06 9.77424e-06
-0.000383658 8.97513e-06 1.16863e-05
-0.000408119 9.55099e-06 1.32321e-05
-0.000427863 9.94857e-06 1.43367e-05
-0.000441271 1.01809e-05 1.49596e-05
-0.000447412 1.02967e-05 1.50866e-05
-0.000446303 1.03271e-05 1.46952e-05
-0.00043839 1.02747e-05 1.37531e-05
-0.000423839 1.0161e-05 1.22528e-05
-0.000402748 1.00544e-05 1.02291e-05
-0.000376124 1.00278e-05 7.7315e-06
-0.000346291 1.01084e-05 4.78907e-06
-0.000316048 1.02914e-05 1.41477e-06
-0.000287175 1.05899e-05 -2.36168e-06
-0.000259784 1.10434e-05 -6.4818e-06
-0.000233124 1.16759e-05 -1.08863e-05
-0.000206924 1.24689e-05 -1.55425e-05
-0.000181755 1.33876e-05 -2.04298e-05
-0.000158159 1.44219e-05 -2.55078e-05
-0.000135865 1.55836e-05 -3.07195e-05
-0.000113992 1.68665e-05 -3.60224e-05
-9.15994e-05 1.82316e-05 -4.13993e-05
-6.77661e-05 1.96443e-05 -4.68314e-05
-4.16919e-05 2.11044e-05 -5.22766e-05
-1.3436e-05 2.26251e-05 -5.76839e-05
1.58038e-05 2.41932e-05 -6.3024e-05
4.49293e-05 2.57781e-05 -6.82828e-05
7.42191e-05 2.73801e-05 -7.34256e-05
0.000104446 2.904e-05 -7.83858e-05
0.000134913 3.07865e-05 -8.31039e-05
0.000163269 3.26027e-05 -8.75574e-05
0.000187161 3.44653e-05 -9.17333e-05
0.000205409 3.63907e-05 -9.55877e-05
0.000217754 3.84094e-05 -9.90635e-05
0.000224304 4.05082e-05 -0.00010214
0.000225459 4.26348e-05 -0.000104831
0.000221864 4.47547e-05 -0.000107139
0.000214155 4.68686e-05 -0.00010904
0.000203041 4.89664e-05 -0.00011052
0.000189811 5.09975e-05 -0.000111599
0.000176537 5.29051e-05 -0.000112305
0.000165437 5.46671e-05 -0.000112641
0.000157731 5.6282e-05 -0.00011259
0.000152922 5.77255e-05 -0.000112159
0.000149324 5.89454e-05 -0.000111375
0.000145534 5.99013e-05 -0.000110265
0.000141176 6.05925e-05 -0.00010883
0.000136049 6.1042e-05 -0.000107061
0.000129001 6.12599e-05 -0.000104968
0.000118227 6.12392e-05 -0.000102574
0.000102556 6.09893e-05 -9.99016e-05
8.1846e-05 6.0555e-05 -9.69516e-05
5.6445e-05 5.99894e-05 -9.37258e-05
2.71836e-05 5.93176e-05 -9.02496e-05
-4.20917e-06 5.85446e-05 -8.65682e-05
-3.58479e-05 5.76942e-05 -8.27174e-05
-6.69034e-05 5.68118e-05 -7.87177e-05
-9.73225e-05 5.59173e-05 -7.46077e-05
-0.000126306 5.4983e-05 -7.04639e-05
-0.000151774 5.39802e-05 -6.63646e-05
-0.000171692 5.29267e-05 -6.23523e-05
-0.000185397 5.18525e-05 -5.8459e-05
-0.000193524 5.07366e-05 -5.47579e-05
-0.00019709 4.95252e-05 -5.13489e-05
-0.000196888 4.82083e-05 -4.82964e-05
-0.000193577 4.68315e-05 -4.56175e-05
-0.00018791 4.54277e-05 -4.33341e-05
-0.000180857 4.39824e-05 -4.14984e-05
-0.000173842 4.24884e-05 -4.01503e-05
-0.000168758 4.09989e-05 -3.92771e-05
-0.000167425 3.95942e-05 -3.8835e-05
-0.000170833 3.8319e-05 -3.87947e-05
-0.000178242 3.71785e-05 -3.91419e-05
-0.000187349 3.61883e-05 -3.98366e-05
-0.000195881 3.53968e-05 -4.07971e-05
-0.000202789 3.48414e-05 -4.19359e-05
-0.000207517 3.45032e-05 -4.3198e-05
-0.000208447 3.433e-05 -4.45463e-05
-0.000203112 3.42956e-05 -4.59211e-05
-0.000189994 3.44081e-05 -4.72403e-05
-0.000169576 3.46542e-05 -4.84465e-05
-0.000143804 3.4966e-05 -4.95342e-05
-0.000115437 3.52673e-05 -5.05146e-05
-8.79634e-05 3.55327e-05 -5.13688e-05
-6.4925e-05 3.57686e-05 -5.20617e-05
-4.86181e-05 3.59493e-05 -5.25917e-05
-3.97905e-05 3.60156e-05 -5.29886e-05
-3.89075e-05 3.59412e-05 -5.32569e-05
-4.68636e-05 3.57578e-05 -5.33556e-05
-6.38442e-05 3.54957e-05 -5.32446e-05
-8.79032e-05 3.51363e-05 -5.29199e-05
-0.000115141 3.46535e-05 -5.23775e-05
-0.000141297 3.4076e-05 -5.15675e-05
-0.000163143 3.34587e-05 -5.04206e-05
-0.000178931 3.28045e-05 -4.89111e-05
-0.000188062 3.20615e-05 -4.70605e-05
-0.000190537 3.12018e-05 -4.48737e-05
-0.000186778 3.02561e-05 -4.23113e-05
-0.000177923 2.92473e-05 -3.93439e-05
-0.000166029 2.81292e-05 -3.60025e-05
-0.000153952 2.68315e-05 -3.23432e-05
-0.000145277 2.53399e-05 -2.83834e-05
-0.000144001 2.36885e-05 -2.41091e-05
-0.000153219 2.18824e-05 -1.95363e-05
-0.000173595 1.9874e-05 -1.47258e-05
-0.00020373 1.76279e-05 -9.72902e-06
-0.000242124 1.51734e-05 -4.5459e-06
-0.000287964 1.25706e-05 8.46823e-07
-0.000339826 9.84408e-06 6.44424e-06
-0.000394542 6.98851e-06 1.22172e-05
-0.000447886 4.02923e-06 1.81609e-05
-0.000496084 1.03805e-06 2.4308e-05
-0.000536384 -1.92437e-06 3.06813e-05
-0.000567102 -4.85449e-06 3.72563e-05
-0.000588186 -7.76982e-06 4.39863e-05
-0.000601411 -1.06478e-05 5.08479e-05
-0.000609333 -1.3435e-05 5.78306e-05
-0.000613956 -1.61157e-05 6.48812e-05
-0.00061691 -1.87321e-05 7.18885e-05
-0.00062067 -2.13165e-05 7.87403e-05
-0.000628801 -2.38366e-05 8.53685e-05
-0.0006445 -2.62441e-05 9.1713e-05
-0.000668874 -2.85557e-05 9.766e-05
-0.00070054 -3.08337e-05 0.000103059
-0.000736533 -3.30938e-05 0.000107806
-0.000773624 -3.52886e-05 0.000111861
-0.000808897 -3.73929e-05 0.000115185
-0.000839521 -3.94498e-05 0.000117703
-0.000862528 -4.14957e-05 0.000119365
-0.000875193 -4.34839e-05 0.000120201
-0.000875596 -4.53282e-05 0.000120291
-0.000862759 -4.699e-05 0.000119691
-0.000837068 -4.84778e-05 0.000118437
-0.000801189 -4.9767e-05 0.000116604
-0.000759812 -5.07743e-05 0.000114324
-0.000717529 -5.14284e-05 0.000111733
-0.000677176 -5.17325e-05 0.000108912
-0.0006406 -5.17284e-05 0.000105916
-0.000610277 -5.14181e-05 0.00010283
-0.000589074 -5.076e-05 9.97735e-05
-0.000578602 -4.97463e-05 9.6837e-05
-0.000578424 -4.84384e-05 9.40488e-05
-0.000586568 -4.69097e-05 9.14224e-05
-0.000600147 -4.51864e-05 8.90038e-05
-0.00061568 -4.3282e-05 8.68437e-05
-0.000629793 -4.1269e-05 8.49415e-05
-0.000640086 -3.92659e-05 8.32543e-05
-0.000645259 -3.73559e-05 8.1762e-05
-0.000644447 -3.55594e-05 8.04879e-05
-0.000636686 -3.39014e-05 7.9445e-05
-0.000621459 -3.24623e-05 7.8593e-05
-0.00059998 -3.13257e-05 7.78775e-05
-0.000575624 -3.0498e-05 7.72965e-05
-0.000552733 -2.9921e-05 7.68911e-05
-0.000534818 -2.95618e-05 7.66753e-05
-0.000523746 -2.94487e-05 7.66085e-05
-0.000520331 -2.9603e-05 7.66532e-05
-0.000525124 -2.99759e-05 7.68286e-05
-0.000538278 -3.04885e-05 7.71806e-05
-0.000558926 -3.11166e-05 7.77164e-05
-0.000584995 -3.18907e-05 7.84027e-05
-0.000613614 -3.28173e-05 7.92266e-05
-0.000641235 -3.38487e-05 8.02183e-05
-0.000663789 -3.49528e-05 8.13947e-05
-0.000677905 -3.61654e-05 8.27137e-05
-0.000682473 -3.75291e-05 8.41174e-05
-0.000678511 -3.90085e-05 8.56013e-05
-0.000667349 -4.05188e-05 8.71941e-05
-0.000649806 -4.2027e-05 8.8875e-05
-0.000627294 -4.35618e-05 9.05638e-05
-0.000602978 -4.51093e-05 9.22097e-05
-0.000581218 -4.65631e-05 9.38369e-05
-0.000565999 -4.78183e-05 9.54704e-05
-0.000560048 -4.8869e-05 9.70591e-05
-0.000564596 -4.97564e-05 9.85167e-05
-0.000579321 -5.04559e-05 9.98118e-05
-0.000602567 -5.08858e-05 0.00010096
-0.000631914 -5.10214e-05 0.000101936
-0.000664587 -5.0926e-05 0.000102644
-0.000697486 -5.0653e-05 0.00010299
-0.000726958 -5.01768e-05 0.000102941
-0.000748626 -4.94514e-05 0.000102479
-0.000758087 -4.84971e-05 0.000101527
-0.000752611 -4.73823e-05 9.99732e-05
-0.000732363 -4.61341e-05 9.77412e-05
-0.000699537 -4.47146e-05 9.48121e-05
-0.000656534 -4.30923e-05 9.11727e-05
-0.000605612 -4.13025e-05 8.67708e-05
-0.000550008 -3.94025e-05 8.15534e-05
-0.000494205 -3.73861e-05 7.55361e-05
-0.00044264 -3.51877e-05 6.88009e-05
-0.000398736 -3.27753e-05 6.14226e-05
-0.000364778 -3.019e-05 5.34373e-05
-0.000341468 -2.74668e-05 4.49045e-05
-0.000326956 -2.4564e-05 3.59584e-05
-0.000317036 -2.14226e-05 2.67561e-05
-0.000307178 -1.80665e-05 1.73991e-05
-0.000294072 -1.45792e-05 7.95081e-06
-0.000275189 -1.09907e-05 -1.47772e-06
-0.000247786 -7.26189e-06 -1.07201e-05
-0.000209293 -3.39756e-06 -1.96454e-05
-0.000158903 4.91465e-07 -2.82089e-05
-9.85815e-05 4.2795e-06 -3.6385e-05
-3.26368e-05 7.92102e-06 -4.40967e-05
3.35337e-05 1.13996e-05 -5.12609e-05
9.4687e-05 1.46208e-05 -5.78765e-05
0.000146634 1.74299e-05 -6.40117e-05
0.000186687 1.97326e-05 -6.9708e-05
0.000213798 2.15328e-05 -7.49502e-05
0.000228482 2.28411e-05 -7.97391e-05
0.000232321 2.36092e-05 -8.4141e-05
0.000227722 2.37899e-05 -8.82372e-05
0.000218552 2.34212e-05 -9.2052e-05
0.000210558 2.26028e-05 -9.55664e-05
0.000210046 2.14073e-05 -9.8787e-05
0.000221245 1.98615e-05 -0.000101759
0.000244966 1.80149e-05 -0.000104508
0.000279895 1.59795e-05 -0.000107006
0.000324338 1.38787e-05 -0.000109214
0.000376062 1.17827e-05 -0.000111133
0.000431344 9.72731e-06 -0.000112786
0.000485304 7.78022e-06 -0.000114163
0.000532951 6.05043e-06 -0.000115214
0.000569446 4.61966e-06 -0.00011591
0.000590324 3.49647e-06 -0.000116272
0.000592988 2.66446e-06 -0.000116334
0.000578195 2.15727e-06 -0.00011609
0.000549312 2.04471e-06 -0.000115502
0.000510083 2.34352e-06 -0.000114576
0.000463619 2.99104e-06 -0.000113378
0.000413305 3.93277e-06 -0.000111967
0.000363779 5.19065e-06 -0.000110343
0.000320364 6.80294e-06 -0.000108495
0.00028742 8.73571e-06 -0.000106472
0.000266932 1.09143e-05 -0.000104358
0.000258214 1.33194e-05 -0.000102197
0.000258589 1.59832e-05 -9.99946e-05
0.000264258 1.88947e-05 -9.77946e-05
0.000270928 2.19773e-05 -9.56969e-05
0.000274465 2.51768e-05 -9.37838e-05
0.000271502 2.85121e-05 -9.20812e-05
0.000259345 3.20097e-05 -9.061e-05
0.000235674 3.5627e-05 -8.94409e-05
0.000199269 3.92765e-05 -8.86685e-05
0.000151702 4.29052e-05 -8.835e-05
9.80644e-05 4.65191e-05 -8.84905e-05
4.52712e-05 5.01254e-05 -8.90846e-05
-5.53481e-07 5.36774e-05 -9.01581e-05
-3.50173e-05 5.70898e-05 -9.17556e-05
-5.46876e-05 6.03079e-05 -9.38866e-05
-5.69065e-05 6.33427e-05 -9.64981e-05
-4.07792e-05 6.62209e-05 -9.95149e-05
-7.66156e-06 6.892e-05 -0.000102892
3.92532e-05 7.13906e-05 -0.000106598
9.49316e-05 7.36355e-05 -0.000110558
0.000152335 7.57113e-05 -0.000114647
0.000203798 7.76379e-05 -0.000118767
0.000243426 7.93638e-05 -0.00012286
0.000268273 8.085e-05 -0.00012685
0.000277721 8.21335e-05 -0.000130593
0.000271573 8.31439e-05 -0.000134031
0.000251379 8.38258e-05 -0.000137088
0.000220233 8.41423e-05 -0.000139661
0.000181285 8.39171e-05 -0.000141842
0.000143186 8.34425e-05 -0.000143257
0.000113135 8.27828e-05 -0.000143752
9.64679e-05 8.19649e-05 -0.000143277
9.34822e-05 8.0752e-05 -0.000142017
0.000103131 7.90495e-05 -0.000140059
0.000123344 7.68649e-05 -0.000137432
0.000150657 7.4204e-05 -0.000134191
0.000180983 7.106e-05 -0.000130417
0.000210523 6.74546e-05 -0.000126184
0.000235217 6.3466e-05 -0.000121537
0.000249941 5.91937e-05 -0.000116512
0.000249762 5.47045e-05 -0.00011117
0.000232493 5.00499e-05 -0.000105583
0.000199658 4.53368e-05 -9.97753e-05
0.000154829 4.07315e-05 -9.37185e-05
0.000101727 3.63655e-05 -8.73979e-05
4.39914e-05 3.2281e-05 -8.08554e-05
-1.4543e-05 2.85079e-05 -7.4128e-05
-7.01776e-05 2.51499e-05 -6.71784e-05
-0.000119794 2.2332e-05 -5.99362e-05
-0.00016109 2.00845e-05 -5.23946e-05
-0.000193247 1.83462e-05 -4.46102e-05
-0.000217638 1.70765e-05 -3.66112e-05
-0.000237904 1.62962e-05 -2.83647e-05
-0.000259083 1.60001e-05 -1.98541e-05
-0.000286059 1.60893e-05 -1.1139e-05
-0.000322246 1.64356e-05 -2.30473e-06
-0.000369211 1.69793e-05 6.61306e-06
-0.000427467 1.77099e-05 1.56084e-05
-0.000497243 1.85686e-05 2.46254e-05
-0.000577893 1.94377e-05 3.35507e-05
-0.000666488 2.02356e-05 4.22863e-05
-0.000757661 2.09599e-05 5.07839e-05
-0.000845378 2.16089e-05 5.8985e-05
-0.000924519 2.21104e-05 6.67714e-05
-0.000991111 2.23744e-05 7.40135e-05
-0.00104248 2.23876e-05 8.06463e-05
-0.00107799 2.22001e-05 8.66593e-05
-0.00109881 2.18245e-05 9.20194e-05
-0.00110657 2.12019e-05 9.66466e-05
-0.00110263 2.02845e-05 0.00010048
-0.0010894 1.91041e-05 0.000103531
-0.00107127 1.772e-05 0.000105843
-0.00105298 1.61232e-05 0.000107415
-0.00103726 1.42445e-05 0.000108209
-0.00102431 1.20587e-05 0.000108227
-0.0010132 9.62505e-06 0.000107547
-0.00100273 7.0048e-06 0.000106252
-0.000991474 4.18507e-06 0.000104373
-0.000977742 1.12764e-06 0.000101933
-0.000959852 -2.13297e-06 9.90193e-05
-0.000936096 -5.49833e-06 9.57723e-05
-0.000904794 -8.91282e-06 9.23063e-05
-0.000864849 -1.24013e-05 8.86824e-05
-0.000816454 -1.59793e-05 8.4984e-05
-0.000761623 -1.9584e-05 8.13719e-05
-0.000703976 -2.31446e-05 7.80215e-05
-0.000647404 -2.6678e-05 7.50386e-05
-0.000594531 -3.02519e-05 7.24847e-05
-0.000546784 -3.38816e-05 7.04534e-05
-0.000505993 -3.75368e-05 6.9061e-05
-0.000474845 -4.12381e-05 6.83692e-05
-0.000455178 -4.50654e-05 6.83711e-05
-0.000446516 -4.90651e-05 6.9056e-05
-0.000446798 -5.32113e-05 7.04374e-05
-0.000453583 -5.74725e-05 7.25022e-05
-0.00046394 -6.18581e-05 7.51748e-05
-0.000474402 -6.63747e-05 7.8352e-05
-0.000482289 -7.0972e-05 8.1951e-05
-0.000486722 -7.55494e-05 8.59094e-05
-0.000487616 -8.00001e-05 9.01534e-05
-0.000484342 -8.42412e-05 9.45769e-05
-0.000476488 -8.82095e-05 9.90549e-05
-0.000465698 -9.18205e-05 0.000103486
-0.000455873 -9.49398e-05 0.000107825
-0.000451445 -9.74228e-05 0.000112063
-0.000455662 -9.91842e-05 0.000116171
-0.000470277 -0.000100193 0.000120102
-0.000496052 -0.000100408 0.000123851
-0.000533079 -9.97675e-05 0.000127456
-0.00058066 -9.82495e-05 0.000130955
-0.00063709 -9.59084e-05 0.000134341
-0.000699714 -9.28315e-05 0.000137604
-0.000765154 -8.91013e-05 0.00014075
-0.000829535 -8.48159e-05 0.000143782
-0.000888699 -8.01208e-05 0.000146663
-0.000939261 -7.51813e-05 0.000149335
-0.000980125 -7.01266e-05 0.000151757
-0.00101229 -6.50486e-05 0.000153907
-0.00103685 -6.00522e-05 0.000155737
-0.00105391 -5.52743e-05 0.000157155
-0.00106393 -5.08294e-05 0.000158071
-0.00106915 -4.67583e-05 0.000158436
-0.00107282 -4.30548e-05 0.000158227
-0.00107708 -3.97327e-05 0.000157398
-0.00108264 -3.68306e-05 0.000155873
-0.00108944 -3.43509e-05 0.000153597
-0.00109655 -3.2225e-05 0.000150562
-0.00110165 -3.03594e-05 0.000146787
-0.00110165 -2.87019e-05 0.000142267
-0.00109432 -2.72408e-05 0.000136974
-0.0010783 -2.59437e-05 0.000130907
-0.00105172 -2.47305e-05 0.000124114
-0.00101208 -2.35292e-05 0.000116657
-0.000957768 -2.23391e-05 0.000108556
-0.00088963 -2.12012e-05 9.98172e-05
-0.000810787 -2.01126e-05 9.04919e-05
-0.00072538 -1.90183e-05 8.06904e-05
-0.000637468 -1.78941e-05 7.05124e-05
-0.000550615 -1.67812e-05 6.00175e-05
-0.000468037 -1.57129e-05 4.9279e-05
-0.000392725 -1.46584e-05 3.84274e-05
-0.000327082 -1.35781e-05 2.761e-05
-0.000272352 -1.24955e-05 1.69329e-05
-0.0002284 -1.14647e-05 6.48073e-06
-0.000193716 -1.04888e-05 -3.6233e-06
-0.000165247 -9.52159e-06 -1.32175e-05
-0.000138763 -8.54965e-06 -2.2168e-05
-0.000110533 -7.62207e-06 -3.03986e-05
-7.90316e-05 -6.77813e-06 -3.78394e-05
-4.45163e-05 -5.98559e-06 -4.43788e-05
-7.22892e-06 -5.18827e-06 -4.99034e-05
3.28359e-05 -4.39466e-06 -5.43753e-05
7.42435e-05 -3.67279e-06 -5.78337e-05
0.000113407 -3.05815e-06 -6.03204e-05
0.000146049 -2.50923e-06 -6.18422e-05
0.000168665 -1.97015e-06 -6.24222e-05
0.000178634 -1.44191e-06 -6.21601e-05
0.000174394 -9.53709e-07 -6.12033e-05
0.000156369 -4.77485e-07 -5.96719e-05
0.000126998 8.60773e-08 -5.76447e-05
8.93087e-05 8.2833e-07 -5.52185e-05
4.58233e-05 1.77857e-06 -5.25417e-05
-9.39545e-07 2.95176e-06 -4.97665e-05
-4.76084e-05 4.40947e-06 -4.6992e-05
-9.02726e-05 6.22975e-06 -4.42805e-05
-0.000125771 8.44091e-06 -4.17062e-05
-0.000152968 1.10301e-05 -3.93465e-05
-0.000173033 1.40005e-05 -3.72329e-05
-0.000188376 1.73671e-05 -3.53518e-05
-0.000201234 2.10947e-05 -3.36971e-05
-0.000213379 2.5083e-05 -3.22881e-05
-0.000226752 2.92282e-05 -3.11258e-05
-0.000243484 3.34605e-05 -3.01675e-05
-0.000265124 3.77018e-05 -2.93649e-05
-0.000292429 4.18182e-05 -2.87103e-05
-0.000325655 4.56472e-05 -2.82268e-05
-0.000363889 4.90665e-05 -2.79215e-05
-0.000403919 5.2015e-05 -2.77704e-05
-0.00044084 5.44466e-05 -2.77566e-05
-0.00047048 5.62815e-05 -2.79121e-05
-0.000490595 5.74246e-05 -2.83046e-05
-0.000499541 5.7833e-05 -2.89833e-05
-0.000495026 5.75446e-05 -2.99551e-05
-0.000475036 5.66227e-05 -3.12278e-05
-0.000439455 5.50942e-05 -3.28569e-05
-0.00039027 5.29716e-05 -3.49208e-05
-0.000330829 5.03252e-05 -3.74559e-05
-0.000265346 4.72843e-05 -4.04486e-05
-0.000198461 4.39554e-05 -4.38945e-05
-0.000134224 4.03853e-05 -4.78277e-05
-7.51144e-05 3.66216e-05 -5.22711e-05
-2.20445e-05 3.27598e-05 -5.71896e-05
2.48803e-05 2.88921e-05 -6.25241e-05
6.59323e-05 2.50392e-05 -6.82495e-05
0.00010225 2.11757e-05 -7.43562e-05
0.000136593 1.73074e-05 -8.07863e-05
0.000173289 1.34753e-05 -8.74305e-05
0.000216843 9.69062e-06 -9.41872e-05
0.000269945 5.91116e-06 -0.000100986
0.000332761 2.09661e-06 -0.000107747
0.000404057 -1.74605e-06 -0.000114347
0.000482202 -5.59198e-06 -0.000120651
0.000564743 -9.4507e-06 -0.000126552
0.000647872 -1.33662e-05 -0.000131977
0.000727301 -1.73666e-05 -0.000136847
0.000799247 -2.14277e-05 -0.000141047
0.000859988 -2.55011e-05 -0.000144453
0.00090563 -2.95768e-05 -0.000146985
0.000933902 -3.36843e-05 -0.000148606
0.00094584 -3.78165e-05 -0.000149267
0.000944495 -4.1894e-05 -0.000148874
0.000932363 -4.58472e-05 -0.000147361
0.00091108 -4.96943e-05 -0.000144757
0.000883041 -5.3485e-05 -0.000141133
0.00085179 -5.7192e-05 -0.000136514
0.000820722 -6.07331e-05 -0.000130902
0.000792105 -6.40848e-05 -0.000124382
0.000766996 -6.729e-05 -0.000117113
0.000745173 -7.03408e-05 -0.000109222
0.00072508 -7.31376e-05 -0.000100778
0.000704251 -7.5598e-05 -9.18817e-05
0.00068006 -7.77309e-05 -8.27159e-05
0.000650447 -7.95553e-05 -7.34635e-05
0.000614138 -8.10051e-05 -6.42309e-05
0.000570088 -8.19824e-05 -5.50902e-05
0.000516814 -8.24708e-05 -4.61595e-05
0.000453136 -8.25269e-05 -3.75862e-05
0.000380181 -8.21717e-05 -2.94583e-05
0.000301929 -8.13572e-05 -2.17802e-05
0.000223028 -8.00616e-05 -1.45451e-05
0.000146755 -7.83676e-05 -7.79198e-06
7.56155e-05 -7.64103e-05 -1.56759e-06
1.25689e-05 -7.42782e-05 4.14343e-06
-3.96296e-05 -7.20126e-05 9.41178e-06
-7.98423e-05 -6.96924e-05 1.42896e-05
-0.000108393 -6.74715e-05 1.87769e-05
-0.000126055 -6.55092e-05 2.28721e-05
-0.000134563 -6.38895e-05 2.66208e-05
-0.000137768 -6.26462e-05 3.00828e-05
-0.000140544 -6.18434e-05 3.32676e-05
-0.00014606 -6.1574e-05 3.61363e-05
-0.000154949 -6.18723e-05 3.86623e-05
-0.000167038 -6.26814e-05 4.08525e-05
-0.000182512 -6.39346e-05 4.26938e-05
-0.000201051 -6.56196e-05 4.41173e-05
-0.00022068 -6.77169e-05 4.50454e-05
-0.000237944 -7.01201e-05 4.54531e-05
-0.000249003 -7.26759e-05 4.53477e-05
-0.000250624 -7.52868e-05 4.47012e-05
-0.00024069 -7.79116e-05 4.34528e-05
-0.000218358 -8.04679e-05 4.15877e-05
-0.000184171 -8.28029e-05 3.91693e-05
-0.000140143 -8.47949e-05 3.62658e-05
-8.91295e-05 -8.64346e-05 3.28837e-05
-3.36658e-05 -8.77573e-05 2.9017e-05
2.41354e-05 -8.87318e-05 2.47374e-05
8.13476e-05 -8.92809e-05 2.0177e-05
0.000133657 -8.9399e-05 1.543e-05
0.000177203 -8.91768e-05 1.05282e-05
0.000210716 -8.86917e-05 5.52663e-06
0.000234999 -8.79344e-05 5.58154e-07
0.000250994 -8.68788e-05 -4.23117e-06
0.000259301 -8.55766e-05 -8.76104e-06
0.000261106 -8.41251e-05 -1.29926e-05
0.000258368 -8.25667e-05 -1.68514e-05
0.000252917 -8.08712e-05 -2.02186e-05
0.000246206 -7.90109e-05 -2.29915e-05
0.000240002 -7.69995e-05 -2.51155e-05
0.00023606 -7.48483e-05 -2.65513e-05
0.000234456 -7.25219e-05 -2.72393e-05
0.000232799 -6.9957e-05 -2.71146e-05
0.000227557 -6.71023e-05 -2.6139e-05
0.000215895 -6.39268e-05 -2.43067e-05
0.000196093 -6.04025e-05 -2.16298e-05
0.000166578 -5.64945e-05 -1.81294e-05
0.000125149 -5.21667e-05 -1.38407e-05
6.95397e-05 -4.73953e-05 -8.8219e-06
-1.10188e-06 -4.21726e-05 -3.15416e-06
-8.53379e-05 -3.64917e-05 3.07255e-06
-0.000179998 -3.0336e-05 9.76438e-06
-0.000281183 -2.37034e-05 1.68051e-05
-0.00038474 -1.6633e-05 2.40432e-05
-0.000486577 -9.18068e-06 3.13181e-05
-0.000583532 -1.37255e-06 3.84957e-05
-0.000674053 6.78017e-06 4.5457e-05
-0.000757415 1.52172e-05 5.20584e-05
-0.000832514 2.38218e-05 5.81338e-05
-0.000898512 3.24972e-05 6.35532e-05
-0.000956851 4.12096e-05 6.82557e-05
-0.00101131 4.99278e-05 7.22088e-05
-0.0010653 5.85569e-05 7.53608e-05
-0.00111995 6.69709e-05 7.76615e-05
-0.00117492 7.50866e-05 7.91139e-05
-0.00122985 8.28602e-05 7.97704e-05
-0.00128401 9.02253e-05 7.9683e-05
-0.00133558 9.70789e-05 7.88841e-05
-0.00138227 0.000103335 7.74182e-05
-0.00142224 0.000108964 7.53616e-05
-0.00145363 0.000113965 7.27977e-05
-0.00147375 0.000118331 6.97852e-05
-0.00147992 0.000122049 6.63602e-05
-0.00147149 0.000125137 6.2562e-05
-0.00145025 0.000127657 5.84418e-05
-0.00141891 0.000129678 5.4037e-05
-0.00137951 0.000131238 4.93437e-05
-0.00133327 0.000132365 4.43317e-05
-0.00128169 0.000133133 3.89872e-05
-0.00122746 0.000133661 3.33222e-05
-0.00117383 0.000134055 2.73346e-05
-0.00112325 0.00013437 2.09848e-05
-0.00107682 0.000134654 1.42355e-05
-0.00103471 0.000135008 7.10045e-06
-0.000996353 0.000135543 -3.76834e-07
-0.000960188 0.000136306 -8.18017e-06
-0.000924099 0.000137273 -1.63204e-05
-0.000886844 0.000138433 -2.47723e-05
-0.000848206 0.000139811 -3.34515e-05
-0.000807295 0.00014141 -4.22666e-05
-0.000761751 0.000143167 -5.11555e-05
-0.000709769 0.000145011 -6.00492e-05
-0.000652395 0.000146911 -6.88342e-05
-0.00059287 0.000148846 -7.73813e-05
-0.000534551 0.000150753 -8.56018e-05
-0.000480225 0.000152542 -9.34428e-05
-0.000432413 0.000154155 -0.000100829
-0.000393106 0.000155628 -0.0001076
-0.000366167 0.000156828 -0.000113868
-0.000350282 0.000157821 -0.000119405
-0.000346355 0.00015855 -0.000124251
-0.000355798 0.000158949 -0.00012844
-0.000375861 0.000159233 -0.000131769
-0.000402183 0.000159557 -0.000134111
-0.000430994 0.000160051 -0.000135403
-0.000458118 0.000160823 -0.000135551
-0.000482165 0.000161981 -0.000134486
-0.000504235 0.000163525 -0.000132246
-0.000526367 0.000165281 -0.000129033
-0.000549035 0.000167141 -0.000124995
-0.000572805 0.000169058 -0.000120251
-0.000599303 0.000171052 -0.000114859
-0.000630413 0.000173134 -0.000108888
-0.000667212 0.000175227 -0.000102478
-0.000710111 0.000177213 -9.58084e-05
-0.000759178 0.000179019 -8.90206e-05
-0.000813273 0.000180616 -8.22254e-05
-0.000869459 0.000181947 -7.55603e-05
-0.000924406 0.000182901 -6.91939e-05
-0.000977061 0.000183389 -6.33126e-05
-0.00102523 0.000183351 -5.79908e-05
-0.00106648 0.000182754 -5.33166e-05
-0.00109717 0.00018155 -4.93716e-05
-0.00111506 0.000179702 -4.62242e-05
-0.00111971 0.000177201 -4.38927e-05
-0.00111176 0.00017405 -4.23595e-05
-0.00109215 0.000170232 -4.16015e-05
-0.00106213 0.000165713 -4.15941e-05
-0.00102341 0.000160478 -4.22837e-05
-0.000977794 0.000154561 -4.35653e-05
-0.000926808 0.00014802 -4.53076e-05
-0.000872011 0.000140877 -4.74096e-05
-0.00081533 0.000133109 -4.9812e-05
-0.000758721 0.000124737 -5.24385e-05
-0.000703098 0.000115865 -5.51661e-05
-0.000647483 0.000106602 -5.78917e-05
-0.000589626 9.69796e-05 -6.05985e-05
-0.000527885 8.70157e-05 -6.33071e-05
-0.000462182 7.68181e-05 -6.59891e-05
-0.000392834 6.65532e-05 -6.85894e-05
-0.000319204 5.6331e-05 -7.11136e-05
-0.000240426 4.61997e-05 -7.36237e-05
-0.000157118 3.62416e-05 -7.61512e-05
-7.14402e-05 2.65942e-05 -7.8676e-05
1.41063e-05 1.73655e-05 -8.11917e-05
9.69038e-05 8.59298e-06 -8.37313e-05
0.000173642 2.97461e-07 -8.63168e-05
0.000241188 -7.47724e-06 -8.89224e-05
0.000298454 -1.46966e-05 -9.15014e-05
0.000346455 -2.13719e-05 -9.40146e-05
0.000386287 -2.75501e-05 -9.64218e-05
0.000418066 -3.32847e-05 -9.86631e-05
0.000442348 -3.86208e-05 -0.000100658
0.000461531 -4.3598e-05 -0.000102315
0.000478984 -4.8267e-05 -0.000103544
0.000497203 -5.27e-05 -0.000104274
0.000517116 -5.69671e-05 -0.000104432
0.000538503 -6.10981e-05 -0.000103929
0.000560346 -6.50977e-05 -0.000102673
0.000580781 -6.90013e-05 -0.000100618
0.000597393 -7.28686e-05 -9.77608e-05
0.000607992 -7.67025e-05 -9.40736e-05
0.00061096 -8.04277e-05 -8.94906e-05
0.000604769 -8.39801e-05 -8.3976e-05
0.000587371 -8.73614e-05 -7.75593e-05
0.000556619 -9.05648e-05 -7.0274e-05
0.000511829 -9.35126e-05 -6.21066e-05
0.000454752 -9.61285e-05 -5.30549e-05
0.000388432 -9.84297e-05 -4.31988e-05
0.000315259 -0.000100478 -3.26555e-05
0.000236699 -0.000102279 -2.1496e-05
0.0001547 -0.000103807 -9.76888e-06
7.22421e-05 -0.000105105 2.41557e-06
-7.83045e-06 -0.000106277 1.48916e-05
-8.35715e-05 -0.000107394 2.75211e-05
-0.000153336 -0.000108472 4.02047e-05
-0.000215673 -0.000109565 5.28064e-05
-0.000270593 -0.0001108 6.51262e-05
-0.000319957 -0.00011229 7.69723e-05
-0.000365716 -0.000114069 8.8219e-05
-0.000408291 -0.000116136 9.87689e-05
-0.000445595 -0.000118353 0.000108605
-0.000479535 -0.000120905 0.000117641
-0.000513979 -0.000124072 0.000125277
-0.000549757 -0.000127772 0.000131925
-0.000586038 -0.000131913 0.000137383
-0.00062272 -0.000136763 0.000141629
-0.000654239 -0.000142023 0.000144761
-0.000679324 -0.000147803 0.000146818
-0.000690904 -0.000153615 0.000148056
-0.000689572 -0.000159553 0.00014864
-0.000673389 -0.000165451 0.000148716
-0.000642155 -0.000171057 0.000148352
-0.000598397 -0.00017636 0.00014763
-0.000544797 -0.000181312 0.000146655
-0.000483618 -0.0001858 0.000145573
-0.000420298 -0.000189869 0.000144336
-0.000361856 -0.000193609 0.000142961
-0.000312648 -0.000196939 0.00014149
-0.000274065 -0.000199754 0.000139965
-0.000245954 -0.000202032 0.000138345
-0.000228416 -0.000203762 0.000136576
-0.000220388 -0.000204771 0.000134724
-0.000220152 -0.000204893 0.000132876
-0.000225088 -0.000204083 0.000131012
-0.000233334 -0.000202465 0.000129005
-0.000243371 -0.000200111 0.000126787
-0.000252941 -0.000196956 0.000124413
-0.000259692 -0.00019296 0.00012194
-0.000263102 -0.000188241 0.000119331
-0.000264589 -0.000182984 0.00011652
-0.000265569 -0.000177277 0.000113544
-0.000266388 -0.000171131 0.000110519
-0.000267394 -0.000164621 0.000107519
-0.000270191 -0.000157918 0.000104556
-0.000277345 -0.000151163 0.000101684
-0.000291037 -0.000144394 9.90333e-05
-0.000312223 -0.000137636 9.67347e-05
-0.000340944 -0.000130985 9.48391e-05
-0.000376916 -0.000124549 9.33702e-05
-0.000419417 -0.000118334 9.24057e-05
-0.000466963 -0.000112273 9.20546e-05
-0.000517703 -0.000106344 9.23627e-05
-0.000570284 -0.000100599 9.32981e-05
-0.000623862 -9.50381e-05 9.4846e-05
-0.000677102 -8.95419e-05 9.7065e-05
-0.00072805 -8.39778e-05 0.000100004
-0.000775782 -7.83462e-05 0.000103593
-0.000821821 -7.27428e-05 0.000107677
-0.000868962 -6.71727e-05 0.00011217
-0.000918916 -6.14959e-05 0.000117096
-0.000972056 -5.56168e-05 0.000122433
-0.001029 -4.96435e-05 0.000127997
-0.00109094 -4.37552e-05 0.000133549
-0.00115807 -3.79693e-05 0.000138986
-0.00122886 -3.21836e-05 0.000144296
-0.00130117 -2.64275e-05 0.000149367
-0.00137277 -2.09122e-05 0.000153948
-0.00144044 -1.58041e-05 0.000157826
-0.00149982 -1.11021e-05 0.000160931
-0.00154697 -6.79138e-06 0.000163198
-0.00158007 -2.98201e-06 0.000164478
-0.00159889 2.00338e-07 0.000164611
-0.0016034 2.77399e-06 0.000163549
-0.00159332 4.85197e-06 0.000161329
-0.00156914 6.4734e-06 0.000157937
-0.00153299 7.6019e-06 0.000153318
-0.00148824 8.28292e-06 0.000147501
-0.0014381 8.68509e-06 0.000140625
-0.00138474 8.94876e-06 0.000132824
-0.00132972 9.08689e-06 0.000124143
-0.00127455 9.09742e-06 0.000114636
-0.00122011 9.10537e-06 0.000104465
-0.00116609 9.31134e-06 9.38627e-05
-0.00111194 9.82752e-06 8.30009e-05
-0.00105802 1.06439e-05 7.19617e-05
-0.00100491 1.17614e-05 6.08315e-05
-0.000951564 1.32907e-05 4.97702e-05
-0.000895911 1.53788e-05 3.89534e-05
-0.000837381 1.80646e-05 2.84625e-05
-0.000777743 2.12615e-05 1.82707e-05
-0.000718993 2.48954e-05 8.35026e-06
-0.000661871 2.9011e-05 -1.2425e-06
-0.000607027 3.36885e-05 -1.04327e-05
-0.00055627 3.88821e-05 -1.92486e-05
-0.000511641 4.44316e-05 -2.78065e-05
-0.000474203 5.02365e-05 -3.61705e-05
-0.000444469 5.63116e-05 -4.43061e-05
-0.000423113 6.26284e-05 -5.22021e-05
-0.000410223 6.90108e-05 -5.99467e-05
-0.000404086 7.52735e-05 -6.76209e-05
-0.000401459 8.13684e-05 -7.51855e-05
-0.00039933 8.72677e-05 -8.25729e-05
-0.000397859 9.26024e-05 -9.00007e-05
-0.000393725 9.73878e-05 -9.72935e-05
-0.000386823 0.000101462 -0.000104511
-0.000373974 0.000104968 -0.000111412
-0.000352905 0.000108011 -0.000117748
-0.000325057 0.000110408 -0.000123582
-0.000291103 0.00011216 -0.000128806
-0.000255628 0.000113291 -0.00013333
-0.000221595 0.000113908 -0.000137022
-0.000192285 0.000114006 -0.000139861
-0.000170935 0.000113478 -0.000141944
-0.000158513 0.000112355 -0.000143243
-0.000153927 0.000110811 -0.00014364
-0.000156978 0.000108997 -0.00014307
-0.000168179 0.000106934 -0.000141587
-0.000186672 0.000104587 -0.000139306
-0.00020914 0.000102012 -0.000136291
-0.000231802 9.93509e-05 -0.000132547
-0.000252727 9.66809e-05 -0.000128138
-0.000271373 9.39327e-05 -0.000123236
-0.000286846 9.10173e-05 -0.000118033
-0.000297875 8.79568e-05 -0.000112636
-0.000304032 8.48068e-05 -0.000107124
-0.000305715 8.14977e-05 -0.000101673
-0.000303021 7.7874e-05 -9.64951e-05
-0.000297329 7.37045e-05 -9.19899e-05
-0.000287605 6.92185e-05 -8.7976e-05
-0.000274434 6.44605e-05 -8.45456e-05
-0.000258368 5.92979e-05 -8.19018e-05
-0.000238801 5.36114e-05 -8.02338e-05
-0.000214313 4.7492e-05 -7.95573e-05
-0.000183858 4.11346e-05 -7.97898e-05
-0.000147564 3.45837e-05 -8.09456e-05
-0.000106048 2.77382e-05 -8.31362e-05
-5.89847e-05 2.06156e-05 -8.63677e-05
-5.10596e-06 1.34598e-05 -9.04547e-05
5.62467e-05 6.51474e-06 -9.51934e-05
0.000124275 -1.92056e-07 -0.000100532
0.000197613 -6.73415e-06 -0.000106483
0.000275031 -1.30259e-05 -0.000112915
0.000354593 -1.88197e-05 -0.000119548
0.000433188 -2.3955e-05 -0.000126156
0.000507959 -2.84745e-05 -0.000132661
0.000577467 -3.24558e-05 -0.000139011
0.000640499 -3.58455e-05 -0.000145041
0.0006946 -3.85444e-05 -0.00015054
0.000737187 -4.05884e-05 -0.000155407
0.000767876 -4.21337e-05 -0.000159646
0.000789672 -4.31345e-05 -0.00016321
0.000804372 -4.36586e-05 -0.000166021
0.000812983 -4.38206e-05 -0.000168039
0.000816931 -4.37986e-05 -0.000169323
0.000818168 -4.37621e-05 -0.00016996
0.000818386 -4.37625e-05 -0.000169948
0.00081927 -4.37004e-05 -0.000169253
0.000821304 -4.36837e-05 -0.000167956
0.000824714 -4.39127e-05 -0.000166221
0.000829237 -4.44828e-05 -0.000164131
0.000833638 -4.53301e-05 -0.00016164
0.000835838 -4.6414e-05 -0.000158715
0.000833961 -4.78559e-05 -0.000155446
0.000827465 -4.98194e-05 -0.000151958
0.000816962 -5.23116e-05 -0.000148245
0.000802691 -5.52002e-05 -0.000144178
0.000783903 -5.84176e-05 -0.000139664
0.000760278 -6.20537e-05 -0.000134732
0.000733024 -6.62048e-05 -0.000129422
0.000703795 -7.07948e-05 -0.000123644
0.000673188 -7.56308e-05 -0.000117215
0.000641209 -8.06182e-05 -0.000110045
0.000608485 -8.58123e-05 -0.000102173
0.000575628 -9.12267e-05 -9.36267e-05
0.000541795 -9.66989e-05 -8.43112e-05
0.000505312 -0.000102026 -7.41244e-05
0.000465562 -0.000107151 -6.31067e-05
0.000422957 -0.000112102 -5.13904e-05
0.000376978 -0.000116804 -3.90411e-05
0.000325606 -0.000121084 -2.60565e-05
0.000267084 -0.000124865 -1.25228e-05
0.000201274 -0.000128231 1.33477e-06
0.000129011 -0.000131245 1.53005e-05
5.11016e-05 -0.000133821 2.92795e-05
-3.14963e-05 -0.000135864 4.31933e-05
-0.000117037 -0.000137455 5.68342e-05
-0.000203027 -0.000138777 6.9923e-05
-0.000286766 -0.00013989 8.22911e-05
-0.000365748 -0.000140707 9.39006e-05
-0.000437601 -0.000141209 0.00010467
-0.000499871 -0.000141573 0.000114372
-0.000550549 -0.000141995 0.000122781
-0.000588979 -0.00014244 0.000129879
-0.000615756 -0.000142647 0.000135924
-0.000634052 -0.000142686 0.000140753
-0.000645034 -0.00014267 0.000144262
-0.000649802 -0.000142673 0.000146394
-0.000650716 -0.000142534 0.000147294
-0.000650813 -0.00014201 0.000147193
-0.000651775 -0.000141075 0.000145822
-0.000653565 -0.000139718 0.000143946
-0.000656336 -0.000137972 0.000141282
-0.000660665 -0.000135635 0.000138094
-0.000666303 -0.000132569 0.000134613
-0.000671979 -0.000128864 0.000130903
-0.000677051 -0.00012465 0.000127013
-0.000682296 -0.000119869 0.000123151
-0.000688524 -0.000114404 0.000119576
-0.000695496 -0.000108352 0.000116367
-0.000702907 -0.000101983 0.000113463
-0.000711671 -9.54201e-05 0.000110914
-0.000723532 -8.85752e-05 0.000108932
-0.000739808 -8.14541e-05 0.000107639
-0.000760921 -7.43416e-05 0.000106904
-0.000786744 -6.7533e-05 0.000106566
-0.000817077 -6.10323e-05 0.00010667
-0.000851762 -5.4707e-05 0.00010735
-0.000890353 -4.86104e-05 0.000108567
-0.000931795 -4.29409e-05 0.000110155
-0.000974706 -3.78602e-05 0.000111962
-0.00101792 -3.3462e-05 0.000113868
-0.00106005 -2.97197e-05 0.000115795
-0.00109947 -2.64444e-05 0.000117883
-0.00113429 -2.34775e-05 0.000120193
-0.00116397 -2.08997e-05 0.000122604
-0.00118914 -1.89126e-05 0.000124895
-0.00121003 -1.75754e-05 0.000126969
-0.00122622 -1.67703e-05 0.000128884
-0.00123838 -1.63303e-05 0.000130749
-0.00124894 -1.6078e-05 0.000132698
-0.00126059 -1.58692e-05 0.00013485
-0.00127504 -1.57526e-05 0.00013718
-0.00129371 -1.59156e-05 0.000139554
-0.00131839 -1.62869e-05 0.000142036
-0.00135025 -1.64111e-05 0.000144982
-0.00138874 -1.598e-05 0.000148619
-0.0014324 -1.52525e-05 0.000152709
-0.00148027 -1.45641e-05 0.000156924
-0.00153173 -1.36467e-05 0.000161423
-0.00158517 -1.18978e-05 0.000166593
-0.00163805 -9.20183e-06 0.000172416
-0.00168826 -6.02841e-06 0.000178395
-0.00173501 -2.74669e-06 0.000184102
-0.00177877 7.53161e-07 0.000189488
-0.0018245 4.73835e-06 0.000194754
-0.00187402 9.25842e-06 0.0001998
-0.00192266 1.42209e-05 0.000204357
-0.00197193 1.953e-05 0.000208222
-0.00201889 2.50215e-05 0.000211097
-0.00206236 3.04669e-05 0.000212689
-0.00210024 3.57779e-05 0.000212853
-0.00213118 4.10378e-05 0.000211617
-0.00215428 4.62206e-05 0.000208956
-0.00216925 5.11074e-05 0.000204764
-0.00217117 5.54531e-05 0.000198788
-0.00215918 5.94356e-05 0.000191252
-0.0021344 6.33599e-05 0.000182481
-0.00209801 6.73601e-05 0.000172678
-0.00205003 7.13414e-05 0.000161861
-0.00199051 7.51376e-05 0.000150001
-0.00192096 7.86546e-05 0.000137139
-0.00184388 8.20102e-05 0.000123499
-0.00176164 8.55428e-05 0.000109482
-0.0016766 8.94929e-05 9.54194e-05
-0.00159164 9.36676e-05 8.13087e-05
-0.00150956 9.76645e-05 6.69891e-05
-0.00143207 0.000101443 5.2588e-05
-0.00135991 0.000105364 3.85494e-05
-0.0012935 0.000109573 2.51494e-05
-0.00123312 0.000113679 1.22453e-05
-0.00117845 0.000117241 -3.49015e-07
-0.00112817 0.000120274 -1.24689e-05
-0.00108002 0.000123029 -2.37794e-05
-0.00103134 0.000125499 -3.41688e-05
-0.000980072 0.000127415 -4.37481e-05
-0.000925275 0.000128572 -5.26003e-05
-0.000867252 0.000128852 -6.07792e-05
-0.000805771 0.000128154 -6.83513e-05
-0.000740715 0.000126498 -7.53098e-05
-0.000673631 0.000124117 -8.15136e-05
-0.000606584 0.000121245 -8.68475e-05
-0.000541291 0.000117771 -9.15026e-05
-0.000479282 0.000113413 -9.5825e-05
-0.000422221 0.000108218 -9.98932e-05
-0.000371363 0.00010258 -0.000103526
-0.000325945 9.67895e-05 -0.000106632
-0.000283673 9.0762e-05 -0.000109412
-0.000242693 8.43107e-05 -0.000112122
-0.000202232 7.75191e-05 -0.000114791
-0.000161485 7.07512e-05 -0.000117219
-0.000119252 6.43607e-05 -0.000119198
-7.50318e-05 5.84149e-05 -0.000120723
-3.01017e-05 5.26274e-05 -0.000122055
1.42762e-05 4.67943e-05 -0.000123362
5.64322e-05 4.10727e-05 -0.000124518
9.39131e-05 3.58956e-05 -0.000125177
0.000123867 3.15077e-05 -0.000125138
0.000144069 2.7729e-05 -0.000124537
0.000153604 2.43118e-05 -0.000123571
0.000152675 2.1328e-05 -0.000122196
0.000142137 1.90046e-05 -0.000120258
0.00012317 1.73502e-05 -0.000117787
9.72548e-05 1.61958e-05 -0.00011497
6.66553e-05 1.5472e-05 -0.000111933
3.48141e-05 1.51805e-05 -0.000108761
5.57132e-06 1.52025e-05 -0.000105647
-1.82724e-05 1.543e-05 -0.00010278
-3.50464e-05 1.59796e-05 -0.000100176
-4.31899e-05 1.69127e-05 -9.78968e-05
-4.1241e-05 1.78695e-05 -9.63324e-05
-2.89467e-05 1.84136e-05 -9.59176e-05
-7.27241e-06 1.86043e-05 -9.66705e-05
2.29305e-05 1.8776e-05 -9.8366e-05
6.10058e-05 1.8873e-05 -0.000101061
0.000105119 1.84666e-05 -0.000105076
0.000152282 1.73983e-05 -0.000110485
0.000200429 1.59669e-05 -0.000116978
0.000249503 1.44259e-05 -0.000124265
0.000300097 1.26664e-05 -0.000132334
0.0003523 1.04856e-05 -0.000141228
0.000405658 7.75657e-06 -0.00015092
0.00046184 4.72928e-06 -0.000161124
0.00052142 1.43689e-06 -0.000172088
0.000585566 -1.91595e-06 -0.000183757
0.000656738 -4.69089e-06 -0.0001954
0.000732746 -7.32214e-06 -0.000206571
0.000814471 -9.59638e-06 -0.000217142
0.000898533 -1.17833e-05 -0.000226972
0.000982273 -1.38059e-05 -0.000235908
0.00106236 -1.57184e-05 -0.000244005
0.0011349 -1.76112e-05 -0.000251375
0.00119727 -1.95984e-05 -0.000257899
0.00124822 -2.16202e-05 -0.00026344
0.00128782 -2.38342e-05 -0.000268005
0.00131724 -2.63667e-05 -0.000271685
0.00133804 -2.90869e-05 -0.000274329
0.00135125 -3.20643e-05 -0.000275583
0.00135865 -3.53412e-05 -0.000275376
0.0013616 -3.92069e-05 -0.000273902
0.00136219 -4.35425e-05 -0.000271317
0.00136291 -4.82613e-05 -0.000267387
0.00136488 -5.32089e-05 -0.000262117
0.00136638 -5.85567e-05 -0.000255866
0.00136499 -6.44132e-05 -0.000248938
0.00135993 -7.03724e-05 -0.000241233
0.00135083 -7.59482e-05 -0.000232608
0.00133576 -8.11105e-05 -0.000223313
0.00131219 -8.60731e-05 -0.00021377
0.00127873 -9.0742e-05 -0.000204132
0.00123462 -9.47186e-05 -0.000194312
0.00117905 -9.77725e-05 -0.000184298
0.00111263 -0.000100012 -0.000174241
0.00103829 -0.000101591 -0.000164327
0.000959494 -0.000102583 -0.000154627
0.000877646 -0.00010295 -0.000145104
0.000792623 -0.000102549 -0.000135609
0.000705017 -0.000101235 -0.000125953
0.000616737 -9.90407e-05 -0.000116054
0.000529797 -9.61553e-05 -0.000105976
0.000445273 -9.2691e-05 -9.57276e-05
0.000362685 -8.85944e-05 -8.51914e-05
0.00028006 -8.38791e-05 -7.43133e-05
0.000195195 -7.87274e-05 -6.32011e-05
0.000107023 -7.32417e-05 -5.1929e-05
1.53789e-05 -6.73321e-05 -4.04537e-05
-7.99063e-05 -6.10271e-05 -2.88666e-05
-0.000178775 -5.46236e-05 -1.75011e-05
-0.000280405 -4.82969e-05 -6.59789e-06
-0.000383918 -4.1867e-05 3.88717e-06
-0.000488541 -3.52754e-05 1.3897e-05
-0.000591636 -2.89743e-05 2.29633e-05
-0.000687748 -2.34009e-05 3.06348e-05
-0.000771415 -1.83249e-05 3.7009e-05
-0.000840393 -1.32501e-05 4.2424e-05
-0.000894786 -8.29083e-06 4.6768e-05
-0.000934144 -4.06626e-06 4.95644e-05
-0.000957462 -7.76941e-07 5.06979e-05
-0.000965392 2.01814e-06 5.05864e-05
-0.000960453 4.6436e-06 4.95775e-05
-0.000945594 6.89266e-06 4.76123e-05
-0.000924278 8.54478e-06 4.46347e-05
-0.000901212 9.8214e-06 4.09647e-05
-0.000880864 1.10722e-05 3.70418e-05
-0.000865086 1.23438e-05 3.30471e-05
-0.00085329 1.35078e-05 2.89955e-05
-0.00084463 1.45792e-05 2.50148e-05
-0.000839089 1.5666e-05 2.13167e-05
-0.000836909 1.67452e-05 1.80074e-05
-0.000837763 1.7712e-05 1.51222e-05
-0.000840187 1.86003e-05 1.27971e-05
-0.000841729 1.95744e-05 1.12479e-05
-0.000840523 2.06767e-05 1.05808e-05
-0.000836981 2.16973e-05 1.07121e-05
-0.000833291 2.23483e-05 1.15003e-05
-0.000831383 2.25275e-05 1.29317e-05
-0.000832422 2.23718e-05 1.5169e-05
-0.000837807 2.20373e-05 1.83851e-05
-0.000848948 2.14408e-05 2.2538e-05
-0.000866255 2.03182e-05 2.73977e-05
-0.000890147 1.86224e-05 3.28732e-05
-0.000922699 1.67203e-05 3.91864e-05
-0.00096612 1.49794e-05 4.654e-05
-0.00101947 1.32766e-05 5.47035e-05
-0.00107895 1.124e-05 6.31988e-05
-0.00114162 8.94595e-06 7.18717e-05
-0.00120688 6.98326e-06 8.09627e-05
-0.00127423 5.74544e-06 9.05565e-05
-0.0013417 5.06884e-06 0.0001003
-0.00140712 4.75417e-06 0.000109817
-0.00146917 5.029e-06 0.000119075
-0.00152683 6.17635e-06 0.000128108
-0.00157956 8.05876e-06 0.000136668
-0.00162873 1.04139e-05 0.000144451
-0.00167857 1.32349e-05 0.000151489
-0.00173458 1.63943e-05 0.000158014
-0.00179554 2.00679e-05 0.000163974
-0.00185957 2.40947e-05 0.00016924
-0.00192652 2.85168e-05 0.000173801
-0.00199702 3.35804e-05 0.000178016
-0.00207397 3.93002e-05 0.000182055
-0.00216492 4.52234e-05 0.000185932
-0.00229034 5.12912e-05 0.000190223
-0.00242426 5.75409e-05 0.000194755
-0.00255068 6.39845e-05 0.000199346
-0.00267115 7.0471e-05 0.000204186
-0.00277391 7.64515e-05 0.000208616
-0.00285935 8.1838e-05 0.000212647
-0.00292857 8.66507e-05 0.000216313
-0.00297812 9.07327e-05 0.000219237
-0.00300805 9.41833e-05 0.000221339
-0.00301951 9.71231e-05 0.000222591
-0.00301689 9.95769e-05 0.000222847
-0.00300546 0.000101562 0.000221942
-0.00298824 0.000102938 0.000219765
-0.002964 0.000103718 0.0002163
-0.00293011 0.000103791 0.000211361
-0.00288516 0.000102819 0.000204634
-0.00282856 0.000100754 0.000196089
-0.00275987 9.7912e-05 0.000186021
-0.00267949 9.44681e-05 0.000174656
-0.00258839 9.03255e-05 0.000162048
-0.00248658 8.55758e-05 0.00014843
-0.0023733 8.05754e-05 0.000134249
-0.00224938 7.54171e-05 0.000119751
-0.00211815 6.98446e-05 0.000104912
-0.00198381 6.38755e-05 8.99288e-05
-0.00184988 5.79745e-05 7.53503e-05
-0.00171895 5.23941e-05 6.15404e-05
-0.0015927 4.68672e-05 4.84051e-05
-0.00147233 4.12161e-05 3.58825e-05
-0.00135992 3.57673e-05 2.4313e-05
-0.00125874 3.08189e-05 1.40214e-05
-0.00117094 2.61113e-05 4.85996e-06
-0.0010957 2.12173e-05 -3.48924e-06
-0.00103049 1.61415e-05 -1.1011e-05
-0.000973103 1.11487e-05 -1.74867e-05
-0.000921553 6.25383e-06 -2.29161e-05
-0.00087363 1.27231e-06 -2.74739e-05
-0.000827997 -3.80597e-06 -3.1194e-05
-0.000784514 -8.85431e-06 -3.40066e-05
-0.00074226 -1.3889e-05 -3.59846e-05
-0.00069891 -1.89986e-05 -3.72904e-05
-0.000653706 -2.40948e-05 -3.79647e-05
-0.000609625 -2.89815e-05 -3.79792e-05
-0.000571068 -3.35664e-05 -3.74008e-05
-0.000540624 -3.78002e-05 -3.63318e-05
-0.000519154 -4.15478e-05 -3.48162e-05
-0.000507165 -4.47178e-05 -3.29628e-05
-0.000504399 -4.73595e-05 -3.10095e-05
-0.00050949 -4.94617e-05 -2.91269e-05
-0.00052127 -5.08876e-05 -2.73563e-05
-0.000538969 -5.16837e-05 -2.58648e-05
-0.000560258 -5.21309e-05 -2.49831e-05
-0.000580683 -5.22585e-05 -2.48097e-05
-0.000595923 -5.17074e-05 -2.50967e-05
-0.00060363 -5.03907e-05 -2.57634e-05
-0.000603186 -4.8854e-05 -2.7175e-05
-0.000595319 -4.75652e-05 -2.95872e-05
-0.000581824 -4.62864e-05 -3.26556e-05
-0.000564027 -4.46589e-05 -3.59096e-05
-0.000541767 -4.29918e-05 -3.93995e-05
-0.000515233 -4.18455e-05 -4.33805e-05
-0.000487034 -4.11519e-05 -4.76081e-05
-0.00046079 -4.04438e-05 -5.15271e-05
-0.000438218 -3.97662e-05 -5.50183e-05
-0.000418956 -3.9638e-05 -5.83849e-05
-0.000402187 -4.01929e-05 -6.16701e-05
-0.000386618 -4.1065e-05 -6.45748e-05
-0.000369922 -4.2149e-05 -6.70674e-05
-0.000350222 -4.3791e-05 -6.9517e-05
-0.000327326 -4.61047e-05 -7.21247e-05
-0.000300653 -4.87233e-05 -7.47334e-05
-0.000266959 -5.14451e-05 -7.73637e-05
-0.000222046 -5.45976e-05 -8.04878e-05
-0.000164064 -5.85055e-05 -8.45598e-05
-9.31683e-05 -6.29723e-05 -8.95765e-05
-1.00741e-05 -6.76527e-05 -9.53874e-05
8.32578e-05 -7.26014e-05 -0.000102145
0.000184447 -7.80244e-05 -0.000110094
0.000292856 -8.3774e-05 -0.000119084
0.000407021 -8.9634e-05 -0.000128943
0.00052601 -9.533e-05 -0.000139337
0.00064452 -0.000100904 -0.000150208
0.000766513 -0.000106413 -0.000161494
0.000895415 -0.000111188 -0.000172982
0.00102029 -0.000115018 -0.000183968
0.00114194 -0.000118244 -0.000194452
0.00126044 -0.000120648 -0.000204219
0.00137687 -0.000122723 -0.000213077
0.00149 -0.000124876 -0.000221251
0.00159565 -0.000127093 -0.000228474
0.00169179 -0.000129117 -0.000234597
0.00178111 -0.000131044 -0.000239745
0.00186338 -0.000133191 -0.000244014
0.00193864 -0.0001357 -0.000247519
0.00200045 -0.000138171 -0.000249943
0.0020474 -0.000140491 -0.000251136
0.00207442 -0.000142555 -0.000250982
0.00207818 -0.000144117 -0.000249381
0.00206371 -0.000144895 -0.000246253
0.00203422 -0.000144779 -0.000241569
0.00199104 -0.000144138 -0.000235689
0.00193432 -0.000143193 -0.000228895
0.00186428 -0.000141586 -0.000221007
0.00178241 -0.00013891 -0.000211794
0.00169104 -0.000135272 -0.000201472
0.00159282 -0.000131042 -0.000190497
0.00149 -0.000126333 -0.000179115
0.00138367 -0.000121041 -0.000167395
0.00127418 -0.000115176 -0.00015551
0.00116271 -0.000108844 -0.0001437
0.00105122 -0.000102041 -0.000132098
0.00094078 -9.47481e-05 -0.0001208
0.000831604 -8.71112e-05 -0.000110019
0.000724631 -7.92805e-05 -9.99419e-05
0.000621049 -7.12187e-05 -9.05653e-05
0.000520271 -6.29208e-05 -8.18543e-05
0.000420686 -5.46587e-05 -7.39447e-05
0.000322775 -4.67268e-05 -6.69648e-05
0.000229094 -3.91102e-05 -6.07841e-05
0.000140796 -3.16862e-05 -5.51579e-05
5.6669e-05 -2.45727e-05 -4.99952e-05
-2.38699e-05 -1.79669e-05 -4.52619e-05
-9.92473e-05 -1.18497e-05 -4.07779e-05
-0.000167838 -6.20024e-06 -3.63853e-05
-0.000229534 -1.278e-06 -3.21636e-05
-0.00028453 2.72478e-06 -2.81713e-05
-0.000332581 6.10826e-06 -2.41249e-05
-0.000374291 9.27505e-06 -1.96977e-05
-0.000411637 1.2095e-05 -1.50137e-05
-0.000446446 1.41878e-05 -1.04373e-05
-0.000479242 1.57005e-05 -5.96522e-06
-0.000509907 1.71964e-05 -1.29693e-06
-0.000538592 1.87946e-05 3.49667e-06
-0.000565902 2.00467e-05 7.88121e-06
-0.000592654 2.07641e-05 1.15412e-05
-0.000619081 2.13901e-05 1.46858e-05
-0.000643901 2.23442e-05 1.7503e-05
-0.000664917 2.35024e-05 1.97486e-05
-0.000681174 2.45981e-05 2.11192e-05
-0.000693448 2.5711e-05 2.16576e-05
-0.000702237 2.70187e-05 2.15152e-05
-0.000706937 2.8398e-05 2.06247e-05
-0.000707666 2.96417e-05 1.89075e-05
-0.000705825 3.08413e-05 1.65754e-05
-0.000701904 3.22113e-05 1.39482e-05
-0.000694957 3.37048e-05 1.11382e-05
-0.000685445 3.51084e-05 8.15055e-06
-0.000676405 3.63933e-05 5.16132e-06
-0.000670263 3.77114e-05 2.48146e-06
-0.000666623 3.9142e-05 3.33296e-07
-0.000664894 4.06375e-05 -1.18627e-06
-0.00066695 4.21432e-05 -2.00406e-06
-0.000675775 4.36535e-05 -2.02934e-06
-0.000693085 4.52962e-05 -1.09166e-06
-0.000719659 4.73663e-05 1.08258e-06
-0.00075702 5.00074e-05 4.60865e-06
-0.000806197 5.29587e-05 9.2499e-06
-0.000866228 5.58741e-05 1.46937e-05
-0.000935854 5.8857e-05 2.09608e-05
-0.00101516 6.23193e-05 2.83181e-05
-0.00110397 6.63554e-05 3.67581e-05
-0.00120081 7.05972e-05 4.59221e-05
-0.00130412 7.48246e-05 5.55469e-05
-0.00141201 7.93466e-05 6.5778e-05
-0.00152172 8.44257e-05 7.67336e-05
-0.0016423 8.99854e-05 8.82472e-05
-0.00176928 9.54831e-05 9.9809e-05
-0.00190286 0.000100983 0.000111422
-0.00203994 0.00010641 0.000123057
-0.00218782 0.00011216 0.000134757
-0.00233472 0.000117408 0.000145922
-0.00247996 0.000122501 0.000156623
-0.00262974 0.000128099 0.000167382
-0.0027878 0.000133755 0.000178082
-0.00294382 0.000138887 0.000187918
-0.00309896 0.000143848 0.000196851
-0.00323898 0.000148513 0.000204782
-0.00336988 0.000153358 0.000212133
-0.00348528 0.000157747 0.000218366
-0.00358384 0.000161337 0.000223252
-0.00366685 0.000164385 0.000227081
-0.00372917 0.000166799 0.000229895
-0.00376817 0.000168369 0.000231564
-0.00378343 0.00016877 0.000232
-0.0037793 0.000167831 0.000231295
-0.003764 0.00016574 0.000229714
-0.00373869 0.000162508 0.000227331
-0.00370485 0.000158426 0.000224423
-0.00366306 0.000153811 0.000221262
-0.0036126 0.00014857 0.000217769
-0.00355266 0.000142423 0.000213678
-0.00348391 0.000135493 0.000209
-0.003409 0.000128307 0.000204056
-0.00333092 0.000121163 0.000199011
-0.00325042 0.000113983 0.000193643
-0.00316646 0.000106787 0.00018785
-0.00307809 9.98343e-05 0.000181681
-0.00298636 9.32486e-05 0.000175134
-0.00289296 8.69277e-05 0.00016804
-0.00279847 8.08721e-05 0.00016031
-0.00270317 7.52544e-05 0.00015203
-0.00260812 7.00598e-05 0.000143192
-0.00251379 6.50065e-05 0.000133605
-0.00241898 5.99991e-05 0.000123259
-0.00232325 5.53505e-05 0.000112513
-0.00222919 5.13004e-05 0.000101707
-0.00213995 4.75664e-05 9.07863e-05
-0.00205536 4.36779e-05 7.95646e-05
-0.00197273 3.95829e-05 6.81953e-05
-0.0018909 3.56179e-05 5.71285e-05
-0.00181121 3.19959e-05 4.67073e-05
-0.00173526 2.8626e-05 3.70335e-05
-0.00166384 2.53821e-05 2.81619e-05
-0.0015976 2.23036e-05 2.02281e-05
-0.00153717 1.95303e-05 1.34035e-05
-0.00148259 1.71843e-05 7.82799e-06
-0.00143393 1.52788e-05 3.532e-06
-0.00139226 1.3662e-05 3.7218e-07
-0.0013594 1.21536e-05 -1.84868e-06
-0.00133686 1.07991e-05 -3.15952e-06
-0.00132479 9.82755e-06 -3.46571e-06
-0.00132138 9.29542e-06 -2.83819e-06
-0.00132361 9.00268e-06 -1.55682e-06
-0.00132995 8.82118e-06 1.6662e-07
-0.00134132 8.79122e-06 2.26008e-06
-0.00135847 8.81128e-06 4.54218e-06
-0.00137917 8.64099e-06 6.72217e-06
-0.00139982 8.35245e-06 8.7601e-06
-0.00141864 8.31205e-06 1.08746e-05
-0.00143553 8.51347e-06 1.30214e-05
-0.0014498 8.43854e-06 1.47518e-05
-0.00146044 7.86628e-06 1.5844e-05
-0.00146784 7.28561e-06 1.66614e-05
-0.00147243 7.08673e-06 1.75135e-05
-0.00147216 6.83513e-06 1.8039e-05
-0.00146394 5.90287e-06 1.77086e-05
-0.00144764 4.44547e-06 1.6643e-05
-0.00142627 3.10517e-06 1.53763e-05
-0.00140201 1.963e-06 1.39841e-05
-0.00137406 4.54442e-07 1.20133e-05
-0.0013406 -1.75895e-06 9.20425e-06
-0.00130126 -4.4844e-06 5.73807e-06
-0.00125692 -7.58325e-06 1.75831e-06
-0.00120864 -1.12505e-05 -2.85164e-06
-0.0011571 -1.55827e-05 -8.12632e-06
-0.0011023 -2.03818e-05 -1.38767e-05
-0.0010433 -2.55563e-05 -2.00074e-05
-0.000976353 -3.10189e-05 -2.64536e-05
-0.000901959 -3.69531e-05 -3.3287e-05
-0.000820952 -4.3077e-05 -4.02953e-05
-0.000733369 -4.88927e-05 -4.71652e-05
-0.000643192 -5.46285e-05 -5.40176e-05
-0.000553118 -6.04842e-05 -6.10487e-05
-0.000461605 -6.62096e-05 -6.8107e-05
-0.000368684 -7.14628e-05 -7.50427e-05
-0.000276533 -7.59344e-05 -8.16891e-05
-0.000187891 -7.94349e-05 -8.79378e-05
-0.000106568 -8.22657e-05 -9.41426e-05
-3.18716e-05 -8.46235e-05 -0.000100564
3.74782e-05 -8.64324e-05 -0.000107222
0.000101355 -8.73149e-05 -0.000113872
0.000161809 -8.70865e-05 -0.000120398
0.000219398 -8.60273e-05 -0.000127001
0.000273552 -8.448e-05 -0.000133931
0.000321002 -8.24742e-05 -0.00014111
0.000360755 -7.97348e-05 -0.000148162
0.000395584 -7.63511e-05 -0.000154984
0.000430063 -7.2854e-05 -0.000161836
0.000461987 -6.95206e-05 -0.00016872
0.000487871 -6.62378e-05 -0.000175273
0.000505328 -6.28761e-05 -0.000181177
0.000515168 -5.94885e-05 -0.000186252
0.000519248 -5.6115e-05 -0.000190334
0.000519304 -5.26194e-05 -0.000193203
0.000515218 -4.90075e-05 -0.000194768
0.00050461 -4.54638e-05 -0.000195075
0.00048503 -4.19566e-05 -0.000194053
0.000454978 -3.81688e-05 -0.00019144
0.000413483 -3.39008e-05 -0.000187111
0.00036017 -2.93485e-05 -0.000181292
0.000296418 -2.47628e-05 -0.000174276
0.000223504 -2.01453e-05 -0.000166182
0.000140685 -1.52846e-05 -0.000156984
4.62471e-05 -1.01321e-05 -0.000146787
-5.83087e-05 -4.