-2.60264e-05 7.1955e-11 -2.96342e-27
-5.20528e-05 1.42695e-10 -5.87681e-27
-7.80792e-05 2.12212e-10 -8.73982e-27
-0.000104106 2.80498e-10 -1.15521e-26
-0.000130132 3.47543e-10 -1.43133e-26
-0.000156159 4.1334e-10 -1.70231e-26
-0.000182185 4.77878e-10 -1.96811e-26
-0.000208212 5.41151e-10 -2.22869e-26
-0.000234239 6.03148e-10 -2.48402e-26
-0.000260266 6.63861e-10 -2.73407e-26
-0.000260264 9.73908e-10 -4.01097e-26
-0.00026026 2.22842e-09 -9.17758e-26
-0.000260251 4.74065e-09 -1.9524e-25
-0.000260238 8.47179e-09 -3.48905e-25
-0.000260221 1.32013e-08 -5.43687e-25
-0.000260203 1.83538e-08 -7.5589e-25
-0.000260186 2.31662e-08 -9.54083e-25
-0.000260173 2.68821e-08 -1.10712e-24
-0.000260166 2.87072e-08 -1.18229e-24
-0.00026017 2.77599e-08 -1.14327e-24
-0.000260186 2.3127e-08 -9.52471e-25
-0.000260219 1.39248e-08 -5.73484e-25
-0.000260271 -5.55925e-10 2.28954e-26
-0.000260343 -2.06976e-08 8.52418e-25
-0.000260435 -4.66918e-08 1.92297e-24
-0.000260549 -7.86915e-08 3.24086e-24
-0.000260683 -1.16434e-07 4.79525e-24
-0.000260834 -1.58837e-07 6.54158e-24
-0.000260995 -2.04383e-07 8.41738e-24
-0.000261162 -2.51548e-07 1.03599e-23
-0.000261328 -2.98685e-07 1.23011e-23
-0.000261487 -3.43887e-07 1.41628e-23
-0.000261631 -3.85142e-07 1.58618e-23
-0.000261754 -4.20483e-07 1.73173e-23
-0.000261849 -4.48275e-07 1.84619e-23
-0.000261913 -4.67499e-07 1.92536e-23
-0.000261943 -4.77505e-07 1.96657e-23
-0.000261938 -4.7772e-07 1.96746e-23
-0.000261897 -4.67804e-07 1.92662e-23
-0.000261819 -4.47811e-07 1.84428e-23
-0.000261705 -4.18038e-07 1.72166e-23
-0.000261559 -3.78851e-07 1.56027e-23
-0.00026138 -3.3071e-07 1.36201e-23
-0.000261172 -2.74207e-07 1.1293e-23
-0.000260936 -2.10019e-07 8.64948e-24
-0.000260676 -1.38859e-07 5.71881e-24
-0.000260395 -6.13975e-08 2.52862e-24
-0.000260094 2.18206e-08 -8.98667e-25
-0.000259775 1.10316e-07 -4.54328e-24
-0.00025944 2.03604e-07 -8.38528e-24
-0.000259092 3.0127e-07 -1.24076e-23
-0.00025873 4.03046e-07 -1.65992e-23
-0.000258356 5.08751e-07 -2.09526e-23
-0.00025797 6.18219e-07 -2.54609e-23
-0.000257575 7.30901e-07 -3.01017e-23
-0.000257175 8.45443e-07 -3.4819e-23
-0.000256777 9.60091e-07 -3.95407e-23
-0.000256387 1.07315e-06 -4.41968e-23
-0.00025601 1.18293e-06 -4.87182e-23
-0.000255654 1.28775e-06 -5.30351e-23
-0.000255323 1.38595e-06 -5.70793e-23
-0.000255024 1.47596e-06 -6.07866e-23
-0.00025476 1.55639e-06 -6.40989e-23
-0.000254537 1.62602e-06 -6.69667e-23
-0.000254358 1.68382e-06 -6.9347e-23
-0.000254226 1.72885e-06 -7.12016e-23
-0.000254142 1.76056e-06 -7.25074e-23
-0.000254107 1.77899e-06 -7.32667e-23
-0.000254119 1.78459e-06 -7.34973e-23
-0.000254174 1.77788e-06 -7.32209e-23
-0.00025427 1.75994e-06 -7.2482e-23
-0.000254399 1.73294e-06 -7.13701e-23
-0.000254549 1.69962e-06 -6.99978e-23
-0.000254711 1.66273e-06 -6.84783e-23
-0.000254877 1.62477e-06 -6.6915e-23
-0.000255037 1.58781e-06 -6.53928e-23
-0.000255186 1.55362e-06 -6.39848e-23
-0.000255317 1.5239e-06 -6.27608e-23
-0.000255425 1.50008e-06 -6.17798e-23
-0.000255507 1.48312e-06 -6.10812e-23
-0.00025556 1.47367e-06 -6.0692e-23
-0.000255583 1.47227e-06 -6.06346e-23
-0.000255574 1.47891e-06 -6.09077e-23
-0.000255539 1.49245e-06 -6.14657e-23
-0.000255484 1.5112e-06 -6.22378e-23
-0.000255414 1.53337e-06 -6.31506e-23
-0.000255336 1.55726e-06 -6.41347e-23
-0.000255256 1.58148e-06 -6.51321e-23
-0.000255178 1.60475e-06 -6.60906e-23
-0.000255107 1.62581e-06 -6.69579e-23
-0.000255046 1.64367e-06 -6.76935e-23
-0.000254998 1.65797e-06 -6.82822e-23
-0.000254961 1.66866e-06 -6.87226e-23
-0.000254937 1.67574e-06 -6.90143e-23
-0.000254925 1.67955e-06 -6.9171e-23
-0.00025492 1.68109e-06 -6.92345e-23
-0.000254919 1.68175e-06 -6.92617e-23
-0.000254915 1.68292e-06 -6.93101e-23
-0.000254907 1.68566e-06 -6.94229e-23
-0.000254892 1.69029e-06 -6.96135e-23
-0.00025487 1.69676e-06 -6.98799e-23
-0.000254842 1.70502e-06 -7.02199e-23
-0.000254809 1.715e-06 -7.0631e-23
-0.00025477 1.72659e-06 -7.11086e-23
-0.000254726 1.73967e-06 -7.16473e-23
-0.000254677 1.75411e-06 -7.22418e-23
-0.000254624 1.76997e-06 -7.28949e-23
-0.000254564 1.78768e-06 -7.36244e-23
-0.000254495 1.80788e-06 -7.44564e-23
-0.000254416 1.83119e-06 -7.54163e-23
-0.000254324 1.8581e-06 -7.65248e-23
-0.000254218 1.88889e-06 -7.77927e-23
-0.000254098 1.92368e-06 -7.92255e-23
-0.000253963 1.96257e-06 -8.08272e-23
-0.000253816 2.00499e-06 -8.25744e-23
-0.000253662 2.04902e-06 -8.43876e-23
-0.000253513 2.09202e-06 -8.61583e-23
-0.000253376 2.13135e-06 -8.77783e-23
-0.000253262 2.16443e-06 -8.91407e-23
-0.000253179 2.18871e-06 -9.01406e-23
-0.000253136 2.2017e-06 -9.06754e-23
-0.000253141 2.20098e-06 -9.06458e-23
-0.000253202 2.18497e-06 -8.99867e-23
-0.000253316 2.15373e-06 -8.87e-23
-0.000253482 2.10819e-06 -8.68243e-23
-0.000253694 2.04937e-06 -8.44019e-23
-0.000253948 1.97876e-06 -8.1494e-23
-0.000254236 1.89877e-06 -7.81994e-23
-0.000254546 1.81225e-06 -7.46364e-23
-0.000254869 1.72211e-06 -7.09238e-23
-0.000255195 1.63097e-06 -6.71705e-23
-0.000255516 1.54101e-06 -6.34656e-23
-0.000255825 1.4541e-06 -5.98862e-23
-0.000256117 1.37206e-06 -5.65073e-23
-0.000256385 1.29633e-06 -5.33884e-23
-0.000256628 1.22763e-06 -5.05593e-23
-0.000256844 1.16629e-06 -4.80327e-23
-0.000257032 1.11253e-06 -4.58188e-23
-0.000257192 1.06654e-06 -4.39246e-23
-0.000257324 1.02839e-06 -4.23537e-23
-0.000257428 9.98123e-07 -4.1107e-23
-0.000257504 9.75694e-07 -4.01833e-23
-0.000257553 9.60909e-07 -3.95744e-23
-0.000257577 9.53266e-07 -3.92596e-23
-0.000257578 9.52092e-07 -3.92113e-23
-0.000257559 9.56703e-07 -3.94012e-23
-0.000257522 9.66504e-07 -3.98048e-23
-0.000257469 9.81107e-07 -4.04062e-23
-0.0002574 1.00023e-06 -4.11939e-23
-0.000257318 1.02362e-06 -4.2157e-23
-0.000257222 1.05086e-06 -4.32788e-23
-0.000257117 1.08125e-06 -4.45304e-23
-0.000257004 1.11395e-06 -4.58773e-23
-0.000256887 1.14815e-06 -4.7286e-23
-0.000256768 1.18324e-06 -4.87309e-23
-0.000256647 1.21894e-06 -5.02012e-23
-0.000256525 1.2552e-06 -5.16947e-23
-0.000256402 1.292e-06 -5.32101e-23
-0.000256277 1.32951e-06 -5.47549e-23
-0.000256147 1.36831e-06 -5.63529e-23
-0.000256011 1.40919e-06 -5.80367e-23
-0.000255864 1.45294e-06 -5.98386e-23
-0.000255704 1.50032e-06 -6.17898e-23
-0.000255529 1.55205e-06 -6.39202e-23
-0.000255335 1.6088e-06 -6.62575e-23
-0.00025512 1.67121e-06 -6.88278e-23
-0.000254883 1.73951e-06 -7.16406e-23
-0.000254627 1.81315e-06 -7.46733e-23
-0.000254354 1.89114e-06 -7.78854e-23
-0.000254068 1.97246e-06 -8.12346e-23
-0.000253774 2.05582e-06 -8.46676e-23
-0.000253478 2.13945e-06 -8.81117e-23
-0.000253187 2.22132e-06 -9.14834e-23
-0.000252909 2.29939e-06 -9.46987e-23
-0.000252649 2.37193e-06 -9.76865e-23
-0.000252411 2.43787e-06 -1.00402e-22
-0.000252199 2.4965e-06 -1.02817e-22
-0.000252015 2.54709e-06 -1.049e-22
-0.00025186 2.58918e-06 -1.06633e-22
-0.000251734 2.62296e-06 -1.08025e-22
-0.000251635 2.6489e-06 -1.09093e-22
-0.000251562 2.66752e-06 -1.0986e-22
-0.000251512 2.67938e-06 -1.10348e-22
-0.000251484 2.68509e-06 -1.10584e-22
-0.000251474 2.68537e-06 -1.10595e-22
-0.000251482 2.68088e-06 -1.1041e-22
-0.000251505 2.67202e-06 -1.10045e-22
-0.000251544 2.6586e-06 -1.09493e-22
-0.000251601 2.64013e-06 -1.08732e-22
-0.000251677 2.61614e-06 -1.07744e-22
-0.000251774 2.58643e-06 -1.0652e-22
-0.000251891 2.55129e-06 -1.05073e-22
-0.000252025 2.51131e-06 -1.03427e-22
-0.000252174 2.46709e-06 -1.01606e-22
-0.000252336 2.4193e-06 -9.96373e-23
-0.000252509 2.36865e-06 -9.75513e-23
-0.00025269 2.3159e-06 -9.53788e-23
-0.000252875 2.26183e-06 -9.3152e-23
-0.000253062 2.20725e-06 -9.09042e-23
-0.000253249 2.15302e-06 -8.86707e-23
-0.000253431 2.10001e-06 -8.64875e-23
-0.000253606 2.0491e-06 -8.43908e-23
-0.000253771 2.00097e-06 -8.24086e-23
-0.000253925 1.95591e-06 -8.05527e-23
-0.000254067 1.91398e-06 -7.8826e-23
-0.000254199 1.87524e-06 -7.72307e-23
-0.000254319 1.83963e-06 -7.57641e-23
-0.000254428 1.80685e-06 -7.44138e-23
-0.000254529 1.77645e-06 -7.3162e-23
-0.000254623 1.748e-06 -7.19902e-23
-0.000254711 1.72087e-06 -7.08731e-23
-0.000254797 1.69413e-06 -6.97716e-23
-0.000254886 1.66664e-06 -6.86394e-23
-0.000254981 1.63728e-06 -6.74302e-23
-0.000255086 1.60494e-06 -6.60983e-23
-0.000255204 1.56851e-06 -6.45982e-23
-0.000255341 1.52693e-06 -6.28854e-23
-0.000255498 1.47911e-06 -6.09162e-23
-0.000255679 1.42466e-06 -5.86735e-23
-0.000255879 1.36444e-06 -5.61936e-23
-0.000256094 1.30003e-06 -5.35408e-23
-0.000256316 1.23298e-06 -5.07796e-23
-0.000256541 1.16508e-06 -4.79829e-23
-0.00025676 1.09852e-06 -4.52418e-23
-0.000256965 1.03572e-06 -4.26553e-23
-0.000257147 9.79013e-07 -4.032e-23
-0.000257301 9.30105e-07 -3.83057e-23
-0.000257424 8.89431e-07 -3.66306e-23
-0.000257518 8.5673e-07 -3.52839e-23
-0.000257584 8.31661e-07 -3.42514e-23
-0.000257625 8.13526e-07 -3.35045e-23
-0.000257645 8.00955e-07 -3.29868e-23
-0.000257652 7.9222e-07 -3.26271e-23
-0.000257652 7.85566e-07 -3.2353e-23
-0.00025765 7.79354e-07 -3.20972e-23
-0.000257652 7.72203e-07 -3.18027e-23
-0.000257662 7.62888e-07 -3.1419e-23
-0.000257686 7.5022e-07 -3.08973e-23
-0.000257725 7.33364e-07 -3.02031e-23
-0.000257782 7.12175e-07 -2.93304e-23
-0.000257854 6.86903e-07 -2.82896e-23
-0.000257942 6.57857e-07 -2.70934e-23
-0.000258043 6.25398e-07 -2.57566e-23
-0.000258157 5.89928e-07 -2.42958e-23
-0.000258282 5.51898e-07 -2.27296e-23
-0.000258416 5.11816e-07 -2.10788e-23
-0.000258558 4.70143e-07 -1.93625e-23
-0.000258706 4.27182e-07 -1.75932e-23
-0.000258859 3.83173e-07 -1.57807e-23
-0.000259017 3.38405e-07 -1.3937e-23
-0.000259177 2.93545e-07 -1.20894e-23
-0.000259334 2.49992e-07 -1.02957e-23
-0.000259481 2.09534e-07 -8.62952e-24
-0.000259612 1.73964e-07 -7.16457e-24
-0.000259721 1.4501e-07 -5.97213e-24
-0.000259802 1.24277e-07 -5.11825e-24
-0.000259849 1.13275e-07 -4.66515e-24
-0.000259857 1.13463e-07 -4.67289e-24
-0.000259823 1.25777e-07 -5.18005e-24
-0.000259746 1.50135e-07 -6.18323e-24
-0.000259629 1.85887e-07 -7.65562e-24
-0.000259474 2.32317e-07 -9.56782e-24
-0.000259288 2.8793e-07 -1.18582e-23
-0.00025908 3.49678e-07 -1.44013e-23
-0.000258864 4.137e-07 -1.70379e-23
-0.000258654 4.76141e-07 -1.96095e-23
-0.000258462 5.33397e-07 -2.19676e-23
-0.000258301 5.82346e-07 -2.39835e-23
-0.00025818 6.20171e-07 -2.55413e-23
-0.000258108 6.44147e-07 -2.65287e-23
-0.000258093 6.52086e-07 -2.68557e-23
-0.00025814 6.42814e-07 -2.64739e-23
-0.00025825 6.15742e-07 -2.53589e-23
-0.000258424 5.70397e-07 -2.34914e-23
-0.000258662 5.07195e-07 -2.08885e-23
-0.000258955 4.28261e-07 -1.76376e-23
-0.000259292 3.36644e-07 -1.38645e-23
-0.000259662 2.35438e-07 -9.69635e-24
-0.000260053 1.2791e-07 -5.2679e-24
-0.000260452 1.7662e-08 -7.27398e-25
-0.000260846 -9.15717e-08 3.77132e-24
-0.00026122 -1.96129e-07 8.07743e-24
-0.000261564 -2.92729e-07 1.20559e-23
-0.000261868 -3.78792e-07 1.56003e-23
-0.000262123 -4.52178e-07 1.86227e-23
-0.000262324 -5.10907e-07 2.10414e-23
-0.000262466 -5.5351e-07 2.27959e-23
-0.000262545 -5.79415e-07 2.38628e-23
-0.000262562 -5.88599e-07 2.42411e-23
-0.000262517 -5.81202e-07 2.39364e-23
-0.000262414 -5.57718e-07 2.29692e-23
-0.000262255 -5.19216e-07 2.13835e-23
-0.000262047 -4.67114e-07 1.92378e-23
-0.000261795 -4.02935e-07 1.65946e-23
-0.000261504 -3.28076e-07 1.35116e-23
-0.000261178 -2.43584e-07 1.00318e-23
-0.000260822 -1.50331e-07 6.19129e-24
-0.000260438 -4.92257e-08 2.02733e-24
-0.000260031 5.85259e-08 -2.41035e-24
-0.000259609 1.71137e-07 -7.04816e-24
-0.000259178 2.86535e-07 -1.18008e-23
-0.000258746 4.02691e-07 -1.65846e-23
-0.000258321 5.17787e-07 -2.13247e-23
-0.000257907 6.30392e-07 -2.59623e-23
-0.000257508 7.3933e-07 -3.04488e-23
-0.00025713 8.43525e-07 -3.474e-23
-0.000256773 9.4241e-07 -3.88125e-23
-0.000256437 1.03636e-06 -4.26817e-23
-0.000256119 1.12628e-06 -4.63851e-23
-0.000255814 1.21319e-06 -4.99643e-23
-0.000255519 1.29814e-06 -5.34631e-23
-0.000255231 1.38223e-06 -5.69261e-23
-0.000254944 1.46656e-06 -6.03993e-23
-0.000254655 1.5523e-06 -6.39305e-23
-0.000254361 1.6402e-06 -6.75507e-23
-0.000254062 1.73012e-06 -7.12538e-23
-0.00025376 1.82144e-06 -7.50146e-23
-0.000253457 1.91357e-06 -7.88091e-23
-0.000253158 2.00514e-06 -8.25802e-23
-0.000252873 2.09307e-06 -8.62016e-23
-0.000252617 2.17346e-06 -8.95124e-23
-0.000252402 2.24247e-06 -9.23544e-23
-0.00025224 2.2969e-06 -9.45964e-23
-0.000252138 2.33482e-06 -9.61581e-23
-0.000252099 2.35498e-06 -9.69884e-23
-0.000252129 2.35626e-06 -9.70411e-23
-0.000252226 2.33839e-06 -9.63052e-23
-0.000252387 2.30277e-06 -9.48381e-23
-0.000252602 2.25169e-06 -9.27343e-23
-0.000252864 2.1875e-06 -9.00908e-23
-0.000253162 2.11281e-06 -8.70147e-23
-0.000253485 2.03068e-06 -8.36323e-23
-0.000253822 1.9444e-06 -8.00789e-23
-0.00025416 1.85722e-06 -7.64884e-23
-0.00025449 1.77191e-06 -7.29748e-23
-0.000254805 1.6903e-06 -6.96138e-23
-0.0002551 1.6137e-06 -6.64591e-23
-0.000255371 1.54331e-06 -6.35602e-23
-0.000255615 1.47964e-06 -6.09378e-23
-0.000255837 1.42185e-06 -5.85579e-23
-0.000256041 1.36838e-06 -5.63558e-23
-0.000256233 1.31759e-06 -5.42642e-23
-0.000256421 1.26757e-06 -5.2204e-23
-0.000256613 1.21584e-06 -5.00737e-23
-0.000256819 1.15968e-06 -4.77608e-23
-0.000257049 1.09638e-06 -4.51535e-23
-0.000257311 1.02352e-06 -4.21531e-23
-0.000257612 9.3936e-07 -3.86869e-23
-0.000257957 8.42488e-07 -3.46973e-23
-0.000258351 7.31596e-07 -3.01303e-23
-0.000258795 6.05927e-07 -2.49547e-23
-0.00025929 4.65773e-07 -1.91825e-23
-0.000259832 3.1202e-07 -1.28503e-23
-0.000260417 1.45631e-07 -5.9977e-24
-0.000261041 -3.22715e-08 1.32908e-24
-0.000261699 -2.20304e-07 9.07308e-24
-0.000262385 -4.16942e-07 1.71715e-23
-0.000263093 -6.20639e-07 2.55606e-23
-0.00026382 -8.30138e-07 3.41887e-23
-0.000264561 -1.04479e-06 4.30291e-23
-0.000265317 -1.26429e-06 5.20691e-23
-0.000266085 -1.48836e-06 6.12971e-23
-0.000266864 -1.71649e-06 7.06923e-23
-0.000267649 -1.94767e-06 8.02135e-23
-0.000268437 -2.1807e-06 8.98105e-23
-0.000269223 -2.41441e-06 9.94359e-23
-0.000270001 -2.64731e-06 1.09028e-22
-0.000270764 -2.87705e-06 1.18489e-22
-0.000271502 -3.10092e-06 1.27709e-22
-0.000272205 -3.31636e-06 1.36582e-22
-0.000272865 -3.52098e-06 1.45009e-22
-0.000273474 -3.71259e-06 1.52901e-22
-0.000274026 -3.8892e-06 1.60174e-22
-0.000274515 -4.04899e-06 1.66755e-22
-0.000274936 -4.19075e-06 1.72593e-22
-0.00027529 -4.31447e-06 1.77689e-22
-0.000275581 -4.42063e-06 1.82061e-22
-0.000275808 -4.50952e-06 1.85722e-22
-0.000275976 -4.58195e-06 1.88704e-22
-0.000276089 -4.63929e-06 1.91066e-22
-0.000276153 -4.68315e-06 1.92872e-22
-0.000276176 -4.71526e-06 1.94195e-22
-0.000276166 -4.73771e-06 1.95119e-22
-0.000276134 -4.75343e-06 1.95767e-22
-0.000276091 -4.76569e-06 1.96272e-22
-0.000276051 -4.77774e-06 1.96768e-22
-0.000276023 -4.79214e-06 1.97361e-22
-0.000276012 -4.81016e-06 1.98103e-22
-0.000276021 -4.83235e-06 1.99017e-22
-0.000276051 -4.85907e-06 2.00118e-22
-0.0002761 -4.88995e-06 2.01389e-22
-0.000276164 -4.92315e-06 2.02757e-22
-0.000276233 -4.95605e-06 2.04111e-22
-0.000276297 -4.98586e-06 2.05339e-22
-0.000276344 -5.0095e-06 2.06313e-22
-0.000276363 -5.0233e-06 2.06881e-22
-0.000276338 -5.02328e-06 2.06881e-22
-0.000276255 -5.00545e-06 2.06146e-22
-0.000276105 -4.967e-06 2.04563e-22
-0.000275885 -4.90765e-06 2.02118e-22
-0.0002756 -4.82842e-06 1.98855e-22
-0.000275253 -4.73035e-06 1.94816e-22
-0.000274847 -4.61468e-06 1.90053e-22
-0.00027439 -4.48303e-06 1.84631e-22
-0.000273886 -4.33723e-06 1.78626e-22
-0.000273343 -4.1791e-06 1.72113e-22
-0.000272765 -4.0099e-06 1.65145e-22
-0.000272151 -3.82982e-06 1.57728e-22
-0.000271501 -3.63842e-06 1.49846e-22
-0.000270813 -3.43533e-06 1.41482e-22
-0.000270083 -3.21952e-06 1.32594e-22
-0.000269302 -2.9887e-06 1.23088e-22
-0.00026846 -2.73994e-06 1.12843e-22
-0.000267546 -2.47041e-06 1.01742e-22
-0.000266554 -2.17824e-06 8.97095e-23
-0.000265482 -1.86344e-06 7.67445e-23
-0.000264336 -1.52706e-06 6.28911e-23
-0.000263119 -1.17029e-06 4.81978e-23
-0.000261842 -7.95548e-07 3.27641e-23
-0.000260515 -4.05957e-07 1.67191e-23
-0.00025915 -5.20313e-09 2.14287e-25
-0.000257762 4.02373e-07 -1.65715e-23
-0.000256366 8.12935e-07 -3.34802e-23
-0.000254975 1.22289e-06 -5.0364e-23
-0.000253599 1.62896e-06 -6.70875e-23
-0.000252251 2.0279e-06 -8.35177e-23
-0.00025094 2.41698e-06 -9.95417e-23
-0.000249673 2.79444e-06 -1.15087e-22
-0.000248454 3.15906e-06 -1.30104e-22
-0.000247286 3.50976e-06 -1.44547e-22
-0.000246172 3.84582e-06 -1.58388e-22
-0.000245112 4.16717e-06 -1.71622e-22
-0.000244104 4.47414e-06 -1.84264e-22
-0.000243147 4.76717e-06 -1.96333e-22
-0.000242239 5.04639e-06 -2.07832e-22
-0.000241383 5.31132e-06 -2.18743e-22
-0.000240581 5.5614e-06 -2.29043e-22
-0.000239836 5.79551e-06 -2.38684e-22
-0.00023915 6.01279e-06 -2.47633e-22
-0.000238523 6.21324e-06 -2.55888e-22
-0.000237954 6.39687e-06 -2.63451e-22
-0.000237444 6.56387e-06 -2.70329e-22
-0.00023699 6.71433e-06 -2.76525e-22
-0.000236593 6.84817e-06 -2.82037e-22
-0.000236254 6.96523e-06 -2.86858e-22
-0.000235971 7.06537e-06 -2.90982e-22
-0.000235744 7.14922e-06 -2.94436e-22
-0.000235564 7.21897e-06 -2.97308e-22
-0.000235419 7.27756e-06 -2.99721e-22
-0.000235301 7.32792e-06 -3.01796e-22
-0.000235197 7.37287e-06 -3.03647e-22
-0.0002351 7.41506e-06 -3.05384e-22
-0.000234999 7.45699e-06 -3.07111e-22
-0.000234887 7.50105e-06 -3.08926e-22
-0.000234756 7.54909e-06 -3.10904e-22
-0.000234605 7.602e-06 -3.13083e-22
-0.000234432 7.66011e-06 -3.15476e-22
-0.000234239 7.72362e-06 -3.18092e-22
-0.000234026 7.79185e-06 -3.20902e-22
-0.000233802 7.86252e-06 -3.23812e-22
-0.000233578 7.93244e-06 -3.26692e-22
-0.000233367 7.99841e-06 -3.29409e-22
-0.000233179 8.05727e-06 -3.31833e-22
-0.000233027 8.10597e-06 -3.33839e-22
-0.000232922 8.14159e-06 -3.35306e-22
-0.000232873 8.16129e-06 -3.36117e-22
-0.000232888 8.16315e-06 -3.36194e-22
-0.000232969 8.14701e-06 -3.35529e-22
-0.000233112 8.11369e-06 -3.34157e-22
-0.000233314 8.06417e-06 -3.32117e-22
-0.00023357 7.9999e-06 -3.2947e-22
-0.000233873 7.9232e-06 -3.26312e-22
-0.000234213 7.83688e-06 -3.22757e-22
-0.000234578 7.74386e-06 -3.18926e-22
-0.000234963 7.64657e-06 -3.14919e-22
-0.000235361 7.54651e-06 -3.10798e-22
-0.000235767 7.44464e-06 -3.06603e-22
-0.000236178 7.34197e-06 -3.02374e-22
-0.000236593 7.23903e-06 -2.98135e-22
-0.000237013 7.1352e-06 -2.93858e-22
-0.000237446 7.02934e-06 -2.89499e-22
-0.000237892 6.92036e-06 -2.8501e-22
-0.000238354 6.80732e-06 -2.80355e-22
-0.000238837 6.68944e-06 -2.755e-22
-0.000239341 6.5661e-06 -2.7042e-22
-0.000239868 6.43672e-06 -2.65092e-22
-0.000240418 6.30119e-06 -2.5951e-22
-0.000240988 6.16024e-06 -2.53705e-22
-0.000241575 6.01506e-06 -2.47726e-22
-0.000242172 5.86688e-06 -2.41623e-22
-0.000242776 5.71696e-06 -2.35449e-22
-0.000243382 5.56659e-06 -2.29256e-22
-0.000243984 5.41708e-06 -2.23099e-22
-0.000244579 5.26972e-06 -2.1703e-22
-0.00024516 5.12564e-06 -2.11096e-22
-0.000245727 4.98571e-06 -2.05333e-22
-0.000246274 4.85064e-06 -1.9977e-22
-0.000246801 4.72107e-06 -1.94434e-22
-0.000247304 4.59752e-06 -1.89346e-22
-0.000247783 4.48033e-06 -1.84519e-22
-0.000248237 4.36969e-06 -1.79963e-22
-0.000248665 4.26575e-06 -1.75682e-22
-0.000249066 4.16872e-06 -1.71686e-22
-0.000249439 4.07909e-06 -1.67995e-22
-0.00024978 3.99745e-06 -1.64632e-22
-0.00025009 3.92429e-06 -1.61619e-22
-0.000250363 3.86052e-06 -1.58993e-22
-0.000250594 3.80787e-06 -1.56825e-22
-0.000250776 3.7685e-06 -1.55203e-22
-0.000250901 3.74445e-06 -1.54213e-22
-0.000250961 3.73771e-06 -1.53935e-22
-0.00025095 3.7503e-06 -1.54454e-22
-0.000250861 3.78417e-06 -1.55849e-22
-0.000250688 3.84113e-06 -1.58194e-22
-0.000250427 3.922e-06 -1.61525e-22
-0.000250083 4.02579e-06 -1.658e-22
-0.000249661 4.15049e-06 -1.70935e-22
-0.000249172 4.29393e-06 -1.76843e-22
-0.000248625 4.45276e-06 -1.83384e-22
-0.000248043 4.62117e-06 -1.9032e-22
-0.000247449 4.7921e-06 -1.97359e-22
-0.000246871 4.95852e-06 -2.04214e-22
-0.000246331 5.11341e-06 -2.10592e-22
-0.000245857 5.24959e-06 -2.16201e-22
-0.000245473 5.35999e-06 -2.20748e-22
-0.000245204 5.43772e-06 -2.23949e-22
-0.000245069 5.47711e-06 -2.25571e-22
-0.00024508 5.47472e-06 -2.25473e-22
-0.000245245 5.4284e-06 -2.23565e-22
-0.00024557 5.3363e-06 -2.19772e-22
-0.000246057 5.19748e-06 -2.14055e-22
-0.000246703 5.01256e-06 -2.06439e-22
-0.000247503 4.78311e-06 -1.96989e-22
-0.000248449 4.51088e-06 -1.85778e-22
-0.000249531 4.19854e-06 -1.72914e-22
-0.000250732 3.85047e-06 -1.58579e-22
-0.000252033 3.47193e-06 -1.42989e-22
-0.000253414 3.06819e-06 -1.26361e-22
-0.000254857 2.64443e-06 -1.08909e-22
-0.000256341 2.20567e-06 -9.0839e-23
-0.000257851 1.75675e-06 -7.23507e-23
-0.000259368 1.30231e-06 -5.36348e-23
-0.000260877 8.46895e-07 -3.48788e-23
-0.00026236 3.95083e-07 -1.62712e-23
-0.000263802 -4.86898e-08 2.00526e-24
-0.000265188 -4.80328e-07 1.9782e-23
-0.000266507 -8.96893e-07 3.6938e-23
-0.000267758 -1.29746e-06 5.3435e-23
-0.00026894 -1.68232e-06 6.92853e-23
-0.000270058 -2.05211e-06 8.45149e-23
-0.000271115 -2.40751e-06 9.91518e-23
-0.000272111 -2.748e-06 1.13175e-22
-0.000273048 -3.0744e-06 1.26617e-22
-0.000273933 -3.38817e-06 1.39539e-22
-0.000274767 -3.68972e-06 1.51958e-22
-0.000275556 -3.98022e-06 1.63923e-22
-0.000276305 -4.26066e-06 1.75472e-22
-0.00027702 -4.53225e-06 1.86658e-22
-0.000277709 -4.7956e-06 1.97504e-22
-0.000278364 -5.04958e-06 2.07964e-22
-0.000278988 -5.29342e-06 2.18006e-22
-0.00027957 -5.52485e-06 2.27537e-22
-0.0002801 -5.74129e-06 2.36451e-22
-0.000280575 -5.94154e-06 2.44699e-22
-0.000280989 -6.12372e-06 2.52201e-22
-0.000281338 -6.28629e-06 2.58897e-22
-0.000281614 -6.42735e-06 2.64706e-22
-0.000281812 -6.54464e-06 2.69537e-22
-0.000281922 -6.63568e-06 2.73286e-22
-0.000281936 -6.69794e-06 2.7585e-22
-0.000281851 -6.72918e-06 2.77137e-22
-0.00028166 -6.72796e-06 2.77087e-22
-0.000281356 -6.69316e-06 2.75653e-22
-0.000280937 -6.62357e-06 2.72787e-22
-0.0002804 -6.51871e-06 2.68469e-22
-0.000279749 -6.37914e-06 2.62721e-22
-0.000278987 -6.20617e-06 2.55597e-22
-0.00027812 -6.00103e-06 2.47149e-22
-0.000277155 -5.76585e-06 2.37463e-22
-0.000276109 -5.50434e-06 2.26692e-22
-0.000274996 -5.22111e-06 2.15028e-22
-0.000273832 -4.92072e-06 2.02657e-22
-0.000272632 -4.60771e-06 1.89765e-22
-0.000271414 -4.2867e-06 1.76545e-22
-0.000270194 -3.96233e-06 1.63186e-22
-0.000268988 -3.63901e-06 1.4987e-22
-0.000267808 -3.32043e-06 1.3675e-22
-0.000266663 -3.0088e-06 1.23916e-22
-0.000265559 -2.70552e-06 1.11425e-22
-0.000264499 -2.41177e-06 9.93271e-23
-0.000263483 -2.12771e-06 8.76282e-23
-0.000262505 -1.85162e-06 7.62579e-23
-0.000261554 -1.58075e-06 6.5102e-23
-0.00026062 -1.31217e-06 5.40409e-23
-0.000259694 -1.04346e-06 4.29741e-23
-0.000258771 -7.73234e-07 3.18451e-23
-0.000257847 -5.00681e-07 2.06202e-23
-0.000256919 -2.24904e-07 9.26253e-24
-0.000255987 5.41587e-08 -2.23049e-24
-0.000255056 3.34791e-07 -1.37881e-23
-0.000254135 6.14381e-07 -2.53029e-23
-0.000253234 8.90412e-07 -3.6671e-23
-0.000252362 1.15993e-06 -4.77709e-23
-0.000251533 1.41897e-06 -5.84392e-23
-0.000250763 1.66312e-06 -6.84944e-23
-0.000250066 1.88816e-06 -7.77628e-23
-0.000249457 2.09005e-06 -8.60772e-23
-0.000248949 2.26482e-06 -9.32751e-23
-0.000248555 2.40873e-06 -9.92018e-23
-0.000248287 2.51829e-06 -1.03714e-22
-0.000248154 2.59112e-06 -1.06713e-22
-0.000248155 2.62674e-06 -1.08181e-22
-0.000248288 2.62582e-06 -1.08143e-22
-0.000248549 2.58928e-06 -1.06638e-22
-0.000248932 2.51832e-06 -1.03715e-22
-0.000249432 2.41443e-06 -9.94367e-23
-0.000250041 2.27933e-06 -9.38726e-23
-0.000250752 2.11487e-06 -8.70997e-23
-0.000251555 1.92365e-06 -7.92244e-23
-0.000252433 1.71056e-06 -7.04483e-23
-0.00025336 1.48154e-06 -6.10164e-23
-0.000254317 1.24212e-06 -5.1156e-23
-0.000255285 9.97623e-07 -4.10864e-23
-0.000256245 7.52563e-07 -3.09938e-23
-0.000257184 5.10996e-07 -2.1045e-23
-0.000258087 2.76704e-07 -1.13959e-23
-0.000258941 5.30241e-08 -2.18376e-24
-0.000259736 -1.57331e-07 6.47958e-24
-0.000260465 -3.5217e-07 1.45039e-23
-0.000261121 -5.29656e-07 2.18135e-23
-0.000261702 -6.89288e-07 2.83879e-23
-0.000262214 -8.32897e-07 3.43023e-23
-0.00026267 -9.63704e-07 3.96895e-23
-0.000263082 -1.08524e-06 4.46947e-23
-0.000263466 -1.20149e-06 4.94827e-23
-0.000263839 -1.31714e-06 5.42455e-23
-0.000264221 -1.43751e-06 5.9203e-23
-0.000264632 -1.5677e-06 6.45646e-23
-0.000265089 -1.71257e-06 7.05312e-23
-0.00026561 -1.87697e-06 7.73016e-23
-0.000266211 -2.0653e-06 8.50578e-23
-0.00026691 -2.28199e-06 9.39823e-23
-0.000267723 -2.53127e-06 1.04248e-22
-0.000268664 -2.8171e-06 1.1602e-22
-0.000269751 -3.14319e-06 1.2945e-22
-0.000270994 -3.51299e-06 1.4468e-22
-0.000272408 -3.92965e-06 1.6184e-22
-0.000274003 -4.39598e-06 1.81046e-22
-0.000275784 -4.91451e-06 2.02401e-22
-0.000277762 -5.48732e-06 2.25992e-22
-0.000279939 -6.11568e-06 2.5187e-22
-0.000282316 -6.79958e-06 2.80036e-22
-0.000284891 -7.53812e-06 3.10452e-22
-0.000287659 -8.32994e-06 3.43063e-22
-0.000290613 -9.17301e-06 3.77784e-22
-0.00029374 -1.0064e-05 4.1448e-22
-0.000297026 -1.09988e-05 4.5298e-22
-0.000300454 -1.19731e-05 4.93104e-22
-0.000304008 -1.29819e-05 5.3465e-22
-0.000307667 -1.40194e-05 5.77381e-22
-0.000311405 -1.50795e-05 6.21041e-22
-0.0003152 -1.61559e-05 6.65368e-22
-0.000319025 -1.72415e-05 7.10081e-22
-0.000322854 -1.83287e-05 7.54855e-22
-0.000326654 -1.94089e-05 7.99344e-22
-0.000330397 -2.0474e-05 8.4321e-22
-0.000334054 -2.15165e-05 8.86142e-22
-0.000337603 -2.25298e-05 9.27875e-22
-0.000341023 -2.35084e-05 9.68178e-22
-0.000344295 -2.4447e-05 1.00683e-21
-0.000347403 -2.53409e-05 1.04365e-21
-0.000350333 -2.61866e-05 1.07848e-21
-0.000353076 -2.69812e-05 1.1112e-21
-0.000355623 -2.77224e-05 1.14173e-21
-0.000357968 -2.84082e-05 1.16997e-21
-0.000360107 -2.90373e-05 1.19588e-21
-0.000362037 -2.96092e-05 1.21943e-21
-0.000363757 -3.01233e-05 1.24061e-21
-0.000365268 -3.05795e-05 1.2594e-21
-0.000366566 -3.09768e-05 1.27576e-21
-0.00036765 -3.13144e-05 1.28966e-21
-0.000368517 -3.15917e-05 1.30108e-21
-0.000369166 -3.1808e-05 1.30999e-21
-0.000369595 -3.19625e-05 1.31635e-21
-0.0003698 -3.20539e-05 1.32012e-21
-0.000369779 -3.20816e-05 1.32126e-21
-0.00036953 -3.20449e-05 1.31975e-21
-0.000369052 -3.19435e-05 1.31557e-21
-0.000368346 -3.17771e-05 1.30872e-21
-0.000367412 -3.15457e-05 1.29919e-21
-0.00036625 -3.12496e-05 1.287e-21
-0.000364867 -3.0889e-05 1.27214e-21
-0.00036326 -3.04643e-05 1.25465e-21
-0.000361433 -2.99761e-05 1.23455e-21
-0.000359388 -2.94256e-05 1.21187e-21
-0.000357134 -2.88145e-05 1.18671e-21
-0.000354678 -2.81452e-05 1.15914e-21
-0.000352029 -2.742e-05 1.12928e-21
-0.000349202 -2.66418e-05 1.09723e-21
-0.000346207 -2.58141e-05 1.06314e-21
-0.000343055 -2.49408e-05 1.02717e-21
-0.000339762 -2.40256e-05 9.89479e-22
-0.000336344 -2.30732e-05 9.50254e-22
-0.000332821 -2.20889e-05 9.09716e-22
-0.000329211 -2.10786e-05 8.68107e-22
-0.000325538 -2.00482e-05 8.25671e-22
-0.000321817 -1.90026e-05 7.82611e-22
-0.000318061 -1.79451e-05 7.39059e-22
-0.000314284 -1.68778e-05 6.951e-22
-0.000310489 -1.58026e-05 6.5082e-22
-0.000306676 -1.4721e-05 6.06275e-22
-0.000302847 -1.36329e-05 5.61461e-22
-0.000298999 -1.25373e-05 5.16342e-22
-0.000295129 -1.14335e-05 4.70881e-22
-0.000291235 -1.03206e-05 4.25047e-22
-0.000287315 -9.19824e-06 3.78824e-22
-0.000283367 -8.0662e-06 3.32201e-22
-0.000279391 -6.92427e-06 2.85171e-22
-0.000275387 -5.77311e-06 2.37762e-22
-0.000271367 -4.61525e-06 1.90076e-22
-0.000267342 -3.45417e-06 1.42258e-22
-0.000263324 -2.29328e-06 9.4447e-23
-0.000259327 -1.13635e-06 4.67999e-23
-0.000255368 1.1978e-08 -4.93307e-25
-0.000251464 1.14675e-06 -4.72283e-23
-0.000247632 2.2632e-06 -9.32085e-23
-0.000243888 3.35714e-06 -1.38261e-22
-0.000240243 4.42533e-06 -1.82254e-22
-0.000236707 5.46524e-06 -2.25082e-22
-0.000233286 6.47459e-06 -2.66652e-22
-0.000229987 7.45183e-06 -3.06899e-22
-0.000226811 8.39654e-06 -3.45806e-22
-0.000223768 9.30765e-06 -3.83329e-22
-0.000220851 1.01864e-05 -4.19521e-22
-0.000218046 1.10343e-05 -4.54441e-22
-0.000215362 1.18502e-05 -4.88044e-22
-0.000212798 1.26335e-05 -5.20302e-22
-0.000210357 1.33834e-05 -5.51186e-22
-0.000208041 1.40998e-05 -5.80691e-22
-0.000205853 1.4781e-05 -6.08746e-22
-0.000203804 1.54238e-05 -6.3522e-22
-0.000201899 1.60263e-05 -6.60031e-22
-0.000200143 1.65866e-05 -6.83108e-22
-0.000198542 1.71034e-05 -7.04394e-22
-0.000197097 1.75756e-05 -7.23841e-22
-0.000195812 1.80022e-05 -7.41409e-22
-0.000194688 1.83824e-05 -7.57066e-22
-0.000193727 1.87154e-05 -7.7078e-22
-0.00019293 1.90006e-05 -7.82526e-22
-0.000192299 1.92375e-05 -7.92285e-22
-0.000191834 1.94254e-05 -8.00021e-22
-0.000191542 1.95624e-05 -8.05664e-22
-0.000191429 1.96464e-05 -8.09125e-22
-0.000191502 1.96755e-05 -8.10321e-22
-0.000191768 1.96474e-05 -8.09167e-22
-0.000192233 1.95602e-05 -8.05575e-22
-0.000192905 1.94117e-05 -7.99456e-22
-0.00019379 1.91997e-05 -7.90726e-22
-0.000194894 1.8923e-05 -7.79332e-22
-0.000196214 1.85819e-05 -7.65284e-22
-0.000197747 1.81774e-05 -7.48623e-22
-0.000199488 1.77105e-05 -7.29396e-22
-0.000201432 1.71833e-05 -7.07684e-22
-0.000203564 1.65994e-05 -6.83635e-22
-0.00020587 1.59632e-05 -6.57433e-22
-0.000208338 1.52793e-05 -6.29267e-22
-0.000210948 1.45523e-05 -5.99326e-22
-0.000213681 1.37874e-05 -5.67826e-22
-0.000216518 1.29902e-05 -5.34994e-22
-0.00021944 1.21661e-05 -5.01051e-22
-0.000222431 1.13197e-05 -4.66195e-22
-0.000225479 1.04548e-05 -4.30574e-22
-0.000228584 9.57427e-06 -3.9431e-22
-0.000231735 8.68101e-06 -3.57521e-22
-0.000234915 7.77744e-06 -3.20309e-22
-0.000238126 6.86532e-06 -2.82743e-22
-0.000241359 5.94626e-06 -2.44893e-22
-0.000244607 5.02175e-06 -2.06817e-22
-0.000247874 4.09254e-06 -1.68548e-22
-0.000251166 3.1581e-06 -1.30064e-22
-0.000254487 2.21717e-06 -9.13127e-23
-0.000257836 1.26871e-06 -5.22509e-23
-0.000261217 3.11531e-07 -1.28302e-23
-0.000264637 -6.55586e-07 2.69999e-23
-0.000268097 -1.63289e-06 6.72495e-23
-0.000271604 -2.62181e-06 1.07977e-22
-0.000275159 -3.6234e-06 1.49227e-22
-0.000278759 -4.63619e-06 1.90938e-22
-0.000282397 -5.65852e-06 2.33043e-22
-0.000286066 -6.68823e-06 2.7545e-22
-0.000289756 -7.7224e-06 3.18042e-22
-0.00029345 -8.75663e-06 3.60636e-22
-0.00029713 -9.78568e-06 4.03017e-22
-0.000300776 -1.08042e-05 4.44964e-22
-0.000304374 -1.18073e-05 4.86277e-22
-0.000307898 -1.27883e-05 5.26679e-22
-0.000311318 -1.374e-05 5.65873e-22
-0.000314613 -1.46562e-05 6.03607e-22
-0.00031776 -1.55309e-05 6.39631e-22
-0.000320743 -1.63594e-05 6.73752e-22
-0.000323545 -1.71376e-05 7.05802e-22
-0.000326152 -1.78618e-05 7.35626e-22
-0.000328554 -1.8529e-05 7.63106e-22
-0.000330747 -1.91382e-05 7.88196e-22
-0.000332729 -1.96893e-05 8.10892e-22
-0.000334501 -2.01826e-05 8.31205e-22
-0.000336065 -2.06183e-05 8.49149e-22
-0.000337419 -2.09965e-05 8.64729e-22
-0.000338565 -2.13176e-05 8.7795e-22
-0.000339504 -2.15818e-05 8.88834e-22
-0.000340239 -2.17903e-05 8.97417e-22
-0.000340775 -2.1944e-05 9.03748e-22
-0.000341117 -2.20446e-05 9.07891e-22
-0.000341272 -2.20939e-05 9.0992e-22
-0.000341246 -2.20936e-05 9.0991e-22
-0.000341044 -2.20451e-05 9.07911e-22
-0.00034067 -2.19494e-05 9.03971e-22
-0.000340129 -2.18079e-05 8.98145e-22
-0.000339425 -2.16216e-05 8.90472e-22
-0.000338558 -2.13902e-05 8.80943e-22
-0.000337524 -2.1113e-05 8.69526e-22
-0.000336322 -2.07895e-05 8.56201e-22
-0.00033495 -2.04189e-05 8.40939e-22
-0.000333404 -2e-05 8.23685e-22
-0.000331677 -1.95312e-05 8.04378e-22
-0.000329767 -1.90112e-05 7.82966e-22
-0.000327669 -1.84393e-05 7.59409e-22
-0.000325382 -1.78147e-05 7.33687e-22
-0.000322906 -1.71374e-05 7.05791e-22
-0.00032024 -1.64073e-05 6.75723e-22
-0.000317388 -1.56255e-05 6.43524e-22
-0.00031436 -1.47945e-05 6.09302e-22
-0.000311168 -1.3918e-05 5.73204e-22
-0.000307827 -1.29998e-05 5.35386e-22
-0.00030435 -1.20438e-05 4.96015e-22
-0.000300755 -1.10547e-05 4.55279e-22
-0.000297057 -1.00372e-05 4.13375e-22
-0.000293275 -8.99622e-06 3.70503e-22
-0.000289435 -7.9379e-06 3.26917e-22
-0.000285555 -6.8681e-06 2.82858e-22
-0.000281654 -5.79286e-06 2.38575e-22
-0.000277757 -4.71911e-06 1.94354e-22
-0.000273898 -3.65318e-06 1.50454e-22
-0.000270099 -2.60073e-06 1.07109e-22
-0.000266367 -1.56717e-06 6.45428e-23
-0.000262718 -5.57747e-07 2.29704e-23
-0.000259172 4.2245e-07 -1.73983e-23
-0.000255746 1.36842e-06 -5.63575e-23
-0.000252456 2.27544e-06 -9.37125e-23
-0.000249328 3.13891e-06 -1.29274e-22
-0.000246373 3.95455e-06 -1.62866e-22
-0.000243604 4.71829e-06 -1.9432e-22
-0.000241031 5.42648e-06 -2.23486e-22
-0.000238663 6.07514e-06 -2.50201e-22
-0.000236516 6.66051e-06 -2.74308e-22
-0.000234599 7.17938e-06 -2.95678e-22
-0.000232923 7.62859e-06 -3.14178e-22
-0.000231498 8.0053e-06 -3.29693e-22
-0.000230333 8.30699e-06 -3.42118e-22
-0.000229433 8.53165e-06 -3.5137e-22
-0.000228804 8.67764e-06 -3.57383e-22
-0.000228452 8.74357e-06 -3.60098e-22
-0.00022838 8.72825e-06 -3.59467e-22
-0.000228598 8.62917e-06 -3.55386e-22
-0.000229113 8.44331e-06 -3.47732e-22
-0.000229936 8.16845e-06 -3.36412e-22
-0.000231075 7.80185e-06 -3.21314e-22
-0.000232541 7.34011e-06 -3.02298e-22
-0.000234348 6.77952e-06 -2.7921e-22
-0.000236508 6.11673e-06 -2.51913e-22
-0.000239031 5.34866e-06 -2.20281e-22
-0.000241934 4.47149e-06 -1.84155e-22
-0.000245231 3.48222e-06 -1.43413e-22
-0.00024892 2.37952e-06 -9.7999e-23
-0.000253007 1.16168e-06 -4.78428e-23
-0.000257497 -1.72953e-07 7.12296e-24
-0.000262393 -1.62545e-06 6.69432e-23
-0.000267699 -3.19657e-06 1.31649e-22
-0.000273414 -4.88668e-06 2.01254e-22
-0.000279539 -6.69603e-06 2.75771e-22
-0.000286074 -8.62457e-06 3.55197e-22
-0.000293015 -1.06719e-05 4.39513e-22
-0.000300359 -1.2837e-05 5.28683e-22
-0.000308101 -1.51186e-05 6.22651e-22
-0.000316234 -1.75151e-05 7.21349e-22
-0.000324749 -2.00244e-05 8.24692e-22
-0.000333632 -2.26426e-05 9.3252e-22
-0.000342858 -2.53624e-05 1.04453e-21
-0.000352391 -2.81746e-05 1.16035e-21
-0.000362199 -3.107e-05 1.2796e-21
-0.000372243 -3.4038e-05 1.40183e-21
-0.000382476 -3.70652e-05 1.5265e-21
-0.000392844 -4.01369e-05 1.65301e-21
-0.000403297 -4.32388e-05 1.78076e-21
-0.000413779 -4.63556e-05 1.90912e-21
-0.00042423 -4.94699e-05 2.03739e-21
-0.000434585 -5.25635e-05 2.16479e-21
-0.000444782 -5.56189e-05 2.29063e-21
-0.000454763 -5.86198e-05 2.41422e-21
-0.000464477 -6.15511e-05 2.53494e-21
-0.000473876 -6.43992e-05 2.65224e-21
-0.000482918 -6.71515e-05 2.76559e-21
-0.000491565 -6.97975e-05 2.87456e-21
-0.000499796 -7.233e-05 2.97886e-21
-0.000507594 -7.4744e-05 3.07828e-21
-0.000514949 -7.70354e-05 3.17265e-21
-0.000521858 -7.92032e-05 3.26193e-21
-0.000528336 -8.12505e-05 3.34625e-21
-0.000534408 -8.31834e-05 3.42585e-21
-0.000540102 -8.50087e-05 3.50103e-21
-0.000545444 -8.67334e-05 3.57206e-21
-0.000550469 -8.83654e-05 3.63927e-21
-0.000555207 -8.99131e-05 3.70301e-21
-0.000559694 -9.13845e-05 3.76361e-21
-0.000563958 -9.27874e-05 3.82139e-21
-0.000568023 -9.4128e-05 3.8766e-21
-0.000571913 -9.54119e-05 3.92948e-21
-0.000575647 -9.66441e-05 3.98022e-21
-0.00057924 -9.78282e-05 4.02899e-21
-0.0005827 -9.89654e-05 4.07583e-21
-0.000586025 -0.000100055 4.12071e-21
-0.000589213 -0.000101097 4.16362e-21
-0.000592259 -0.000102089 4.20446e-21
-0.000595152 -0.000103027 4.2431e-21
-0.000597875 -0.000103907 4.27936e-21
-0.000600413 -0.000104725 4.31305e-21
-0.000602746 -0.000105476 4.34395e-21
-0.000604851 -0.000106152 4.3718e-21
-0.000606704 -0.000106747 4.39632e-21
-0.000608279 -0.000107255 4.41724e-21
-0.000609551 -0.000107669 4.43427e-21
-0.000610497 -0.000107982 4.44716e-21
-0.000611097 -0.000108188 4.45566e-21
-0.000611327 -0.000108282 4.45954e-21
-0.000611167 -0.000108259 4.45858e-21
-0.0006106 -0.000108114 4.4526e-21
-0.000609613 -0.000107843 4.44146e-21
-0.000608192 -0.000107444 4.42502e-21
-0.000606327 -0.000106914 4.40318e-21
-0.00060401 -0.00010625 4.37585e-21
-0.000601238 -0.000105453 4.343e-21
-0.000598007 -0.000104521 4.30461e-21
-0.000594314 -0.000103453 4.26065e-21
-0.000590156 -0.000102249 4.21106e-21
-0.000585526 -0.000100907 4.1558e-21
-0.000580421 -9.94268e-05 4.09483e-21
-0.00057484 -9.78072e-05 4.02812e-21
-0.000568781 -9.6048e-05 3.95567e-21
-0.000562243 -9.4149e-05 3.87746e-21
-0.000555228 -9.21104e-05 3.79351e-21
-0.000547741 -8.99342e-05 3.70388e-21
-0.000539798 -8.76243e-05 3.60875e-21
-0.000531419 -8.51866e-05 3.50835e-21
-0.000522626 -8.26269e-05 3.40293e-21
-0.000513446 -7.99526e-05 3.2928e-21
-0.000503914 -7.7174e-05 3.17836e-21
-0.000494072 -7.43025e-05 3.0601e-21
-0.000483962 -7.13498e-05 2.93849e-21
-0.000473634 -6.83297e-05 2.81411e-21
-0.000463153 -6.52612e-05 2.68774e-21
-0.000452596 -6.21653e-05 2.56024e-21
-0.000442036 -5.90628e-05 2.43246e-21
-0.000431549 -5.59752e-05 2.3053e-21
-0.000421219 -5.29259e-05 2.17972e-21
-0.000411129 -4.99392e-05 2.05671e-21
-0.000401362 -4.70382e-05 1.93723e-21
-0.000391997 -4.42454e-05 1.82222e-21
-0.000383112 -4.15836e-05 1.71259e-21
-0.000374783 -3.90744e-05 1.60925e-21
-0.00036708 -3.67386e-05 1.51306e-21
-0.000360067 -3.45946e-05 1.42475e-21
-0.000353797 -3.26579e-05 1.34499e-21
-0.000348313 -3.09419e-05 1.27432e-21
-0.000343655 -2.94587e-05 1.21324e-21
-0.000339851 -2.82175e-05 1.16212e-21
-0.000336918 -2.72239e-05 1.1212e-21
-0.000334861 -2.64806e-05 1.09059e-21
-0.000333682 -2.59894e-05 1.07036e-21
-0.000333374 -2.57493e-05 1.06047e-21
-0.000333911 -2.57547e-05 1.06069e-21
-0.000335261 -2.59973e-05 1.07068e-21
-0.000337389 -2.64686e-05 1.09009e-21
-0.000340256 -2.71586e-05 1.11851e-21
-0.000343816 -2.80555e-05 1.15545e-21
-0.000348021 -2.91467e-05 1.20039e-21
-0.000352824 -3.04196e-05 1.25281e-21
-0.000358177 -3.18614e-05 1.31219e-21
-0.000364033 -3.34592e-05 1.378e-21
-0.000370344 -3.52001e-05 1.44969e-21
-0.000377065 -3.70717e-05 1.52677e-21
-0.000384155 -3.90626e-05 1.60877e-21
-0.000391579 -4.11624e-05 1.69525e-21
-0.000399305 -4.33621e-05 1.78584e-21
-0.000407303 -4.56531e-05 1.88019e-21
-0.000415549 -4.80282e-05 1.97801e-21
-0.000424027 -5.04816e-05 2.07905e-21
-0.000432722 -5.30092e-05 2.18315e-21
-0.000441626 -5.56071e-05 2.29014e-21
-0.000450728 -5.8272e-05 2.3999e-21
-0.000460025 -6.10018e-05 2.51232e-21
-0.000469514 -6.37944e-05 2.62733e-21
-0.000479191 -6.66482e-05 2.74486e-21
-0.000489053 -6.95608e-05 2.86482e-21
-0.000499088 -7.25279e-05 2.98701e-21
-0.000509281 -7.55443e-05 3.11124e-21
-0.000519617 -7.86047e-05 3.23728e-21
-0.000530071 -8.17015e-05 3.36482e-21
-0.000540608 -8.48233e-05 3.49339e-21
-0.000551182 -8.79566e-05 3.62243e-21
-0.000561744 -9.10873e-05 3.75137e-21
-0.000572245 -9.42001e-05 3.87957e-21
-0.000582619 -9.72766e-05 4.00627e-21
-0.000592799 -0.000100297 4.13066e-21
-0.000602716 -0.000103241 4.25192e-21
-0.000612311 -0.000106089 4.36922e-21
-0.000621507 -0.000108822 4.48176e-21
-0.00063023 -0.000111419 4.58871e-21
-0.000638426 -0.000113861 4.68929e-21
-0.000646038 -0.00011613 4.78274e-21
-0.000652996 -0.000118211 4.86843e-21
-0.000659245 -0.000120089 4.94577e-21
-0.000664743 -0.00012175 5.01421e-21
-0.00066946 -0.000123185 5.07329e-21
-0.000673359 -0.000124383 5.12263e-21
-0.000676406 -0.000125338 5.16194e-21
-0.00067859 -0.000126043 5.191e-21
-0.000679894 -0.000126496 5.20965e-21
-0.000680328 -0.000126697 5.21793e-21
-0.000679903 -0.00012665 5.21599e-21
-0.000678639 -0.000126359 5.20401e-21
-0.000676558 -0.00012583 5.18224e-21
-0.000673691 -0.000125071 5.15098e-21
-0.000670072 -0.000124092 5.11063e-21
-0.000665739 -0.0001229 5.06157e-21
-0.00066073 -0.000121508 5.00423e-21
-0.000655085 -0.000119925 4.93903e-21
-0.000648846 -0.000118162 4.86644e-21
-0.000642054 -0.000116231 4.78689e-21
-0.000634746 -0.00011414 4.70079e-21
-0.00062695 -0.000111898 4.60844e-21
-0.000618689 -0.000109509 4.51007e-21
-0.000609983 -0.00010698 4.40591e-21
-0.000600849 -0.000104315 4.29615e-21
-0.000591299 -0.000101517 4.1809e-21
-0.000581341 -9.85874e-05 4.06026e-21
-0.00057098 -9.55284e-05 3.93427e-21
-0.00056022 -9.2341e-05 3.803e-21
-0.000549077 -8.90265e-05 3.6665e-21
-0.000537546 -8.55857e-05 3.52479e-21
-0.00052562 -8.20191e-05 3.3779e-21
-0.000513304 -7.83273e-05 3.22586e-21
-0.000500599 -7.4512e-05 3.06873e-21
-0.000487528 -7.05752e-05 2.90659e-21
-0.000474091 -6.65183e-05 2.73951e-21
-0.000460278 -6.23438e-05 2.56759e-21
-0.0004461 -5.8055e-05 2.39096e-21
-0.000431578 -5.36564e-05 2.2098e-21
-0.000416717 -4.9152e-05 2.02429e-21
-0.000401518 -4.45454e-05 1.83457e-21
-0.000385989 -3.98383e-05 1.64072e-21
-0.000370127 -3.50322e-05 1.44278e-21
-0.000353935 -3.01285e-05 1.24082e-21
-0.000337412 -2.51284e-05 1.0349e-21
-0.000320558 -2.00326e-05 8.25031e-22
-0.000303369 -1.48419e-05 6.11254e-22
-0.000285846 -9.55739e-06 3.93615e-22
-0.000267993 -4.18122e-06 1.72201e-22
-0.000249818 1.28316e-06 -5.28462e-23
-0.000231335 6.83126e-06 -2.81341e-22
-0.000212638 1.24489e-05 -5.12699e-22
-0.000193695 1.81428e-05 -7.47201e-22
-0.000174467 2.39087e-05 -9.84663e-22
-0.000155036 2.97268e-05 -1.22428e-21
-0.000135405 3.5594e-05 -1.46592e-21
-0.000115624 4.14964e-05 -1.709e-21
-9.57347e-05 4.74226e-05 -1.95307e-21
-7.5786e-05 5.33577e-05 -2.1975e-21
-5.58336e-05 5.92869e-05 -2.44169e-21
-3.59311e-05 6.51946e-05 -2.685e-21
-1.61428e-05 7.10633e-05 -2.9267e-21
3.46973e-06 7.68757e-05 -3.16607e-21
2.28388e-05 8.26132e-05 -3.40237e-21
4.19004e-05 8.82582e-05 -3.63485e-21
6.05861e-05 9.37919e-05 -3.86276e-21
7.8831e-05 9.91965e-05 -4.08534e-21
9.65686e-05 0.000104454 -4.30187e-21
0.000113738 0.000109547 -4.51164e-21
0.000130283 0.000114462 -4.71403e-21
0.000146152 0.000119183 -4.90848e-21
0.000161286 0.000123699 -5.09446e-21
0.000175648 0.000127997 -5.27146e-21
0.000189207 0.000132066 -5.43907e-21
0.000201927 0.000135899 -5.59693e-21
0.000213763 0.000139488 -5.74471e-21
0.000224703 0.000142826 -5.88218e-21
0.000234738 0.000145908 -6.00912e-21
0.000243845 0.00014873 -6.12535e-21
0.000252019 0.00015129 -6.23078e-21
0.000259231 0.000153557 -8.99247e-21
0.000265484 0.000155538 -9.07611e-21
0.000270826 0.000157275 -9.14943e-21
0.000275306 0.000158773 -9.21273e-21
0.00027896 0.000160042 -9.2664e-21
0.000281836 0.000161096 -9.31099e-21
0.000283989 0.00016195 -9.34714e-21
0.000285478 0.00016262 -9.37553e-21
0.000286361 0.00016312 -9.39683e-21
0.000286689 0.000163467 -9.41163e-21
0.000286513 0.000163674 -9.42051e-21
0.000285855 0.000163754 -9.42409e-21
0.000284782 0.000163722 -9.42294e-21
0.000283321 0.000163588 -9.41752e-21
0.000281507 0.000163365 -1.27723e-20
0.000279408 0.000163059 -1.27597e-20
0.000277034 0.00016268 -1.27441e-20
0.000274432 0.000162238 -1.27259e-20
0.00027163 0.000161739 -1.27053e-20
0.00026865 0.000161191 -1.26828e-20
0.000265516 0.0001606 -1.26585e-20
0.00026224 0.000159971 -1.26325e-20
0.000258831 0.000159305 -1.26051e-20
0.000255298 0.000158605 -1.25763e-20
0.000251649 0.000157875 -1.25462e-20
0.000247893 0.000157116 -1.25149e-20
0.000244038 0.000156331 -1.24826e-20
0.000240092 0.000155522 -1.24493e-20
0.000236063 0.000154692 -1.24151e-20
0.000231955 0.000153842 -1.23801e-20
0.000227771 0.000152972 -1.23443e-20
0.000223516 0.000152084 -1.23077e-20
0.000219192 0.000151178 -1.22704e-20
0.000214801 0.000150254 -1.22323e-20
0.000210341 0.000149312 -1.21936e-20
0.000205814 0.000148352 -1.2154e-20
0.00020122 0.000147374 -1.21137e-20
0.000196559 0.000146376 -1.20726e-20
0.000191831 0.000145358 -1.20307e-20
0.000187035 0.00014432 -1.19879e-20
0.000182209 0.000143268 -1.19446e-20
0.000177389 0.000142208 -1.1901e-20
0.000172871 0.000141196 -1.18593e-20
0.000168711 0.000140243 -1.18201e-20
0.000164561 0.000139284 -1.17806e-20
0.000160347 0.000138306 -1.17403e-20
0.000156076 0.000137309 -1.16992e-20
0.000151923 0.00013633 -1.16589e-20
0.000147923 0.000135378 -1.16197e-20
0.000144014 0.000134446 -1.15813e-20
0.000140272 0.000133551 -1.15444e-20
0.000136731 0.000132705 -1.15096e-20
0.000133452 0.000131924 -1.14774e-20
0.000130482 0.00013122 -1.14484e-20
0.000127874 0.000130609 -1.14233e-20
0.000125682 0.000130102 -1.14024e-20
0.000123612 0.000129715 -1.13865e-20
0.000121701 0.000129461 -1.1376e-20
0.000120375 0.000129348 -1.13713e-20
0.000119665 0.000129384 -1.13728e-20
0.000119592 0.000129577 -1.13808e-20
0.000120186 0.000129933 -1.13954e-20
0.00012146 0.000130458 -1.1417e-20
0.000123479 0.000131164 -1.14461e-20
0.00012621 0.000132048 -1.14825e-20
0.000129613 0.000133102 -1.1526e-20
0.00013371 0.000134332 -1.15766e-20
0.0001385 0.000135738 -1.16345e-20
0.000143992 0.00013732 -1.16997e-20
0.00015018 0.000139079 -1.17721e-20
0.000157026 0.00014101 -1.18516e-20
0.000164497 0.00014311 -1.19381e-20
0.000172584 0.00014538 -1.20316e-20
0.000181259 0.000147813 -1.21318e-20
0.000190495 0.000150403 -1.22385e-20
0.000200264 0.000153143 -1.23513e-20
0.000209375 0.000155784 -9.47568e-21
0.000217471 0.000158104 -9.55022e-21
0.00022564 0.000160518 -5.39617e-21
0.000234083 0.000163021 -9.90071e-21
0.000242765 0.000165607 -1.03092e-20
0.000251665 0.000168264 -1.43936e-20
0.000260752 0.000170982 -1.05264e-20
0.000270007 0.000173769 -9.22226e-21
0.00027941 0.000176582 -1.61915e-20
0.000288847 0.000179242 -1.16966e-20
0.000298286 0.000181961 -1.47086e-20
0.000307841 0.000184725 -1.79651e-20
0.000317504 0.000187483 -7.13974e-21
0.000327234 0.000190283 -8.88653e-21
0.000337046 0.000193117 -1.39444e-20
0.000346943 0.000195982 -1.2804e-20
0.000356672 0.000198571 -1.32327e-20
0.00036608 0.000201049 1.209e-17
0.000375233 0.000203522 -9.08188e-21
0.000384317 0.000205994 1.92302e-21
0.00039345 0.000208467 -1.57588e-20
0.000402408 0.000210858 -2.16809e-21
0.000410907 0.000212984 -9.38638e-21
0.000419622 0.000215128 -1.02704e-20
0.000428274 0.000216935 -1.00821e-20
0.000436542 0.000218744 -1.69856e-20
0.000444702 0.000220553 -8.62076e-21
0.000452824 0.000222347 -1.00851e-17
0.000460904 0.000224128 -1.60967e-20
0.000468916 0.000225883 -2.26746e-18
0.000476811 0.000227605 -3.80129e-19
0.000484467 0.000229259 -3.07141e-20
0.000491457 0.000230667 -3.20766e-18
0.000498592 0.000232056 -2.4644e-20
0.000505234 0.000233249 -1.84301e-20
0.000511454 0.000234407 -2.01358e-20
0.000517411 0.00023552 1.0177e-19
0.000523154 0.000236588 -2.49239e-21
0.00052867 0.000237618 -2.00948e-20
0.000533948 0.000238602 -9.53102e-20
0.000538968 0.000239532 -6.51107e-21
0.000543709 0.000240405 -3.06954e-20
0.000548152 0.000241221 -3.86564e-21
0.00055228 0.000241976 -1.50568e-20
0.000556079 0.000242669 6.71818e-22
0.00055953 0.000243297 -3.79344e-21
0.000562621 0.000243858 2.16334e-20
0.000565354 0.000244353 -2.20662e-20
0.000567726 0.000244779 -4.13642e-20
0.000569625 0.000245122 1.46327e-19
0.000570969 0.000245368 -1.89222e-20
0.000571765 0.000245519 -1.08727e-20
0.000571998 0.000245571 -1.75439e-20
0.000571512 0.000245385 -8.5095e-21
0.000570193 0.000244957 -8.48377e-21
0.000568028 0.000244288 -8.44405e-21
0.000565022 0.00024338 -8.39042e-21
0.00056119 0.000242237 -8.32305e-21
0.000556543 0.000240861 -8.24217e-21
0.000551102 0.000239259 -8.14807e-21
0.000544889 0.000237435 -8.04105e-21
0.000537924 0.000235394 -7.92138e-21
0.000530225 0.000233141 -7.78935e-21
0.000521816 0.000230683 -7.64528e-21
0.000512721 0.000228025 -7.48953e-21
0.000502968 0.000225174 -7.32253e-21
0.00049259 0.00022214 -7.14474e-21
0.000481617 0.00021893 -6.95665e-21
0.000470082 0.000215552 -6.75875e-21
0.000458015 0.000212016 -6.55152e-21
0.000445448 0.00020833 -6.33545e-21
0.000432411 0.000204502 -6.11103e-21
0.000418934 0.00020054 -5.87874e-21
0.000405045 0.000196453 -5.63903e-21
0.000390771 0.000192247 -5.39236e-21
0.000376138 0.000187931 -5.13918e-21
0.000361169 0.000183512 -4.87988e-21
0.000345885 0.000178996 -4.61485e-21
0.000330305 0.000174388 -4.34443e-21
0.000314446 0.000169696 -4.06897e-21
0.000298326 0.000164922 -3.78878e-21
0.000281958 0.000160074 -3.50417e-21
0.000265357 0.000155156 -3.21543e-21
0.000248537 0.000150172 -2.92285e-21
0.000231512 0.000145128 -2.62673e-21
0.000214294 0.000140027 -2.32736e-21
0.000196897 0.000134876 -2.02502e-21
0.000179335 0.000129679 -1.72001e-21
0.000161623 0.00012444 -1.41265e-21
0.000143774 0.000119165 -1.10322e-21
0.000125803 0.000113859 -7.92008e-22
0.000107726 0.000108527 -4.79348e-22
8.95605e-05 0.000103175 -1.65582e-22
7.13271e-05 9.78083e-05 1.48924e-22
5.30471e-05 9.24345e-05 4.63781e-22
3.47451e-05 8.70606e-05 7.78558e-22
1.64475e-05 8.16942e-05 1.09281e-21
-1.81868e-06 7.63431e-05 1.40607e-21
-2.00248e-05 7.10156e-05 1.71788e-21
-3.81393e-05 6.57203e-05 2.02773e-21
-5.61266e-05 6.0467e-05 2.33504e-21
-7.39449e-05 5.52672e-05 2.63917e-21
-9.15485e-05 5.01332e-05 2.93939e-21
-0.00010889 4.50778e-05 3.23499e-21
-0.000125926 4.01129e-05 3.52527e-21
-0.000142615 3.52489e-05 3.80963e-21
-0.000158923 3.04951e-05 4.08755e-21
-0.000174814 2.58609e-05 4.3585e-21
-0.000190249 2.13561e-05 4.62191e-21
-0.000205186 1.69918e-05 4.87714e-21
-0.00021958 1.27798e-05 5.12354e-21
-0.000233389 8.73106e-06 5.36047e-21
-0.000246575 4.85531e-06 5.58738e-21
-0.000259107 1.16067e-06 5.80381e-21
-0.000270957 -2.34619e-06 6.00938e-21
-0.000282105 -5.65976e-06 6.20377e-21
-0.00029253 -8.77499e-06 6.38672e-21
-0.000302211 -1.16867e-05 6.55791e-21
-0.000311131 -1.43901e-05 6.71708e-21
-0.000319276 -1.68821e-05 6.86406e-21
-0.000326643 -1.91617e-05 6.99879e-21
-0.000333239 -2.12315e-05 7.12141e-21
-0.000339083 -2.30962e-05 7.23221e-21
-0.000344197 -2.47621e-05 7.33156e-21
-0.000348608 -2.62369e-05 7.41989e-21
-0.000352351 -2.75297e-05 7.49772e-21
-0.000355462 -2.86508e-05 7.56566e-21
-0.000357984 -2.96114e-05 7.62435e-21
-0.000359965 -3.04244e-05 7.67453e-21
-0.000361455 -3.11039e-05 7.717e-21
-0.000362512 -3.16652e-05 7.75266e-21
-0.000363195 -3.21241e-05 7.78241e-21
-0.000363563 -3.2497e-05 7.8072e-21
-0.000363678 -3.28006e-05 7.82798e-21
-0.000363602 -3.30517e-05 7.84573e-21
-0.000363397 -3.32673e-05 7.86143e-21
-0.000363124 -3.34638e-