-2.92323 0.00526285 -2.16747e-19
-5.84646 0.0105265 -4.33529e-19
-8.76969 0.0157911 -6.50346e-19
-11.6929 0.0210565 -8.67198e-19
-14.6162 0.0263227 -1.08408e-18
-17.5394 0.0315898 -1.30101e-18
-20.4627 0.0368578 -1.51796e-18
-23.3859 0.0421266 -1.73495e-18
-26.3092 0.0473962 -1.95198e-18
-29.2324 0.0526667 -2.16904e-18
-29.2326 0.0526892 -2.16997e-18
-29.2331 0.0527798 -2.1737e-18
-29.2343 0.0529603 -2.18114e-18
-29.2359 0.0532279 -2.19215e-18
-29.238 0.0535662 -2.20609e-18
-29.2403 0.0539336 -2.22122e-18
-29.2424 0.0542752 -2.23529e-18
-29.244 0.0545366 -2.24605e-18
-29.2448 0.0546607 -2.25116e-18
-29.2443 0.0545843 -2.24802e-18
-29.2422 0.0542424 -2.23394e-18
-29.238 0.053572 -2.20633e-18
-29.2315 0.0525233 -2.16314e-18
-29.2225 0.05107 -2.10328e-18
-29.2109 0.0491998 -2.02626e-18
-29.1966 0.0469033 -1.93168e-18
-29.1799 0.0442015 -1.82041e-18
-29.1611 0.0411746 -1.69575e-18
-29.141 0.0379333 -1.56226e-18
-29.1203 0.034589 -1.42453e-18
-29.0997 0.0312619 -1.2875e-18
-29.0802 0.0280902 -1.15688e-18
-29.0625 0.0252197 -1.03866e-18
-29.0476 0.022792 -9.38675e-19
-29.0362 0.0209246 -8.61764e-19
-29.0288 0.0196894 -8.10893e-19
-29.0257 0.0191321 -7.87941e-19
-29.027 0.019292 -7.94527e-19
-29.033 0.020191 -8.31553e-19
-29.0435 0.021822 -8.98723e-19
-29.0583 0.02416 -9.95013e-19
-29.0774 0.0271749 -1.11918e-18
-29.1004 0.0308289 -1.26967e-18
-29.1271 0.0350749 -1.44454e-18
-29.157 0.039859 -1.64157e-18
-29.1899 0.0451251 -1.85845e-18
-29.2253 0.0508198 -2.09298e-18
-29.263 0.0568989 -2.34334e-18
-29.3027 0.063323 -2.60791e-18
-29.3441 0.0700525 -2.88507e-18
-29.3871 0.0770532 -3.17339e-18
-29.4315 0.0843019 -3.47192e-18
-29.4772 0.0917817 -3.77997e-18
-29.524 0.0994774 -4.09691e-18
-29.5718 0.107347 -4.421e-18
-29.6198 0.115289 -4.74812e-18
-29.6673 0.123178 -5.07302e-18
-29.7136 0.130891 -5.39067e-18
-29.7579 0.138308 -5.69611e-18
-29.7995 0.145307 -5.98437e-18
-29.8376 0.151773 -6.25065e-18
-29.8717 0.157595 -6.49046e-18
-29.901 0.162678 -6.69979e-18
-29.9252 0.166939 -6.87529e-18
-29.9438 0.170311 -7.01412e-18
-29.9566 0.172731 -7.11383e-18
-29.9632 0.174169 -7.17304e-18
-29.9639 0.174637 -7.1923e-18
-29.959 0.174174 -7.17324e-18
-29.9486 0.172827 -7.11776e-18
-29.9335 0.170684 -7.0295e-18
-29.9147 0.16791 -6.91526e-18
-29.8935 0.164711 -6.7835e-18
-29.8712 0.161291 -6.64268e-18
-29.849 0.15784 -6.50054e-18
-29.828 0.154511 -6.36345e-18
-29.8089 0.151438 -6.23688e-18
-29.7925 0.148747 -6.12604e-18
-29.7796 0.146544 -6.0353e-18
-29.7706 0.144898 -5.96754e-18
-29.7658 0.143859 -5.92475e-18
-29.7654 0.143464 -5.90848e-18
-29.7694 0.143709 -5.91855e-18
-29.7773 0.144509 -5.95151e-18
-29.7883 0.145738 -6.00213e-18
-29.8014 0.147262 -6.0649e-18
-29.816 0.148955 -6.13463e-18
-29.8312 0.15071 -6.2069e-18
-29.8465 0.15243 -6.27771e-18
-29.8613 0.154015 -6.34301e-18
-29.875 0.15539 -6.39965e-18
-29.8874 0.156523 -6.44629e-18
-29.8984 0.157404 -6.48259e-18
-29.908 0.158028 -6.50829e-18
-29.9162 0.158414 -6.52418e-18
-29.9235 0.158631 -6.53309e-18
-29.9303 0.158773 -6.53896e-18
-29.9374 0.158939 -6.54578e-18
-29.9451 0.159199 -6.55652e-18
-29.9536 0.159576 -6.57205e-18
-29.9628 0.160065 -6.59216e-18
-29.9727 0.16066 -6.61667e-18
-29.9831 0.161357 -6.64539e-18
-29.9942 0.162149 -6.678e-18
-30.0058 0.163027 -6.71416e-18
-30.0178 0.163984 -6.75356e-18
-30.0304 0.165025 -6.79646e-18
-30.0436 0.166186 -6.84426e-18
-30.0578 0.167513 -6.89891e-18
-30.0733 0.169054 -6.96236e-18
-30.0903 0.170846 -7.03619e-18
-30.109 0.172912 -7.12128e-18
-30.1294 0.175263 -7.21811e-18
-30.1516 0.177909 -7.32707e-18
-30.1753 0.180809 -7.44652e-18
-30.1997 0.183827 -7.5708e-18
-30.2236 0.186775 -7.6922e-18
-30.2459 0.189465 -7.803e-18
-30.2653 0.191714 -7.89561e-18
-30.2808 0.193339 -7.96254e-18
-30.2913 0.194164 -7.9965e-18
-30.2956 0.194017 -7.99045e-18
-30.2931 0.192787 -7.93981e-18
-30.2837 0.190481 -7.84485e-18
-30.268 0.187169 -7.70844e-18
-30.2464 0.182926 -7.53369e-18
-30.2196 0.177861 -7.3251e-18
-30.1886 0.172149 -7.08986e-18
-30.1548 0.165998 -6.83653e-18
-30.1193 0.159616 -6.57368e-18
-30.0835 0.153193 -6.30914e-18
-30.0483 0.146883 -6.04928e-18
-30.0144 0.140821 -5.7996e-18
-29.9827 0.135135 -5.56543e-18
-29.9537 0.129926 -5.35093e-18
-29.9279 0.125244 -5.15809e-18
-29.9052 0.121106 -4.98765e-18
-29.8858 0.117525 -4.84019e-18
-29.8696 0.114509 -4.71599e-18
-29.8567 0.11206 -4.6151e-18
-29.8469 0.110172 -4.53734e-18
-29.8403 0.108837 -4.4824e-18
-29.8367 0.108037 -4.44942e-18
-29.8357 0.107728 -4.43669e-18
-29.8371 0.107856 -4.44198e-18
-29.8405 0.108368 -4.46306e-18
-29.8456 0.109216 -4.49798e-18
-29.8522 0.110368 -4.54543e-18
-29.8601 0.111801 -4.60444e-18
-29.8691 0.113493 -4.67413e-18
-29.8791 0.115413 -4.7532e-18
-29.8898 0.117509 -4.83955e-18
-29.9009 0.119722 -4.93069e-18
-29.9118 0.121994 -5.02425e-18
-29.9225 0.124283 -5.11851e-18
-29.9328 0.126572 -5.21279e-18
-29.9427 0.128862 -5.3071e-18
-29.9524 0.131155 -5.40154e-18
-29.9618 0.13347 -5.49685e-18
-29.9714 0.135853 -5.59501e-18
-29.9816 0.138368 -5.69861e-18
-29.9928 0.141078 -5.81022e-18
-30.0053 0.144044 -5.93236e-18
-30.0197 0.147324 -6.06744e-18
-30.0363 0.150973 -6.21772e-18
-30.0554 0.155042 -6.38529e-18
-30.0772 0.159552 -6.57106e-18
-30.1015 0.16447 -6.77358e-18
-30.1279 0.169728 -6.99012e-18
-30.1561 0.175256 -7.21779e-18
-30.1854 0.180964 -7.45286e-18
-30.2152 0.186726 -7.69021e-18
-30.2445 0.192401 -7.92389e-18
-30.2725 0.19784 -8.14792e-18
-30.2984 0.202923 -8.35723e-18
-30.3216 0.20757 -8.54861e-18
-30.342 0.211728 -8.71987e-18
-30.3592 0.215346 -8.86886e-18
-30.3729 0.218392 -8.99435e-18
-30.3834 0.220879 -9.09674e-18
-30.3907 0.222837 -9.17739e-18
-30.395 0.224301 -9.23771e-18
-30.3967 0.225309 -9.27921e-18
-30.396 0.225903 -9.30364e-18
-30.3931 0.226125 -9.31283e-18
-30.3883 0.226024 -9.30866e-18
-30.3818 0.225625 -9.29222e-18
-30.3735 0.22491 -9.26275e-18
-30.3632 0.223839 -9.21868e-18
-30.3505 0.222378 -9.15848e-18
-30.3354 0.220508 -9.08146e-18
-30.318 0.218247 -8.98837e-18
-30.2986 0.215636 -8.88083e-18
-30.2773 0.212715 -8.76054e-18
-30.2545 0.209531 -8.62939e-18
-30.2305 0.206133 -8.48943e-18
-30.2056 0.202574 -8.34287e-18
-30.1801 0.19891 -8.19198e-18
-30.1545 0.195199 -8.03915e-18
-30.129 0.191503 -7.8869e-18
-30.1042 0.187883 -7.73785e-18
-30.0804 0.184405 -7.59461e-18
-30.0579 0.181118 -7.45922e-18
-30.0368 0.178043 -7.33256e-18
-30.0172 0.175186 -7.21491e-18
-29.9992 0.172553 -7.10647e-18
-29.9827 0.17014 -7.00712e-18
-29.9676 0.167929 -6.91603e-18
-29.9537 0.165888 -6.83201e-18
-29.9409 0.16399 -6.75381e-18
-29.9289 0.16219 -6.6797e-18
-29.9173 0.160424 -6.60695e-18
-29.9055 0.158612 -6.53234e-18
-29.8932 0.156677 -6.45264e-18
-29.8799 0.154541 -6.36467e-18
-29.865 0.152128 -6.26528e-18
-29.8481 0.149362 -6.15139e-18
-29.8287 0.146171 -6.01997e-18
-29.8068 0.142528 -5.86993e-18
-29.7826 0.1385 -5.70403e-18
-29.757 0.134201 -5.527e-18
-29.7305 0.129747 -5.34353e-18
-29.7041 0.125265 -5.15896e-18
-29.6787 0.120916 -4.97986e-18
-29.6554 0.116874 -4.81338e-18
-29.6352 0.113306 -4.66642e-18
-29.6188 0.110331 -4.54391e-18
-29.6065 0.107979 -4.44704e-18
-29.598 0.106227 -4.37489e-18
-29.5932 0.105047 -4.32631e-18
-29.5916 0.104385 -4.29901e-18
-29.5927 0.104135 -4.28872e-18
-29.5956 0.104168 -4.29007e-18
-29.5994 0.104351 -4.29763e-18
-29.6034 0.104562 -4.3063e-18
-29.6067 0.104693 -4.31172e-18
-29.6089 0.104652 -4.31002e-18
-29.6094 0.104346 -4.29743e-18
-29.6076 0.103711 -4.27126e-18
-29.6035 0.10273 -4.23089e-18
-29.5971 0.101418 -4.17685e-18
-29.5886 0.0997928 -4.1099e-18
-29.578 0.0978762 -4.03097e-18
-29.5655 0.0956947 -3.94112e-18
-29.5512 0.0932789 -3.84163e-18
-29.5355 0.0906639 -3.73393e-18
-29.5184 0.0878824 -3.61938e-18
-29.5002 0.0849561 -3.49886e-18
-29.4809 0.0819033 -3.37313e-18
-29.4607 0.0787464 -3.24312e-18
-29.4399 0.0755357 -3.11089e-18
-29.4191 0.0723748 -2.98071e-18
-29.3992 0.0693951 -2.85799e-18
-29.381 0.0667285 -2.74817e-18
-29.3654 0.0645024 -2.65649e-18
-29.353 0.0628352 -2.58782e-18
-29.3446 0.0618385 -2.54678e-18
-29.3409 0.0616201 -2.53778e-18
-29.3423 0.0622493 -2.5637e-18
-29.3488 0.0637219 -2.62434e-18
-29.3601 0.0659931 -2.71788e-18
-29.376 0.0690133 -2.84227e-18
-29.3958 0.0726757 -2.9931e-18
-29.4182 0.0767615 -3.16137e-18
-29.4414 0.0809948 -3.33572e-18
-29.4638 0.0851003 -3.5048e-18
-29.4838 0.0888209 -3.65803e-18
-29.5 0.0919349 -3.78628e-18
-29.5111 0.0942425 -3.88131e-18
-29.5161 0.0955511 -3.93521e-18
-29.5139 0.095708 -3.94167e-18
-29.504 0.0946339 -3.89744e-18
-29.4864 0.0922919 -3.80098e-18
-29.4608 0.0886537 -3.65115e-18
-29.4274 0.0837566 -3.44946e-18
-29.3874 0.0777608 -3.20253e-18
-29.3421 0.0708924 -2.91966e-18
-29.2929 0.0633803 -2.61027e-18
-29.2415 0.0554659 -2.28432e-18
-29.1894 0.0474141 -1.95272e-18
-29.1384 0.0394986 -1.62672e-18
-29.0902 0.0319868 -1.31736e-18
-29.0463 0.0251172 -1.03444e-18
-29.0078 0.0190769 -7.85669e-19
-28.9758 0.0140199 -5.77399e-19
-28.951 0.0100877 -4.15454e-19
-28.9341 0.00738288 -3.04059e-19
-28.9254 0.00594216 -2.44724e-19
-28.9248 0.00576172 -2.37293e-19
-28.9321 0.00682493 -2.8108e-19
-28.9471 0.00908802 -3.74284e-19
-28.9691 0.0124649 -5.13358e-19
-28.9976 0.0168438 -6.93701e-19
-29.0316 0.022105 -9.10381e-19
-29.0704 0.0281373 -1.15882e-18
-29.1136 0.0348545 -1.43546e-18
-29.1604 0.0421827 -1.73727e-18
-29.2106 0.0500456 -2.06109e-18
-29.2633 0.0583454 -2.40292e-18
-29.3178 0.0669433 -2.75702e-18
-29.373 0.0756814 -3.11689e-18
-29.4279 0.0844055 -3.47619e-18
-29.4816 0.0929784 -3.82925e-18
-29.5334 0.101292 -4.17163e-18
-29.5829 0.109256 -4.49964e-18
-29.6294 0.116792 -4.81e-18
-29.6727 0.123857 -5.10098e-18
-29.713 0.130479 -5.37369e-18
-29.7506 0.136724 -5.63089e-18
-29.7862 0.142667 -5.87565e-18
-29.8201 0.148388 -6.11126e-18
-29.8529 0.153969 -6.34112e-18
-29.8852 0.159496 -6.56872e-18
-29.9176 0.165057 -6.79775e-18
-29.9504 0.170712 -7.03066e-18
-29.9837 0.176457 -7.26728e-18
-30.0173 0.182255 -7.50606e-18
-30.0509 0.18807 -7.74556e-18
-30.0841 0.19381 -7.98192e-18
-30.1156 0.199259 -8.20634e-18
-30.1436 0.204144 -8.40754e-18
-30.1666 0.208198 -8.57448e-18
-30.1831 0.211198 -8.69805e-18
-30.1925 0.213014 -8.77284e-18
-30.1942 0.213564 -8.79549e-18
-30.1878 0.212775 -8.76299e-18
-30.1732 0.210636 -8.67491e-18
-30.1513 0.207256 -8.5357e-18
-30.1229 0.202806 -8.35245e-18
-30.0894 0.197463 -8.13239e-18
-30.0519 0.191419 -7.88347e-18
-30.0118 0.1849 -7.61499e-18
-29.9706 0.178146 -7.33683e-18
-29.9298 0.171394 -7.05873e-18
-29.8908 0.164843 -6.78896e-18
-29.8542 0.158627 -6.53296e-18
-29.8208 0.152839 -6.29456e-18
-29.7909 0.147562 -6.07726e-18
-29.7649 0.142831 -5.8824e-18
-29.7423 0.138581 -5.70735e-18
-29.7224 0.134694 -5.54729e-18
-29.7043 0.13105 -5.39719e-18
-29.6872 0.127503 -5.25112e-18
-29.6699 0.123871 -5.10156e-18
-29.6511 0.119954 -4.94023e-18
-29.6295 0.115551 -4.75889e-18
-29.6041 0.110486 -4.5503e-18
-29.574 0.10463 -4.30911e-18
-29.5385 0.0978796 -4.03111e-18
-29.4971 0.09014 -3.71236e-18
-29.4493 0.0813572 -3.35064e-18
-29.3953 0.0715543 -2.94691e-18
-29.3355 0.0607974 -2.5039e-18
-29.2704 0.0491594 -2.0246e-18
-29.2004 0.0367259 -1.51253e-18
-29.1262 0.0236021 -9.72039e-19
-29.0486 0.00990414 -4.07895e-19
-28.9683 -0.00424991 1.7503e-19
-28.8858 -0.0187624 7.72716e-19
-28.8016 -0.033579 1.38293e-18
-28.7158 -0.0486699 2.00444e-18
-28.6285 -0.064007 2.63609e-18
-28.5401 -0.0795457 3.27604e-18
-28.4511 -0.0952068 3.92103e-18
-28.3619 -0.110896 4.56718e-18
-28.2732 -0.126525 5.21085e-18
-28.1856 -0.14198 5.84735e-18
-28.1002 -0.157089 6.46962e-18
-28.0181 -0.171658 7.0696e-18
-27.9405 -0.1855 7.63968e-18
-27.8684 -0.198446 8.17286e-18
-27.8027 -0.210342 8.66281e-18
-27.7442 -0.221052 9.10386e-18
-27.6936 -0.230452 9.491e-18
-27.6512 -0.238466 9.82104e-18
-27.6161 -0.245184 1.00978e-17
-27.5875 -0.250676 1.03239e-17
-27.5664 -0.254875 1.04969e-17
-27.5524 -0.257849 1.06194e-17
-27.5445 -0.259723 1.06965e-17
-27.5419 -0.260623 1.07336e-17
-27.5436 -0.260697 1.07366e-17
-27.5485 -0.260111 1.07125e-17
-27.5551 -0.259097 1.06707e-17
-27.5616 -0.257907 1.06217e-17
-27.5666 -0.256793 1.05759e-17
-27.5686 -0.255953 1.05413e-17
-27.567 -0.255494 1.05223e-17
-27.5613 -0.255465 1.05211e-17
-27.5514 -0.255904 1.05392e-17
-27.5373 -0.256792 1.05758e-17
-27.5198 -0.258001 1.06256e-17
-27.5001 -0.259348 1.06811e-17
-27.4793 -0.260635 1.07341e-17
-27.459 -0.26164 1.07755e-17
-27.4406 -0.262098 1.07943e-17
-27.4262 -0.261721 1.07788e-17
-27.4176 -0.260218 1.07169e-17
-27.416 -0.257386 1.06003e-17
-27.4217 -0.253201 1.04279e-17
-27.4342 -0.247732 1.02027e-17
-27.4534 -0.241049 9.92745e-18
-27.4786 -0.233235 9.60562e-18
-27.5092 -0.2244 9.24178e-18
-27.5446 -0.21467 8.84103e-18
-27.584 -0.204167 8.40847e-18
-27.6271 -0.192974 7.94751e-18
-27.6738 -0.181094 7.45825e-18
-27.7245 -0.168483 6.93888e-18
-27.7795 -0.155111 6.38816e-18
-27.8395 -0.140898 5.80279e-18
-27.9055 -0.125667 5.17551e-18
-27.9791 -0.109202 4.49743e-18
-28.0616 -0.0912918 3.75979e-18
-28.1541 -0.0717973 2.95692e-18
-28.2565 -0.0507158 2.0887e-18
-28.3687 -0.0281216 1.15817e-18
-28.4901 -0.00409629 1.68703e-19
-28.6171 0.0209802 -8.64057e-19
-28.7502 0.0470237 -1.93664e-18
-28.8891 0.0738718 -3.04236e-18
-29.031 0.101136 -4.1652e-18
-29.1748 0.128592 -5.29597e-18
-29.3184 0.155943 -6.42243e-18
-29.4608 0.182984 -7.53606e-18
-29.6007 0.209462 -8.62657e-18
-29.7368 0.235197 -9.68644e-18
-29.8685 0.260057 -1.07103e-17
-29.9952 0.28396 -1.16947e-17
-30.1168 0.306838 -1.26369e-17
-30.2328 0.328639 -1.35348e-17
-30.3435 0.349359 -1.43881e-17
-30.449 0.369031 -1.51983e-17
-30.5498 0.38769 -1.59667e-17
-30.6459 0.405355 -1.66943e-17
-30.7372 0.421989 -1.73793e-17
-30.8234 0.437528 -1.80193e-17
-30.9043 0.451927 -1.86123e-17
-30.9798 0.46516 -1.91573e-17
-31.0499 0.477221 -1.9654e-17
-31.1148 0.48813 -2.01033e-17
-31.1748 0.497907 -2.0506e-17
-31.2299 0.506571 -2.08628e-17
-31.2802 0.514124 -2.11738e-17
-31.3258 0.520564 -2.14391e-17
-31.3667 0.52589 -2.16584e-17
-31.4032 0.530158 -2.18342e-17
-31.4364 0.533532 -2.19731e-17
-31.4677 0.53623 -2.20843e-17
-31.4983 0.538467 -2.21764e-17
-31.5296 0.54045 -2.22581e-17
-31.5627 0.54237 -2.23371e-17
-31.5988 0.544407 -2.2421e-17
-31.6388 0.54673 -2.25167e-17
-31.6835 0.54947 -2.26296e-17
-31.7332 0.552685 -2.27619e-17
-31.7876 0.556385 -2.29143e-17
-31.8467 0.560583 -2.30872e-17
-31.9104 0.565219 -2.32782e-17
-31.9774 0.570115 -2.34798e-17
-32.0461 0.575032 -2.36823e-17
-32.115 0.579724 -2.38756e-17
-32.1823 0.583954 -2.40498e-17
-32.2466 0.587488 -2.41953e-17
-32.3064 0.590105 -2.43031e-17
-32.3602 0.591588 -2.43642e-17
-32.4069 0.591788 -2.43724e-17
-32.4462 0.590683 -2.43269e-17
-32.4785 0.588322 -2.42297e-17
-32.5039 0.584768 -2.40833e-17
-32.5229 0.580116 -2.38917e-17
-32.5364 0.574528 -2.36615e-17
-32.5456 0.5682 -2.34009e-17
-32.5517 0.561337 -2.31183e-17
-32.5555 0.554114 -2.28208e-17
-32.5577 0.546634 -2.25127e-17
-32.5586 0.538961 -2.21967e-17
-32.5586 0.531169 -2.18759e-17
-32.5578 0.523295 -2.15515e-17
-32.5559 0.515295 -2.12221e-17
-32.5523 0.507091 -2.08842e-17
-32.5464 0.498606 -2.05348e-17
-32.5379 0.489776 -2.01711e-17
-32.5262 0.480549 -1.97911e-17
-32.5111 0.470884 -1.9393e-17
-32.4923 0.460745 -1.89755e-17
-32.4697 0.450131 -1.85383e-17
-32.4437 0.439099 -1.8084e-17
-32.4147 0.427741 -1.76162e-17
-32.3834 0.416152 -1.7139e-17
-32.3501 0.404428 -1.66561e-17
-32.3156 0.392669 -1.61718e-17
-32.2804 0.380972 -1.56901e-17
-32.245 0.369437 -1.5215e-17
-32.21 0.35815 -1.47502e-17
-32.1757 0.347178 -1.42983e-17
-32.1425 0.336575 -1.38616e-17
-32.1105 0.326391 -1.34422e-17
-32.0801 0.316665 -1.30416e-17
-32.0513 0.307424 -1.26611e-17
-32.0242 0.298684 -1.23011e-17
-31.9988 0.290456 -1.19622e-17
-31.9753 0.282755 -1.16451e-17
-31.9537 0.275617 -1.13511e-17
-31.9343 0.269082 -1.1082e-17
-31.9172 0.263187 -1.08392e-17
-31.903 0.257994 -1.06253e-17
-31.8922 0.253627 -1.04455e-17
-31.8858 0.250237 -1.03059e-17
-31.8846 0.247969 -1.02124e-17
-31.8896 0.246963 -1.0171e-17
-31.9016 0.247358 -1.01873e-17
-31.9214 0.249293 -1.0267e-17
-31.9497 0.252891 -1.04151e-17
-31.9869 0.258207 -1.06341e-17
-32.0326 0.265164 -1.09206e-17
-32.0857 0.273612 -1.12685e-17
-32.1454 0.283393 -1.16714e-17
-32.21 0.29426 -1.21189e-17
-32.277 0.305793 -1.25939e-17
-32.3433 0.317484 -1.30754e-17
-32.4056 0.328828 -1.35426e-17
-32.461 0.339322 -1.39748e-17
-32.5063 0.348457 -1.4351e-17
-32.5384 0.35573 -1.46505e-17
-32.5543 0.360656 -1.48534e-17
-32.5517 0.362841 -1.49434e-17
-32.5291 0.362053 -1.49109e-17
-32.4858 0.358154 -1.47503e-17
-32.4212 0.351032 -1.4457e-17
-32.3351 0.340638 -1.4029e-17
-32.228 0.327044 -1.34691e-17
-32.1008 0.310384 -1.2783e-17
-31.9547 0.290811 -1.19769e-17
-31.7911 0.268542 -1.10597e-17
-31.6121 0.243917 -1.00456e-17
-31.4204 0.217341 -8.95103e-18
-31.2187 0.189213 -7.79261e-18
-31.0094 0.159928 -6.58653e-18
-30.795 0.129865 -5.34841e-18
-30.5779 0.0993884 -4.09324e-18
-30.3602 0.0688437 -2.83528e-18
-30.1442 0.038567 -1.58836e-18
-29.9318 0.00889274 -3.66241e-19
-29.7252 -0.0198595 8.17901e-19
-29.5261 -0.0473991 1.9521e-18
-29.3358 -0.0735234 3.02801e-18
-29.1546 -0.0981784 4.04341e-18
-28.9822 -0.121401 4.99982e-18
-28.8182 -0.143256 5.89989e-18
-28.6621 -0.163813 6.74655e-18
-28.5132 -0.183148 7.54284e-18
-28.3711 -0.201313 8.29092e-18
-28.2356 -0.218366 8.99328e-18
-28.1057 -0.23441 9.65402e-18
-27.9809 -0.249541 1.02772e-17
-27.8603 -0.263872 1.08674e-17
-27.7431 -0.27752 1.14295e-17
-27.6287 -0.290546 1.19659e-17
-27.5173 -0.302913 1.24753e-17
-27.4038 -0.315023 1.2974e-17
-27.293 -0.326407 1.34429e-17
-27.1881 -0.336722 1.38677e-17
-27.0876 -0.346056 1.42521e-17
-26.9936 -0.354183 1.45868e-17
-26.9056 -0.361096 1.48715e-17
-26.825 -0.366612 1.50987e-17
-26.7524 -0.370631 1.52642e-17
-26.6889 -0.37295 1.53597e-17
-26.6356 -0.373426 1.53793e-17
-26.5934 -0.371807 1.53126e-17
-26.5627 -0.368074 1.51589e-17
-26.5445 -0.362172 1.49158e-17
-26.5391 -0.353999 1.45792e-17
-26.5469 -0.343538 1.41484e-17
-26.5677 -0.33082 1.36246e-17
-26.6009 -0.315949 1.30122e-17
-26.6461 -0.299005 1.23143e-17
-26.7025 -0.280146 1.15376e-17
-26.7676 -0.259643 1.06932e-17
-26.8402 -0.237822 9.79453e-18
-26.9187 -0.215 8.85464e-18
-27.0008 -0.191507 7.88707e-18
-27.0848 -0.167665 6.90516e-18
-27.1688 -0.143805 5.92253e-18
-27.2509 -0.120238 4.9519e-18
-27.3297 -0.0972205 4.00396e-18
-27.4043 -0.074903 3.08483e-18
-27.4741 -0.053376 2.19825e-18
-27.5389 -0.0327161 1.34739e-18
-27.599 -0.0129279 5.32428e-19
-27.6552 0.00612453 -2.52235e-19
-27.7091 0.0246479 -1.01511e-18
-27.7622 0.042861 -1.7652e-18
-27.8156 0.0609455 -2.51e-18
-27.8703 0.0790064 -3.25383e-18
-27.9269 0.0971081 -3.99933e-18
-27.9857 0.11532 -4.7494e-18
-28.0471 0.13365 -5.5043e-18
-28.1104 0.151977 -6.25905e-18
-28.1747 0.170113 -7.00598e-18
-28.2388 0.187881 -7.73774e-18
-28.3016 0.205069 -8.44562e-18
-28.3614 0.221393 -9.11792e-18
-28.4164 0.236538 -9.74168e-18
-28.4649 0.250206 -1.03046e-17
-28.505 0.262107 -1.07947e-17
-28.5353 0.271965 -1.12007e-17
-28.5542 0.279516 -1.15117e-17
-28.5603 0.284522 -1.17178e-17
-28.5527 0.286822 -1.18126e-17
-28.5313 0.286399 -1.17952e-17
-28.4968 0.283318 -1.16682e-17
-28.4497 0.277662 -1.14353e-17
-28.3909 0.26954 -1.11008e-17
-28.3211 0.259081 -1.06701e-17
-28.2415 0.246431 -1.01491e-17
-28.1531 0.231749 -9.54445e-18
-28.0561 0.215142 -8.86047e-18
-27.9538 0.197078 -8.11653e-18
-27.8501 0.17807 -7.33368e-18
-27.7469 0.158494 -6.52748e-18
-27.6474 0.138788 -5.71589e-18
-27.5533 0.119276 -4.91229e-18
-27.4669 0.100283 -4.1301e-18
-27.3898 0.0820885 -3.38076e-18
-27.3236 0.064952 -2.67501e-18
-27.2696 0.0490737 -2.02107e-18
-27.2286 0.034621 -1.42584e-18
-27.2015 0.0217262 -8.94779e-19
-27.1883 0.0104249 -4.29343e-19
-27.1881 0.000578186 -2.38122e-20
-27.1992 -0.00805286 3.31652e-19
-27.2198 -0.0157339 6.47989e-19
-27.2479 -0.022767 9.37644e-19
-27.281 -0.0295052 1.21515e-18
-27.3149 -0.0364651 1.50179e-18
-27.348 -0.043961 1.8105e-18
-27.3783 -0.0523197 2.15475e-18
-27.4027 -0.0619499 2.55136e-18
-27.4191 -0.0731656 3.01328e-18
-27.425 -0.0863303 3.55545e-18
-27.4182 -0.101755 4.19071e-18
-27.3964 -0.11976 4.93222e-18
-27.3572 -0.140618 5.79126e-18
-27.2989 -0.164608 6.77927e-18
-27.2189 -0.191983 7.90671e-18
-27.1162 -0.222952 9.18213e-18
-26.99 -0.257704 1.06134e-17
-26.8387 -0.296403 1.22071e-17
-26.6616 -0.339142 1.39673e-17
-26.4584 -0.385926 1.58941e-17
-26.2294 -0.436688 1.79847e-17
-25.9749 -0.491305 2.02341e-17
-25.6957 -0.549642 2.26366e-17
-25.3932 -0.611466 2.51828e-17
-25.0691 -0.676459 2.78595e-17
-24.7253 -0.744306 3.06538e-17
-24.3639 -0.814632 3.35501e-17
-23.9875 -0.887013 3.65311e-17
-23.5989 -0.960987 3.95776e-17
-23.2007 -1.03609 4.26706e-17
-22.7961 -1.1118 4.57889e-17
-22.3886 -1.18756 4.89088e-17
-21.9818 -1.26274 5.2005e-17
-21.5794 -1.33674 5.50526e-17
-21.1846 -1.40901 5.80291e-17
-20.8004 -1.47909 6.09152e-17
-20.429 -1.54657 6.36943e-17
-20.0727 -1.61106 6.63506e-17
-19.7335 -1.67225 6.88706e-17
-19.4127 -1.72988 7.12441e-17
-19.1115 -1.78376 7.34631e-17
-18.8306 -1.83373 7.5521e-17
-18.5708 -1.87966 7.74126e-17
-18.3323 -1.92148 7.9135e-17
-18.1152 -1.95916 8.06869e-17
-17.9194 -1.9927 8.20681e-17
-17.7448 -2.02209 8.32784e-17
-17.5915 -2.04729 8.43163e-17
-17.4598 -2.06826 8.51799e-17
-17.3496 -2.08498 8.58685e-17
-17.261 -2.09743 8.63812e-17
-17.1943 -2.10555 8.67157e-17
-17.1497 -2.10929 8.68699e-17
-17.1275 -2.10862 8.6842e-17
-17.1278 -2.1035 8.6631e-17
-17.1508 -2.09391 8.62365e-17
-17.1963 -2.07988 8.56583e-17
-17.2644 -2.06139 8.48971e-17
-17.355 -2.03849 8.39537e-17
-17.4678 -2.01112 8.28267e-17
-17.6028 -1.97939 8.15197e-17
-17.7598 -1.94335 8.00357e-17
-17.9384 -1.90308 7.83771e-17
-18.138 -1.85872 7.655e-17
-18.3576 -1.81041 7.45607e-17
-18.5964 -1.75836 7.24168e-17
-18.8533 -1.70273 7.0126e-17
-19.1268 -1.6438 6.76988e-17
-19.4157 -1.58182 6.51462e-17
-19.7183 -1.51708 6.24799e-17
-20.033 -1.44988 5.97125e-17
-20.3575 -1.38062 5.686e-17
-20.6896 -1.3097 5.39393e-17
-21.027 -1.23755 5.09675e-17
-21.3677 -1.16449 4.79589e-17
-21.7107 -1.09076 4.49224e-17
-22.054 -1.01651 4.18644e-17
-22.3981 -0.94186 3.87899e-17
-22.7434 -0.866891 3.57023e-17
-23.0898 -0.791589 3.26011e-17
-23.4384 -0.715877 2.94829e-17
-23.7898 -0.639686 2.6345e-17
-24.1443 -0.562943 2.31844e-17
-24.5026 -0.485624 2.00001e-17
-24.8656 -0.407705 1.67911e-17
-25.2333 -0.32917 1.35566e-17
-25.6061 -0.250066 1.02988e-17
-25.9827 -0.170578 7.02516e-18
-26.3622 -0.0909581 3.74605e-18
-26.7431 -0.011455 4.71768e-19
-27.1239 0.0676544 -2.7863e-18
-27.5029 0.146032 -6.01422e-18
-27.8781 0.223315 -9.19708e-18
-28.2474 0.299156 -1.23205e-17
-28.6094 0.37325 -1.5372e-17
-28.9626 0.445362 -1.83419e-17
-29.3063 0.515308 -2.12226e-17
-29.6397 0.582923 -2.40073e-17
-29.9623 0.648099 -2.66915e-17
-30.2741 0.710809 -2.92742e-17
-30.5679 0.770411 -3.17289e-17
-30.8496 0.827415 -3.40765e-17
-31.1238 0.882228 -3.6334e-17
-31.3875 0.93456 -3.84892e-17
-31.6428 0.984531 -4.05472e-17
-31.8883 1.032 -4.25021e-17
-32.1245 1.07697 -4.43543e-17
-32.3504 1.11928 -4.60969e-17
-32.566 1.15885 -4.77265e-17
-32.7705 1.19553 -4.92373e-17
-32.9636 1.22925 -5.06259e-17
-33.1448 1.25992 -5.18889e-17
-33.3142 1.28749 -5.30244e-17
-33.4715 1.31191 -5.40303e-17
-33.6168 1.33317 -5.49057e-17
-33.7499 1.35123 -5.56496e-17
-33.8709 1.36609 -5.62613e-17
-33.9798 1.37772 -5.67406e-17
-34.0764 1.38611 -5.70859e-17
-34.1602 1.39114 -5.72933e-17
-34.2304 1.3927 -5.73575e-17
-34.2861 1.39066 -5.72734e-17
-34.3266 1.38489 -5.70358e-17
-34.351 1.37526 -5.66392e-17
-34.3583 1.36163 -5.60778e-17
-34.3476 1.34386 -5.53462e-17
-34.3181 1.32189 -5.44411e-17
-34.2699 1.29572 -5.33635e-17
-34.2033 1.26545 -5.21168e-17
-34.1186 1.23116 -5.07044e-17
-34.0164 1.19298 -4.91322e-17
-33.898 1.15118 -4.74106e-17
-33.7651 1.10607 -4.55526e-17
-33.6191 1.05804 -4.35749e-17
-33.4617 1.00737 -4.14878e-17
-33.295 0.954356 -3.93045e-17
-33.1208 0.899419 -3.7042e-17
-32.941 0.842893 -3.4714e-17
-32.7572 0.785114 -3.23344e-17
-32.5702 0.726296 -2.9912e-17
-32.3788 0.666606 -2.74537e-17
-32.1841 0.60624 -2.49676e-17
-31.9883 0.545342 -2.24595e-17
-31.7909 0.483998 -1.99332e-17
-31.5922 0.422291 -1.73918e-17
-31.3919 0.360268 -1.48374e-17
-31.1898 0.297962 -1.22714e-17
-30.9848 0.235287 -9.69012e-18
-30.7756 0.172127 -7.08892e-18
-30.5611 0.108357 -4.46263e-18
-30.3402 0.0438707 -1.80679e-18
-30.1115 -0.0214563 8.83664e-19
-29.8738 -0.0877505 3.61394e-18
-29.6261 -0.1551 6.38769e-18
-29.3681 -0.223521 9.20555e-18
-29.0996 -0.29296 1.20654e-17
-28.8211 -0.36329 1.49618e-17
-28.533 -0.434366 1.78891e-17
-28.2365 -0.50598 2.08384e-17
-27.9332 -0.577811 2.37967e-17
-27.6252 -0.649478 2.67483e-17
-27.3147 -0.720588 2.96769e-17
-26.9995 -0.791116 3.25816e-17
-26.6859 -0.860291 3.54305e-17
-26.3789 -0.927431 3.81956e-17
-26.0796 -0.992201 4.08632e-17
-25.792 -1.05406 4.34107e-17
-25.5171 -1.11272 4.58266e-17
-25.2574 -1.16782 4.80959e-17
-25.0142 -1.21911 5.02083e-17
-24.789 -1.26635 5.21539e-17
-24.582 -1.30947 5.39296e-17
-24.3934 -1.34843 5.55342e-17
-24.223 -1.38326 5.69685e-17
-24.0706 -1.41396 5.82329e-17
-23.9362 -1.44054 5.93277e-17
-23.8196 -1.46301 6.02533e-17
-23.7205 -1.48141 6.10111e-17
-23.6386 -1.49581 6.16037e-17
-23.5732 -1.50628 6.2035e-17
-23.5236 -1.51294 6.23094e-17
-23.4891 -1.51594 6.24328e-17
-23.4686 -1.5154 6.24107e-17
-23.4617 -1.51143 6.2247e-17
-23.4679 -1.5041 6.19455e-17
-23.4866 -1.49354 6.15106e-17
-23.5173 -1.47982 6.09452e-17
-23.5602 -1.46291 6.02491e-17
-23.6157 -1.44279 5.94203e-17
-23.6841 -1.41941 5.84575e-17
-23.7659 -1.39274 5.7359e-17
-23.8617 -1.36268 5.61211e-17
-23.9724 -1.32914 5.47396e-17
-24.0987 -1.29202 5.32109e-17
-24.2413 -1.25126 5.15323e-17
-24.4004 -1.20683 4.97024e-17
-24.5766 -1.15871 4.77207e-17
-24.77 -1.10691 4.55875e-17
-24.9803 -1.05151 4.33056e-17
-25.2068 -0.99268 4.08829e-17
-25.4481 -0.930691 3.83299e-17
-25.7029 -0.865806 3.56577e-17
-25.9695 -0.798317 3.28782e-17
-26.2465 -0.728544 3.00046e-17
-26.532 -0.656827 2.7051e-17
-26.8241 -0.583509 2.40314e-17
-27.1168 -0.50933 2.09764e-17
-27.4105 -0.434485 1.7894e-17
-27.7049 -0.359239 1.4795e-17
-27.9961 -0.284193 1.17043e-17
-28.2825 -0.209682 8.6356e-18
-28.5616 -0.136163 5.60779e-18
-28.8319 -0.0639746 2.63475e-18
-29.0912 0.00649896 -2.67655e-19
-29.3382 0.074928 -3.08586e-18
-29.5709 0.140967 -5.80565e-18
-29.7879 0.204304 -8.41412e-18
-29.9855 0.264602 -1.08974e-17
-30.1633 0.321612 -1.32454e-17
-30.3214 0.375166 -1.54509e-17
-30.4578 0.424895 -1.7499e-17
-30.5722 0.470527 -1.93783e-17
-30.6632 0.511873 -2.10811e-17
-30.73 0.548684 -2.25972e-17
-30.7716 0.580782 -2.39191e-17
-30.7872 0.607961 -2.50385e-17
-30.7762 0.630074 -2.59492e-17
-30.7379 0.646983 -2.66455e-17
-30.6721 0.658591 -2.71236e-17
-30.5785 0.664808 -2.73797e-17
-30.4566 0.665522 -2.74091e-17
-30.3055 0.660571 -2.72052e-17
-30.1245 0.649777 -2.67606e-17
-29.9126 0.632973 -2.60686e-17
-29.669 0.609975 -2.51214e-17
-29.3921 0.58054 -2.39092e-17
-29.0805 0.544409 -2.24211e-17
-28.7329 0.501346 -2.06476e-17
-28.348 0.451133 -1.85796e-17
-27.9196 0.393144 -1.61914e-17
-27.446 0.327126 -1.34725e-17
-26.9309 0.253332 -1.04333e-17
-26.3735 0.17164 -7.06888e-18
-25.7731 0.0819318 -3.37431e-18
-25.1291 -0.0158606 6.53208e-19
-24.4413 -0.121786 5.01569e-18
-23.7094 -0.235861 9.71377e-18
-22.9333 -0.358095 1.47479e-17
-22.1131 -0.488472 2.01174e-17
-21.2487 -0.626947 2.58204e-17
-20.3407 -0.773442 3.18537e-17
-19.3894 -0.927849 3.82128e-17
-18.3957 -1.09003 4.48921e-17
-17.3604 -1.25982 5.18847e-17
-16.285 -1.43691 5.91784e-17
-15.1727 -1.62078 6.67507e-17
-14.0276 -1.81074 7.45739e-17
-12.8537 -2.0061 8.26199e-17
-11.6556 -2.20609 9.08564e-17
-10.439 -2.40974 9.92434e-17
-9.21025 -2.61597 1.07737e-16
-7.97558 -2.82376 1.16295e-16
-6.74148 -3.032 1.24871e-16
-5.51536 -3.23945 1.33415e-16
-4.30495 -3.4448 1.41872e-16
-3.11757 -3.64681 1.50192e-16
-1.95998 -3.84434 1.58327e-16
-0.838164 -4.03634 1.66234e-16
0.242522 -4.22187 1.73875e-16
1.27724 -4.40007 1.81214e-16
2.2622 -4.57024 1.88222e-16
3.19521 -4.73194 1.94882e-16
4.07511 -4.88487 2.0118e-16
4.90124 -5.02884 2.07109e-16
5.67422 -5.16382 2.12669e-16
6.39679 -5.29017 2.17872e-16
7.07295 -5.4084 2.22741e-16
7.70689 -5.51908 2.273e-16
8.30311 -5.62283 2.31573e-16
8.86632 -5.72031 2.35587e-16
9.40137 -5.81219 2.39371e-16
9.91345 -5.89915 2.42953e-16
10.4067 -5.98183 2.46358e-16
10.8847 -6.06075 2.49608e-16
11.3509 -6.13637 2.52722e-16
11.8081 -6.20912 2.55719e-16
12.2588 -6.27931 2.58609e-16
12.7039 -6.34705 2.61399e-16
13.1436 -6.41236 2.64089e-16
13.5777 -6.47518 2.66676e-16
14.0057 -6.5354 2.69156e-16
14.426 -6.59277 2.71519e-16
14.8367 -6.64699 2.73752e-16
15.2355 -6.6977 2.7584e-16
15.6198 -6.74449 2.77768e-16
15.9865 -6.78691 2.79514e-16
16.3321 -6.82442 2.81059e-16
16.6531 -6.85651 2.82381e-16
16.946 -6.88264 2.83457e-16
17.2074 -6.90234 2.84268e-16
17.4346 -6.91514 2.84795e-16
17.6241 -6.92057 2.85019e-16
17.7727 -6.91824 2.84923e-16
17.878 -6.90778 2.84492e-16
17.9377 -6.88892 2.83715e-16
17.9498 -6.86138 2.82581e-16
17.9123 -6.82494 2.81081e-16
17.8241 -6.77947 2.79208e-16
17.6839 -6.72485 2.76959e-16
17.4911 -6.66104 2.74331e-16
17.2448 -6.58798 2.71322e-16
16.944 -6.50558 2.67928e-16
16.5874 -6.41372 2.64145e-16
16.1744 -6.31236 2.5997e-16
15.7042 -6.20147 2.55403e-16
15.1762 -6.08102 2.50443e-16
14.5898 -5.95101 2.45088e-16
13.9449 -5.81148 2.39342e-16
13.2419 -5.66256 2.33209e-16
12.4822 -5.50458 2.26702e-16
11.668 -5.33796 2.1984e-16
10.8016 -5.16316 2.12641e-16
9.88591 -4.98072 2.05128e-16
8.9251 -4.79139 1.9733e-16
7.9239 -4.59602 1.89284e-16
6.88699 -4.39545 1.81024e-16
5.82012 -4.19068 1.72591e-16
4.73118 -3.98309 1.64041e-16
3.62906 -3.77418 1.55437e-16
2.52235 -3.56544 1.4684e-16
1.41992 -3.35839 1.38313e-16
0.331477 -3.15469 1.29924e-16
-0.733072 -2.95604 1.21743e-16
-1.76433 -2.76407 1.13836e-16
-2.75322 -2.58032 1.06269e-16
-3.69077 -2.40638 9.9105e-17
-4.5684 -2.24371 9.24058e-17
-5.37816 -2.09373 8.62287e-17
-6.11309 -1.95765 8.06243e-17
-6.76762 -1.83648 7.56343e-17
-7.33719 -1.73108 7.12935e-17
-7.81784 -1.64219 6.76325e-17
-8.2068 -1.57035 6.46739e-17
-8.5031 -1.51582 6.24282e-17
-8.70692 -1.47868 6.08984e-17
-8.81882 -1.45891 6.00841e-17
-8.84057 -1.45631 5.9977e-17
-8.77591 -1.47035 6.05552e-17
-8.62968 -1.50031 6.17894e-17
-8.40679 -1.54547 6.36491e-17
-8.11253 -1.605 6.61007e-17
-7.75294 -1.67796 6.91055e-17
-7.33429 -1.76336 7.26226e-17
-6.86259 -1.86022 7.6612e-17
-6.34374 -1.96759 8.1034e-17
-5.78359 -2.0845 8.58486e-17
-5.18773 -2.20998 9.10167e-17
-4.56132 -2.34317 9.65018e-17
-3.90889 -2.48324 1.0227e-16
-3.23422 -2.62949 1.08294e-16
-2.54047 -2.78132 1.14547e-16
-1.83028 -2.93816 1.21006e-16
-1.10559 -3.09959 1.27654e-16
-0.367385 -3.26527 1.34478e-16
0.384011 -3.43501 1.41469e-16
1.14863 -3.60864 1.48619e-16
1.92689 -3.78605 1.55926e-16
2.71966 -3.96718 1.63386e-16
3.52808 -4.15204 1.70999e-16
4.3534 -4.34063 1.78766e-16
5.1965 -4.5329 1.86684e-16
6.05749 -4.72865 1.94746e-16
6.93595 -4.92764 2.02942e-16
7.83139 -5.1296 2.11259e-16
8.74231 -5.33407 2.1968e-16
9.6653 -5.54035 2.28176e-16
10.5958 -5.74753 2.36708e-16
11.5293 -5.95469 2.4524e-16
12.4603 -6.16078 2.53728e-16
13.3818 -6.36455 2.6212e-16
14.2862 -6.56461 2.70359e-16
15.1659 -6.75958 2.78389e-16
16.0147 -6.94805 2.86151e-16
16.8235 -7.12862 2.93587e-16
17.5835 -7.2999 3.00642e-16
18.2878 -7.46053 3.07257e-16
18.9318 -7.60928 3.13383e-16
19.5074 -7.74498 3.18972e-16
20.0068 -7.86665 3.23983e-16
20.4264 -7.97334 3.28377e-16
20.761 -8.06424 3.3212e-16
21.0079 -8.13876 3.35189e-16
21.1643 -8.1964 3.37563e-16
21.2288 -8.23679 3.39227e-16
21.2004 -8.25973 3.40171e-16
21.0805 -8.26532 3.40402e-16
20.8715 -8.25387 3.3993e-16
20.5763 -8.22575 3.38772e-16
20.1982 -8.18143 3.36947e-16
19.7416 -8.12156 3.34481e-16
19.2113 -8.04684 3.31404e-16
18.6125 -7.95804 3.27746e-16
17.9502 -7.85594 3.23542e-16
17.23 -7.74139 3.18824e-16
16.4573 -7.61524 3.13629e-16
15.6374 -7.47833 3.0799e-16
14.775 -7.33141 3.01939e-16
13.8737 -7.17508 2.95501e-16
12.9362 -7.00979 2.88693e-16
11.9648 -6.83596 2.81535e-16
10.9617 -6.65397 2.74039e-16
9.92776 -6.46405 2.66217e-16
8.86365 -6.26636 2.58076e-16
7.76951 -6.06102 2.49619e-16
6.64523 -5.84811 2.40851e-16
5.4907 -5.62771 2.31773e-16
4.30534 -5.39985 2.22389e-16
3.08825 -5.16455 2.12699e-16
1.83862 -4.92181 2.02701e-16
0.555825 -4.67169 1.924e-16
-0.757136 -4.41432 1.81801e-16
-2.10347 -4.1497 1.70903e-16
-3.48563 -3.8779 1.59709e-16
-4.90255 -3.59912 1.48227e-16
-6.35319 -3.31352 1.36465e-16
-7.8384 -3.02134 1.24432e-16
-9.36 -2.72271 1.12133e-16
-10.9183 -2.41766 9.95697e-17
-12.5155 -2.10617 8.67411e-17
-14.1526 -1.78823 7.36469e-17
-15.8317 -1.4638 6.02856e-17
-17.5544 -1.13282 4.66546e-17
-19.3228 -0.795229 3.2751e-17
-21.1383 -0.450988 1.85737e-17
-23.0021 -0.100144 4.12435e-18
-24.9148 0.257163 -1.05911e-17
-26.8763 0.620706 -2.55634e-17
-28.8367 0.985908 -4.06039e-17
-30.8265 1.35515 -5.5811e-17
-32.8724 1.73044 -7.12671e-17
-34.9552 2.10972 -8.68874e-17
-37.0836 2.4934 -1.02689e-16
-39.2466 2.88008 -1.18614e-16
-41.445 3.26935 -1.34646e-16
-43.6701 3.6599 -1.5073e-16
-45.9186 4.0509 -1.66833e-16
-48.1828 4.44107 -1.82903e-16
-50.457 4.82932 -1.98892e-16
-52.7332 5.21427 -2.14746e-16
-55.0044 5.5947 -2.30414e-16
-57.2627 5.96924 -2.45839e-16
-59.5005 6.33659 -2.60968e-16
-61.7097 6.6954 -2.75745e-16
-63.8829 7.04438 -2.90118e-16
-66.0123 7.38228 -3.04034e-16
-68.0915 7.708 -3.17449e-16
-70.114 8.02051 -3.30319e-16
-72.0739 8.31908 -3.42616e-16
-73.9654 8.60266 -3.54295e-16
-75.7844 8.8704 -3.65321e-16
-77.5266 9.12174 -3.75673e-16
-79.1884 9.35606 -3.85323e-16
-80.7668 9.57296 -3.94256e-16
-82.259 9.77197 -4.02452e-16
-83.6629 9.95285 -4.09901e-16
-84.977 10.1153 -4.16594e-16
-86.2009 10.2595 -4.2253e-16
-87.3355 10.3855 -4.27721e-16
-88.3835 10.4939 -4.32185e-16
-89.3478 10.5853 -4.35947e-16
-90.2323 10.6603 -4.39036e-16
-91.0424 10.7199 -4.41493e-16
-91.7843 10.7653 -4.43363e-16
-92.4648 10.7977 -4.44694e-16
-93.0902 10.8181 -4.45535e-16
-93.6665 10.8276 -4.45929e-16
-94.1989 10.8274 -4.45918e-16
-94.6866 10.8182 -4.4554e-16
-95.1392 10.8012 -4.44839e-16
-95.5639 10.7772 -4.43851e-16
-95.9601 10.7469 -4.42604e-16
-96.3347 10.7111 -4.41131e-16
-96.6905 10.6705 -4.39458e-16
-97.0303 10.6256 -4.37609e-16
-97.3557 10.5769 -4.35602e-16
-97.6687 10.5249 -4.33459e-16
-97.9707 10.4699 -4.31195e-16
-98.2619 10.4122 -4.2882e-16
-98.542 10.352 -4.26339e-16
-98.8105 10.2893 -4.23758e-16
-99.0673 10.2243 -4.21083e-16
-99.3119 10.1572 -4.18319e-16
-99.5439 10.0881 -4.1547e-16
-99.7629 10.017 -4.12544e-16
-99.9687 9.94419 -4.09545e-16
-100.16 9.86965 -4.06475e-16
-100.337 9.79341 -4.03335e-16
-100.498 9.71554 -4.00128e-16
-100.643 9.63609 -3.96856e-16
-100.77 9.55504 -3.93518e-16
-100.879 9.47236 -3.90113e-16
-100.968 9.38807 -3.86642e-16
-101.037 9.30218 -3.83104e-16
-101.084 9.21467 -3.795e-16
-101.11 9.12552 -3.75828e-16
-101.113 9.03475 -3.7209e-16
-101.093 8.94238 -3.68286e-16
-101.049 8.84854 -3.64421e-16
-100.956 8.75383 -3.60521e-16
-100.8 8.65846 -3.56593e-16
-100.611 8.56219 -3.52628e-16
-100.404 8.46543 -3.48643e-16
-100.136 8.36873 -3.44661e-16
-99.8195 8.27262 -3.40702e-16
-99.5038 8.17776 -3.36796e-16
-99.191 8.08536 -3.3299e-16
-98.8894 7.99667 -3.29338e-16
-98.6058 7.91274 -3.25881e-16
-98.3467 7.83469 -3.22666e-16
-98.1192 7.76363 -3.1974e-16
-97.9301 7.70069 -3.17148e-16
-97.786 7.64671 -3.14924e-16
-97.6468 7.60468 -3.13194e-16
-97.514 7.575 -3.11971e-16
-97.442 7.5562 -3.11197e-16
-97.4425 7.54968 -3.10928e-16
-97.5165 7.55572 -3.11177e-16
-97.6681 7.57486 -3.11966e-16
-97.898 7.60735 -3.13304e-16
-98.207 7.65333 -3.15197e-16
-98.5949 7.71285 -3.17648e-16
-99.0633 7.78604 -3.20663e-16
-99.611 7.8728 -3.24236e-16
-100.236 7.9729 -3.28359e-16
-100.937 8.08606 -3.33019e-16
-101.71 8.21196 -3.38204e-16
-102.547 8.35013 -3.43895e-16
-103.439 8.50014 -3.50072e-16
-104.382 8.66181 -3.56731e-16
-105.371 8.83471 -3.63851e-16
-106.401 9.01819 -3.71408e-16
-107.47 9.21172 -3.79379e-16
-108.547 9.41291 -3.87665e-16
-109.602 9.61707 -6.79027e-16
-110.675 9.82702 -6.87922e-16
-111.777 10.0448 -6.97151e-16
-112.9 10.2698 -7.06687e-16
-114.041 10.5018 -7.16517e-16
-115.149 10.7306 -7.12894e-16
-116.26 10.9588 -5.61312e-16
-117.404 11.1927 -8.90054e-16
-118.558 11.4309 -8.29119e-16
-119.723 11.6732 -9.05443e-16
-120.901 11.92 -7.98513e-16
-122.089 12.1709 -5.89004e-16
-123.208 12.4118 -6.16347e-16
-124.335 12.6493 -3.29981e-16
-125.477 12.8871 6.56681e-15
-126.632 13.1268 -6.83079e-16
-127.653 13.357 -9.39644e-16
-128.456 13.5709 7.23973e-13
-129.193 13.781 -4.39308e-16
-129.903 13.9865 -1.35386e-15
-130.545 14.1777 -1.01142e-15
-131.238 14.369 -1.04184e-15
-131.923 14.5498 -9.51185e-16
-132.602 14.7312 9.38235e-14
-133.272 14.91 -1.36582e-14
-133.945 15.0873 2.63889e-15
-134.62 15.2633 -5.80511e-16
-135.288 15.4293 -8.82697e-16
-135.877 15.5703 -8.9051e-15
-136.394 15.6982 3.59032e-15
-136.953 15.8238 -5.32838e-15
-137.505 15.9468 -3.73379e-12
-138.047 16.0669 1.28227e-14
-138.579 16.1838 4.22595e-16
-139.101 16.2975 1.12469e-16
-139.607 16.4073 9.29863e-17
-140.094 16.5129 -1.41335e-12
-140.562 16.6141 1.60646e-14
-141.005 16.7103 7.17404e-16
-141.431 16.7933 3.26875e-15
-141.811 16.8664 1.66837e-15
-142.15 16.9353 3.72333e-15
-142.459 16.9992 7.97928e-13
-142.735 17.0579 -6.47297e-14
-142.914 17.1026 6.59444e-15
-143.115 17.1439 7.42656e-15
-143.281 17.1805 6.59939e-15
-143.415 17.2124 7.64386e-15
-143.511 17.2395 3.96078e-15
-143.555 17.2607 1.95001e-14
-143.54 17.2757 7.10933e-15
-143.45 17.2815 7.31926e-15
-143.265 17.2718 6.84092e-15
-142.998 17.2452 6.84199e-15
-142.647 17.2017 6.84374e-15
-142.212 17.1417 6.84614e-15
-141.695 17.0653 6.84921e-15
-141.098 16.9728 6.85292e-15
-140.424 16.8647 6.85726e-15
-139.675 16.7414 6.8622e-15
-138.853 16.6032 6.86774e-15
-137.962 16.4508 6.87386e-15
-137.005 16.2844 6.88053e-15
-135.983 16.1047 6.88774e-15
-134.902 15.9121 6.89546e-15
-133.764 15.7075 6.90367e-15
-132.572 15.4914 6.91233e-15
-131.332 15.2645 6.92143e-15
-130.046 15.0274 6.93094e-15
-128.718 14.7809 6.94083e-15
-127.35 14.5254 6.95108e-15
-125.947 14.2616 6.96165e-15
-124.51 13.99 6.97254e-15
-123.042 13.7113 6.98372e-15
-121.546 13.4259 6.99517e-15
-120.023 13.1342 7.00687e-15
-118.474 12.8367 7.0188e-15
-116.901 12.5337 7.03095e-15
-115.304 12.2256 7.04331e-15
-113.685 11.9125 7.05587e-15
-112.042 11.5948 7.06861e-15
-110.377 11.2728 7.08152e-15
-108.689 10.9466 7.09461e-15
-106.978 10.6164 7.10785e-15
-105.245 10.2825 7.12124e-15
-103.488 9.94511 7.13477e-15
-101.709 9.60441 7.14844e-15
-99.9063 9.26064 7.16222e-15
-98.0809 8.91404 7.17612e-15
-96.2326 8.56481 7.19013e-15
-94.3618 8.21324 7.20423e-15
-92.4691 7.85965 7.21841e-15
-90.5554 7.50436 7.23266e-15
-88.622 7.14779 7.24696e-15
-86.6707 6.79038 7.26129e-15
-84.7034 6.43262 7.27564e-15
-82.7224 6.07503 7.28998e-15
-80.7303 5.71816 7.30429e-15
-78.7301 5.36263 7.31855e-15
-76.7255 5.00913 7.33273e-15
-74.7209 4.65851 7.34679e-15
-72.7214 4.31166 7.3607e-15
-70.7326 3.96955 7.37442e-15
-68.7596 3.63307 7.38791e-15
-66.8073 3.30304 7.40115e-15
-64.8798 2.98018 7.4141e-15
-62.9817 2.66523 7.42673e-15
-61.1176 2.35898 7.43901e-15
-59.293 2.06231 7.45091e-15
-57.5136 1.77616 7.46238e-15
-55.7847 1.50138 7.47341e-15
-54.1115 1.23877 7.48394e-15
-52.4981 0.988992 7.49396e-15
-50.948 0.752591 7.50344e-15
-49.4643 0.530037 7.51237e-15
-48.0499 0.321754 7.52072e-15
-46.7075 0.128177 7.52849e-15
-45.4397 -0.0503144 7.53565e-15
-44.2484 -0.213449 7.5422e-15
-43.1344 -0.361139 7.54812e-15
-42.0969 -0.493543 7.55344e-15
-41.1339 -0.611007 7.55815e-15
-40.2429 -0.713987 7.56229e-15
-39.4206 -0.803048 7.56587e-15
-38.663 -0.878863 7.56891e-15
-37.9655 -0.942201 7.57146e-15
-37.3232 -0.993916 7.57354e-15
-36.7303 -1.03496 7.5752e-15
-36.1806 -1.06641 7.57646e-15
-35.6672 -1.0894 7.57739e-15
-35.1831 -1.10512 7.57803e-15
-34.7211 -1.1148 7.57843e-15
-34.2739 -1.11968 7.57863e-15
-33.834 -1.12102 7.5787e-15
-33.3943 -1.12007 7.57867e-15
-32.9477 -1.11805 7.5786e-15
-32.4878 -1.11607 7.57853e-15
-32.0086 -1.11522 7.5785e-15
-31.5046 -1.11651 7.57856e-15
-30.9704 -1.12089 7.57875e-15
-30.4018 -1.1292 7.57909e-15
-29.7949 -1.14217 7.57962e-15
-29.1465 -1.16049 7.58036e-15
-28.4448 -1.18552 7.58137e-15
-27.6861 -1.21785 7.58268e-15
-26.8801 -1.25682 7.58425e-15
-26.0275 -1.30261 7.58609e-15
-25.1269 -1.35549 7.58822e-15
-24.178 -1.41575 7.59065e-15
-23.1795 -1.48375 7.59338e-15
-22.1234 -1.55983 7.59644e-15
-21.0144 -1.64396 7.59983e-15
-19.8555 -1.73603 7.60353e-15
-18.6435 -1.83645 7.60756e-15
-17.3836 -1.94533 7.61194e-15
-16.0739 -2.06277 7.61666e-15
-14.7163 -2.18883 7.62172e-15
-13.3117 -2.3235 7.62713e-15
-11.8601 -2.46693 7.63289e-15
-10.3619 -2.61915 7.63901e-15
-8.81809 -2.78016 7.64547e-15
-7.22952 -2.94993 7.65229e-15
-5.597 -3.12842 7.65946e-15
-3.92108 -3.31564 7.66698e-15
-2.20215 -3.51162 7.67484e-15
-0.440336 -3.71641 7.68307e-15
1.36442 -3.93007 7.69165e-15
3.21181 -4.15261 7.70058e-15
5.10049 -4.38386 7.70986e-15
7.02866 -4.62356 7.71949e-15
8.99473 -4.87147 7.72944e-15
10.9969 -5.12732 7.73971e-15
13.0323 -5.39071 7.75028e-15
15.0973 -5.66115 7.76114e-15
17.1901 -5.9383 7.77226e-15
19.309 -6.22181 7.78364e-15
21.4509 -6.51108 7.79525e-15
23.612 -6.80546 7.80707e-15
25.7884 -7.10432 7.81907e-15
27.97