-3.0153 0.00526285 -2.16747e-19
-6.03062 0.0105265 -4.33529e-19
-9.04596 0.0157911 -6.50346e-19
-12.0613 0.0210565 -8.67198e-19
-15.0767 0.0263227 -1.08408e-18
-18.0921 0.0315898 -1.30101e-18
-21.1075 0.0368578 -1.51796e-18
-24.123 0.0421266 -1.73495e-18
-27.1384 0.0473962 -1.95198e-18
-30.1539 0.0526667 -2.16904e-18
-30.1543 0.0526892 -2.16997e-18
-30.1559 0.0527798 -2.1737e-18
-30.1591 0.0529603 -2.18114e-18
-30.1638 0.0532279 -2.19215e-18
-30.1698 0.0535662 -2.20609e-18
-30.1763 0.0539336 -2.22122e-18
-30.1824 0.0542752 -2.23529e-18
-30.187 0.0545366 -2.24605e-18
-30.1891 0.0546607 -2.25116e-18
-30.1877 0.0545843 -2.24802e-18
-30.1815 0.0542424 -2.23394e-18
-30.1695 0.053572 -2.20633e-18
-30.1507 0.0525233 -2.16314e-18
-30.1248 0.05107 -2.10328e-18
-30.0914 0.0491998 -2.02626e-18
-30.0506 0.0469033 -1.93168e-18
-30.0026 0.0442015 -1.82041e-18
-29.949 0.0411746 -1.69575e-18
-29.8917 0.0379333 -1.56226e-18
-29.8328 0.034589 -1.42453e-18
-29.7744 0.0312619 -1.2875e-18
-29.7191 0.0280902 -1.15688e-18
-29.6694 0.0252197 -1.03866e-18
-29.6279 0.022792 -9.38675e-19
-29.5968 0.0209246 -8.61764e-19
-29.5771 0.0196894 -8.10893e-19
-29.5699 0.0191321 -7.87941e-19
-29.5757 0.019292 -7.94527e-19
-29.595 0.020191 -8.31553e-19
-29.6274 0.021822 -8.98723e-19
-29.6725 0.02416 -9.95013e-19
-29.7298 0.0271749 -1.11918e-18
-29.7983 0.0308289 -1.26967e-18
-29.8773 0.0350749 -1.44454e-18
-29.9656 0.039859 -1.64157e-18
-30.0622 0.0451251 -1.85845e-18
-30.166 0.0508198 -2.09298e-18
-30.2761 0.0568989 -2.34334e-18
-30.3917 0.063323 -2.60791e-18
-30.5121 0.0700525 -2.88507e-18
-30.6364 0.0770532 -3.17339e-18
-30.7644 0.0843019 -3.47192e-18
-30.8955 0.0917817 -3.77997e-18
-31.0294 0.0994774 -4.09691e-18
-31.1654 0.107347 -4.421e-18
-31.3016 0.115289 -4.74812e-18
-31.4357 0.123178 -5.07302e-18
-31.5656 0.130891 -5.39067e-18
-31.6892 0.138308 -5.69611e-18
-31.8041 0.145307 -5.98437e-18
-31.9086 0.151773 -6.25065e-18
-32.0005 0.157595 -6.49046e-18
-32.0784 0.162678 -6.69979e-18
-32.1407 0.166939 -6.87529e-18
-32.1865 0.170311 -7.01412e-18
-32.2148 0.172731 -7.11383e-18
-32.225 0.174169 -7.17304e-18
-32.2176 0.174637 -7.1923e-18
-32.1935 0.174174 -7.17324e-18
-32.1537 0.172827 -7.11776e-18
-32.0999 0.170684 -7.0295e-18
-32.0351 0.16791 -6.91526e-18
-31.9633 0.164711 -6.7835e-18
-31.8883 0.161291 -6.64268e-18
-31.8136 0.15784 -6.50054e-18
-31.7421 0.154511 -6.36345e-18
-31.6763 0.151438 -6.23688e-18
-31.6185 0.148747 -6.12604e-18
-31.5707 0.146544 -6.0353e-18
-31.5342 0.144898 -5.96754e-18
-31.5099 0.143859 -5.92475e-18
-31.4985 0.143464 -5.90848e-18
-31.4998 0.143709 -5.91855e-18
-31.5124 0.144509 -5.95151e-18
-31.5339 0.145738 -6.00213e-18
-31.5619 0.147262 -6.0649e-18
-31.5939 0.148955 -6.13463e-18
-31.6279 0.15071 -6.2069e-18
-31.6622 0.15243 -6.27771e-18
-31.6948 0.154015 -6.34301e-18
-31.7243 0.15539 -6.39965e-18
-31.7499 0.156523 -6.44629e-18
-31.7715 0.157404 -6.48259e-18
-31.7887 0.158028 -6.50829e-18
-31.8018 0.158414 -6.52418e-18
-31.812 0.158631 -6.53309e-18
-31.8209 0.158773 -6.53896e-18
-31.8301 0.158939 -6.54578e-18
-31.8409 0.159199 -6.55652e-18
-31.8537 0.159576 -6.57205e-18
-31.8683 0.160065 -6.59216e-18
-31.8846 0.16066 -6.61667e-18
-31.9025 0.161357 -6.64539e-18
-31.9219 0.162149 -6.678e-18
-31.9426 0.163027 -6.71416e-18
-31.9645 0.163984 -6.75356e-18
-31.9877 0.165025 -6.79646e-18
-32.0129 0.166186 -6.84426e-18
-32.0408 0.167513 -6.89891e-18
-32.0724 0.169054 -6.96236e-18
-32.1083 0.170846 -7.03619e-18
-32.1491 0.172912 -7.12128e-18
-32.1948 0.175263 -7.21811e-18
-32.2458 0.177909 -7.32707e-18
-32.3012 0.180809 -7.44652e-18
-32.3588 0.183827 -7.5708e-18
-32.415 0.186775 -7.6922e-18
-32.4667 0.189465 -7.803e-18
-32.5106 0.191714 -7.89561e-18
-32.5433 0.193339 -7.96254e-18
-32.5617 0.194164 -7.9965e-18
-32.5629 0.194017 -7.99045e-18
-32.5447 0.192787 -7.93981e-18
-32.5074 0.190481 -7.84485e-18
-32.4522 0.187169 -7.70844e-18
-32.3805 0.182926 -7.53369e-18
-32.2942 0.177861 -7.3251e-18
-32.1965 0.172149 -7.08986e-18
-32.0911 0.165998 -6.83653e-18
-31.9817 0.159616 -6.57368e-18
-31.8718 0.153193 -6.30914e-18
-31.7642 0.146883 -6.04928e-18
-31.6611 0.140821 -5.7996e-18
-31.5649 0.135135 -5.56543e-18
-31.4774 0.129926 -5.35093e-18
-31.3993 0.125244 -5.15809e-18
-31.331 0.121106 -4.98765e-18
-31.2726 0.117525 -4.84019e-18
-31.2242 0.114509 -4.71599e-18
-31.1857 0.11206 -4.6151e-18
-31.1569 0.110172 -4.53734e-18
-31.1376 0.108837 -4.4824e-18
-31.1273 0.108037 -4.44942e-18
-31.1252 0.107728 -4.43669e-18
-31.1303 0.107856 -4.44198e-18
-31.1414 0.108368 -4.46306e-18
-31.1578 0.109216 -4.49798e-18
-31.1786 0.110368 -4.54543e-18
-31.2035 0.111801 -4.60444e-18
-31.2321 0.113493 -4.67413e-18
-31.2637 0.115413 -4.7532e-18
-31.2975 0.117509 -4.83955e-18
-31.3324 0.119722 -4.93069e-18
-31.3673 0.121994 -5.02425e-18
-31.4016 0.124283 -5.11851e-18
-31.435 0.126572 -5.21279e-18
-31.4676 0.128862 -5.3071e-18
-31.4995 0.131155 -5.40154e-18
-31.5312 0.13347 -5.49685e-18
-31.5636 0.135853 -5.59501e-18
-31.5979 0.138368 -5.69861e-18
-31.6354 0.141078 -5.81022e-18
-31.6773 0.144044 -5.93236e-18
-31.7247 0.147324 -6.06744e-18
-31.7787 0.150973 -6.21772e-18
-31.8404 0.155042 -6.38529e-18
-31.9102 0.159552 -6.57106e-18
-31.9877 0.16447 -6.77358e-18
-32.0717 0.169728 -6.99012e-18
-32.161 0.175256 -7.21779e-18
-32.254 0.180964 -7.45286e-18
-32.3487 0.186726 -7.69021e-18
-32.4424 0.192401 -7.92389e-18
-32.5325 0.19784 -8.14792e-18
-32.617 0.202923 -8.35723e-18
-32.6943 0.20757 -8.54861e-18
-32.7635 0.211728 -8.71987e-18
-32.8237 0.215346 -8.86886e-18
-32.8743 0.218392 -8.99435e-18
-32.9155 0.220879 -9.09674e-18
-32.9478 0.222837 -9.17739e-18
-32.9718 0.224301 -9.23771e-18
-32.9882 0.225309 -9.27921e-18
-32.9975 0.225903 -9.30364e-18
-33.0007 0.226125 -9.31283e-18
-32.9984 0.226024 -9.30866e-18
-32.9911 0.225625 -9.29222e-18
-32.9784 0.22491 -9.26275e-18
-32.9596 0.223839 -9.21868e-18
-32.9339 0.222378 -9.15848e-18
-32.9011 0.220508 -9.08146e-18
-32.8615 0.218247 -8.98837e-18
-32.8156 0.215636 -8.88083e-18
-32.7642 0.212715 -8.76054e-18
-32.7081 0.209531 -8.62939e-18
-32.6482 0.206133 -8.48943e-18
-32.5854 0.202574 -8.34287e-18
-32.5208 0.19891 -8.19198e-18
-32.4552 0.195199 -8.03915e-18
-32.39 0.191503 -7.8869e-18
-32.3261 0.187883 -7.73785e-18
-32.2648 0.184405 -7.59461e-18
-32.2069 0.181118 -7.45922e-18
-32.1529 0.178043 -7.33256e-18
-32.1029 0.175186 -7.21491e-18
-32.057 0.172553 -7.10647e-18
-32.0153 0.17014 -7.00712e-18
-31.9774 0.167929 -6.91603e-18
-31.9427 0.165888 -6.83201e-18
-31.9108 0.16399 -6.75381e-18
-31.8811 0.16219 -6.6797e-18
-31.8522 0.160424 -6.60695e-18
-31.823 0.158612 -6.53234e-18
-31.7919 0.156677 -6.45264e-18
-31.7577 0.154541 -6.36467e-18
-31.719 0.152128 -6.26528e-18
-31.6746 0.149362 -6.15139e-18
-31.6231 0.146171 -6.01997e-18
-31.5641 0.142528 -5.86993e-18
-31.4988 0.1385 -5.70403e-18
-31.4293 0.134201 -5.527e-18
-31.3577 0.129747 -5.34353e-18
-31.2863 0.125265 -5.15896e-18
-31.2179 0.120916 -4.97986e-18
-31.1556 0.116874 -4.81338e-18
-31.1024 0.113306 -4.66642e-18
-31.0605 0.110331 -4.54391e-18
-31.0302 0.107979 -4.44704e-18
-31.0111 0.106227 -4.37489e-18
-31.0026 0.105047 -4.32631e-18
-31.0038 0.104385 -4.29901e-18
-31.0124 0.104135 -4.28872e-18
-31.0263 0.104168 -4.29007e-18
-31.0428 0.104351 -4.29763e-18
-31.0597 0.104562 -4.3063e-18
-31.0748 0.104693 -4.31172e-18
-31.0865 0.104652 -4.31002e-18
-31.0929 0.104346 -4.29743e-18
-31.0928 0.103711 -4.27126e-18
-31.0858 0.10273 -4.23089e-18
-31.072 0.101418 -4.17685e-18
-31.0518 0.0997928 -4.1099e-18
-31.0253 0.0978762 -4.03097e-18
-30.9931 0.0956947 -3.94112e-18
-30.9556 0.0932789 -3.84163e-18
-30.9135 0.0906639 -3.73393e-18
-30.8673 0.0878824 -3.61938e-18
-30.8174 0.0849561 -3.49886e-18
-30.7643 0.0819033 -3.37313e-18
-30.7082 0.0787464 -3.24312e-18
-30.6502 0.0755357 -3.11089e-18
-30.5921 0.0723748 -2.98071e-18
-30.5363 0.0693951 -2.85799e-18
-30.4853 0.0667285 -2.74817e-18
-30.4413 0.0645024 -2.65649e-18
-30.4067 0.0628352 -2.58782e-18
-30.3834 0.0618385 -2.54678e-18
-30.3733 0.0616201 -2.53778e-18
-30.3779 0.0622493 -2.5637e-18
-30.3972 0.0637219 -2.62434e-18
-30.4302 0.0659931 -2.71788e-18
-30.4763 0.0690133 -2.84227e-18
-30.5335 0.0726757 -2.9931e-18
-30.5979 0.0767615 -3.16137e-18
-30.6648 0.0809948 -3.33572e-18
-30.7291 0.0851003 -3.5048e-18
-30.7864 0.0888209 -3.65803e-18
-30.8327 0.0919349 -3.78628e-18
-30.8646 0.0942425 -3.88131e-18
-30.8785 0.0955511 -3.93521e-18
-30.8719 0.095708 -3.94167e-18
-30.8435 0.0946339 -3.89744e-18
-30.7926 0.0922919 -3.80098e-18
-30.7189 0.0886537 -3.65115e-18
-30.6232 0.0837566 -3.44946e-18
-30.5084 0.0777608 -3.20253e-18
-30.3787 0.0708924 -2.91966e-18
-30.2383 0.0633803 -2.61027e-18
-30.0917 0.0554659 -2.28432e-18
-29.9437 0.0474141 -1.95272e-18
-29.7993 0.0394986 -1.62672e-18
-29.6634 0.0319868 -1.31736e-18
-29.5403 0.0251172 -1.03444e-18
-29.4334 0.0190769 -7.85669e-19
-29.3455 0.0140199 -5.77399e-19
-29.279 0.0100877 -4.15454e-19
-29.2358 0.00738288 -3.04059e-19
-29.2166 0.00594216 -2.44724e-19
-29.221 0.00576172 -2.37293e-19
-29.2487 0.00682493 -2.8108e-19
-29.2988 0.00908802 -3.74284e-19
-29.3696 0.0124649 -5.13358e-19
-29.4589 0.0168438 -6.93701e-19
-29.5643 0.022105 -9.10381e-19
-29.6837 0.0281373 -1.15882e-18
-29.8154 0.0348545 -1.43546e-18
-29.9577 0.0421827 -1.73727e-18
-30.1091 0.0500456 -2.06109e-18
-30.2677 0.0583454 -2.40292e-18
-30.4308 0.0669433 -2.75702e-18
-30.5955 0.0756814 -3.11689e-18
-30.7587 0.0844055 -3.47619e-18
-30.918 0.0929784 -3.82925e-18
-31.0711 0.101292 -4.17163e-18
-31.2166 0.109256 -4.49964e-18
-31.3528 0.116792 -4.81e-18
-31.479 0.123857 -5.10098e-18
-31.5957 0.130479 -5.37369e-18
-31.704 0.136724 -5.63089e-18
-31.8053 0.142667 -5.87565e-18
-31.9011 0.148388 -6.11126e-18
-31.9929 0.153969 -6.34112e-18
-32.0823 0.159496 -6.56872e-18
-32.1711 0.165057 -6.79775e-18
-32.2604 0.170712 -7.03066e-18
-32.3502 0.176457 -7.26728e-18
-32.4401 0.182255 -7.50606e-18
-32.5295 0.18807 -7.74556e-18
-32.6168 0.19381 -7.98192e-18
-32.6985 0.199259 -8.20634e-18
-32.7697 0.204144 -8.40754e-18
-32.8258 0.208198 -8.57448e-18
-32.863 0.211198 -8.69805e-18
-32.879 0.213014 -8.77284e-18
-32.8726 0.213564 -8.79549e-18
-32.8425 0.212775 -8.76299e-18
-32.7888 0.210636 -8.67491e-18
-32.7135 0.207256 -8.5357e-18
-32.6198 0.202806 -8.35245e-18
-32.5109 0.197463 -8.13239e-18
-32.3905 0.191419 -7.88347e-18
-32.2627 0.1849 -7.61499e-18
-32.1319 0.178146 -7.33683e-18
-32.0023 0.171394 -7.05873e-18
-31.8777 0.164843 -6.78896e-18
-31.7604 0.158627 -6.53296e-18
-31.6521 0.152839 -6.29456e-18
-31.5544 0.147562 -6.07726e-18
-31.4678 0.142831 -5.8824e-18
-31.3911 0.138581 -5.70735e-18
-31.3221 0.134694 -5.54729e-18
-31.2587 0.13105 -5.39719e-18
-31.1982 0.127503 -5.25112e-18
-31.1373 0.123871 -5.10156e-18
-31.0722 0.119954 -4.94023e-18
-30.9993 0.115551 -4.75889e-18
-30.9155 0.110486 -4.5503e-18
-30.8182 0.10463 -4.30911e-18
-30.7057 0.0978796 -4.03111e-18
-30.5763 0.09014 -3.71236e-18
-30.4289 0.0813572 -3.35064e-18
-30.264 0.0715543 -2.94691e-18
-30.0828 0.0607974 -2.5039e-18
-29.8867 0.0491594 -2.0246e-18
-29.6772 0.0367259 -1.51253e-18
-29.4563 0.0236021 -9.72039e-19
-29.2262 0.00990414 -4.07895e-19
-28.9891 -0.00424991 1.7503e-19
-28.7468 -0.0187624 7.72716e-19
-28.5006 -0.033579 1.38293e-18
-28.2509 -0.0486699 2.00444e-18
-27.9984 -0.064007 2.63609e-18
-27.744 -0.0795457 3.27604e-18
-27.4893 -0.0952068 3.92103e-18
-27.2358 -0.110896 4.56718e-18
-26.9854 -0.126525 5.21085e-18
-26.74 -0.14198 5.84735e-18
-26.5027 -0.157089 6.46962e-18
-26.277 -0.171658 7.0696e-18
-26.0661 -0.1855 7.63968e-18
-25.873 -0.198446 8.17286e-18
-25.7003 -0.210342 8.66281e-18
-25.5504 -0.221052 9.10386e-18
-25.4252 -0.230452 9.491e-18
-25.3258 -0.238466 9.82104e-18
-25.2492 -0.245184 1.00978e-17
-25.1936 -0.250676 1.03239e-17
-25.1612 -0.254875 1.04969e-17
-25.1508 -0.257849 1.06194e-17
-25.1597 -0.259723 1.06965e-17
-25.1852 -0.260623 1.07336e-17
-25.2244 -0.260697 1.07366e-17
-25.2739 -0.260111 1.07125e-17
-25.3292 -0.259097 1.06707e-17
-25.3855 -0.257907 1.06217e-17
-25.4379 -0.256793 1.05759e-17
-25.4826 -0.255953 1.05413e-17
-25.5173 -0.255494 1.05223e-17
-25.541 -0.255465 1.05211e-17
-25.5527 -0.255904 1.05392e-17
-25.5526 -0.256792 1.05758e-17
-25.5429 -0.258001 1.06256e-17
-25.5269 -0.259348 1.06811e-17
-25.5079 -0.260635 1.07341e-17
-25.49 -0.26164 1.07755e-17
-25.4779 -0.262098 1.07943e-17
-25.4768 -0.261721 1.07788e-17
-25.4921 -0.260218 1.07169e-17
-25.5274 -0.257386 1.06003e-17
-25.5834 -0.253201 1.04279e-17
-25.6588 -0.247732 1.02027e-17
-25.7527 -0.241049 9.92745e-18
-25.8637 -0.233235 9.60562e-18
-25.9899 -0.2244 9.24178e-18
-26.1293 -0.21467 8.84103e-18
-26.2799 -0.204167 8.40847e-18
-26.4403 -0.192974 7.94751e-18
-26.6108 -0.181094 7.45825e-18
-26.7922 -0.168483 6.93888e-18
-26.9854 -0.155111 6.38816e-18
-27.192 -0.140898 5.80279e-18
-27.4154 -0.125667 5.17551e-18
-27.6596 -0.109202 4.49743e-18
-27.9285 -0.0912918 3.75979e-18
-28.2249 -0.0717973 2.95692e-18
-28.549 -0.0507158 2.0887e-18
-28.8996 -0.0281216 1.15817e-18
-29.2754 -0.00409629 1.68703e-19
-29.6664 0.0209802 -8.64057e-19
-30.0733 0.0470237 -1.93664e-18
-30.4951 0.0738718 -3.04236e-18
-30.9237 0.101136 -4.1652e-18
-31.3558 0.128592 -5.29597e-18
-31.7855 0.155943 -6.42243e-18
-32.2098 0.182984 -7.53606e-18
-32.6241 0.209462 -8.62657e-18
-33.0253 0.235197 -9.68644e-18
-33.4111 0.260057 -1.07103e-17
-33.7802 0.28396 -1.16947e-17
-34.1315 0.306838 -1.26369e-17
-34.4643 0.328639 -1.35348e-17
-34.7786 0.349359 -1.43881e-17
-35.0751 0.369031 -1.51983e-17
-35.3548 0.38769 -1.59667e-17
-35.618 0.405355 -1.66943e-17
-35.8644 0.421989 -1.73793e-17
-36.0929 0.437528 -1.80193e-17
-36.303 0.451927 -1.86123e-17
-36.4945 0.46516 -1.91573e-17
-36.6675 0.477221 -1.9654e-17
-36.8225 0.48813 -2.01033e-17
-36.9601 0.497907 -2.0506e-17
-37.0809 0.506571 -2.08628e-17
-37.1851 0.514124 -2.11738e-17
-37.2728 0.520564 -2.14391e-17
-37.3442 0.52589 -2.16584e-17
-37.4004 0.530158 -2.18342e-17
-37.4445 0.533532 -2.19731e-17
-37.4805 0.53623 -2.20843e-17
-37.5122 0.538467 -2.21764e-17
-37.5434 0.54045 -2.22581e-17
-37.5776 0.54237 -2.23371e-17
-37.6179 0.544407 -2.2421e-17
-37.6673 0.54673 -2.25167e-17
-37.7281 0.54947 -2.26296e-17
-37.8011 0.552685 -2.27619e-17
-37.886 0.556385 -2.29143e-17
-37.983 0.560583 -2.30872e-17
-38.0909 0.565219 -2.32782e-17
-38.2065 0.570115 -2.34798e-17
-38.325 0.575032 -2.36823e-17
-38.4419 0.579724 -2.38756e-17
-38.5525 0.583954 -2.40498e-17
-38.6524 0.587488 -2.41953e-17
-38.7374 0.590105 -2.43031e-17
-38.8032 0.591588 -2.43642e-17
-38.8469 0.591788 -2.43724e-17
-38.8677 0.590683 -2.43269e-17
-38.8664 0.588322 -2.42297e-17
-38.8437 0.584768 -2.40833e-17
-38.8013 0.580116 -2.38917e-17
-38.7416 0.574528 -2.36615e-17
-38.6682 0.5682 -2.34009e-17
-38.5844 0.561337 -2.31183e-17
-38.4932 0.554114 -2.28208e-17
-38.3965 0.546634 -2.25127e-17
-38.2953 0.538961 -2.21967e-17
-38.1907 0.531169 -2.18759e-17
-38.0833 0.523295 -2.15515e-17
-37.9725 0.515295 -2.12221e-17
-37.8566 0.507091 -2.08842e-17
-37.7343 0.498606 -2.05348e-17
-37.6045 0.489776 -2.01711e-17
-37.4661 0.480549 -1.97911e-17
-37.3185 0.470884 -1.9393e-17
-37.161 0.460745 -1.89755e-17
-36.9937 0.450131 -1.85383e-17
-36.8176 0.439099 -1.8084e-17
-36.6344 0.427741 -1.76162e-17
-36.4458 0.416152 -1.7139e-17
-36.2536 0.404428 -1.66561e-17
-36.0597 0.392669 -1.61718e-17
-35.8658 0.380972 -1.56901e-17
-35.6738 0.369437 -1.5215e-17
-35.4852 0.35815 -1.47502e-17
-35.3014 0.347178 -1.42983e-17
-35.1233 0.336575 -1.38616e-17
-34.9518 0.326391 -1.34422e-17
-34.7876 0.316665 -1.30416e-17
-34.6314 0.307424 -1.26611e-17
-34.4833 0.298684 -1.23011e-17
-34.3435 0.290456 -1.19622e-17
-34.2124 0.282755 -1.16451e-17
-34.0905 0.275617 -1.13511e-17
-33.9785 0.269082 -1.1082e-17
-33.8771 0.263187 -1.08392e-17
-33.7873 0.257994 -1.06253e-17
-33.7114 0.253627 -1.04455e-17
-33.6519 0.250237 -1.03059e-17
-33.6114 0.247969 -1.02124e-17
-33.5923 0.246963 -1.0171e-17
-33.5972 0.247358 -1.01873e-17
-33.6283 0.249293 -1.0267e-17
-33.6879 0.252891 -1.04151e-17
-33.7769 0.258207 -1.06341e-17
-33.8938 0.265164 -1.09206e-17
-34.036 0.273612 -1.12685e-17
-34.2005 0.283393 -1.16714e-17
-34.3828 0.29426 -1.21189e-17
-34.5756 0.305793 -1.25939e-17
-34.7697 0.317484 -1.30754e-17
-34.9561 0.328828 -1.35426e-17
-35.1258 0.339322 -1.39748e-17
-35.2699 0.348457 -1.4351e-17
-35.3796 0.35573 -1.46505e-17
-35.4463 0.360656 -1.48534e-17
-35.4631 0.362841 -1.49434e-17
-35.4263 0.362053 -1.49109e-17
-35.3336 0.358154 -1.47503e-17
-35.1833 0.351032 -1.4457e-17
-34.9751 0.340638 -1.4029e-17
-34.7106 0.327044 -1.34691e-17
-34.3926 0.310384 -1.2783e-17
-34.0244 0.290811 -1.19769e-17
-33.6103 0.268542 -1.10597e-17
-33.1568 0.243917 -1.00456e-17
-32.6716 0.217341 -8.95103e-18
-32.1624 0.189213 -7.79261e-18
-31.6366 0.159928 -6.58653e-18
-31.1013 0.129865 -5.34841e-18
-30.5633 0.0993884 -4.09324e-18
-30.0292 0.0688437 -2.83528e-18
-29.5051 0.038567 -1.58836e-18
-28.997 0.00889274 -3.66241e-19
-28.5108 -0.0198595 8.17901e-19
-28.0516 -0.0473991 1.9521e-18
-27.6229 -0.0735234 3.02801e-18
-27.2256 -0.0981784 4.04341e-18
-26.8587 -0.121401 4.99982e-18
-26.5208 -0.143256 5.89989e-18
-26.2101 -0.163813 6.74655e-18
-25.9247 -0.183148 7.54284e-18
-25.6633 -0.201313 8.29092e-18
-25.4244 -0.218366 8.99328e-18
-25.2056 -0.23441 9.65402e-18
-25.0046 -0.249541 1.02772e-17
-24.8188 -0.263872 1.08674e-17
-24.6455 -0.27752 1.14295e-17
-24.483 -0.290546 1.19659e-17
-24.3314 -0.302913 1.24753e-17
-24.1764 -0.315023 1.2974e-17
-24.0308 -0.326407 1.34429e-17
-23.9034 -0.336722 1.38677e-17
-23.7897 -0.346056 1.42521e-17
-23.6952 -0.354183 1.45868e-17
-23.6183 -0.361096 1.48715e-17
-23.5629 -0.366612 1.50987e-17
-23.53 -0.370631 1.52642e-17
-23.5232 -0.37295 1.53597e-17
-23.5448 -0.373426 1.53793e-17
-23.5991 -0.371807 1.53126e-17
-23.6861 -0.368074 1.51589e-17
-23.8071 -0.362172 1.49158e-17
-23.9637 -0.353999 1.45792e-17
-24.1562 -0.343538 1.41484e-17
-24.384 -0.33082 1.36246e-17
-24.6453 -0.315949 1.30122e-17
-24.9388 -0.299005 1.23143e-17
-25.2614 -0.280146 1.15376e-17
-25.6079 -0.259643 1.06932e-17
-25.973 -0.237822 9.79453e-18
-26.3515 -0.215 8.85464e-18
-26.7372 -0.191507 7.88707e-18
-27.1249 -0.167665 6.90516e-18
-27.5085 -0.143805 5.92253e-18
-27.8828 -0.120238 4.9519e-18
-28.2433 -0.0972205 4.00396e-18
-28.5875 -0.074903 3.08483e-18
-28.9139 -0.053376 2.19825e-18
-29.2215 -0.0327161 1.34739e-18
-29.5105 -0.0129279 5.32428e-19
-29.7836 0.00612453 -2.52235e-19
-30.0447 0.0246479 -1.01511e-18
-30.298 0.042861 -1.7652e-18
-30.5472 0.0609455 -2.51e-18
-30.7942 0.0790064 -3.25383e-18
-31.0405 0.0971081 -3.99933e-18
-31.2876 0.11532 -4.7494e-18
-31.5359 0.13365 -5.5043e-18
-31.7834 0.151977 -6.25905e-18
-32.027 0.170113 -7.00598e-18
-32.2637 0.187881 -7.73774e-18
-32.4898 0.205069 -8.44562e-18
-32.7006 0.221393 -9.11792e-18
-32.8906 0.236538 -9.74168e-18
-33.0547 0.250206 -1.03046e-17
-33.1879 0.262107 -1.07947e-17
-33.2856 0.271965 -1.12007e-17
-33.3433 0.279516 -1.15117e-17
-33.3571 0.284522 -1.17178e-17
-33.3244 0.286822 -1.18126e-17
-33.2454 0.286399 -1.17952e-17
-33.1215 0.283318 -1.16682e-17
-32.9548 0.277662 -1.14353e-17
-32.7475 0.26954 -1.11008e-17
-32.5026 0.259081 -1.06701e-17
-32.2232 0.246431 -1.01491e-17
-31.9126 0.231749 -9.54445e-18
-31.5715 0.215142 -8.86047e-18
-31.2101 0.197078 -8.11653e-18
-30.8391 0.17807 -7.33368e-18
-30.465 0.158494 -6.52748e-18
-30.0965 0.138788 -5.71589e-18
-29.7394 0.119276 -4.91229e-18
-29.4002 0.100283 -4.1301e-18
-29.0838 0.0820885 -3.38076e-18
-28.7952 0.064952 -2.67501e-18
-28.5381 0.0490737 -2.02107e-18
-28.3155 0.034621 -1.42584e-18
-28.1297 0.0217262 -8.94779e-19
-27.9812 0.0104249 -4.29343e-19
-27.8674 0.000578186 -2.38122e-20
-27.7837 -0.00805286 3.31652e-19
-27.725 -0.0157339 6.47989e-19
-27.6855 -0.022767 9.37644e-19
-27.6583 -0.0295052 1.21515e-18
-27.632 -0.0364651 1.50179e-18
-27.6015 -0.043961 1.8105e-18
-27.561 -0.0523197 2.15475e-18
-27.502 -0.0619499 2.55136e-18
-27.4187 -0.0731656 3.01328e-18
-27.3036 -0.0863303 3.55545e-18
-27.1508 -0.101755 4.19071e-18
-26.9537 -0.11976 4.93222e-18
-26.7065 -0.140618 5.79126e-18
-26.4039 -0.164608 6.77927e-18
-26.0401 -0.191983 7.90671e-18
-25.6114 -0.222952 9.18213e-18
-25.1146 -0.257704 1.06134e-17
-24.546 -0.296403 1.22071e-17
-23.9038 -0.339142 1.39673e-17
-23.1875 -0.385926 1.58941e-17
-22.3983 -0.436688 1.79847e-17
-21.5379 -0.491305 2.02341e-17
-20.6089 -0.549642 2.26366e-17
-19.6153 -0.611466 2.51828e-17
-18.5627 -0.676459 2.78595e-17
-17.4569 -0.744306 3.06538e-17
-16.3046 -0.814632 3.35501e-17
-15.1135 -0.887013 3.65311e-17
-13.8919 -0.960987 3.95776e-17
-12.6483 -1.03609 4.26706e-17
-11.392 -1.1118 4.57889e-17
-10.1333 -1.18756 4.89088e-17
-8.88342 -1.26274 5.2005e-17
-7.65306 -1.33674 5.50526e-17
-6.45217 -1.40901 5.80291e-17
-5.28905 -1.47909 6.09152e-17
-4.17095 -1.54657 6.36943e-17
-3.10455 -1.61106 6.63506e-17
-2.09561 -1.67225 6.88706e-17
-1.14839 -1.72988 7.12441e-17
-0.266149 -1.78376 7.34631e-17
0.548492 -1.83373 7.5521e-17
1.29365 -1.87966 7.74126e-17
1.96837 -1.92148 7.9135e-17
2.57245 -1.95916 8.06869e-17
3.10618 -1.9927 8.20681e-17
3.56986 -2.02209 8.32784e-17
3.96324 -2.04729 8.43163e-17
4.28596 -2.06826 8.51799e-17
4.53803 -2.08498 8.58685e-17
4.71945 -2.09743 8.63812e-17
4.82966 -2.10555 8.67157e-17
4.86798 -2.10929 8.68699e-17
4.83401 -2.10862 8.6842e-17
4.7276 -2.1035 8.6631e-17
4.54876 -2.09391 8.62365e-17
4.29769 -2.07988 8.56583e-17
3.97482 -2.06139 8.48971e-17
3.5807 -2.03849 8.39537e-17
3.11485 -2.01112 8.28267e-17
2.57893 -1.97939 8.15197e-17
1.9741 -1.94335 8.00357e-17
1.30146 -1.90308 7.83771e-17
0.563655 -1.85872 7.655e-17
-0.236787 -1.81041 7.45607e-17
-1.09662 -1.75836 7.24168e-17
-2.01262 -1.70273 7.0126e-17
-2.98041 -1.6438 6.76988e-17
-3.99547 -1.58182 6.51462e-17
-5.05294 -1.51708 6.24799e-17
-6.14761 -1.44988 5.97125e-17
-7.27283 -1.38062 5.686e-17
-8.42155 -1.3097 5.39393e-17
-9.58663 -1.23755 5.09675e-17
-10.7623 -1.16449 4.79589e-17
-11.9449 -1.09076 4.49224e-17
-13.1308 -1.01651 4.18644e-17
-14.3191 -0.94186 3.87899e-17
-15.5094 -0.866891 3.57023e-17
-16.7019 -0.791589 3.26011e-17
-17.8987 -0.715877 2.94829e-17
-19.1012 -0.639686 2.6345e-17
-20.3107 -0.562943 2.31844e-17
-21.5284 -0.485624 2.00001e-17
-22.7551 -0.407705 1.67911e-17
-23.9914 -0.32917 1.35566e-17
-25.2368 -0.250066 1.02988e-17
-26.4882 -0.170578 7.02516e-18
-27.7414 -0.0909581 3.74605e-18
-28.9921 -0.011455 4.71768e-19
-30.2356 0.0676544 -2.7863e-18
-31.466 0.146032 -6.01422e-18
-32.6771 0.223315 -9.19708e-18
-33.8628 0.299156 -1.23205e-17
-35.0178 0.37325 -1.5372e-17
-36.1383 0.445362 -1.83419e-17
-37.2211 0.515308 -2.12226e-17
-38.2636 0.582923 -2.40073e-17
-39.264 0.648099 -2.66915e-17
-40.2224 0.710809 -2.92742e-17
-41.1186 0.770411 -3.17289e-17
-41.9683 0.827415 -3.40765e-17
-42.784 0.882228 -3.6334e-17
-43.5575 0.93456 -3.84892e-17
-44.2938 0.984531 -4.05472e-17
-44.9892 1.032 -4.25021e-17
-45.6454 1.07697 -4.43543e-17
-46.2591 1.11928 -4.60969e-17
-46.8301 1.15885 -4.77265e-17
-47.3562 1.19553 -4.92373e-17
-47.8366 1.22925 -5.06259e-17
-48.2704 1.25992 -5.18889e-17
-48.6574 1.28749 -5.30244e-17
-48.9972 1.31191 -5.40303e-17
-49.2899 1.33317 -5.49057e-17
-49.5358 1.35123 -5.56496e-17
-49.7349 1.36609 -5.62613e-17
-49.8877 1.37772 -5.67406e-17
-49.994 1.38611 -5.70859e-17
-50.0526 1.39114 -5.72933e-17
-50.0614 1.3927 -5.73575e-17
-50.0185 1.39066 -5.72734e-17
-49.9221 1.38489 -5.70358e-17
-49.7699 1.37526 -5.66392e-17
-49.5595 1.36163 -5.60778e-17
-49.2887 1.34386 -5.53462e-17
-48.9561 1.32189 -5.44411e-17
-48.562 1.29572 -5.33635e-17
-48.1079 1.26545 -5.21168e-17
-47.595 1.23116 -5.07044e-17
-47.0256 1.19298 -4.91322e-17
-46.4039 1.15118 -4.74106e-17
-45.7352 1.10607 -4.55526e-17
-45.0261 1.05804 -4.35749e-17
-44.2806 1.00737 -4.14878e-17
-43.5041 0.954356 -3.93045e-17
-42.703 0.899419 -3.7042e-17
-41.8827 0.842893 -3.4714e-17
-41.0484 0.785114 -3.23344e-17
-40.2031 0.726296 -2.9912e-17
-39.3468 0.666606 -2.74537e-17
-38.4829 0.60624 -2.49676e-17
-37.6144 0.545342 -2.24595e-17
-36.7416 0.483998 -1.99332e-17
-35.8651 0.422291 -1.73918e-17
-34.9847 0.360268 -1.48374e-17
-34.1 0.297962 -1.22714e-17
-33.2083 0.235287 -9.69012e-18
-32.3067 0.172127 -7.08892e-18
-31.392 0.108357 -4.46263e-18
-30.4614 0.0438707 -1.80679e-18
-29.5119 -0.0214563 8.83664e-19
-28.5401 -0.0877505 3.61394e-18
-27.5439 -0.1551 6.38769e-18
-26.5225 -0.223521 9.20555e-18
-25.4763 -0.29296 1.20654e-17
-24.407 -0.36329 1.49618e-17
-23.3168 -0.434366 1.78891e-17
-22.2092 -0.50598 2.08384e-17
-21.0896 -0.577811 2.37967e-17
-19.9646 -0.649478 2.67483e-17
-18.8413 -0.720588 2.96769e-17
-17.7147 -0.791116 3.25816e-17
-16.6027 -0.860291 3.54305e-17
-15.5201 -0.927431 3.81956e-17
-14.471 -0.992201 4.08632e-17
-13.4667 -1.05406 4.34107e-17
-12.5114 -1.11272 4.58266e-17
-11.6124 -1.16782 4.80959e-17
-10.7738 -1.21911 5.02083e-17
-10.0004 -1.26635 5.21539e-17
-9.29331 -1.30947 5.39296e-17
-8.65345 -1.34843 5.55342e-17
-8.08033 -1.38326 5.69685e-17
-7.57391 -1.41396 5.82329e-17
-7.13399 -1.44054 5.93277e-17
-6.76054 -1.46301 6.02533e-17
-6.45281 -1.48141 6.10111e-17
-6.20971 -1.49581 6.16037e-17
-6.02954 -1.50628 6.2035e-17
-5.91025 -1.51294 6.23094e-17
-5.84927 -1.51594 6.24328e-17
-5.84417 -1.5154 6.24107e-17
-5.89312 -1.51143 6.2247e-17
-5.99449 -1.5041 6.19455e-17
-6.14633 -1.49354 6.15106e-17
-6.34725 -1.47982 6.09452e-17
-6.59742 -1.46291 6.02491e-17
-6.89767 -1.44279 5.94203e-17
-7.24858 -1.41941 5.84575e-17
-7.65099 -1.39274 5.7359e-17
-8.10655 -1.36268 5.61211e-17
-8.6172 -1.32914 5.47396e-17
-9.18462 -1.29202 5.32109e-17
-9.81012 -1.25126 5.15323e-17
-10.4945 -1.20683 4.97024e-17
-11.2381 -1.15871 4.77207e-17
-12.0412 -1.10691 4.55875e-17
-12.9026 -1.05151 4.33056e-17
-13.8193 -0.99268 4.08829e-17
-14.787 -0.930691 3.83299e-17
-15.8011 -0.865806 3.56577e-17
-16.8569 -0.798317 3.28782e-17
-17.9488 -0.728544 3.00046e-17
-19.0713 -0.656827 2.7051e-17
-20.2186 -0.583509 2.40314e-17
-21.3732 -0.50933 2.09764e-17
-22.5352 -0.434485 1.7894e-17
-23.7029 -0.359239 1.4795e-17
-24.8645 -0.284193 1.17043e-17
-26.0156 -0.209682 8.6356e-18
-27.1478 -0.136163 5.60779e-18
-28.2563 -0.0639746 2.63475e-18
-29.3345 0.00649896 -2.67655e-19
-30.3774 0.074928 -3.08586e-18
-31.3793 0.140967 -5.80565e-18
-32.3355 0.204304 -8.41412e-18
-33.2384 0.264602 -1.08974e-17
-34.0852 0.321612 -1.32454e-17
-34.875 0.375166 -1.54509e-17
-35.6012 0.424895 -1.7499e-17
-36.2602 0.470527 -1.93783e-17
-36.8492 0.511873 -2.10811e-17
-37.3644 0.548684 -2.25972e-17
-37.8032 0.580782 -2.39191e-17
-38.1624 0.607961 -2.50385e-17
-38.4401 0.630074 -2.59492e-17
-38.6343 0.646983 -2.66455e-17
-38.7437 0.658591 -2.71236e-17
-38.7672 0.664808 -2.73797e-17
-38.703 0.665522 -2.74091e-17
-38.5488 0.660571 -2.72052e-17
-38.3017 0.649777 -2.67606e-17
-37.959 0.632973 -2.60686e-17
-37.5178 0.609975 -2.51214e-17
-36.9739 0.58054 -2.39092e-17
-36.3229 0.544409 -2.24211e-17
-35.5609 0.501346 -2.06476e-17
-34.6841 0.451133 -1.85796e-17
-33.676 0.393144 -1.61914e-17
-32.5314 0.327126 -1.34725e-17
-31.2602 0.253332 -1.04333e-17
-29.8606 0.17164 -7.06888e-18
-28.3303 0.0819318 -3.37431e-18
-26.6683 -0.0158606 6.53208e-19
-24.8739 -0.121786 5.01569e-18
-22.947 -0.235861 9.71377e-18
-20.8873 -0.358095 1.47479e-17
-18.6954 -0.488472 2.01174e-17
-16.3721 -0.626947 2.58204e-17
-13.9191 -0.773442 3.18537e-17
-11.3383 -0.927849 3.82128e-17
-8.63238 -1.09003 4.48921e-17
-5.80436 -1.25982 5.18847e-17
-2.85963 -1.43691 5.91784e-17
0.191987 -1.62078 6.67507e-17
3.33833 -1.81074 7.45739e-17
6.56717 -2.0061 8.26199e-17
9.86459 -2.20609 9.08564e-17
13.2133 -2.40974 9.92434e-17
16.5943 -2.61597 1.07737e-16
19.9894 -2.82376 1.16295e-16
23.3791 -3.032 1.24871e-16
26.7417 -3.23945 1.33415e-16
30.0544 -3.4448 1.41872e-16
33.2957 -3.64681 1.50192e-16
36.4458 -3.84434 1.58327e-16
39.4872 -4.03634 1.66234e-16
42.4041 -4.22187 1.73875e-16
45.1825 -4.40007 1.81214e-16
47.8112 -4.57024 1.88222e-16
50.2839 -4.73194 1.94882e-16
52.5973 -4.88487 2.0118e-16
54.7494 -5.02884 2.07109e-16
56.7421 -5.16382 2.12669e-16
58.5833 -5.29017 2.17872e-16
60.2847 -5.4084 2.22741e-16
61.8585 -5.51908 2.273e-16
63.3179 -5.62283 2.31573e-16
64.6766 -5.72031 2.35587e-16
65.949 -5.81219 2.39371e-16
67.1493 -5.89915 2.42953e-16
68.2904 -5.98183 2.46358e-16
69.3834 -6.06075 2.49608e-16
70.438 -6.13637 2.52722e-16
71.463 -6.20912 2.55719e-16
72.4653 -6.27931 2.58609e-16
73.448 -6.34705 2.61399e-16
74.412 -6.41236 2.64089e-16
75.3569 -6.47518 2.66676e-16
76.281 -6.5354 2.69156e-16
77.1803 -6.59277 2.71519e-16
78.049 -6.64699 2.73752e-16
78.8808 -6.6977 2.7584e-16
79.6681 -6.74449 2.77768e-16
80.402 -6.78691 2.79514e-16
81.0727 -6.82442 2.81059e-16
81.6701 -6.85651 2.82381e-16
82.1841 -6.88264 2.83457e-16
82.6052 -6.90234 2.84268e-16
82.9244 -6.91514 2.84795e-16
83.1325 -6.92057 2.85019e-16
83.2211 -6.91824 2.84923e-16
83.183 -6.90778 2.84492e-16
83.012 -6.88892 2.83715e-16
82.7026 -6.86138 2.82581e-16
82.25 -6.82494 2.81081e-16
81.6507 -6.77947 2.79208e-16
80.9022 -6.72485 2.76959e-16
80.0028 -6.66104 2.74331e-16
78.9509 -6.58798 2.71322e-16
77.744 -6.50558 2.67928e-16
76.3798 -6.41372 2.64145e-16
74.8569 -6.31236 2.5997e-16
73.1743 -6.20147 2.55403e-16
71.331 -6.08102 2.50443e-16
69.3267 -5.95101 2.45088e-16
67.1617 -5.81148 2.39342e-16
64.8383 -5.66256 2.33209e-16
62.3618 -5.50458 2.26702e-16
59.7397 -5.33796 2.1984e-16
56.9797 -5.16316 2.12641e-16
54.0913 -4.98072 2.05128e-16
51.0877 -4.79139 1.9733e-16
47.9835 -4.59602 1.89284e-16
44.7934 -4.39545 1.81024e-16
41.535 -4.19068 1.72591e-16
38.232 -3.98309 1.64041e-16
34.9108 -3.77418 1.55437e-16
31.5971 -3.56544 1.4684e-16
28.3172 -3.35839 1.38313e-16
25.0997 -3.15469 1.29924e-16
21.9738 -2.95604 1.21743e-16
18.967 -2.76407 1.13836e-16
16.1059 -2.58032 1.06269e-16
13.4164 -2.40638 9.9105e-17
10.9234 -2.24371 9.24058e-17
8.64981 -2.09373 8.62287e-17
6.61547 -1.95765 8.06243e-17
4.83618 -1.83648 7.56343e-17
3.32465 -1.73108 7.12935e-17
2.09174 -1.64219 6.76325e-17
1.14474 -1.57035 6.46739e-17
0.485706 -1.51582 6.24282e-17
0.113307 -1.47868 6.08984e-17
0.0249292 -1.45891 6.00841e-17
0.214505 -1.45631 5.9977e-17
0.670206 -1.47035 6.05552e-17
1.37705 -1.50031 6.17894e-17
2.31978 -1.54547 6.36491e-17
3.48198 -1.605 6.61007e-17
4.84524 -1.67796 6.91055e-17
6.39041 -1.76336 7.26226e-17
8.09907 -1.86022 7.6612e-17
9.95325 -1.96759 8.1034e-17
11.9351 -2.0845 8.58486e-17
14.0277 -2.20998 9.10167e-17
16.2153 -2.34317 9.65018e-17
18.4839 -2.48324 1.0227e-16
20.8221 -2.62949 1.08294e-16
23.2199 -2.78132 1.14547e-16
25.6692 -2.93816 1.21006e-16
28.1637 -3.09959 1.27654e-16
30.7002 -3.26527 1.34478e-16
33.277 -3.43501 1.41469e-16
35.8938 -3.60864 1.48619e-16
38.5513 -3.78605 1.55926e-16
41.2515 -3.96718 1.63386e-16
43.9971 -4.15204 1.70999e-16
46.7912 -4.34063 1.78766e-16
49.6359 -4.5329 1.86684e-16
52.5308 -4.72865 1.94746e-16
55.4743 -4.92764 2.02942e-16
58.4641 -5.1296 2.11259e-16
61.4953 -5.33407 2.1968e-16
64.5575 -5.54035 2.28176e-16
67.6368 -5.74753 2.36708e-16
70.7192 -5.95469 2.4524e-16
73.7881 -6.16078 2.53728e-16
76.8229 -6.36455 2.6212e-16
79.8006 -6.56461 2.70359e-16
82.698 -6.75958 2.78389e-16
85.4933 -6.94805 2.86151e-16
88.1618 -7.12862 2.93587e-16
90.6789 -7.2999 3.00642e-16
93.0223 -7.46053 3.07257e-16
95.1739 -7.60928 3.13383e-16
97.112 -7.74498 3.18972e-16
98.8179 -7.86665 3.23983e-16
100.278 -7.97334 3.28377e-16
101.477 -8.06424 3.3212e-16
102.406 -8.13876 3.35189e-16
103.059 -8.1964 3.37563e-16
103.429 -8.23679 3.39227e-16
103.514 -8.25973 3.40171e-16
103.317 -8.26532 3.40402e-16
102.846 -8.25387 3.3993e-16
102.108 -8.22575 3.38772e-16
101.114 -8.18143 3.36947e-16
99.8766 -8.12156 3.34481e-16
98.4098 -8.04684 3.31404e-16
96.7287 -7.95804 3.27746e-16
94.8491 -7.85594 3.23542e-16
92.7871 -7.74139 3.18824e-16
90.5591 -7.61524 3.13629e-16
88.1816 -7.47833 3.0799e-16
85.669 -7.33141 3.01939e-16
83.0323 -7.17508 2.95501e-16
80.2804 -7.00979 2.88693e-16
77.4216 -6.83596 2.81535e-16
74.4622 -6.65397 2.74039e-16
71.4068 -6.46405 2.66217e-16
68.2578 -6.26636 2.58076e-16
65.0169 -6.06102 2.49619e-16
61.6848 -5.84811 2.40851e-16
58.262 -5.62771 2.31773e-16
54.7479 -5.39985 2.22389e-16
51.1413 -5.16455 2.12699e-16
47.4405 -4.92181 2.02701e-16
43.6448 -4.67169 1.924e-16
39.758 -4.41432 1.81801e-16
35.7752 -4.1497 1.70903e-16
31.6936 -3.8779 1.59709e-16
27.5151 -3.59912 1.48227e-16
23.241 -3.31352 1.36465e-16
18.8718 -3.02134 1.24432e-16
14.4053 -2.72271 1.12133e-16
9.84007 -2.41766 9.95697e-17
5.17157 -2.10617 8.67411e-17
0.396897 -1.78823 7.36469e-17
-4.48824 -1.4638 6.02856e-17
-9.48802 -1.13282 4.66546e-17
-14.6072 -0.795229 3.2751e-17
-19.8492 -0.450988 1.85737e-17
-25.2166 -0.100144 4.12435e-18
-30.7098 0.257163 -1.05911e-17
-36.3276 0.620706 -2.55634e-17
-41.9344 0.985908 -4.06039e-17
-47.6122 1.35515 -5.5811e-17
-53.4303 1.73044 -7.12671e-17
-59.3353 2.10972 -8.68874e-17
-65.3492 2.4934 -1.02689e-16
-71.4403 2.88008 -1.18614e-16
-77.6085 3.26935 -1.34646e-16
-83.828 3.6599 -1.5073e-16
-90.0878 4.0509 -1.66833e-16
-96.3644 4.44107 -1.82903e-16
-102.64 4.82932 -1.98892e-16
-108.89 5.21427 -2.14746e-16
-115.093 5.5947 -2.30414e-16
-121.225 5.96924 -2.45839e-16
-127.263 6.33659 -2.60968e-16
-133.182 6.6954 -2.75745e-16
-138.961 7.04438 -2.90118e-16
-144.574 7.38228 -3.04034e-16
-150.004 7.708 -3.17449e-16
-155.231 8.02051 -3.30319e-16
-160.241 8.31908 -3.42616e-16
-165.015 8.60266 -3.54295e-16
-169.538 8.8704 -3.65321e-16
-173.798 9.12174 -3.75673e-16
-177.785 9.35606 -3.85323e-16
-181.491 9.57296 -3.94256e-16
-184.906 9.77197 -4.02452e-16
-188.026 9.95285 -4.09901e-16
-190.846 10.1153 -4.16594e-16
-193.366 10.2595 -4.2253e-16
-195.59 10.3855 -4.27721e-16
-197.525 10.4939 -4.32185e-16
-199.182 10.5853 -4.35947e-16
-200.572 10.6603 -4.39036e-16
-201.713 10.7199 -4.41493e-16
-202.624 10.7653 -4.43363e-16
-203.324 10.7977 -4.44694e-16
-203.835 10.8181 -4.45535e-16
-204.175 10.8276 -4.45929e-16
-204.359 10.8274 -4.45918e-16
-204.399 10.8182 -4.4554e-16
-204.315 10.8012 -4.44839e-16
-204.126 10.7772 -4.43851e-16
-203.839 10.7469 -4.42604e-16
-203.469 10.7111 -4.41131e-16
-203.026 10.6705 -4.39458e-16
-202.52 10.6256 -4.37609e-16
-201.956 10.5769 -4.35602e-16
-201.342 10.5249 -4.33459e-16
-200.683 10.4699 -4.31195e-16
-199.983 10.4122 -4.2882e-16
-199.24 10.352 -4.26339e-16
-198.457 10.2893 -4.23758e-16
-197.633 10.2243 -4.21083e-16
-196.77 10.1572 -4.18319e-16
-195.868 10.0881 -4.1547e-16
-194.929 10.017 -4.12544e-16
-193.952 9.94419 -4.09545e-16
-192.937 9.86965 -4.06475e-16
-191.884 9.79341 -4.03335e-16
-190.793 9.71554 -4.00128e-16
-189.663 9.63609 -3.96856e-16
-188.494 9.55504 -3.93518e-16
-187.284 9.47236 -3.90113e-16
-186.033 9.38807 -3.86642e-16
-184.742 9.30218 -3.83104e-16
-183.409 9.21467 -3.795e-16
-182.034 9.12552 -3.75828e-16
-180.618 9.03475 -3.7209e-16
-179.16 8.94238 -3.68286e-16
-177.663 8.84854 -3.64421e-16
-176.114 8.75383 -3.60521e-16
-174.5 8.65846 -3.56593e-16
-172.848 8.56219 -3.52628e-16
-171.179 8.46543 -3.48643e-16
-169.458 8.36873 -3.44661e-16
-167.703 8.27262 -3.40702e-16
-165.973 8.17776 -3.36796e-16
-164.285 8.08536 -3.3299e-16
-162.665 7.99667 -3.29338e-16
-161.133 7.91274 -3.25881e-16
-159.709 7.83469 -3.22666e-16
-158.414 7.76363 -3.1974e-16
-157.269 7.70069 -3.17148e-16
-156.289 7.64671 -3.14924e-16
-155.483 7.60468 -3.13194e-16
-154.854 7.575 -3.11971e-16
-154.425 7.5562 -3.11197e-16
-154.229 7.54968 -3.10928e-16
-154.268 7.55572 -3.11177e-16
-154.553 7.57486 -3.11966e-16
-155.086 7.60735 -3.13304e-16
-155.867 7.65333 -3.15197e-16
-156.896 7.71285 -3.17648e-16
-158.175 7.78604 -3.20663e-16
-159.701 7.8728 -3.24236e-16
-161.466 7.9729 -3.28359e-16
-163.463 8.08606 -3.33019e-16
-165.684 8.21196 -3.38204e-16
-168.111 8.35013 -3.43895e-16
-170.729 8.50014 -3.50072e-16
-173.532 8.66181 -3.56731e-16
-176.508 8.83471 -3.63851e-16
-179.645 9.01819 -3.71408e-16
-182.93 9.21172 -3.79379e-16
-186.294 9.41291 -3.87665e-16
-189.668 9.61707 -6.69284e-16
-193.128 9.82702 -6.78219e-16
-196.698 10.0448 -6.87488e-16
-200.36 10.2698 -6.97065e-16
-204.109 10.5018 -7.06939e-16
-207.834 10.7306 -8.98575e-16
-211.59 10.9588 -4.92859e-16
-215.437 11.1927 -1.0269e-15
-219.343 11.4309 -1.03653e-15
-223.303 11.6732 -1.19148e-15
-227.32 11.92 -6.81627e-16
-231.388 12.1709 -5.00507e-16
-235.347 12.4118 -7.82278e-16
-239.322 12.6493 -2.7493e-16
-243.336 12.8871 5.88561e-15
-247.39 13.1268 -6.89664e-16
-251.089 13.357 -1.01682e-15
-254.212 13.5709 6.12538e-13
-257.172 13.781 -3.65837e-16
-260.103 13.9865 -1.38037e-15
-262.902 14.1777 -1.26973e-15
-265.776 14.369 -1.31008e-15
-268.592 14.5498 -1.05429e-15
-271.422 14.7312 8.16904e-14
-274.236 14.91 -1.05574e-14
-277.053 15.0873 1.86707e-15
-279.868 15.2633 -4.13121e-16
-282.622 15.4293 -7.7221e-16
-285.168 15.5703 -7.2237e-15
-287.59 15.6982 2.88337e-15
-290.043 15.8238 -7.2244e-15
-292.464 15.9468 -3.16178e-12
-294.842 16.0669 1.32578e-14
-297.172 16.1838 3.56836e-15
-299.45 16.2975 3.52123e-15
-301.664 16.4073 3.75321e-15
-303.805 16.5129 -1.215e-12
-305.866 16.6141 1.65599e-14
-307.84 16.7103 4.71446e-15
-309.678 16.7933 7.14711e-15
-311.378 16.8664 5.99719e-15
-312.967 16.93