-1.39118e-05 6.67483e-08 -2.74899e-24
-2.78236e-05 1.33507e-07 -5.49842e-24
-4.17354e-05 2.00277e-07 -8.24829e-24
-5.56471e-05 2.67058e-07 -1.09986e-23
-6.95588e-05 3.33849e-07 -1.37494e-23
-8.34704e-05 4.00651e-07 -1.65006e-23
-9.7382e-05 4.67464e-07 -1.92522e-23
-0.000111294 5.34288e-07 -2.20043e-23
-0.000125205 6.01122e-07 -2.47568e-23
-0.000139117 6.67967e-07 -2.75098e-23
-0.000139116 6.68253e-07 -2.75216e-23
-0.000139115 6.69402e-07 -2.75689e-23
-0.000139113 6.71692e-07 -2.76632e-23
-0.000139109 6.75085e-07 -2.78029e-23
-0.000139105 6.79376e-07 -2.79797e-23
-0.0001391 6.84036e-07 -2.81716e-23
-0.000139095 6.88368e-07 -2.835e-23
-0.000139092 6.91683e-07 -2.84865e-23
-0.000139091 6.93257e-07 -2.85513e-23
-0.000139092 6.92289e-07 -2.85115e-23
-0.000139097 6.87952e-07 -2.83329e-23
-0.000139106 6.7945e-07 -2.79827e-23
-0.000139121 6.66149e-07 -2.74349e-23
-0.000139141 6.47717e-07 -2.66758e-23
-0.000139166 6.23998e-07 -2.56989e-23
-0.000139197 5.94871e-07 -2.44994e-23
-0.000139233 5.60605e-07 -2.30881e-23
-0.000139273 5.22214e-07 -2.1507e-23
-0.000139316 4.81106e-07 -1.9814e-23
-0.000139359 4.3869e-07 -1.80672e-23
-0.000139401 3.96492e-07 -1.63293e-23
-0.000139441 3.56266e-07 -1.46726e-23
-0.000139476 3.19859e-07 -1.31732e-23
-0.000139503 2.8907e-07 -1.19051e-23
-0.000139523 2.65385e-07 -1.09297e-23
-0.000139533 2.49719e-07 -1.02845e-23
-0.000139533 2.4265e-07 -9.9934e-24
-0.000139522 2.44679e-07 -1.00769e-23
-0.000139501 2.56081e-07 -1.05465e-23
-0.00013947 2.76766e-07 -1.13984e-23
-0.000139428 3.06419e-07 -1.26197e-23
-0.000139377 3.44657e-07 -1.41945e-23
-0.000139317 3.91001e-07 -1.61031e-23
-0.000139249 4.44852e-07 -1.83209e-23
-0.000139175 5.05529e-07 -2.08199e-23
-0.000139094 5.72318e-07 -2.35705e-23
-0.000139009 6.44543e-07 -2.65451e-23
-0.000138919 7.21644e-07 -2.97204e-23
-0.000138826 8.03121e-07 -3.3076e-23
-0.00013873 8.88471e-07 -3.65911e-23
-0.000138633 9.77261e-07 -4.02478e-23
-0.000138534 1.06919e-06 -4.40341e-23
-0.000138434 1.16406e-06 -4.7941e-23
-0.000138333 1.26166e-06 -5.19608e-23
-0.000138233 1.36147e-06 -5.60712e-23
-0.000138134 1.46221e-06 -6.022e-23
-0.000138038 1.56226e-06 -6.43408e-23
-0.000137948 1.66008e-06 -6.83695e-23
-0.000137865 1.75415e-06 -7.22433e-23
-0.000137791 1.84292e-06 -7.58994e-23
-0.000137726 1.92492e-06 -7.92766e-23
-0.000137674 1.99877e-06 -8.2318e-23
-0.000137634 2.06323e-06 -8.49729e-23
-0.000137607 2.11728e-06 -8.71988e-23
-0.000137596 2.16004e-06 -8.89596e-23
-0.000137599 2.19074e-06 -9.02241e-23
-0.000137618 2.20898e-06 -9.09752e-23
-0.000137652 2.21491e-06 -9.12194e-23
-0.0001377 2.20903e-06 -9.09776e-23
-0.000137761 2.19195e-06 -9.02741e-23
-0.000137834 2.16477e-06 -8.91546e-23
-0.000137916 2.12959e-06 -8.77057e-23
-0.000138003 2.08901e-06 -8.60346e-23
-0.000138094 2.04565e-06 -8.42486e-23
-0.000138184 2.00188e-06 -8.24459e-23
-0.000138272 1.95966e-06 -8.07071e-23
-0.000138355 1.92068e-06 -7.91019e-23
-0.000138432 1.88655e-06 -7.76961e-23
-0.000138501 1.8586e-06 -7.65452e-23
-0.000138561 1.83774e-06 -7.56859e-23
-0.000138611 1.82456e-06 -7.51431e-23
-0.000138651 1.81955e-06 -7.49368e-23
-0.00013868 1.82265e-06 -7.50646e-23
-0.000138701 1.8328e-06 -7.54826e-23
-0.000138714 1.84839e-06 -7.61245e-23
-0.000138723 1.86772e-06 -7.69207e-23
-0.000138728 1.88919e-06 -7.78051e-23
-0.000138731 1.91145e-06 -7.87217e-23
-0.000138734 1.93325e-06 -7.96197e-23
-0.000138739 1.95336e-06 -8.04479e-23
-0.000138746 1.97081e-06 -8.11663e-23
-0.000138757 1.98517e-06 -8.17579e-23
-0.000138771 1.99635e-06 -8.22182e-23
-0.000138788 2.00426e-06 -8.25441e-23
-0.00013881 2.00915e-06 -8.27457e-23
-0.000138834 2.0119e-06 -8.28587e-23
-0.00013886 2.01371e-06 -8.29332e-23
-0.000138887 2.01581e-06 -8.30196e-23
-0.000138912 2.01911e-06 -8.31559e-23
-0.000138937 2.0239e-06 -8.33528e-23
-0.000138962 2.03009e-06 -8.36078e-23
-0.000138986 2.03764e-06 -8.39187e-23
-0.000139009 2.04648e-06 -8.4283e-23
-0.000139031 2.05652e-06 -8.46966e-23
-0.000139053 2.06766e-06 -8.51552e-23
-0.000139075 2.07979e-06 -8.56549e-23
-0.000139095 2.093e-06 -8.6199e-23
-0.000139115 2.10772e-06 -8.68052e-23
-0.000139133 2.12456e-06 -8.74984e-23
-0.000139148 2.1441e-06 -8.83031e-23
-0.000139159 2.16683e-06 -8.92395e-23
-0.000139167 2.19303e-06 -9.03187e-23
-0.000139171 2.22285e-06 -9.15467e-23
-0.00013917 2.25641e-06 -9.29286e-23
-0.000139166 2.29319e-06 -9.44436e-23
-0.00013916 2.33147e-06 -9.60199e-23
-0.000139154 2.36885e-06 -9.75596e-23
-0.000139152 2.40297e-06 -9.89649e-23
-0.000139154 2.43149e-06 -1.00139e-22
-0.000139165 2.4521e-06 -1.00988e-22
-0.000139186 2.46256e-06 -1.01419e-22
-0.000139219 2.4607e-06 -1.01342e-22
-0.000139265 2.44511e-06 -1.007e-22
-0.000139326 2.41586e-06 -9.94957e-23
-0.000139398 2.37385e-06 -9.77656e-23
-0.000139482 2.32004e-06 -9.55492e-23
-0.000139576 2.2558e-06 -9.29037e-23
-0.000139677 2.18336e-06 -8.99202e-23
-0.000139782 2.10535e-06 -8.67072e-23
-0.000139888 2.0244e-06 -8.33735e-23
-0.000139994 1.94293e-06 -8.00184e-23
-0.000140095 1.86291e-06 -7.67226e-23
-0.000140191 1.78602e-06 -7.35559e-23
-0.00014028 1.7139e-06 -7.0586e-23
-0.00014036 1.64785e-06 -6.78655e-23
-0.000140431 1.58846e-06 -6.54196e-23
-0.000140493 1.53597e-06 -6.32581e-23
-0.000140545 1.49056e-06 -6.13877e-23
-0.000140588 1.45231e-06 -5.98126e-23
-0.000140622 1.42124e-06 -5.8533e-23
-0.000140646 1.3973e-06 -5.75468e-23
-0.000140662 1.38038e-06 -5.68499e-23
-0.00014067 1.37022e-06 -5.64317e-23
-0.000140669 1.3663e-06 -5.62702e-23
-0.000140662 1.36793e-06 -5.63373e-23
-0.00014065 1.37442e-06 -5.66047e-23
-0.000140632 1.38518e-06 -5.70476e-23
-0.00014061 1.39979e-06 -5.76494e-23
-0.000140584 1.41796e-06 -5.83978e-23
-0.000140554 1.43942e-06 -5.92816e-23
-0.000140522 1.46377e-06 -6.02845e-23
-0.000140487 1.49036e-06 -6.13797e-23
-0.00014045 1.51843e-06 -6.25355e-23
-0.000140413 1.54725e-06 -6.37223e-23
-0.000140376 1.57627e-06 -6.49176e-23
-0.000140339 1.60531e-06 -6.61135e-23
-0.000140302 1.63435e-06 -6.73096e-23
-0.000140265 1.66343e-06 -6.85073e-23
-0.000140227 1.69278e-06 -6.97162e-23
-0.000140188 1.72301e-06 -7.09612e-23
-0.000140146 1.75492e-06 -7.2275e-23
-0.000140101 1.78929e-06 -7.36905e-23
-0.000140052 1.8269e-06 -7.52397e-23
-0.000139997 1.8685e-06 -7.69529e-23
-0.000139936 1.91478e-06 -7.88589e-23
-0.000139869 1.96638e-06 -8.09842e-23
-0.000139794 2.02359e-06 -8.33403e-23
-0.000139711 2.08596e-06 -8.59088e-23
-0.000139623 2.15264e-06 -8.86552e-23
-0.00013953 2.22275e-06 -9.15427e-23
-0.000139432 2.29515e-06 -9.45241e-23
-0.000139332 2.36824e-06 -9.75343e-23
-0.000139232 2.4402e-06 -1.00498e-22
-0.000139133 2.50919e-06 -1.0334e-22
-0.000139038 2.57365e-06 -1.05994e-22
-0.000138948 2.63259e-06 -1.08421e-22
-0.000138863 2.68533e-06 -1.10593e-22
-0.000138784 2.73121e-06 -1.12483e-22
-0.000138712 2.76986e-06 -1.14075e-22
-0.000138646 2.80139e-06 -1.15373e-22
-0.000138587 2.82622e-06 -1.16396e-22
-0.000138535 2.8448e-06 -1.17161e-22
-0.000138488 2.85758e-06 -1.17688e-22
-0.000138446 2.8651e-06 -1.17997e-22
-0.000138409 2.86793e-06 -1.18114e-22
-0.000138376 2.86665e-06 -1.18061e-22
-0.000138348 2.86159e-06 -1.17853e-22
-0.000138324 2.85251e-06 -1.17479e-22
-0.000138305 2.83894e-06 -1.1692e-22
-0.000138292 2.8204e-06 -1.16156e-22
-0.000138286 2.79668e-06 -1.15179e-22
-0.000138285 2.76802e-06 -1.13999e-22
-0.00013829 2.7349e-06 -1.12635e-22
-0.0001383 2.69785e-06 -1.11109e-22
-0.000138314 2.65747e-06 -1.09446e-22
-0.000138333 2.61436e-06 -1.07671e-22
-0.000138354 2.56923e-06 -1.05812e-22
-0.000138378 2.52276e-06 -1.03898e-22
-0.000138404 2.4757e-06 -1.0196e-22
-0.00013843 2.42881e-06 -1.00029e-22
-0.000138457 2.38291e-06 -9.81386e-23
-0.000138482 2.3388e-06 -9.63219e-23
-0.000138506 2.2971e-06 -9.46047e-23
-0.000138527 2.2581e-06 -9.29984e-23
-0.000138547 2.22187e-06 -9.15061e-23
-0.000138564 2.18847e-06 -9.01308e-23
-0.000138579 2.15788e-06 -8.88708e-23
-0.000138592 2.12983e-06 -8.77155e-23
-0.000138603 2.10395e-06 -8.66498e-23
-0.000138612 2.07987e-06 -8.56581e-23
-0.00013862 2.05705e-06 -8.47181e-23
-0.000138629 2.03464e-06 -8.37955e-23
-0.000138638 2.01167e-06 -8.28491e-23
-0.000138648 1.98712e-06 -8.18383e-23
-0.000138662 1.96003e-06 -8.07227e-23
-0.000138679 1.92943e-06 -7.94621e-23
-0.000138701 1.89435e-06 -7.80176e-23
-0.000138728 1.85388e-06 -7.63508e-23
-0.000138761 1.80768e-06 -7.44479e-23
-0.000138798 1.75659e-06 -7.23438e-23
-0.000138839 1.70207e-06 -7.00985e-23
-0.00013888 1.64557e-06 -6.77717e-23
-0.000138921 1.58873e-06 -6.54307e-23
-0.00013896 1.53357e-06 -6.31593e-23
-0.000138993 1.48231e-06 -6.10478e-23
-0.000139019 1.43705e-06 -5.91838e-23
-0.000139036 1.39932e-06 -5.76301e-23
-0.000139044 1.36949e-06 -5.64014e-23
-0.000139042 1.34727e-06 -5.54864e-23
-0.000139033 1.33231e-06 -5.48702e-23
-0.000139015 1.3239e-06 -5.4524e-23
-0.000138992 1.32073e-06 -5.43935e-23
-0.000138964 1.32115e-06 -5.44107e-23
-0.000138935 1.32348e-06 -5.45066e-23
-0.000138905 1.32615e-06 -5.46165e-23
-0.000138877 1.32782e-06 -5.46853e-23
-0.000138852 1.32729e-06 -5.46637e-23
-0.000138832 1.32342e-06 -5.4504e-23
-0.000138817 1.31536e-06 -5.41721e-23
-0.000138808 1.30292e-06 -5.366e-23
-0.000138805 1.28628e-06 -5.29747e-23
-0.000138807 1.26567e-06 -5.21256e-23
-0.000138815 1.24136e-06 -5.11244e-23
-0.000138829 1.21369e-06 -4.9985e-23
-0.000138847 1.18305e-06 -4.87231e-23
-0.00013887 1.14988e-06 -4.73572e-23
-0.000138897 1.11461e-06 -4.59043e-23
-0.000138927 1.07749e-06 -4.43758e-23
-0.000138961 1.03877e-06 -4.27812e-23
-0.000138998 9.98734e-07 -4.11322e-23
-0.000139037 9.58013e-07 -3.94551e-23
-0.000139077 9.17924e-07 -3.78041e-23
-0.000139115 8.80133e-07 -3.62477e-23
-0.000139151 8.46313e-07 -3.48548e-23
-0.000139181 8.18079e-07 -3.3692e-23
-0.000139205 7.96934e-07 -3.28212e-23
-0.000139221 7.84293e-07 -3.23006e-23
-0.000139226 7.81523e-07 -3.21865e-23
-0.000139221 7.89503e-07 -3.25152e-23
-0.000139204 8.0818e-07 -3.32844e-23
-0.000139178 8.36986e-07 -3.44707e-23
-0.000139141 8.75291e-07 -3.60483e-23
-0.000139097 9.2174e-07 -3.79613e-23
-0.000139047 9.73561e-07 -4.00954e-23
-0.000138996 1.02725e-06 -4.23066e-23
-0.000138946 1.07932e-06 -4.44511e-23
-0.000138903 1.12651e-06 -4.63945e-23
-0.000138868 1.166e-06 -4.80211e-23
-0.000138844 1.19527e-06 -4.92264e-23
-0.000138834 1.21187e-06 -4.991e-23
-0.00013884 1.21386e-06 -4.99919e-23
-0.000138862 1.20024e-06 -4.94309e-23
-0.000138902 1.17053e-06 -4.82075e-23
-0.000138958 1.12439e-06 -4.63072e-23
-0.000139032 1.06228e-06 -4.37492e-23
-0.000139119 9.86235e-07 -4.06174e-23
-0.000139216 8.99124e-07 -3.70298e-23
-0.000139321 8.03847e-07 -3.31059e-23
-0.00013943 7.03469e-07 -2.89719e-23
-0.000139538 6.0135e-07 -2.47662e-23
-0.000139642 5.00958e-07 -2.06316e-23
-0.000139738 4.05686e-07 -1.67079e-23
-0.000139823 3.1856e-07 -1.31197e-23
-0.000139894 2.41951e-07 -9.96458e-24
-0.000139949 1.77813e-07 -7.32311e-24
-0.000139985 1.27941e-07 -5.26917e-24
-0.000140002 9.36365e-08 -3.85636e-24
-0.00014 7.5364e-08 -3.10382e-24
-0.000139977 7.30755e-08 -3.00956e-24
-0.000139936 8.65601e-08 -3.56492e-24
-0.000139876 1.15263e-07 -4.74702e-24
-0.0001398 1.58091e-07 -6.51089e-24
-0.000139709 2.13629e-07 -8.79816e-24
-0.000139605 2.80356e-07 -1.15463e-23
-0.00013949 3.56863e-07 -1.46972e-23
-0.000139366 4.42058e-07 -1.82058e-23
-0.000139235 5.35001e-07 -2.20336e-23
-0.000139096 6.34724e-07 -2.61407e-23
-0.000138954 7.3999e-07 -3.0476e-23
-0.000138809 8.49037e-07 -3.4967e-23
-0.000138665 9.59861e-07 -3.95313e-23
-0.000138523 1.07051e-06 -4.40882e-23
-0.000138387 1.17924e-06 -4.85661e-23
-0.000138257 1.28467e-06 -5.29084e-23
-0.000138135 1.38569e-06 -5.70687e-23
-0.000138023 1.48126e-06 -6.10049e-23
-0.000137921 1.57087e-06 -6.46953e-23
-0.000137829 1.65485e-06 -6.81541e-23
-0.000137746 1.73406e-06 -7.14161e-23
-0.000137671 1.80944e-06 -7.45204e-23
-0.000137603 1.88199e-06 -7.75087e-23
-0.00013754 1.95278e-06 -8.04239e-23
-0.000137482 2.02287e-06 -8.33106e-23
-0.000137427 2.0934e-06 -8.62154e-23
-0.000137374 2.16513e-06 -8.91694e-23
-0.000137322 2.238e-06 -9.21703e-23
-0.000137274 2.31153e-06 -9.51988e-23
-0.000137227 2.38528e-06 -9.82363e-23
-0.000137185 2.45807e-06 -1.01234e-22
-0.000137148 2.52718e-06 -1.0408e-22
-0.000137122 2.58914e-06 -1.06632e-22
-0.000137109 2.64055e-06 -1.08749e-22
-0.000137112 2.67861e-06 -1.10317e-22
-0.000137132 2.70164e-06 -1.11265e-22
-0.000137171 2.70862e-06 -1.11553e-22
-0.000137229 2.69861e-06 -1.1114e-22
-0.000137306 2.67148e-06 -1.10023e-22
-0.0001374 2.62861e-06 -1.08258e-22
-0.000137509 2.57218e-06 -1.05934e-22
-0.00013763 2.50441e-06 -1.03142e-22
-0.00013776 2.42776e-06 -9.99855e-23
-0.000137896 2.34507e-06 -9.65803e-23
-0.000138034 2.25941e-06 -9.30525e-23
-0.00013817 2.17377e-06 -8.95254e-23
-0.000138303 2.0907e-06 -8.61039e-23
-0.00013843 2.01186e-06 -8.28571e-23
-0.000138549 1.93844e-06 -7.98335e-23
-0.00013866 1.87152e-06 -7.70774e-23
-0.000138762 1.81152e-06 -7.4606e-23
-0.000138856 1.75761e-06 -7.23859e-23
-0.000138944 1.70832e-06 -7.03559e-23
-0.000139027 1.66209e-06 -6.84521e-23
-0.000139107 1.61711e-06 -6.65995e-23
-0.000139188 1.57105e-06 -6.47028e-23
-0.000139271 1.52137e-06 -6.26566e-23
-0.00013936 1.46552e-06 -6.03566e-23
-0.000139457 1.40129e-06 -5.77111e-23
-0.000139563 1.32701e-06 -5.46522e-23
-0.000139681 1.2414e-06 -5.11262e-23
-0.000139811 1.14324e-06 -4.70835e-23
-0.000139955 1.03185e-06 -4.24959e-23
-0.00014011 9.07517e-07 -3.73755e-23
-0.000140277 7.71089e-07 -3.17568e-23
-0.000140454 6.23485e-07 -2.56778e-23
-0.00014064 4.65792e-07 -1.91833e-23
-0.000140832 2.99344e-07 -1.23283e-23
-0.00014103 1.25614e-07 -5.17331e-24
-0.00014123 -5.39013e-08 2.21989e-24
-0.000141431 -2.37962e-07 9.8003e-24
-0.000141633 -4.25881e-07 1.75396e-23
-0.000141833 -6.17277e-07 2.54221e-23
-0.000142032 -8.11796e-07 3.34333e-23
-0.000142227 -1.00887e-06 4.15498e-23
-0.000142419 -1.2075e-06 4.97301e-23
-0.000142605 -1.40649e-06 5.79252e-23
-0.000142783 -1.60471e-06 6.60888e-23
-0.000142952 -1.80072e-06 7.41615e-23
-0.000143109 -1.99235e-06 8.20538e-23
-0.000143251 -2.17712e-06 8.96632e-23
-0.000143376 -2.35268e-06 9.68935e-23
-0.000143481 -2.51688e-06 1.03656e-22
-0.000143565 -2.66776e-06 1.0987e-22
-0.000143625 -2.80358e-06 1.15464e-22
-0.000143659 -2.9228e-06 1.20374e-22
-0.000143668 -3.02444e-06 1.2456e-22
-0.000143654 -3.10966e-06 1.28069e-22
-0.000143616 -3.1793e-06 1.30937e-22
-0.000143556 -3.23256e-06 1.33131e-22
-0.000143474 -3.27029e-06 1.34685e-22
-0.000143372 -3.29405e-06 1.35663e-22
-0.000143253 -3.30547e-06 1.36134e-22
-0.00014312 -3.3064e-06 1.36172e-22
-0.000142975 -3.29897e-06 1.35866e-22
-0.000142823 -3.28611e-06 1.35336e-22
-0.000142667 -3.27102e-06 1.34715e-22
-0.000142512 -3.25689e-06 1.34133e-22
-0.000142361 -3.24624e-06 1.33694e-22
-0.000142216 -3.24041e-06 1.33454e-22
-0.000142077 -3.24004e-06 1.33439e-22
-0.000141947 -3.24561e-06 1.33668e-22
-0.000141826 -3.25687e-06 1.34132e-22
-0.000141711 -3.27221e-06 1.34764e-22
-0.000141601 -3.28929e-06 1.35467e-22
-0.000141493 -3.30562e-06 1.3614e-22
-0.000141384 -3.31836e-06 1.36665e-22
-0.000141271 -3.32417e-06 1.36904e-22
-0.00014115 -3.31939e-06 1.36707e-22
-0.000141018 -3.30033e-06 1.35922e-22
-0.00014087 -3.26441e-06 1.34442e-22
-0.000140708 -3.21133e-06 1.32256e-22
-0.000140532 -3.14197e-06 1.294e-22
-0.000140343 -3.05721e-06 1.25909e-22
-0.000140142 -2.9581e-06 1.21827e-22
-0.000139931 -2.84605e-06 1.17213e-22
-0.00013971 -2.72264e-06 1.1213e-22
-0.000139483 -2.58943e-06 1.06644e-22
-0.00013925 -2.44748e-06 1.00798e-22
-0.00013901 -2.29681e-06 9.45924e-23
-0.000138763 -2.13686e-06 8.80053e-23
-0.00013851 -1.96727e-06 8.10205e-23
-0.000138248 -1.787e-06 7.35963e-23
-0.000137976 -1.59383e-06 6.56407e-23
-0.00013769 -1.38501e-06 5.70405e-23
-0.000137389 -1.15785e-06 4.76851e-23
-0.000137069 -9.10599e-07 3.75024e-23
-0.000136732 -6.43225e-07 2.64908e-23
-0.000136378 -3.56664e-07 1.4689e-23
-0.00013601 -5.19529e-08 2.13965e-24
-0.000135632 2.66091e-07 -1.09588e-23
-0.000135247 5.96398e-07 -2.45622e-23
-0.000134856 9.36911e-07 -3.8586e-23
-0.000134465 1.2827e-06 -5.28269e-23
-0.000134078 1.63092e-06 -6.71683e-23
-0.000133697 1.97782e-06 -8.14552e-23
-0.000133327 2.32077e-06 -9.55793e-23
-0.000132973 2.6566e-06 -1.0941e-22
-0.000132635 2.98299e-06 -1.22852e-22
-0.000132317 3.29828e-06 -1.35838e-22
-0.00013202 3.60144e-06 -1.48323e-22
-0.000131745 3.8916e-06 -1.60273e-22
-0.000131492 4.1681e-06 -1.71661e-22
-0.000131263 4.43089e-06 -1.82483e-22
-0.000131057 4.68039e-06 -1.92759e-22
-0.000130872 4.91704e-06 -2.02505e-22
-0.00013071 5.14109e-06 -2.11732e-22
-0.00013057 5.35205e-06 -2.20421e-22
-0.000130452 5.54914e-06 -2.28538e-22
-0.000130359 5.73176e-06 -2.36059e-22
-0.000130289 5.89959e-06 -2.4297e-22
-0.000130242 6.05256e-06 -2.49271e-22
-0.000130219 6.19092e-06 -2.54969e-22
-0.000130218 6.31492e-06 -2.60076e-22
-0.000130239 6.4248e-06 -2.64601e-22
-0.000130281 6.52059e-06 -2.68546e-22
-0.000130344 6.60227e-06 -2.7191e-22
-0.000130428 6.66983e-06 -2.74692e-22
-0.000130532 6.72395e-06 -2.76922e-22
-0.000130653 6.76674e-06 -2.78684e-22
-0.000130788 6.80096e-06 -2.80093e-22
-0.000130933 6.82934e-06 -2.81262e-22
-0.000131086 6.85448e-06 -2.82297e-22
-0.000131244 6.87883e-06 -2.833e-22
-0.000131403 6.90467e-06 -2.84364e-22
-0.000131563 6.93414e-06 -2.85578e-22
-0.00013172 6.96889e-06 -2.87009e-22
-0.000131875 7.00966e-06 -2.88688e-22
-0.000132025 7.05659e-06 -2.90621e-22
-0.00013217 7.10984e-06 -2.92814e-22
-0.000132313 7.16864e-06 -2.95235e-22
-0.000132457 7.23073e-06 -2.97793e-22
-0.000132604 7.29309e-06 -3.00361e-22
-0.000132758 7.3526e-06 -3.02812e-22
-0.000132923 7.40625e-06 -3.05021e-22
-0.000133103 7.45107e-06 -3.06867e-22
-0.000133299 7.48426e-06 -3.08234e-22
-0.000133516 7.50307e-06 -3.09009e-22
-0.000133755 7.50561e-06 -3.09113e-22
-0.000134017 7.49158e-06 -3.08536e-22
-0.000134301 7.46165e-06 -3.07303e-22
-0.000134606 7.41656e-06 -3.05446e-22
-0.000134932 7.35757e-06 -3.03017e-22
-0.000135274 7.28669e-06 -3.00098e-22
-0.000135631 7.20644e-06 -2.96792e-22
-0.000136 7.11939e-06 -2.93207e-22
-0.000136377 7.02779e-06 -2.89435e-22
-0.000136762 6.93291e-06 -2.85527e-22
-0.000137152 6.8356e-06 -2.8152e-22
-0.000137547 6.73678e-06 -2.7745e-22
-0.000137946 6.63691e-06 -2.73337e-22
-0.000138348 6.53545e-06 -2.69158e-22
-0.000138755 6.43139e-06 -2.64873e-22
-0.000139166 6.32379e-06 -2.60441e-22
-0.000139582 6.2118e-06 -2.55829e-22
-0.000140004 6.09477e-06 -2.51009e-22
-0.000140431 5.97219e-06 -2.45961e-22
-0.000140863 5.8436e-06 -2.40665e-22
-0.0001413 5.70898e-06 -2.3512e-22
-0.00014174 5.56906e-06 -2.29358e-22
-0.000142181 5.42501e-06 -2.23426e-22
-0.000142622 5.27803e-06 -2.17372e-22
-0.00014306 5.12934e-06 -2.11248e-22
-0.000143494 4.98019e-06 -2.05106e-22
-0.000143921 4.83185e-06 -1.98996e-22
-0.00014434 4.68555e-06 -1.92971e-22
-0.00014475 4.54239e-06 -1.87075e-22
-0.000145147 4.40324e-06 -1.81344e-22
-0.000145533 4.26876e-06 -1.75806e-22
-0.000145904 4.13959e-06 -1.70486e-22
-0.00014626 4.01624e-06 -1.65406e-22
-0.000146601 3.89904e-06 -1.60579e-22
-0.000146926 3.78819e-06 -1.56014e-22
-0.000147235 3.68383e-06 -1.51716e-22
-0.000147526 3.58616e-06 -1.47694e-22
-0.0001478 3.49563e-06 -1.43965e-22
-0.000148055 3.41275e-06 -1.40552e-22
-0.00014829 3.33799e-06 -1.37473e-22
-0.000148506 3.27212e-06 -1.3476e-22
-0.0001487 3.21673e-06 -1.32479e-22
-0.000148869 3.17374e-06 -1.30708e-22
-0.000149012 3.14498e-06 -1.29524e-22
-0.000149127 3.13221e-06 -1.28998e-22
-0.000149212 3.13723e-06 -1.29205e-22
-0.000149266 3.16176e-06 -1.30215e-22
-0.000149286 3.2074e-06 -1.32094e-22
-0.000149272 3.27482e-06 -1.34871e-22
-0.000149226 3.36305e-06 -1.38505e-22
-0.000149149 3.4702e-06 -1.42918e-22
-0.000149044 3.59425e-06 -1.48027e-22
-0.000148914 3.73208e-06 -1.53703e-22
-0.000148766 3.87835e-06 -1.59727e-22
-0.000148606 4.02662e-06 -1.65834e-22
-0.000148442 4.1705e-06 -1.71759e-22
-0.00014828 4.3036e-06 -1.77241e-22
-0.000148128 4.41945e-06 -1.82012e-22
-0.000147991 4.51169e-06 -1.85811e-22
-0.000147877 4.57417e-06 -1.88384e-22
-0.000147791 4.60188e-06 -1.89526e-22
-0.000147734 4.59189e-06 -1.89114e-22
-0.00014771 4.54244e-06 -1.87078e-22
-0.000147718 4.45211e-06 -1.83357e-22
-0.00014776 4.32029e-06 -1.77928e-22
-0.000147832 4.14787e-06 -1.70827e-22
-0.000147932 3.93658e-06 -1.62126e-22
-0.000148058 3.68833e-06 -1.51902e-22
-0.000148206 3.4059e-06 -1.4027e-22
-0.00014837 3.09359e-06 -1.27407e-22
-0.000148544 2.75652e-06 -1.13525e-22
-0.000148721 2.39978e-06 -9.88332e-23
-0.000148896 2.02835e-06 -8.35364e-23
-0.000149063 1.64707e-06 -6.78335e-23
-0.000149216 1.26054e-06 -5.19143e-23
-0.000149349 8.7314e-07 -3.59597e-23
-0.000149459 4.89142e-07 -2.0145e-23
-0.00014954 1.12786e-07 -4.64501e-24
-0.000149588 -2.51877e-07 1.03734e-23
-0.0001496 -6.0116e-07 2.47584e-23
-0.000149572 -9.32492e-07 3.84041e-23
-0.000149504 -1.24519e-06 5.12823e-23
-0.000149398 -1.53972e-06 6.34123e-23
-0.000149255 -1.8169e-06 7.48278e-23
-0.000149078 -2.07763e-06 8.5566e-23
-0.000148867 -2.32286e-06 9.56653e-23
-0.000148625 -2.55323e-06 1.05153e-22
-0.000148354 -2.76953e-06 1.14061e-22
-0.000148056 -2.97301e-06 1.22441e-22
-0.000147735 -3.16492e-06 1.30345e-22
-0.000147393 -3.34667e-06 1.3783e-22
-0.000147033 -3.51976e-06 1.44959e-22
-0.000146657 -3.68497e-06 1.51763e-22
-0.000146266 -3.84182e-06 1.58223e-22
-0.000145869 -3.99542e-06 1.64549e-22
-0.000145459 -4.1398e-06 1.70495e-22
-0.000145033 -4.27062e-06 1.75883e-22
-0.000144592 -4.389e-06 1.80758e-22
-0.000144136 -4.49207e-06 1.85003e-22
-0.000143664 -4.57976e-06 1.88614e-22
-0.000143177 -4.64972e-06 1.91496e-22
-0.000142672 -4.70068e-06 1.93595e-22
-0.000142148 -4.7301e-06 1.94806e-22
-0.000141605 -4.73613e-06 1.95054e-22
-0.000141035 -4.7156e-06 1.94209e-22
-0.000140441 -4.66826e-06 1.92259e-22
-0.000139826 -4.5934e-06 1.89176e-22
-0.000139188 -4.48975e-06 1.84907e-22
-0.000138528 -4.35707e-06 1.79443e-22
-0.000137847 -4.19577e-06 1.728e-22
-0.000137148 -4.00716e-06 1.65032e-22
-0.000136431 -3.79225e-06 1.56181e-22
-0.000135699 -3.55307e-06 1.46331e-22
-0.000134955 -3.29304e-06 1.35622e-22
-0.000134204 -3.01628e-06 1.24223e-22
-0.000133453 -2.72683e-06 1.12303e-22
-0.000132707 -2.42887e-06 1.00031e-22
-0.00013197 -2.12648e-06 8.75777e-23
-0.000131248 -1.82387e-06 7.51151e-23
-0.000130544 -1.52496e-06 6.28046e-23
-0.000129864 -1.23304e-06 5.07819e-23
-0.00012921 -9.49989e-07 3.91247e-23
-0.000128581 -6.76963e-07 2.78803e-23
-0.00012798 -4.14936e-07 1.70889e-23
-0.000127408 -1.63964e-07 6.75275e-24
-0.000126864 7.76769e-08 -3.19907e-24
-0.000126344 3.12608e-07 -1.28746e-23
-0.000125846 5.43603e-07 -2.23879e-23
-0.000125368 7.72967e-07 -3.18341e-23
-0.000124908 1.00203e-06 -4.12681e-23
-0.000124467 1.23162e-06 -5.07232e-23
-0.000124043 1.4626e-06 -6.02362e-23
-0.000123636 1.69508e-06 -6.98107e-23
-0.000123249 1.92751e-06 -7.93831e-23
-0.000122885 2.15753e-06 -8.88563e-23
-0.000122546 2.38288e-06 -9.81372e-23
-0.000122235 2.60087e-06 -1.07115e-22
-0.000121957 2.80791e-06 -1.15642e-22
-0.000121715 3e-06 -1.23553e-22
-0.000121515 3.17334e-06 -1.30692e-22
-0.000121359 3.32428e-06 -1.36908e-22
-0.000121253 3.44931e-06 -1.42057e-22
-0.000121198 3.54508e-06 -1.46002e-22
-0.000121198 3.60857e-06 -1.48617e-22
-0.000121256 3.63774e-06 -1.49818e-22
-0.00012137 3.63238e-06 -1.49597e-22
-0.000121539 3.5933e-06 -1.47987e-22
-0.000121761 3.52157e-06 -1.45034e-22
-0.000122035 3.41856e-06 -1.40791e-22
-0.000122356 3.2859e-06 -1.35328e-22
-0.000122723 3.12546e-06 -1.2872e-22
-0.000123131 2.93926e-06 -1.21052e-22
-0.000123579 2.72863e-06 -1.12377e-22
-0.000124059 2.49953e-06 -1.02941e-22
-0.000124563 2.25844e-06 -9.30125e-23
-0.000125083 2.01017e-06 -8.27875e-23
-0.000125614 1.76024e-06 -7.24942e-23
-0.000126149 1.51277e-06 -6.23022e-23
-0.000126682 1.27188e-06 -5.23817e-23
-0.00012721 1.04112e-06 -4.28779e-23
-0.000127727 8.23782e-07 -3.39269e-23
-0.00012823 6.22398e-07 -2.5633e-23
-0.000128717 4.39096e-07 -1.80839e-23
-0.000129184 2.75552e-07 -1.13484e-23
-0.000129631 1.32218e-07 -5.44532e-24
-0.000130059 7.33309e-09 -3.02008e-25
-0.000130471 -1.02134e-07 4.20631e-24
-0.000130872 -1.99552e-07 8.2184e-24
-0.000131264 -2.88752e-07 1.18921e-23
-0.000131653 -3.74212e-07 1.54117e-23
-0.000132046 -4.62485e-07 1.90471e-23
-0.000132448 -5.57554e-07 2.29625e-23
-0.000132863 -6.63567e-07 2.73285e-23
-0.000133297 -7.85706e-07 3.23588e-23
-0.000133754 -9.27954e-07 3.82172e-23
-0.000134239 -1.09492e-06 4.50936e-23
-0.000134758 -1.29055e-06 5.31505e-23
-0.000135313 -1.5189e-06 6.2555e-23
-0.000135908 -1.78345e-06 7.34501e-23
-0.000136546 -2.08771e-06 8.5981e-23
-0.000137228 -2.43491e-06 1.0028e-22
-0.000137959 -2.82768e-06 1.16456e-22
-0.000138743 -3.26844e-06 1.34608e-22
-0.000139581 -3.75925e-06 1.54822e-22
-0.000140474 -4.30131e-06 1.77147e-22
-0.000141421 -4.89467e-06 2.01584e-22
-0.00014242 -5.53848e-06 2.28099e-22
-0.000143467 -6.23119e-06 2.56627e-22
-0.00014456 -6.97106e-06 2.87099e-22
-0.000145695 -7.75517e-06 3.19392e-22
-0.000146866 -8.57948e-06 3.5334e-22
-0.000148067 -9.43998e-06 3.88779e-22
-0.000149293 -1.03319e-05 4.25513e-22
-0.000150534 -1.12499e-05 4.63321e-22
-0.000151785 -1.21881e-05 5.0196e-22
-0.000153036 -1.31406e-05 5.41188e-22
-0.00015428 -1.41009e-05 5.80738e-22
-0.000155507 -1.50617e-05 6.20307e-22
-0.000156707 -1.60152e-05 6.59575e-22
-0.000157872 -1.69537e-05 6.98228e-22
-0.000158992 -1.78704e-05 7.35979e-22
-0.000160059 -1.87592e-05 7.72583e-22
-0.000161069 -1.9615e-05 8.0783e-22
-0.000162013 -2.0433e-05 8.41519e-22
-0.000162888 -2.12091e-05 8.73481e-22
-0.00016369 -2.194e-05 9.03584e-22
-0.000164415 -2.26234e-05 9.31728e-22
-0.000165061 -2.32571e-05 9.57827e-22
-0.000165627 -2.38396e-05 9.81818e-22
-0.000166112 -2.437e-05 1.00366e-21
-0.000166514 -2.48479e-05 1.02335e-21
-0.000166836 -2.52733e-05 1.04086e-21
-0.000167076 -2.5646e-05 1.05621e-21
-0.000167236 -2.59656e-05 1.06938e-21
-0.000167315 -2.62316e-05 1.08033e-21
-0.000167313 -2.64437e-05 1.08906e-21
-0.000167232 -2.66015e-05 1.09557e-21
-0.00016707 -2.67046e-05 1.09981e-21
-0.000166829 -2.6752e-05 1.10176e-21
-0.000166509 -2.67434e-05 1.10141e-21
-0.00016611 -2.66785e-05 1.09874e-21
-0.000165633 -2.6557e-05 1.09373e-21
-0.000165078 -2.63789e-05 1.0864e-21
-0.000164448 -2.61445e-05 1.07674e-21
-0.000163743 -2.5854e-05 1.06478e-21
-0.00016296 -2.55069e-05 1.05049e-21
-0.000162104 -2.51044e-05 1.03391e-21
-0.000161178 -2.46474e-05 1.01509e-21
-0.000160184 -2.41366e-05 9.9405e-22
-0.000159124 -2.3574e-05 9.70878e-22
-0.000158001 -2.29614e-05 9.45648e-22
-0.00015682 -2.23011e-05 9.18457e-22
-0.000155583 -2.15957e-05 8.89402e-22
-0.000154295 -2.08482e-05 8.58618e-22
-0.000152961 -2.00621e-05 8.26245e-22
-0.000151586 -1.9241e-05 7.92428e-22
-0.000150174 -1.83888e-05 7.5733e-22
-0.000148732 -1.75103e-05 7.21151e-22
-0.000147268 -1.66109e-05 6.84108e-22
-0.000145787 -1.56957e-05 6.46417e-22
-0.000144295 -1.47692e-05 6.0826e-22
-0.000142796 -1.38341e-05 5.69748e-22
-0.000141289 -1.28924e-05 5.30963e-22
-0.000139778 -1.19455e-05 4.91969e-22
-0.00013827 -1.09947e-05 4.5281e-22
-0.000136763 -1.00397e-05 4.13477e-22
-0.00013526 -9.07941e-06 3.73929e-22
-0.000133759 -8.11309e-06 3.34132e-22
-0.000132258 -7.13977e-06 2.94046e-22
-0.00013076 -6.15913e-06 2.5366e-22
-0.000129268 -5.17089e-06 2.1296e-22
-0.000127781 -4.17484e-06 1.71938e-22
-0.000126302 -3.17157e-06 1.30619e-22
-0.000124836 -2.16343e-06 8.90996e-23
-0.000123386 -1.15362e-06 4.75109e-23
-0.000121958 -1.45283e-07 5.9834e-24
-0.000120558 8.58055e-07 -3.53384e-23
-0.00011919 1.85211e-06 -7.62779e-23
-0.000117862 2.83229e-06 -1.16646e-22
-0.00011658 3.79418e-06 -1.56261e-22
-0.00011535 4.7339e-06 -1.94962e-22
-0.000114175 5.6485e-06 -2.3263e-22
-0.00011306 6.53561e-06 -2.69165e-22
-0.000112007 7.39317e-06 -3.04483e-22
-0.00011102 8.21979e-06 -3.38527e-22
-0.000110099 9.01514e-06 -3.71282e-22
-0.000109257 9.77107e-06 -4.02415e-22
-0.000108485 1.0494e-05 -4.3219e-22
-0.000107777 1.11892e-05 -4.60821e-22
-0.000107138 1.1853e-05 -4.88156e-22
-0.000106566 1.24867e-05 -5.14258e-22
-0.000106063 1.30887e-05 -5.39051e-22
-0.00010563 1.36591e-05 -5.62542e-22
-0.000105267 1.41958e-05 -5.84644e-22
-0.000104976 1.46976e-05 -6.05312e-22
-0.000104758 1.51629e-05 -6.24473e-22
-0.000104615 1.55905e-05 -6.42085e-22
-0.000104545 1.59795e-05 -6.58104e-22
-0.000104549 1.63291e-05 -6.72504e-22
-0.000104628 1.66389e-05 -6.85263e-22
-0.000104779 1.69085e-05 -6.96366e-22
-0.000105002 1.71376e-05 -7.058e-22
-0.000105297 1.7326e-05 -7.13558e-22
-0.000105663 1.74735e-05 -7.19636e-22
-0.000106097 1.75799e-05 -7.24016e-22
-0.000106601 1.76438e-05 -7.26647e-22
-0.000107176 1.76635e-05 -7.27461e-22
-0.00010782 1.76376e-05 -7.26394e-22
-0.000108535 1.75645e-05 -7.23381e-22
-0.000109321 1.74423e-05 -7.1835e-22
-0.000110179 1.72694e-05 -7.1123e-22
-0.000111109 1.70441e-05 -7.01951e-22
-0.00011211 1.67654e-05 -6.90472e-22
-0.000113182 1.64336e-05 -6.76805e-22
-0.000114321 1.60496e-05 -6.60994e-22
-0.000115525 1.56147e-05 -6.43081e-22
-0.000116792 1.51305e-05 -6.2314e-22
-0.000118115 1.46003e-05 -6.01305e-22
-0.00011949 1.40282e-05 -5.77741e-22
-0.000120905 1.34191e-05 -5.52657e-22
-0.000122359 1.27764e-05 -5.26186e-22
-0.00012385 1.2104e-05 -4.98496e-22
-0.000125368 1.14073e-05 -4.69801e-22
-0.000126911 1.06903e-05 -4.40275e-22
-0.000128471 9.95754e-06 -4.10095e-22
-0.000130046 9.21156e-06 -3.79372e-22
-0.000131623 8.45451e-06 -3.48193e-22
-0.000133202 7.6889e-06 -3.16662e-22
-0.000134788 6.91653e-06 -2.84853e-22
-0.000136376 6.13852e-06 -2.52811e-22
-0.000137967 5.35589e-06 -2.20579e-22
-0.00013956 4.56925e-06 -1.88181e-22
-0.000141152 3.77903e-06 -1.55637e-22
-0.000142746 2.98412e-06 -1.22899e-22
-0.000144341 2.18307e-06 -8.99083e-23
-0.00014594 1.37429e-06 -5.65992e-23
-0.000147543 5.56409e-07 -2.29153e-23
-0.00014915 -2.72129e-07 1.12074e-23
-0.000150764 -1.11293e-06 4.58354e-23
-0.000152383 -1.96712e-06 8.10146e-23
-0.000154008 -2.8349e-06 1.16753e-22
-0.000155636 -3.71559e-06 1.53024e-22
-0.000157265 -4.60758e-06 1.8976e-22
-0.00015889 -5.50904e-06 2.26886e-22
-0.000160507 -6.41731e-06 2.64293e-22
-0.000162111 -7.32833e-06 3.01812e-22
-0.000163695 -8.23728e-06 3.39247e-22
-0.000165251 -9.13916e-06 3.7639e-22
-0.000166779 -1.00337e-05 4.1323e-22
-0.000168264 -1.0911e-05 4.49363e-22
-0.000169697 -1.17625e-05 4.84432e-22
-0.000171069 -1.2584e-05 5.18264e-22
-0.000172373 -1.33686e-05 5.50575e-22
-0.000173603 -1.41125e-05 5.81215e-22
-0.000174751 -1.48114e-05 6.09997e-22
-0.000175814 -1.54619e-05 6.36789e-22
-0.000176786 -1.60611e-05 6.61465e-22
-0.000177665 -1.66079e-05 6.83986e-22
-0.00017845 -1.7102e-05 7.04336e-22
-0.00017914 -1.75437e-05 7.22527e-22
-0.000179734 -1.79331e-05 7.38563e-22
-0.000180232 -1.82703e-05 7.52449e-22
-0.000180634 -1.85553e-05 7.64188e-22
-0.000180939 -1.87887e-05 7.73799e-22
-0.000181148 -1.89712e-05 7.81316e-22
-0.000181263 -1.9104e-05 7.86785e-22
-0.000181284 -1.91885e-05 7.90266e-22
-0.000181215 -1.92265e-05 7.91831e-22
-0.000181058 -1.92197e-05 7.9155e-22
-0.000180813 -1.91693e-05 7.89475e-22
-0.000180484 -1.90764e-05 7.85651e-22
-0.000180072 -1.89425e-05 7.80134e-22
-0.000179578 -1.87684e-05 7.72964e-22
-0.000179004 -1.8554e-05 7.64135e-22
-0.000178351 -1.82988e-05 7.53623e-22
-0.000177618 -1.80023e-05 7.41413e-22
-0.000176805 -1.7664e-05 7.2748e-22
-0.000175914 -1.72828e-05 7.1178e-22
-0.000174943 -1.68573e-05 6.94259e-22
-0.000173893 -1.63866e-05 6.7487e-22
-0.000172764 -1.58696e-05 6.5358e-22
-0.000171556 -1.53061e-05 6.30372e-22
-0.000170272 -1.46958e-05 6.05239e-22
-0.000168912 -1.40389e-05 5.78183e-22
-0.000167479 -1.33362e-05 5.49242e-22
-0.000165976 -1.25901e-05 5.18514e-22
-0.00016441 -1.18039e-05 4.86135e-22
-0.000162784 -1.0981e-05 4.52243e-22
-0.000161104 -1.0125e-05 4.16991e-22
-0.000159376 -9.24007e-06 3.80546e-22
-0.000157607 -8.33049e-06 3.43086e-22
-0.000155802 -7.4006e-06 3.04789e-22
-0.000153974 -6.45979e-06 2.66042e-22
-0.000152127 -5.51054e-06 2.26948e-22
-0.000150264 -4.5562e-06 1.87644e-22
-0.000148396 -3.6044e-06 1.48445e-22
-0.000146527 -2.65938e-06 1.09525e-22
-0.000144665 -1.72695e-06 7.11231e-23
-0.000142817 -8.11385e-07 3.34164e-23
-0.00014099 8.24258e-08 -3.39465e-24
-0.000139188 9.50307e-07 -3.91377e-23
-0.000137417 1.78788e-06 -7.36326e-23
-0.000135683 2.59117e-06 -1.06716e-22
-0.000133983 3.35592e-06 -1.38211e-22
-0.000132323 4.07898e-06 -1.6799e-22
-0.000130708 4.7582e-06 -1.95963e-22
-0.000129146 5.38891e-06 -2.21939e-22
-0.000127646 5.96766e-06 -2.45774e-22
-0.000126209 6.49204e-06 -2.6737e-22
-0.000124841 6.95892e-06 -2.86599e-22
-0.000123544 7.36601e-06 -3.03364e-22
-0.000122322 7.71073e-06 -3.17561e-22
-0.000121177 7.99118e-06 -3.29111e-22
-0.000120112 8.20563e-06 -3.37943e-22
-0.00011913 8.35286e-06 -3.44007e-22
-0.000118231 8.43171e-06 -3.47254e-22
-0.000117417 8.44077e-06 -3.47628e-22
-0.000116693 8.37797e-06 -3.45041e-22
-0.000116059 8.24108e-06 -3.39403e-22
-0.00011552 8.02795e-06 -3.30626e-22
-0.000115078 7.73626e-06 -3.18613e-22
-0.000114736 7.36295e-06 -3.03238e-22
-0.000114498 6.9047e-06 -2.84366e-22
-0.000114368 6.35854e-06 -2.61872e-22
-0.000114348 5.72168e-06 -2.35644e-22
-0.000114449 4.98621e-06 -2.05354e-22
-0.000114673 4.14891e-06 -1.7087e-22
-0.000115016 3.21299e-06 -1.32325e-22
-0.000115479 2.1769e-06 -8.96541e-23
-0.000116062 1.03913e-06 -4.27961e-23
-0.000116767 -2.01159e-07 8.28459e-24
-0.000117591 -1.54461e-06 6.36136e-23
-0.000118536 -2.99141e-06 1.23199e-22
-0.000119599 -4.54169e-06 1.87046e-22
-0.000120779 -6.19525e-06 2.55147e-22
-0.000122074 -7.95152e-06 3.27478e-22
-0.00012348 -9.80951e-06 4.03998e-22
-0.000124996 -1.17678e-05 4.84651e-22
-0.000126616 -1.38247e-05 5.69363e-22
-0.000128338 -1.59781e-05 6.58049e-22
-0.000130153 -1.82243e-05 7.50555e-22
-0.000132054 -2.05562e-05 8.46595e-22
-0.000134028 -2.29654e-05 9.45816e-22
-0.000136064 -2.54432e-05 1.04786e-21
-0.000138149 -2.79797e-05 1.15232e-21
-0.000140268 -3.05625e-05 1.2587e-21
-0.000142405 -3.31782e-05 1.36642e-21
-0.000144543 -3.58136e-05 1.47496e-21
-0.000146666 -3.84547e-05 1.58373e-21
-0.000148756 -4.10857e-05 1.69209e-21
-0.000150793 -4.36901e-05 1.79935e-21
-0.000152759 -4.62523e-05 1.90487e-21
-0.000154639 -4.87575e-05 2.00804e-21
-0.000156418 -5.11926e-05 2.10833e-21
-0.000158083 -5.35456e-05 2.20524e-21
-0.000159622 -5.58057e-05 2.29832e-21
-0.000161027 -5.7964e-05 2.38721e-21
-0.000162292 -6.00148e-05 2.47167e-21
-0.000163415 -6.19545e-05 2.55155e-21
-0.000164393 -6.37803e-05 2.62675e-21
-0.00016523 -6.54924e-05 2.69726e-21
-0.000165931 -6.70948e-05 2.76326e-21
-0.000166506 -6.85943e-05 2.82501e-21
-0.000166964 -6.99981e-05 2.88282e-21
-0.000167316 -7.1314e-05 2.93702e-21
-0.000167574 -7.25502e-05 2.98793e-21
-0.000167749 -7.37156e-05 3.03593e-21
-0.000167851 -7.48185e-05 3.08135e-21
-0.000167892 -7.58671e-05 3.12454e-21
-0.000167883 -7.68681e-05 3.16576e-21
-0.000167832 -7.78272e-05 3.20526e-21
-0.000167746 -7.87498e-05 3.24326e-21
-0.000167632 -7.964e-05 3.27992e-21
-0.000167492 -8.04992e-05 3.31531e-21
-0.000167327 -8.13275e-05 3.34942e-21
-0.000167139 -8.21243e-05 3.38223e-21
-0.000166925 -8.2888e-05 3.41369e-21
-0.000166684 -8.36157e-05 3.44366e-21
-0.000166411 -8.43033e-05 3.47197e-21
-0.000166101 -8.49464e-05 3.49846e-21
-0.000165749 -8.55399e-05 3.52291e-21
-0.000165347 -8.60778e-05 3.54506e-21
-0.00016489 -8.65536e-05 3.56465e-21
-0.000164368 -8.69606e-05 3.58141e-21
-0.000163775 -8.72921e-05 3.59507e-21
-0.000163102 -8.75419e-05 3.60536e-21
-0.000162342 -8.77042e-05 3.61204e-21
-0.000161488 -8.77731e-05 3.61488e-21
-0.000160536 -8.77435e-05 3.61366e-21
-0.00015948 -8.76109e-05 3.6082e-21
-0.000158318 -8.73716e-05 3.59834e-21
-0.000157045 -8.70223e-05 3.58396e-21
-0.000155659 -8.65603e-05 3.56493e-21
-0.000154159 -8.59835e-05 3.54117e-21
-0.000152545 -8.52908e-05 3.51265e-21
-0.000150816 -8.44815e-05 3.47932e-21
-0.000148974 -8.35549e-05 3.44115e-21
-0.000147019 -8.25097e-05 3.39811e-21
-0.000144953 -8.13447e-05 3.35013e-21
-0.000142775 -8.00592e-05 3.29719e-21
-0.000140488 -7.86528e-05 3.23926e-21
-0.000138096 -7.71252e-05 3.17635e-21
-0.000135599 -7.54763e-05 3.10844e-21
-0.000133003 -7.37065e-05 3.03555e-21
-0.000130311 -7.18178e-05 2.95777e-21
-0.000127532 -6.98142e-05 2.87525e-21
-0.000124675 -6.7701e-05 2.78822e-21
-0.000121748 -6.5484e-05 2.69691e-21
-0.000118763 -6.31701e-05 2.60162e-21
-0.000115733 -6.07689e-05 2.50273e-21
-0.000112673 -5.8291e-05 2.40068e-21
-0.000109597 -5.57471e-05 2.29591e-21
-0.000106523 -5.31501e-05 2.18895e-21
-0.000103471 -5.05173e-05 2.08052e-21
-0.000100465 -4.78677e-05 1.9714e-21
-9.75261e-05 -4.52202e-05 1.86237e-21
-9.46784e-05 -4.25942e-05 1.75421e-21
-9.19455e-05 -4.00107e-05 1.64782e-21
-8.93516e-05 -3.74913e-05 1.54405e-21
-8.69194e-05 -3.50564e-05 1.44378e-21
-8.46707e-05 -3.27261e-05 1.3478e-21
-8.26262e-05 -3.05199e-05 1.25694e-21
-8.08053e-05 -2.84568e-05 1.17198e-21
-7.92257e-05 -2.65546e-05 1.09363e-21
-7.79023e-05 -2.48287e-05 1.02255e-21
-7.68463e-05 -2.3292e-05 9.59264e-22
-7.60664e-05 -2.19552e-05 9.0421e-22
-7.55694e-05 -2.08278e-05 8.57778e-22
-7.53587e-05 -1.99167e-05 8.20254e-22
-7.54339e-05 -1.92251e-05 7.91773e-22
-7.57913e-05 -1.8754e-05 7.7237e-22
-7.64261e-05 -1.85032e-05 7.62042e-22
-7.73304e-05 -1.84702e-05 7.60684e-22
-7.84922e-05 -1.86483e-05 7.68018e-22
-7.98966e-05 -1.90284e-05 7.8367e-22
-8.15284e-05 -1.96011e-05 8.07256e-22
-8.33718e-05 -2.03561e-05 8.3835e-22
-8.5409e-05 -2.12814e-05 8.7646e-22
-8.76222e-05 -2.23645e-05 9.21067e-22
-8.99939e-05 -2.35931e-05 9.71664e-22
-9.25072e-05 -2.49548e-05 1.02775e-21
-9.51454e-05 -2.64375e-05 1.08881e-21
-9.78926e-05 -2.80291e-05 1.15436e-21
-0.000100734 -2.97182e-05 1.22392e-21
-0.000103657 -3.14947e-05 1.29709e-21
-0.00010665 -3.33497e-05 1.37348e-21
-0.000109703 -3.52753e-05 1.45279e-21
-0.000112808 -3.72645e-05 1.53471e-21
-0.000115958 -3.93118e-05 1.61903e-21
-0.00011915 -4.14132e-05 1.70558e-21
-0.00012238 -4.3566e-05 1.79424e-21
-0.000125647 -4.57681e-05 1.88493e-21
-0.00012895 -4.80182e-05 1.9776e-21
-0.000132288 -5.03155e-05 2.07221e-21
-0.000135662 -5.26601e-05 2.16877e-21
-0.000139073 -5.50519e-05 2.26728e-21
-0.000142522 -5.74904e-05 2.3677e-21
-0.000146005 -5.99732e-05 2.46995e-21
-0.00014952 -6.2497e-05 2.5739e-21
-0.000153064 -6.50583e-05 2.67938e-21
-0.00015663 -6.76517e-05 2.78619e-21
-0.000160208 -7.02679e-05 2.89394e-21
-0.000163786 -7.28955e-05 3.00215e-21
-0.00016735 -7.55229e-05 3.11036e-21
-0.000170885 -7.81368e-05 3.21801e-21
-0.000174372 -8.07212e-05 3.32445e-21
-0.000177792 -8.32585e-05 3.42895e-21
-0.000181124 -8.57313e-05 3.53079e-21
-0.000184336 -8.81216e-05 3.62923e-21
-0.000187415 -9.04117e-05 3.72355e-21
-0.000190345 -9.25841e-05 3.81302e-21
-0.000193102 -9.46214e-05 3.89692e-21
-0.000195655 -9.65079e-05 3.97461e-21
-0.000197994 -9.8229e-05 4.0455e-21
-0.000200116 -9.97721e-05 4.10905e-21
-0.000201998 -0.000101125 4.16478e-21
-0.000203632 -0.000102278 4.21226e-21
-0.000205006 -0.000103223 4.25118e-21
-0.000206117 -0.000103954 4.28129e-21
-0.000206956 -0.000104467 4.30239e-21
-0.000207522 -0.000104758 4.31437e-21
-0.000207817 -0.000104828 4.31729e-21
-0.000207847 -0.000104683 4.31131e-21
-0.000207616 -0.000104327 4.29662e-21
-0.000207134 -0.000103765 4.27347e-21
-0.000206411 -0.000103005 4.2422e-21
-0.000205459 -0.000102057 4.20317e-21
-0.000204293 -0.000100931 4.15678e-21
-0.000202924 -9.96364e-05 4.10346e-21
-0.000201369 -9.81835e-05 4.04362e-21
-0.000199641 -9.65835e-05 3.97773e-21
-0.000197757 -9.48471e-05 3.90621e-21
-0.000195729 -9.29838e-05 3.82948e-21
-0.000193571 -9.1001e-05 3.74782e-21
-0.000191291 -8.89046e-05 3.66148e-21
-0.000188898 -8.67e-05 3.57068e-21
-0.000186403 -8.43918e-05 3.47562e-21
-0.00018381 -8.1983e-05 3.37642e-21
-0.000181125 -7.94758e-05 3.27316e-21
-0.000178353 -7.68715e-05 3.1659e-21
-0.000175497 -7.41712e-05 3.05469e-21
-0.00017256 -7.13758e-05 2.93956e-21
-0.000169546 -6.84859e-05 2.82055e-21
-0.000166456 -6.55016e-05 2.69764e-21
-0.000163293 -6.24229e-05 2.57085e-21
-0.000160058 -5.92507e-05 2.4402e-21
-0.00015674 -5.59865e-05 2.30577e-21
-0.000153348 -5.26303e-05 2.16755e-21
-0.000149893 -4.91832e-05 2.02558e-21
-0.000146373 -4.56473e-05 1.87995e-21
-0.000142784 -4.20251e-05 1.73078e-21
-0.000139134 -3.83194e-05 1.57816e-21
-0.000135432 -3.45319e-05 1.42217e-21
-0.000131675 -3.0663e-05 1.26283e-21
-0.000127864 -2.67124e-05 1.10013e-21
-0.000123998 -2.26799e-05 9.34058e-22
-0.000120078 -1.85653e-05 7.64598e-22
-0.000116102 -1.43675e-05 5.91717e-22
-0.000112071 -1.00858e-05 4.15378e-22
-0.000107983 -5.71985e-06 2.35568e-22
-0.00010384 -1.27011e-06 5.23088e-23
-9.96448e-05 3.26158e-06 -1.34326e-22
-9.54012e-05 7.87237e-06 -3.24218e-22
-9.11905e-05 1.25042e-05 -5.14977e-22
-8.69655e-05 1.71873e-05 -7.07846e-22
-8.26955e-05 2.19471e-05 -9.03875e-22
-7.8417e-05 2.67574e-05 -1.10199e-21
-7.41216e-05 3.16237e-05 -1.3024e-21
-6.9835e-05 3.65279e-05 -1.50438e-21
-6.55625e-05 4.1465e-05 -1.70771e-21
-6.13277e-05 4.64182e-05 -1.9117e-21
-5.71432e-05 5.13772e-05 -2.11594e-21
-5.30313e-05 5.63258e-05 -2.31974e-21
-4.90101e-05 6.12499e-05 -2.52253e-21
-4.51023e-05 6.61322e-05 -2.72361e-21
-4.13286e-05 7.09572e-05 -2.92232e-21
-3.77115e-05 7.57074e-05 -3.11796e-21
-3.42725e-05 8.03665e-05 -3.30984e-21
-3.10339e-05 8.49172e-05 -3.49726e-21
-2.80169e-05 8.93433e-05 -3.67954e-21
-2.52418e-05 9.36289e-05 -3.85605e-21
-2.2727e-05 9.776e-05 -4.02618e-21
-2.04893e-05 0.000101724 -4.18942e-21
-1.85269e-05 0.00010551 -4.34537e-21
-1.68652e-05 0.000109107 -4.4935e-21
-1.55255e-05 0.000112503 -4.63335e-21
-1.45114e-05 0.00011569 -4.76463e-21
-1.38339e-05 0.000118662 -4.88703e-21
-1.3498e-05 0.000121413 -5.00032e-21
-1.35123e-05 0.000123937 -5.10427e-21
-1.38782e-05 0.000126231 -5.19875e-21
-1.4599e-05 0.000128292 -5.28363e-21
-1.56727e-05 0.00013012 -5.35892e-21
-1.70944e-05 0.000131719 -5.42475e-21
-1.88548e-05 0.000133094 -5.48137e-21
-2.09433e-05 0.000134252 -5.52908e-21
-2.33469e-05 0.000135203 -5.56827e-21
-2.60493e-05 0.00013596 -5.59942e-21
-2.90315e-05 0.000136536 -5.62314e-21
-3.22739e-05 0.000136946 -5.64002e-21
-3.57572e-05 0.000137205 -5.65069e-21
-3.94634e-05 0.000137326 -5.65569e-21
-4.3375e-05 0.000137323 -5.65554e-21
-4.74473e-05 0.000137206 -5.65075e-21
-5.16787e-05 0.000136991 -5.64186e-21
-5.60691e-05 0.000136686 -5.62933e-21
-6.05829e-05 0.000136302 -5.61352e-21
-6.52228e-05 0.000135849 -5.59483e-21
-6.99757e-05 0.000135333 -5.57362e-21
-7.48299e-05 0.000134764 -5.55016e-21
-7.97772e-05 0.000134146 -5.52471e-21
-8.48055e-05 0.000133486 -5.49753e-21
-8.99074e-05 0.000132789 -5.46882e-21
-9.5075e-05 0.000132057 -5.4387e-21
-0.000100304 0.000131293 -5.40723e-21
-0.000105588 0.000130498 -5.37449e-21
-0.000110921 0.000129675 -5.34056e-21
-0.000116298 0.000128823 -5.30551e-21
-0.000121713 0.000127946 -5.26938e-21
-0.000127159 0.000127045 -5.23227e-21
-0.000132631 0.000126121 -5.19423e-21
-0.000138123 0.000125176 -5.15529e-21
-0.00014363 0.000124209 -5.11547e-21
-0.000149146 0.000123221 -5.07479e-21
-0.000154666 0.000122214 -5.03329e-21
-0.000160183 0.000121186 -4.99096e-21
-0.000165692 0.000120137 -4.94777e-21
-0.000171188 0.000119068 -4.90375e-21
-0.000176664 0.000117979 -4.85888e-21
-0.000182114 0.000116869 -4.81317e-21
-0.00018753 0.000115738 -4.76661e-21
-0.000192907 0.000114587 -4.71919e-21
-0.000198236 0.000113416 -4.67095e-21
-0.000203507 0.000112225 -4.62193e-21
-0.00020856 0.000111024 -4.57246e-21
-0.000213305 0.000109815 -4.52264e-21
-0.000217906 0.000108594 -4.47236e-21
-0.000222418 0.000107366 -4.42181e-21
-0.000226604 0.00010614 -4.37131e-21
-0.000230494 0.000104921 -4.3211e-21
-0.000234298 0.000103718 -4.27156e-21
-0.000237966 0.000102546 -4.22329e-21
-0.000241474 0.000101421 -4.17696e-21
-0.000244808 0.000100357 -4.13312e-21
-0.000247944 9.93668e-05 -4.09235e-21
-0.000250867 9.84655e-05 -4.05524e-21
-0.000253556 9.76673e-05 -4.02236e-21
-0.00025601 9.69826e-05 -3.99416e-21
-0.00025785 9.64496e-05 -3.97221e-21
-0.000259077 9.60731e-05 -3.95671e-21
-0.000260073 9.58348e-05 -3.94689e-21
-0.000260818 9.5752e-05 -3.94348e-21
-0.00026131 9.58286e-05 -3.94664e-21
-0.000261546 9.60714e-05 -3.95664e-21
-0.000261525 9.64834e-05 -3.97361e-21
-0.000261247 9.70666e-05 -3.99762e-21
-0.000260717 9.78215e-05 -4.02871e-21
-0.000259939 9.87498e-05 -4.06694e-21
-0.000258918 9.98502e-05 -4.11226e-21
-0.000257663 0.00010112 -4.16455e-21
-0.000256183 0.000102555 -4.22366e-21
-0.000254488 0.000104152 -4.28942e-21
-0.000252562 0.000105904 -4.36159e-21
-0.000250394 0.000107807 -4.43994e-21
-0.000247967 0.000109857 -4.52439e-21
-0.000245281 0.00011205 -4.6147e-21
-0.000242354 0.000114377 -4.71054e-21
-0.000239197 0.000116832 -4.81163e-21
-0.000235809 0.000119383 -4.91672e-21
-0.000232195 0.000121973 -8.70773e-21
-0.000228414 0.000124635 -8.82017e-21
-0.000224468 0.000127397 -8.93682e-21
-0.00022035 0.000130251 -9.05735e-21
-0.000216069 0.000133193 -9.18161e-21
-0.000211587 0.000136096 -7.21791e-21
-0.000207016 0.000138989 -7.7914e-21
-0.000202381 0.000141956 -9.94451e-21
-0.000197619 0.000144977 -8.4786e-21
-0.000192744 0.00014805 -8.67436e-21
-0.000187765 0.00015118 -1.12755e-20
-0.000182681 0.000154363 -8.33948e-21
-0.000177406 0.000157417 -6.18739e-21
-0.00017215 0.00016043 -4.72581e-21
-0.000166873 0.000163447 8.99768e-20
-0.000161551 0.000166486 -8.59876e-21
-0.000156415 0.000169405 -1.11595e-20
-0.000151573 0.000172119 1.02765e-17
-0.000146766 0.000174783 -6.2933e-21
-0.000141837 0.00017739 -1.69106e-20
-0.000136821 0.000179815 -1.02907e-20
-0.000131965 0.000182241 -1.0579e-20
-0.000127259 0.000184534 -1.10511e-20
-0.000122446 0.000186834 1.30912e-18
-0.000117608 0.000189103 -2.03682e-19
-0.000112794 0.000191351 4.10493e-20
-0.000108006 0.000193583 -9.00659e-21
-0.000103384 0.000195689 -1.22803e-20
-9.88621e-05 0.000197477 -1.29457e-19
-9.4196e-05 0.000199099 5.24792e-20
-8.97611e-05 0.000200693 -4.89578e-20
-8.54002e-05 0.000202253 -5.29734e-17
-8.11085e-05 0.000203776 1.58357e-19
-7.69108e-05 0.000205258 -2.55365e-20
-7.28214e-05 0.0002067 -3.20528e-20
-6.88361e-05 0.000208093 -3.47697e-20
-6.49673e-05 0.000209432 -1.98735e-17
-6.12264e-05 0.000210715 1.98881e-19
-5.76107e-05 0.000211935 -3.01584e-20
-5.43498e-05 0.000212988 3.36592e-21
-5.12205e-05 0.000213916 -2.13558e-20
-4.81537e-05 0.00021479 9.94544e-21
-4.52511e-05 0.0002156 1.12845e-17
-4.25278e-05 0.000216344 -9.49137e-19
-3.98532e-05 0.000216911 5.68444e-20
-3.75658e-05 0.000217435 7.75466e-20
-3.54701e-05 0.000217899 6.27643e-20
-3.35718e-05 0.000218304 7.7242e-20
-3.18738e-05 0.000218647 2.42071e-20
-3.04021e-05 0.000218916 2.65214e-19
-2.91618e-05 0.000219106 7.50122e-20
-2.81163e-05 0.00021918 7.55628e-20
-2.73094e-05 0.000219057 6.3816e-20
-2.68148e-05 0.000218719 6.38302e-20
-2.66124e-05 0.000218168 6.38534e-20
-2.66974e-05 0.000217407 6.38854e-20
-2.70659e-05 0.000216438 6.39262e-20
-2.77103e-05 0.000215265 6.39756e-20
-2.86227e-05 0.000213893 6.40332e-20
-2.97944e-05 0.000212329 6.4099e-20
-3.12165e-05 0.000210578 6.41727e-20
-3.28797e-05 0.000208644 6.4254e-20
-3.47739e-05 0.000206534 6.43427e-20
-3.68875e-05 0.000204254 6.44386e-20
-3.92081e-05 0.000201813 6.45412e-20
-4.17226e-05 0.000199217 6.46504e-20
-4.44177e-05 0.000196476 6.47656e-20
-4.72805e-05 0.000193599 6.48866e-20
-5.02979e-05 0.000190592 6.5013e-20
-5.34574e-05 0.000187464 6.51445e-20
-5.67469e-05 0.000184224 6.52808e-20
-6.0155e-05 0.000180878 6.54215e-20
-6.36708e-05 0.000177435 6.55663e-20
-6.72842e-05 0.000173899 6.57149e-20
-7.0986e-05 0.000170279 6.58671e-20
-7.47677e-05 0.00016658 6.60227e-20
-7.86223e-05 0.000162807 6.61814e-20
-8.25437e-05 0.000158964 6.63429e-20
-8.65263e-05 0.000155056 6.65073e-20
-9.05653e-05 0.000151085 6.66743e-20
-9.46567e-05 0.000147056 6.68437e-20
-9.87968e-05 0.000142972 6.70154e-20
-0.000102982 0.000138835 6.71894e-20
-0.00010721 0.000134647 6.73655e-20
-0.000111478 0.000130412 6.75436e-20
-0.000115782 0.000126133 6.77235e-20
-0.000120119 0.000121812 6.79052e-20
-0.000124487 0.000117452 6.80886e-20
-0.000128883 0.000113056 6.82734e-20
-0.000133301 0.000108627 6.84597e-20
-0.00013774 0.000104168 6.86472e-20
-0.000142192 9.96833e-05 6.88357e-20
-0.000146653 9.51773e-05 6.90252e-20
-0.000151115 9.06549e-05 6.92154e-20
-0.000155571 8.61219e-05 6.9406e-20
-0.000160011 8.15845e-05 6.95968e-20
-0.000164425 7.70492e-05 6.97875e-20
-0.000168805 7.25231e-05 6.99778e-20
-0.000173137 6.80139e-05 7.01674e-20
-0.000177408 6.35305e-05 7.03559e-20
-0.000181603 5.90835e-05 7.05429e-20
-0.000185706 5.46845e-05 7.07278e-20
-0.000189698 5.03455e-05 7.09103e-20
-0.000193563 4.6078e-05 7.10897e-20
-0.000197285 4.18922e-05 7.12657e-20
-0.000200849 3.77974e-05 7.14379e-20
-0.00020424 3.38029e-05 7.16059e-20
-0.000207442 2.99188e-05 7.17692e-20
-0.000210439 2.61562e-05 7.19274e-20
-0.000213212 2.25269e-05 7.208e-20
-0.000215745 1.90419e-05 7.22266e-20
-0.000218024 1.57113e-05 7.23666e-20
-0.000220035 1.25433e-05 7.24999e-20
-0.000221767 9.54506e-06 7.26259e-20
-0.000223211 6.72242e-06 7.27447e-20
-0.000224358 4.08079e-06 7.28558e-20
-0.0002252 1.62566e-06 7.2959e-20
-0.00022573 -6.38133e-07 7.30543e-20
-0.000225943 -2.70716e-06 7.31413e-20
-0.000225838 -4.58029e-06 7.32201e-20
-0.000225416 -6.25957e-06 7.32908e-20
-0.000224684 -7.74936e-06 7.33535e-20
-0.000223649 -9.05545e-06 7.34085e-20
-0.00022232 -1.0185e-05 7.34561e-20
-0.000220708 -1.11466e-05 7.34966e-20
-0.000218827 -1.19499e-05 7.35305e-20
-0.000216692 -1.26058e-05 7.35581e-20
-0.000214318 -1.31264e-05 7.35801e-20
-0.000211725 -1.35252e-05 7.3597e-20
-0.000208932 -1.38168e-05 7.36093e-20
-0.00020596 -1.40162e-05 7.36178e-20
-0.000202829 -1.41389e-05 7.36231e-20
-0.000199562 -1.42008