-1.40296e-05 6.67483e-08 -2.74899e-24
-2.80592e-05 1.33507e-07 -5.49842e-24
-4.20887e-05 2.00277e-07 -8.24829e-24
-5.61183e-05 2.67058e-07 -1.09986e-23
-7.01478e-05 3.33849e-07 -1.37494e-23
-8.41773e-05 4.00651e-07 -1.65006e-23
-9.82068e-05 4.67464e-07 -1.92522e-23
-0.000112236 5.34288e-07 -2.20043e-23
-0.000126266 6.01122e-07 -2.47568e-23
-0.000140295 6.67967e-07 -2.75098e-23
-0.000140295 6.68253e-07 -2.75216e-23
-0.000140295 6.69402e-07 -2.75689e-23
-0.000140295 6.71692e-07 -2.76632e-23
-0.000140296 6.75085e-07 -2.78029e-23
-0.000140296 6.79376e-07 -2.79797e-23
-0.000140297 6.84036e-07 -2.81716e-23
-0.000140297 6.88368e-07 -2.835e-23
-0.000140298 6.91683e-07 -2.84865e-23
-0.000140298 6.93257e-07 -2.85513e-23
-0.000140298 6.92289e-07 -2.85115e-23
-0.000140298 6.87952e-07 -2.83329e-23
-0.000140297 6.7945e-07 -2.79827e-23
-0.000140296 6.66149e-07 -2.74349e-23
-0.000140295 6.47717e-07 -2.66758e-23
-0.000140292 6.23998e-07 -2.56989e-23
-0.000140289 5.94871e-07 -2.44994e-23
-0.000140285 5.60605e-07 -2.30881e-23
-0.000140281 5.22214e-07 -2.1507e-23
-0.000140276 4.81106e-07 -1.9814e-23
-0.00014027 4.3869e-07 -1.80672e-23
-0.000140264 3.96492e-07 -1.63293e-23
-0.000140258 3.56266e-07 -1.46726e-23
-0.000140252 3.19859e-07 -1.31732e-23
-0.000140246 2.8907e-07 -1.19051e-23
-0.00014024 2.65385e-07 -1.09297e-23
-0.000140234 2.49719e-07 -1.02845e-23
-0.000140229 2.4265e-07 -9.9934e-24
-0.000140224 2.44679e-07 -1.00769e-23
-0.00014022 2.56081e-07 -1.05465e-23
-0.000140216 2.76766e-07 -1.13984e-23
-0.000140213 3.06419e-07 -1.26197e-23
-0.000140211 3.44657e-07 -1.41945e-23
-0.00014021 3.91001e-07 -1.61031e-23
-0.000140209 4.44852e-07 -1.83209e-23
-0.000140209 5.05529e-07 -2.08199e-23
-0.00014021 5.72318e-07 -2.35705e-23
-0.000140212 6.44543e-07 -2.65451e-23
-0.000140215 7.21644e-07 -2.97204e-23
-0.000140219 8.03121e-07 -3.3076e-23
-0.000140224 8.88471e-07 -3.65911e-23
-0.000140231 9.77261e-07 -4.02478e-23
-0.000140238 1.06919e-06 -4.40341e-23
-0.000140248 1.16406e-06 -4.7941e-23
-0.000140258 1.26166e-06 -5.19608e-23
-0.000140271 1.36147e-06 -5.60712e-23
-0.000140285 1.46221e-06 -6.022e-23
-0.0001403 1.56226e-06 -6.43408e-23
-0.000140317 1.66008e-06 -6.83695e-23
-0.000140335 1.75415e-06 -7.22433e-23
-0.000140355 1.84292e-06 -7.58994e-23
-0.000140375 1.92492e-06 -7.92766e-23
-0.000140396 1.99877e-06 -8.2318e-23
-0.000140418 2.06323e-06 -8.49729e-23
-0.000140441 2.11728e-06 -8.71988e-23
-0.000140464 2.16004e-06 -8.89596e-23
-0.000140488 2.19074e-06 -9.02241e-23
-0.000140511 2.20898e-06 -9.09752e-23
-0.000140535 2.21491e-06 -9.12194e-23
-0.000140558 2.20903e-06 -9.09776e-23
-0.000140582 2.19195e-06 -9.02741e-23
-0.000140605 2.16477e-06 -8.91546e-23
-0.000140628 2.12959e-06 -8.77057e-23
-0.00014065 2.08901e-06 -8.60346e-23
-0.000140673 2.04565e-06 -8.42486e-23
-0.000140697 2.00188e-06 -8.24459e-23
-0.00014072 1.95966e-06 -8.07071e-23
-0.000140743 1.92068e-06 -7.91019e-23
-0.000140767 1.88655e-06 -7.76961e-23
-0.000140792 1.8586e-06 -7.65452e-23
-0.000140816 1.83774e-06 -7.56859e-23
-0.000140841 1.82456e-06 -7.51431e-23
-0.000140867 1.81955e-06 -7.49368e-23
-0.000140893 1.82265e-06 -7.50646e-23
-0.00014092 1.8328e-06 -7.54826e-23
-0.000140947 1.84839e-06 -7.61245e-23
-0.000140974 1.86772e-06 -7.69207e-23
-0.000141002 1.88919e-06 -7.78051e-23
-0.000141029 1.91145e-06 -7.87217e-23
-0.000141056 1.93325e-06 -7.96197e-23
-0.000141084 1.95336e-06 -8.04479e-23
-0.000141111 1.97081e-06 -8.11663e-23
-0.000141139 1.98517e-06 -8.17579e-23
-0.000141166 1.99635e-06 -8.22182e-23
-0.000141194 2.00426e-06 -8.25441e-23
-0.000141222 2.00915e-06 -8.27457e-23
-0.00014125 2.0119e-06 -8.28587e-23
-0.000141278 2.01371e-06 -8.29332e-23
-0.000141307 2.01581e-06 -8.30196e-23
-0.000141337 2.01911e-06 -8.31559e-23
-0.000141368 2.0239e-06 -8.33528e-23
-0.000141399 2.03009e-06 -8.36078e-23
-0.000141431 2.03764e-06 -8.39187e-23
-0.000141464 2.04648e-06 -8.4283e-23
-0.000141497 2.05652e-06 -8.46966e-23
-0.00014153 2.06766e-06 -8.51552e-23
-0.000141565 2.07979e-06 -8.56549e-23
-0.000141599 2.093e-06 -8.6199e-23
-0.000141634 2.10772e-06 -8.68052e-23
-0.000141669 2.12456e-06 -8.74984e-23
-0.000141704 2.1441e-06 -8.83031e-23
-0.00014174 2.16683e-06 -8.92395e-23
-0.000141776 2.19303e-06 -9.03187e-23
-0.000141812 2.22285e-06 -9.15467e-23
-0.000141849 2.25641e-06 -9.29286e-23
-0.000141885 2.29319e-06 -9.44436e-23
-0.000141921 2.33147e-06 -9.60199e-23
-0.000141957 2.36885e-06 -9.75596e-23
-0.000141992 2.40297e-06 -9.89649e-23
-0.000142026 2.43149e-06 -1.00139e-22
-0.000142059 2.4521e-06 -1.00988e-22
-0.00014209 2.46256e-06 -1.01419e-22
-0.000142118 2.4607e-06 -1.01342e-22
-0.000142145 2.44511e-06 -1.007e-22
-0.00014217 2.41586e-06 -9.94957e-23
-0.000142192 2.37385e-06 -9.77656e-23
-0.000142212 2.32004e-06 -9.55492e-23
-0.000142229 2.2558e-06 -9.29037e-23
-0.000142245 2.18336e-06 -8.99202e-23
-0.000142259 2.10535e-06 -8.67072e-23
-0.00014227 2.0244e-06 -8.33735e-23
-0.000142281 1.94293e-06 -8.00184e-23
-0.00014229 1.86291e-06 -7.67226e-23
-0.000142297 1.78602e-06 -7.35559e-23
-0.000142304 1.7139e-06 -7.0586e-23
-0.000142309 1.64785e-06 -6.78655e-23
-0.000142313 1.58846e-06 -6.54196e-23
-0.000142317 1.53597e-06 -6.32581e-23
-0.000142319 1.49056e-06 -6.13877e-23
-0.000142321 1.45231e-06 -5.98126e-23
-0.000142322 1.42124e-06 -5.8533e-23
-0.000142322 1.3973e-06 -5.75468e-23
-0.000142321 1.38038e-06 -5.68499e-23
-0.00014232 1.37022e-06 -5.64317e-23
-0.000142318 1.3663e-06 -5.62702e-23
-0.000142316 1.36793e-06 -5.63373e-23
-0.000142313 1.37442e-06 -5.66047e-23
-0.00014231 1.38518e-06 -5.70476e-23
-0.000142306 1.39979e-06 -5.76494e-23
-0.000142302 1.41796e-06 -5.83978e-23
-0.000142297 1.43942e-06 -5.92816e-23
-0.000142292 1.46377e-06 -6.02845e-23
-0.000142287 1.49036e-06 -6.13797e-23
-0.000142281 1.51843e-06 -6.25355e-23
-0.000142275 1.54725e-06 -6.37223e-23
-0.000142268 1.57627e-06 -6.49176e-23
-0.00014226 1.60531e-06 -6.61135e-23
-0.000142252 1.63435e-06 -6.73096e-23
-0.000142243 1.66343e-06 -6.85073e-23
-0.000142234 1.69278e-06 -6.97162e-23
-0.000142224 1.72301e-06 -7.09612e-23
-0.000142213 1.75492e-06 -7.2275e-23
-0.000142202 1.78929e-06 -7.36905e-23
-0.00014219 1.8269e-06 -7.52397e-23
-0.000142178 1.8685e-06 -7.69529e-23
-0.000142165 1.91478e-06 -7.88589e-23
-0.000142152 1.96638e-06 -8.09842e-23
-0.000142138 2.02359e-06 -8.33403e-23
-0.000142124 2.08596e-06 -8.59088e-23
-0.000142109 2.15264e-06 -8.86552e-23
-0.000142094 2.22275e-06 -9.15427e-23
-0.000142078 2.29515e-06 -9.45241e-23
-0.000142061 2.36824e-06 -9.75343e-23
-0.000142043 2.4402e-06 -1.00498e-22
-0.000142024 2.50919e-06 -1.0334e-22
-0.000142004 2.57365e-06 -1.05994e-22
-0.000141982 2.63259e-06 -1.08421e-22
-0.00014196 2.68533e-06 -1.10593e-22
-0.000141936 2.73121e-06 -1.12483e-22
-0.000141911 2.76986e-06 -1.14075e-22
-0.000141885 2.80139e-06 -1.15373e-22
-0.000141858 2.82622e-06 -1.16396e-22
-0.00014183 2.8448e-06 -1.17161e-22
-0.000141802 2.85758e-06 -1.17688e-22
-0.000141773 2.8651e-06 -1.17997e-22
-0.000141744 2.86793e-06 -1.18114e-22
-0.000141714 2.86665e-06 -1.18061e-22
-0.000141685 2.86159e-06 -1.17853e-22
-0.000141655 2.85251e-06 -1.17479e-22
-0.000141626 2.83894e-06 -1.1692e-22
-0.000141596 2.8204e-06 -1.16156e-22
-0.000141567 2.79668e-06 -1.15179e-22
-0.000141538 2.76802e-06 -1.13999e-22
-0.000141509 2.7349e-06 -1.12635e-22
-0.000141481 2.69785e-06 -1.11109e-22
-0.000141452 2.65747e-06 -1.09446e-22
-0.000141425 2.61436e-06 -1.07671e-22
-0.000141398 2.56923e-06 -1.05812e-22
-0.000141372 2.52276e-06 -1.03898e-22
-0.000141346 2.4757e-06 -1.0196e-22
-0.000141322 2.42881e-06 -1.00029e-22
-0.000141298 2.38291e-06 -9.81386e-23
-0.000141276 2.3388e-06 -9.63219e-23
-0.000141254 2.2971e-06 -9.46047e-23
-0.000141234 2.2581e-06 -9.29984e-23
-0.000141214 2.22187e-06 -9.15061e-23
-0.000141196 2.18847e-06 -9.01308e-23
-0.000141179 2.15788e-06 -8.88708e-23
-0.000141162 2.12983e-06 -8.77155e-23
-0.000141146 2.10395e-06 -8.66498e-23
-0.000141131 2.07987e-06 -8.56581e-23
-0.000141117 2.05705e-06 -8.47181e-23
-0.000141103 2.03464e-06 -8.37955e-23
-0.00014109 2.01167e-06 -8.28491e-23
-0.000141077 1.98712e-06 -8.18383e-23
-0.000141064 1.96003e-06 -8.07227e-23
-0.00014105 1.92943e-06 -7.94621e-23
-0.000141037 1.89435e-06 -7.80176e-23
-0.000141023 1.85388e-06 -7.63508e-23
-0.000141008 1.80768e-06 -7.44479e-23
-0.000140993 1.75659e-06 -7.23438e-23
-0.000140977 1.70207e-06 -7.00985e-23
-0.000140961 1.64557e-06 -6.77717e-23
-0.000140945 1.58873e-06 -6.54307e-23
-0.000140929 1.53357e-06 -6.31593e-23
-0.000140912 1.48231e-06 -6.10478e-23
-0.000140896 1.43705e-06 -5.91838e-23
-0.00014088 1.39932e-06 -5.76301e-23
-0.000140865 1.36949e-06 -5.64014e-23
-0.00014085 1.34727e-06 -5.54864e-23
-0.000140835 1.33231e-06 -5.48702e-23
-0.000140821 1.3239e-06 -5.4524e-23
-0.000140808 1.32073e-06 -5.43935e-23
-0.000140794 1.32115e-06 -5.44107e-23
-0.000140781 1.32348e-06 -5.45066e-23
-0.000140768 1.32615e-06 -5.46165e-23
-0.000140755 1.32782e-06 -5.46853e-23
-0.000140742 1.32729e-06 -5.46637e-23
-0.000140729 1.32342e-06 -5.4504e-23
-0.000140716 1.31536e-06 -5.41721e-23
-0.000140704 1.30292e-06 -5.366e-23
-0.000140691 1.28628e-06 -5.29747e-23
-0.000140679 1.26567e-06 -5.21256e-23
-0.000140667 1.24136e-06 -5.11244e-23
-0.000140655 1.21369e-06 -4.9985e-23
-0.000140643 1.18305e-06 -4.87231e-23
-0.000140633 1.14988e-06 -4.73572e-23
-0.000140622 1.11461e-06 -4.59043e-23
-0.000140612 1.07749e-06 -4.43758e-23
-0.000140603 1.03877e-06 -4.27812e-23
-0.000140594 9.98734e-07 -4.11322e-23
-0.000140585 9.58013e-07 -3.94551e-23
-0.000140577 9.17924e-07 -3.78041e-23
-0.00014057 8.80133e-07 -3.62477e-23
-0.000140563 8.46313e-07 -3.48548e-23
-0.000140557 8.18079e-07 -3.3692e-23
-0.000140553 7.96934e-07 -3.28212e-23
-0.000140549 7.84293e-07 -3.23006e-23
-0.000140547 7.81523e-07 -3.21865e-23
-0.000140545 7.89503e-07 -3.25152e-23
-0.000140545 8.0818e-07 -3.32844e-23
-0.000140546 8.36986e-07 -3.44707e-23
-0.000140549 8.75291e-07 -3.60483e-23
-0.000140552 9.2174e-07 -3.79613e-23
-0.000140556 9.73561e-07 -4.00954e-23
-0.00014056 1.02725e-06 -4.23066e-23
-0.000140565 1.07932e-06 -4.44511e-23
-0.000140569 1.12651e-06 -4.63945e-23
-0.000140572 1.166e-06 -4.80211e-23
-0.000140575 1.19527e-06 -4.92264e-23
-0.000140577 1.21187e-06 -4.991e-23
-0.000140577 1.21386e-06 -4.99919e-23
-0.000140576 1.20024e-06 -4.94309e-23
-0.000140572 1.17053e-06 -4.82075e-23
-0.000140568 1.12439e-06 -4.63072e-23
-0.000140561 1.06228e-06 -4.37492e-23
-0.000140552 9.86235e-07 -4.06174e-23
-0.000140542 8.99124e-07 -3.70298e-23
-0.00014053 8.03847e-07 -3.31059e-23
-0.000140517 7.03469e-07 -2.89719e-23
-0.000140503 6.0135e-07 -2.47662e-23
-0.000140487 5.00958e-07 -2.06316e-23
-0.000140471 4.05686e-07 -1.67079e-23
-0.000140455 3.1856e-07 -1.31197e-23
-0.000140438 2.41951e-07 -9.96458e-24
-0.000140422 1.77813e-07 -7.32311e-24
-0.000140405 1.27941e-07 -5.26917e-24
-0.000140388 9.36365e-08 -3.85636e-24
-0.000140372 7.5364e-08 -3.10382e-24
-0.000140356 7.30755e-08 -3.00956e-24
-0.000140341 8.65601e-08 -3.56492e-24
-0.000140326 1.15263e-07 -4.74702e-24
-0.000140312 1.58091e-07 -6.51089e-24
-0.000140299 2.13629e-07 -8.79816e-24
-0.000140286 2.80356e-07 -1.15463e-23
-0.000140275 3.56863e-07 -1.46972e-23
-0.000140264 4.42058e-07 -1.82058e-23
-0.000140254 5.35001e-07 -2.20336e-23
-0.000140246 6.34724e-07 -2.61407e-23
-0.000140239 7.3999e-07 -3.0476e-23
-0.000140233 8.49037e-07 -3.4967e-23
-0.000140228 9.59861e-07 -3.95313e-23
-0.000140225 1.07051e-06 -4.40882e-23
-0.000140224 1.17924e-06 -4.85661e-23
-0.000140224 1.28467e-06 -5.29084e-23
-0.000140225 1.38569e-06 -5.70687e-23
-0.000140228 1.48126e-06 -6.10049e-23
-0.000140232 1.57087e-06 -6.46953e-23
-0.000140237 1.65485e-06 -6.81541e-23
-0.000140244 1.73406e-06 -7.14161e-23
-0.000140254 1.80944e-06 -7.45204e-23
-0.000140264 1.88199e-06 -7.75087e-23
-0.000140277 1.95278e-06 -8.04239e-23
-0.000140292 2.02287e-06 -8.33106e-23
-0.000140309 2.0934e-06 -8.62154e-23
-0.000140328 2.16513e-06 -8.91694e-23
-0.000140349 2.238e-06 -9.21703e-23
-0.000140372 2.31153e-06 -9.51988e-23
-0.000140397 2.38528e-06 -9.82363e-23
-0.000140424 2.45807e-06 -1.01234e-22
-0.000140452 2.52718e-06 -1.0408e-22
-0.000140481 2.58914e-06 -1.06632e-22
-0.00014051 2.64055e-06 -1.08749e-22
-0.000140539 2.67861e-06 -1.10317e-22
-0.000140568 2.70164e-06 -1.11265e-22
-0.000140597 2.70862e-06 -1.11553e-22
-0.000140625 2.69861e-06 -1.1114e-22
-0.000140651 2.67148e-06 -1.10023e-22
-0.000140678 2.62861e-06 -1.08258e-22
-0.000140703 2.57218e-06 -1.05934e-22
-0.000140727 2.50441e-06 -1.03142e-22
-0.000140751 2.42776e-06 -9.99855e-23
-0.000140775 2.34507e-06 -9.65803e-23
-0.000140798 2.25941e-06 -9.30525e-23
-0.000140821 2.17377e-06 -8.95254e-23
-0.000140844 2.0907e-06 -8.61039e-23
-0.000140868 2.01186e-06 -8.28571e-23
-0.000140892 1.93844e-06 -7.98335e-23
-0.000140916 1.87152e-06 -7.70774e-23
-0.00014094 1.81152e-06 -7.4606e-23
-0.000140965 1.75761e-06 -7.23859e-23
-0.00014099 1.70832e-06 -7.03559e-23
-0.000141015 1.66209e-06 -6.84521e-23
-0.00014104 1.61711e-06 -6.65995e-23
-0.000141065 1.57105e-06 -6.47028e-23
-0.000141089 1.52137e-06 -6.26566e-23
-0.000141112 1.46552e-06 -6.03566e-23
-0.000141134 1.40129e-06 -5.77111e-23
-0.000141155 1.32701e-06 -5.46522e-23
-0.000141174 1.2414e-06 -5.11262e-23
-0.000141192 1.14324e-06 -4.70835e-23
-0.000141208 1.03185e-06 -4.24959e-23
-0.000141221 9.07517e-07 -3.73755e-23
-0.000141233 7.71089e-07 -3.17568e-23
-0.000141242 6.23485e-07 -2.56778e-23
-0.00014125 4.65792e-07 -1.91833e-23
-0.000141255 2.99344e-07 -1.23283e-23
-0.000141257 1.25614e-07 -5.17331e-24
-0.000141257 -5.39013e-08 2.21989e-24
-0.000141254 -2.37962e-07 9.8003e-24
-0.000141248 -4.25881e-07 1.75396e-23
-0.000141238 -6.17277e-07 2.54221e-23
-0.000141226 -8.11796e-07 3.34333e-23
-0.000141209 -1.00887e-06 4.15498e-23
-0.000141189 -1.2075e-06 4.97301e-23
-0.000141164 -1.40649e-06 5.79252e-23
-0.000141136 -1.60471e-06 6.60888e-23
-0.000141103 -1.80072e-06 7.41615e-23
-0.000141066 -1.99235e-06 8.20538e-23
-0.000141024 -2.17712e-06 8.96632e-23
-0.000140979 -2.35268e-06 9.68935e-23
-0.000140929 -2.51688e-06 1.03656e-22
-0.000140876 -2.66776e-06 1.0987e-22
-0.000140819 -2.80358e-06 1.15464e-22
-0.000140758 -2.9228e-06 1.20374e-22
-0.000140694 -3.02444e-06 1.2456e-22
-0.000140626 -3.10966e-06 1.28069e-22
-0.000140555 -3.1793e-06 1.30937e-22
-0.00014048 -3.23256e-06 1.33131e-22
-0.000140402 -3.27029e-06 1.34685e-22
-0.000140322 -3.29405e-06 1.35663e-22
-0.000140239 -3.30547e-06 1.36134e-22
-0.000140154 -3.3064e-06 1.36172e-22
-0.000140066 -3.29897e-06 1.35866e-22
-0.000139976 -3.28611e-06 1.35336e-22
-0.000139884 -3.27102e-06 1.34715e-22
-0.00013979 -3.25689e-06 1.34133e-22
-0.000139693 -3.24624e-06 1.33694e-22
-0.000139594 -3.24041e-06 1.33454e-22
-0.000139493 -3.24004e-06 1.33439e-22
-0.000139391 -3.24561e-06 1.33668e-22
-0.000139287 -3.25687e-06 1.34132e-22
-0.000139182 -3.27221e-06 1.34764e-22
-0.000139077 -3.28929e-06 1.35467e-22
-0.000138971 -3.30562e-06 1.3614e-22
-0.000138866 -3.31836e-06 1.36665e-22
-0.000138761 -3.32417e-06 1.36904e-22
-0.000138657 -3.31939e-06 1.36707e-22
-0.000138555 -3.30033e-06 1.35922e-22
-0.000138455 -3.26441e-06 1.34442e-22
-0.000138357 -3.21133e-06 1.32256e-22
-0.000138261 -3.14197e-06 1.294e-22
-0.000138168 -3.05721e-06 1.25909e-22
-0.000138077 -2.9581e-06 1.21827e-22
-0.000137987 -2.84605e-06 1.17213e-22
-0.0001379 -2.72264e-06 1.1213e-22
-0.000137815 -2.58943e-06 1.06644e-22
-0.000137732 -2.44748e-06 1.00798e-22
-0.00013765 -2.29681e-06 9.45924e-23
-0.000137571 -2.13686e-06 8.80053e-23
-0.000137494 -1.96727e-06 8.10205e-23
-0.00013742 -1.787e-06 7.35963e-23
-0.000137349 -1.59383e-06 6.56407e-23
-0.000137282 -1.38501e-06 5.70405e-23
-0.000137218 -1.15785e-06 4.76851e-23
-0.00013716 -9.10599e-07 3.75024e-23
-0.000137106 -6.43225e-07 2.64908e-23
-0.000137057 -3.56664e-07 1.4689e-23
-0.000137014 -5.19529e-08 2.13965e-24
-0.000136974 2.66091e-07 -1.09588e-23
-0.000136939 5.96398e-07 -2.45622e-23
-0.00013691 9.36911e-07 -3.8586e-23
-0.000136886 1.2827e-06 -5.28269e-23
-0.000136867 1.63092e-06 -6.71683e-23
-0.000136852 1.97782e-06 -8.14552e-23
-0.000136843 2.32077e-06 -9.55793e-23
-0.00013684 2.6566e-06 -1.0941e-22
-0.000136841 2.98299e-06 -1.22852e-22
-0.000136849 3.29828e-06 -1.35838e-22
-0.000136861 3.60144e-06 -1.48323e-22
-0.00013688 3.8916e-06 -1.60273e-22
-0.000136905 4.1681e-06 -1.71661e-22
-0.000136936 4.43089e-06 -1.82483e-22
-0.000136973 4.68039e-06 -1.92759e-22
-0.000137018 4.91704e-06 -2.02505e-22
-0.000137069 5.14109e-06 -2.11732e-22
-0.000137127 5.35205e-06 -2.20421e-22
-0.000137192 5.54914e-06 -2.28538e-22
-0.000137264 5.73176e-06 -2.36059e-22
-0.000137342 5.89959e-06 -2.4297e-22
-0.000137427 6.05256e-06 -2.49271e-22
-0.000137519 6.19092e-06 -2.54969e-22
-0.000137617 6.31492e-06 -2.60076e-22
-0.000137722 6.4248e-06 -2.64601e-22
-0.000137833 6.52059e-06 -2.68546e-22
-0.00013795 6.60227e-06 -2.7191e-22
-0.000138073 6.66983e-06 -2.74692e-22
-0.000138202 6.72395e-06 -2.76922e-22
-0.000138337 6.76674e-06 -2.78684e-22
-0.000138478 6.80096e-06 -2.80093e-22
-0.000138625 6.82934e-06 -2.81262e-22
-0.000138777 6.85448e-06 -2.82297e-22
-0.000138937 6.87883e-06 -2.833e-22
-0.000139102 6.90467e-06 -2.84364e-22
-0.000139273 6.93414e-06 -2.85578e-22
-0.000139451 6.96889e-06 -2.87009e-22
-0.000139636 7.00966e-06 -2.88688e-22
-0.000139825 7.05659e-06 -2.90621e-22
-0.000140018 7.10984e-06 -2.92814e-22
-0.000140218 7.16864e-06 -2.95235e-22
-0.000140424 7.23073e-06 -2.97793e-22
-0.000140635 7.29309e-06 -3.00361e-22
-0.00014085 7.3526e-06 -3.02812e-22
-0.000141071 7.40625e-06 -3.05021e-22
-0.000141296 7.45107e-06 -3.06867e-22
-0.000141524 7.48426e-06 -3.08234e-22
-0.000141756 7.50307e-06 -3.09009e-22
-0.000141992 7.50561e-06 -3.09113e-22
-0.00014223 7.49158e-06 -3.08536e-22
-0.000142471 7.46165e-06 -3.07303e-22
-0.000142715 7.41656e-06 -3.05446e-22
-0.000142962 7.35757e-06 -3.03017e-22
-0.000143211 7.28669e-06 -3.00098e-22
-0.000143462 7.20644e-06 -2.96792e-22
-0.000143716 7.11939e-06 -2.93207e-22
-0.000143972 7.02779e-06 -2.89435e-22
-0.00014423 6.93291e-06 -2.85527e-22
-0.00014449 6.8356e-06 -2.8152e-22
-0.000144751 6.73678e-06 -2.7745e-22
-0.000145013 6.63691e-06 -2.73337e-22
-0.000145276 6.53545e-06 -2.69158e-22
-0.000145539 6.43139e-06 -2.64873e-22
-0.000145801 6.32379e-06 -2.60441e-22
-0.000146062 6.2118e-06 -2.55829e-22
-0.000146322 6.09477e-06 -2.51009e-22
-0.000146579 5.97219e-06 -2.45961e-22
-0.000146834 5.8436e-06 -2.40665e-22
-0.000147086 5.70898e-06 -2.3512e-22
-0.000147334 5.56906e-06 -2.29358e-22
-0.000147578 5.42501e-06 -2.23426e-22
-0.000147818 5.27803e-06 -2.17372e-22
-0.000148053 5.12934e-06 -2.11248e-22
-0.000148282 4.98019e-06 -2.05106e-22
-0.000148507 4.83185e-06 -1.98996e-22
-0.000148726 4.68555e-06 -1.92971e-22
-0.000148939 4.54239e-06 -1.87075e-22
-0.000149145 4.40324e-06 -1.81344e-22
-0.000149345 4.26876e-06 -1.75806e-22
-0.000149538 4.13959e-06 -1.70486e-22
-0.000149723 4.01624e-06 -1.65406e-22
-0.000149901 3.89904e-06 -1.60579e-22
-0.000150072 3.78819e-06 -1.56014e-22
-0.000150234 3.68383e-06 -1.51716e-22
-0.000150387 3.58616e-06 -1.47694e-22
-0.000150533 3.49563e-06 -1.43965e-22
-0.000150669 3.41275e-06 -1.40552e-22
-0.000150797 3.33799e-06 -1.37473e-22
-0.000150916 3.27212e-06 -1.3476e-22
-0.000151026 3.21673e-06 -1.32479e-22
-0.000151128 3.17374e-06 -1.30708e-22
-0.000151221 3.14498e-06 -1.29524e-22
-0.000151305 3.13221e-06 -1.28998e-22
-0.000151381 3.13723e-06 -1.29205e-22
-0.000151449 3.16176e-06 -1.30215e-22
-0.000151509 3.2074e-06 -1.32094e-22
-0.000151562 3.27482e-06 -1.34871e-22
-0.000151606 3.36305e-06 -1.38505e-22
-0.000151643 3.4702e-06 -1.42918e-22
-0.000151672 3.59425e-06 -1.48027e-22
-0.000151693 3.73208e-06 -1.53703e-22
-0.000151706 3.87835e-06 -1.59727e-22
-0.00015171 4.02662e-06 -1.65834e-22
-0.000151704 4.1705e-06 -1.71759e-22
-0.000151688 4.3036e-06 -1.77241e-22
-0.000151662 4.41945e-06 -1.82012e-22
-0.000151625 4.51169e-06 -1.85811e-22
-0.000151576 4.57417e-06 -1.88384e-22
-0.000151514 4.60188e-06 -1.89526e-22
-0.00015144 4.59189e-06 -1.89114e-22
-0.000151352 4.54244e-06 -1.87078e-22
-0.000151251 4.45211e-06 -1.83357e-22
-0.000151136 4.32029e-06 -1.77928e-22
-0.000151007 4.14787e-06 -1.70827e-22
-0.000150864 3.93658e-06 -1.62126e-22
-0.000150706 3.68833e-06 -1.51902e-22
-0.000150533 3.4059e-06 -1.4027e-22
-0.000150346 3.09359e-06 -1.27407e-22
-0.000150144 2.75652e-06 -1.13525e-22
-0.000149928 2.39978e-06 -9.88332e-23
-0.000149699 2.02835e-06 -8.35364e-23
-0.000149455 1.64707e-06 -6.78335e-23
-0.000149197 1.26054e-06 -5.19143e-23
-0.000148926 8.7314e-07 -3.59597e-23
-0.000148642 4.89142e-07 -2.0145e-23
-0.000148345 1.12786e-07 -4.64501e-24
-0.000148035 -2.51877e-07 1.03734e-23
-0.000147714 -6.0116e-07 2.47584e-23
-0.000147381 -9.32492e-07 3.84041e-23
-0.000147037 -1.24519e-06 5.12823e-23
-0.000146682 -1.53972e-06 6.34123e-23
-0.000146317 -1.8169e-06 7.48278e-23
-0.000145942 -2.07763e-06 8.5566e-23
-0.000145556 -2.32286e-06 9.56653e-23
-0.000145162 -2.55323e-06 1.05153e-22
-0.000144758 -2.76953e-06 1.14061e-22
-0.000144347 -2.97301e-06 1.22441e-22
-0.000143929 -3.16492e-06 1.30345e-22
-0.000143503 -3.34667e-06 1.3783e-22
-0.000143071 -3.51976e-06 1.44959e-22
-0.000142634 -3.68497e-06 1.51763e-22
-0.000142191 -3.84182e-06 1.58223e-22
-0.000141741 -3.99542e-06 1.64549e-22
-0.000141287 -4.1398e-06 1.70495e-22
-0.000140832 -4.27062e-06 1.75883e-22
-0.000140374 -4.389e-06 1.80758e-22
-0.000139917 -4.49207e-06 1.85003e-22
-0.00013946 -4.57976e-06 1.88614e-22
-0.000139004 -4.64972e-06 1.91496e-22
-0.00013855 -4.70068e-06 1.93595e-22
-0.000138099 -4.7301e-06 1.94806e-22
-0.000137652 -4.73613e-06 1.95054e-22
-0.000137205 -4.7156e-06 1.94209e-22
-0.000136761 -4.66826e-06 1.92259e-22
-0.000136325 -4.5934e-06 1.89176e-22
-0.000135894 -4.48975e-06 1.84907e-22
-0.000135471 -4.35707e-06 1.79443e-22
-0.000135054 -4.19577e-06 1.728e-22
-0.000134647 -4.00716e-06 1.65032e-22
-0.000134247 -3.79225e-06 1.56181e-22
-0.000133856 -3.55307e-06 1.46331e-22
-0.000133471 -3.29304e-06 1.35622e-22
-0.000133095 -3.01628e-06 1.24223e-22
-0.000132728 -2.72683e-06 1.12303e-22
-0.00013237 -2.42887e-06 1.00031e-22
-0.000132021 -2.12648e-06 8.75777e-23
-0.000131682 -1.82387e-06 7.51151e-23
-0.000131353 -1.52496e-06 6.28046e-23
-0.000131033 -1.23304e-06 5.07819e-23
-0.000130723 -9.49989e-07 3.91247e-23
-0.000130422 -6.76963e-07 2.78803e-23
-0.000130132 -4.14936e-07 1.70889e-23
-0.000129853 -1.63964e-07 6.75275e-24
-0.000129586 7.76769e-08 -3.19907e-24
-0.000129331 3.12608e-07 -1.28746e-23
-0.000129089 5.43603e-07 -2.23879e-23
-0.000128861 7.72967e-07 -3.18341e-23
-0.000128648 1.00203e-06 -4.12681e-23
-0.000128449 1.23162e-06 -5.07232e-23
-0.000128266 1.4626e-06 -6.02362e-23
-0.000128098 1.69508e-06 -6.98107e-23
-0.000127947 1.92751e-06 -7.93831e-23
-0.000127812 2.15753e-06 -8.88563e-23
-0.000127694 2.38288e-06 -9.81372e-23
-0.000127592 2.60087e-06 -1.07115e-22
-0.000127507 2.80791e-06 -1.15642e-22
-0.000127438 3e-06 -1.23553e-22
-0.000127385 3.17334e-06 -1.30692e-22
-0.000127349 3.32428e-06 -1.36908e-22
-0.000127328 3.44931e-06 -1.42057e-22
-0.000127323 3.54508e-06 -1.46002e-22
-0.000127334 3.60857e-06 -1.48617e-22
-0.000127359 3.63774e-06 -1.49818e-22
-0.000127399 3.63238e-06 -1.49597e-22
-0.000127454 3.5933e-06 -1.47987e-22
-0.000127523 3.52157e-06 -1.45034e-22
-0.000127607 3.41856e-06 -1.40791e-22
-0.000127704 3.2859e-06 -1.35328e-22
-0.000127815 3.12546e-06 -1.2872e-22
-0.000127939 2.93926e-06 -1.21052e-22
-0.000128076 2.72863e-06 -1.12377e-22
-0.000128224 2.49953e-06 -1.02941e-22
-0.000128386 2.25844e-06 -9.30125e-23
-0.00012856 2.01017e-06 -8.27875e-23
-0.000128746 1.76024e-06 -7.24942e-23
-0.000128945 1.51277e-06 -6.23022e-23
-0.000129155 1.27188e-06 -5.23817e-23
-0.000129376 1.04112e-06 -4.28779e-23
-0.000129609 8.23782e-07 -3.39269e-23
-0.000129853 6.22398e-07 -2.5633e-23
-0.000130107 4.39096e-07 -1.80839e-23
-0.000130371 2.75552e-07 -1.13484e-23
-0.000130645 1.32218e-07 -5.44532e-24
-0.000130928 7.33309e-09 -3.02008e-25
-0.000131219 -1.02134e-07 4.20631e-24
-0.000131518 -1.99552e-07 8.2184e-24
-0.000131823 -2.88752e-07 1.18921e-23
-0.000132135 -3.74212e-07 1.54117e-23
-0.000132451 -4.62485e-07 1.90471e-23
-0.000132772 -5.57554e-07 2.29625e-23
-0.000133096 -6.63567e-07 2.73285e-23
-0.000133424 -7.85706e-07 3.23588e-23
-0.000133753 -9.27954e-07 3.82172e-23
-0.000134084 -1.09492e-06 4.50936e-23
-0.000134416 -1.29055e-06 5.31505e-23
-0.000134747 -1.5189e-06 6.2555e-23
-0.000135075 -1.78345e-06 7.34501e-23
-0.000135401 -2.08771e-06 8.5981e-23
-0.00013572 -2.43491e-06 1.0028e-22
-0.000136034 -2.82768e-06 1.16456e-22
-0.000136344 -3.26844e-06 1.34608e-22
-0.000136649 -3.75925e-06 1.54822e-22
-0.000136947 -4.30131e-06 1.77147e-22
-0.000137238 -4.89467e-06 2.01584e-22
-0.00013752 -5.53848e-06 2.28099e-22
-0.000137793 -6.23119e-06 2.56627e-22
-0.000138054 -6.97106e-06 2.87099e-22
-0.000138305 -7.75517e-06 3.19392e-22
-0.000138544 -8.57948e-06 3.5334e-22
-0.000138771 -9.43998e-06 3.88779e-22
-0.000138985 -1.03319e-05 4.25513e-22
-0.000139184 -1.12499e-05 4.63321e-22
-0.00013937 -1.21881e-05 5.0196e-22
-0.00013954 -1.31406e-05 5.41188e-22
-0.000139694 -1.41009e-05 5.80738e-22
-0.000139833 -1.50617e-05 6.20307e-22
-0.000139955 -1.60152e-05 6.59575e-22
-0.00014006 -1.69537e-05 6.98228e-22
-0.000140149 -1.78704e-05 7.35979e-22
-0.00014022 -1.87592e-05 7.72583e-22
-0.000140275 -1.9615e-05 8.0783e-22
-0.000140311 -2.0433e-05 8.41519e-22
-0.000140329 -2.12091e-05 8.73481e-22
-0.00014033 -2.194e-05 9.03584e-22
-0.000140312 -2.26234e-05 9.31728e-22
-0.000140276 -2.32571e-05 9.57827e-22
-0.000140221 -2.38396e-05 9.81818e-22
-0.000140147 -2.437e-05 1.00366e-21
-0.000140055 -2.48479e-05 1.02335e-21
-0.000139944 -2.52733e-05 1.04086e-21
-0.000139815 -2.5646e-05 1.05621e-21
-0.000139667 -2.59656e-05 1.06938e-21
-0.000139502 -2.62316e-05 1.08033e-21
-0.000139319 -2.64437e-05 1.08906e-21
-0.000139119 -2.66015e-05 1.09557e-21
-0.000138902 -2.67046e-05 1.09981e-21
-0.000138669 -2.6752e-05 1.10176e-21
-0.00013842 -2.67434e-05 1.10141e-21
-0.000138157 -2.66785e-05 1.09874e-21
-0.000137879 -2.6557e-05 1.09373e-21
-0.000137587 -2.63789e-05 1.0864e-21
-0.000137283 -2.61445e-05 1.07674e-21
-0.000136967 -2.5854e-05 1.06478e-21
-0.000136635 -2.55069e-05 1.05049e-21
-0.000136292 -2.51044e-05 1.03391e-21
-0.000135939 -2.46474e-05 1.01509e-21
-0.000135576 -2.41366e-05 9.9405e-22
-0.000135204 -2.3574e-05 9.70878e-22
-0.000134825 -2.29614e-05 9.45648e-22
-0.000134438 -2.23011e-05 9.18457e-22
-0.000134044 -2.15957e-05 8.89402e-22
-0.000133644 -2.08482e-05 8.58618e-22
-0.000133238 -2.00621e-05 8.26245e-22
-0.000132829 -1.9241e-05 7.92428e-22
-0.000132415 -1.83888e-05 7.5733e-22
-0.000131997 -1.75103e-05 7.21151e-22
-0.000131577 -1.66109e-05 6.84108e-22
-0.000131155 -1.56957e-05 6.46417e-22
-0.000130731 -1.47692e-05 6.0826e-22
-0.000130306 -1.38341e-05 5.69748e-22
-0.000129876 -1.28924e-05 5.30963e-22
-0.000129445 -1.19455e-05 4.91969e-22
-0.000129018 -1.09947e-05 4.5281e-22
-0.000128593 -1.00397e-05 4.13477e-22
-0.000128175 -9.07941e-06 3.73929e-22
-0.000127762 -8.11309e-06 3.34132e-22
-0.000127355 -7.13977e-06 2.94046e-22
-0.000126956 -6.15913e-06 2.5366e-22
-0.000126568 -5.17089e-06 2.1296e-22
-0.000126192 -4.17484e-06 1.71938e-22
-0.00012583 -3.17157e-06 1.30619e-22
-0.000125482 -2.16343e-06 8.90996e-23
-0.00012515 -1.15362e-06 4.75109e-23
-0.000124835 -1.45283e-07 5.9834e-24
-0.000124537 8.58055e-07 -3.53384e-23
-0.000124259 1.85211e-06 -7.62779e-23
-0.000124 2.83229e-06 -1.16646e-22
-0.000123762 3.79418e-06 -1.56261e-22
-0.000123546 4.7339e-06 -1.94962e-22
-0.000123353 5.6485e-06 -2.3263e-22
-0.000123183 6.53561e-06 -2.69165e-22
-0.000123037 7.39317e-06 -3.04483e-22
-0.000122917 8.21979e-06 -3.38527e-22
-0.000122823 9.01514e-06 -3.71282e-22
-0.000122751 9.77107e-06 -4.02415e-22
-0.000122706 1.0494e-05 -4.3219e-22
-0.00012269 1.11892e-05 -4.60821e-22
-0.000122703 1.1853e-05 -4.88156e-22
-0.000122746 1.24867e-05 -5.14258e-22
-0.000122819 1.30887e-05 -5.39051e-22
-0.000122923 1.36591e-05 -5.62542e-22
-0.000123056 1.41958e-05 -5.84644e-22
-0.00012322 1.46976e-05 -6.05312e-22
-0.000123413 1.51629e-05 -6.24473e-22
-0.000123637 1.55905e-05 -6.42085e-22
-0.000123891 1.59795e-05 -6.58104e-22
-0.000124173 1.63291e-05 -6.72504e-22
-0.000124485 1.66389e-05 -6.85263e-22
-0.000124825 1.69085e-05 -6.96366e-22
-0.000125193 1.71376e-05 -7.058e-22
-0.000125587 1.7326e-05 -7.13558e-22
-0.000126009 1.74735e-05 -7.19636e-22
-0.000126456 1.75799e-05 -7.24016e-22
-0.000126928 1.76438e-05 -7.26647e-22
-0.000127423 1.76635e-05 -7.27461e-22
-0.000127942 1.76376e-05 -7.26394e-22
-0.000128482 1.75645e-05 -7.23381e-22
-0.000129042 1.74423e-05 -7.1835e-22
-0.000129621 1.72694e-05 -7.1123e-22
-0.000130218 1.70441e-05 -7.01951e-22
-0.000130832 1.67654e-05 -6.90472e-22
-0.000131461 1.64336e-05 -6.76805e-22
-0.000132105 1.60496e-05 -6.60994e-22
-0.000132762 1.56147e-05 -6.43081e-22
-0.00013343 1.51305e-05 -6.2314e-22
-0.00013411 1.46003e-05 -6.01305e-22
-0.0001348 1.40282e-05 -5.77741e-22
-0.000135495 1.34191e-05 -5.52657e-22
-0.000136197 1.27764e-05 -5.26186e-22
-0.000136907 1.2104e-05 -4.98496e-22
-0.000137624 1.14073e-05 -4.69801e-22
-0.000138347 1.06903e-05 -4.40275e-22
-0.000139075 9.95754e-06 -4.10095e-22
-0.000139808 9.21156e-06 -3.79372e-22
-0.000140536 8.45451e-06 -3.48193e-22
-0.000141258 7.6889e-06 -3.16662e-22
-0.000141983 6.91653e-06 -2.84853e-22
-0.000142708 6.13852e-06 -2.52811e-22
-0.000143432 5.35589e-06 -2.20579e-22
-0.000144155 4.56925e-06 -1.88181e-22
-0.000144874 3.77903e-06 -1.55637e-22
-0.00014559 2.98412e-06 -1.22899e-22
-0.000146299 2.18307e-06 -8.99083e-23
-0.000147003 1.37429e-06 -5.65992e-23
-0.000147698 5.56409e-07 -2.29153e-23
-0.000148384 -2.72129e-07 1.12074e-23
-0.000149058 -1.11293e-06 4.58354e-23
-0.00014972 -1.96712e-06 8.10146e-23
-0.000150369 -2.8349e-06 1.16753e-22
-0.000151002 -3.71559e-06 1.53024e-22
-0.000151619 -4.60758e-06 1.8976e-22
-0.000152218 -5.50904e-06 2.26886e-22
-0.000152798 -6.41731e-06 2.64293e-22
-0.000153358 -7.32833e-06 3.01812e-22
-0.000153897 -8.23728e-06 3.39247e-22
-0.000154413 -9.13916e-06 3.7639e-22
-0.000154903 -1.00337e-05 4.1323e-22
-0.000155368 -1.0911e-05 4.49363e-22
-0.000155808 -1.17625e-05 4.84432e-22
-0.000156222 -1.2584e-05 5.18264e-22
-0.000156609 -1.33686e-05 5.50575e-22
-0.000156968 -1.41125e-05 5.81215e-22
-0.000157299 -1.48114e-05 6.09997e-22
-0.0001576 -1.54619e-05 6.36789e-22
-0.000157871 -1.60611e-05 6.61465e-22
-0.000158111 -1.66079e-05 6.83986e-22
-0.000158319 -1.7102e-05 7.04336e-22
-0.000158494 -1.75437e-05 7.22527e-22
-0.000158635 -1.79331e-05 7.38563e-22
-0.000158742 -1.82703e-05 7.52449e-22
-0.000158815 -1.85553e-05 7.64188e-22
-0.000158853 -1.87887e-05 7.73799e-22
-0.000158856 -1.89712e-05 7.81316e-22
-0.000158824 -1.9104e-05 7.86785e-22
-0.000158757 -1.91885e-05 7.90266e-22
-0.000158654 -1.92265e-05 7.91831e-22
-0.000158516 -1.92197e-05 7.9155e-22
-0.000158343 -1.91693e-05 7.89475e-22
-0.000158135 -1.90764e-05 7.85651e-22
-0.000157893 -1.89425e-05 7.80134e-22
-0.000157618 -1.87684e-05 7.72964e-22
-0.000157309 -1.8554e-05 7.64135e-22
-0.000156968 -1.82988e-05 7.53623e-22
-0.000156597 -1.80023e-05 7.41413e-22
-0.000156194 -1.7664e-05 7.2748e-22
-0.000155763 -1.72828e-05 7.1178e-22
-0.000155304 -1.68573e-05 6.94259e-22
-0.000154818 -1.63866e-05 6.7487e-22
-0.000154306 -1.58696e-05 6.5358e-22
-0.000153771 -1.53061e-05 6.30372e-22
-0.000153212 -1.46958e-05 6.05239e-22
-0.000152632 -1.40389e-05 5.78183e-22
-0.000152032 -1.33362e-05 5.49242e-22
-0.000151412 -1.25901e-05 5.18514e-22
-0.000150774 -1.18039e-05 4.86135e-22
-0.000150119 -1.0981e-05 4.52243e-22
-0.000149449 -1.0125e-05 4.16991e-22
-0.000148764 -9.24007e-06 3.80546e-22
-0.000148065 -8.33049e-06 3.43086e-22
-0.000147353 -7.4006e-06 3.04789e-22
-0.000146628 -6.45979e-06 2.66042e-22
-0.000145891 -5.51054e-06 2.26948e-22
-0.000145145 -4.5562e-06 1.87644e-22
-0.00014439 -3.6044e-06 1.48445e-22
-0.000143628 -2.65938e-06 1.09525e-22
-0.000142857 -1.72695e-06 7.11231e-23
-0.000142081 -8.11385e-07 3.34164e-23
-0.000141301 8.24258e-08 -3.39465e-24
-0.000140517 9.50307e-07 -3.91377e-23
-0.00013973 1.78788e-06 -7.36326e-23
-0.000138942 2.59117e-06 -1.06716e-22
-0.000138144 3.35592e-06 -1.38211e-22
-0.000137339 4.07898e-06 -1.6799e-22
-0.000136532 4.7582e-06 -1.95963e-22
-0.000135724 5.38891e-06 -2.21939e-22
-0.000134921 5.96766e-06 -2.45774e-22
-0.000134121 6.49204e-06 -2.6737e-22
-0.000133326 6.95892e-06 -2.86599e-22
-0.000132537 7.36601e-06 -3.03364e-22
-0.000131754 7.71073e-06 -3.17561e-22
-0.000130979 7.99118e-06 -3.29111e-22
-0.000130212 8.20563e-06 -3.37943e-22
-0.000129453 8.35286e-06 -3.44007e-22
-0.000128704 8.43171e-06 -3.47254e-22
-0.000127965 8.44077e-06 -3.47628e-22
-0.000127236 8.37797e-06 -3.45041e-22
-0.000126518 8.24108e-06 -3.39403e-22
-0.000125811 8.02795e-06 -3.30626e-22
-0.000125116 7.73626e-06 -3.18613e-22
-0.000124433 7.36295e-06 -3.03238e-22
-0.000123761 6.9047e-06 -2.84366e-22
-0.000123101 6.35854e-06 -2.61872e-22
-0.000122452 5.72168e-06 -2.35644e-22
-0.000121811 4.98621e-06 -2.05354e-22
-0.000121177 4.14891e-06 -1.7087e-22
-0.000120553 3.21299e-06 -1.32325e-22
-0.000119939 2.1769e-06 -8.96541e-23
-0.000119333 1.03913e-06 -4.27961e-23
-0.000118735 -2.01159e-07 8.28459e-24
-0.000118145 -1.54461e-06 6.36136e-23
-0.000117561 -2.99141e-06 1.23199e-22
-0.000116982 -4.54169e-06 1.87046e-22
-0.000116408 -6.19525e-06 2.55147e-22
-0.000115836 -7.95152e-06 3.27478e-22
-0.000115267 -9.80951e-06 4.03998e-22
-0.000114699 -1.17678e-05 4.84651e-22
-0.000114129 -1.38247e-05 5.69363e-22
-0.000113557 -1.59781e-05 6.58049e-22
-0.000112982 -1.82243e-05 7.50555e-22
-0.000112402 -2.05562e-05 8.46595e-22
-0.000111817 -2.29654e-05 9.45816e-22
-0.000111224 -2.54432e-05 1.04786e-21
-0.000110625 -2.79797e-05 1.15232e-21
-0.000110017 -3.05625e-05 1.2587e-21
-0.000109401 -3.31782e-05 1.36642e-21
-0.000108776 -3.58136e-05 1.47496e-21
-0.000108142 -3.84547e-05 1.58373e-21
-0.000107499 -4.10857e-05 1.69209e-21
-0.000106847 -4.36901e-05 1.79935e-21
-0.000106187 -4.62523e-05 1.90487e-21
-0.000105518 -4.87575e-05 2.00804e-21
-0.000104842 -5.11926e-05 2.10833e-21
-0.000104158 -5.35456e-05 2.20524e-21
-0.000103467 -5.58057e-05 2.29832e-21
-0.00010277 -5.7964e-05 2.38721e-21
-0.000102065 -6.00148e-05 2.47167e-21
-0.000101355 -6.19545e-05 2.55155e-21
-0.000100638 -6.37803e-05 2.62675e-21
-9.99145e-05 -6.54924e-05 2.69726e-21
-9.91848e-05 -6.70948e-05 2.76326e-21
-9.8448e-05 -6.85943e-05 2.82501e-21
-9.77038e-05 -6.99981e-05 2.88282e-21
-9.69521e-05 -7.1314e-05 2.93702e-21
-9.61924e-05 -7.25502e-05 2.98793e-21
-9.54245e-05 -7.37156e-05 3.03593e-21
-9.46461e-05 -7.48185e-05 3.08135e-21
-9.38587e-05 -7.58671e-05 3.12454e-21
-9.30635e-05 -7.68681e-05 3.16576e-21
-9.22596e-05 -7.78272e-05 3.20526e-21
-9.14477e-05 -7.87498e-05 3.24326e-21
-9.06276e-05 -7.964e-05 3.27992e-21
-8.97999e-05 -8.04992e-05 3.31531e-21
-8.8965e-05 -8.13275e-05 3.34942e-21
-8.81233e-05 -8.21243e-05 3.38223e-21
-8.72752e-05 -8.2888e-05 3.41369e-21
-8.64214e-05 -8.36157e-05 3.44366e-21
-8.55623e-05 -8.43033e-05 3.47197e-21
-8.46986e-05 -8.49464e-05 3.49846e-21
-8.3831e-05 -8.55399e-05 3.52291e-21
-8.296e-05 -8.60778e-05 3.54506e-21
-8.20865e-05 -8.65536e-05 3.56465e-21
-8.12112e-05 -8.69606e-05 3.58141e-21
-8.0335e-05 -8.72921e-05 3.59507e-21
-7.94586e-05 -8.75419e-05 3.60536e-21
-7.85801e-05 -8.77042e-05 3.61204e-21
-7.77023e-05 -8.77731e-05 3.61488e-21
-7.68273e-05 -8.77435e-05 3.61366e-21
-7.59553e-05 -8.76109e-05 3.6082e-21
-7.50879e-05 -8.73716e-05 3.59834e-21
-7.42261e-05 -8.70223e-05 3.58396e-21
-7.33714e-05 -8.65603e-05 3.56493e-21
-7.2525e-05 -8.59835e-05 3.54117e-21
-7.16886e-05 -8.52908e-05 3.51265e-21
-7.08637e-05 -8.44815e-05 3.47932e-21
-7.00522e-05 -8.35549e-05 3.44115e-21
-6.92562e-05 -8.25097e-05 3.39811e-21
-6.8478e-05 -8.13447e-05 3.35013e-21
-6.77198e-05 -8.00592e-05 3.29719e-21
-6.69842e-05 -7.86528e-05 3.23926e-21
-6.62736e-05 -7.71252e-05 3.17635e-21
-6.55909e-05 -7.54763e-05 3.10844e-21
-6.49387e-05 -7.37065e-05 3.03555e-21
-6.43196e-05 -7.18178e-05 2.95777e-21
-6.37362e-05 -6.98142e-05 2.87525e-21
-6.31908e-05 -6.7701e-05 2.78822e-21
-6.26859e-05 -6.5484e-05 2.69691e-21
-6.22238e-05 -6.31701e-05 2.60162e-21
-6.18067e-05 -6.07689e-05 2.50273e-21
-6.14363e-05 -5.8291e-05 2.40068e-21
-6.11147e-05 -5.57471e-05 2.29591e-21
-6.08434e-05 -5.31501e-05 2.18895e-21
-6.06233e-05 -5.05173e-05 2.08052e-21
-6.04552e-05 -4.78677e-05 1.9714e-21
-6.03395e-05 -4.52202e-05 1.86237e-21
-6.02768e-05 -4.25942e-05 1.75421e-21
-6.02668e-05 -4.00107e-05 1.64782e-21
-6.03094e-05 -3.74913e-05 1.54405e-21
-6.0404e-05 -3.50564e-05 1.44378e-21
-6.05499e-05 -3.27261e-05 1.3478e-21
-6.07461e-05 -3.05199e-05 1.25694e-21
-6.09913e-05 -2.84568e-05 1.17198e-21
-6.12839e-05 -2.65546e-05 1.09363e-21
-6.16224e-05 -2.48287e-05 1.02255e-21
-6.2005e-05 -2.3292e-05 9.59264e-22
-6.24299e-05 -2.19552e-05 9.0421e-22
-6.2895e-05 -2.08278e-05 8.57778e-22
-6.33981e-05 -1.99167e-05 8.20254e-22
-6.39372e-05 -1.92251e-05 7.91773e-22
-6.45102e-05 -1.8754e-05 7.7237e-22
-6.51149e-05 -1.85032e-05 7.62042e-22
-6.5749e-05 -1.84702e-05 7.60684e-22
-6.64106e-05 -1.86483e-05 7.68018e-22
-6.70979e-05 -1.90284e-05 7.8367e-22
-6.78092e-05 -1.96011e-05 8.07256e-22
-6.85424e-05 -2.03561e-05 8.3835e-22
-6.9296e-05 -2.12814e-05 8.7646e-22
-7.00683e-05 -2.23645e-05 9.21067e-22
-7.0858e-05 -2.35931e-05 9.71664e-22
-7.16633e-05 -2.49548e-05 1.02775e-21
-7.24831e-05 -2.64375e-05 1.08881e-21
-7.3316e-05 -2.80291e-05 1.15436e-21
-7.41609e-05 -2.97182e-05 1.22392e-21
-7.50164e-05 -3.14947e-05 1.29709e-21
-7.58816e-05 -3.33497e-05 1.37348e-21
-7.67551e-05 -3.52753e-05 1.45279e-21
-7.76359e-05 -3.72645e-05 1.53471e-21
-7.85229e-05 -3.93118e-05 1.61903e-21
-7.94148e-05 -4.14132e-05 1.70558e-21
-8.03103e-05 -4.3566e-05 1.79424e-21
-8.12082e-05 -4.57681e-05 1.88493e-21
-8.2107e-05 -4.80182e-05 1.9776e-21
-8.30055e-05 -5.03155e-05 2.07221e-21
-8.39022e-05 -5.26601e-05 2.16877e-21
-8.47954e-05 -5.50519e-05 2.26728e-21
-8.56836e-05 -5.74904e-05 2.3677e-21
-8.65656e-05 -5.99732e-05 2.46995e-21
-8.74397e-05 -6.2497e-05 2.5739e-21
-8.83046e-05 -6.50583e-05 2.67938e-21
-8.91587e-05 -6.76517e-05 2.78619e-21
-9.0001e-05 -7.02679e-05 2.89394e-21
-9.08305e-05 -7.28955e-05 3.00215e-21
-9.16461e-05 -7.55229e-05 3.11036e-21
-9.24466e-05 -7.81368e-05 3.21801e-21
-9.32312e-05 -8.07212e-05 3.32445e-21
-9.39993e-05 -8.32585e-05 3.42895e-21
-9.47499e-05 -8.57313e-05 3.53079e-21
-9.54726e-05 -8.81216e-05 3.62923e-21
-9.61734e-05 -9.04117e-05 3.72355e-21
-9.68564e-05 -9.25841e-05 3.81302e-21
-9.75163e-05 -9.46214e-05 3.89692e-21
-9.81411e-05 -9.65079e-05 3.97461e-21
-9.87382e-05 -9.8229e-05 4.0455e-21
-9.93163e-05 -9.97721e-05 4.10905e-21
-9.98681e-05 -0.000101125 4.16478e-21
-0.000100396 -0.000102278 4.21226e-21
-0.000100898 -0.000103223 4.25118e-21
-0.000101374 -0.000103954 4.28129e-21
-0.000101822 -0.000104467 4.30239e-21
-0.000102244 -0.000104758 4.31437e-21
-0.000102637 -0.000104828 4.31729e-21
-0.000103001 -0.000104683 4.31131e-21
-0.000103336 -0.000104327 4.29662e-21
-0.000103642 -0.000103765 4.27347e-21
-0.000103918 -0.000103005 4.2422e-21
-0.000104165 -0.000102057 4.20317e-21
-0.000104382 -0.000100931 4.15678e-21
-0.000104571 -9.96364e-05 4.10346e-21
-0.000104731 -9.81835e-05 4.04362e-21
-0.000104865 -9.65835e-05 3.97773e-21
-0.000104973 -9.48471e-05 3.90621e-21
-0.000105056 -9.29838e-05 3.82948e-21
-0.000105117 -9.1001e-05 3.74782e-21
-0.000105157 -8.89046e-05 3.66148e-21
-0.000105179 -8.67e-05 3.57068e-21
-0.000105185 -8.43918e-05 3.47562e-21
-0.000105178 -8.1983e-05 3.37642e-21
-0.00010516 -7.94758e-05 3.27316e-21
-0.000105133 -7.68715e-05 3.1659e-21
-0.000105101 -7.41712e-05 3.05469e-21
-0.000105066 -7.13758e-05 2.93956e-21
-0.00010503 -6.84859e-05 2.82055e-21
-0.000104996 -6.55016e-05 2.69764e-21
-0.000104968 -6.24229e-05 2.57085e-21
-0.000104947 -5.92507e-05 2.4402e-21
-0.000104921 -5.59865e-05 2.30577e-21
-0.000104901 -5.26303e-05 2.16755e-21
-0.000104899 -4.91832e-05 2.02558e-21
-0.000104911 -4.56473e-05 1.87995e-21
-0.000104933 -4.20251e-05 1.73078e-21
-0.000104972 -3.83194e-05 1.57816e-21
-0.000105036 -3.45319e-05 1.42217e-21
-0.000105125 -3.0663e-05 1.26283e-21
-0.000105242 -2.67124e-05 1.10013e-21
-0.000105389 -2.26799e-05 9.34058e-22
-0.00010557 -1.85653e-05 7.64598e-22
-0.000105785 -1.43675e-05 5.91717e-22
-0.00010604 -1.00858e-05 4.15378e-22
-0.000106334 -5.71985e-06 2.35568e-22
-0.000106672 -1.27011e-06 5.23088e-23
-0.000107057 3.26158e-06 -1.34326e-22
-0.000107489 7.87237e-06 -3.24218e-22
-0.000107942 1.25042e-05 -5.14977e-22
-0.000108434 1.71873e-05 -7.07846e-22
-0.000108989 2.19471e-05 -9.03875e-22
-0.000109599 2.67574e-05 -1.10199e-21
-0.000110273 3.16237e-05 -1.3024e-21
-0.000111011 3.65279e-05 -1.50438e-21
-0.000111816 4.1465e-05 -1.70771e-21
-0.00011269 4.64182e-05 -1.9117e-21
-0.000113636 5.13772e-05 -2.11594e-21
-0.000114656 5.63258e-05 -2.31974e-21
-0.000115752 6.12499e-05 -2.52253e-21
-0.000116927 6.61322e-05 -2.72361e-21
-0.000118182 7.09572e-05 -2.92232e-21
-0.000119519 7.57074e-05 -3.11796e-21
-0.000120941 8.03665e-05 -3.30984e-21
-0.000122448 8.49172e-05 -3.49726e-21
-0.000124041 8.93433e-05 -3.67954e-21
-0.000125723 9.36289e-05 -3.85605e-21
-0.000127493 9.776e-05 -4.02618e-21
-0.000129354 0.000101724 -4.18942e-21
-0.000131293 0.00010551 -4.34537e-21
-0.000133318 0.000109107 -4.4935e-21
-0.000135436 0.000112503 -4.63335e-21
-0.000137643 0.00011569 -4.76463e-21
-0.000139939 0.000118662 -4.88703e-21
-0.000142324 0.000121413 -5.00032e-21
-0.000144798 0.000123937 -5.10427e-21
-0.000147359 0.000126231 -5.19875e-21
-0.000150006 0.000128292 -5.28363e-21
-0.000152737 0.00013012 -5.35892e-21
-0.000155552 0.000131719 -5.42475e-21
-0.000158447 0.000133094 -5.48137e-21
-0.000161421 0.000134252 -5.52908e-21
-0.000164472 0.000135203 -5.56827e-21
-0.000167597 0.00013596 -5.59942e-21
-0.000170795 0.000136536 -5.62314e-21
-0.000174064 0.000136946 -5.64002e-21
-0.0001774 0.000137205 -5.65069e-21
-0.000180803 0.000137326 -5.65569e-21
-0.00018427 0.000137323 -5.65554e-21
-0.000187769 0.000137206 -5.65075e-21
-0.000191315 0.000136991 -5.64186e-21
-0.000194921 0.000136686 -5.62933e-21
-0.000198561 0.000136302 -5.61352e-21
-0.000202248 0.000135849 -5.59483e-21
-0.000205979 0.000135333 -5.57362e-21
-0.000209751 0.000134764 -5.55016e-21
-0.000213561 0.000134146 -5.52471e-21
-0.000217404 0.000133486 -5.49753e-21
-0.000221277 0.000132789 -5.46882e-21
-0.000225176 0.000132057 -5.4387e-21
-0.000229097 0.000131293 -5.40723e-21
-0.000233035 0.000130498 -5.37449e-21
-0.000236987 0.000129675 -5.34056e-21
-0.000240947 0.000128823 -5.30551e-21
-0.000244912 0.000127946 -5.26938e-21
-0.000248876 0.000127045 -5.23227e-21
-0.000252835 0.000126121 -5.19423e-21
-0.000256784 0.000125176 -5.15529e-21
-0.000260718 0.000124209 -5.11547e-21
-0.000264633 0.000123221 -5.07479e-21
-0.000268522 0.000122214 -5.03329e-21
-0.000272382 0.000121186 -4.99096e-21
-0.000276205 0.000120137 -4.94777e-21
-0.000279987 0.000119068 -4.90375e-21
-0.000283723 0.000117979 -4.85888e-21
-0.000287406 0.000116869 -4.81317e-21
-0.000291032 0.000115738 -4.76661e-21
-0.000294593 0.000114587 -4.71919e-21
-0.000298084 0.000113416 -4.67095e-21
-0.000301497 0.000112225 -4.62193e-21
-0.000304686 0.000111024 -4.57246e-21
-0.000307568 0.000109815 -4.52264e-21
-0.000310298 0.000108594 -4.47236e-21
-0.00031294 0.000107366 -4.42181e-21
-0.000315267 0.00010614 -4.37131e-21
-0.000317317 0.000104921 -4.3211e-21
-0.000319311 0.000103718 -4.27156e-21
-0.000321221 0.000102546 -4.22329e-21
-0.000323043 0.000101421 -4.17696e-21
-0.00032478 0.000100357 -4.13312e-21
-0.000326426 9.93668e-05 -4.09235e-21
-0.000327984 9.84655e-05 -4.05524e-21
-0.00032945 9.76673e-05 -4.02236e-21
-0.000330835 9.69826e-05 -3.99416e-21
-0.000331822 9.64496e-05 -3.97221e-21
-0.000332414 9.60731e-05 -3.95671e-21
-0.000332954 9.58348e-05 -3.94689e-21
-0.000333448 9.5752e-05 -3.94348e-21
-0.000333896 9.58286e-05 -3.94664e-21
-0.000334302 9.60714e-05 -3.95664e-21
-0.000334668 9.64834e-05 -3.97361e-21
-0.000334995 9.70666e-05 -3.99762e-21
-0.000335284 9.78215e-05 -4.02871e-21
-0.000335543 9.87498e-05 -4.06694e-21
-0.000335772 9.98502e-05 -4.11226e-21
-0.000335975 0.00010112 -4.16455e-21
-0.000336153 0.000102555 -4.22366e-21
-0.00033631 0.000104152 -4.28942e-21
-0.000336418 0.000105904 -4.36159e-21
-0.000336457 0.000107807 -4.43994e-21
-0.00033641 0.000109857 -4.52439e-21
-0.000336266 0.00011205 -4.6147e-21
-0.000336032 0.000114377 -4.71054e-21
-0.000335709 0.000116832 -4.81163e-21
-0.000335248 0.000119383 -4.91672e-21
-0.000334599 0.000121973 -8.67533e-21
-0.000333871 0.000124635 -8.7879e-21
-0.000333081 0.000127397 -8.90469e-21
-0.000332211 0.000130251 -9.02536e-21
-0.000331265 0.000133193 -9.14976e-21
-0.00033013 0.000136096 -7.83537e-21
-0.000328943 0.000138989 -7.56376e-21
-0.000327765 0.000141956 -1.03996e-20
-0.000326522 0.000144977 -9.16831e-21
-0.000325222 0.00014805 -9.62554e-21
-0.000323874 0.00015118 -1.08868e-20
-0.000322474 0.000154363 -8.04519e-21
-0.000320832 0.000157417 -6.73917e-21
-0.000319218 0.00016043 -4.54274e-21
-0.000317614 0.000163447 8.77115e-20
-0.000316001 0.000166486 -8.62066e-21
-0.00031429 0.000169405 -1.14161e-20
-0.000312415 0.000172119 9.90598e-18
-0.000310452 0.000174783 -6.04898e-21
-0.000308364 0.00017739 -1.69987e-20
-0.000306106 0.000179815 -1.11497e-20
-0.00030404 0.000182241 -1.1471e-20
-0.000302059 0.000184534 -1.1394e-20
-0.000299996 0.000186834 1.26878e-18
-0.000297902 0.000189103 -1.9337e-19
-0.00029583 0.000191351 3.84827e-20
-0.000293778 0.000193583 -8.44996e-21
-0.000291825 0.000195689 -1.19129e-20
-0.000289806 0.000197477 -1.23865e-19
-0.000287575 0.000199099 5.01283e-20
-0.000285564 0.000200693 -5.52628e-20
-0.000283592 0.000202253 -5.10712e-17
-0.000281649 0.000203776 1.59803e-19
-0.000279751 0.000205258 -1.50755e-20
-0.000277908 0.0002067 -2.07173e-20
-0.000276107 0.000208093 -2.2598e-20
-0.000274353 0.000209432 -1.92139e-17
-0.000272651 0.000210715 2.00528e-19
-0.000270993 0.000211935 -1.68666e-20
-0.000269538 0.000212988 1.6263e-20
-0.000268097 0.000213916 -6.96075e-21
-0.000266629 0.00021479 2.25669e-20
-0.000265218 0.0002156 1.08902e-17
-0.000263873 0.000216344 -9.05739e-19
-0.0002624 0.000216911 6.59158e-20
-0.000261218 0.000217435 8.3182e-20
-0.000260107 0.000217899 6.98526e-20
-0.000259072 0.000218304 8.39136e-20
-0.000258108 0.000218647 3.30195e-20
-0.000257206 0.000218916 2.59155e-19
-0.000256362 0.000219106 8.01434e-20
-0.000255522 0.00021918 8.14091e-20
-0.000254682 0.000219057 7.15855e-20
-0.000253915 0.000218719 7.15994e-20
-0.000253201 0.000218168 7.16223e-20
-0.000252539 0.000217407 7.16538e-20
-0.000251929 0.000216438 7.16939e-20
-0.000251369 0.000215265 7.17425e-20
-0.000250858 0.000213893 7.17993e-20
-0.000250396 0.000212329 7.1864e-20
-0.00024998 0.000210578 7.19365e-20
-0.000249609 0.000208644 7.20166e-20
-0.00024928 0.000206534 7.21039e-20
-0.000248991 0.000204254 7.21982e-20
-0.00024874 0.000201813 7.22993e-20
-0.000248523 0.000199217 7.24067e-20
-0.000248338 0.000196476 7.25202e-20
-0.000248183 0.000193599 7.26393e-20
-0.000248055 0.000190592 7.27637e-20
-0.000247951 0.000187464 7.28932e-20
-0.000247868 0.000184224 7.30273e-20
-0.000247804 0.000180878 7.31658e-20
-0.000247757 0.000177435 7.33083e-20
-0.000247723 0.000173899 7.34546e-20
-0.0002477 0.000170279 7.36045e-20
-0.000247685 0.00016658 7.37576e-20
-0.000247677 0.000162807 7.39138e-20
-0.000247672 0.000158964 7.40728e-20
-0.000247669 0.000155056 7.42346e-20
-0.000247666 0.000151085 7.43989e-20
-0.000247659 0.000147056 7.45657e-20
-0.000247647 0.000142972 7.47348e-20
-0.000247627 0.000138835 7.4906e-20
-0.000247598 0.000134647 7.50794e-20
-0.000247558 0.000130412 7.52546e-20
-0.000247503 0.000126133 7.54318e-20
-0.000247433 0.000121812 7.56106e-20
-0.000247346 0.000117452 7.57911e-20
-0.000247238 0.000113056 7.59731e-20
-0.000247108 0.000108627 7.61564e-20
-0.000246953 0.000104168 7.6341e-20
-0.000246772 9.96833e-05 7.65266e-20
-0.000246562 9.51773e-05 7.67131e-20
-0.00024632 9.06549e-05 7.69003e-20
-0.000246044 8.61219e-05 7.70879e-20
-0.000245732 8.15845e-05 7.72757e-20
-0.00024538 7.70492e-05 7.74634e-20
-0.000244986 7.25231e-05 7.76508e-20
-0.000244548 6.80139e-05 7.78374e-20
-0.000244062 6.35305e-05 7.80229e-20
-0.000243526 5.90835e-05 7.8207e-20
-0.000242937 5.46845e-05 7.83891e-20
-0.000242293 5.03455e-05 7.85687e-20
-0.000241591 4.6078e-05 7.87453e-20
-0.000240828 4.18922e-05 7.89185e-20
-0.000240002 3.77974e-05 7.9088e-20
-0.00023911 3.38029e-05 7.92534e-20
-0.000238149 2.99188e-05 7.94141e-20
-0.000237118 2.61562e-05 7.95699e-20
-0.000236013 2.25269e-05 7.97201e-20
-0.000234833 1.90419e-05 7.98643e-20
-0.000233576 1.57113e-05 8.00022e-20
-0.000232242 1.25433e-05 8.01334e-20
-0.000230827 9.54506e-06 8.02575e-20
-0.000229332 6.72242e-06 8.03743e-20
-0.000227754 4.08079e-06 8.04837e-20
-0.000226094 1.62566e-06 8.05854e-20
-0.000224351 -6.38133e-07 8.06791e-20
-0.000222524 -2.70716e-06 8.07648e-20
-0.000220615 -4.58029e-06 8.08424e-20
-0.000218622 -6.25957e-06 8.09119e-20
-0.000216548 -7.74936e-06 8.09737e-20
-0.000214392 -9.05545e-06 8.10278e-20
-0.000212154 -1.0185e-05 8.10746e-20
-0.000209837 -1.11466e-05 8.11145e-20
-0.000207441 -1.19499e-05 8.11478e-20
-0.000204968 -1.26058e-05 8.11751e-20
-0.000202419 -1.31264e-05 8.11967e-20
-0.000199796 -1.35252e-05 8.12133e-20
-0.0001971 -1.38168e-05 8.12255e-20
-0.000194335 -1.40162e-05 8.12338e-20
-0.000191501 -1.41389