-2.73683 0.00526285 -2.16747e-19
-5.47364 0.0105265 -4.33529e-19
-8.21042 0.0157911 -6.50346e-19
-10.9472 0.0210565 -8.67198e-19
-13.6839 0.0263227 -1.08408e-18
-16.4206 0.0315898 -1.30101e-18
-19.1573 0.0368578 -1.51796e-18
-21.8939 0.0421266 -1.73495e-18
-24.6305 0.0473962 -1.95198e-18
-27.3671 0.0526667 -2.16904e-18
-27.3667 0.0526892 -2.16997e-18
-27.3652 0.0527798 -2.1737e-18
-27.3621 0.0529603 -2.18114e-18
-27.3575 0.0532279 -2.19215e-18
-27.3517 0.0535662 -2.20609e-18
-27.3454 0.0539336 -2.22122e-18
-27.3396 0.0542752 -2.23529e-18
-27.3352 0.0545366 -2.24605e-18
-27.3332 0.0546607 -2.25116e-18
-27.3347 0.0545843 -2.24802e-18
-27.3407 0.0542424 -2.23394e-18
-27.3525 0.053572 -2.20633e-18
-27.3708 0.0525233 -2.16314e-18
-27.396 0.05107 -2.10328e-18
-27.4283 0.0491998 -2.02626e-18
-27.4679 0.0469033 -1.93168e-18
-27.5143 0.0442015 -1.82041e-18
-27.5661 0.0411746 -1.69575e-18
-27.6213 0.0379333 -1.56226e-18
-27.678 0.034589 -1.42453e-18
-27.7339 0.0312619 -1.2875e-18
-27.7867 0.0280902 -1.15688e-18
-27.8338 0.0252197 -1.03866e-18
-27.8728 0.022792 -9.38675e-19
-27.9016 0.0209246 -8.61764e-19
-27.9189 0.0196894 -8.10893e-19
-27.924 0.0191321 -7.87941e-19
-27.9162 0.019292 -7.94527e-19
-27.8952 0.020191 -8.31553e-19
-27.8613 0.021822 -8.98723e-19
-27.815 0.02416 -9.95013e-19
-27.7568 0.0271749 -1.11918e-18
-27.6876 0.0308289 -1.26967e-18
-27.6084 0.0350749 -1.44454e-18
-27.5201 0.039859 -1.64157e-18
-27.4239 0.0451251 -1.85845e-18
-27.3209 0.0508198 -2.09298e-18
-27.212 0.0568989 -2.34334e-18
-27.0981 0.063323 -2.60791e-18
-26.9798 0.0700525 -2.88507e-18
-26.8581 0.0770532 -3.17339e-18
-26.7334 0.0843019 -3.47192e-18
-26.6061 0.0917817 -3.77997e-18
-26.4766 0.0994774 -4.09691e-18
-26.3457 0.107347 -4.421e-18
-26.2152 0.115289 -4.74812e-18
-26.0874 0.123178 -5.07302e-18
-25.9644 0.130891 -5.39067e-18
-25.8483 0.138308 -5.69611e-18
-25.7413 0.145307 -5.98437e-18
-25.6452 0.151773 -6.25065e-18
-25.562 0.157595 -6.49046e-18
-25.4932 0.162678 -6.69979e-18
-25.4401 0.166939 -6.87529e-18
-25.4038 0.170311 -7.01412e-18
-25.3852 0.172731 -7.11383e-18
-25.3846 0.174169 -7.17304e-18
-25.4016 0.174637 -7.1923e-18
-25.4353 0.174174 -7.17324e-18
-25.4847 0.172827 -7.11776e-18
-25.5481 0.170684 -7.0295e-18
-25.6222 0.16791 -6.91526e-18
-25.7034 0.164711 -6.7835e-18
-25.7878 0.161291 -6.64268e-18
-25.8719 0.15784 -6.50054e-18
-25.953 0.154511 -6.36345e-18
-26.0285 0.151438 -6.23688e-18
-26.0961 0.148747 -6.12604e-18
-26.1539 0.146544 -6.0353e-18
-26.2005 0.144898 -5.96754e-18
-26.2351 0.143859 -5.92475e-18
-26.257 0.143464 -5.90848e-18
-26.2664 0.143709 -5.91855e-18
-26.2648 0.144509 -5.95151e-18
-26.2543 0.145738 -6.00213e-18
-26.2376 0.147262 -6.0649e-18
-26.2168 0.148955 -6.13463e-18
-26.1939 0.15071 -6.2069e-18
-26.1709 0.15243 -6.27771e-18
-26.1495 0.154015 -6.34301e-18
-26.1313 0.15539 -6.39965e-18
-26.1169 0.156523 -6.44629e-18
-26.1067 0.157404 -6.48259e-18
-26.1008 0.158028 -6.50829e-18
-26.0991 0.158414 -6.52418e-18
-26.1004 0.158631 -6.53309e-18
-26.1032 0.158773 -6.53896e-18
-26.1059 0.158939 -6.54578e-18
-26.1073 0.159199 -6.55652e-18
-26.107 0.159576 -6.57205e-18
-26.1053 0.160065 -6.59216e-18
-26.1021 0.16066 -6.61667e-18
-26.0975 0.161357 -6.64539e-18
-26.0917 0.162149 -6.678e-18
-26.0848 0.163027 -6.71416e-18
-26.0769 0.163984 -6.75356e-18
-26.0679 0.165025 -6.79646e-18
-26.057 0.166186 -6.84426e-18
-26.0435 0.167513 -6.89891e-18
-26.0264 0.169054 -6.96236e-18
-26.0051 0.170846 -7.03619e-18
-25.9792 0.172912 -7.12128e-18
-25.9483 0.175263 -7.21811e-18
-25.9122 0.177909 -7.32707e-18
-25.8717 0.180809 -7.44652e-18
-25.829 0.183827 -7.5708e-18
-25.7874 0.186775 -7.6922e-18
-25.75 0.189465 -7.803e-18
-25.7201 0.191714 -7.89561e-18
-25.7008 0.193339 -7.96254e-18
-25.695 0.194164 -7.9965e-18
-25.7057 0.194017 -7.99045e-18
-25.7348 0.192787 -7.93981e-18
-25.7822 0.190481 -7.84485e-18
-25.8465 0.187169 -7.70844e-18
-25.9264 0.182926 -7.53369e-18
-26.0199 0.177861 -7.3251e-18
-26.124 0.172149 -7.08986e-18
-26.235 0.165998 -6.83653e-18
-26.3492 0.159616 -6.57368e-18
-26.4633 0.153193 -6.30914e-18
-26.5746 0.146883 -6.04928e-18
-26.6807 0.140821 -5.7996e-18
-26.7796 0.135135 -5.56543e-18
-26.8693 0.129926 -5.35093e-18
-26.9491 0.125244 -5.15809e-18
-27.0188 0.121106 -4.98765e-18
-27.0782 0.117525 -4.84019e-18
-27.1273 0.114509 -4.71599e-18
-27.1662 0.11206 -4.6151e-18
-27.1951 0.110172 -4.53734e-18
-27.2142 0.108837 -4.4824e-18
-27.224 0.108037 -4.44942e-18
-27.2254 0.107728 -4.43669e-18
-27.2194 0.107856 -4.44198e-18
-27.2071 0.108368 -4.46306e-18
-27.1894 0.109216 -4.49798e-18
-27.167 0.110368 -4.54543e-18
-27.1403 0.111801 -4.60444e-18
-27.1098 0.113493 -4.67413e-18
-27.0762 0.115413 -4.7532e-18
-27.0402 0.117509 -4.83955e-18
-27.0029 0.119722 -4.93069e-18
-26.9654 0.121994 -5.02425e-18
-26.9282 0.124283 -5.11851e-18
-26.8917 0.126572 -5.21279e-18
-26.8558 0.128862 -5.3071e-18
-26.8203 0.131155 -5.40154e-18
-26.7847 0.13347 -5.49685e-18
-26.7482 0.135853 -5.59501e-18
-26.7095 0.138368 -5.69861e-18
-26.6674 0.141078 -5.81022e-18
-26.6207 0.144044 -5.93236e-18
-26.5683 0.147324 -6.06744e-18
-26.509 0.150973 -6.21772e-18
-26.4418 0.155042 -6.38529e-18
-26.3664 0.159552 -6.57106e-18
-26.2831 0.16447 -6.77358e-18
-26.1931 0.169728 -6.99012e-18
-26.0975 0.175256 -7.21779e-18
-25.9978 0.180964 -7.45286e-18
-25.8962 0.186726 -7.69021e-18
-25.7952 0.192401 -7.92389e-18
-25.6973 0.19784 -8.14792e-18
-25.6046 0.202923 -8.35723e-18
-25.5185 0.20757 -8.54861e-18
-25.44 0.211728 -8.71987e-18
-25.37 0.215346 -8.86886e-18
-25.3092 0.218392 -8.99435e-18
-25.2573 0.220879 -9.09674e-18
-25.214 0.222837 -9.17739e-18
-25.1786 0.224301 -9.23771e-18
-25.1506 0.225309 -9.27921e-18
-25.1294 0.225903 -9.30364e-18
-25.1143 0.226125 -9.31283e-18
-25.1045 0.226024 -9.30866e-18
-25.0998 0.225625 -9.29222e-18
-25.1004 0.22491 -9.26275e-18
-25.1071 0.223839 -9.21868e-18
-25.1206 0.222378 -9.15848e-18
-25.1414 0.220508 -9.08146e-18
-25.1691 0.218247 -8.98837e-18
-25.2031 0.215636 -8.88083e-18
-25.2428 0.212715 -8.76054e-18
-25.2874 0.209531 -8.62939e-18
-25.336 0.206133 -8.48943e-18
-25.3877 0.202574 -8.34287e-18
-25.4417 0.19891 -8.19198e-18
-25.4968 0.195199 -8.03915e-18
-25.552 0.191503 -7.8869e-18
-25.6063 0.187883 -7.73785e-18
-25.6584 0.184405 -7.59461e-18
-25.7074 0.181118 -7.45922e-18
-25.753 0.178043 -7.33256e-18
-25.7951 0.175186 -7.21491e-18
-25.8334 0.172553 -7.10647e-18
-25.8679 0.17014 -7.00712e-18
-25.8991 0.167929 -6.91603e-18
-25.9273 0.165888 -6.83201e-18
-25.9531 0.16399 -6.75381e-18
-25.977 0.16219 -6.6797e-18
-26.0002 0.160424 -6.60695e-18
-26.0239 0.158612 -6.53234e-18
-26.0496 0.156677 -6.45264e-18
-26.0784 0.154541 -6.36467e-18
-26.1117 0.152128 -6.26528e-18
-26.1505 0.149362 -6.15139e-18
-26.1963 0.146171 -6.01997e-18
-26.2493 0.142528 -5.86993e-18
-26.3084 0.1385 -5.70403e-18
-26.3714 0.134201 -5.527e-18
-26.4364 0.129747 -5.34353e-18
-26.5012 0.125265 -5.15896e-18
-26.5628 0.120916 -4.97986e-18
-26.6183 0.116874 -4.81338e-18
-26.6649 0.113306 -4.66642e-18
-26.7004 0.110331 -4.54391e-18
-26.7243 0.107979 -4.44704e-18
-26.7373 0.106227 -4.37489e-18
-26.7398 0.105047 -4.32631e-18
-26.7329 0.104385 -4.29901e-18
-26.7186 0.104135 -4.28872e-18
-26.6993 0.104168 -4.29007e-18
-26.6774 0.104351 -4.29763e-18
-26.6552 0.104562 -4.3063e-18
-26.6347 0.104693 -4.31172e-18
-26.6178 0.104652 -4.31002e-18
-26.6061 0.104346 -4.29743e-18
-26.6009 0.103711 -4.27126e-18
-26.6027 0.10273 -4.23089e-18
-26.6113 0.101418 -4.17685e-18
-26.6265 0.0997928 -4.1099e-18
-26.648 0.0978762 -4.03097e-18
-26.6754 0.0956947 -3.94112e-18
-26.7082 0.0932789 -3.84163e-18
-26.7458 0.0906639 -3.73393e-18
-26.7878 0.0878824 -3.61938e-18
-26.8335 0.0849561 -3.49886e-18
-26.8828 0.0819033 -3.37313e-18
-26.9352 0.0787464 -3.24312e-18
-26.9897 0.0755357 -3.11089e-18
-27.0446 0.0723748 -2.98071e-18
-27.0973 0.0693951 -2.85799e-18
-27.1457 0.0667285 -2.74817e-18
-27.1872 0.0645024 -2.65649e-18
-27.2199 0.0628352 -2.58782e-18
-27.2418 0.0618385 -2.54678e-18
-27.2508 0.0616201 -2.53778e-18
-27.2456 0.0622493 -2.5637e-18
-27.2264 0.0637219 -2.62434e-18
-27.1938 0.0659931 -2.71788e-18
-27.1487 0.0690133 -2.84227e-18
-27.0928 0.0726757 -2.9931e-18
-27.03 0.0767615 -3.16137e-18
-26.9649 0.0809948 -3.33572e-18
-26.9024 0.0851003 -3.5048e-18
-26.8468 0.0888209 -3.65803e-18
-26.8019 0.0919349 -3.78628e-18
-26.7712 0.0942425 -3.88131e-18
-26.7579 0.0955511 -3.93521e-18
-26.7646 0.095708 -3.94167e-18
-26.7925 0.0946339 -3.89744e-18
-26.8421 0.0922919 -3.80098e-18
-26.9138 0.0886537 -3.65115e-18
-27.0068 0.0837566 -3.44946e-18
-27.1181 0.0777608 -3.20253e-18
-27.2435 0.0708924 -2.91966e-18
-27.3791 0.0633803 -2.61027e-18
-27.5203 0.0554659 -2.28432e-18
-27.6624 0.0474141 -1.95272e-18
-27.8005 0.0394986 -1.62672e-18
-27.9299 0.0319868 -1.31736e-18
-28.0463 0.0251172 -1.03444e-18
-28.1463 0.0190769 -7.85669e-19
-28.2274 0.0140199 -5.77399e-19
-28.287 0.0100877 -4.15454e-19
-28.3233 0.00738288 -3.04059e-19
-28.336 0.00594216 -2.44724e-19
-28.3251 0.00576172 -2.37293e-19
-28.2911 0.00682493 -2.8108e-19
-28.235 0.00908802 -3.74284e-19
-28.1585 0.0124649 -5.13358e-19
-28.0637 0.0168438 -6.93701e-19
-27.9531 0.022105 -9.10381e-19
-27.8289 0.0281373 -1.15882e-18
-27.6928 0.0348545 -1.43546e-18
-27.5465 0.0421827 -1.73727e-18
-27.3916 0.0500456 -2.06109e-18
-27.2301 0.0583454 -2.40292e-18
-27.0646 0.0669433 -2.75702e-18
-26.8982 0.0756814 -3.11689e-18
-26.7337 0.0844055 -3.47619e-18
-26.5738 0.0929784 -3.82925e-18
-26.4206 0.101292 -4.17163e-18
-26.2756 0.109256 -4.49964e-18
-26.1404 0.116792 -4.81e-18
-26.0159 0.123857 -5.10098e-18
-25.9016 0.130479 -5.37369e-18
-25.7963 0.136724 -5.63089e-18
-25.6987 0.142667 -5.87565e-18
-25.6073 0.148388 -6.11126e-18
-25.5208 0.153969 -6.34112e-18
-25.4374 0.159496 -6.56872e-18
-25.3556 0.165057 -6.79775e-18
-25.2741 0.170712 -7.03066e-18
-25.193 0.176457 -7.26728e-18
-25.1126 0.182255 -7.50606e-18
-25.0334 0.18807 -7.74556e-18
-24.957 0.19381 -7.98192e-18
-24.8868 0.199259 -8.20634e-18
-24.8274 0.204144 -8.40754e-18
-24.7833 0.208198 -8.57448e-18
-24.7581 0.211198 -8.69805e-18
-24.7539 0.213014 -8.77284e-18
-24.7721 0.213564 -8.79549e-18
-24.8135 0.212775 -8.76299e-18
-24.8783 0.210636 -8.67491e-18
-24.9643 0.207256 -8.5357e-18
-25.0684 0.202806 -8.35245e-18
-25.1873 0.197463 -8.13239e-18
-25.3175 0.191419 -7.88347e-18
-25.455 0.1849 -7.61499e-18
-25.5953 0.178146 -7.33683e-18
-25.7344 0.171394 -7.05873e-18
-25.8685 0.164843 -6.78896e-18
-25.9954 0.158627 -6.53296e-18
-26.1134 0.152839 -6.29456e-18
-26.221 0.147562 -6.07726e-18
-26.3177 0.142831 -5.8824e-18
-26.4046 0.138581 -5.70735e-18
-26.4838 0.134694 -5.54729e-18
-26.5575 0.13105 -5.39719e-18
-26.6282 0.127503 -5.25112e-18
-26.6992 0.123871 -5.10156e-18
-26.7742 0.119954 -4.94023e-18
-26.8566 0.115551 -4.75889e-18
-26.9495 0.110486 -4.5503e-18
-27.0553 0.10463 -4.30911e-18
-27.1757 0.0978796 -4.03111e-18
-27.3123 0.09014 -3.71236e-18
-27.4662 0.0813572 -3.35064e-18
-27.6367 0.0715543 -2.94691e-18
-27.8227 0.0607974 -2.5039e-18
-28.0227 0.0491594 -2.0246e-18
-28.2352 0.0367259 -1.51253e-18
-28.4581 0.0236021 -9.72039e-19
-28.6891 0.00990414 -4.07895e-19
-28.9261 -0.00424991 1.7503e-19
-29.1671 -0.0187624 7.72716e-19
-29.4109 -0.033579 1.38293e-18
-29.6568 -0.0486699 2.00444e-18
-29.9041 -0.064007 2.63609e-18
-30.1517 -0.0795457 3.27604e-18
-30.3982 -0.0952068 3.92103e-18
-30.6416 -0.110896 4.56718e-18
-30.8803 -0.126525 5.21085e-18
-31.1122 -0.14198 5.84735e-18
-31.3342 -0.157089 6.46962e-18
-31.543 -0.171658 7.0696e-18
-31.7352 -0.1855 7.63968e-18
-31.908 -0.198446 8.17286e-18
-32.0587 -0.210342 8.66281e-18
-32.1853 -0.221052 9.10386e-18
-32.2857 -0.230452 9.491e-18
-32.3588 -0.238466 9.82104e-18
-32.4076 -0.245184 1.00978e-17
-32.4338 -0.250676 1.03239e-17
-32.4355 -0.254875 1.04969e-17
-32.4141 -0.257849 1.06194e-17
-32.3723 -0.259723 1.06965e-17
-32.3128 -0.260623 1.07336e-17
-32.2386 -0.260697 1.07366e-17
-32.1532 -0.260111 1.07125e-17
-32.061 -0.259097 1.06707e-17
-31.9669 -0.257907 1.06217e-17
-31.8758 -0.256793 1.05759e-17
-31.7915 -0.255953 1.05413e-17
-31.7163 -0.255494 1.05223e-17
-31.6513 -0.255465 1.05211e-17
-31.5977 -0.255904 1.05392e-17
-31.5551 -0.256792 1.05758e-17
-31.5218 -0.258001 1.06256e-17
-31.4946 -0.259348 1.06811e-17
-31.4702 -0.260635 1.07341e-17
-31.4449 -0.26164 1.07755e-17
-31.414 -0.262098 1.07943e-17
-31.3725 -0.261721 1.07788e-17
-31.3154 -0.260218 1.07169e-17
-31.2391 -0.257386 1.06003e-17
-31.1431 -0.253201 1.04279e-17
-31.0284 -0.247732 1.02027e-17
-30.8961 -0.241049 9.92745e-18
-30.7477 -0.233235 9.60562e-18
-30.5849 -0.2244 9.24178e-18
-30.4098 -0.21467 8.84103e-18
-30.2242 -0.204167 8.40847e-18
-30.0297 -0.192974 7.94751e-18
-29.8259 -0.181094 7.45825e-18
-29.6119 -0.168483 6.93888e-18
-29.3871 -0.155111 6.38816e-18
-29.1501 -0.140898 5.80279e-18
-28.8977 -0.125667 5.17551e-18
-28.6259 -0.109202 4.49743e-18
-28.331 -0.0912918 3.75979e-18
-28.0106 -0.0717973 2.95692e-18
-27.6644 -0.0507158 2.0887e-18
-27.2939 -0.0281216 1.15817e-18
-26.9004 -0.00409629 1.68703e-19
-26.493 0.0209802 -8.64057e-19
-26.0717 0.0470237 -1.93664e-18
-25.638 0.0738718 -3.04236e-18
-25.1996 0.101136 -4.1652e-18
-24.7598 0.128592 -5.29597e-18
-24.324 0.155943 -6.42243e-18
-23.8959 0.182984 -7.53606e-18
-23.4801 0.209462 -8.62657e-18
-23.0797 0.235197 -9.68644e-18
-22.6968 0.260057 -1.07103e-17
-22.333 0.28396 -1.16947e-17
-21.9893 0.306838 -1.26369e-17
-21.6666 0.328639 -1.35348e-17
-21.3651 0.349359 -1.43881e-17
-21.0839 0.369031 -1.51983e-17
-20.8225 0.38769 -1.59667e-17
-20.5803 0.405355 -1.66943e-17
-20.3578 0.421989 -1.73793e-17
-20.1559 0.437528 -1.80193e-17
-19.9752 0.451927 -1.86123e-17
-19.8158 0.46516 -1.91573e-17
-19.6777 0.477221 -1.9654e-17
-19.5603 0.48813 -2.01033e-17
-19.4629 0.497907 -2.0506e-17
-19.3851 0.506571 -2.08628e-17
-19.3264 0.514124 -2.11738e-17
-19.2868 0.520564 -2.14391e-17
-19.2658 0.52589 -2.16584e-17
-19.2625 0.530158 -2.18342e-17
-19.2737 0.533532 -2.19731e-17
-19.2955 0.53623 -2.20843e-17
-19.3239 0.538467 -2.21764e-17
-19.3554 0.54045 -2.22581e-17
-19.3864 0.54237 -2.23371e-17
-19.4139 0.544407 -2.2421e-17
-19.4348 0.54673 -2.25167e-17
-19.447 0.54947 -2.26296e-17
-19.4495 0.552685 -2.27619e-17
-19.4421 0.556385 -2.29143e-17
-19.4246 0.560583 -2.30872e-17
-19.3985 0.565219 -2.32782e-17
-19.3673 0.570115 -2.34798e-17
-19.3352 0.575032 -2.36823e-17
-19.3068 0.579724 -2.38756e-17
-19.2866 0.583954 -2.40498e-17
-19.2788 0.587488 -2.41953e-17
-19.2876 0.590105 -2.43031e-17
-19.317 0.591588 -2.43642e-17
-19.3698 0.591788 -2.43724e-17
-19.4466 0.590683 -2.43269e-17
-19.5468 0.588322 -2.42297e-17
-19.6695 0.584768 -2.40833e-17
-19.813 0.580116 -2.38917e-17
-19.9747 0.574528 -2.36615e-17
-20.1513 0.5682 -2.34009e-17
-20.3391 0.561337 -2.31183e-17
-20.5352 0.554114 -2.28208e-17
-20.7377 0.546634 -2.25127e-17
-20.9455 0.538961 -2.21967e-17
-21.1571 0.531169 -2.18759e-17
-21.372 0.523295 -2.15515e-17
-21.5907 0.515295 -2.12221e-17
-21.8143 0.507091 -2.08842e-17
-22.0441 0.498606 -2.05348e-17
-22.2811 0.489776 -2.01711e-17
-22.5259 0.480549 -1.97911e-17
-22.779 0.470884 -1.9393e-17
-23.041 0.460745 -1.89755e-17
-23.3114 0.450131 -1.85383e-17
-23.5892 0.439099 -1.8084e-17
-23.8725 0.427741 -1.76162e-17
-24.1594 0.416152 -1.7139e-17
-24.4479 0.404428 -1.66561e-17
-24.7361 0.392669 -1.61718e-17
-25.0221 0.380972 -1.56901e-17
-25.3038 0.369437 -1.5215e-17
-25.5797 0.35815 -1.47502e-17
-25.8481 0.347178 -1.42983e-17
-26.1082 0.336575 -1.38616e-17
-26.3587 0.326391 -1.34422e-17
-26.5989 0.316665 -1.30416e-17
-26.8282 0.307424 -1.26611e-17
-27.046 0.298684 -1.23011e-17
-27.2522 0.290456 -1.19622e-17
-27.4464 0.282755 -1.16451e-17
-27.6279 0.275617 -1.13511e-17
-27.7959 0.269082 -1.1082e-17
-27.9497 0.263187 -1.08392e-17
-28.0883 0.257994 -1.06253e-17
-28.2094 0.253627 -1.04455e-17
-28.3105 0.250237 -1.03059e-17
-28.3891 0.247969 -1.02124e-17
-28.4427 0.246963 -1.0171e-17
-28.4691 0.247358 -1.01873e-17
-28.4658 0.249293 -1.0267e-17
-28.4308 0.252891 -1.04151e-17
-28.3633 0.258207 -1.06341e-17
-28.2647 0.265164 -1.09206e-17
-28.1377 0.273612 -1.12685e-17
-27.9851 0.283393 -1.16714e-17
-27.8114 0.29426 -1.21189e-17
-27.6238 0.305793 -1.25939e-17
-27.4313 0.317484 -1.30754e-17
-27.2426 0.328828 -1.35426e-17
-27.0665 0.339322 -1.39748e-17
-26.9116 0.348457 -1.4351e-17
-26.7867 0.35573 -1.46505e-17
-26.6998 0.360656 -1.48534e-17
-26.6577 0.362841 -1.49434e-17
-26.6641 0.362053 -1.49109e-17
-26.7209 0.358154 -1.47503e-17
-26.8297 0.351032 -1.4457e-17
-26.9907 0.340638 -1.4029e-17
-27.2023 0.327044 -1.34691e-17
-27.4614 0.310384 -1.2783e-17
-27.7649 0.290811 -1.19769e-17
-28.1083 0.268542 -1.10597e-17
-28.485 0.243917 -1.00456e-17
-28.8875 0.217341 -8.95103e-18
-29.3082 0.189213 -7.79261e-18
-29.7398 0.159928 -6.58653e-18
-30.1751 0.129865 -5.34841e-18
-30.6074 0.0993884 -4.09324e-18
-31.0304 0.0688437 -2.83528e-18
-31.438 0.038567 -1.58836e-18
-31.8243 0.00889274 -3.66241e-19
-32.1836 -0.0198595 8.17901e-19
-32.511 -0.0473991 1.9521e-18
-32.8032 -0.0735234 3.02801e-18
-33.0595 -0.0981784 4.04341e-18
-33.281 -0.121401 4.99982e-18
-33.4692 -0.143256 5.89989e-18
-33.626 -0.163813 6.74655e-18
-33.7533 -0.183148 7.54284e-18
-33.853 -0.201313 8.29092e-18
-33.9266 -0.218366 8.99328e-18
-33.9768 -0.23441 9.65402e-18
-34.0062 -0.249541 1.02772e-17
-34.0175 -0.263872 1.08674e-17
-34.0138 -0.27752 1.14295e-17
-33.9968 -0.290546 1.19659e-17
-33.9669 -0.302913 1.24753e-17
-33.9374 -0.315023 1.2974e-17
-33.8968 -0.326407 1.34429e-17
-33.8376 -0.336722 1.38677e-17
-33.7638 -0.346056 1.42521e-17
-33.6709 -0.354183 1.45868e-17
-33.5603 -0.361096 1.48715e-17
-33.4288 -0.366612 1.50987e-17
-33.2757 -0.370631 1.52642e-17
-33.0976 -0.37295 1.53597e-17
-32.8926 -0.373426 1.53793e-17
-32.655 -0.371807 1.53126e-17
-32.3861 -0.368074 1.51589e-17
-32.0861 -0.362172 1.49158e-17
-31.7528 -0.353999 1.45792e-17
-31.3867 -0.343538 1.41484e-17
-30.9883 -0.33082 1.36246e-17
-30.5598 -0.315949 1.30122e-17
-30.1025 -0.299005 1.23143e-17
-29.6196 -0.280146 1.15376e-17
-29.1153 -0.259643 1.06932e-17
-28.5957 -0.237822 9.79453e-18
-28.0668 -0.215 8.85464e-18
-27.5343 -0.191507 7.88707e-18
-27.0038 -0.167665 6.90516e-18
-26.4811 -0.143805 5.92253e-18
-25.9718 -0.120238 4.9519e-18
-25.4802 -0.0972205 4.00396e-18
-25.0089 -0.074903 3.08483e-18
-24.5593 -0.053376 2.19825e-18
-24.1327 -0.0327161 1.34739e-18
-23.7293 -0.0129279 5.32428e-19
-23.3466 0.00612453 -2.52235e-19
-22.981 0.0246479 -1.01511e-18
-22.6285 0.042861 -1.7652e-18
-22.286 0.0609455 -2.51e-18
-21.9514 0.0790064 -3.25383e-18
-21.6236 0.0971081 -3.99933e-18
-21.3013 0.11532 -4.7494e-18
-20.9844 0.13365 -5.5043e-18
-20.6749 0.151977 -6.25905e-18
-20.376 0.170113 -7.00598e-18
-20.0908 0.187881 -7.73774e-18
-19.8229 0.205069 -8.44562e-18
-19.5771 0.221393 -9.11792e-18
-19.3588 0.236538 -9.74168e-18
-19.1732 0.250206 -1.03046e-17
-19.025 0.262107 -1.07947e-17
-18.9189 0.271965 -1.12007e-17
-18.8592 0.279516 -1.15117e-17
-18.8497 0.284522 -1.17178e-17
-18.8927 0.286822 -1.18126e-17
-18.9882 0.286399 -1.17952e-17
-19.1346 0.283318 -1.16682e-17
-19.3297 0.277662 -1.14353e-17
-19.5712 0.26954 -1.11008e-17
-19.8561 0.259081 -1.06701e-17
-20.181 0.246431 -1.01491e-17
-20.5426 0.231749 -9.54445e-18
-20.9395 0.215142 -8.86047e-18
-21.3618 0.197078 -8.11653e-18
-21.7991 0.17807 -7.33368e-18
-22.2445 0.158494 -6.52748e-18
-22.6894 0.138788 -5.71589e-18
-23.1278 0.119276 -4.91229e-18
-23.5533 0.100283 -4.1301e-18
-23.9606 0.0820885 -3.38076e-18
-24.3446 0.064952 -2.67501e-18
-24.7016 0.0490737 -2.02107e-18
-25.0284 0.034621 -1.42584e-18
-25.3225 0.0217262 -8.94779e-19
-25.5832 0.0104249 -4.29343e-19
-25.8129 0.000578186 -2.38122e-20
-26.016 -0.00805286 3.31652e-19
-26.1972 -0.0157339 6.47989e-19
-26.3621 -0.022767 9.37644e-19
-26.5171 -0.0295052 1.21515e-18
-26.6731 -0.0364651 1.50179e-18
-26.835 -0.043961 1.8105e-18
-27.0085 -0.0523197 2.15475e-18
-27.2017 -0.0619499 2.55136e-18
-27.4201 -0.0731656 3.01328e-18
-27.6709 -0.0863303 3.55545e-18
-27.9597 -0.101755 4.19071e-18
-28.2927 -0.11976 4.93222e-18
-28.6744 -0.140618 5.79126e-18
-29.1106 -0.164608 6.77927e-18
-29.6052 -0.191983 7.90671e-18
-30.1625 -0.222952 9.18213e-18
-30.7866 -0.257704 1.06134e-17
-31.48 -0.296403 1.22071e-17
-32.2445 -0.339142 1.39673e-17
-33.0799 -0.385926 1.58941e-17
-33.9851 -0.436688 1.79847e-17
-34.957 -0.491305 2.02341e-17
-35.9933 -0.549642 2.26366e-17
-37.0899 -0.611466 2.51828e-17
-38.2405 -0.676459 2.78595e-17
-39.4393 -0.744306 3.06538e-17
-40.6791 -0.814632 3.35501e-17
-41.9521 -0.887013 3.65311e-17
-43.2496 -0.960987 3.95776e-17
-44.5629 -1.03609 4.26706e-17
-45.8826 -1.1118 4.57889e-17
-47.198 -1.18756 4.89088e-17
-48.498 -1.26274 5.2005e-17
-49.7716 -1.33674 5.50526e-17
-51.0089 -1.40901 5.80291e-17
-52.2013 -1.47909 6.09152e-17
-53.3416 -1.54657 6.36943e-17
-54.4229 -1.61106 6.63506e-17
-55.4395 -1.67225 6.88706e-17
-56.3868 -1.72988 7.12441e-17
-57.2617 -1.78376 7.34631e-17
-58.0615 -1.83373 7.5521e-17
-58.7841 -1.87966 7.74126e-17
-59.4287 -1.92148 7.9135e-17
-59.9949 -1.95916 8.06869e-17
-60.4833 -1.9927 8.20681e-17
-60.8939 -2.02209 8.32784e-17
-61.2268 -2.04729 8.43163e-17
-61.4817 -2.06826 8.51799e-17
-61.6587 -2.08498 8.58685e-17
-61.7581 -2.09743 8.63812e-17
-61.7793 -2.10555 8.67157e-17
-61.7221 -2.10929 8.68699e-17
-61.5862 -2.10862 8.6842e-17
-61.3718 -2.1035 8.6631e-17
-61.0791 -2.09391 8.62365e-17
-60.7086 -2.07988 8.56583e-17
-60.2609 -2.06139 8.48971e-17
-59.737 -2.03849 8.39537e-17
-59.1353 -2.01112 8.28267e-17
-58.4585 -1.97939 8.15197e-17
-57.709 -1.94335 8.00357e-17
-56.8875 -1.90308 7.83771e-17
-55.9974 -1.85872 7.655e-17
-55.0413 -1.81041 7.45607e-17
-54.0228 -1.75836 7.24168e-17
-52.9453 -1.70273 7.0126e-17
-51.8135 -1.6438 6.76988e-17
-50.6323 -1.58182 6.51462e-17
-49.4068 -1.51708 6.24799e-17
-48.1424 -1.44988 5.97125e-17
-46.846 -1.38062 5.686e-17
-45.525 -1.3097 5.39393e-17
-44.1867 -1.23755 5.09675e-17
-42.8373 -1.16449 4.79589e-17
-41.4805 -1.09076 4.49224e-17
-40.1182 -1.01651 4.18644e-17
-38.7533 -0.94186 3.87899e-17
-37.3878 -0.866891 3.57023e-17
-36.0214 -0.791589 3.26011e-17
-34.6529 -0.715877 2.94829e-17
-33.2813 -0.639686 2.6345e-17
-31.9048 -0.562943 2.31844e-17
-30.5236 -0.485624 2.00001e-17
-29.1379 -0.407705 1.67911e-17
-27.7475 -0.32917 1.35566e-17
-26.3535 -0.250066 1.02988e-17
-24.9595 -0.170578 7.02516e-18
-23.5701 -0.0909581 3.74605e-18
-22.1902 -0.011455 4.71768e-19
-20.8248 0.0676544 -2.7863e-18
-19.4802 0.146032 -6.01422e-18
-18.1631 0.223315 -9.19708e-18
-16.8798 0.299156 -1.23205e-17
-15.6361 0.37325 -1.5372e-17
-14.4363 0.445362 -1.83419e-17
-13.2838 0.515308 -2.12226e-17
-12.1816 0.582923 -2.40073e-17
-11.1318 0.648099 -2.66915e-17
-10.1349 0.710809 -2.92742e-17
-9.20931 0.770411 -3.17289e-17
-8.34096 0.827415 -3.40765e-17
-7.51895 0.882228 -3.6334e-17
-6.75076 0.93456 -3.84892e-17
-6.03224 0.984531 -4.05472e-17
-5.36676 1.032 -4.25021e-17
-4.75297 1.07697 -4.43543e-17
-4.19388 1.11928 -4.60969e-17
-3.68998 1.15885 -4.77265e-17
-3.24335 1.19553 -4.92373e-17
-2.85463 1.22925 -5.06259e-17
-2.52472 1.25992 -5.18889e-17
-2.25369 1.28749 -5.30244e-17
-2.04164 1.31191 -5.40303e-17
-1.88823 1.33317 -5.49057e-17
-1.79318 1.35123 -5.56496e-17
-1.75593 1.36609 -5.62613e-17
-1.77589 1.37772 -5.67406e-17
-1.85286 1.38611 -5.70859e-17
-1.98781 1.39114 -5.72933e-17
-2.18221 1.3927 -5.73575e-17
-2.43756 1.39066 -5.72734e-17
-2.75534 1.38489 -5.70358e-17
-3.13729 1.37526 -5.66392e-17
-3.5852 1.36163 -5.60778e-17
-4.10084 1.34386 -5.53462e-17
-4.68511 1.32189 -5.44411e-17
-5.33713 1.29572 -5.33635e-17
-6.05509 1.26545 -5.21168e-17
-6.83723 1.23116 -5.07044e-17
-7.68083 1.19298 -4.91322e-17
-8.58125 1.15118 -4.74106e-17
-9.53287 1.10607 -4.55526e-17
-10.5268 1.05804 -4.35749e-17
-11.56 1.00737 -4.14878e-17
-12.6279 0.954356 -3.93045e-17
-13.7228 0.899419 -3.7042e-17
-14.8397 0.842893 -3.4714e-17
-15.9725 0.785114 -3.23344e-17
-17.1183 0.726296 -2.9912e-17
-18.2728 0.666606 -2.74537e-17
-19.433 0.60624 -2.49676e-17
-20.5988 0.545342 -2.24595e-17
-21.7687 0.483998 -1.99332e-17
-22.9421 0.422291 -1.73918e-17
-24.1188 0.360268 -1.48374e-17
-25.2986 0.297962 -1.22714e-17
-26.4835 0.235287 -9.69012e-18
-27.6761 0.172127 -7.08892e-18
-28.8791 0.108357 -4.46263e-18
-30.0947 0.0438707 -1.80679e-18
-31.3254 -0.0214563 8.83664e-19
-32.5737 -0.0877505 3.61394e-18
-33.8414 -0.1551 6.38769e-18
-35.1287 -0.223521 9.20555e-18
-36.4346 -0.29296 1.20654e-17
-37.7569 -0.36329 1.49618e-17
-39.0927 -0.434366 1.78891e-17
-40.4382 -0.50598 2.08384e-17
-41.7874 -0.577811 2.37967e-17
-43.1332 -0.649478 2.67483e-17
-44.4682 -0.720588 2.96769e-17
-45.7957 -0.791116 3.25816e-17
-47.0982 -0.860291 3.54305e-17
-48.3613 -0.927431 3.81956e-17
-49.58 -0.992201 4.08632e-17
-50.7431 -1.05406 4.34107e-17
-51.8456 -1.11272 4.58266e-17
-52.8803 -1.16782 4.80959e-17
-53.8424 -1.21911 5.02083e-17
-54.7269 -1.26635 5.21539e-17
-55.5322 -1.30947 5.39296e-17
-56.2573 -1.34843 5.55342e-17
-56.9021 -1.38326 5.69685e-17
-57.4665 -1.41396 5.82329e-17
-57.9504 -1.44054 5.93277e-17
-58.3537 -1.46301 6.02533e-17
-58.6771 -1.48141 6.10111e-17
-58.9214 -1.49581 6.16037e-17
-59.0884 -1.50628 6.2035e-17
-59.18 -1.51294 6.23094e-17
-59.1989 -1.51594 6.24328e-17
-59.1474 -1.5154 6.24107e-17
-59.0275 -1.51143 6.2247e-17
-58.841 -1.5041 6.19455e-17
-58.59 -1.49354 6.15106e-17
-58.276 -1.47982 6.09452e-17
-57.8993 -1.46291 6.02491e-17
-57.4594 -1.44279 5.94203e-17
-56.956 -1.41941 5.84575e-17
-56.3887 -1.39274 5.7359e-17
-55.7563 -1.36268 5.61211e-17
-55.0574 -1.32914 5.47396e-17
-54.2907 -1.29202 5.32109e-17
-53.4555 -1.25126 5.15323e-17
-52.5515 -1.20683 4.97024e-17
-51.5789 -1.15871 4.77207e-17
-50.5379 -1.10691 4.55875e-17
-49.4303 -1.05151 4.33056e-17
-48.2595 -0.99268 4.08829e-17
-47.0304 -0.930691 3.83299e-17
-45.7478 -0.865806 3.56577e-17
-44.4172 -0.798317 3.28782e-17
-43.0442 -0.728544 3.00046e-17
-41.6352 -0.656827 2.7051e-17
-40.1962 -0.583509 2.40314e-17
-38.7442 -0.50933 2.09764e-17
-37.2801 -0.434485 1.7894e-17
-35.8066 -0.359239 1.4795e-17
-34.3356 -0.284193 1.17043e-17
-32.8717 -0.209682 8.6356e-18
-31.4236 -0.136163 5.60779e-18
-29.997 -0.0639746 2.63475e-18
-28.5988 0.00649896 -2.67655e-19
-27.2345 0.074928 -3.08586e-18
-25.91 0.140967 -5.80565e-18
-24.6306 0.204304 -8.41412e-18
-23.4005 0.264602 -1.08974e-17
-22.2239 0.321612 -1.32454e-17
-21.1031 0.375166 -1.54509e-17
-20.0456 0.424895 -1.7499e-17
-19.0573 0.470527 -1.93783e-17
-18.1403 0.511873 -2.10811e-17
-17.2994 0.548684 -2.25972e-17
-16.537 0.580782 -2.39191e-17
-15.8569 0.607961 -2.50385e-17
-15.2613 0.630074 -2.59492e-17
-14.7525 0.646983 -2.66455e-17
-14.3321 0.658591 -2.71236e-17
-14.0015 0.664808 -2.73797e-17
-13.7625 0.665522 -2.74091e-17
-13.6179 0.660571 -2.72052e-17
-13.5707 0.649777 -2.67606e-17
-13.6237 0.632973 -2.60686e-17
-13.7799 0.609975 -2.51214e-17
-14.0436 0.58054 -2.39092e-17
-14.4191 0.544409 -2.24211e-17
-14.9104 0.501346 -2.06476e-17
-15.5211 0.451133 -1.85796e-17
-16.2665 0.393144 -1.61914e-17
-17.1513 0.327126 -1.34725e-17
-18.1667 0.253332 -1.04333e-17
-19.3144 0.17164 -7.06888e-18
-20.5963 0.0819318 -3.37431e-18
-22.0131 -0.0158606 6.53208e-19
-23.5654 -0.121786 5.01569e-18
-25.2529 -0.235861 9.71377e-18
-27.0753 -0.358095 1.47479e-17
-29.0317 -0.488472 2.01174e-17
-31.1208 -0.626947 2.58204e-17
-33.3404 -0.773442 3.18537e-17
-35.6881 -0.927849 3.82128e-17
-38.1606 -1.09003 4.48921e-17
-40.7542 -1.25982 5.18847e-17
-43.4631 -1.43691 5.91784e-17
-46.2769 -1.62078 6.67507e-17
-49.1832 -1.81074 7.45739e-17
-52.1692 -2.0061 8.26199e-17
-55.2208 -2.20609 9.08564e-17
-58.3203 -2.40974 9.92434e-17
-61.4487 -2.61597 1.07737e-16
-64.5876 -2.82376 1.16295e-16
-67.7174 -3.032 1.24871e-16
-70.8163 -3.23945 1.33415e-16
-73.8617 -3.4448 1.41872e-16
-76.8323 -3.64681 1.50192e-16
-79.7083 -3.84434 1.58327e-16
-82.4724 -4.03634 1.66234e-16
-85.109 -4.22187 1.73875e-16
-87.6041 -4.40007 1.81214e-16
-89.9468 -4.57024 1.88222e-16
-92.1308 -4.73194 1.94882e-16
-94.1527 -4.88487 2.0118e-16
-96.0108 -5.02884 2.07109e-16
-97.707 -5.16382 2.12669e-16
-99.2491 -5.29017 2.17872e-16
-100.648 -5.4084 2.22741e-16
-101.917 -5.51908 2.273e-16
-103.068 -5.62283 2.31573e-16
-104.115 -5.72031 2.35587e-16
-105.073 -5.81219 2.39371e-16
-105.954 -5.89915 2.42953e-16
-106.773 -5.98183 2.46358e-16
-107.539 -6.06075 2.49608e-16
-108.264 -6.13637 2.52722e-16
-108.957 -6.20912 2.55719e-16
-109.623 -6.27931 2.58609e-16
-110.266 -6.34705 2.61399e-16
-110.888 -6.41236 2.64089e-16
-111.488 -6.47518 2.66676e-16
-112.064 -6.5354 2.69156e-16
-112.613 -6.59277 2.71519e-16
-113.13 -6.64699 2.73752e-16
-113.607 -6.6977 2.7584e-16
-114.039 -6.74449 2.77768e-16
-114.416 -6.78691 2.79514e-16
-114.728 -6.82442 2.81059e-16
-114.967 -6.85651 2.82381e-16
-115.121 -6.88264 2.83457e-16
-115.183 -6.90234 2.84268e-16
-115.142 -6.91514 2.84795e-16
-114.99 -6.92057 2.85019e-16
-114.72 -6.91824 2.84923e-16
-114.325 -6.90778 2.84492e-16
-113.798 -6.88892 2.83715e-16
-113.135 -6.86138 2.82581e-16
-112.332 -6.82494 2.81081e-16
-111.386 -6.77947 2.79208e-16
-110.295 -6.72485 2.76959e-16
-109.057 -6.66104 2.74331e-16
-107.672 -6.58798 2.71322e-16
-106.139 -6.50558 2.67928e-16
-104.456 -6.41372 2.64145e-16
-102.622 -6.31236 2.5997e-16
-100.638 -6.20147 2.55403e-16
-98.5032 -6.08102 2.50443e-16
-96.219 -5.95101 2.45088e-16
-93.7866 -5.81148 2.39342e-16
-91.2093 -5.66256 2.33209e-16
-88.4937 -5.50458 2.26702e-16
-85.6479 -5.33796 2.1984e-16
-82.6809 -5.16316 2.12641e-16
-79.6031 -4.98072 2.05128e-16
-76.4284 -4.79139 1.9733e-16
-73.1724 -4.59602 1.89284e-16
-69.8505 -4.39545 1.81024e-16
-66.4808 -4.19068 1.72591e-16
-63.0876 -3.98309 1.64041e-16
-59.6974 -3.77418 1.55437e-16
-56.3363 -3.56544 1.4684e-16
-53.0307 -3.35839 1.38313e-16
-49.8091 -3.15469 1.29924e-16
-46.7007 -2.95604 1.21743e-16
-43.7327 -2.76407 1.13836e-16
-40.9313 -2.58032 1.06269e-16
-38.3223 -2.40638 9.9105e-17
-35.9298 -2.24371 9.24058e-17
-33.7762 -2.09373 8.62287e-17
-31.8807 -1.95765 8.06243e-17
-30.2582 -1.83648 7.56343e-17
-28.9209 -1.73108 7.12935e-17
-27.8787 -1.64219 6.76325e-17
-27.138 -1.57035 6.46739e-17
-26.7 -1.51582 6.24282e-17
-26.5625 -1.47868 6.08984e-17
-26.722 -1.45891 6.00841e-17
-27.1716 -1.45631 5.9977e-17
-27.8985 -1.47035 6.05552e-17
-28.8872 -1.50031 6.17894e-17
-30.1215 -1.54547 6.36491e-17
-31.5844 -1.605 6.61007e-17
-33.2566 -1.67796 6.91055e-17
-35.1184 -1.76336 7.26226e-17
-37.1508 -1.86022 7.6612e-17
-39.3352 -1.96759 8.1034e-17
-41.6532 -2.0845 8.58486e-17
-44.0873 -2.20998 9.10167e-17
-46.6212 -2.34317 9.65018e-17
-49.2407 -2.48324 1.0227e-16
-51.9335 -2.62949 1.08294e-16
-54.6895 -2.78132 1.14547e-16
-57.4999 -2.93816 1.21006e-16
-60.3581 -3.09959 1.27654e-16
-63.2602 -3.26527 1.34478e-16
-66.2042 -3.43501 1.41469e-16
-69.1891 -3.60864 1.48619e-16
-72.2152 -3.78605 1.55926e-16
-75.2837 -3.96718 1.63386e-16
-78.397 -4.15204 1.70999e-16
-81.5573 -4.34063 1.78766e-16
-84.7662 -4.5329 1.86684e-16
-88.0227 -4.72865 1.94746e-16
-91.3246 -4.92764 2.02942e-16
-94.669 -5.1296 2.11259e-16
-98.0504 -5.33407 2.1968e-16
-101.458 -5.54035 2.28176e-16
-104.877 -5.74753 2.36708e-16
-108.294 -5.95469 2.4524e-16
-111.691 -6.16078 2.53728e-16
-115.048 -6.36455 2.6212e-16
-118.34 -6.56461 2.70359e-16
-121.546 -6.75958 2.78389e-16
-124.637 -6.94805 2.86151e-16
-127.593 -7.12862 2.93587e-16
-130.39 -7.2999 3.00642e-16
-133.004 -7.46053 3.07257e-16
-135.412 -7.60928 3.13383e-16
-137.595 -7.74498 3.18972e-16
-139.538 -7.86665 3.23983e-16
-141.223 -7.97334 3.28377e-16
-142.639 -8.06424 3.3212e-16
-143.774 -8.13876 3.35189e-16
-144.622 -8.1964 3.37563e-16
-145.176 -8.23679 3.39227e-16
-145.433 -8.25973 3.40171e-16
-145.398 -8.26532 3.40402e-16
-145.076 -8.25387 3.3993e-16
-144.476 -8.22575 3.38772e-16
-143.607 -8.18143 3.36947e-16
-142.483 -8.12156 3.34481e-16
-141.117 -8.04684 3.31404e-16
-139.525 -7.95804 3.27746e-16
-137.723 -7.85594 3.23542e-16
-135.727 -7.74139 3.18824e-16
-133.554 -7.61524 3.13629e-16
-131.22 -7.47833 3.0799e-16
-128.742 -7.33141 3.01939e-16
-126.13 -7.17508 2.95501e-16
-123.395 -7.00979 2.88693e-16
-120.545 -6.83596 2.81535e-16
-117.588 -6.65397 2.74039e-16
-114.53 -6.46405 2.66217e-16
-111.373 -6.26636 2.58076e-16
-108.122 -6.06102 2.49619e-16
-104.776 -5.84811 2.40851e-16
-101.339 -5.62771 2.31773e-16
-97.8102 -5.39985 2.22389e-16
-94.1898 -5.16455 2.12699e-16
-90.4773 -4.92181 2.02701e-16
-86.6731 -4.67169 1.924e-16
-82.7755 -4.41432 1.81801e-16
-78.7846 -4.1497 1.70903e-16
-74.7021 -3.8779 1.59709e-16
-70.5285 -3.59912 1.48227e-16
-66.2634 -3.31352 1.36465e-16
-61.9102 -3.02134 1.24432e-16
-57.4703 -2.72271 1.12133e-16
-52.9412 -2.41766 9.95697e-17
-48.3209 -2.10617 8.67411e-17
-43.6065 -1.78823 7.36469e-17
-38.7954 -1.4638 6.02856e-17
-33.884 -1.13282 4.66546e-17
-28.869 -0.795229 3.2751e-17
-23.7478 -0.450988 1.85737e-17
-18.5191 -0.100144 4.12435e-18
-13.1834 0.257163 -1.05911e-17
-7.74311 0.620706 -2.55634e-17
-2.32201 0.985908 -4.06039e-17
3.1541 1.35515 -5.5811e-17
8.74484 1.73044 -7.12671e-17
14.3997 2.10972 -8.68874e-17
20.1372 2.4934 -1.02689e-16
25.9259 2.88008 -1.18614e-16
31.7641 3.26935 -1.34646e-16
37.6252 3.6599 -1.5073e-16
43.4972 4.0509 -1.66833e-16
49.3556 4.44107 -1.82903e-16
55.1816 4.82932 -1.98892e-16
60.9499 5.21427 -2.14746e-16
66.6384 5.5947 -2.30414e-16
72.2221 5.96924 -2.45839e-16
77.6772 6.33659 -2.60968e-16
82.979 6.6954 -2.75745e-16
88.1036 7.04438 -2.90118e-16
93.0281 7.38228 -3.04034e-16
97.7319 7.708 -3.17449e-16
102.196 8.02051 -3.30319e-16
106.411 8.31908 -3.42616e-16
110.355 8.60266 -3.54295e-16
114.009 8.8704 -3.65321e-16
117.365 9.12174 -3.75673e-16
120.41 9.35606 -3.85323e-16
123.138 9.57296 -3.94256e-16
125.539 9.77197 -4.02452e-16
127.609 9.95285 -4.09901e-16
129.344 10.1153 -4.16594e-16
130.744 10.2595 -4.2253e-16
131.814 10.3855 -4.27721e-16
132.562 10.4939 -4.32185e-16
132.999 10.5853 -4.35947e-16
133.139 10.6603 -4.39036e-16
132.998 10.7199 -4.41493e-16
132.598 10.7653 -4.43363e-16
131.958 10.7977 -4.44694e-16
131.101 10.8181 -4.45535e-16
130.045 10.8276 -4.45929e-16
128.808 10.8274 -4.45918e-16
127.413 10.8182 -4.4554e-16
125.876 10.8012 -4.44839e-16
124.209 10.7772 -4.43851e-16
122.43 10.7469 -4.42604e-16
120.548 10.7111 -4.41131e-16
118.575 10.6705 -4.39458e-16
116.522 10.6256 -4.37609e-16
114.396 10.5769 -4.35602e-16
112.207 10.5249 -4.33459e-16
109.96 10.4699 -4.31195e-16
107.661 10.4122 -4.2882e-16
105.31 10.352 -4.26339e-16
102.912 10.2893 -4.23758e-16
100.469 10.2243 -4.21083e-16
97.982 10.1572 -4.18319e-16
95.4545 10.0881 -4.1547e-16
92.8894 10.017 -4.12544e-16
90.2892 9.94419 -4.09545e-16
87.6554 9.86965 -4.06475e-16
84.9893 9.79341 -4.03335e-16
82.2931 9.71554 -4.00128e-16
79.5687 9.63609 -3.96856e-16
76.8173 9.55504 -3.93518e-16
74.0399 9.47236 -3.90113e-16
71.2385 9.38807 -3.86642e-16
68.4153 9.30218 -3.83104e-16
65.5721 9.21467 -3.795e-16
62.7109 9.12552 -3.75828e-16
59.8345 9.03475 -3.7209e-16
56.946 8.94238 -3.68286e-16
54.0496 8.84854 -3.64421e-16
51.1923 8.75383 -3.60521e-16
48.3976 8.65846 -3.56593e-16
45.6261 8.56219 -3.52628e-16
42.874 8.46543 -3.48643e-16
40.1988 8.36873 -3.44661e-16
37.6031 8.27262 -3.40702e-16
35.0549 8.17776 -3.36796e-16
32.5843 8.08536 -3.3299e-16
30.2175 7.99667 -3.29338e-16
27.9732 7.91274 -3.25881e-16
25.874 7.83469 -3.22666e-16
23.9404 7.76363 -3.1974e-16
22.1941 7.70069 -3.17148e-16
20.6464 7.64671 -3.14924e-16
19.4357 7.60468 -3.13194e-16
18.5638 7.575 -3.11971e-16
17.9137 7.5562 -3.11197e-16
17.5154 7.54968 -3.10928e-16
17.3711 7.55572 -3.11177e-16
17.4892 7.57486 -3.11966e-16
17.8719 7.60735 -3.13304e-16
18.5193 7.65333 -3.15197e-16
19.4295 7.71285 -3.17648e-16
20.6028 7.78604 -3.20663e-16
22.0341 7.8728 -3.24236e-16
23.7159 7.9729 -3.28359e-16
25.6398 8.08606 -3.33019e-16
27.7964 8.21196 -3.38204e-16
30.1795 8.35013 -3.43895e-16
32.7818 8.50014 -3.50072e-16
35.6043 8.66181 -3.56731e-16
38.6394 8.83471 -3.63851e-16
41.8715 9.01819 -3.71408e-16
45.2891 9.21172 -3.79379e-16
48.8428 9.41291 -3.87665e-16
52.4825 9.61707 -6.98749e-16
56.241 9.82702 -7.07566e-16
60.1347 10.0448 -7.16713e-16
64.153 10.2698 -7.26164e-16
68.29 10.5018 -7.35908e-16
72.4806 10.7306 -3.37002e-16
76.7232 10.9588 -6.99888e-16
81.0535 11.1927 -6.13035e-16
85.4686 11.4309 -4.09246e-16
89.9617 11.6732 -3.26396e-16
94.5314 11.92 -1.03514e-15
99.1739 12.1709 -7.68157e-16
103.806 12.4118 -2.80438e-16
108.443 12.6493 -4.41426e-16
113.114 12.8871 7.94583e-15
117.829 13.1268 -6.69747e-16
122.23 13.357 -7.83412e-16
126.122 13.5709 9.49559e-13
129.887 13.781 -5.88041e-16
133.674 13.9865 -1.3002e-15
137.399 14.1777 -4.88498e-16
141.12 14.369 -4.98806e-16
144.748 14.5498 -7.42452e-16
148.423 14.7312 1.18386e-13
152.097 14.91 -1.99356e-14
155.763 15.0873 4.20136e-15
159.419 15.2633 -9.19372e-16
162.974 15.4293 -1.10637e-15
166.348 15.5703 -1.23089e-14
169.684 15.6982 5.02148e-15
172.962 15.8238 -1.49012e-15
176.191 15.9468 -4.89176e-12
179.366 16.0669 1.1942e-14
182.474 16.1838 -5.94565e-15
185.508 16.2975 -6.78818e-15
188.46 16.4073 -7.31674e-15
191.32 16.5129 -1.81489e-12
194.079 16.6141 1.50619e-14
196.733 16.7103 -7.37419e-15
199.168 16.7933 -4.58256e-15