-5.33567 5.67337e-06 -2.33654e-22
-10.6714 1.1251e-05 -4.63364e-22
-16.007 1.67321e-05 -6.89102e-22
-21.3427 2.21162e-05 -9.1084e-22
-26.6784 2.74024e-05 -1.12855e-21
-32.0141 3.25902e-05 -1.34221e-21
-37.3499 3.76789e-05 -1.55178e-21
-42.6856 4.26677e-05 -1.75724e-21
-48.0213 4.75559e-05 -1.95856e-21
-53.3571 5.23429e-05 -2.15571e-21
-53.3571 7.67889e-05 -3.1625e-21
-53.3574 0.000175702 -7.23617e-21
-53.3581 0.000373782 -1.5394e-20
-53.359 0.000667968 -2.75098e-20
-53.3602 0.00104087 -4.28676e-20
-53.3615 0.00144713 -5.9599e-20
-53.3627 0.00182656 -7.52258e-20
-53.3636 0.00211955 -8.72923e-20
-53.3641 0.00226345 -9.32189e-20
-53.3638 0.00218876 -9.01426e-20
-53.3626 0.00182348 -7.50987e-20
-53.3603 0.00109792 -4.5217e-20
-53.3567 -4.38326e-05 1.80521e-21
-53.3516 -0.00163193 6.72099e-20
-53.3451 -0.00368147 1.51619e-19
-53.3371 -0.00620452 2.55529e-19
-53.3276 -0.00918036 3.78087e-19
-53.317 -0.0125237 5.15779e-19
-53.3056 -0.0161148 6.63678e-19
-53.2939 -0.0198336 8.16834e-19
-53.2821 -0.0235501 9.69897e-19
-53.2709 -0.0271142 1.11668e-18
-53.2608 -0.030367 1.25064e-18
-53.2521 -0.0331535 1.3654e-18
-53.2454 -0.0353447 1.45565e-18
-53.2409 -0.0368605 1.51807e-18
-53.2388 -0.0376494 1.55057e-18
-53.2391 -0.0376664 1.55127e-18
-53.242 -0.0368845 1.51906e-18
-53.2475 -0.0353082 1.45414e-18
-53.2555 -0.0329607 1.35746e-18
-53.2659 -0.0298709 1.23021e-18
-53.2785 -0.0260752 1.07389e-18
-53.2932 -0.0216201 8.90411e-19
-53.3098 -0.0165592 6.81978e-19
-53.3281 -0.0109485 4.50906e-19
-53.3479 -0.00484096 1.99372e-19
-53.3692 0.00172047 -7.08565e-20
-53.3916 0.00869797 -3.5822e-19
-53.4152 0.0160534 -6.61147e-19
-53.4398 0.023754 -9.78291e-19
-53.4654 0.0317787 -1.30878e-18
-53.4917 0.0401131 -1.65203e-18
-53.5189 0.0487442 -2.0075e-18
-53.5468 0.0576287 -2.3734e-18
-53.575 0.0666599 -2.74534e-18
-53.6031 0.0756995 -3.11763e-18
-53.6306 0.0846134 -3.48475e-18
-53.6571 0.0932695 -3.84124e-18
-53.6822 0.101534 -4.18161e-18
-53.7056 0.109277 -4.50048e-18
-53.7267 0.116374 -4.79279e-18
-53.7453 0.122715 -5.05395e-18
-53.761 0.128206 -5.28006e-18
-53.7736 0.132763 -5.46774e-18
-53.783 0.136313 -5.61398e-18
-53.7888 0.138813 -5.71693e-18
-53.7913 0.140267 -5.77679e-18
-53.7905 0.140708 -5.79498e-18
-53.7866 0.140179 -5.77318e-18
-53.7798 0.138765 -5.71493e-18
-53.7708 0.136636 -5.62726e-18
-53.7602 0.134009 -5.51906e-18
-53.7487 0.1311 -5.39925e-18
-53.7371 0.128107 -5.27599e-18
-53.7258 0.125193 -5.15597e-18
-53.7153 0.122497 -5.04495e-18
-53.706 0.120154 -4.94845e-18
-53.6984 0.118276 -4.8711e-18
-53.6926 0.116938 -4.81602e-18
-53.6889 0.116193 -4.78533e-18
-53.6873 0.116083 -4.7808e-18
-53.6879 0.116606 -4.80234e-18
-53.6904 0.117674 -4.84633e-18
-53.6943 0.119152 -4.90721e-18
-53.6992 0.1209 -4.97918e-18
-53.7046 0.122784 -5.05677e-18
-53.7103 0.124693 -5.13541e-18
-53.7158 0.126528 -5.21099e-18
-53.7208 0.128189 -5.27937e-18
-53.7251 0.129597 -5.33737e-18
-53.7285 0.130724 -5.38379e-18
-53.7311 0.131567 -5.41851e-18
-53.7328 0.132126 -5.44151e-18
-53.7337 0.132426 -5.45387e-18
-53.734 0.132547 -5.45887e-18
-53.7341 0.132599 -5.46102e-18
-53.7343 0.132692 -5.46483e-18
-53.7349 0.132908 -5.47373e-18
-53.736 0.133273 -5.48876e-18
-53.7375 0.133783 -5.50976e-18
-53.7395 0.134434 -5.53657e-18
-53.7418 0.135221 -5.56899e-18
-53.7446 0.136135 -5.60664e-18
-53.7477 0.137167 -5.64911e-18
-53.7511 0.138305 -5.69599e-18
-53.7549 0.139555 -5.74748e-18
-53.7591 0.140952 -5.805e-18
-53.764 0.142544 -5.8706e-18
-53.7696 0.144382 -5.94629e-18
-53.7761 0.146504 -6.03368e-18
-53.7835 0.148932 -6.13366e-18
-53.792 0.151675 -6.24663e-18
-53.8015 0.154741 -6.37292e-18
-53.8119 0.158086 -6.51067e-18
-53.8227 0.161557 -6.65364e-18
-53.8332 0.164947 -6.79325e-18
-53.8429 0.168049 -6.92098e-18
-53.8509 0.170657 -7.0284e-18
-53.8568 0.172571 -7.10724e-18
-53.8598 0.173595 -7.14941e-18
-53.8594 0.173539 -7.14707e-18
-53.8552 0.172277 -7.09511e-18
-53.8471 0.169813 -6.99365e-18
-53.8355 0.166223 -6.84577e-18
-53.8205 0.161585 -6.65476e-18
-53.8025 0.156018 -6.42549e-18
-53.7823 0.14971 -6.16572e-18
-53.7604 0.142889 -5.88479e-18
-53.7376 0.135781 -5.59207e-18
-53.7147 0.128596 -5.29614e-18
-53.692 0.121503 -5.00402e-18
-53.6702 0.11465 -4.72179e-18
-53.6496 0.108181 -4.45538e-18
-53.6307 0.10221 -4.20947e-18
-53.6136 0.0967942 -3.98641e-18
-53.5984 0.0919572 -3.78719e-18
-53.5851 0.0877186 -3.61263e-18
-53.5738 0.0840923 -3.46328e-18
-53.5645 0.0810849 -3.33943e-18
-53.5572 0.0786981 -3.24113e-18
-53.5518 0.0769297 -3.1683e-18
-53.5483 0.075764 -3.12029e-18
-53.5467 0.0751613 -3.09547e-18
-53.5466 0.0750688 -3.09166e-18
-53.5479 0.0754323 -3.10663e-18
-53.5505 0.0762051 -3.13846e-18
-53.5543 0.0773565 -3.18587e-18
-53.5591 0.0788645 -3.24798e-18
-53.5649 0.0807083 -3.32392e-18
-53.5716 0.0828559 -3.41236e-18
-53.5791 0.0852521 -3.51105e-18
-53.587 0.0878307 -3.61725e-18
-53.5953 0.0905275 -3.72832e-18
-53.6037 0.0932938 -3.84224e-18
-53.6122 0.0961087 -3.95817e-18
-53.6208 0.0989679 -4.07593e-18
-53.6295 0.101869 -4.19541e-18
-53.6383 0.104827 -4.31721e-18
-53.6475 0.107886 -4.44321e-18
-53.6571 0.11111 -4.57597e-18
-53.6674 0.114559 -4.71804e-18
-53.6787 0.118295 -4.87189e-18
-53.6911 0.122373 -5.03986e-18
-53.7048 0.126848 -5.22415e-18
-53.7199 0.131769 -5.42681e-18
-53.7366 0.137154 -5.64858e-18
-53.7546 0.14296 -5.8877e-18
-53.7739 0.149109 -6.14097e-18
-53.794 0.155521 -6.40504e-18
-53.8148 0.162094 -6.67572e-18
-53.8356 0.168687 -6.94727e-18
-53.8562 0.175142 -7.21311e-18
-53.8758 0.181298 -7.46663e-18
-53.8941 0.187018 -7.7022e-18
-53.9109 0.192217 -7.91632e-18
-53.9259 0.196839 -8.1067e-18
-53.9389 0.200828 -8.27096e-18
-53.9499 0.204147 -8.40764e-18
-53.9588 0.20681 -8.51733e-18
-53.9658 0.208856 -8.60158e-18
-53.9709 0.210324 -8.66205e-18
-53.9744 0.211259 -8.70055e-18
-53.9764 0.211709 -8.71911e-18
-53.977 0.211731 -8.72e-18
-53.9765 0.211377 -8.70543e-18
-53.9749 0.210679 -8.67666e-18
-53.9721 0.209621 -8.63308e-18
-53.9681 0.208164 -8.57309e-18
-53.9627 0.206272 -8.49519e-18
-53.9559 0.20393 -8.39871e-18
-53.9477 0.20116 -8.28462e-18
-53.9382 0.198007 -8.15479e-18
-53.9277 0.194521 -8.01121e-18
-53.9163 0.190753 -7.85602e-18
-53.9041 0.186759 -7.69155e-18
-53.8914 0.1826 -7.52026e-18
-53.8783 0.178337 -7.34468e-18
-53.8651 0.174033 -7.16745e-18
-53.8519 0.169757 -6.99134e-18
-53.8391 0.165578 -6.81921e-18
-53.8267 0.161564 -6.65389e-18
-53.8151 0.157769 -6.4976e-18
-53.8042 0.154216 -6.35127e-18
-53.7942 0.15091 -6.21512e-18
-53.7849 0.147856 -6.08934e-18
-53.7765 0.145048 -5.97371e-18
-53.7687 0.142463 -5.86724e-18
-53.7616 0.140066 -5.76854e-18
-53.755 0.137823 -5.67615e-18
-53.7488 0.135684 -5.58807e-18
-53.7427 0.133576 -5.50122e-18
-53.7365 0.131408 -5.41195e-18
-53.7298 0.129093 -5.31661e-18
-53.7224 0.126543 -5.2116e-18
-53.714 0.123671 -5.09332e-18
-53.7044 0.120392 -4.95827e-18
-53.6933 0.116622 -4.80301e-18
-53.6806 0.112329 -4.62618e-18
-53.6664 0.107581 -4.43065e-18
-53.6513 0.102502 -4.22148e-18
-53.6356 0.097216 -4.00378e-18
-53.6197 0.0918619 -3.78327e-18
-53.6043 0.086614 -3.56714e-18
-53.5898 0.0816623 -3.36321e-18
-53.577 0.0771914 -3.17908e-18
-53.5662 0.0733352 -3.02026e-18
-53.5575 0.0701282 -2.88818e-18
-53.5509 0.0675499 -2.782e-18
-53.5462 0.0655733 -2.70059e-18
-53.5433 0.0641434 -2.6417e-18
-53.5419 0.0631523 -2.60088e-18
-53.5414 0.0624635 -2.57252e-18
-53.5414 0.0619389 -2.55091e-18
-53.5416 0.0614491 -2.53074e-18
-53.5414 0.0608853 -2.50752e-18
-53.5407 0.0601508 -2.47727e-18
-53.539 0.059152 -2.43613e-18
-53.5362 0.0578229 -2.3814e-18
-53.5322 0.0561523 -2.31259e-18
-53.5271 0.0541596 -2.23053e-18
-53.521 0.0518695 -2.13621e-18
-53.5138 0.0493102 -2.03081e-18
-53.5058 0.0465136 -1.91563e-18
-53.497 0.0435151 -1.79214e-18
-53.4875 0.0403548 -1.66198e-18
-53.4775 0.037069 -1.52666e-18
-53.4671 0.0336816 -1.38716e-18
-53.4563 0.0302117 -1.24425e-18
-53.4451 0.0266819 -1.09888e-18
-53.4339 0.0231449 -9.53206e-19
-53.4228 0.0197109 -8.1178e-19
-53.4124 0.016521 -6.80404e-19
-53.4032 0.0137164 -5.64899e-19
-53.3955 0.0114335 -4.7088e-19
-53.3898 0.00979874 -4.03554e-19
-53.3865 0.00893128 -3.67829e-19
-53.3859 0.00894611 -3.68439e-19
-53.3883 0.00991705 -4.08427e-19
-53.3938 0.0118376 -4.87524e-19
-53.402 0.0146565 -6.03616e-19
-53.4129 0.0183173 -7.54386e-19
-53.426 0.0227022 -9.34975e-19
-53.4407 0.0275708 -1.13548e-18
-53.456 0.0326186 -1.34338e-18
-53.4708 0.0375419 -1.54614e-18
-53.4842 0.0420563 -1.73206e-18
-53.4956 0.0459157 -1.89101e-18
-53.5042 0.0488981 -2.01384e-18
-53.5093 0.0507885 -2.09169e-18
-53.5103 0.0514145 -2.11747e-18
-53.507 0.0506834 -2.08736e-18
-53.4993 0.0485489 -1.99945e-18
-53.4869 0.0449736 -1.85221e-18
-53.4702 0.0399904 -1.64698e-18
-53.4495 0.0337667 -1.39066e-18
-53.4258 0.0265431 -1.09316e-18
-53.3997 0.0185634 -7.6452e-19
-53.3721 0.0100852 -4.15354e-19
-53.3439 0.00139258 -5.73526e-20
-53.3162 -0.00722007 2.97354e-19
-53.2898 -0.015464 6.36875e-19
-53.2655 -0.0230806 9.50559e-19
-53.2441 -0.0298663 1.23002e-18
-53.2261 -0.0356525 1.46833e-18
-53.2119 -0.0402831 1.65903e-18
-53.202 -0.0436421 1.79737e-18
-53.1964 -0.0456846 1.88149e-18
-53.1952 -0.0464088 1.91132e-18
-53.1983 -0.0458255 1.88729e-18
-53.2056 -0.0439739 1.81103e-18
-53.2168 -0.0409381 1.68601e-18
-53.2315 -0.0368302 1.51683e-18
-53.2493 -0.0317699 1.30842e-18
-53.2698 -0.0258675 1.06534e-18
-53.2927 -0.0192056 7.90971e-19
-53.3179 -0.011853 4.88159e-19
-53.3449 -0.00388126 1.59847e-19
-53.3736 0.00461454 -1.90047e-19
-53.4034 0.0134935 -5.5572e-19
-53.4338 0.0225922 -9.30445e-19
-53.4642 0.0317506 -1.30763e-18
-53.4942 0.0408255 -1.68137e-18
-53.5234 0.049704 -2.04703e-18
-53.5515 0.0582933 -2.40077e-18
-53.5782 0.0665087 -2.73912e-18
-53.6034 0.0743054 -3.06022e-18
-53.6271 0.0817128 -3.36529e-18
-53.6495 0.0888029 -3.65729e-18
-53.671 0.0956552 -3.9395e-18
-53.6918 0.102354 -4.21536e-18
-53.7121 0.108983 -4.48841e-18
-53.7323 0.115633 -4.76225e-18
-53.7527 0.122393 -5.04068e-18
-53.7735 0.129324 -5.32611e-18
-53.7945 0.136413 -5.61808e-18
-53.8158 0.143613 -5.91462e-18
-53.8372 0.150878 -6.2138e-18
-53.8583 0.158097 -6.51113e-18
-53.8783 0.16503 -6.79666e-18
-53.8964 0.171369 -7.05771e-18
-53.9116 0.17681 -7.28179e-18
-53.923 0.181102 -7.45856e-18
-53.9302 0.184092 -7.5817e-18
-53.9329 0.185681 -7.64716e-18
-53.9309 0.185782 -7.65132e-18
-53.924 0.184373 -7.5933e-18
-53.9127 0.181565 -7.47762e-18
-53.8975 0.177537 -7.31175e-18
-53.8791 0.172476 -7.10331e-18
-53.858 0.166587 -6.86078e-18
-53.8352 0.160112 -6.59409e-18
-53.8115 0.153309 -6.31392e-18
-53.7876 0.146435 -6.03082e-18
-53.7644 0.139708 -5.75378e-18
-53.7422 0.133274 -5.48878e-18
-53.7214 0.127234 -5.24005e-18
-53.7023 0.121684 -5.01147e-18
-53.685 0.116664 -4.80471e-18
-53.6694 0.112107 -4.61707e-18
-53.655 0.107891 -4.44344e-18
-53.6415 0.103887 -4.27853e-18
-53.6282 0.099943 -4.11608e-18
-53.6147 0.0958646 -3.94812e-18
-53.6002 0.0914366 -3.76575e-18
-53.584 0.086445 -3.56018e-18
-53.5655 0.0807009 -3.32361e-18
-53.5442 0.0740649 -3.05031e-18
-53.5199 0.0664269 -2.73575e-18
-53.4922 0.0576836 -2.37566e-18
-53.4608 0.047775 -1.96758e-18
-53.4259 0.0367244 -1.51247e-18
-53.3877 0.0246016 -1.0132e-18
-53.3465 0.0114824 -4.72896e-19
-53.3024 -0.00254449 1.04793e-19
-53.2561 -0.0173701 7.15378e-19
-53.2077 -0.0328743 1.35391e-18
-53.1577 -0.048935 2.01536e-18
-53.1064 -0.0654532 2.69565e-18
-53.0541 -0.0823779 3.39268e-18
-53.0008 -0.0996847 4.10545e-18
-52.9467 -0.117351 4.83304e-18
-52.8917 -0.135338 5.57382e-18
-52.8363 -0.153566 6.32453e-18
-52.7808 -0.171939 7.08121e-18
-52.7253 -0.190367 7.84014e-18
-52.6704 -0.20873 8.5964e-18
-52.6166 -0.226844 9.34242e-18
-52.5646 -0.244495 1.00694e-17
-52.515 -0.261482 1.0769e-17
-52.4684 -0.277616 1.14334e-17
-52.4254 -0.292724 1.20556e-17
-52.3865 -0.306648 1.26291e-17
-52.3521 -0.319247 1.3148e-17
-52.3224 -0.330425 1.36083e-17
-52.2976 -0.34018 1.40101e-17
-52.2776 -0.34855 1.43548e-17
-52.262 -0.355558 1.46434e-17
-52.2507 -0.361269 1.48786e-17
-52.2432 -0.36579 1.50648e-17
-52.2391 -0.369248 1.52073e-17
-52.2379 -0.37178 1.53115e-17
-52.2391 -0.37355 1.53844e-17
-52.2418 -0.374789 1.54355e-17
-52.2452 -0.375757 1.54753e-17
-52.2484 -0.376707 1.55144e-17
-52.2507 -0.377841 1.55611e-17
-52.2518 -0.379263 1.56197e-17
-52.2515 -0.381012 1.56917e-17
-52.2497 -0.383119 1.57785e-17
-52.2465 -0.385554 1.58788e-17
-52.2423 -0.388172 1.59866e-17
-52.2376 -0.390765 1.60934e-17
-52.2334 -0.393116 1.61902e-17
-52.2302 -0.39498 1.6267e-17
-52.229 -0.396068 1.63118e-17
-52.2309 -0.396067 1.63117e-17
-52.2368 -0.39466 1.62538e-17
-52.2474 -0.391629 1.6129e-17
-52.2629 -0.386949 1.59363e-17
-52.2829 -0.380702 1.5679e-17
-52.3073 -0.37297 1.53605e-17
-52.3357 -0.36385 1.49849e-17
-52.3678 -0.35347 1.45574e-17
-52.4031 -0.341974 1.4084e-17
-52.4411 -0.329506 1.35705e-17
-52.4816 -0.316165 1.30211e-17
-52.5246 -0.301966 1.24363e-17
-52.5702 -0.286875 1.18148e-17
-52.6185 -0.270862 1.11553e-17
-52.6697 -0.253847 1.04545e-17
-52.7244 -0.235647 9.70498e-18
-52.7835 -0.216034 8.89722e-18
-52.8475 -0.194783 8.022e-18
-52.917 -0.171746 7.07325e-18
-52.992 -0.146925 6.05101e-18
-53.0723 -0.120403 4.95872e-18
-53.1575 -0.0922732 3.80021e-18
-53.2474 -0.0627259 2.58332e-18
-53.3411 -0.0320081 1.31823e-18
-53.4373 -0.000410247 1.68957e-20
-53.5351 0.0317255 -1.3066e-18
-53.6336 0.0640968 -2.63978e-18
-53.732 0.0964203 -3.971e-18
-53.8293 0.128437 -5.28959e-18
-53.9246 0.159892 -6.58505e-18
-54.0173 0.19057 -7.84848e-18
-54.1071 0.220331 -9.07418e-18
-54.1935 0.24908 -1.02582e-17
-54.2763 0.276731 -1.1397e-17
-54.3554 0.303228 -1.24882e-17
-54.4305 0.328565 -1.35317e-17
-54.502 0.352769 -1.45285e-17
-54.5699 0.375873 -1.54801e-17
-54.6342 0.397889 -1.63868e-17
-54.6949 0.418777 -1.72471e-17
-54.7523 0.438495 -1.80591e-17
-54.8057 0.456954 -1.88193e-17
-54.8547 0.474086 -1.95249e-17
-54.8996 0.48989 -2.01758e-17
-54.9403 0.504368 -2.07721e-17
-54.9768 0.517536 -2.13144e-17
-55.0093 0.529399 -2.18029e-17
-55.0376 0.539952 -2.22376e-17
-55.0618 0.549181 -2.26177e-17
-55.0819 0.557077 -2.29428e-17
-55.0981 0.563689 -2.32151e-17
-55.1108 0.569188 -2.34416e-17
-55.1209 0.573808 -2.36319e-17
-55.1292 0.577778 -2.37954e-17
-55.1363 0.581323 -2.39414e-17
-55.1429 0.584649 -2.40784e-17
-55.1496 0.587955 -2.42145e-17
-55.1571 0.591429 -2.43576e-17
-55.1658 0.595217 -2.45136e-17
-55.1759 0.599388 -2.46854e-17
-55.1879 0.60397 -2.48741e-17
-55.2017 0.608977 -2.50803e-17
-55.2169 0.614357 -2.53019e-17
-55.2329 0.619929 -2.55314e-17
-55.2488 0.625443 -2.57584e-17
-55.2638 0.630644 -2.59727e-17
-55.2772 0.635285 -2.61638e-17
-55.288 0.639124 -2.63219e-17
-55.2955 0.641933 -2.64376e-17
-55.2991 0.643486 -2.65016e-17
-55.2981 0.643633 -2.65076e-17
-55.2925 0.64236 -2.64552e-17
-55.2825 0.639733 -2.6347e-17
-55.2683 0.635828 -2.61862e-17
-55.2502 0.630761 -2.59775e-17
-55.2289 0.624714 -2.57284e-17
-55.205 0.617908 -2.54481e-17
-55.1793 0.610574 -2.51461e-17
-55.1526 0.602902 -2.48301e-17
-55.1253 0.595013 -2.45052e-17
-55.0972 0.586982 -2.41744e-17
-55.0689 0.578886 -2.38411e-17
-55.0402 0.57077 -2.35068e-17
-55.0113 0.562583 -2.31696e-17
-54.9822 0.554236 -2.28259e-17
-54.9524 0.545644 -2.2472e-17
-54.9213 0.536731 -2.21049e-17
-54.8892 0.527437 -2.17221e-17
-54.8556 0.517711 -2.13216e-17
-54.8203 0.50751 -2.09015e-17
-54.7834 0.496824 -2.04614e-17
-54.745 0.485711 -2.00037e-17
-54.7054 0.474264 -1.95323e-17
-54.6651 0.462581 -1.90511e-17
-54.6242 0.45076 -1.85643e-17
-54.5832 0.438904 -1.8076e-17
-54.5424 0.427116 -1.75905e-17
-54.5021 0.415497 -1.7112e-17
-54.4627 0.404137 -1.66441e-17
-54.4243 0.393104 -1.61897e-17
-54.3872 0.382454 -1.57511e-17
-54.3515 0.372238 -1.53304e-17
-54.3173 0.362497 -1.49292e-17
-54.2849 0.353256 -1.45486e-17
-54.2542 0.344533 -1.41894e-17
-54.2252 0.336338 -1.38518e-17
-54.1981 0.328688 -1.35368e-17
-54.1729 0.321621 -1.32457e-17
-54.1498 0.315183 -1.29806e-17
-54.129 0.309416 -1.27431e-17
-54.1106 0.304387 -1.2536e-17
-54.0951 0.300236 -1.2365e-17
-54.0831 0.297132 -1.22372e-17
-54.075 0.295236 -1.21591e-17
-54.0714 0.294704 -1.21372e-17
-54.0727 0.295697 -1.21781e-17
-54.0795 0.298367 -1.22881e-17
-54.0922 0.302858 -1.2473e-17
-54.1109 0.309235 -1.27356e-17
-54.1356 0.317418 -1.30727e-17
-54.1656 0.32725 -1.34776e-17
-54.2003 0.33856 -1.39434e-17
-54.239 0.351083 -1.44591e-17
-54.2802 0.364361 -1.5006e-17
-54.322 0.377838 -1.5561e-17
-54.3628 0.390961 -1.61015e-17
-54.4007 0.403172 -1.66044e-17
-54.434 0.41391 -1.70466e-17
-54.4608 0.422614 -1.74051e-17
-54.4794 0.428743 -1.76575e-17
-54.4885 0.431849 -1.77854e-17
-54.4872 0.43166 -1.77776e-17
-54.4749 0.428008 -1.76272e-17
-54.4512 0.420747 -1.73282e-17
-54.416 0.409801 -1.68774e-17
-54.3694 0.395221 -1.62769e-17
-54.3119 0.37713 -1.55318e-17
-54.244 0.355666 -1.46479e-17
-54.1664 0.331039 -1.36336e-17
-54.0802 0.303595 -1.25034e-17
-53.9868 0.273748 -1.12741e-17
-53.8877 0.241915 -9.96311e-18
-53.7841 0.208503 -8.58706e-18
-53.6774 0.173909 -7.16231e-18
-53.5689 0.138513 -5.70457e-18
-53.4597 0.102682 -4.2289e-18
-53.351 0.0667744 -2.75006e-18
-53.244 0.0311508 -1.28292e-18
-53.1398 -0.00383901 1.58107e-19
-53.0394 -0.037872 1.55973e-18
-52.9436 -0.0707166 2.91242e-18
-52.8527 -0.1023 4.21314e-18
-52.7664 -0.132645 5.46288e-18
-52.6846 -0.161801 6.66367e-18
-52.6072 -0.189823 7.81774e-18
-52.5351 -0.216669 8.92338e-18
-52.4675 -0.242405 9.98328e-18
-52.4033 -0.267144 1.10021e-17
-52.3427 -0.29092 1.19813e-17
-52.2852 -0.313825 1.29247e-17
-52.2305 -0.335937 1.38353e-17
-52.1787 -0.357351 1.47172e-17
-52.1299 -0.378115 1.55724e-17
-52.0838 -0.39814 1.63971e-17
-52.0409 -0.417366 1.71889e-17
-52.0012 -0.435613 1.79404e-17
-51.965 -0.452678 1.86433e-17
-51.9328 -0.468468 1.92935e-17
-51.9047 -0.482832 1.98851e-17
-51.8813 -0.49565 2.0413e-17
-51.8629 -0.506772 2.08711e-17
-51.85 -0.51602 2.12519e-17
-51.8432 -0.523198 2.15475e-17
-51.8432 -0.528107 2.17497e-17
-51.8514 -0.53057 2.18512e-17
-51.8674 -0.530474 2.18472e-17
-51.891 -0.52773 2.17342e-17
-51.9229 -0.522243 2.15082e-17
-51.9628 -0.513975 2.11677e-17
-52.0108 -0.502971 2.07145e-17
-52.0665 -0.489333 2.01528e-17
-52.1295 -0.473158 1.94867e-17
-52.1992 -0.454615 1.8723e-17
-52.2755 -0.433996 1.78738e-17
-52.3567 -0.411665 1.69541e-17
-52.4412 -0.38798 1.59787e-17
-52.5282 -0.3633 1.49623e-17
-52.6163 -0.33799 1.39199e-17
-52.7045 -0.312414 1.28666e-17
-52.7916 -0.286922 1.18167e-17
-52.8767 -0.261803 1.07822e-17
-52.9592 -0.237232 9.77026e-18
-53.0391 -0.21332 8.78545e-18
-53.1159 -0.190159 7.83156e-18
-53.1894 -0.167762 6.90915e-18
-53.2602 -0.145993 6.01264e-18
-53.3289 -0.124636 5.13304e-18
-53.3963 -0.10346 4.26092e-18
-53.4631 -0.0822726 3.38834e-18
-53.5295 -0.0609665 2.51087e-18
-53.5958 -0.0394767 1.62582e-18
-53.6623 -0.0177328 7.30315e-19
-53.729 0.00427021 -1.75866e-19
-53.7955 0.026397 -1.08714e-18
-53.8611 0.0484416 -1.99503e-18
-53.9252 0.0702055 -2.89137e-18
-53.9871 0.091456 -3.76655e-18
-54.0458 0.11188 -4.60771e-18
-54.1003 0.13113 -5.40052e-18
-54.1494 0.148874 -6.1313e-18
-54.1923 0.164792 -6.78686e-18
-54.2279 0.178572 -7.35438e-18
-54.2554 0.189919 -7.82168e-18
-54.2739 0.198558 -8.17746e-18
-54.2829 0.2043 -8.41395e-18
-54.2822 0.207108 -8.52962e-18
-54.2721 0.207036 -8.52663e-18
-54.253 0.204155 -8.40799e-18
-54.2251 0.19856 -8.17756e-18
-54.1889 0.190368 -7.8402e-18
-54.1449 0.179716 -7.40149e-18
-54.0937 0.16675 -6.86747e-18
-54.0362 0.151673 -6.24654e-18
-53.9734 0.134871 -5.55458e-18
-53.9069 0.116814 -4.81091e-18
-53.8383 0.0979367 -4.03346e-18
-53.7687 0.0786587 -3.23951e-18
-53.6996 0.0593367 -2.44374e-18
-53.6319 0.04029 -1.65932e-18
-53.5667 0.0218171 -8.98522e-19
-53.5048 0.00418074 -1.72181e-19
-53.4469 -0.012405 5.1089e-19
-53.3936 -0.0277673 1.14358e-18
-53.3454 -0.0417614 1.71991e-18
-53.3024 -0.0543477 2.23827e-18
-53.2642 -0.0656707 2.7046e-18
-53.2298 -0.0759843 3.12936e-18
-53.1985 -0.0855667 3.52401e-18
-53.1691 -0.0947332 3.90152e-18
-53.1404 -0.103851 4.27705e-18
-53.1112 -0.113342 4.66793e-18
-53.0801 -0.123607 5.09067e-18
-53.0458 -0.13503 5.56111e-18
-53.0069 -0.147992 6.09493e-18
-52.9623 -0.162841 6.70648e-18
-52.9108 -0.179926 7.41014e-18
-52.8513 -0.199581 8.21959e-18
-52.7827 -0.222117 9.14775e-18
-52.7046 -0.247829 1.02067e-17
-52.6157 -0.276986 1.14075e-17
-52.5159 -0.309838 1.27605e-17
-52.4039 -0.346606 1.42747e-17
-52.2785 -0.38749 1.59585e-17
-52.1394 -0.432654 1.78186e-17
-51.9862 -0.482198 1.9859e-17
-51.8188 -0.536121 2.20798e-17
-51.6376 -0.594351 2.4478e-17
-51.4431 -0.656784 2.70492e-17
-51.2358 -0.723257 2.97868e-17
-51.0162 -0.793509 3.26801e-17
-50.7859 -0.867216 3.57157e-17
-50.5458 -0.944034 3.88794e-17
-50.2975 -1.02357 4.21551e-17
-50.0424 -1.10538 4.55243e-17
-49.7815 -1.18896 4.89667e-17
-49.5167 -1.27383 5.24617e-17
-49.2495 -1.35943 5.59872e-17
-48.9822 -1.44515 5.95174e-17
-48.7167 -1.53032 6.30252e-17
-48.4552 -1.6143 6.64839e-17
-48.1996 -1.69649 6.98689e-17
-47.9517 -1.77639 7.31594e-17
-47.7127 -1.85355 7.63371e-17
-47.4841 -1.92755 7.93848e-17
-47.267 -1.99803 8.22876e-17
-47.0623 -2.06471 8.50337e-17
-46.8707 -2.12736 8.76141e-17
-46.6928 -2.1858 9.00208e-17
-46.5291 -2.23987 9.22477e-17
-46.3798 -2.28948 9.42907e-17
-46.2451 -2.33457 9.61476e-17
-46.1251 -2.37511 9.78173e-17
-46.0197 -2.41107 9.92985e-17
-45.9292 -2.4424 1.00589e-16
-45.8536 -2.46902 1.01685e-16
-45.7932 -2.49088 1.02585e-16
-45.748 -2.50794 1.03288e-16
-45.7182 -2.52012 1.03789e-16
-45.7041 -2.52733 1.04086e-16
-45.7057 -2.52951 1.04176e-16
-45.7232 -2.52662 1.04057e-16
-45.7567 -2.51862 1.03728e-16
-45.8061 -2.5055 1.03187e-16
-45.8714 -2.48726 1.02436e-16
-45.9526 -2.46391 1.01475e-16
-46.0502 -2.43548 1.00303e-16
-46.1637 -2.40199 9.89243e-17
-46.2924 -2.3635 9.73392e-17
-46.4364 -2.32009 9.55515e-17
-46.595 -2.27191 9.35673e-17
-46.7677 -2.21914 9.13938e-17
-46.9538 -2.16196 8.9039e-17
-47.1536 -2.10061 8.65121e-17
-47.3655 -2.03535 8.38244e-17
-47.5881 -1.96648 8.09883e-17
-47.8208 -1.89433 7.80166e-17
-48.0624 -1.81923 7.49239e-17
-48.3116 -1.74162 7.17276e-17
-48.5666 -1.66197 6.84469e-17
-48.8261 -1.58072 6.5101e-17
-49.0888 -1.49829 6.17059e-17
-49.3538 -1.41491 5.82719e-17
-49.6221 -1.33075 5.4806e-17
-49.8921 -1.24598 5.13147e-17
-50.1628 -1.1607 4.78025e-17
-50.4348 -1.0749 4.42691e-17
-50.708 -0.988521 4.07116e-17
-50.9827 -0.901487 3.71272e-17
-51.2596 -0.813739 3.35133e-17
-51.5386 -0.725246 2.98688e-17
-51.8192 -0.635989 2.61928e-17
-52.1019 -0.545952 2.24847e-17
-52.3862 -0.455187 1.87466e-17
-52.6716 -0.363895 1.49868e-17
-52.9572 -0.272348 1.12165e-17
-53.2422 -0.180816 7.44678e-18
-53.5255 -0.089597 3.68999e-18
-53.8059 0.000944422 -3.88954e-20
-54.0823 0.0904171 -3.72377e-18
-54.3535 0.178445 -7.34913e-18
-54.6182 0.264697 -1.09014e-17
-54.8759 0.348921 -1.43701e-17
-55.1257 0.430913 -1.77469e-17
-55.3672 0.510497 -2.10245e-17
-55.5999 0.587548 -2.41978e-17
-55.8238 0.662035 -2.72655e-17
-56.0395 0.733872 -3.0224e-17
-56.2469 0.803159 -3.30776e-17
-56.4456 0.870014 -3.5831e-17
-56.6359 0.934345 -3.84804e-17
-56.8173 0.996103 -4.10238e-17
-56.99 1.05523 -4.34589e-17
-57.1545 1.11172 -4.57853e-17
-57.3105 1.16543 -4.79973e-17
-57.4566 1.21611 -5.00847e-17
-57.5922 1.26361 -5.20409e-17
-57.717 1.30779 -5.38604e-17
-57.8306 1.34854 -5.55388e-17
-57.933 1.38577 -5.70721e-17
-58.0238 1.41941 -5.84573e-17
-58.1029 1.44938 -5.96917e-17
-58.1703 1.47563 -6.0773e-17
-58.2258 1.49812 -6.16992e-17
-58.2693 1.51681 -6.24687e-17
-58.3008 1.53162 -6.30786e-17
-58.3198 1.54242 -6.35235e-17
-58.3258 1.54905 -6.37964e-17
-58.3184 1.55133 -6.38907e-17
-58.2972 1.54912 -6.37997e-17
-58.2615 1.54225 -6.35165e-17
-58.211 1.53053 -6.3034e-17
-58.145 1.51382 -6.23457e-17
-58.0634 1.49201 -6.14474e-17
-57.9662 1.46511 -6.03397e-17
-57.8537 1.43322 -5.9026e-17
-57.7261 1.39641 -5.75101e-17
-57.584 1.35484 -5.57982e-17
-57.4283 1.3088 -5.3902e-17
-57.2601 1.25863 -5.1836e-17
-57.0815 1.20471 -4.96153e-17
-56.8932 1.14739 -4.72546e-17
-56.6956 1.08709 -4.47709e-17
-56.4907 1.02423 -4.21822e-17
-56.2795 0.959247 -3.95059e-17
-56.0632 0.892516 -3.67577e-17
-55.8428 0.82432 -3.39491e-17
-55.6209 0.754894 -3.10898e-17
-55.3978 0.684464 -2.81892e-17
-55.1722 0.613221 -2.52551e-17
-54.9459 0.541304 -2.22932e-17
-54.7184 0.46884 -1.93089e-17
-54.4895 0.395946 -1.63068e-17
-54.2604 0.322681 -1.32894e-17
-54.0314 0.249004 -1.02551e-17
-53.8021 0.174815 -7.19965e-18
-53.5706 0.100033 -4.11978e-18
-53.3368 0.024563 -1.01161e-18
-53.1002 -0.0516904 2.12884e-18
-52.8616 -0.128747 5.30236e-18
-52.6201 -0.206719 8.5136e-18
-52.3748 -0.285691 1.1766e-17
-52.1263 -0.365545 1.50547e-17
-51.8749 -0.446153 1.83745e-17
-51.6212 -0.527341 2.17182e-17
-51.3658 -0.608881 2.50764e-17
-51.11 -0.690427 2.84348e-17
-50.855 -0.771563 3.17763e-17
-50.6021 -0.851871 3.50837e-17
-50.3534 -0.930963 3.83411e-17
-50.1099 -1.00831 4.15266e-17
-49.8733 -1.08335 4.46169e-17
-49.6454 -1.15559 4.75921e-17
-49.4275 -1.22455 5.04324e-17
-49.2211 -1.28988 5.31228e-17
-49.0271 -1.35124 5.56498e-17
-48.8465 -1.40833 5.80012e-17
-48.6801 -1.46094 6.0168e-17
-48.5282 -1.50898 6.21462e-17
-48.3908 -1.55243 6.39357e-17
-48.268 -1.59132 6.55373e-17
-48.1595 -1.62567 6.69522e-17
-48.0655 -1.6555 6.81805e-17
-47.9858 -1.68081 6.9223e-17
-47.9204 -1.70165 7.00811e-17
-47.8691 -1.71808 7.07579e-17
-47.8315 -1.7302 7.12571e-17
-47.8072 -1.73813 7.15837e-17
-47.7959 -1.74202 7.17437e-17
-47.7969 -1.74199 7.17429e-17
-47.8101 -1.73817 7.15853e-17
-47.835 -1.73062 7.12746e-17
-47.8714 -1.71947 7.08153e-17
-47.919 -1.70478 7.02103e-17
-47.9778 -1.68654 6.9459e-17
-48.0481 -1.66468 6.85588e-17
-48.1298 -1.63917 6.75082e-17
-48.2233 -1.60995 6.63048e-17
-48.3288 -1.57692 6.49444e-17
-48.4466 -1.53996 6.34221e-17
-48.5772 -1.49896 6.17338e-17
-48.7207 -1.45387 5.98765e-17
-48.8772 -1.40462 5.78484e-17
-49.0469 -1.35122 5.56489e-17
-49.2296 -1.29365 5.32782e-17
-49.4251 -1.23201 5.07394e-17
-49.6328 -1.16649 4.80411e-17
-49.8518 -1.09738 4.5195e-17
-50.0811 -1.02498 4.22131e-17
-50.3198 -0.949607 3.91089e-17
-50.5666 -0.871618 3.5897e-17
-50.8205 -0.791393 3.2593e-17
-51.0801 -0.709318 2.92128e-17
-51.3445 -0.625873 2.57761e-17
-51.6119 -0.541523 2.23023e-17
-51.8806 -0.456745 1.88107e-17
-52.1488 -0.372084 1.5324e-17
-52.4172 -0.288039 1.18627e-17
-52.6849 -0.205058 8.44517e-18
-52.9481 -0.123565 5.08895e-18
-53.2051 -0.0439762 1.81113e-18
-53.4551 0.0333086 -1.37179e-18
-53.6966 0.107895 -4.44357e-18
-53.9285 0.17941 -7.38887e-18
-54.1516 0.247491 -1.01928e-17
-54.3644 0.311801 -1.28413e-17
-54.5654 0.372019 -1.53214e-17
-54.7537 0.427857 -1.7621e-17
-54.9269 0.479002 -1.97274e-17
-55.0846 0.525155 -2.16282e-17
-55.2258 0.566066 -2.33131e-17
-55.3499 0.601485 -2.47718e-17
-55.456 0.631187 -2.5995e-17
-55.5436 0.654974 -2.69747e-17
-55.6122 0.672688 -2.77042e-17
-55.6613 0.684199 -2.81783e-17
-55.6908 0.689397 -2.83923e-17
-55.7006 0.688189 -2.83426e-17
-55.69 0.680377 -2.80209e-17
-55.6581 0.665723 -2.74173e-17
-55.6044 0.644051 -2.65248e-17
-55.5282 0.615146 -2.53344e-17
-55.4287 0.57874 -2.3835e-17
-55.3049 0.534539 -2.20146e-17
-55.156 0.482281 -1.98624e-17
-54.9813 0.421721 -1.73683e-17
-54.7804 0.35256 -1.45199e-17
-54.5527 0.27456 -1.13076e-17
-54.2971 0.187616 -7.72684e-18
-54.0135 0.0915937 -3.77222e-18
-53.7012 -0.0136367 5.61618e-19
-53.3602 -0.128161 5.27821e-18
-52.9902 -0.252037 1.038e-17
-52.5912 -0.385296 1.58681e-17
-52.1631 -0.527956 2.17435e-17
-51.7061 -0.680014 2.80059e-17
-51.2202 -0.841435 3.46539e-17
-50.7057 -1.01215 4.16846e-17
-50.1631 -1.19205 4.90937e-17
-49.5927 -1.381 5.68756e-17
-48.9952 -1.57885 6.50238e-17
-48.3716 -1.78528 7.35256e-17
-47.7238 -1.99973 8.23574e-17
-47.0542 -2.22146 9.14894e-17
-46.3651 -2.44975 1.00891e-16
-45.6592 -2.68377 1.10529e-16
-44.9401 -2.92245 1.20359e-16
-44.2113 -3.16464 1.30334e-16
-43.4767 -3.40921 1.40406e-16
-42.74 -3.65496 1.50527e-16
-42.0057 -3.90051 1.6064e-16
-41.2783 -4.14443 1.70686e-16
-40.5623 -4.38534 1.80607e-16
-39.8616 -4.62194 1.90352e-16
-39.1802 -4.85306 1.9987e-16
-38.5211 -5.07763 2.09119e-16
-37.8877 -5.29464 2.18056e-16
-37.2823 -5.50327 2.26648e-16
-36.7066 -5.70294 2.34872e-16
-36.1617 -5.89327 2.42711e-16
-35.6484 -6.07395 2.50152e-16
-35.1667 -6.24487 2.57191e-16
-34.7157 -6.40629 2.63839e-16
-34.2934 -6.5587 2.70115e-16
-33.898 -6.70261 2.76042e-16
-33.5274 -6.83859 2.81643e-16
-33.1793 -6.96728 2.86943e-16
-32.8515 -7.0893 2.91968e-16
-32.5421 -7.20532 2.96746e-16
-32.2486 -7.31593 3.01302e-16
-31.9689 -7.42163 3.05655e-16
-31.7017 -7.52286 3.09824e-16
-31.4454 -7.62001 3.13825e-16
-31.199 -7.71338 3.1767e-16
-30.9621 -7.80304 3.21363e-16
-30.7347 -7.88898 3.24902e-16
-30.5169 -7.97112 3.28285e-16
-30.3092 -8.04931 3.31505e-16
-30.1124 -8.12328 3.34552e-16
-29.9275 -8.1927 3.37411e-16
-29.7558 -8.2572 3.40067e-16
-29.5987 -8.31635 3.42503e-16
-29.4576 -8.36967 3.44699e-16
-29.3345 -8.41662 3.46633e-16
-29.231 -8.45667 3.48282e-16
-29.1489 -8.48927 3.49625e-16
-29.09 -8.51395 3.50641e-16
-29.0563 -8.53023 3.51312e-16
-29.0489 -8.53765 3.51618e-16
-29.0691 -8.53582 3.51542e-16
-29.1182 -8.52437 3.51071e-16
-29.197 -8.50304 3.50192e-16
-29.3064 -8.47157 3.48896e-16
-29.4471 -8.42975 3.47174e-16
-29.6196 -8.37744 3.45019e-16
-29.8242 -8.31455 3.42429e-16
-30.0611 -8.24105 3.39402e-16
-30.3304 -8.15688 3.35936e-16
-30.6325 -8.06195 3.32026e-16
-30.9677 -7.95615 3.27669e-16
-31.3361 -7.83942 3.22861e-16
-31.738 -7.71172 3.17602e-16
-32.1733 -7.57301 3.11889e-16
-32.642 -7.42328 3.05723e-16
-33.1441 -7.26255 2.99103e-16
-33.6791 -7.09096 2.92037e-16
-34.2457 -6.90884 2.84536e-16
-34.8426 -6.71663 2.7662e-16
-35.4681 -6.51481 2.68308e-16
-36.1204 -6.30396 2.59624e-16
-36.7967 -6.08487 2.50601e-16
-37.4943 -5.85847 2.41277e-16
-38.21 -5.62566 2.31689e-16
-38.9404 -5.38754 2.21882e-16
-39.6807 -5.14559 2.11918e-16
-40.4257 -4.90149 2.01865e-16
-41.1701 -4.65687 1.9179e-16
-41.9085 -4.41343 1.81764e-16
-42.6353 -4.17301 1.71862e-16
-43.3443 -3.93751 1.62164e-16
-44.03 -3.70878 1.52744e-16
-44.6867 -3.48858 1.43675e-16
-45.3091 -3.2787 1.35031e-16
-45.8919 -3.08087 1.26884e-16
-46.43 -2.8967 1.19299e-16
-46.9192 -2.72765 1.12336e-16
-47.3557 -2.57495 1.06048e-16
-47.7365 -2.43965 1.00475e-16
-48.0589 -2.3227 9.56589e-17
-48.3208 -2.22484 9.16287e-17
-48.5212 -2.1465 8.84022e-17
-48.6597 -2.08789 8.59886e-17
-48.7361 -2.04916 8.43935e-17
-48.7511 -2.03023 8.36138e-17
-48.7063 -2.03066 8.36312e-17
-48.604 -2.04979 8.44193e-17
-48.4469 -2.08695 8.59496e-17
-48.2374 -2.14135 8.81901e-17
-47.979 -2.21207 9.11026e-17
-47.6749 -2.29811 9.4646e-17
-47.3286 -2.39847 9.87792e-17
-46.9433 -2.51215 1.03461e-16
-46.5224 -2.63813 1.0865e-16
-46.0694 -2.77539 1.14303e-16
-45.5872 -2.92296 1.2038e-16
-45.0789 -3.07993 1.26845e-16
-44.547 -3.2455 1.33664e-16
-43.9937 -3.41894 1.40807e-16
-43.421 -3.59957 1.48246e-16
-42.8308 -3.78684 1.55958e-16
-42.2241 -3.98028 1.63925e-16
-41.602 -4.17957 1.72133e-16
-40.9651 -4.3844 1.80569e-16
-40.3141 -4.59453 1.89223e-16
-39.6492 -4.80976 1.98087e-16
-38.9708 -5.02994 2.07155e-16
-38.279 -5.25496 2.16422e-16
-37.5741 -5.4846 2.2588e-16
-36.857 -5.71855 2.35515e-16
-36.1288 -5.95638 2.4531e-16
-35.3905 -6.19767 2.55247e-16
-34.644 -6.44185 2.65303e-16
-33.8918 -6.68799 2.75441e-16
-33.1372 -6.93504 2.85615e-16
-32.3837 -7.18188 2.95781e-16
-31.635 -7.42731 3.05889e-16
-30.8956 -7.66988 3.15879e-16
-30.1704 -7.90802 3.25687e-16
-29.4644 -8.14016 3.35247e-16
-28.7846 -8.36475 3.44496e-16
-28.1344 -8.5802 3.5337e-16
-27.5176 -8.78495 3.61802e-16
-26.942 -8.9775 3.69732e-16
-26.4128 -9.15642 3.77101e-16
-25.9314 -9.32046 3.83857e-16
-25.4995 -9.46852 3.89955e-16
-25.1214 -9.59956 3.95351e-16
-24.8019 -9.71265 4.00009e-16
-24.5414 -9.80711 4.03899e-16
-24.3397 -9.88239 4.06999e-16
-24.1994 -9.93801 4.0929e-16
-24.1203 -9.97371 4.10761e-16
-24.1024 -9.98957 4.11414e-16
-24.1442 -9.98585 4.11261e-16
-24.2445 -9.96292 4.10316e-16
-24.4016 -9.92123 4.08599e-16
-24.6131 -9.8614 4.06135e-16
-24.8767 -9.78415 4.02954e-16
-25.1895 -9.69023 3.99086e-16
-25.5488 -9.58045 3.94564e-16
-25.9516 -9.45563 3.89424e-16
-26.3951 -9.31665 3.837e-16
-26.8763 -9.16435 3.77428e-16
-27.3925 -8.99952 3.70639e-16
-27.9418 -8.82271 3.63357e-16
-28.5227 -8.63439 3.55602e-16
-29.1336 -8.43498 3.47389e-16
-29.7733 -8.22484 3.38735e-16
-30.4411 -8.00421 3.29648e-16
-31.1365 -7.77324 3.20136e-16
-31.8589 -7.53205 3.10202e-16
-32.6083 -7.28074 2.99852e-16
-33.3868 -7.01939 2.89089e-16
-34.1929 -6.7481 2.77916e-16
-35.025 -6.46689 2.66334e-16
-35.8841 -6.1758 2.54346e-16
-36.7694 -5.87498 2.41957e-16
-37.6842 -5.56458 2.29173e-16
-38.628 -5.24472 2.16e-16
-39.5974 -4.91557 2.02444e-16
-40.5919 -4.57741 1.88518e-16
-41.6129 -4.2306 1.74234e-16
-42.6578 -3.87545 1.59608e-16
-43.7252 -3.51223 1.44649e-16
-44.8156 -3.1411 1.29364e-16
-45.9284 -2.76216 1.13758e-16
-47.064 -2.37552 9.78341e-17
-48.222 -1.98128 8.15976e-17
-49.4027 -1.5795 6.50505e-17
-50.6061 -1.17023 4.8195e-17
-51.8323 -0.753563 3.1035e-17
-53.081 -0.329674 1.35774e-17
-54.3514 0.101172 -4.16672e-18
-55.6428 0.538618 -2.21826e-17
-56.9579 0.981546 -4.04243e-17
-58.3027 1.43049 -5.89139e-17
-59.6675 1.88511 -7.76369e-17
-61.0449 2.34385 -9.65298e-17
-62.4361 2.80645 -1.15582e-16
-63.8365 3.27183 -1.34748e-16
-65.244 3.73909 -1.53992e-16
-66.6545 4.20705 -1.73265e-16
-68.0647 4.67455 -1.92518e-16
-69.4704 5.14034 -2.11702e-16
-70.8674 5.60307 -2.30759e-16
-72.2511 6.06135 -2.49633e-16
-73.6172 6.51374 -2.68264e-16
-74.9608 6.95882 -2.86594e-16
-76.2775 7.39513 -3.04564e-16
-77.5625 7.82126 -3.22114e-16
-78.8114 8.23579 -3.39186e-16
-80.0197 8.6374 -3.55725e-16
-81.1837 9.02488 -3.71684e-16
-82.2996 9.39714 -3.87015e-16
-83.367 9.75318 -4.01678e-16
-84.381 10.092 -4.15634e-16
-85.3374 10.4129 -4.28849e-16
-86.235 10.7151 -4.41296e-16
-87.0743 10.9981 -4.52949e-16
-87.8521 11.2613 -4.63788e-16
-88.565 11.5043 -4.73796e-16
-89.2134 11.7268 -4.82961e-16
-89.7955 11.9286 -4.91273e-16
-90.3031 12.1074 -7.10778e-16
-90.7424 12.2636 -7.17401e-16
-91.1252 12.4005 -7.23209e-16
-91.4471 12.5186 -7.28222e-16
-91.7107 12.6187 -7.32473e-16
-91.9191 12.7018 -7.36006e-16
-92.0761 12.7691 -7.3887e-16
-92.1858 12.8219 -7.4112e-16
-92.2522 12.8614 -7.42809e-16
-92.279 12.8888 -7.43983e-16
-92.2697 12.905 -7.44689e-16
-92.2343 12.9114 -7.44975e-16
-92.1723 12.9088 -7.44886e-16
-92.0896 12.8983 -7.4446e-16
-91.9899 12.8807 -8.19637e-16
-91.8674 12.8566 -8.18641e-16
-91.7306 12.8267 -8.17412e-16
-91.578 12.7918 -8.15975e-16
-91.411 12.7525 -8.14355e-16
-91.2319 12.7093 -8.12576e-16
-91.0418 12.6627 -8.10658e-16
-90.842 12.6131 -8.08614e-16
-90.6327 12.5606 -8.06451e-16
-90.4149 12.5054 -8.0418e-16
-90.1888 12.4478 -8.01808e-16
-89.9553 12.388 -7.99344e-16
-89.7147 12.3261 -7.96794e-16
-89.4677 12.2623 -7.94168e-16
-89.2147 12.1969 -7.91472e-16
-88.956 12.1298 -7.88711e-16
-88.6919 12.0612 -7.85886e-16
-88.4225 11.9912 -7.83002e-16
-88.1482 11.9198 -7.80061e-16
-87.8688 11.847 -7.77061e-16
-87.5844 11.7727 -7.74003e-16
-87.2949 11.697 -7.70885e-16
-87.0004 11.6198 -7.67708e-16
-86.7009 11.5412 -7.64467e-16
-86.3962 11.4609 -7.61163e-16
-86.0863 11.3791 -7.57791e-16
-85.7735 11.2961 -7.54374e-16
-85.46 11.2125 -7.50933e-16
-85.1661 11.1328 -7.47648e-16
-84.8958 11.0577 -7.44554e-16
-84.6255 10.982 -7.4144e-16
-84.3497 10.9049 -7.38262e-16
-84.0674 10.8263 -7.35027e-16
-83.7908 10.7491 -7.31847e-16
-83.5234 10.6741 -7.28756e-16
-83.2613 10.6005 -7.25727e-16
-83.01 10.53 -7.22822e-16
-82.7719 10.4633 -7.20076e-16
-82.5512 10.4017 -7.17538e-16
-82.3513 10.3462 -7.15253e-16
-82.1757 10.298 -7.13267e-16
-82.0252 10.258 -7.11621e-16
-81.9782 10.2276 -7.10367e-16
-82.0377 10.2075 -7.09542e-16
-82.1244 10.1986 -7.09175e-16
-82.2398 10.2015 -7.09293e-16
-82.3859 10.2166 -7.09918e-16
-82.5635 10.2447 -7.11074e-16
-82.7743 10.2861 -7.12778e-16
-83.0216 10.3418 -7.15072e-16
-83.3037 10.4115 -7.17941e-16
-83.6178 10.4946 -7.21365e-16
-83.9653 10.5916 -7.25359e-16
-84.3457 10.7024 -7.29923e-16
-84.7598 10.8272 -7.35063e-16
-85.2068 10.9659 -7.40774e-16
-85.6891 11.1181 -7.47045e-16
-86.2093 11.2837 -7.53864e-16
-86.771 11.4626 -7.61233e-16
-87.3738 11.6545 -7.69134e-16
-88.0149 11.8587 -7.77545e-16
-88.6929 12.0747 -7.86443e-16
-89.3136 12.283 -7.24538e-16
-89.8122 12.4659 -6.73901e-16
-90.3677 12.6562 -5.64385e-16
-90.9411 12.8536 -9.71524e-16
-91.5305 13.0575 -8.27126e-16
-92.1327 13.267 -1.23504e-15
-92.7466 13.4813 -9.03262e-16
-93.3766 13.701 -9.86493e-16
-94.0066 13.9228 -1.41672e-15
-94.5823 14.1326 -7.49142e-16
-95.2139 14.3469 -1.38382e-15
-95.8558 14.5648 -1.66274e-15
-96.4905 14.7823 -4.5866e-16
-97.1449 15.0031 -6.80456e-16
-97.8077 15.2265 -9.47673e-16
-98.4773 15.4524 -5.7394e-16
-99.072 15.6565 -1.1108e-15
-99.7063 15.8519 8.16626e-13
-100.388 16.0469 -1.00243e-15
-101.082 16.2418 -5.41612e-16
-101.773 16.4368 -1.60237e-15
-102.471 16.6253 -5.00423e-16
-103.16 16.793 -1.05e-15
-103.835 16.962 -1.41256e-15
-104.374 17.1045 -1.04441e-15
-105.085 17.2472 -1.72125e-15
-105.874 17.3898 -1.04604e-15
-106.668 17.5312 -6.93854e-13
-107.457 17.6716 -1.39907e-15
-108.236 17.81 -1.5616e-13
-109.007 17.9458 -1.7822e-14
-109.775 18.0762 -1.5908e-15
-110.544 18.1872 -2.22222e-13
-111.26 18.2967 -8.25628e-16
-112.203 18.3908 -8.57407e-16
-113.211 18.4821 -7.21535e-16
-114.201 18.5698 7.59746e-15
-115.16 18.6541 -1.73883e-16
-116.087 18.7353 -7.4147e-16
-116.976 18.8128 -7.94204e-15
-117.819 18.8861 -3.16899e-16
-118.615 18.955 -1.56273e-15
-119.363 19.0193 -5.62466e-16
-120.062 19.0789 -9.88168e-16
-120.708 19.1335 4.6998e-16
-121.302 19.183 5.75503e-17
-121.84 19.2273 1.90812e-15
-122.321 19.2663 -1.70916e-15
-122.742 19.2999 -2.00567e-15
-123.089 19.3269 1.01276e-14
-123.353 19.3463 -1.15828e-15
-123.533 19.3582 -2.80003e-16
-123.628 19.3623 -7.21403e-16
-123.611 19.3477 -2.11796e-16
-123.529 19.3139 -2.09807e-16
-123.387 19.2612 -2.06736e-16
-123.187 19.1896 -2.02591e-16
-122.929 19.0994 -1.97384e-16
-122.614 18.991 -1.91133e-16
-122.245 18.8646 -1.83861e-16
-121.82 18.7208 -1.7559e-16
-121.343 18.5599 -1.66341e-16
-120.815 18.3823 -1.56138e-16
-120.237 18.1885 -1.45004e-16
-119.61 17.9789 -1.32967e-16
-118.937 17.7541 -1.20061e-16
-118.22 17.5149 -1.06322e-16
-117.46 17.2618 -9.17863e-17
-116.661 16.9955 -7.64921e-17
-115.824 16.7167 -6.04772e-17
-114.951 16.426 -4.37794e-17
-114.044 16.1242 -2.64359e-17
-113.106 15.8118 -8.48363e-18
-112.139 15.4895 1.00415e-17
-111.143 15.158 2.91045e-17
-110.122 14.8177 4.86716e-17
-109.077 14.4692 6.87109e-17
-108.008 14.1131 8.91934e-17
-106.919 13.7499 1.10092e-16
-105.809 13.3798 1.31381e-16
-104.68 13.0035 1.53035e-16
-103.533 12.6212 1.75031e-16
-102.368 12.2334 1.97346e-16
-101.188 11.8405 2.19957e-16
-99.9927 11.4428 2.42842e-16
-98.783 11.0406 2.65979e-16
-97.56 10.6345 2.89345e-16
-96.3247 10.2247 3.12917e-16
-95.0781 9.81163 3.36671e-16
-93.8212 9.39573 3.60585e-16
-92.555 8.97736 3.84636e-16
-91.2805 8.55694 4.08799e-16
-89.9992 8.13493 4.33047e-16
-88.7123 7.71181 4.57353e-16
-87.4214 7.28811 4.81685e-16
-86.1282 6.86439 5.06011e-16
-84.8346 6.44127 5.30296e-16
-83.5424 6.01936 5.54505e-16
-82.2538 5.59931 5.78601e-16
-80.9708 5.18179 6.02545e-16
-79.6961 4.76759 6.26294e-16
-78.4324 4.35761 6.49796e-16
-77.1831 3.95281 6.72997e-16
-75.9515 3.55421 6.9584e-16
-74.7407 3.16275 7.18271e-16
-73.5536 2.77924 7.40246e-16
-72.3928 2.40442 7.61723e-16
-71.2608 2.03903 7.82661e-16
-70.1602 1.68384 8.03017e-16
-69.094 1.33974 8.22741e-16
-68.0655 1.00764 8.41782e-16
-67.0777 0.68841 8.60091e-16
-66.1331 0.382822 8.77627e-16
-65.2342 0.0915147 8.94352e-16
-64.3827 -0.184988 9.10239e-16
-63.5802 -0.44625 9.25263e-16
-62.8282 -0.691875 9.39401e-16
-62.1282 -0.921449 9.52632e-16
-61.4813 -1.13461 9.64934e-16
-60.8886 -1.33109 9.76294e-16
-60.3503 -1.51083 9.86708e-16
-59.8659 -1.67402 9.96187e-16
-59.4342 -1.82104 1.00475e-15
-59.0536 -1.95239 1.01243e-15
-58.7222 -2.06868 1.01926e-15
-58.4376 -2.17061 1.02528e-15
-58.1972 -2.259 1.03054e-15
-57.998 -2.33475 1.03508e-15
-57.8366 -2.39885 1.03896e-15
-57.7096 -2.45243 1.04224e-15
-57.6127 -2.49668 1.045e-15
-57.5421 -2.53287 1.04731e-15
-57.4933 -2.56227 1.04923e-15
-57.4622 -2.5862 1.05084e-15
-57.4442 -2.606 1.05222e-15
-57.4352 -2.623 1.05344e-15
-57.4307 -2.63849 1.05457e-15
-57.427 -2.6537 1.05568e-15
-57.4201 -2.66976 1.05685e-15
-57.4066 -2.68781 1.05812e-15
-57.383 -2.70889 1.05957e-15
-57.3464 -2.73392 1.06124e-15
-57.2941 -2.76377 1.06319e-15
-57.2236 -2.7992 1.06545e-15
-57.1336 -2.84104 1.06807e-15
-57.0227 -2.88983 1.07109e-15
-56.8889 -2.94579 1.07451e-15
-56.7314 -3.00919 1.07836e-15
-56.5494 -3.0804 1.08266e-15
-56.3416 -3.15984 1.08742e-15
-56.1067 -3.24798 1.09268e-15
-55.8591 -3.34523 1.09847e-15
-55.5894 -3.45192 1.10479e-15
-55.2969 -3.56831 1.11167e-15
-54.9817 -3.69456 1.11911e-15
-54.633 -3.83077 1.12713e-15
-54.261 -3.97675 1.13571e-15
-53.8594 -4.13278 1.14487e-15
-53.426 -4.29936 1.15464e-15
-52.9614 -4.47651 1.16503e-15
-52.4646 -4.66444 1.17603e-15
-51.9359 -4.86316 1.18765e-15
-51.3752 -5.0727 1.19991e-15
-50.7825 -5.29308 1.21279e-15
-50.1578 -5.52431 1.22629e-15
-49.5009 -5.76647 1.24043e-15
-48.8115 -6.0196 1.25521e-15
-48.0895 -6.28379 1.27062e-15
-47.3347 -6.55902 1.28668e-15
-46.5478 -6.84509 1.30336e-15
-45.7296 -7.14168 1.32065e-15
-44.881 -7.44852 1.33853e-15
-44