-5.33574 5.67337e-06 -2.33654e-22
-10.6715 1.1251e-05 -4.63364e-22
-16.0072 1.67321e-05 -6.89102e-22
-21.343 2.21162e-05 -9.1084e-22
-26.6788 2.74024e-05 -1.12855e-21
-32.0145 3.25902e-05 -1.34221e-21
-37.3503 3.76789e-05 -1.55178e-21
-42.6861 4.26677e-05 -1.75724e-21
-48.0219 4.75559e-05 -1.95856e-21
-53.3577 5.23429e-05 -2.15571e-21
-53.3578 7.67889e-05 -3.1625e-21
-53.3585 0.000175702 -7.23617e-21
-53.3597 0.000373782 -1.5394e-20
-53.3615 0.000667968 -2.75098e-20
-53.3638 0.00104087 -4.28676e-20
-53.3663 0.00144713 -5.9599e-20
-53.3687 0.00182656 -7.52258e-20
-53.3705 0.00211955 -8.72923e-20
-53.3714 0.00226345 -9.32189e-20
-53.3709 0.00218876 -9.01426e-20
-53.3686 0.00182348 -7.50987e-20
-53.3641 0.00109792 -4.5217e-20
-53.357 -4.38326e-05 1.80521e-21
-53.3471 -0.00163193 6.72099e-20
-53.3343 -0.00368147 1.51619e-19
-53.3186 -0.00620452 2.55529e-19
-53.3002 -0.00918036 3.78087e-19
-53.2794 -0.0125237 5.15779e-19
-53.2572 -0.0161148 6.63678e-19
-53.2342 -0.0198336 8.16834e-19
-53.2113 -0.0235501 9.69897e-19
-53.1894 -0.0271142 1.11668e-18
-53.1696 -0.030367 1.25064e-18
-53.1527 -0.0331535 1.3654e-18
-53.1396 -0.0353447 1.45565e-18
-53.1308 -0.0368605 1.51807e-18
-53.1266 -0.0376494 1.55057e-18
-53.1273 -0.0376664 1.55127e-18
-53.133 -0.0368845 1.51906e-18
-53.1438 -0.0353082 1.45414e-18
-53.1593 -0.0329607 1.35746e-18
-53.1796 -0.0298709 1.23021e-18
-53.2042 -0.0260752 1.07389e-18
-53.2329 -0.0216201 8.90411e-19
-53.2653 -0.0165592 6.81978e-19
-53.3011 -0.0109485 4.50906e-19
-53.3399 -0.00484096 1.99372e-19
-53.3814 0.00172047 -7.08565e-20
-53.4253 0.00869797 -3.5822e-19
-53.4714 0.0160534 -6.61147e-19
-53.5194 0.023754 -9.78291e-19
-53.5693 0.0317787 -1.30878e-18
-53.6208 0.0401131 -1.65203e-18
-53.6739 0.0487442 -2.0075e-18
-53.7284 0.0576287 -2.3734e-18
-53.7834 0.0666599 -2.74534e-18
-53.8383 0.0756995 -3.11763e-18
-53.892 0.0846134 -3.48475e-18
-53.9439 0.0932695 -3.84124e-18
-53.993 0.101534 -4.18161e-18
-54.0385 0.109277 -4.50048e-18
-54.0798 0.116374 -4.79279e-18
-54.1161 0.122715 -5.05395e-18
-54.1468 0.128206 -5.28006e-18
-54.1715 0.132763 -5.46774e-18
-54.1897 0.136313 -5.61398e-18
-54.2012 0.138813 -5.71693e-18
-54.206 0.140267 -5.77679e-18
-54.2045 0.140708 -5.79498e-18
-54.1968 0.140179 -5.77318e-18
-54.1836 0.138765 -5.71493e-18
-54.1659 0.136636 -5.62726e-18
-54.1452 0.134009 -5.51906e-18
-54.1228 0.1311 -5.39925e-18
-54.1001 0.128107 -5.27599e-18
-54.078 0.125193 -5.15597e-18
-54.0575 0.122497 -5.04495e-18
-54.0394 0.120154 -4.94845e-18
-54.0245 0.118276 -4.8711e-18
-54.0132 0.116938 -4.81602e-18
-54.0059 0.116193 -4.78533e-18
-54.0028 0.116083 -4.7808e-18
-54.004 0.116606 -4.80234e-18
-54.0088 0.117674 -4.84633e-18
-54.0165 0.119152 -4.90721e-18
-54.026 0.1209 -4.97918e-18
-54.0367 0.122784 -5.05677e-18
-54.0477 0.124693 -5.13541e-18
-54.0585 0.126528 -5.21099e-18
-54.0683 0.128189 -5.27937e-18
-54.0767 0.129597 -5.33737e-18
-54.0834 0.130724 -5.38379e-18
-54.0884 0.131567 -5.41851e-18
-54.0917 0.132126 -5.44151e-18
-54.0934 0.132426 -5.45387e-18
-54.0941 0.132547 -5.45887e-18
-54.0943 0.132599 -5.46102e-18
-54.0947 0.132692 -5.46483e-18
-54.0959 0.132908 -5.47373e-18
-54.098 0.133273 -5.48876e-18
-54.101 0.133783 -5.50976e-18
-54.1048 0.134434 -5.53657e-18
-54.1094 0.135221 -5.56899e-18
-54.1148 0.136135 -5.60664e-18
-54.1208 0.137167 -5.64911e-18
-54.1275 0.138305 -5.69599e-18
-54.1349 0.139555 -5.74748e-18
-54.1431 0.140952 -5.805e-18
-54.1526 0.142544 -5.8706e-18
-54.1635 0.144382 -5.94629e-18
-54.1762 0.146504 -6.03368e-18
-54.1908 0.148932 -6.13366e-18
-54.2073 0.151675 -6.24663e-18
-54.2259 0.154741 -6.37292e-18
-54.2462 0.158086 -6.51067e-18
-54.2673 0.161557 -6.65364e-18
-54.2879 0.164947 -6.79325e-18
-54.3067 0.168049 -6.92098e-18
-54.3225 0.170657 -7.0284e-18
-54.334 0.172571 -7.10724e-18
-54.3399 0.173595 -7.14941e-18
-54.3391 0.173539 -7.14707e-18
-54.3308 0.172277 -7.09511e-18
-54.315 0.169813 -6.99365e-18
-54.2922 0.166223 -6.84577e-18
-54.263 0.161585 -6.65476e-18
-54.228 0.156018 -6.42549e-18
-54.1884 0.14971 -6.16572e-18
-54.1456 0.142889 -5.88479e-18
-54.1011 0.135781 -5.59207e-18
-54.0563 0.128596 -5.29614e-18
-54.0121 0.121503 -5.00402e-18
-53.9694 0.11465 -4.72179e-18
-53.9293 0.108181 -4.45538e-18
-53.8923 0.10221 -4.20947e-18
-53.8589 0.0967942 -3.98641e-18
-53.8291 0.0919572 -3.78719e-18
-53.8032 0.0877186 -3.61263e-18
-53.7811 0.0840923 -3.46328e-18
-53.7629 0.0810849 -3.33943e-18
-53.7486 0.0786981 -3.24113e-18
-53.7381 0.0769297 -3.1683e-18
-53.7314 0.075764 -3.12029e-18
-53.7281 0.0751613 -3.09547e-18
-53.728 0.0750688 -3.09166e-18
-53.7306 0.0754323 -3.10663e-18
-53.7357 0.0762051 -3.13846e-18
-53.743 0.0773565 -3.18587e-18
-53.7524 0.0788645 -3.24798e-18
-53.7638 0.0807083 -3.32392e-18
-53.7769 0.0828559 -3.41236e-18
-53.7914 0.0852521 -3.51105e-18
-53.807 0.0878307 -3.61725e-18
-53.8231 0.0905275 -3.72832e-18
-53.8396 0.0932938 -3.84224e-18
-53.8562 0.0961087 -3.95817e-18
-53.873 0.0989679 -4.07593e-18
-53.8899 0.101869 -4.19541e-18
-53.9072 0.104827 -4.31721e-18
-53.925 0.107886 -4.44321e-18
-53.9438 0.11111 -4.57597e-18
-53.964 0.114559 -4.71804e-18
-53.986 0.118295 -4.87189e-18
-54.0102 0.122373 -5.03986e-18
-54.0369 0.126848 -5.22415e-18
-54.0665 0.131769 -5.42681e-18
-54.0991 0.137154 -5.64858e-18
-54.1344 0.14296 -5.8877e-18
-54.172 0.149109 -6.14097e-18
-54.2113 0.155521 -6.40504e-18
-54.2519 0.162094 -6.67572e-18
-54.2927 0.168687 -6.94727e-18
-54.3327 0.175142 -7.21311e-18
-54.3711 0.181298 -7.46663e-18
-54.4069 0.187018 -7.7022e-18
-54.4396 0.192217 -7.91632e-18
-54.4689 0.196839 -8.1067e-18
-54.4944 0.200828 -8.27096e-18
-54.5157 0.204147 -8.40764e-18
-54.5331 0.20681 -8.51733e-18
-54.5467 0.208856 -8.60158e-18
-54.5568 0.210324 -8.66205e-18
-54.5637 0.211259 -8.70055e-18
-54.5675 0.211709 -8.71911e-18
-54.5688 0.211731 -8.72e-18
-54.5678 0.211377 -8.70543e-18
-54.5646 0.210679 -8.67666e-18
-54.5592 0.209621 -8.63308e-18
-54.5514 0.208164 -8.57309e-18
-54.5409 0.206272 -8.49519e-18
-54.5275 0.20393 -8.39871e-18
-54.5114 0.20116 -8.28462e-18
-54.493 0.198007 -8.15479e-18
-54.4724 0.194521 -8.01121e-18
-54.4501 0.190753 -7.85602e-18
-54.4263 0.186759 -7.69155e-18
-54.4014 0.1826 -7.52026e-18
-54.3759 0.178337 -7.34468e-18
-54.3501 0.174033 -7.16745e-18
-54.3244 0.169757 -6.99134e-18
-54.2993 0.165578 -6.81921e-18
-54.2752 0.161564 -6.65389e-18
-54.2525 0.157769 -6.4976e-18
-54.2313 0.154216 -6.35127e-18
-54.2116 0.15091 -6.21512e-18
-54.1935 0.147856 -6.08934e-18
-54.177 0.145048 -5.97371e-18
-54.1619 0.142463 -5.86724e-18
-54.148 0.140066 -5.76854e-18
-54.1351 0.137823 -5.67615e-18
-54.123 0.135684 -5.58807e-18
-54.111 0.133576 -5.50122e-18
-54.0988 0.131408 -5.41195e-18
-54.0858 0.129093 -5.31661e-18
-54.0713 0.126543 -5.2116e-18
-54.055 0.123671 -5.09332e-18
-54.0362 0.120392 -4.95827e-18
-54.0145 0.116622 -4.80301e-18
-53.9896 0.112329 -4.62618e-18
-53.962 0.107581 -4.43065e-18
-53.9325 0.102502 -4.22148e-18
-53.9018 0.097216 -4.00378e-18
-53.8708 0.0918619 -3.78327e-18
-53.8406 0.086614 -3.56714e-18
-53.8124 0.0816623 -3.36321e-18
-53.7873 0.0771914 -3.17908e-18
-53.7662 0.0733352 -3.02026e-18
-53.7492 0.0701282 -2.88818e-18
-53.7363 0.0675499 -2.782e-18
-53.7272 0.0655733 -2.70059e-18
-53.7216 0.0641434 -2.6417e-18
-53.7187 0.0631523 -2.60088e-18
-53.7178 0.0624635 -2.57252e-18
-53.7178 0.0619389 -2.55091e-18
-53.7181 0.0614491 -2.53074e-18
-53.7178 0.0608853 -2.50752e-18
-53.7163 0.0601508 -2.47727e-18
-53.7131 0.059152 -2.43613e-18
-53.7077 0.0578229 -2.3814e-18
-53.6999 0.0561523 -2.31259e-18
-53.6899 0.0541596 -2.23053e-18
-53.6779 0.0518695 -2.13621e-18
-53.6639 0.0493102 -2.03081e-18
-53.6482 0.0465136 -1.91563e-18
-53.631 0.0435151 -1.79214e-18
-53.6125 0.0403548 -1.66198e-18
-53.593 0.037069 -1.52666e-18
-53.5726 0.0336816 -1.38716e-18
-53.5515 0.0302117 -1.24425e-18
-53.5297 0.0266819 -1.09888e-18
-53.5077 0.0231449 -9.53206e-19
-53.4861 0.0197109 -8.1178e-19
-53.4658 0.016521 -6.80404e-19
-53.4477 0.0137164 -5.64899e-19
-53.4327 0.0114335 -4.7088e-19
-53.4216 0.00979874 -4.03554e-19
-53.4151 0.00893128 -3.67829e-19
-53.414 0.00894611 -3.68439e-19
-53.4188 0.00991705 -4.08427e-19
-53.4294 0.0118376 -4.87524e-19
-53.4455 0.0146565 -6.03616e-19
-53.4667 0.0183173 -7.54386e-19
-53.4924 0.0227022 -9.34975e-19
-53.5211 0.0275708 -1.13548e-18
-53.5509 0.0326186 -1.34338e-18
-53.5798 0.0375419 -1.54614e-18
-53.6061 0.0420563 -1.73206e-18
-53.6284 0.0459157 -1.89101e-18
-53.6451 0.0488981 -2.01384e-18
-53.655 0.0507885 -2.09169e-18
-53.657 0.0514145 -2.11747e-18
-53.6506 0.0506834 -2.08736e-18
-53.6355 0.0485489 -1.99945e-18
-53.6114 0.0449736 -1.85221e-18
-53.5787 0.0399904 -1.64698e-18
-53.5383 0.0337667 -1.39066e-18
-53.4919 0.0265431 -1.09316e-18
-53.4409 0.0185634 -7.6452e-19
-53.387 0.0100852 -4.15354e-19
-53.332 0.00139258 -5.73526e-20
-53.2778 -0.00722007 2.97354e-19
-53.2263 -0.015464 6.36875e-19
-53.1789 -0.0230806 9.50559e-19
-53.1371 -0.0298663 1.23002e-18
-53.1018 -0.0356525 1.46833e-18
-53.0741 -0.0402831 1.65903e-18
-53.0547 -0.0436421 1.79737e-18
-53.0438 -0.0456846 1.88149e-18
-53.0414 -0.0464088 1.91132e-18
-53.0475 -0.0458255 1.88729e-18
-53.0618 -0.0439739 1.81103e-18
-53.0836 -0.0409381 1.68601e-18
-53.1123 -0.0368302 1.51683e-18
-53.1471 -0.0317699 1.30842e-18
-53.1872 -0.0258675 1.06534e-18
-53.232 -0.0192056 7.90971e-19
-53.2811 -0.011853 4.88159e-19
-53.334 -0.00388126 1.59847e-19
-53.39 0.00461454 -1.90047e-19
-53.4482 0.0134935 -5.5572e-19
-53.5076 0.0225922 -9.30445e-19
-53.567 0.0317506 -1.30763e-18
-53.6257 0.0408255 -1.68137e-18
-53.6827 0.049704 -2.04703e-18
-53.7376 0.0582933 -2.40077e-18
-53.7897 0.0665087 -2.73912e-18
-53.8389 0.0743054 -3.06022e-18
-53.8851 0.0817128 -3.36529e-18
-53.929 0.0888029 -3.65729e-18
-53.971 0.0956552 -3.9395e-18
-54.0116 0.102354 -4.21536e-18
-54.0513 0.108983 -4.48841e-18
-54.0908 0.115633 -4.76225e-18
-54.1306 0.122393 -5.04068e-18
-54.1711 0.129324 -5.32611e-18
-54.2123 0.136413 -5.61808e-18
-54.2539 0.143613 -5.91462e-18
-54.2956 0.150878 -6.2138e-18
-54.3368 0.158097 -6.51113e-18
-54.376 0.16503 -6.79666e-18
-54.4114 0.171369 -7.05771e-18
-54.441 0.17681 -7.28179e-18
-54.4633 0.181102 -7.45856e-18
-54.4774 0.184092 -7.5817e-18
-54.4827 0.185681 -7.64716e-18
-54.4786 0.185782 -7.65132e-18
-54.4652 0.184373 -7.5933e-18
-54.4431 0.181565 -7.47762e-18
-54.4134 0.177537 -7.31175e-18
-54.3774 0.172476 -7.10331e-18
-54.3363 0.166587 -6.86078e-18
-54.2918 0.160112 -6.59409e-18
-54.2454 0.153309 -6.31392e-18
-54.1988 0.146435 -6.03082e-18
-54.1533 0.139708 -5.75378e-18
-54.11 0.133274 -5.48878e-18
-54.0694 0.127234 -5.24005e-18
-54.0321 0.121684 -5.01147e-18
-53.9984 0.116664 -4.80471e-18
-53.9679 0.112107 -4.61707e-18
-53.9398 0.107891 -4.44344e-18
-53.9132 0.103887 -4.27853e-18
-53.8874 0.099943 -4.11608e-18
-53.8609 0.0958646 -3.94812e-18
-53.8326 0.0914366 -3.76575e-18
-53.8009 0.086445 -3.56018e-18
-53.7648 0.0807009 -3.32361e-18
-53.7233 0.0740649 -3.05031e-18
-53.6758 0.0664269 -2.73575e-18
-53.6216 0.0576836 -2.37566e-18
-53.5603 0.047775 -1.96758e-18
-53.4921 0.0367244 -1.51247e-18
-53.4175 0.0246016 -1.0132e-18
-53.3369 0.0114824 -4.72896e-19
-53.251 -0.00254449 1.04793e-19
-53.1603 -0.0173701 7.15378e-19
-53.0658 -0.0328743 1.35391e-18
-52.9682 -0.048935 2.01536e-18
-52.8681 -0.0654532 2.69565e-18
-52.7659 -0.0823779 3.39268e-18
-52.6618 -0.0996847 4.10545e-18
-52.556 -0.117351 4.83304e-18
-52.4487 -0.135338 5.57382e-18
-52.3405 -0.153566 6.32453e-18
-52.2319 -0.171939 7.08121e-18
-52.1237 -0.190367 7.84014e-18
-52.0164 -0.20873 8.5964e-18
-51.9113 -0.226844 9.34242e-18
-51.8096 -0.244495 1.00694e-17
-51.7128 -0.261482 1.0769e-17
-51.6218 -0.277616 1.14334e-17
-51.5379 -0.292724 1.20556e-17
-51.4618 -0.306648 1.26291e-17
-51.3945 -0.319247 1.3148e-17
-51.3366 -0.330425 1.36083e-17
-51.288 -0.34018 1.40101e-17
-51.2485 -0.34855 1.43548e-17
-51.2178 -0.355558 1.46434e-17
-51.1954 -0.361269 1.48786e-17
-51.1804 -0.36579 1.50648e-17
-51.1721 -0.369248 1.52073e-17
-51.1695 -0.37178 1.53115e-17
-51.1714 -0.37355 1.53844e-17
-51.1764 -0.374789 1.54355e-17
-51.1827 -0.375757 1.54753e-17
-51.1887 -0.376707 1.55144e-17
-51.193 -0.377841 1.55611e-17
-51.1949 -0.379263 1.56197e-17
-51.1941 -0.381012 1.56917e-17
-51.1904 -0.383119 1.57785e-17
-51.1839 -0.385554 1.58788e-17
-51.1754 -0.388172 1.59866e-17
-51.1662 -0.390765 1.60934e-17
-51.1577 -0.393116 1.61902e-17
-51.1514 -0.39498 1.6267e-17
-51.149 -0.396068 1.63118e-17
-51.1526 -0.396067 1.63117e-17
-51.164 -0.39466 1.62538e-17
-51.1848 -0.391629 1.6129e-17
-51.215 -0.386949 1.59363e-17
-51.2542 -0.380702 1.5679e-17
-51.3019 -0.37297 1.53605e-17
-51.3576 -0.36385 1.49849e-17
-51.4204 -0.35347 1.45574e-17
-51.4895 -0.341974 1.4084e-17
-51.564 -0.329506 1.35705e-17
-51.6433 -0.316165 1.30211e-17
-51.7274 -0.301966 1.24363e-17
-51.8167 -0.286875 1.18148e-17
-51.9112 -0.270862 1.11553e-17
-52.0114 -0.253847 1.04545e-17
-52.1186 -0.235647 9.70498e-18
-52.2341 -0.216034 8.89722e-18
-52.3595 -0.194783 8.022e-18
-52.4956 -0.171746 7.07325e-18
-52.6426 -0.146925 6.05101e-18
-52.7998 -0.120403 4.95872e-18
-52.9667 -0.0922732 3.80021e-18
-53.1424 -0.0627259 2.58332e-18
-53.3253 -0.0320081 1.31823e-18
-53.5133 -0.000410247 1.68957e-20
-53.7044 0.0317255 -1.3066e-18
-53.8968 0.0640968 -2.63978e-18
-54.0888 0.0964203 -3.971e-18
-54.2787 0.128437 -5.28959e-18
-54.4647 0.159892 -6.58505e-18
-54.6456 0.19057 -7.84848e-18
-54.8207 0.220331 -9.07418e-18
-54.9892 0.24908 -1.02582e-17
-55.1507 0.276731 -1.1397e-17
-55.3047 0.303228 -1.24882e-17
-55.4513 0.328565 -1.35317e-17
-55.5907 0.352769 -1.45285e-17
-55.723 0.375873 -1.54801e-17
-55.8484 0.397889 -1.63868e-17
-55.9667 0.418777 -1.72471e-17
-56.0782 0.438495 -1.80591e-17
-56.1819 0.456954 -1.88193e-17
-56.2773 0.474086 -1.95249e-17
-56.3645 0.48989 -2.01758e-17
-56.4435 0.504368 -2.07721e-17
-56.5145 0.517536 -2.13144e-17
-56.5776 0.529399 -2.18029e-17
-56.6327 0.539952 -2.22376e-17
-56.6798 0.549181 -2.26177e-17
-56.7189 0.557077 -2.29428e-17
-56.7504 0.563689 -2.32151e-17
-56.7753 0.569188 -2.34416e-17
-56.7951 0.573808 -2.36319e-17
-56.8113 0.577778 -2.37954e-17
-56.8253 0.581323 -2.39414e-17
-56.8384 0.584649 -2.40784e-17
-56.8518 0.587955 -2.42145e-17
-56.8667 0.591429 -2.43576e-17
-56.884 0.595217 -2.45136e-17
-56.9042 0.599388 -2.46854e-17
-56.9278 0.60397 -2.48741e-17
-56.9546 0.608977 -2.50803e-17
-56.9842 0.614357 -2.53019e-17
-57.0153 0.619929 -2.55314e-17
-57.0463 0.625443 -2.57584e-17
-57.0756 0.630644 -2.59727e-17
-57.1015 0.635285 -2.61638e-17
-57.1226 0.639124 -2.63219e-17
-57.1373 0.641933 -2.64376e-17
-57.1441 0.643486 -2.65016e-17
-57.1421 0.643633 -2.65076e-17
-57.1311 0.64236 -2.64552e-17
-57.1115 0.639733 -2.6347e-17
-57.0837 0.635828 -2.61862e-17
-57.0484 0.630761 -2.59775e-17
-57.0067 0.624714 -2.57284e-17
-56.96 0.617908 -2.54481e-17
-56.9097 0.610574 -2.51461e-17
-56.8574 0.602902 -2.48301e-17
-56.8034 0.595013 -2.45052e-17
-56.7482 0.586982 -2.41744e-17
-56.6923 0.578886 -2.38411e-17
-56.636 0.57077 -2.35068e-17
-56.579 0.562583 -2.31696e-17
-56.5212 0.554236 -2.28259e-17
-56.4617 0.545644 -2.2472e-17
-56.3999 0.536731 -2.21049e-17
-56.3358 0.527437 -2.17221e-17
-56.2688 0.517711 -2.13216e-17
-56.1985 0.50751 -2.09015e-17
-56.1251 0.496824 -2.04614e-17
-56.0488 0.485711 -2.00037e-17
-55.9702 0.474264 -1.95323e-17
-55.8901 0.462581 -1.90511e-17
-55.8091 0.45076 -1.85643e-17
-55.7278 0.438904 -1.8076e-17
-55.6468 0.427116 -1.75905e-17
-55.567 0.415497 -1.7112e-17
-55.4888 0.404137 -1.66441e-17
-55.4128 0.393104 -1.61897e-17
-55.3392 0.382454 -1.57511e-17
-55.2684 0.372238 -1.53304e-17
-55.2008 0.362497 -1.49292e-17
-55.1365 0.353256 -1.45486e-17
-55.0755 0.344533 -1.41894e-17
-55.0181 0.336338 -1.38518e-17
-54.9643 0.328688 -1.35368e-17
-54.9143 0.321621 -1.32457e-17
-54.8685 0.315183 -1.29806e-17
-54.8271 0.309416 -1.27431e-17
-54.7906 0.304387 -1.2536e-17
-54.7597 0.300236 -1.2365e-17
-54.7357 0.297132 -1.22372e-17
-54.7194 0.295236 -1.21591e-17
-54.7118 0.294704 -1.21372e-17
-54.714 0.295697 -1.21781e-17
-54.7269 0.298367 -1.22881e-17
-54.7514 0.302858 -1.2473e-17
-54.7878 0.309235 -1.27356e-17
-54.8357 0.317418 -1.30727e-17
-54.894 0.32725 -1.34776e-17
-54.9618 0.33856 -1.39434e-17
-55.0373 0.351083 -1.44591e-17
-55.1176 0.364361 -1.5006e-17
-55.1994 0.377838 -1.5561e-17
-55.279 0.390961 -1.61015e-17
-55.3532 0.403172 -1.66044e-17
-55.4183 0.41391 -1.70466e-17
-55.4708 0.422614 -1.74051e-17
-55.5075 0.428743 -1.76575e-17
-55.5256 0.431849 -1.77854e-17
-55.5233 0.43166 -1.77776e-17
-55.4998 0.428008 -1.76272e-17
-55.4541 0.420747 -1.73282e-17
-55.3859 0.409801 -1.68774e-17
-55.2957 0.395221 -1.62769e-17
-55.1841 0.37713 -1.55318e-17
-55.0523 0.355666 -1.46479e-17
-54.9016 0.331039 -1.36336e-17
-54.7343 0.303595 -1.25034e-17
-54.553 0.273748 -1.12741e-17
-54.3606 0.241915 -9.96311e-18
-54.1596 0.208503 -8.58706e-18
-53.9526 0.173909 -7.16231e-18
-53.742 0.138513 -5.70457e-18
-53.5302 0.102682 -4.2289e-18
-53.3195 0.0667744 -2.75006e-18
-53.1122 0.0311508 -1.28292e-18
-52.9105 -0.00383901 1.58107e-19
-52.7163 -0.037872 1.55973e-18
-52.5311 -0.0707166 2.91242e-18
-52.3554 -0.1023 4.21314e-18
-52.1889 -0.132645 5.46288e-18
-52.0312 -0.161801 6.66367e-18
-51.8821 -0.189823 7.81774e-18
-51.7426 -0.216669 8.92338e-18
-51.6115 -0.242405 9.98328e-18
-51.4874 -0.267144 1.10021e-17
-51.3703 -0.29092 1.19813e-17
-51.2592 -0.313825 1.29247e-17
-51.1538 -0.335937 1.38353e-17
-51.0535 -0.357351 1.47172e-17
-50.9584 -0.378115 1.55724e-17
-50.8683 -0.39814 1.63971e-17
-50.7836 -0.417366 1.71889e-17
-50.7052 -0.435613 1.79404e-17
-50.6336 -0.452678 1.86433e-17
-50.5697 -0.468468 1.92935e-17
-50.5141 -0.482832 1.98851e-17
-50.4675 -0.49565 2.0413e-17
-50.4308 -0.506772 2.08711e-17
-50.4049 -0.51602 2.12519e-17
-50.391 -0.523198 2.15475e-17
-50.3902 -0.528107 2.17497e-17
-50.4046 -0.53057 2.18512e-17
-50.4341 -0.530474 2.18472e-17
-50.4787 -0.52773 2.17342e-17
-50.5393 -0.522243 2.15082e-17
-50.6159 -0.513975 2.11677e-17
-50.7082 -0.502971 2.07145e-17
-50.8155 -0.489333 2.01528e-17
-50.9373 -0.473158 1.94867e-17
-51.0723 -0.454615 1.8723e-17
-51.2195 -0.433996 1.78738e-17
-51.3762 -0.411665 1.69541e-17
-51.5396 -0.38798 1.59787e-17
-51.7078 -0.3633 1.49623e-17
-51.8784 -0.33799 1.39199e-17
-52.0491 -0.312414 1.28666e-17
-52.2178 -0.286922 1.18167e-17
-52.3827 -0.261803 1.07822e-17
-52.5426 -0.237232 9.77026e-18
-52.6973 -0.21332 8.78545e-18
-52.8458 -0.190159 7.83156e-18
-52.9881 -0.167762 6.90915e-18
-53.1251 -0.145993 6.01264e-18
-53.2582 -0.124636 5.13304e-18
-53.3888 -0.10346 4.26092e-18
-53.5182 -0.0822726 3.38834e-18
-53.647 -0.0609665 2.51087e-18
-53.7757 -0.0394767 1.62582e-18
-53.9049 -0.0177328 7.30315e-19
-54.0345 0.00427021 -1.75866e-19
-54.1637 0.026397 -1.08714e-18
-54.2914 0.0484416 -1.99503e-18
-54.4162 0.0702055 -2.89137e-18
-54.5369 0.091456 -3.76655e-18
-54.6514 0.11188 -4.60771e-18
-54.7577 0.13113 -5.40052e-18
-54.8537 0.148874 -6.1313e-18
-54.9376 0.164792 -6.78686e-18
-55.0073 0.178572 -7.35438e-18
-55.0612 0.189919 -7.82168e-18
-55.0976 0.198558 -8.17746e-18
-55.1154 0.2043 -8.41395e-18
-55.1145 0.207108 -8.52962e-18
-55.0953 0.207036 -8.52663e-18
-55.0585 0.204155 -8.40799e-18
-55.0046 0.19856 -8.17756e-18
-54.9346 0.190368 -7.8402e-18
-54.8494 0.179716 -7.40149e-18
-54.7501 0.16675 -6.86747e-18
-54.6383 0.151673 -6.24654e-18
-54.5164 0.134871 -5.55458e-18
-54.3873 0.116814 -4.81091e-18
-54.2539 0.0979367 -4.03346e-18
-54.119 0.0786587 -3.23951e-18
-53.985 0.0593367 -2.44374e-18
-53.8538 0.04029 -1.65932e-18
-53.7275 0.0218171 -8.98522e-19
-53.6077 0.00418074 -1.72181e-19
-53.4959 -0.012405 5.1089e-19
-53.3932 -0.0277673 1.14358e-18
-53.3004 -0.0417614 1.71991e-18
-53.2179 -0.0543477 2.23827e-18
-53.1447 -0.0656707 2.7046e-18
-53.0791 -0.0759843 3.12936e-18
-53.0195 -0.0855667 3.52401e-18
-52.9637 -0.0947332 3.90152e-18
-52.9094 -0.103851 4.27705e-18
-52.854 -0.113342 4.66793e-18
-52.7947 -0.123607 5.09067e-18
-52.7291 -0.13503 5.56111e-18
-52.6547 -0.147992 6.09493e-18
-52.5691 -0.162841 6.70648e-18
-52.4701 -0.179926 7.41014e-18
-52.3554 -0.199581 8.21959e-18
-52.223 -0.222117 9.14775e-18
-52.0715 -0.247829 1.02067e-17
-51.8987 -0.276986 1.14075e-17
-51.7037 -0.309838 1.27605e-17
-51.4847 -0.346606 1.42747e-17
-51.2395 -0.38749 1.59585e-17
-50.9676 -0.432654 1.78186e-17
-50.668 -0.482198 1.9859e-17
-50.3409 -0.536121 2.20798e-17
-49.9866 -0.594351 2.4478e-17
-49.6062 -0.656784 2.70492e-17
-49.2004 -0.723257 2.97868e-17
-48.7708 -0.793509 3.26801e-17
-48.32 -0.867216 3.57157e-17
-47.8497 -0.944034 3.88794e-17
-47.363 -1.02357 4.21551e-17
-46.8626 -1.10538 4.55243e-17
-46.351 -1.18896 4.89667e-17
-45.8317 -1.27383 5.24617e-17
-45.308 -1.35943 5.59872e-17
-44.7838 -1.44515 5.95174e-17
-44.2634 -1.53032 6.30252e-17
-43.7509 -1.6143 6.64839e-17
-43.25 -1.69649 6.98689e-17
-42.764 -1.77639 7.31594e-17
-42.2956 -1.85355 7.63371e-17
-41.8474 -1.92755 7.93848e-17
-41.4219 -1.99803 8.22876e-17
-41.0206 -2.06471 8.50337e-17
-40.6451 -2.12736 8.76141e-17
-40.2963 -2.1858 9.00208e-17
-39.9754 -2.23987 9.22477e-17
-39.6827 -2.28948 9.42907e-17
-39.4186 -2.33457 9.61476e-17
-39.1831 -2.37511 9.78173e-17
-38.9764 -2.41107 9.92985e-17
-38.7988 -2.4424 1.00589e-16
-38.6507 -2.46902 1.01685e-16
-38.5321 -2.49088 1.02585e-16
-38.4434 -2.50794 1.03288e-16
-38.3849 -2.52012 1.03789e-16
-38.357 -2.52733 1.04086e-16
-38.3601 -2.52951 1.04176e-16
-38.3944 -2.52662 1.04057e-16
-38.4599 -2.51862 1.03728e-16
-38.5567 -2.5055 1.03187e-16
-38.6847 -2.48726 1.02436e-16
-38.8438 -2.46391 1.01475e-16
-39.0345 -2.43548 1.00303e-16
-39.256 -2.40199 9.89243e-17
-39.5076 -2.3635 9.73392e-17
-39.789 -2.32009 9.55515e-17
-40.0991 -2.27191 9.35673e-17
-40.4368 -2.21914 9.13938e-17
-40.8008 -2.16196 8.9039e-17
-41.1908 -2.10061 8.65121e-17
-41.6043 -2.03535 8.38244e-17
-42.0389 -1.96648 8.09883e-17
-42.4931 -1.89433 7.80166e-17
-42.9647 -1.81923 7.49239e-17
-43.451 -1.74162 7.17276e-17
-43.9488 -1.66197 6.84469e-17
-44.4555 -1.58072 6.5101e-17
-44.9683 -1.49829 6.17059e-17
-45.486 -1.41491 5.82719e-17
-46.0087 -1.33075 5.4806e-17
-46.5345 -1.24598 5.13147e-17
-47.062 -1.1607 4.78025e-17
-47.5919 -1.0749 4.42691e-17
-48.1243 -0.988521 4.07116e-17
-48.6597 -0.901487 3.71272e-17
-49.199 -0.813739 3.35133e-17
-49.7421 -0.725246 2.98688e-17
-50.2888 -0.635989 2.61928e-17
-50.8394 -0.545952 2.24847e-17
-51.3934 -0.455187 1.87466e-17
-51.9496 -0.363895 1.49868e-17
-52.5063 -0.272348 1.12165e-17
-53.0618 -0.180816 7.44678e-18
-53.6142 -0.089597 3.68999e-18
-54.1612 0.000944422 -3.88954e-20
-54.7003 0.0904171 -3.72377e-18
-55.2293 0.178445 -7.34913e-18
-55.746 0.264697 -1.09014e-17
-56.2489 0.348921 -1.43701e-17
-56.7366 0.430913 -1.77469e-17
-57.2082 0.510497 -2.10245e-17
-57.6627 0.587548 -2.41978e-17
-58.1002 0.662035 -2.72655e-17
-58.5208 0.733872 -3.0224e-17
-58.9247 0.803159 -3.30776e-17
-59.3122 0.870014 -3.5831e-17
-59.6832 0.934345 -3.84804e-17
-60.0372 0.996103 -4.10238e-17
-60.3741 1.05523 -4.34589e-17
-60.6947 1.11172 -4.57853e-17
-60.9983 1.16543 -4.79973e-17
-61.2825 1.21611 -5.00847e-17
-61.5465 1.26361 -5.20409e-17
-61.7895 1.30779 -5.38604e-17
-62.0111 1.34854 -5.55388e-17
-62.2107 1.38577 -5.70721e-17
-62.3879 1.41941 -5.84573e-17
-62.5426 1.44938 -5.96917e-17
-62.6745 1.47563 -6.0773e-17
-62.7834 1.49812 -6.16992e-17
-62.8692 1.51681 -6.24687e-17
-62.9316 1.53162 -6.30786e-17
-62.9698 1.54242 -6.35235e-17
-62.9829 1.54905 -6.37964e-17
-62.9701 1.55133 -6.38907e-17
-62.9303 1.54912 -6.37997e-17
-62.8627 1.54225 -6.35165e-17
-62.7662 1.53053 -6.3034e-17
-62.6399 1.51382 -6.23457e-17
-62.4832 1.49201 -6.14474e-17
-62.2962 1.46511 -6.03397e-17
-62.0795 1.43322 -5.9026e-17
-61.8337 1.39641 -5.75101e-17
-61.5597 1.35484 -5.57982e-17
-61.2593 1.3088 -5.3902e-17
-60.9346 1.25863 -5.1836e-17
-60.5891 1.20471 -4.96153e-17
-60.2241 1.14739 -4.72546e-17
-59.8416 1.08709 -4.47709e-17
-59.4448 1.02423 -4.21822e-17
-59.0358 0.959247 -3.95059e-17
-58.6172 0.892516 -3.67577e-17
-58.1905 0.82432 -3.39491e-17
-57.7591 0.754894 -3.10898e-17
-57.3239 0.684464 -2.81892e-17
-56.8841 0.613221 -2.52551e-17
-56.442 0.541304 -2.22932e-17
-55.9972 0.46884 -1.93089e-17
-55.5499 0.395946 -1.63068e-17
-55.1014 0.322681 -1.32894e-17
-54.6519 0.249004 -1.02551e-17
-54.2004 0.174815 -7.19965e-18
-53.7449 0.100033 -4.11978e-18
-53.2849 0.024563 -1.01161e-18
-52.8195 -0.0516904 2.12884e-18
-52.3495 -0.128747 5.30236e-18
-51.8737 -0.206719 8.5136e-18
-51.3906 -0.285691 1.1766e-17
-50.9014 -0.365545 1.50547e-17
-50.4066 -0.446153 1.83745e-17
-49.9074 -0.527341 2.17182e-17
-49.4051 -0.608881 2.50764e-17
-48.902 -0.690427 2.84348e-17
-48.4006 -0.771563 3.17763e-17
-47.9037 -0.851871 3.50837e-17
-47.4142 -0.930963 3.83411e-17
-46.935 -1.00831 4.15266e-17
-46.4696 -1.08335 4.46169e-17
-46.0212 -1.15559 4.75921e-17
-45.5927 -1.22455 5.04324e-17
-45.1867 -1.28988 5.31228e-17
-44.8052 -1.35124 5.56498e-17
-44.4501 -1.40833 5.80012e-17
-44.1229 -1.46094 6.0168e-17
-43.8242 -1.50898 6.21462e-17
-43.5541 -1.55243 6.39357e-17
-43.3126 -1.59132 6.55373e-17
-43.0995 -1.62567 6.69522e-17
-42.9148 -1.6555 6.81805e-17
-42.7583 -1.68081 6.9223e-17
-42.63 -1.70165 7.00811e-17
-42.5293 -1.71808 7.07579e-17
-42.4557 -1.7302 7.12571e-17
-42.4085 -1.73813 7.15837e-17
-42.3866 -1.74202 7.17437e-17
-42.3892 -1.74199 7.17429e-17
-42.4156 -1.73817 7.15853e-17
-42.4654 -1.73062 7.12746e-17
-42.5377 -1.71947 7.08153e-17
-42.6321 -1.70478 7.02103e-17
-42.7487 -1.68654 6.9459e-17
-42.8878 -1.66468 6.85588e-17
-43.0497 -1.63917 6.75082e-17
-43.2346 -1.60995 6.63048e-17
-43.4432 -1.57692 6.49444e-17
-43.6762 -1.53996 6.34221e-17
-43.9342 -1.49896 6.17338e-17
-44.2177 -1.45387 5.98765e-17
-44.5268 -1.40462 5.78484e-17
-44.8617 -1.35122 5.56489e-17
-45.2224 -1.29365 5.32782e-17
-45.6083 -1.23201 5.07394e-17
-46.0182 -1.16649 4.80411e-17
-46.4503 -1.09738 4.5195e-17
-46.9028 -1.02498 4.22131e-17
-47.3737 -0.949607 3.91089e-17
-47.8606 -0.871618 3.5897e-17
-48.3614 -0.791393 3.2593e-17
-48.8736 -0.709318 2.92128e-17
-49.3947 -0.625873 2.57761e-17
-49.9215 -0.541523 2.23023e-17
-50.4508 -0.456745 1.88107e-17
-50.9795 -0.372084 1.5324e-17
-51.5064 -0.288039 1.18627e-17
-52.0295 -0.205058 8.44517e-18
-52.5437 -0.123565 5.08895e-18
-53.046 -0.0439762 1.81113e-18
-53.5343 0.0333086 -1.37179e-18
-54.0062 0.107895 -4.44357e-18
-54.4593 0.17941 -7.38887e-18
-54.8934 0.247491 -1.01928e-17
-55.3059 0.311801 -1.28413e-17
-55.6945 0.372019 -1.53214e-17
-56.0574 0.427857 -1.7621e-17
-56.3914 0.479002 -1.97274e-17
-56.6951 0.525155 -2.16282e-17
-56.9666 0.566066 -2.33131e-17
-57.2048 0.601485 -2.47718e-17
-57.4081 0.631187 -2.5995e-17
-57.5754 0.654974 -2.69747e-17
-57.7057 0.672688 -2.77042e-17
-57.7983 0.684199 -2.81783e-17
-57.8526 0.689397 -2.83923e-17
-57.8684 0.688189 -2.83426e-17
-57.8444 0.680377 -2.80209e-17
-57.7788 0.665723 -2.74173e-17
-57.6709 0.644051 -2.65248e-17
-57.5191 0.615146 -2.53344e-17
-57.322 0.57874 -2.3835e-17
-57.0775 0.534539 -2.20146e-17
-56.7843 0.482281 -1.98624e-17
-56.4408 0.421721 -1.73683e-17
-56.0455 0.35256 -1.45199e-17
-55.5973 0.27456 -1.13076e-17
-55.0948 0.187616 -7.72684e-18
-54.5374 0.0915937 -3.77222e-18
-53.9244 -0.0136367 5.61618e-19
-53.2551 -0.128161 5.27821e-18
-52.5294 -0.252037 1.038e-17
-51.7471 -0.385296 1.58681e-17
-50.9081 -0.527956 2.17435e-17
-50.0126 -0.680014 2.80059e-17
-49.0609 -0.841435 3.46539e-17
-48.0534 -1.01215 4.16846e-17
-46.991 -1.19205 4.90937e-17
-45.8746 -1.381 5.68756e-17
-44.7053 -1.57885 6.50238e-17
-43.4851 -1.78528 7.35256e-17
-42.2176 -1.99973 8.23574e-17
-40.9076 -2.22146 9.14894e-17
-39.5596 -2.44975 1.00891e-16
-38.179 -2.68377 1.10529e-16
-36.7724 -2.92245 1.20359e-16
-35.3471 -3.16464 1.30334e-16
-33.9103 -3.40921 1.40406e-16
-32.4693 -3.65496 1.50527e-16
-31.0329 -3.90051 1.6064e-16
-29.61 -4.14443 1.70686e-16
-28.2091 -4.38534 1.80607e-16
-26.8381 -4.62194 1.90352e-16
-25.5043 -4.85306 1.9987e-16
-24.2142 -5.07763 2.09119e-16
-22.9738 -5.29464 2.18056e-16
-21.7881 -5.50327 2.26648e-16
-20.6601 -5.70294 2.34872e-16
-19.5921 -5.89327 2.42711e-16
-18.5855 -6.07395 2.50152e-16
-17.6407 -6.24487 2.57191e-16
-16.7554 -6.40629 2.63839e-16
-15.9263 -6.5587 2.70115e-16
-15.1496 -6.70261 2.76042e-16
-14.4212 -6.83859 2.81643e-16
-13.7368 -6.96728 2.86943e-16
-13.092 -7.0893 2.91968e-16
-12.4826 -7.20532 2.96746e-16
-11.9041 -7.31593 3.01302e-16
-11.3528 -7.42163 3.05655e-16
-10.8258 -7.52286 3.09824e-16
-10.3201 -7.62001 3.13825e-16
-9.83381 -7.71338 3.1767e-16
-9.36599 -7.80304 3.21363e-16
-8.91672 -7.88898 3.24902e-16
-8.48628 -7.97112 3.28285e-16
-8.0755 -8.04931 3.31505e-16
-7.68595 -8.12328 3.34552e-16
-7.31972 -8.1927 3.37411e-16
-6.97914 -8.2572 3.40067e-16
-6.6669 -8.31635 3.42503e-16
-6.38612 -8.36967 3.44699e-16
-6.1402 -8.41662 3.46633e-16
-5.93266 -8.45667 3.48282e-16
-5.76695 -8.48927 3.49625e-16
-5.6463 -8.51395 3.50641e-16
-5.57435 -8.53023 3.51312e-16
-5.55371 -8.53765 3.51618e-16
-5.58685 -8.53582 3.51542e-16
-5.67623 -8.52437 3.51071e-16
-5.82361 -8.50304 3.50192e-16
-6.03082 -8.47157 3.48896e-16
-6.29917 -8.42975 3.47174e-16
-6.6297 -8.37744 3.45019e-16
-7.02295 -8.31455 3.42429e-16
-7.4793 -8.24105 3.39402e-16
-7.99907 -8.15688 3.35936e-16
-8.58294 -8.06195 3.32026e-16
-9.23156 -7.95615 3.27669e-16
-9.94532 -7.83942 3.22861e-16
-10.7244 -7.71172 3.17602e-16
-11.5691 -7.57301 3.11889e-16
-12.4793 -7.42328 3.05723e-16
-13.455 -7.26255 2.99103e-16
-14.495 -7.09096 2.92037e-16
-15.5973 -6.90884 2.84536e-16
-16.759 -6.71663 2.7662e-16
-17.9772 -6.51481 2.68308e-16
-19.2479 -6.30396 2.59624e-16
-20.5662 -6.08487 2.50601e-16
-21.9263 -5.85847 2.41277e-16
-23.3225 -5.62566 2.31689e-16
-24.7479 -5.38754 2.21882e-16
-26.1933 -5.14559 2.11918e-16
-27.6482 -4.90149 2.01865e-16
-29.1025 -4.65687 1.9179e-16
-30.5459 -4.41343 1.81764e-16
-31.9668 -4.17301 1.71862e-16
-33.3537 -3.93751 1.62164e-16
-34.6953 -3.70878 1.52744e-16
-35.9809 -3.48858 1.43675e-16
-37.1997 -3.2787 1.35031e-16
-38.3414 -3.08087 1.26884e-16
-39.3962 -2.8967 1.19299e-16
-40.3556 -2.72765 1.12336e-16
-41.2123 -2.57495 1.06048e-16
-41.9605 -2.43965 1.00475e-16
-42.5946 -2.3227 9.56589e-17
-43.1107 -2.22484 9.16287e-17
-43.5068 -2.1465 8.84022e-17
-43.782 -2.08789 8.59886e-17
-43.936 -2.04916 8.43935e-17
-43.9701 -2.03023 8.36138e-17
-43.8874 -2.03066 8.36312e-17
-43.6927 -2.04979 8.44193e-17
-43.3907 -2.08695 8.59496e-17
-42.9868 -2.14135 8.81901e-17
-42.4871 -2.21207 9.11026e-17
-41.8985 -2.29811 9.4646e-17
-41.2273 -2.39847 9.87792e-17
-40.4802 -2.51215 1.03461e-16
-39.6636 -2.63813 1.0865e-16
-38.7843 -2.77539 1.14303e-16
-37.8483 -2.92296 1.2038e-16
-36.8612 -3.07993 1.26845e-16
-35.828 -3.2455 1.33664e-16
-34.7531 -3.41894 1.40807e-16
-33.6406 -3.59957 1.48246e-16
-32.4937 -3.78684 1.55958e-16
-31.3148 -3.98028 1.63925e-16
-30.1058 -4.17957 1.72133e-16
-28.8681 -4.3844 1.80569e-16
-27.6028 -4.59453 1.89223e-16
-26.3106 -4.80976 1.98087e-16
-24.9919 -5.02994 2.07155e-16
-23.647 -5.25496 2.16422e-16
-22.2767 -5.4846 2.2588e-16
-20.8826 -5.71855 2.35515e-16
-19.4667 -5.95638 2.4531e-16
-18.0312 -6.19767 2.55247e-16
-16.5794 -6.44185 2.65303e-16
-15.1165 -6.68799 2.75441e-16
-13.6488 -6.93504 2.85615e-16
-12.183 -7.18188 2.95781e-16
-10.7262 -7.42731 3.05889e-16
-9.2873 -7.66988 3.15879e-16
-7.87585 -7.90802 3.25687e-16
-6.5014 -8.14016 3.35247e-16
-5.17564 -8.36475 3.44496e-16
-3.90665 -8.5802 3.5337e-16
-2.703 -8.78495 3.61802e-16
-1.57683 -8.9775 3.69732e-16
-0.537722 -9.15642 3.77101e-16
0.409373 -9.32046 3.83857e-16
1.25928 -9.46852 3.89955e-16
2.00469 -9.59956 3.95351e-16
2.63817 -9.71265 4.00009e-16
3.15736 -9.80711 4.03899e-16
3.56068 -9.88239 4.06999e-16
3.84446 -9.93801 4.0929e-16
4.00817 -9.97371 4.10761e-16
4.05217 -9.98957 4.11414e-16
3.97892 -9.98585 4.11261e-16
3.79082 -9.96292 4.10316e-16
3.49133 -9.92123 4.08599e-16
3.08467 -9.8614 4.06135e-16
2.5758 -9.78415 4.02954e-16
1.96987 -9.69023 3.99086e-16
1.27228 -9.58045 3.94564e-16
0.488687 -9.45563 3.89424e-16
-0.375169 -9.31665 3.837e-16
-1.31355 -9.16435 3.77428e-16
-2.32136 -8.99952 3.70639e-16
-3.39476 -8.82271 3.63357e-16
-4.53067 -8.63439 3.55602e-16
-5.72624 -8.43498 3.47389e-16
-6.9791 -8.22484 3.38735e-16
-8.28766 -8.00421 3.29648e-16
-9.65088 -7.77324 3.20136e-16
-11.068 -7.53205 3.10202e-16
-12.5386 -7.28074 2.99852e-16
-14.0646 -7.01939 2.89089e-16
-15.6443 -6.7481 2.77916e-16
-17.2761 -6.46689 2.66334e-16
-18.9611 -6.1758 2.54346e-16
-20.698 -5.87498 2.41957e-16
-22.4901 -5.56458 2.29173e-16
-24.3365 -5.24472 2.16e-16
-26.2335 -4.91557 2.02444e-16
-28.18 -4.57741 1.88518e-16
-30.1766 -4.2306 1.74234e-16
-32.2201 -3.87545 1.59608e-16
-34.3084 -3.51223 1.44649e-16
-36.4418 -3.1411 1.29364e-16
-38.6198 -2.76216 1.13758e-16
-40.8426 -2.37552 9.78341e-17
-43.1098 -1.98128 8.15976e-17
-45.4219 -1.5795 6.50505e-17
-47.779 -1.17023 4.8195e-17
-50.1811 -0.753563 3.1035e-17
-52.6276 -0.329674 1.35774e-17
-55.1174 0.101172 -4.16672e-18
-57.6487 0.538618 -2.21826e-17
-60.2201 0.981546 -4.04243e-17
-62.8408 1.43049 -5.89139e-17
-65.5006 1.88511 -7.76369e-17
-68.1864 2.34385 -9.65298e-17
-70.8992 2.80645 -1.15582e-16
-73.631 3.27183 -1.34748e-16
-76.377 3.73909 -1.53992e-16
-79.1299 4.20705 -1.73265e-16
-81.8824 4.67455 -1.92518e-16
-84.6268 5.14034 -2.11702e-16
-87.3547 5.60307 -2.30759e-16
-90.0575 6.06135 -2.49633e-16
-92.7259 6.51374 -2.68264e-16
-95.3511 6.95882 -2.86594e-16
-97.924 7.39513 -3.04564e-16
-100.435 7.82126 -3.22114e-16
-102.876 8.23579 -3.39186e-16
-105.239 8.6374 -3.55725e-16
-107.514 9.02488 -3.71684e-16
-109.697 9.39714 -3.87015e-16
-111.782 9.75318 -4.01678e-16
-113.762 10.092 -4.15634e-16
-115.63 10.4129 -4.28849e-16
-117.383 10.7151 -4.41296e-16
-119.019 10.9981 -4.52949e-16
-120.534 11.2613 -4.63788e-16
-121.923 11.5043 -4.73796e-16
-123.185 11.7268 -4.82961e-16
-124.318 11.9286 -4.91273e-16
-125.311 12.1074 -7.11206e-16
-126.17 12.2636 -7.17837e-16
-126.913 12.4005 -7.23651e-16
-127.538 12.5186 -7.28669e-16
-128.049 12.6187 -7.32925e-16
-128.452 12.7018 -7.36462e-16
-128.755 12.7691 -7.3933e-16
-128.966 12.8219 -7.41583e-16
-129.093 12.8614 -7.43274e-16
-129.142 12.8888 -7.44449e-16
-129.122 12.905 -7.45157e-16
-129.045 12.9114 -7.45444e-16
-128.914 12.9088 -7.45356e-16
-128.738 12.8983 -7.4493e-16
-128.524 12.8807 -7.73899e-16
-128.266 12.8566 -7.72904e-16
-127.977 12.8267 -7.71674e-16
-127.657 12.7918 -7.70238e-16
-127.309 12.7525 -7.68618e-16
-126.937 12.7093 -7.66839e-16
-126.544 12.6627 -7.64921e-16
-126.132 12.6131 -7.62876e-16
-125.701 12.5606 -7.60714e-16
-125.253 12.5054 -7.58443e-16
-124.789 12.4478 -7.56071e-16
-124.311 12.388 -7.53606e-16
-123.819 12.3261 -7.51057e-16
-123.314 12.2623 -7.4843e-16
-122.797 12.1969 -7.45735e-16
-122.27 12.1298 -7.42974e-16
-121.732 12.0612 -7.40149e-16
-121.184 11.9912 -7.37265e-16
-120.627 11.9198 -7.34323e-16
-120.059 11.847 -7.31324e-16
-119.482 11.7727 -7.28266e-16
-118.896 11.697 -7.25148e-16
-118.3 11.6198 -7.2197e-16
-117.694 11.5412 -7.1873e-16
-117.078 11.4609 -7.15425e-16
-116.453 11.3791 -7.12054e-16
-115.822 11.2961 -7.08637e-16
-115.191 11.2125 -7.05195e-16
-114.599 11.1328 -7.01911e-16
-114.055 11.0577 -6.98817e-16
-113.511 10.982 -6.95703e-16
-112.957 10.9049 -6.92525e-16
-112.392 10.8263 -6.89289e-16
-111.84 10.7491 -6.8611e-16
-111.308 10.6741 -6.83018e-16
-110.786 10.6005 -6.7999e-16
-110.286 10.53 -6.77085e-16
-109.813 10.4633 -6.74338e-16
-109.374 10.4017 -6.71801e-16
-108.977 10.3462 -6.69516e-16
-108.628 10.298 -6.6753e-16
-108.331 10.258 -6.65884e-16
-108.169 10.2276 -6.6463e-16
-108.147 10.2075 -6.63805e-16
-108.189 10.1986 -6.63438e-16
-108.297 10.2015 -6.63555e-16
-108.475 10.2166 -6.6418e-16
-108.726 10.2447 -6.65337e-16
-109.052 10.2861 -6.6704e-16
-109.46 10.3418 -6.69334e-16
-109.948 10.4115 -6.72204e-16
-110.509 10.4946 -6.75627e-16
-111.146 10.5916 -6.79622e-16
-111.859 10.7024 -6.84185e-16
-112.649 10.8272 -6.89325e-16
-113.515 10.9659 -6.95036e-16
-114.457 11.1181 -7.01307e-16
-115.478 11.2837 -7.08127e-16
-116.582 11.4626 -7.15495e-16
-117.766 11.6545 -7.23397e-16
-119.025 11.8587 -7.31807e-16
-120.357 12.0747 -7.40705e-16
-121.585 12.283 -7.19027e-16
-122.611 12.4659 -6.54598e-16
-123.71 12.6562 -5.98288e-16
-124.846 12.8536 -1.01811e-15
-126.014 13.0575 -8.30612e-16
-127.208 13.267 -1.25948e-15
-128.427 13.4813 -9.2115e-16
-129.673 13.701 -1.04979e-15
-130.928 13.9228 -1.45091e-15
-132.116 14.1326 -7.06901e-16
-133.374 14.3469 -1.43851e-15
-134.65 14.5648 -1.72284e-15
-135.923 14.7823 -4.3321e-16
-137.224 15.0031 -6.75524e-16
-138.54 15.2265 -9.1063e-16
-139.868 15.4524 -4.67631e-16
-141.094 15.6565 -1.12727e-15
-142.354 15.8519 7.83283e-13
-143.661 16.0469 -1.07232e-15
-144.978 16.2418 -7.10795e-16
-146.295 16.4368 -1.69018e-15
-147.611 16.6253 -5.80831e-16
-148.894 16.793 -1.12564e-15
-150.169 16.962 -1.55967e-15
-151.273 17.1045 -1.10529e-15
-152.57 17.2472 -1.81448e-15
-153.961 17.3898 -1.13545e-15
-155.354 17.5312 -6.69128e-13
-156.74 17.6716 -1.43077e-15
-158.11 17.81 -1.50639e-13
-159.464 17.9458 -1.48568e-14
-160.803 18.0762 -1.38803e-15
-162.11 18.1872 -2.14732e-13
-163.357 18.2967 -5.52916e-16
-164.863 18.3908 -7.1202e-16
-166.428 18.4821 -5.10167e-16
-167.957 18.5698 7.49332e-15
-169.437 18.6541 -1.68359e-16
-170.868 18.7353 -5.35756e-16
-172.237 18.8128 -8.0463e-15
-173.537 18.8861 -2.68951e-16
-174.764 18.955 -1.35346e-15
-175.918 19.0193 -6.25351e-16
-176.993 19.0789 -9.39602e-16
-177.988 19.1335 5.7175e-16
-178.898 19.183 1.4459e-16
-179.723 19.2273 1.95752e-15
-180.457 19.2663 -1.70168e-15
-181.1 19.2999 -1.6992e-15
-181.627 19.3269 9.78351e-15
-182.022 19.3463 -1.07685e-15
-182.286 19.3582 -1.39122e-16
-182.416 19.3623 -5.59875e-16
-182.37 19.3477 -9.97431e-17
-182.202 19.3139 -9.77629e-17
-181.918 19.2612 -9.47072e-17
-181.519 19.1896 -9.05822e-17
-181.006 19.0994 -8.54011e-17
-180.382 18.991 -7.9181e-17
-179.65 18.8646 -7.19444e-17
-178.811 18.7208 -6.37141e-17
-177.869 18.5599 -5.45117e-17
-176.827 18.3823 -4.43586e-17
-175.687 18.1885 -3.32795e-17
-174.452 17.9789 -2.13024e-17
-173.127 17.7541 -8.46028e-18
-171.715 17.5149 5.21111e-18
-170.221 17.2618 1.96749e-17
-168.65 16.9955 3.48935e-17
-167.004 16.7167 5.08292e-17
-165.29 16.426 6.74445e-17
-163.51 16.1242 8.47023e-17
-161.669 15.8118 1.02566e-16
-159.77 15.4895 1.21e-16
-157.818 15.158 1.39968e-16
-155.815 14.8177 1.59439e-16
-153.766 14.4692 1.79379e-16
-151.672 14.1131 1.99761e-16
-149.537 13.7499 2.20556e-16
-147.363 13.3798 2.4174e-16
-145.152 13.0035 2.63287e-16
-142.906 12.6212 2.85175e-16
-140.627 12.2334 3.0738e-16
-138.317 11.8405 3.2988e-16
-135.978 11.4428 3.52652e-16
-133.612 11.0406 3.75674e-16
-131.22 10.6345 3.98925e-16
-128.805 10.2247 4.22381e-16
-126.368 9.81163 4.46017e-16
-123.911 9.39573 4.69813e-16
-121.437 8.97736 4.93745e-16
-118.947 8.55694 5.17789e-16
-116.444 8.13493 5.41918e-16
-113.931 7.71181 5.66103e-16
-111.41 7.28811 5.90315e-16
-108.886 6.86439 6.14521e-16
-106.361 6.44127 6.38685e-16
-103.84 6.01936 6.62774e-16
-101.326 5.59931 6.86751e-16
-98.8235 5.18179 7.10577e-16
-96.3377 4.76759 7.34208e-16
-93.8742 4.35761 7.57594e-16
-91.4393 3.95281 7.8068e-16
-89.0395 3.55421 8.03409e-16
-86.681 3.16275 8.2573e-16
-84.3692 2.77924 8.47596e-16
-82.1092 2.40442 8.68966e-16
-79.9059 2.03903 8.898e-16
-77.7645 1.68384 9.10055e-16
-75.6909 1.33974 9.29681e-16
-73.6912 1.00764 9.48628e-16
-71.7714 0.68841 9.66847e-16
-69.9366 0.382822 9.84296e-16
-68.1913 0.0915147 1.00094e-15
-66.5392 -0.184988 1.01675e-15
-64.9832 -0.44625 1.0317e-15
-63.5261 -0.691875 1.04577e-15
-62.1708 -0.921449 1.05893e-15
-60.9199 -1.13461 1.07117e-15
-59.775 -1.33109 1.08248e-15
-58.7368 -1.51083 1.09284e-15
-57.8041 -1.67402 1.10227e-15
-56.9747 -1.82104 1.1108e-15
-56.2455 -1.95239 1.11844e-15
-55.6125 -2.06868 1.12524e-15
-55.0712 -2.17061 1.13123e-15
-54.6164 -2.259 1.13646e-15
-54.2423 -2.33475 1.14097e-15
-53.9426 -2.39885 1.14484e-15
-53.7099 -2.45243 1.14811e-15
-53.5366 -2.49668 1.15086e-15
-53.4145 -2.53287 1.15315e-15
-53.3355 -2.56227 1.15506e-15
-53.291 -2.5862 1.15667e-15
-53.2725 -2.606 1.15804e-15
-53.2714 -2.623 1.15925e-15
-53.2796 -2.63849 1.16038e-15
-53.2892 -2.6537 1.16149e-15
-53.293 -2.66976 1.16265e-15
-53.2838 -2.68781 1.16392e-15
-53.2551 -2.70889 1.16537e-15
-53.2012 -2.73392 1.16703e-15
-53.1167 -2.76377 1.16896e-15
-52.9969 -2.7992 1.17122e-15
-52.8378 -2.84104 1.17383e-15
-52.6364 -2.88983 1.17683e-15
-52.3904 -2.94579 1.18024e-15
-52.0982 -3.00919 1.18407e-15
-51.7582 -3.0804 1.18835e-15
-51.3678 -3.15984 1.19309e-15
-50.9246 -3.24798 1.19832e-15
-50.4418 -3.34523 1.20408e-15
-49.9092 -3.45192 1.21037e-15
-49.3255 -3.56831 1.21722e-15
-48.6906 -3.69456 1.22463e-15
-47.9933 -3.83077 1.23261e-15
-47.2453 -3.97675 1.24115e-15
-46.4393 -4.13278 1.25027e-15
-45.5713 -4.29936 1.25999e-15
-44.6422 -4.47651 1.27032e-15
-43.6504 -4.66444 1.28127e-15
-42.5964 -4.86316 1.29284e-15
-41.48 -5.0727 1.30503e-15
-40.3012 -5.29308 1.31785e-15
-39.0601 -5.52431 1.33129e-15
-37.7562 -5.76647 1.34536e-15
-36.3892 -6.0196 1.36006e-15
-34.9586 -6.28379 1.3754e-15
-33.4643 -6.55902 1.39138e-15
-31.9076 -6.84509 1.40798e-15
-30.2901 -7.14168 1.42518e-15
-28.6136 -7.44852 1.44298e-15
-26.8892 -7.76342 1.41663e-15
-25.1225 -8.08155 1.