-2.78287 0.00526285 -2.16747e-19
-5.56572 0.0105265 -4.33529e-19
-8.34855 0.0157911 -6.50346e-19
-11.1314 0.0210565 -8.67198e-19
-13.9142 0.0263227 -1.08408e-18
-16.6969 0.0315898 -1.30101e-18
-19.4797 0.0368578 -1.51796e-18
-22.2624 0.0421266 -1.73495e-18
-25.0451 0.0473962 -1.95198e-18
-27.8278 0.0526667 -2.16904e-18
-27.8276 0.0526892 -2.16997e-18
-27.8265 0.0527798 -2.1737e-18
-27.8245 0.0529603 -2.18114e-18
-27.8214 0.0532279 -2.19215e-18
-27.8176 0.0535662 -2.20609e-18
-27.8134 0.0539336 -2.22122e-18
-27.8096 0.0542752 -2.23529e-18
-27.8066 0.0545366 -2.24605e-18
-27.8053 0.0546607 -2.25116e-18
-27.8063 0.0545843 -2.24802e-18
-27.8104 0.0542424 -2.23394e-18
-27.8182 0.053572 -2.20633e-18
-27.8304 0.0525233 -2.16314e-18
-27.8471 0.05107 -2.10328e-18
-27.8686 0.0491998 -2.02626e-18
-27.8949 0.0469033 -1.93168e-18
-27.9257 0.0442015 -1.82041e-18
-27.9601 0.0411746 -1.69575e-18
-27.9967 0.0379333 -1.56226e-18
-28.0342 0.034589 -1.42453e-18
-28.0712 0.0312619 -1.2875e-18
-28.1062 0.0280902 -1.15688e-18
-28.1373 0.0252197 -1.03866e-18
-28.163 0.022792 -9.38675e-19
-28.1818 0.0209246 -8.61764e-19
-28.193 0.0196894 -8.10893e-19
-28.1961 0.0191321 -7.87941e-19
-28.1905 0.019292 -7.94527e-19
-28.1763 0.020191 -8.31553e-19
-28.1533 0.021822 -8.98723e-19
-28.1221 0.02416 -9.95013e-19
-28.083 0.0271749 -1.11918e-18
-28.0366 0.0308289 -1.26967e-18
-27.9835 0.0350749 -1.44454e-18
-27.9244 0.039859 -1.64157e-18
-27.8601 0.0451251 -1.85845e-18
-27.7913 0.0508198 -2.09298e-18
-27.7186 0.0568989 -2.34334e-18
-27.6426 0.063323 -2.60791e-18
-27.5638 0.0700525 -2.88507e-18
-27.4827 0.0770532 -3.17339e-18
-27.3998 0.0843019 -3.47192e-18
-27.3152 0.0917817 -3.77997e-18
-27.2292 0.0994774 -4.09691e-18
-27.1425 0.107347 -4.421e-18
-27.0561 0.115289 -4.74812e-18
-26.9716 0.123178 -5.07302e-18
-26.8904 0.130891 -5.39067e-18
-26.8139 0.138308 -5.69611e-18
-26.7436 0.145307 -5.98437e-18
-26.6807 0.151773 -6.25065e-18
-26.6264 0.157595 -6.49046e-18
-26.5819 0.162678 -6.69979e-18
-26.5479 0.166939 -6.87529e-18
-26.5251 0.170311 -7.01412e-18
-26.5143 0.172731 -7.11383e-18
-26.5154 0.174169 -7.17304e-18
-26.5284 0.174637 -7.1923e-18
-26.5526 0.174174 -7.17324e-18
-26.5873 0.172827 -7.11776e-18
-26.6312 0.170684 -7.0295e-18
-26.6824 0.16791 -6.91526e-18
-26.7383 0.164711 -6.7835e-18
-26.7963 0.161291 -6.64268e-18
-26.8542 0.15784 -6.50054e-18
-26.9101 0.154511 -6.36345e-18
-26.9622 0.151438 -6.23688e-18
-27.0091 0.148747 -6.12604e-18
-27.0494 0.146544 -6.0353e-18
-27.0823 0.144898 -5.96754e-18
-27.1071 0.143859 -5.92475e-18
-27.1236 0.143464 -5.90848e-18
-27.1316 0.143709 -5.91855e-18
-27.1323 0.144509 -5.95151e-18
-27.1272 0.145738 -6.00213e-18
-27.1178 0.147262 -6.0649e-18
-27.1057 0.148955 -6.13463e-18
-27.0923 0.15071 -6.2069e-18
-27.0788 0.15243 -6.27771e-18
-27.0663 0.154015 -6.34301e-18
-27.056 0.15539 -6.39965e-18
-27.0482 0.156523 -6.44629e-18
-27.0432 0.157404 -6.48259e-18
-27.0411 0.158028 -6.50829e-18
-27.0418 0.158414 -6.52418e-18
-27.0446 0.158631 -6.53309e-18
-27.0484 0.158773 -6.53896e-18
-27.0522 0.158939 -6.54578e-18
-27.0552 0.159199 -6.55652e-18
-27.0571 0.159576 -6.57205e-18
-27.058 0.160065 -6.59216e-18
-27.0581 0.16066 -6.61667e-18
-27.0572 0.161357 -6.64539e-18
-27.0556 0.162149 -6.678e-18
-27.0533 0.163027 -6.71416e-18
-27.0503 0.163984 -6.75356e-18
-27.0465 0.165025 -6.79646e-18
-27.0416 0.166186 -6.84426e-18
-27.035 0.167513 -6.89891e-18
-27.026 0.169054 -6.96236e-18
-27.0141 0.170846 -7.03619e-18
-26.9992 0.172912 -7.12128e-18
-26.981 0.175263 -7.21811e-18
-26.9593 0.177909 -7.32707e-18
-26.9346 0.180809 -7.44652e-18
-26.9085 0.183827 -7.5708e-18
-26.8831 0.186775 -7.6922e-18
-26.8605 0.189465 -7.803e-18
-26.8427 0.191714 -7.89561e-18
-26.832 0.193339 -7.96254e-18
-26.8302 0.194164 -7.9965e-18
-26.8394 0.194017 -7.99045e-18
-26.8607 0.192787 -7.93981e-18
-26.894 0.190481 -7.84485e-18
-26.9385 0.187169 -7.70844e-18
-26.9934 0.182926 -7.53369e-18
-27.0572 0.177861 -7.3251e-18
-27.1279 0.172149 -7.08986e-18
-27.2031 0.165998 -6.83653e-18
-27.2804 0.159616 -6.57368e-18
-27.3574 0.153193 -6.30914e-18
-27.4325 0.146883 -6.04928e-18
-27.5041 0.140821 -5.7996e-18
-27.5707 0.135135 -5.56543e-18
-27.6311 0.129926 -5.35093e-18
-27.6848 0.125244 -5.15809e-18
-27.7317 0.121106 -4.98765e-18
-27.7717 0.117525 -4.84019e-18
-27.8046 0.114509 -4.71599e-18
-27.8307 0.11206 -4.6151e-18
-27.8501 0.110172 -4.53734e-18
-27.8628 0.108837 -4.4824e-18
-27.8693 0.108037 -4.44942e-18
-27.8701 0.107728 -4.43669e-18
-27.8659 0.107856 -4.44198e-18
-27.8575 0.108368 -4.46306e-18
-27.8454 0.109216 -4.49798e-18
-27.8302 0.110368 -4.54543e-18
-27.812 0.111801 -4.60444e-18
-27.7913 0.113493 -4.67413e-18
-27.7685 0.115413 -4.7532e-18
-27.744 0.117509 -4.83955e-18
-27.7187 0.119722 -4.93069e-18
-27.6931 0.121994 -5.02425e-18
-27.6678 0.124283 -5.11851e-18
-27.6428 0.126572 -5.21279e-18
-27.6182 0.128862 -5.3071e-18
-27.5939 0.131155 -5.40154e-18
-27.5694 0.13347 -5.49685e-18
-27.5443 0.135853 -5.59501e-18
-27.5177 0.138368 -5.69861e-18
-27.4888 0.141078 -5.81022e-18
-27.4567 0.144044 -5.93236e-18
-27.4207 0.147324 -6.06744e-18
-27.3802 0.150973 -6.21772e-18
-27.3343 0.155042 -6.38529e-18
-27.2829 0.159552 -6.57106e-18
-27.2262 0.16447 -6.77358e-18
-27.1649 0.169728 -6.99012e-18
-27.0999 0.175256 -7.21779e-18
-27.0321 0.180964 -7.45286e-18
-26.963 0.186726 -7.69021e-18
-26.8941 0.192401 -7.92389e-18
-26.8273 0.19784 -8.14792e-18
-26.7639 0.202923 -8.35723e-18
-26.7048 0.20757 -8.54861e-18
-26.6507 0.211728 -8.71987e-18
-26.6023 0.215346 -8.86886e-18
-26.5599 0.218392 -8.99435e-18
-26.5234 0.220879 -9.09674e-18
-26.4926 0.222837 -9.17739e-18
-26.467 0.224301 -9.23771e-18
-26.4464 0.225309 -9.27921e-18
-26.4302 0.225903 -9.30364e-18
-26.4181 0.226125 -9.31283e-18
-26.4096 0.226024 -9.30866e-18
-26.4044 0.225625 -9.29222e-18
-26.4028 0.22491 -9.26275e-18
-26.4053 0.223839 -9.21868e-18
-26.4123 0.222378 -9.15848e-18
-26.4242 0.220508 -9.08146e-18
-26.4408 0.218247 -8.98837e-18
-26.4616 0.215636 -8.88083e-18
-26.4862 0.212715 -8.76054e-18
-26.5142 0.209531 -8.62939e-18
-26.5449 0.206133 -8.48943e-18
-26.5777 0.202574 -8.34287e-18
-26.612 0.19891 -8.19198e-18
-26.6472 0.195199 -8.03915e-18
-26.6825 0.191503 -7.8869e-18
-26.7172 0.187883 -7.73785e-18
-26.7505 0.184405 -7.59461e-18
-26.7819 0.181118 -7.45922e-18
-26.8111 0.178043 -7.33256e-18
-26.8379 0.175186 -7.21491e-18
-26.8623 0.172553 -7.10647e-18
-26.8842 0.17014 -7.00712e-18
-26.904 0.167929 -6.91603e-18
-26.9218 0.165888 -6.83201e-18
-26.938 0.16399 -6.75381e-18
-26.9531 0.16219 -6.6797e-18
-26.9676 0.160424 -6.60695e-18
-26.9827 0.158612 -6.53234e-18
-26.9989 0.156677 -6.45264e-18
-27.0173 0.154541 -6.36467e-18
-27.0387 0.152128 -6.26528e-18
-27.0638 0.149362 -6.15139e-18
-27.0935 0.146171 -6.01997e-18
-27.128 0.142528 -5.86993e-18
-27.1665 0.1385 -5.70403e-18
-27.2076 0.134201 -5.527e-18
-27.25 0.129747 -5.34353e-18
-27.2923 0.125265 -5.15896e-18
-27.3324 0.120916 -4.97986e-18
-27.3685 0.116874 -4.81338e-18
-27.3985 0.113306 -4.66642e-18
-27.4212 0.110331 -4.54391e-18
-27.4362 0.107979 -4.44704e-18
-27.4439 0.106227 -4.37489e-18
-27.4445 0.105047 -4.32631e-18
-27.439 0.104385 -4.29901e-18
-27.4285 0.104135 -4.28872e-18
-27.4147 0.104168 -4.29007e-18
-27.3991 0.104351 -4.29763e-18
-27.3833 0.104562 -4.3063e-18
-27.3688 0.104693 -4.31172e-18
-27.3566 0.104652 -4.31002e-18
-27.3479 0.104346 -4.29743e-18
-27.3435 0.103711 -4.27126e-18
-27.3439 0.10273 -4.23089e-18
-27.3488 0.101418 -4.17685e-18
-27.3581 0.0997928 -4.1099e-18
-27.3717 0.0978762 -4.03097e-18
-27.3892 0.0956947 -3.94112e-18
-27.4104 0.0932789 -3.84163e-18
-27.4348 0.0906639 -3.73393e-18
-27.4622 0.0878824 -3.61938e-18
-27.4922 0.0849561 -3.49886e-18
-27.5245 0.0819033 -3.37313e-18
-27.559 0.0787464 -3.24312e-18
-27.5949 0.0755357 -3.11089e-18
-27.6311 0.0723748 -2.98071e-18
-27.6659 0.0693951 -2.85799e-18
-27.6978 0.0667285 -2.74817e-18
-27.7252 0.0645024 -2.65649e-18
-27.7468 0.0628352 -2.58782e-18
-27.7611 0.0618385 -2.54678e-18
-27.767 0.0616201 -2.53778e-18
-27.7635 0.0622493 -2.5637e-18
-27.7506 0.0637219 -2.62434e-18
-27.7289 0.0659931 -2.71788e-18
-27.6988 0.0690133 -2.84227e-18
-27.6616 0.0726757 -2.9931e-18
-27.6198 0.0767615 -3.16137e-18
-27.5766 0.0809948 -3.33572e-18
-27.535 0.0851003 -3.5048e-18
-27.4981 0.0888209 -3.65803e-18
-27.4683 0.0919349 -3.78628e-18
-27.4479 0.0942425 -3.88131e-18
-27.4391 0.0955511 -3.93521e-18
-27.4436 0.095708 -3.94167e-18
-27.4622 0.0946339 -3.89744e-18
-27.4952 0.0922919 -3.80098e-18
-27.5429 0.0886537 -3.65115e-18
-27.6047 0.0837566 -3.44946e-18
-27.6786 0.0777608 -3.20253e-18
-27.7619 0.0708924 -2.91966e-18
-27.8518 0.0633803 -2.61027e-18
-27.9454 0.0554659 -2.28432e-18
-28.0395 0.0474141 -1.95272e-18
-28.131 0.0394986 -1.62672e-18
-28.2165 0.0319868 -1.31736e-18
-28.2933 0.0251172 -1.03444e-18
-28.3591 0.0190769 -7.85669e-19
-28.4122 0.0140199 -5.77399e-19
-28.451 0.0100877 -4.15454e-19
-28.4742 0.00738288 -3.04059e-19
-28.4816 0.00594216 -2.44724e-19
-28.4732 0.00576172 -2.37293e-19
-28.4494 0.00682493 -2.8108e-19
-28.4109 0.00908802 -3.74284e-19
-28.3587 0.0124649 -5.13358e-19
-28.2944 0.0168438 -6.93701e-19
-28.2195 0.022105 -9.10381e-19
-28.1355 0.0281373 -1.15882e-18
-28.0437 0.0348545 -1.43546e-18
-27.9451 0.0421827 -1.73727e-18
-27.8409 0.0500456 -2.06109e-18
-27.7323 0.0583454 -2.40292e-18
-27.6211 0.0669433 -2.75702e-18
-27.5094 0.0756814 -3.11689e-18
-27.3991 0.0844055 -3.47619e-18
-27.292 0.0929784 -3.82925e-18
-27.1894 0.101292 -4.17163e-18
-27.0925 0.109256 -4.49964e-18
-27.0022 0.116792 -4.81e-18
-26.9191 0.123857 -5.10098e-18
-26.8429 0.130479 -5.37369e-18
-26.7729 0.136724 -5.63089e-18
-26.7082 0.142667 -5.87565e-18
-26.6478 0.148388 -6.11126e-18
-26.5908 0.153969 -6.34112e-18
-26.536 0.159496 -6.56872e-18
-26.4824 0.165057 -6.79775e-18
-26.4291 0.170712 -7.03066e-18
-26.3762 0.176457 -7.26728e-18
-26.324 0.182255 -7.50606e-18
-26.2727 0.18807 -7.74556e-18
-26.2233 0.19381 -7.98192e-18
-26.1782 0.199259 -8.20634e-18
-26.1404 0.204144 -8.40754e-18
-26.1129 0.208198 -8.57448e-18
-26.098 0.211198 -8.69805e-18
-26.0972 0.213014 -8.77284e-18
-26.1113 0.213564 -8.79549e-18
-26.1409 0.212775 -8.76299e-18
-26.1861 0.210636 -8.67491e-18
-26.2454 0.207256 -8.5357e-18
-26.3168 0.202806 -8.35245e-18
-26.3981 0.197463 -8.13239e-18
-26.4868 0.191419 -7.88347e-18
-26.5804 0.1849 -7.61499e-18
-26.6759 0.178146 -7.33683e-18
-26.7706 0.171394 -7.05873e-18
-26.862 0.164843 -6.78896e-18
-26.9485 0.158627 -6.53296e-18
-27.0291 0.152839 -6.29456e-18
-27.1028 0.147562 -6.07726e-18
-27.1691 0.142831 -5.8824e-18
-27.229 0.138581 -5.70735e-18
-27.2837 0.134694 -5.54729e-18
-27.3347 0.13105 -5.39719e-18
-27.3837 0.127503 -5.25112e-18
-27.433 0.123871 -5.10156e-18
-27.4847 0.119954 -4.94023e-18
-27.5415 0.115551 -4.75889e-18
-27.6052 0.110486 -4.5503e-18
-27.6774 0.10463 -4.30911e-18
-27.7593 0.0978796 -4.03111e-18
-27.8519 0.09014 -3.71236e-18
-27.956 0.0813572 -3.35064e-18
-28.0711 0.0715543 -2.94691e-18
-28.1963 0.0607974 -2.5039e-18
-28.3309 0.0491594 -2.0246e-18
-28.4736 0.0367259 -1.51253e-18
-28.6231 0.0236021 -9.72039e-19
-28.7779 0.00990414 -4.07895e-19
-28.9365 -0.00424991 1.7503e-19
-29.0976 -0.0187624 7.72716e-19
-29.2604 -0.033579 1.38293e-18
-29.4244 -0.0486699 2.00444e-18
-29.589 -0.064007 2.63609e-18
-29.7537 -0.0795457 3.27604e-18
-29.9173 -0.0952068 3.92103e-18
-30.0785 -0.110896 4.56718e-18
-30.2364 -0.126525 5.21085e-18
-30.3894 -0.14198 5.84735e-18
-30.5355 -0.157089 6.46962e-18
-30.6724 -0.171658 7.0696e-18
-30.7979 -0.1855 7.63968e-18
-30.9102 -0.198446 8.17286e-18
-31.0075 -0.210342 8.66281e-18
-31.0884 -0.221052 9.10386e-18
-31.1515 -0.230452 9.491e-18
-31.1961 -0.238466 9.82104e-18
-31.2241 -0.245184 1.00978e-17
-31.2368 -0.250676 1.03239e-17
-31.2329 -0.254875 1.04969e-17
-31.2133 -0.257849 1.06194e-17
-31.1799 -0.259723 1.06965e-17
-31.1344 -0.260623 1.07336e-17
-31.079 -0.260697 1.07366e-17
-31.0159 -0.260111 1.07125e-17
-30.9481 -0.259097 1.06707e-17
-30.8789 -0.257907 1.06217e-17
-30.8115 -0.256793 1.05759e-17
-30.7485 -0.255953 1.05413e-17
-30.6914 -0.255494 1.05223e-17
-30.6411 -0.255465 1.05211e-17
-30.5983 -0.255904 1.05392e-17
-30.5628 -0.256792 1.05758e-17
-30.5334 -0.258001 1.06256e-17
-30.508 -0.259348 1.06811e-17
-30.4845 -0.260635 1.07341e-17
-30.4604 -0.26164 1.07755e-17
-30.4326 -0.262098 1.07943e-17
-30.3978 -0.261721 1.07788e-17
-30.3527 -0.260218 1.07169e-17
-30.2948 -0.257386 1.06003e-17
-30.2239 -0.253201 1.04279e-17
-30.1407 -0.247732 1.02027e-17
-30.0458 -0.241049 9.92745e-18
-29.9403 -0.233235 9.60562e-18
-29.8253 -0.2244 9.24178e-18
-29.7021 -0.21467 8.84103e-18
-29.5721 -0.204167 8.40847e-18
-29.4363 -0.192974 7.94751e-18
-29.2943 -0.181094 7.45825e-18
-29.1457 -0.168483 6.93888e-18
-28.9901 -0.155111 6.38816e-18
-28.8264 -0.140898 5.80279e-18
-28.6526 -0.125667 5.17551e-18
-28.4661 -0.109202 4.49743e-18
-28.2645 -0.0912918 3.75979e-18
-28.046 -0.0717973 2.95692e-18
-27.8107 -0.0507158 2.0887e-18
-27.5594 -0.0281216 1.15817e-18
-27.293 -0.00409629 1.68703e-19
-27.0177 0.0209802 -8.64057e-19
-26.7333 0.0470237 -1.93664e-18
-26.441 0.0738718 -3.04236e-18
-26.1459 0.101136 -4.1652e-18
-25.8502 0.128592 -5.29597e-18
-25.5576 0.155943 -6.42243e-18
-25.2704 0.182984 -7.53606e-18
-24.9918 0.209462 -8.62657e-18
-24.7239 0.235197 -9.68644e-18
-24.4681 0.260057 -1.07103e-17
-24.2254 0.28396 -1.16947e-17
-23.9967 0.306838 -1.26369e-17
-23.7823 0.328639 -1.35348e-17
-23.5826 0.349359 -1.43881e-17
-23.397 0.369031 -1.51983e-17
-23.225 0.38769 -1.59667e-17
-23.0664 0.405355 -1.66943e-17
-22.9214 0.421989 -1.73793e-17
-22.7906 0.437528 -1.80193e-17
-22.6745 0.451927 -1.86123e-17
-22.5732 0.46516 -1.91573e-17
-22.4865 0.477221 -1.9654e-17
-22.4141 0.48813 -2.01033e-17
-22.3556 0.497907 -2.0506e-17
-22.3106 0.506571 -2.08628e-17
-22.2789 0.514124 -2.11738e-17
-22.2603 0.520564 -2.14391e-17
-22.2546 0.52589 -2.16584e-17
-22.2611 0.530158 -2.18342e-17
-22.2777 0.533532 -2.19731e-17
-22.3019 0.53623 -2.20843e-17
-22.3309 0.538467 -2.21764e-17
-22.3623 0.54045 -2.22581e-17
-22.3938 0.54237 -2.23371e-17
-22.4234 0.544407 -2.2421e-17
-22.449 0.54673 -2.25167e-17
-22.4693 0.54947 -2.26296e-17
-22.4835 0.552685 -2.27619e-17
-22.4913 0.556385 -2.29143e-17
-22.4927 0.560583 -2.30872e-17
-22.4888 0.565219 -2.32782e-17
-22.4818 0.570115 -2.34798e-17
-22.4746 0.575032 -2.36823e-17
-22.4703 0.579724 -2.38756e-17
-22.4717 0.583954 -2.40498e-17
-22.4817 0.587488 -2.41953e-17
-22.5031 0.590105 -2.43031e-17
-22.5385 0.591588 -2.43642e-17
-22.5898 0.591788 -2.43724e-17
-22.6574 0.590683 -2.43269e-17
-22.7408 0.588322 -2.42297e-17
-22.8394 0.584768 -2.40833e-17
-22.9522 0.580116 -2.38917e-17
-23.0773 0.574528 -2.36615e-17
-23.2125 0.5682 -2.34009e-17
-23.3555 0.561337 -2.31183e-17
-23.5041 0.554114 -2.28208e-17
-23.6571 0.546634 -2.25127e-17
-23.8138 0.538961 -2.21967e-17
-23.9732 0.531169 -2.18759e-17
-24.1348 0.523295 -2.15515e-17
-24.2989 0.515295 -2.12221e-17
-24.4665 0.507091 -2.08842e-17
-24.6381 0.498606 -2.05348e-17
-24.8144 0.489776 -2.01711e-17
-24.9958 0.480549 -1.97911e-17
-25.1827 0.470884 -1.9393e-17
-25.3753 0.460745 -1.89755e-17
-25.5734 0.450131 -1.85383e-17
-25.7762 0.439099 -1.8084e-17
-25.9823 0.427741 -1.76162e-17
-26.1906 0.416152 -1.7139e-17
-26.3997 0.404428 -1.66561e-17
-26.6082 0.392669 -1.61718e-17
-26.8148 0.380972 -1.56901e-17
-27.0182 0.369437 -1.5215e-17
-27.2173 0.35815 -1.47502e-17
-27.411 0.347178 -1.42983e-17
-27.5986 0.336575 -1.38616e-17
-27.7794 0.326391 -1.34422e-17
-27.9527 0.316665 -1.30416e-17
-28.1182 0.307424 -1.26611e-17
-28.2756 0.298684 -1.23011e-17
-28.4246 0.290456 -1.19622e-17
-28.565 0.282755 -1.16451e-17
-28.6963 0.275617 -1.13511e-17
-28.818 0.269082 -1.1082e-17
-28.9296 0.263187 -1.08392e-17
-29.0304 0.257994 -1.06253e-17
-29.119 0.253627 -1.04455e-17
-29.1936 0.250237 -1.03059e-17
-29.2524 0.247969 -1.02124e-17
-29.2941 0.246963 -1.0171e-17
-29.3168 0.247358 -1.01873e-17
-29.3193 0.249293 -1.0267e-17
-29.3 0.252891 -1.04151e-17
-29.2583 0.258207 -1.06341e-17
-29.1953 0.265164 -1.09206e-17
-29.1128 0.273612 -1.12685e-17
-29.0127 0.283393 -1.16714e-17
-28.8978 0.29426 -1.21189e-17
-28.7731 0.305793 -1.25939e-17
-28.6445 0.317484 -1.30754e-17
-28.5178 0.328828 -1.35426e-17
-28.3989 0.339322 -1.39748e-17
-28.2934 0.348457 -1.4351e-17
-28.2073 0.35573 -1.46505e-17
-28.1458 0.360656 -1.48534e-17
-28.1135 0.362841 -1.49434e-17
-28.1127 0.362053 -1.49109e-17
-28.1448 0.358154 -1.47503e-17
-28.2107 0.351032 -1.4457e-17
-28.3107 0.340638 -1.4029e-17
-28.4436 0.327044 -1.34691e-17
-28.6073 0.310384 -1.2783e-17
-28.7997 0.290811 -1.19769e-17
-29.0179 0.268542 -1.10597e-17
-29.2574 0.243917 -1.00456e-17
-29.5131 0.217341 -8.95103e-18
-29.7801 0.189213 -7.79261e-18
-30.0534 0.159928 -6.58653e-18
-30.3282 0.129865 -5.34841e-18
-30.6001 0.0993884 -4.09324e-18
-30.8649 0.0688437 -2.83528e-18
-31.1184 0.038567 -1.58836e-18
-31.3568 0.00889274 -3.66241e-19
-31.5764 -0.0198595 8.17901e-19
-31.7738 -0.0473991 1.9521e-18
-31.9468 -0.0735234 3.02801e-18
-32.0951 -0.0981784 4.04341e-18
-32.2192 -0.121401 4.99982e-18
-32.3205 -0.143256 5.89989e-18
-32.4 -0.163813 6.74655e-18
-32.4591 -0.183148 7.54284e-18
-32.499 -0.201313 8.29092e-18
-32.521 -0.218366 8.99328e-18
-32.5267 -0.23441 9.65402e-18
-32.518 -0.249541 1.02772e-17
-32.4967 -0.263872 1.08674e-17
-32.465 -0.27752 1.14295e-17
-32.4239 -0.290546 1.19659e-17
-32.374 -0.302913 1.24753e-17
-32.3237 -0.315023 1.2974e-17
-32.2658 -0.326407 1.34429e-17
-32.1952 -0.336722 1.38677e-17
-32.1148 -0.346056 1.42521e-17
-32.0217 -0.354183 1.45868e-17
-31.9167 -0.361096 1.48715e-17
-31.7978 -0.366612 1.50987e-17
-31.6645 -0.370631 1.52642e-17
-31.5147 -0.37295 1.53597e-17
-31.3472 -0.373426 1.53793e-17
-31.1578 -0.371807 1.53126e-17
-30.9478 -0.368074 1.51589e-17
-30.7174 -0.362172 1.49158e-17
-30.4651 -0.353999 1.45792e-17
-30.1914 -0.343538 1.41484e-17
-29.8965 -0.33082 1.36246e-17
-29.582 -0.315949 1.30122e-17
-29.2488 -0.299005 1.23143e-17
-28.8991 -0.280146 1.15376e-17
-28.5355 -0.259643 1.06932e-17
-28.1621 -0.237822 9.79453e-18
-27.7833 -0.215 8.85464e-18
-27.4025 -0.191507 7.88707e-18
-27.0238 -0.167665 6.90516e-18
-26.651 -0.143805 5.92253e-18
-26.2877 -0.120238 4.9519e-18
-25.937 -0.0972205 4.00396e-18
-25.6006 -0.074903 3.08483e-18
-25.2792 -0.053376 2.19825e-18
-24.974 -0.0327161 1.34739e-18
-24.6851 -0.0129279 5.32428e-19
-24.4108 0.00612453 -2.52235e-19
-24.1488 0.0246479 -1.01511e-18
-23.8965 0.042861 -1.7652e-18
-23.6517 0.0609455 -2.51e-18
-23.4133 0.0790064 -3.25383e-18
-23.1804 0.0971081 -3.99933e-18
-22.9523 0.11532 -4.7494e-18
-22.7288 0.13365 -5.5043e-18
-22.5114 0.151977 -6.25905e-18
-22.3022 0.170113 -7.00598e-18
-22.1033 0.187881 -7.73774e-18
-21.917 0.205069 -8.44562e-18
-21.7467 0.221393 -9.11792e-18
-21.596 0.236538 -9.74168e-18
-21.4681 0.250206 -1.03046e-17
-21.3665 0.262107 -1.07947e-17
-21.2941 0.271965 -1.12007e-17
-21.2537 0.279516 -1.15117e-17
-21.2481 0.284522 -1.17178e-17
-21.2786 0.286822 -1.18126e-17
-21.3453 0.286399 -1.17952e-17
-21.447 0.283318 -1.16682e-17
-21.5823 0.277662 -1.14353e-17
-21.7496 0.26954 -1.11008e-17
-21.9468 0.259081 -1.06701e-17
-22.1719 0.246431 -1.01491e-17
-22.4223 0.231749 -9.54445e-18
-22.6972 0.215142 -8.86047e-18
-22.99 0.197078 -8.11653e-18
-23.2936 0.17807 -7.33368e-18
-23.6035 0.158494 -6.52748e-18
-23.914 0.138788 -5.71589e-18
-24.2209 0.119276 -4.91229e-18
-24.5199 0.100283 -4.1301e-18
-24.8076 0.0820885 -3.38076e-18
-25.0804 0.064952 -2.67501e-18
-25.3359 0.0490737 -2.02107e-18
-25.5718 0.034621 -1.42584e-18
-25.7866 0.0217262 -8.94779e-19
-25.9796 0.0104249 -4.29343e-19
-26.1526 0.000578186 -2.38122e-20
-26.3083 -0.00805286 3.31652e-19
-26.4498 -0.0157339 6.47989e-19
-26.5809 -0.022767 9.37644e-19
-26.7058 -0.0295052 1.21515e-18
-26.8316 -0.0364651 1.50179e-18
-26.9617 -0.043961 1.8105e-18
-27.0999 -0.0523197 2.15475e-18
-27.2513 -0.0619499 2.55136e-18
-27.4199 -0.0731656 3.01328e-18
-27.6101 -0.0863303 3.55545e-18
-27.8259 -0.101755 4.19071e-18
-28.0713 -0.11976 4.93222e-18
-28.3491 -0.140618 5.79126e-18
-28.6631 -0.164608 6.77927e-18
-29.0158 -0.191983 7.90671e-18
-29.4101 -0.222952 9.18213e-18
-29.8489 -0.257704 1.06134e-17
-30.3336 -0.296403 1.22071e-17
-30.8656 -0.339142 1.39673e-17
-31.4445 -0.385926 1.58941e-17
-32.0696 -0.436688 1.79847e-17
-32.7385 -0.491305 2.02341e-17
-33.4499 -0.549642 2.26366e-17
-34.2009 -0.611466 2.51828e-17
-34.9873 -0.676459 2.78595e-17
-35.8051 -0.744306 3.06538e-17
-36.6495 -0.814632 3.35501e-17
-37.5151 -0.887013 3.65311e-17
-38.3961 -0.960987 3.95776e-17
-39.2867 -1.03609 4.26706e-17
-40.1805 -1.1118 4.57889e-17
-41.0704 -1.18756 4.89088e-17
-41.9488 -1.26274 5.2005e-17
-42.8085 -1.33674 5.50526e-17
-43.6427 -1.40901 5.80291e-17
-44.4457 -1.47909 6.09152e-17
-45.2126 -1.54657 6.36943e-17
-45.9388 -1.61106 6.63506e-17
-46.6205 -1.67225 6.88706e-17
-47.2547 -1.72988 7.12441e-17
-47.8391 -1.78376 7.34631e-17
-48.3719 -1.83373 7.5521e-17
-48.8519 -1.87966 7.74126e-17
-49.2783 -1.92148 7.9135e-17
-49.6511 -1.95916 8.06869e-17
-49.9705 -1.9927 8.20681e-17
-50.2366 -2.02209 8.32784e-17
-50.4494 -2.04729 8.43163e-17
-50.6088 -2.06826 8.51799e-17
-50.7149 -2.08498 8.58685e-17
-50.7678 -2.09743 8.63812e-17
-50.7674 -2.10555 8.67157e-17
-50.7133 -2.10929 8.68699e-17
-50.6055 -2.10862 8.6842e-17
-50.4441 -2.1035 8.6631e-17
-50.2293 -2.09391 8.62365e-17
-49.9616 -2.07988 8.56583e-17
-49.6413 -2.06139 8.48971e-17
-49.2692 -2.03849 8.39537e-17
-48.8439 -2.01112 8.28267e-17
-48.3676 -1.97939 8.15197e-17
-47.842 -1.94335 8.00357e-17
-47.2676 -1.90308 7.83771e-17
-46.6466 -1.85872 7.655e-17
-45.9809 -1.81041 7.45607e-17
-45.2729 -1.75836 7.24168e-17
-44.525 -1.70273 7.0126e-17
-43.7403 -1.6438 6.76988e-17
-42.9222 -1.58182 6.51462e-17
-42.0741 -1.51708 6.24799e-17
-41.1997 -1.44988 5.97125e-17
-40.3037 -1.38062 5.686e-17
-39.391 -1.3097 5.39393e-17
-38.4665 -1.23755 5.09675e-17
-37.5345 -1.16449 4.79589e-17
-36.5976 -1.09076 4.49224e-17
-35.6566 -1.01651 4.18644e-17
-34.7137 -0.94186 3.87899e-17
-33.7708 -0.866891 3.57023e-17
-32.8274 -0.791589 3.26011e-17
-31.8831 -0.715877 2.94829e-17
-30.937 -0.639686 2.6345e-17
-29.988 -0.562943 2.31844e-17
-29.0365 -0.485624 2.00001e-17
-28.0827 -0.407705 1.67911e-17
-27.1265 -0.32917 1.35566e-17
-26.1689 -0.250066 1.02988e-17
-25.2122 -0.170578 7.02516e-18
-24.2597 -0.0909581 3.74605e-18
-23.3147 -0.011455 4.71768e-19
-22.3806 0.0676544 -2.7863e-18
-21.4617 0.146032 -6.01422e-18
-20.5626 0.223315 -9.19708e-18
-19.6875 0.299156 -1.23205e-17
-18.8404 0.37325 -1.5372e-17
-18.0241 0.445362 -1.83419e-17
-17.2411 0.515308 -2.12226e-17
-16.4935 0.582923 -2.40073e-17
-15.7827 0.648099 -2.66915e-17
-15.1091 0.710809 -2.92742e-17
-14.4846 0.770411 -3.17289e-17
-13.9003 0.827415 -3.40765e-17
-13.3491 0.882228 -3.6334e-17
-12.8357 0.93456 -3.84892e-17
-12.3577 0.984531 -4.05472e-17
-11.9172 1.032 -4.25021e-17
-11.5134 1.07697 -4.43543e-17
-11.1482 1.11928 -4.60969e-17
-10.822 1.15885 -4.77265e-17
-10.5362 1.19553 -4.92373e-17
-10.2912 1.22925 -5.06259e-17
-10.0875 1.25992 -5.18889e-17
-9.92526 1.28749 -5.30244e-17
-9.80445 1.31191 -5.40303e-17
-9.7248 1.33317 -5.49057e-17
-9.6861 1.35123 -5.56496e-17
-9.68794 1.36609 -5.62613e-17
-9.72986 1.37772 -5.67406e-17
-9.81169 1.38611 -5.70859e-17
-9.934 1.39114 -5.72933e-17
-10.0977 1.3927 -5.73575e-17
-10.3038 1.39066 -5.72734e-17
-10.5531 1.38489 -5.70358e-17
-10.8467 1.37526 -5.66392e-17
-11.1858 1.36163 -5.60778e-17
-11.5714 1.34386 -5.53462e-17
-12.0041 1.32189 -5.44411e-17
-12.4832 1.29572 -5.33635e-17
-13.0074 1.26545 -5.21168e-17
-13.5754 1.23116 -5.07044e-17
-14.1854 1.19298 -4.91322e-17
-14.8342 1.15118 -4.74106e-17
-15.5179 1.10607 -4.55526e-17
-16.2304 1.05804 -4.35749e-17
-16.9695 1.00737 -4.14878e-17
-17.7324 0.954356 -3.93045e-17
-18.5139 0.899419 -3.7042e-17
-19.3105 0.842893 -3.4714e-17
-20.1181 0.785114 -3.23344e-17
-20.9348 0.726296 -2.9912e-17
-21.7568 0.666606 -2.74537e-17
-22.5824 0.60624 -2.49676e-17
-23.4119 0.545342 -2.24595e-17
-24.2441 0.483998 -1.99332e-17
-25.0786 0.422291 -1.73918e-17
-25.9152 0.360268 -1.48374e-17
-26.7536 0.297962 -1.22714e-17
-27.5953 0.235287 -9.69012e-18
-28.4416 0.172127 -7.08892e-18
-29.2945 0.108357 -4.46263e-18
-30.1553 0.0438707 -1.80679e-18
-31.0256 -0.0214563 8.83664e-19
-31.9069 -0.0877505 3.61394e-18
-32.8003 -0.1551 6.38769e-18
-33.7059 -0.223521 9.20555e-18
-34.623 -0.29296 1.20654e-17
-35.5498 -0.36329 1.49618e-17
-36.4846 -0.434366 1.78891e-17
-37.4245 -0.50598 2.08384e-17
-38.3656 -0.577811 2.37967e-17
-39.3029 -0.649478 2.67483e-17
-40.2315 -0.720588 2.96769e-17
-41.1532 -0.791116 3.25816e-17
-42.0566 -0.860291 3.54305e-17
-42.9319 -0.927431 3.81956e-17
-43.7757 -0.992201 4.08632e-17
-44.5804 -1.05406 4.34107e-17
-45.3428 -1.11272 4.58266e-17
-46.0578 -1.16782 4.80959e-17
-46.7222 -1.21911 5.02083e-17
-47.3326 -1.26635 5.21539e-17
-47.8879 -1.30947 5.39296e-17
-48.3873 -1.34843 5.55342e-17
-48.8307 -1.38326 5.69685e-17
-49.2181 -1.41396 5.82329e-17
-49.5493 -1.44054 5.93277e-17
-49.8242 -1.46301 6.02533e-17
-50.0432 -1.48141 6.10111e-17
-50.207 -1.49581 6.16037e-17
-50.3166 -1.50628 6.2035e-17
-50.3733 -1.51294 6.23094e-17
-50.379 -1.51594 6.24328e-17
-50.3352 -1.5154 6.24107e-17
-50.2432 -1.51143 6.2247e-17
-50.1043 -1.5041 6.19455e-17
-49.9198 -1.49354 6.15106e-17
-49.691 -1.47982 6.09452e-17
-49.418 -1.46291 6.02491e-17
-49.1004 -1.44279 5.94203e-17
-48.7382 -1.41941 5.84575e-17
-48.3312 -1.39274 5.7359e-17
-47.8787 -1.36268 5.61211e-17
-47.3797 -1.32914 5.47396e-17
-46.8336 -1.29202 5.32109e-17
-46.2399 -1.25126 5.15323e-17
-45.5985 -1.20683 4.97024e-17
-44.9096 -1.15871 4.77207e-17
-44.1735 -1.10691 4.55875e-17
-43.3914 -1.05151 4.33056e-17
-42.5658 -0.99268 4.08829e-17
-41.6998 -0.930691 3.83299e-17
-40.797 -0.865806 3.56577e-17
-39.8608 -0.798317 3.28782e-17
-38.8954 -0.728544 3.00046e-17
-37.9049 -0.656827 2.7051e-17
-36.8935 -0.583509 2.40314e-17
-35.8724 -0.50933 2.09764e-17
-34.8424 -0.434485 1.7894e-17
-33.8056 -0.359239 1.4795e-17
-32.7698 -0.284193 1.17043e-17
-31.7382 -0.209682 8.6356e-18
-30.7167 -0.136163 5.60779e-18
-29.7093 -0.0639746 2.63475e-18
-28.7205 0.00649896 -2.67655e-19
-27.7541 0.074928 -3.08586e-18
-26.8142 0.140967 -5.80565e-18
-25.9044 0.204304 -8.41412e-18
-25.0269 0.264602 -1.08974e-17
-24.1849 0.321612 -1.32454e-17
-23.3799 0.375166 -1.54509e-17
-22.6173 0.424895 -1.7499e-17
-21.9013 0.470527 -1.93783e-17
-21.2333 0.511873 -2.10811e-17
-20.6166 0.548684 -2.25972e-17
-20.0528 0.580782 -2.39191e-17
-19.5445 0.607961 -2.50385e-17
-19.0933 0.630074 -2.59492e-17
-18.7007 0.646983 -2.66455e-17
-18.3679 0.658591 -2.71236e-17
-18.0958 0.664808 -2.73797e-17
-17.8857 0.665522 -2.74091e-17
-17.7396 0.660571 -2.72052e-17
-17.6593 0.649777 -2.67606e-17
-17.6469 0.632973 -2.60686e-17
-17.7043 0.609975 -2.51214e-17
-17.8345 0.58054 -2.39092e-17
-18.0403 0.544409 -2.24211e-17
-18.3244 0.501346 -2.06476e-17
-18.6892 0.451133 -1.85796e-17
-19.1447 0.393144 -1.61914e-17
-19.694 0.327126 -1.34725e-17
-20.3314 0.253332 -1.04333e-17
-21.0579 0.17164 -7.06888e-18
-21.8749 0.0819318 -3.37431e-18
-22.7827 -0.0158606 6.53208e-19
-23.7817 -0.121786 5.01569e-18
-24.8717 -0.235861 9.71377e-18
-26.0523 -0.358095 1.47479e-17
-27.3229 -0.488472 2.01174e-17
-28.6825 -0.626947 2.58204e-17
-30.1297 -0.773442 3.18537e-17
-31.6625 -0.927849 3.82128e-17
-33.2789 -1.09003 4.48921e-17
-34.9762 -1.25982 5.18847e-17
-36.7504 -1.43691 5.91784e-17
-38.5945 -1.62078 6.67507e-17
-40.5002 -1.81074 7.45739e-17
-42.4588 -2.0061 8.26199e-17
-44.4607 -2.20609 9.08564e-17
-46.4942 -2.40974 9.92434e-17
-48.5465 -2.61597 1.07737e-16
-50.6051 -2.82376 1.16295e-16
-52.657 -3.032 1.24871e-16
-54.6877 -3.23945 1.33415e-16
-56.682 -3.4448 1.41872e-16
-58.6256 -3.64681 1.50192e-16
-60.5054 -3.84434 1.58327e-16
-62.3097 -4.03634 1.66234e-16
-64.0282 -4.22187 1.73875e-16
-65.6514 -4.40007 1.81214e-16
-67.1723 -4.57024 1.88222e-16
-68.5864 -4.73194 1.94882e-16
-69.8916 -4.88487 2.0118e-16
-71.0868 -5.02884 2.07109e-16
-72.1731 -5.16382 2.12669e-16
-73.1558 -5.29017 2.17872e-16
-74.0425 -5.4084 2.22741e-16
-74.8413 -5.51908 2.273e-16
-75.5608 -5.62283 2.31573e-16
-76.2103 -5.72031 2.35587e-16
-76.7992 -5.81219 2.39371e-16
-77.3363 -5.89915 2.42953e-16
-77.8307 -5.98183 2.46358e-16
-78.2901 -6.06075 2.49608e-16
-78.7209 -6.13637 2.52722e-16
-79.1291 -6.20912 2.55719e-16
-79.5194 -6.27931 2.58609e-16
-79.8939 -6.34705 2.61399e-16
-80.2534 -6.41236 2.64089e-16
-80.5979 -6.47518 2.66676e-16
-80.9262 -6.5354 2.69156e-16
-81.2359 -6.59277 2.71519e-16
-81.5234 -6.64699 2.73752e-16
-81.7846 -6.6977 2.7584e-16
-82.0146 -6.74449 2.77768e-16
-82.2078 -6.78691 2.79514e-16
-82.3579 -6.82442 2.81059e-16
-82.4582 -6.85651 2.82381e-16
-82.5024 -6.88264 2.83457e-16
-82.4843 -6.90234 2.84268e-16
-82.3973 -6.91514 2.84795e-16
-82.2363 -6.92057 2.85019e-16
-81.9961 -6.91824 2.84923e-16
-81.6722 -6.90778 2.84492e-16
-81.2609 -6.88892 2.83715e-16
-80.7589 -6.86138 2.82581e-16
-80.1634 -6.82494 2.81081e-16
-79.4726 -6.77947 2.79208e-16
-78.6854 -6.72485 2.76959e-16
-77.8011 -6.66104 2.74331e-16
-76.8193 -6.58798 2.71322e-16
-75.739 -6.50558 2.67928e-16
-74.5596 -6.41372 2.64145e-16
-73.2808 -6.31236 2.5997e-16
-71.9027 -6.20147 2.55403e-16
-70.4258 -6.08102 2.50443e-16
-68.8506 -5.95101 2.45088e-16
-67.1782 -5.81148 2.39342e-16
-65.4111 -5.66256 2.33209e-16
-63.5538 -5.50458 2.26702e-16
-61.6121 -5.33796 2.1984e-16
-59.5918 -5.16316 2.12641e-16
-57.5004 -4.98072 2.05128e-16
-55.3471 -4.79139 1.9733e-16
-53.1426 -4.59602 1.89284e-16
-50.8972 -4.39545 1.81024e-16
-48.6234 -4.19068 1.72591e-16
-46.3372 -3.98309 1.64041e-16
-44.0566 -3.77418 1.55437e-16
-41.7989 -3.56544 1.4684e-16
-39.582 -3.35839 1.38313e-16
-37.425 -3.15469 1.29924e-16
-35.3472 -2.95604 1.21743e-16
-33.367 -2.76407 1.13836e-16
-31.5018 -2.58032 1.06269e-16
-29.7687 -2.40638 9.9105e-17
-28.1839 -2.24371 9.24058e-17
-26.7622 -2.09373 8.62287e-17
-25.5164 -1.95765 8.06243e-17
-24.4563 -1.83648 7.56343e-17
-23.59 -1.73108 7.12935e-17
-22.9239 -1.64219 6.76325e-17
-22.4622 -1.57035 6.46739e-17
-22.2056 -1.51582 6.24282e-17
-22.1524 -1.47868 6.08984e-17
-22.3002 -1.45891 6.00841e-17
-22.644 -1.45631 5.9977e-17
-23.1755 -1.47035 6.05552e-17
-23.8838 -1.50031 6.17894e-17
-24.7582 -1.54547 6.36491e-17
-25.7871 -1.605 6.61007e-17
-26.9575 -1.67796 6.91055e-17
-28.2561 -1.76336 7.26226e-17
-29.67 -1.86022 7.6612e-17
-31.1867 -1.96759 8.1034e-17
-32.7939 -2.0845 8.58486e-17
-34.4796 -2.20998 9.10167e-17
-36.2329 -2.34317 9.65018e-17
-38.0443 -2.48324 1.0227e-16
-39.9054 -2.62949 1.08294e-16
-41.8093 -2.78132 1.14547e-16
-43.7502 -2.93816 1.21006e-16
-45.7235 -3.09959 1.27654e-16
-47.7264 -3.26527 1.34478e-16
-49.7577 -3.43501 1.41469e-16
-51.8165 -3.60864 1.48619e-16
-53.903 -3.78605 1.55926e-16
-56.0178 -3.96718 1.63386e-16
-58.1625 -4.15204 1.70999e-16
-60.3384 -4.34063 1.78766e-16
-62.5465 -4.5329 1.86684e-16
-64.786 -4.72865 1.94746e-16
-67.0554 -4.92764 2.02942e-16
-69.3526 -5.1296 2.11259e-16
-71.6739 -5.33407 2.1968e-16
-74.0118 -5.54035 2.28176e-16
-76.3568 -5.74753 2.36708e-16
-78.6991 -5.95469 2.4524e-16
-81.0273 -6.16078 2.53728e-16
-83.3272 -6.36455 2.6212e-16
-85.5831 -6.56461 2.70359e-16
-87.7794 -6.75958 2.78389e-16
-89.8978 -6.94805 2.86151e-16
-91.9238 -7.12862 2.93587e-16
-93.8423 -7.2999 3.00642e-16
-95.6367 -7.46053 3.07257e-16
-97.2907 -7.60928 3.13383e-16
-98.7923 -7.74498 3.18972e-16
-100.132 -7.86665 3.23983e-16
-101.298 -7.97334 3.28377e-16
-102.281 -8.06424 3.3212e-16
-103.075 -8.13876 3.35189e-16
-103.675 -8.1964 3.37563e-16
-104.076 -8.23679 3.39227e-16
-104.277 -8.25973 3.40171e-16
-104.28 -8.26532 3.40402e-16
-104.089 -8.25387 3.3993e-16
-103.71 -8.22575 3.38772e-16
-103.149 -8.18143 3.36947e-16
-102.416 -8.12156 3.34481e-16
-101.518 -8.04684 3.31404e-16
-100.467 -7.95804 3.27746e-16
-99.2736 -7.85594 3.23542e-16
-97.9484 -7.74139 3.18824e-16
-96.5028 -7.61524 3.13629e-16
-94.9483 -7.47833 3.0799e-16
-93.295 -7.33141 3.01939e-16
-91.5509 -7.17508 2.95501e-16
-89.7228 -7.00979 2.88693e-16
-87.8167 -6.83596 2.81535e-16
-85.838 -6.65397 2.74039e-16
-83.7902 -6.46405 2.66217e-16
-81.6762 -6.26636 2.58076e-16
-79.4979 -6.06102 2.49619e-16
-77.2566 -5.84811 2.40851e-16
-74.9533 -5.62771 2.31773e-16
-72.5889 -5.39985 2.22389e-16
-70.1633 -5.16455 2.12699e-16
-67.6764 -4.92181 2.02701e-16
-65.1286 -4.67169 1.924e-16
-62.518 -4.41432 1.81801e-16
-59.8453 -4.1497 1.70903e-16
-57.1125 -3.8779 1.59709e-16
-54.3197 -3.59912 1.48227e-16
-51.4663 -3.31352 1.36465e-16
-48.5551 -3.02134 1.24432e-16
-45.5876 -2.72271 1.12133e-16
-42.5621 -2.41766 9.95697e-17
-39.4774 -2.10617 8.67411e-17
-36.3317 -1.78823 7.36469e-17
-33.1236 -1.4638 6.02856e-17
-29.8508 -1.13282 4.66546e-17
-26.5112 -0.795229 3.2751e-17
-23.1033 -0.450988 1.85737e-17
-19.6264 -0.100144 4.12435e-18
-16.0809 0.257163 -1.05911e-17
-12.4688 0.620706 -2.55634e-17
-8.87083 0.985908 -4.06039e-17
-5.23871 1.35515 -5.5811e-17
-1.53412 1.73044 -7.12671e-17
2.2096 2.10972 -8.68874e-17
6.00432 2.4934 -1.02689e-16
9.82907 2.88008 -1.18614e-16
13.6823 3.26935 -1.34646e-16
17.5463 3.6599 -1.5073e-16
21.4126 4.0509 -1.66833e-16
25.2648 4.44107 -1.82903e-16
29.0901 4.82932 -1.98892e-16
32.8715 5.21427 -2.14746e-16
36.5941 5.5947 -2.30414e-16
40.2409 5.96924 -2.45839e-16
43.796 6.33659 -2.60968e-16
47.2426 6.6954 -2.75745e-16
50.5648 7.04438 -2.90118e-16
53.747 7.38228 -3.04034e-16
56.7756 7.708 -3.17449e-16
59.6374 8.02051 -3.30319e-16
62.3274 8.31908 -3.42616e-16
64.8299 8.60266 -3.54295e-16
67.1322 8.8704 -3.65321e-16
69.2289 9.12174 -3.75673e-16
71.1117 9.35606 -3.85323e-16
72.7759 9.57296 -3.94256e-16
74.2153 9.77197 -4.02452e-16
75.4274 9.95285 -4.09901e-16
76.4093 10.1153 -4.16594e-16
77.1613 10.2595 -4.2253e-16
77.6865 10.3855 -4.27721e-16
77.9911 10.4939 -4.32185e-16
78.0822 10.5853 -4.35947e-16
77.9688 10.6603 -4.39036e-16
77.6629 10.7199 -4.41493e-16
77.178 10.7653 -4.43363e-16
76.5286 10.7977 -4.44694e-16
75.7287 10.8181 -4.45535e-16
74.7911 10.8276 -4.45929e-16
73.7283 10.8274 -4.45918e-16
72.5573 10.8182 -4.4554e-16
71.2881 10.8012 -4.44839e-16
69.9277 10.7772 -4.43851e-16
68.4899 10.7469 -4.42604e-16
66.9803 10.7111 -4.41131e-16
65.4069 10.6705 -4.39458e-16
63.7771 10.6256 -4.37609e-16
62.0958 10.5769 -4.35602e-16
60.3699 10.5249 -4.33459e-16
58.6035 10.4699 -4.31195e-16
56.8002 10.4122 -4.2882e-16
54.9612 10.352 -4.26339e-16
53.0891 10.2893 -4.23758e-16
51.1856 10.2243 -4.21083e-16
49.2528 10.1572 -4.18319e-16
47.2923 10.0881 -4.1547e-16
45.3066 10.017 -4.12544e-16
43.2978 9.94419 -4.09545e-16
41.2672 9.86965 -4.06475e-16
39.2159 9.79341 -4.03335e-16
37.1459 9.71554 -4.00128e-16
35.0587 9.63609 -3.96856e-16
32.9554 9.55504 -3.93518e-16
30.8372 9.47236 -3.90113e-16
28.7057 9.38807 -3.86642e-16
26.5627 9.30218 -3.83104e-16
24.4099 9.21467 -3.795e-16
22.2491 9.12552 -3.75828e-16
20.0824 9.03475 -3.7209e-16
17.9123 8.94238 -3.68286e-16
15.7422 8.84854 -3.64421e-16
13.6135 8.75383 -3.60521e-16
11.5475 8.65846 -3.56593e-16
9.50741 8.56219 -3.52628e-16
7.48614 8.46543 -3.48643e-16
5.53775 8.36873 -3.44661e-16
3.66135 8.27262 -3.40702e-16
1.82054 8.17776 -3.36796e-16
0.0374085 8.08536 -3.3299e-16
-1.67036 7.99667 -3.29338e-16
-3.29032 7.91274 -3.25881e-16
-4.80701 7.83469 -3.22666e-16
-6.20682 7.76363 -3.1974e-16
-7.47517 7.70069 -3.17148e-16
-8.60498 7.64671 -3.14924e-16
-9.48225 7.60468 -3.13194e-16
-10.106 7.575 -3.11971e-16
-10.5778 7.5562 -3.11197e-16
-10.8778 7.54968 -3.10928e-16
-11.0048 7.55572 -3.11177e-16
-10.9533 7.57486 -3.11966e-16
-10.7219 7.60735 -3.13304e-16
-10.3107 7.65333 -3.15197e-16
-9.72111 7.71285 -3.17648e-16
-8.95331 7.78604 -3.20663e-16
-8.0108 7.8728 -3.24236e-16
-6.89883 7.9729 -3.28359e-16
-5.62309 8.08606 -3.33019e-16
-4.19018 8.21196 -3.38204e-16
-2.60237 8.35013 -3.43895e-16
-0.863205 8.50014 -3.50072e-16
1.02924 8.66181 -3.56731e-16
3.07059 8.83471 -3.63851e-16
5.24986 9.01819 -3.71408e-16
7.55931 9.21172 -3.79379e-16
9.96933 9.41291 -3.87665e-16
12.4495 9.61707 -6.93878e-16
15.0147 9.82702 -7.02714e-16
17.6745 10.0448 -7.11881e-16
20.4231 10.2698 -7.21354e-16
23.2563 10.5018 -7.31119e-16
26.1383 10.7306 -4.29843e-16
29.0586 10.9588 -6.65661e-16
32.0368 11.1927 -6.81455e-16
35.0764 11.4309 -5.1295e-16
38.172 11.6732 -4.69414e-16
41.3221 11.92 -9.76693e-16
44.5245 12.1709 -7.23909e-16
47.7361 12.4118 -3.63403e-16
50.9494 12.6493 -4.13901e-16
54.1849 12.8871 7.60522e-15
57.4505 13.1268 -6.7304e-16
60.5121 13.357 -8.21999e-16
63.244 13.5709 8.93842e-13
65.8973 13.781 -5.51305e-16
68.5737 13.9865 -1.31345e-15
71.2198 14.1777 -6.17653e-16
73.8509 14.369 -6.32928e-16
76.4137 14.5498 -7.94007e-16
79.0134 14.7312 1.12319e-13
81.6141 14.91 -1.83852e-14
84.2085 15.0873 3.81545e-15
86.7948 15.2633 -8.35677e-16
89.3069 15.4293 -1.05112e-15
91.702 15.5703 -1.14682e-14
94.0864 15.6982 4.668e-15
96.4166 15.8238 -2.43812e-15
98.7118 15.9468 -4.60576e-12
100.969 16.0669 1.21595e-14
103.178 16.1838 -4.37277e-15
105.333 16.2975 -5.08381e-15
107.431 16.4073 -5.48663e-15
109.465 16.5129 -1.71571e-12
111.427 16.6141 1.53096e-14
113.316 16.7