-1.33504e-05 6.67483e-08 -2.74899e-24
-2.67007e-05 1.33507e-07 -5.49842e-24
-4.00508e-05 2.00277e-07 -8.24829e-24
-5.34008e-05 2.67058e-07 -1.09986e-23
-6.67507e-05 3.33849e-07 -1.37494e-23
-8.01004e-05 4.00651e-07 -1.65006e-23
-9.345e-05 4.67464e-07 -1.92522e-23
-0.000106799 5.34288e-07 -2.20043e-23
-0.000120149 6.01122e-07 -2.47568e-23
-0.000133498 6.67967e-07 -2.75098e-23
-0.000133496 6.68253e-07 -2.75216e-23
-0.000133489 6.69402e-07 -2.75689e-23
-0.000133474 6.71692e-07 -2.76632e-23
-0.000133451 6.75085e-07 -2.78029e-23
-0.000133423 6.79376e-07 -2.79797e-23
-0.000133392 6.84036e-07 -2.81716e-23
-0.000133364 6.88368e-07 -2.835e-23
-0.000133342 6.91683e-07 -2.84865e-23
-0.000133333 6.93257e-07 -2.85513e-23
-0.00013334 6.92289e-07 -2.85115e-23
-0.000133369 6.87952e-07 -2.83329e-23
-0.000133427 6.7945e-07 -2.79827e-23
-0.000133516 6.66149e-07 -2.74349e-23
-0.000133639 6.47717e-07 -2.66758e-23
-0.000133797 6.23998e-07 -2.56989e-23
-0.00013399 5.94871e-07 -2.44994e-23
-0.000134216 5.60605e-07 -2.30881e-23
-0.000134469 5.22214e-07 -2.1507e-23
-0.000134738 4.81106e-07 -1.9814e-23
-0.000135014 4.3869e-07 -1.80672e-23
-0.000135287 3.96492e-07 -1.63293e-23
-0.000135545 3.56266e-07 -1.46726e-23
-0.000135775 3.19859e-07 -1.31732e-23
-0.000135965 2.8907e-07 -1.19051e-23
-0.000136105 2.65385e-07 -1.09297e-23
-0.00013619 2.49719e-07 -1.02845e-23
-0.000136214 2.4265e-07 -9.9934e-24
-0.000136177 2.44679e-07 -1.00769e-23
-0.000136074 2.56081e-07 -1.05465e-23
-0.000135909 2.76766e-07 -1.13984e-23
-0.000135683 3.06419e-07 -1.26197e-23
-0.000135399 3.44657e-07 -1.41945e-23
-0.000135062 3.91001e-07 -1.61031e-23
-0.000134675 4.44852e-07 -1.83209e-23
-0.000134244 5.05529e-07 -2.08199e-23
-0.000133775 5.72318e-07 -2.35705e-23
-0.000133273 6.44543e-07 -2.65451e-23
-0.000132742 7.21644e-07 -2.97204e-23
-0.000132186 8.03121e-07 -3.3076e-23
-0.000131609 8.88471e-07 -3.65911e-23
-0.000131015 9.77261e-07 -4.02478e-23
-0.000130407 1.06919e-06 -4.40341e-23
-0.000129786 1.16406e-06 -4.7941e-23
-0.000129154 1.26166e-06 -5.19608e-23
-0.000128515 1.36147e-06 -5.60712e-23
-0.000127879 1.46221e-06 -6.022e-23
-0.000127255 1.56226e-06 -6.43408e-23
-0.000126655 1.66008e-06 -6.83695e-23
-0.000126089 1.75415e-06 -7.22433e-23
-0.000125567 1.84292e-06 -7.58994e-23
-0.000125099 1.92492e-06 -7.92766e-23
-0.000124693 1.99877e-06 -8.2318e-23
-0.000124357 2.06323e-06 -8.49729e-23
-0.000124098 2.11728e-06 -8.71988e-23
-0.000123921 2.16004e-06 -8.89596e-23
-0.00012383 2.19074e-06 -9.02241e-23
-0.000123827 2.20898e-06 -9.09752e-23
-0.00012391 2.21491e-06 -9.12194e-23
-0.000124075 2.20903e-06 -9.09776e-23
-0.000124316 2.19195e-06 -9.02741e-23
-0.000124625 2.16477e-06 -8.91546e-23
-0.000124986 2.12959e-06 -8.77057e-23
-0.000125382 2.08901e-06 -8.60346e-23
-0.000125794 2.04565e-06 -8.42486e-23
-0.000126205 2.00188e-06 -8.24459e-23
-0.0001266 1.95966e-06 -8.07071e-23
-0.000126968 1.92068e-06 -7.91019e-23
-0.000127298 1.88655e-06 -7.76961e-23
-0.00012758 1.8586e-06 -7.65452e-23
-0.000127807 1.83774e-06 -7.56859e-23
-0.000127976 1.82456e-06 -7.51431e-23
-0.000128083 1.81955e-06 -7.49368e-23
-0.000128129 1.82265e-06 -7.50646e-23
-0.000128121 1.8328e-06 -7.54826e-23
-0.00012807 1.84839e-06 -7.61245e-23
-0.000127988 1.86772e-06 -7.69207e-23
-0.000127887 1.88919e-06 -7.78051e-23
-0.000127775 1.91145e-06 -7.87217e-23
-0.000127663 1.93325e-06 -7.96197e-23
-0.000127559 1.95336e-06 -8.04479e-23
-0.00012747 1.97081e-06 -8.11663e-23
-0.0001274 1.98517e-06 -8.17579e-23
-0.00012735 1.99635e-06 -8.22182e-23
-0.000127321 2.00426e-06 -8.25441e-23
-0.000127312 2.00915e-06 -8.27457e-23
-0.000127319 2.0119e-06 -8.28587e-23
-0.000127333 2.01371e-06 -8.29332e-23
-0.000127346 2.01581e-06 -8.30196e-23
-0.000127353 2.01911e-06 -8.31559e-23
-0.000127351 2.0239e-06 -8.33528e-23
-0.000127343 2.03009e-06 -8.36078e-23
-0.000127327 2.03764e-06 -8.39187e-23
-0.000127305 2.04648e-06 -8.4283e-23
-0.000127277 2.05652e-06 -8.46966e-23
-0.000127243 2.06766e-06 -8.51552e-23
-0.000127204 2.07979e-06 -8.56549e-23
-0.00012716 2.093e-06 -8.6199e-23
-0.000127107 2.10772e-06 -8.68052e-23
-0.000127041 2.12456e-06 -8.74984e-23
-0.000126958 2.1441e-06 -8.83031e-23
-0.000126854 2.16683e-06 -8.92395e-23
-0.000126728 2.19303e-06 -9.03187e-23
-0.000126577 2.22285e-06 -9.15467e-23
-0.000126401 2.25641e-06 -9.29286e-23
-0.000126203 2.29319e-06 -9.44436e-23
-0.000125995 2.33147e-06 -9.60199e-23
-0.000125792 2.36885e-06 -9.75596e-23
-0.00012561 2.40297e-06 -9.89649e-23
-0.000125464 2.43149e-06 -1.00139e-22
-0.00012537 2.4521e-06 -1.00988e-22
-0.000125341 2.46256e-06 -1.01419e-22
-0.000125394 2.4607e-06 -1.01342e-22
-0.000125536 2.44511e-06 -1.007e-22
-0.000125767 2.41586e-06 -9.94957e-23
-0.00012608 2.37385e-06 -9.77656e-23
-0.00012647 2.32004e-06 -9.55492e-23
-0.000126926 2.2558e-06 -9.29037e-23
-0.000127434 2.18336e-06 -8.99202e-23
-0.000127975 2.10535e-06 -8.67072e-23
-0.000128533 2.0244e-06 -8.33735e-23
-0.000129089 1.94293e-06 -8.00184e-23
-0.000129632 1.86291e-06 -7.67226e-23
-0.00013015 1.78602e-06 -7.35559e-23
-0.000130632 1.7139e-06 -7.0586e-23
-0.00013107 1.64785e-06 -6.78655e-23
-0.000131459 1.58846e-06 -6.54196e-23
-0.000131799 1.53597e-06 -6.32581e-23
-0.000132089 1.49056e-06 -6.13877e-23
-0.000132329 1.45231e-06 -5.98126e-23
-0.000132518 1.42124e-06 -5.8533e-23
-0.000132659 1.3973e-06 -5.75468e-23
-0.000132752 1.38038e-06 -5.68499e-23
-0.0001328 1.37022e-06 -5.64317e-23
-0.000132807 1.3663e-06 -5.62702e-23
-0.000132777 1.36793e-06 -5.63373e-23
-0.000132717 1.37442e-06 -5.66047e-23
-0.000132631 1.38518e-06 -5.70476e-23
-0.000132522 1.39979e-06 -5.76494e-23
-0.000132392 1.41796e-06 -5.83978e-23
-0.000132243 1.43942e-06 -5.92816e-23
-0.000132079 1.46377e-06 -6.02845e-23
-0.000131903 1.49036e-06 -6.13797e-23
-0.000131721 1.51843e-06 -6.25355e-23
-0.000131538 1.54725e-06 -6.37223e-23
-0.000131357 1.57627e-06 -6.49176e-23
-0.000131179 1.60531e-06 -6.61135e-23
-0.000131004 1.63435e-06 -6.73096e-23
-0.000130831 1.66343e-06 -6.85073e-23
-0.000130657 1.69278e-06 -6.97162e-23
-0.000130479 1.72301e-06 -7.09612e-23
-0.00013029 1.75492e-06 -7.2275e-23
-0.000130085 1.78929e-06 -7.36905e-23
-0.000129857 1.8269e-06 -7.52397e-23
-0.000129601 1.8685e-06 -7.69529e-23
-0.000129312 1.91478e-06 -7.88589e-23
-0.000128985 1.96638e-06 -8.09842e-23
-0.000128616 2.02359e-06 -8.33403e-23
-0.00012821 2.08596e-06 -8.59088e-23
-0.000127771 2.15264e-06 -8.86552e-23
-0.000127305 2.22275e-06 -9.15427e-23
-0.000126819 2.29515e-06 -9.45241e-23
-0.000126323 2.36824e-06 -9.75343e-23
-0.00012583 2.4402e-06 -1.00498e-22
-0.000125353 2.50919e-06 -1.0334e-22
-0.0001249 2.57365e-06 -1.05994e-22
-0.00012448 2.63259e-06 -1.08421e-22
-0.000124098 2.68533e-06 -1.10593e-22
-0.000123756 2.73121e-06 -1.12483e-22
-0.000123459 2.76986e-06 -1.14075e-22
-0.000123207 2.80139e-06 -1.15373e-22
-0.000122995 2.82622e-06 -1.16396e-22
-0.000122823 2.8448e-06 -1.17161e-22
-0.000122686 2.85758e-06 -1.17688e-22
-0.000122583 2.8651e-06 -1.17997e-22
-0.000122509 2.86793e-06 -1.18114e-22
-0.000122461 2.86665e-06 -1.18061e-22
-0.000122438 2.86159e-06 -1.17853e-22
-0.000122441 2.85251e-06 -1.17479e-22
-0.000122474 2.83894e-06 -1.1692e-22
-0.00012254 2.8204e-06 -1.16156e-22
-0.000122641 2.79668e-06 -1.15179e-22
-0.000122776 2.76802e-06 -1.13999e-22
-0.000122942 2.7349e-06 -1.12635e-22
-0.000123136 2.69785e-06 -1.11109e-22
-0.000123353 2.65747e-06 -1.09446e-22
-0.00012359 2.61436e-06 -1.07671e-22
-0.000123843 2.56923e-06 -1.05812e-22
-0.000124106 2.52276e-06 -1.03898e-22
-0.000124375 2.4757e-06 -1.0196e-22
-0.000124644 2.42881e-06 -1.00029e-22
-0.000124909 2.38291e-06 -9.81386e-23
-0.000125163 2.3388e-06 -9.63219e-23
-0.000125402 2.2971e-06 -9.46047e-23
-0.000125625 2.2581e-06 -9.29984e-23
-0.00012583 2.22187e-06 -9.15061e-23
-0.000126016 2.18847e-06 -9.01308e-23
-0.000126185 2.15788e-06 -8.88708e-23
-0.000126337 2.12983e-06 -8.77155e-23
-0.000126475 2.10395e-06 -8.66498e-23
-0.0001266 2.07987e-06 -8.56581e-23
-0.000126717 2.05705e-06 -8.47181e-23
-0.00012683 2.03464e-06 -8.37955e-23
-0.000126946 2.01167e-06 -8.28491e-23
-0.000127071 1.98712e-06 -8.18383e-23
-0.000127212 1.96003e-06 -8.07227e-23
-0.000127374 1.92943e-06 -7.94621e-23
-0.000127564 1.89435e-06 -7.80176e-23
-0.000127787 1.85388e-06 -7.63508e-23
-0.000128045 1.80768e-06 -7.44479e-23
-0.000128333 1.75659e-06 -7.23438e-23
-0.000128641 1.70207e-06 -7.00985e-23
-0.000128958 1.64557e-06 -6.77717e-23
-0.000129274 1.58873e-06 -6.54307e-23
-0.000129575 1.53357e-06 -6.31593e-23
-0.000129846 1.48231e-06 -6.10478e-23
-0.000130073 1.43705e-06 -5.91838e-23
-0.000130246 1.39932e-06 -5.76301e-23
-0.000130363 1.36949e-06 -5.64014e-23
-0.000130426 1.34727e-06 -5.54864e-23
-0.000130438 1.33231e-06 -5.48702e-23
-0.000130405 1.3239e-06 -5.4524e-23
-0.000130335 1.32073e-06 -5.43935e-23
-0.00013024 1.32115e-06 -5.44107e-23
-0.000130134 1.32348e-06 -5.45066e-23
-0.000130025 1.32615e-06 -5.46165e-23
-0.000129925 1.32782e-06 -5.46853e-23
-0.000129843 1.32729e-06 -5.46637e-23
-0.000129786 1.32342e-06 -5.4504e-23
-0.000129761 1.31536e-06 -5.41721e-23
-0.000129769 1.30292e-06 -5.366e-23
-0.000129811 1.28628e-06 -5.29747e-23
-0.000129885 1.26567e-06 -5.21256e-23
-0.00012999 1.24136e-06 -5.11244e-23
-0.000130124 1.21369e-06 -4.9985e-23
-0.000130284 1.18305e-06 -4.87231e-23
-0.000130468 1.14988e-06 -4.73572e-23
-0.000130672 1.11461e-06 -4.59043e-23
-0.000130895 1.07749e-06 -4.43758e-23
-0.000131136 1.03877e-06 -4.27812e-23
-0.000131391 9.98734e-07 -4.11322e-23
-0.000131657 9.58013e-07 -3.94551e-23
-0.000131925 9.17924e-07 -3.78041e-23
-0.000132182 8.80133e-07 -3.62477e-23
-0.000132418 8.46313e-07 -3.48548e-23
-0.000132621 8.18079e-07 -3.3692e-23
-0.00013278 7.96934e-07 -3.28212e-23
-0.000132887 7.84293e-07 -3.23006e-23
-0.00013293 7.81523e-07 -3.21865e-23
-0.000132906 7.89503e-07 -3.25152e-23
-0.000132812 8.0818e-07 -3.32844e-23
-0.000132653 8.36986e-07 -3.44707e-23
-0.000132433 8.75291e-07 -3.60483e-23
-0.00013216 9.2174e-07 -3.79613e-23
-0.000131854 9.73561e-07 -4.00954e-23
-0.000131536 1.02725e-06 -4.23066e-23
-0.000131231 1.07932e-06 -4.44511e-23
-0.00013096 1.12651e-06 -4.63945e-23
-0.000130741 1.166e-06 -4.80211e-23
-0.000130591 1.19527e-06 -4.92264e-23
-0.000130526 1.21187e-06 -4.991e-23
-0.000130559 1.21386e-06 -4.99919e-23
-0.000130695 1.20024e-06 -4.94309e-23
-0.000130937 1.17053e-06 -4.82075e-23
-0.000131287 1.12439e-06 -4.63072e-23
-0.00013174 1.06228e-06 -4.37492e-23
-0.000132283 9.86235e-07 -4.06174e-23
-0.000132895 8.99124e-07 -3.70298e-23
-0.000133556 8.03847e-07 -3.31059e-23
-0.000134245 7.03469e-07 -2.89719e-23
-0.000134938 6.0135e-07 -2.47662e-23
-0.000135612 5.00958e-07 -2.06316e-23
-0.000136243 4.05686e-07 -1.67079e-23
-0.000136811 3.1856e-07 -1.31197e-23
-0.000137299 2.41951e-07 -9.96458e-24
-0.000137694 1.77813e-07 -7.32311e-24
-0.000137985 1.27941e-07 -5.26917e-24
-0.000138163 9.36365e-08 -3.85636e-24
-0.000138224 7.5364e-08 -3.10382e-24
-0.000138171 7.30755e-08 -3.00956e-24
-0.000138005 8.65601e-08 -3.56492e-24
-0.000137732 1.15263e-07 -4.74702e-24
-0.000137358 1.58091e-07 -6.51089e-24
-0.000136896 2.13629e-07 -8.79816e-24
-0.000136357 2.80356e-07 -1.15463e-23
-0.000135751 3.56863e-07 -1.46972e-23
-0.000135087 4.42058e-07 -1.82058e-23
-0.000134373 5.35001e-07 -2.20336e-23
-0.000133618 6.34724e-07 -2.61407e-23
-0.00013283 7.3999e-07 -3.0476e-23
-0.000132022 8.49037e-07 -3.4967e-23
-0.000131211 9.59861e-07 -3.95313e-23
-0.000130408 1.07051e-06 -4.40882e-23
-0.000129628 1.17924e-06 -4.85661e-23
-0.000128881 1.28467e-06 -5.29084e-23
-0.000128174 1.38569e-06 -5.70687e-23
-0.000127514 1.48126e-06 -6.10049e-23
-0.000126907 1.57087e-06 -6.46953e-23
-0.000126349 1.65485e-06 -6.81541e-23
-0.000125835 1.73406e-06 -7.14161e-23
-0.000125359 1.80944e-06 -7.45204e-23
-0.000124914 1.88199e-06 -7.75087e-23
-0.000124492 1.95278e-06 -8.04239e-23
-0.000124085 2.02287e-06 -8.33106e-23
-0.000123686 2.0934e-06 -8.62154e-23
-0.000123288 2.16513e-06 -8.91694e-23
-0.000122892 2.238e-06 -9.21703e-23
-0.0001225 2.31153e-06 -9.51988e-23
-0.000122114 2.38528e-06 -9.82363e-23
-0.000121741 2.45807e-06 -1.01234e-22
-0.000121399 2.52718e-06 -1.0408e-22
-0.000121109 2.58914e-06 -1.06632e-22
-0.000120894 2.64055e-06 -1.08749e-22
-0.000120771 2.67861e-06 -1.10317e-22
-0.000120751 2.70164e-06 -1.11265e-22
-0.000120839 2.70862e-06 -1.11553e-22
-0.000121042 2.69861e-06 -1.1114e-22
-0.000121358 2.67148e-06 -1.10023e-22
-0.000121777 2.62861e-06 -1.08258e-22
-0.000122285 2.57218e-06 -1.05934e-22
-0.000122865 2.50441e-06 -1.03142e-22
-0.0001235 2.42776e-06 -9.99855e-23
-0.000124171 2.34507e-06 -9.65803e-23
-0.000124855 2.25941e-06 -9.30525e-23
-0.000125533 2.17377e-06 -8.95254e-23
-0.000126188 2.0907e-06 -8.61039e-23
-0.000126807 2.01186e-06 -8.28571e-23
-0.000127383 1.93844e-06 -7.98335e-23
-0.000127908 1.87152e-06 -7.70774e-23
-0.000128379 1.81152e-06 -7.4606e-23
-0.000128803 1.75761e-06 -7.23859e-23
-0.000129189 1.70832e-06 -7.03559e-23
-0.000129549 1.66209e-06 -6.84521e-23
-0.000129894 1.61711e-06 -6.65995e-23
-0.00013024 1.57105e-06 -6.47028e-23
-0.000130606 1.52137e-06 -6.26566e-23
-0.000131008 1.46552e-06 -6.03566e-23
-0.000131461 1.40129e-06 -5.77111e-23
-0.000131977 1.32701e-06 -5.46522e-23
-0.000132564 1.2414e-06 -5.11262e-23
-0.000133231 1.14324e-06 -4.70835e-23
-0.000133981 1.03185e-06 -4.24959e-23
-0.000134813 9.07517e-07 -3.73755e-23
-0.000135721 7.71089e-07 -3.17568e-23
-0.000136696 6.23485e-07 -2.56778e-23
-0.000137733 4.65792e-07 -1.91833e-23
-0.00013882 2.99344e-07 -1.23283e-23
-0.000139947 1.25614e-07 -5.17331e-24
-0.000141103 -5.39013e-08 2.21989e-24
-0.000142279 -2.37962e-07 9.8003e-24
-0.000143468 -4.25881e-07 1.75396e-23
-0.000144667 -6.17277e-07 2.54221e-23
-0.000145874 -8.11796e-07 3.34333e-23
-0.000147082 -1.00887e-06 4.15498e-23
-0.000148284 -1.2075e-06 4.97301e-23
-0.000149471 -1.40649e-06 5.79252e-23
-0.000150636 -1.60471e-06 6.60888e-23
-0.000151767 -1.80072e-06 7.41615e-23
-0.00015285 -1.99235e-06 8.20538e-23
-0.000153868 -2.17712e-06 8.96632e-23
-0.000154806 -2.35268e-06 9.68935e-23
-0.000155649 -2.51688e-06 1.03656e-22
-0.000156384 -2.66776e-06 1.0987e-22
-0.000157001 -2.80358e-06 1.15464e-22
-0.000157491 -2.9228e-06 1.20374e-22
-0.000157848 -3.02444e-06 1.2456e-22
-0.000158086 -3.10966e-06 1.28069e-22
-0.000158214 -3.1793e-06 1.30937e-22
-0.000158222 -3.23256e-06 1.33131e-22
-0.000158117 -3.27029e-06 1.34685e-22
-0.000157914 -3.29405e-06 1.35663e-22
-0.000157623 -3.30547e-06 1.36134e-22
-0.000157262 -3.3064e-06 1.36172e-22
-0.000156845 -3.29897e-06 1.35866e-22
-0.000156395 -3.28611e-06 1.35336e-22
-0.000155936 -3.27102e-06 1.34715e-22
-0.000155492 -3.25689e-06 1.34133e-22
-0.00015508 -3.24624e-06 1.33694e-22
-0.000154713 -3.24041e-06 1.33454e-22
-0.000154397 -3.24004e-06 1.33439e-22
-0.000154135 -3.24561e-06 1.33668e-22
-0.000153927 -3.25687e-06 1.34132e-22
-0.000153765 -3.27221e-06 1.34764e-22
-0.000153632 -3.28929e-06 1.35467e-22
-0.000153513 -3.30562e-06 1.3614e-22
-0.00015339 -3.31836e-06 1.36665e-22
-0.000153239 -3.32417e-06 1.36904e-22
-0.000153037 -3.31939e-06 1.36707e-22
-0.000152758 -3.30033e-06 1.35922e-22
-0.000152386 -3.26441e-06 1.34442e-22
-0.000151917 -3.21133e-06 1.32256e-22
-0.000151358 -3.14197e-06 1.294e-22
-0.000150713 -3.05721e-06 1.25909e-22
-0.000149989 -2.9581e-06 1.21827e-22
-0.000149195 -2.84605e-06 1.17213e-22
-0.00014834 -2.72264e-06 1.1213e-22
-0.000147435 -2.58943e-06 1.06644e-22
-0.000146486 -2.44748e-06 1.00798e-22
-0.000145492 -2.29681e-06 9.45924e-23
-0.000144448 -2.13686e-06 8.80053e-23
-0.000143352 -1.96727e-06 8.10205e-23
-0.000142196 -1.787e-06 7.35963e-23
-0.000140964 -1.59383e-06 6.56407e-23
-0.000139638 -1.38501e-06 5.70405e-23
-0.0001382 -1.15785e-06 4.76851e-23
-0.000136637 -9.10599e-07 3.75024e-23
-0.000134948 -6.43225e-07 2.64908e-23
-0.000133141 -3.56664e-07 1.4689e-23
-0.000131221 -5.19529e-08 2.13965e-24
-0.000129234 2.66091e-07 -1.09588e-23
-0.000127179 5.96398e-07 -2.45622e-23
-0.000125063 9.36911e-07 -3.8586e-23
-0.000122925 1.2827e-06 -5.28269e-23
-0.000120779 1.63092e-06 -6.71683e-23
-0.000118654 1.97782e-06 -8.14552e-23
-0.000116566 2.32077e-06 -9.55793e-23
-0.000114537 2.6566e-06 -1.0941e-22
-0.000112584 2.98299e-06 -1.22852e-22
-0.000110716 3.29828e-06 -1.35838e-22
-0.000108941 3.60144e-06 -1.48323e-22
-0.000107265 3.8916e-06 -1.60273e-22
-0.000105691 4.1681e-06 -1.71661e-22
-0.00010422 4.43089e-06 -1.82483e-22
-0.000102849 4.68039e-06 -1.92759e-22
-0.000101573 4.91704e-06 -2.02505e-22
-0.000100392 5.14109e-06 -2.11732e-22
-9.93063e-05 5.35205e-06 -2.20421e-22
-9.83214e-05 5.54914e-06 -2.28538e-22
-9.74399e-05 5.73176e-06 -2.36059e-22
-9.66626e-05 5.89959e-06 -2.4297e-22
-9.59889e-05 6.05256e-06 -2.49271e-22
-9.54161e-05 6.19092e-06 -2.54969e-22
-9.49412e-05 6.31492e-06 -2.60076e-22
-9.45615e-05 6.4248e-06 -2.64601e-22
-9.42753e-05 6.52059e-06 -2.68546e-22
-9.40818e-05 6.60227e-06 -2.7191e-22
-9.39797e-05 6.66983e-06 -2.74692e-22
-9.39634e-05 6.72395e-06 -2.76922e-22
-9.40181e-05 6.76674e-06 -2.78684e-22
-9.41243e-05 6.80096e-06 -2.80093e-22
-9.42631e-05 6.82934e-06 -2.81262e-22
-9.44165e-05 6.85448e-06 -2.82297e-22
-9.45679e-05 6.87883e-06 -2.833e-22
-9.47018e-05 6.90467e-06 -2.84364e-22
-9.48039e-05 6.93414e-06 -2.85578e-22
-9.48634e-05 6.96889e-06 -2.87009e-22
-9.48758e-05 7.00966e-06 -2.88688e-22
-9.48394e-05 7.05659e-06 -2.90621e-22
-9.47539e-05 7.10984e-06 -2.92814e-22
-9.4627e-05 7.16864e-06 -2.95235e-22
-9.44745e-05 7.23073e-06 -2.97793e-22
-9.4318e-05 7.29309e-06 -3.00361e-22
-9.41796e-05 7.3526e-06 -3.02812e-22
-9.40808e-05 7.40625e-06 -3.05021e-22
-9.40429e-05 7.45107e-06 -3.06867e-22
-9.40857e-05 7.48426e-06 -3.08234e-22
-9.42291e-05 7.50307e-06 -3.09009e-22
-9.44867e-05 7.50561e-06 -3.09113e-22
-9.48616e-05 7.49158e-06 -3.08536e-22
-9.53503e-05 7.46165e-06 -3.07303e-22
-9.59486e-05 7.41656e-06 -3.05446e-22
-9.66487e-05 7.35757e-06 -3.03017e-22
-9.74376e-05 7.28669e-06 -3.00098e-22
-9.82988e-05 7.20644e-06 -2.96792e-22
-9.92152e-05 7.11939e-06 -2.93207e-22
-0.000100172 7.02779e-06 -2.89435e-22
-0.000101159 6.93291e-06 -2.85527e-22
-0.000102173 6.8356e-06 -2.8152e-22
-0.000103206 6.73678e-06 -2.7745e-22
-0.000104254 6.63691e-06 -2.73337e-22
-0.00010532 6.53545e-06 -2.69158e-22
-0.000106411 6.43139e-06 -2.64873e-22
-0.000107532 6.32379e-06 -2.60441e-22
-0.000108688 6.2118e-06 -2.55829e-22
-0.000109882 6.09477e-06 -2.51009e-22
-0.000111117 5.97219e-06 -2.45961e-22
-0.000112395 5.8436e-06 -2.40665e-22
-0.000113714 5.70898e-06 -2.3512e-22
-0.000115069 5.56906e-06 -2.29358e-22
-0.000116451 5.42501e-06 -2.23426e-22
-0.000117851 5.27803e-06 -2.17372e-22
-0.000119258 5.12934e-06 -2.11248e-22
-0.000120664 4.98019e-06 -2.05106e-22
-0.000122059 4.83185e-06 -1.98996e-22
-0.000123433 4.68555e-06 -1.92971e-22
-0.000124779 4.54239e-06 -1.87075e-22
-0.000126088 4.40324e-06 -1.81344e-22
-0.000127357 4.26876e-06 -1.75806e-22
-0.000128579 4.13959e-06 -1.70486e-22
-0.000129751 4.01624e-06 -1.65406e-22
-0.000130869 3.89904e-06 -1.60579e-22
-0.000131932 3.78819e-06 -1.56014e-22
-0.000132938 3.68383e-06 -1.51716e-22
-0.000133885 3.58616e-06 -1.47694e-22
-0.00013477 3.49563e-06 -1.43965e-22
-0.00013559 3.41275e-06 -1.40552e-22
-0.00013634 3.33799e-06 -1.37473e-22
-0.000137016 3.27212e-06 -1.3476e-22
-0.000137607 3.21673e-06 -1.32479e-22
-0.0001381 3.17374e-06 -1.30708e-22
-0.000138483 3.14498e-06 -1.29524e-22
-0.000138745 3.13221e-06 -1.28998e-22
-0.000138873 3.13723e-06 -1.29205e-22
-0.000138858 3.16176e-06 -1.30215e-22
-0.000138687 3.2074e-06 -1.32094e-22
-0.000138358 3.27482e-06 -1.34871e-22
-0.000137877 3.36305e-06 -1.38505e-22
-0.000137257 3.4702e-06 -1.42918e-22
-0.000136513 3.59425e-06 -1.48027e-22
-0.000135665 3.73208e-06 -1.53703e-22
-0.00013475 3.87835e-06 -1.59727e-22
-0.000133811 4.02662e-06 -1.65834e-22
-0.000132891 4.1705e-06 -1.71759e-22
-0.000132032 4.3036e-06 -1.77241e-22
-0.000131276 4.41945e-06 -1.82012e-22
-0.000130667 4.51169e-06 -1.85811e-22
-0.000130243 4.57417e-06 -1.88384e-22
-0.000130038 4.60188e-06 -1.89526e-22
-0.000130069 4.59189e-06 -1.89114e-22
-0.000130346 4.54244e-06 -1.87078e-22
-0.000130876 4.45211e-06 -1.83357e-22
-0.000131662 4.32029e-06 -1.77928e-22
-0.000132694 4.14787e-06 -1.70827e-22
-0.000133958 3.93658e-06 -1.62126e-22
-0.000135439 3.68833e-06 -1.51902e-22
-0.000137113 3.4059e-06 -1.4027e-22
-0.000138951 3.09359e-06 -1.27407e-22
-0.000140915 2.75652e-06 -1.13525e-22
-0.000142967 2.39978e-06 -9.88332e-23
-0.000145072 2.02835e-06 -8.35364e-23
-0.000147196 1.64707e-06 -6.78335e-23
-0.000149305 1.26054e-06 -5.19143e-23
-0.000151368 8.7314e-07 -3.59597e-23
-0.000153356 4.89142e-07 -2.0145e-23
-0.00015524 1.12786e-07 -4.64501e-24
-0.000156993 -2.51877e-07 1.03734e-23
-0.00015859 -6.0116e-07 2.47584e-23
-0.000160016 -9.32492e-07 3.84041e-23
-0.000161266 -1.24519e-06 5.12823e-23
-0.000162346 -1.53972e-06 6.34123e-23
-0.000163264 -1.8169e-06 7.48278e-23
-0.000164029 -2.07763e-06 8.5566e-23
-0.00016465 -2.32286e-06 9.56653e-23
-0.000165136 -2.55323e-06 1.05153e-22
-0.000165495 -2.76953e-06 1.14061e-22
-0.00016574 -2.97301e-06 1.22441e-22
-0.000165884 -3.16492e-06 1.30345e-22
-0.000165939 -3.34667e-06 1.3783e-22
-0.000165921 -3.51976e-06 1.44959e-22
-0.000165838 -3.68497e-06 1.51763e-22
-0.000165692 -3.84182e-06 1.58223e-22
-0.000165548 -3.99542e-06 1.64549e-22
-0.00016535 -4.1398e-06 1.70495e-22
-0.000165061 -4.27062e-06 1.75883e-22
-0.000164701 -4.389e-06 1.80758e-22
-0.000164248 -4.49207e-06 1.85003e-22
-0.000163709 -4.57976e-06 1.88614e-22
-0.000163067 -4.64972e-06 1.91496e-22
-0.00016232 -4.70068e-06 1.93595e-22
-0.000161451 -4.7301e-06 1.94806e-22
-0.000160452 -4.73613e-06 1.95054e-22
-0.000159293 -4.7156e-06 1.94209e-22
-0.000157981 -4.66826e-06 1.92259e-22
-0.000156517 -4.5934e-06 1.89176e-22
-0.000154892 -4.48975e-06 1.84907e-22
-0.000153106 -4.35707e-06 1.79443e-22
-0.000151162 -4.19577e-06 1.728e-22
-0.000149072 -4.00716e-06 1.65032e-22
-0.000146842 -3.79225e-06 1.56181e-22
-0.000144486 -3.55307e-06 1.46331e-22
-0.000142026 -3.29304e-06 1.35622e-22
-0.000139491 -3.01628e-06 1.24223e-22
-0.000136911 -2.72683e-06 1.12303e-22
-0.000134313 -2.42887e-06 1.00031e-22
-0.000131726 -2.12648e-06 8.75777e-23
-0.000129176 -1.82387e-06 7.51151e-23
-0.000126692 -1.52496e-06 6.28046e-23
-0.000124294 -1.23304e-06 5.07819e-23
-0.000121995 -9.49989e-07 3.91247e-23
-0.000119801 -6.76963e-07 2.78803e-23
-0.000117721 -4.14936e-07 1.70889e-23
-0.000115753 -1.63964e-07 6.75275e-24
-0.000113886 7.76769e-08 -3.19907e-24
-0.000112103 3.12608e-07 -1.28746e-23
-0.000110383 5.43603e-07 -2.23879e-23
-0.000108712 7.72967e-07 -3.18341e-23
-0.00010708 1.00203e-06 -4.12681e-23
-0.000105481 1.23162e-06 -5.07232e-23
-0.000103909 1.4626e-06 -6.02362e-23
-0.000102363 1.69508e-06 -6.98107e-23
-0.000100853 1.92751e-06 -7.93831e-23
-9.93953e-05 2.15753e-06 -8.88563e-23
-9.80039e-05 2.38288e-06 -9.81372e-23
-9.66969e-05 2.60087e-06 -1.07115e-22
-9.5498e-05 2.80791e-06 -1.15642e-22
-9.44334e-05 3e-06 -1.23553e-22
-9.35279e-05 3.17334e-06 -1.30692e-22
-9.28051e-05 3.32428e-06 -1.36908e-22
-9.22875e-05 3.44931e-06 -1.42057e-22
-9.19961e-05 3.54508e-06 -1.46002e-22
-9.19495e-05 3.60857e-06 -1.48617e-22
-9.21596e-05 3.63774e-06 -1.49818e-22
-9.26256e-05 3.63238e-06 -1.49597e-22
-9.33395e-05 3.5933e-06 -1.47987e-22
-9.42915e-05 3.52157e-06 -1.45034e-22
-9.54693e-05 3.41856e-06 -1.40791e-22
-9.68588e-05 3.2859e-06 -1.35328e-22
-9.8444e-05 3.12546e-06 -1.2872e-22
-0.000100208 2.93926e-06 -1.21052e-22
-0.000102144 2.72863e-06 -1.12377e-22
-0.000104204 2.49953e-06 -1.02941e-22
-0.000106337 2.25844e-06 -9.30125e-23
-0.00010851 2.01017e-06 -8.27875e-23
-0.00011068 1.76024e-06 -7.24942e-23
-0.000112819 1.51277e-06 -6.23022e-23
-0.000114894 1.27188e-06 -5.23817e-23
-0.000116881 1.04112e-06 -4.28779e-23
-0.000118754 8.23782e-07 -3.39269e-23
-0.000120496 6.22398e-07 -2.5633e-23
-0.00012209 4.39096e-07 -1.80839e-23
-0.000123524 2.75552e-07 -1.13484e-23
-0.000124796 1.32218e-07 -5.44532e-24
-0.000125917 7.33309e-09 -3.02008e-25
-0.000126907 -1.02134e-07 4.20631e-24
-0.000127791 -1.99552e-07 8.2184e-24
-0.000128596 -2.88752e-07 1.18921e-23
-0.000129352 -3.74212e-07 1.54117e-23
-0.000130113 -4.62485e-07 1.90471e-23
-0.000130903 -5.57554e-07 2.29625e-23
-0.000131749 -6.63567e-07 2.73285e-23
-0.000132691 -7.85706e-07 3.23588e-23
-0.000133757 -9.27954e-07 3.82172e-23
-0.00013498 -1.09492e-06 4.50936e-23
-0.000136389 -1.29055e-06 5.31505e-23
-0.000138013 -1.5189e-06 6.2555e-23
-0.000139875 -1.78345e-06 7.34501e-23
-0.000142003 -2.08771e-06 8.5981e-23
-0.000144416 -2.43491e-06 1.0028e-22
-0.000147134 -2.82768e-06 1.16456e-22
-0.000150179 -3.26844e-06 1.34608e-22
-0.000153561 -3.75925e-06 1.54822e-22
-0.00015729 -4.30131e-06 1.77147e-22
-0.000161366 -4.89467e-06 2.01584e-22
-0.000165781 -5.53848e-06 2.28099e-22
-0.000170522 -6.23119e-06 2.56627e-22
-0.000175577 -6.97106e-06 2.87099e-22
-0.000180926 -7.75517e-06 3.19392e-22
-0.000186539 -8.57948e-06 3.5334e-22
-0.000192387 -9.43998e-06 3.88779e-22
-0.000198435 -1.03319e-05 4.25513e-22
-0.000204644 -1.12499e-05 4.63321e-22
-0.000210974 -1.21881e-05 5.0196e-22
-0.00021738 -1.31406e-05 5.41188e-22
-0.000223817 -1.41009e-05 5.80738e-22
-0.000230234 -1.50617e-05 6.20307e-22
-0.000236576 -1.60152e-05 6.59575e-22
-0.000242788 -1.69537e-05 6.98228e-22
-0.000248824 -1.78704e-05 7.35979e-22
-0.000254641 -1.87592e-05 7.72583e-22
-0.000260203 -1.9615e-05 8.0783e-22
-0.000265478 -2.0433e-05 8.41519e-22
-0.000270436 -2.12091e-05 8.73481e-22
-0.000275058 -2.194e-05 9.03584e-22
-0.000279326 -2.26234e-05 9.31728e-22
-0.000283227 -2.32571e-05 9.57827e-22
-0.000286752 -2.38396e-05 9.81818e-22
-0.000289896 -2.437e-05 1.00366e-21
-0.000292658 -2.48479e-05 1.02335e-21
-0.00029504 -2.52733e-05 1.04086e-21
-0.000297044 -2.5646e-05 1.05621e-21
-0.000298668 -2.59656e-05 1.06938e-21
-0.000299911 -2.62316e-05 1.08033e-21
-0.000300774 -2.64437e-05 1.08906e-21
-0.000301259 -2.66015e-05 1.09557e-21
-0.000301363 -2.67046e-05 1.09981e-21
-0.000301083 -2.6752e-05 1.10176e-21
-0.000300421 -2.67434e-05 1.10141e-21
-0.000299375 -2.66785e-05 1.09874e-21
-0.000297947 -2.6557e-05 1.09373e-21
-0.000296139 -2.63789e-05 1.0864e-21
-0.000293956 -2.61445e-05 1.07674e-21
-0.0002914 -2.5854e-05 1.06478e-21
-0.000288465 -2.55069e-05 1.05049e-21
-0.000285163 -2.51044e-05 1.03391e-21
-0.000281507 -2.46474e-05 1.01509e-21
-0.0002775 -2.41366e-05 9.9405e-22
-0.000273158 -2.3574e-05 9.70878e-22
-0.000268494 -2.29614e-05 9.45648e-22
-0.000263526 -2.23011e-05 9.18457e-22
-0.00025827 -2.15957e-05 8.89402e-22
-0.000252749 -2.08482e-05 8.58618e-22
-0.000246987 -2.00621e-05 8.26245e-22
-0.000241009 -1.9241e-05 7.92428e-22
-0.000234841 -1.83888e-05 7.5733e-22
-0.000228517 -1.75103e-05 7.21151e-22
-0.000222073 -1.66109e-05 6.84108e-22
-0.000215545 -1.56957e-05 6.46417e-22
-0.000208962 -1.47692e-05 6.0826e-22
-0.000202344 -1.38341e-05 5.69748e-22
-0.000195699 -1.28924e-05 5.30963e-22
-0.00018904 -1.19455e-05 4.91969e-22
-0.00018238 -1.09947e-05 4.5281e-22
-0.000175714 -1.00397e-05 4.13477e-22
-0.000169039 -9.07941e-06 3.73929e-22
-0.000162348 -8.11309e-06 3.34132e-22
-0.000155633 -7.13977e-06 2.94046e-22
-0.000148896 -6.15913e-06 2.5366e-22
-0.000142136 -5.17089e-06 2.1296e-22
-0.000135354 -4.17484e-06 1.71938e-22
-0.000128554 -3.17157e-06 1.30619e-22
-0.000121754 -2.16343e-06 8.90996e-23
-0.000114976 -1.15362e-06 4.75109e-23
-0.000108245 -1.45283e-07 5.9834e-24
-0.000101584 8.58055e-07 -3.53384e-23
-9.50252e-05 1.85211e-06 -7.62779e-23
-8.86003e-05 2.83229e-06 -1.16646e-22
-8.23406e-05 3.79418e-06 -1.56261e-22
-7.62738e-05 4.7339e-06 -1.94962e-22
-7.04208e-05 5.6485e-06 -2.3263e-22
-6.47988e-05 6.53561e-06 -2.69165e-22
-5.94223e-05 7.39317e-06 -3.04483e-22
-5.43015e-05 8.21979e-06 -3.38527e-22
-4.94386e-05 9.01514e-06 -3.71282e-22
-4.49234e-05 9.77107e-06 -4.02415e-22
-4.06876e-05 1.0494e-05 -4.3219e-22
-3.66778e-05 1.11892e-05 -4.60821e-22
-3.29305e-05 1.1853e-05 -4.88156e-22
-2.94256e-05 1.24867e-05 -5.14258e-22
-2.61793e-05 1.30887e-05 -5.39051e-22
-2.31852e-05 1.36591e-05 -5.62542e-22
-2.0458e-05 1.41958e-05 -5.84644e-22
-1.79999e-05 1.46976e-05 -6.05312e-22
-1.58212e-05 1.51629e-05 -6.24473e-22
-1.3925e-05 1.55905e-05 -6.42085e-22
-1.23157e-05 1.59795e-05 -6.58104e-22
-1.09936e-05 1.63291e-05 -6.72504e-22
-9.9592e-06 1.66389e-05 -6.85263e-22
-9.21089e-06 1.69085e-05 -6.96366e-22
-8.7472e-06 1.71376e-05 -7.058e-22
-8.56552e-06 1.7326e-05 -7.13558e-22
-8.66289e-06 1.74735e-05 -7.19636e-22
-9.03836e-06 1.75799e-05 -7.24016e-22
-9.69661e-06 1.76438e-05 -7.26647e-22
-1.06449e-05 1.76635e-05 -7.27461e-22
-1.18905e-05 1.76376e-05 -7.26394e-22
-1.34407e-05 1.75645e-05 -7.23381e-22
-1.53039e-05 1.74423e-05 -7.1835e-22
-1.74888e-05 1.72694e-05 -7.1123e-22
-2.00041e-05 1.70441e-05 -7.01951e-22
-2.28542e-05 1.67654e-05 -6.90472e-22
-2.60348e-05 1.64336e-05 -6.76805e-22
-2.9537e-05 1.60496e-05 -6.60994e-22
-3.33523e-05 1.56147e-05 -6.43081e-22
-3.74675e-05 1.51305e-05 -6.2314e-22
-4.18597e-05 1.46003e-05 -6.01305e-22
-4.65018e-05 1.40282e-05 -5.77741e-22
-5.13504e-05 1.34191e-05 -5.52657e-22
-5.63904e-05 1.27764e-05 -5.26186e-22
-6.15996e-05 1.2104e-05 -4.98496e-22
-6.69406e-05 1.14073e-05 -4.69801e-22
-7.23887e-05 1.06903e-05 -4.40275e-22
-7.79148e-05 9.95754e-06 -4.10095e-22
-8.3504e-05 9.21156e-06 -3.79372e-22
-8.91354e-05 8.45451e-06 -3.48193e-22
-9.47952e-05 7.6889e-06 -3.16662e-22
-0.000100482 6.91653e-06 -2.84853e-22
-0.000106189 6.13852e-06 -2.52811e-22
-0.000111913 5.35589e-06 -2.20579e-22
-0.000117653 4.56925e-06 -1.88181e-22
-0.000123408 3.77903e-06 -1.55637e-22
-0.000129188 2.98412e-06 -1.22899e-22
-0.000135005 2.18307e-06 -8.99083e-23
-0.000140873 1.37429e-06 -5.65992e-23
-0.000146803 5.56409e-07 -2.29153e-23
-0.000152807 -2.72129e-07 1.12074e-23
-0.000158896 -1.11293e-06 4.58354e-23
-0.00016508 -1.96712e-06 8.10146e-23
-0.000171359 -2.8349e-06 1.16753e-22
-0.00017773 -3.71559e-06 1.53024e-22
-0.00018418 -4.60758e-06 1.8976e-22
-0.000190696 -5.50904e-06 2.26886e-22
-0.00019726 -6.41731e-06 2.64293e-22
-0.000203841 -7.32833e-06 3.01812e-22
-0.000210406 -8.23728e-06 3.39247e-22
-0.000216918 -9.13916e-06 3.7639e-22
-0.000223393 -1.00337e-05 4.1323e-22
-0.000229747 -1.0911e-05 4.49363e-22
-0.000235909 -1.17625e-05 4.84432e-22
-0.000241854 -1.2584e-05 5.18264e-22
-0.000247527 -1.33686e-05 5.50575e-22
-0.000252906 -1.41125e-05 5.81215e-22
-0.000257952 -1.48114e-05 6.09997e-22
-0.000262646 -1.54619e-05 6.36789e-22
-0.00026696 -1.60611e-05 6.61465e-22
-0.000270889 -1.66079e-05 6.83986e-22
-0.000274426 -1.7102e-05 7.04336e-22
-0.000277571 -1.75437e-05 7.22527e-22
-0.000280324 -1.79331e-05 7.38563e-22
-0.000282685 -1.82703e-05 7.52449e-22
-0.000284652 -1.85553e-05 7.64188e-22
-0.00028623 -1.87887e-05 7.73799e-22
-0.000287422 -1.89712e-05 7.81316e-22
-0.000288236 -1.9104e-05 7.86785e-22
-0.000288683 -1.91885e-05 7.90266e-22
-0.000288775 -1.92265e-05 7.91831e-22
-0.000288524 -1.92197e-05 7.9155e-22
-0.000287939 -1.91693e-05 7.89475e-22
-0.000287029 -1.90764e-05 7.85651e-22
-0.000285805 -1.89425e-05 7.80134e-22
-0.000284273 -1.87684e-05 7.72964e-22
-0.000282436 -1.8554e-05 7.64135e-22
-0.00028029 -1.82988e-05 7.53623e-22
-0.000277834 -1.80023e-05 7.41413e-22
-0.000275067 -1.7664e-05 7.2748e-22
-0.000271982 -1.72828e-05 7.1178e-22
-0.000268572 -1.68573e-05 6.94259e-22
-0.000264833 -1.63866e-05 6.7487e-22
-0.000260759 -1.58696e-05 6.5358e-22
-0.000256349 -1.53061e-05 6.30372e-22
-0.000251604 -1.46958e-05 6.05239e-22
-0.000246526 -1.40389e-05 5.78183e-22
-0.000241123 -1.33362e-05 5.49242e-22
-0.000235412 -1.25901e-05 5.18514e-22
-0.000229416 -1.18039e-05 4.86135e-22
-0.00022316 -1.0981e-05 4.52243e-22
-0.000216669 -1.0125e-05 4.16991e-22
-0.000209972 -9.24007e-06 3.80546e-22
-0.000203099 -8.33049e-06 3.43086e-22
-0.000196079 -7.4006e-06 3.04789e-22
-0.000188996 -6.45979e-06 2.66042e-22
-0.000181854 -5.51054e-06 2.26948e-22
-0.000174666 -4.5562e-06 1.87644e-22
-0.000167491 -3.6044e-06 1.48445e-22
-0.00016035 -2.65938e-06 1.09525e-22
-0.000153286 -1.72695e-06 7.11231e-23
-0.000146327 -8.11385e-07 3.34164e-23
-0.000139506 8.24258e-08 -3.39465e-24
-0.000132851 9.50307e-07 -3.91377e-23
-0.00012639 1.78788e-06 -7.36326e-23
-0.000120149 2.59117e-06 -1.06716e-22
-0.000114149 3.35592e-06 -1.38211e-22
-0.000108409 4.07898e-06 -1.6799e-22
-0.000102942 4.7582e-06 -1.95963e-22
-9.77835e-05 5.38891e-06 -2.21939e-22
-9.29625e-05 5.96766e-06 -2.45774e-22
-8.84893e-05 6.49204e-06 -2.6737e-22
-8.43871e-05 6.95892e-06 -2.86599e-22
-8.06683e-05 7.36601e-06 -3.03364e-22
-7.73508e-05 7.71073e-06 -3.17561e-22
-7.44453e-05 7.99118e-06 -3.29111e-22
-7.19635e-05 8.20563e-06 -3.37943e-22
-6.99126e-05 8.35286e-06 -3.44007e-22
-6.82998e-05 8.43171e-06 -3.47254e-22
-6.71341e-05 8.44077e-06 -3.47628e-22
-6.64289e-05 8.37797e-06 -3.45041e-22
-6.61985e-05 8.24108e-06 -3.39403e-22
-6.6457e-05 8.02795e-06 -3.30626e-22
-6.72192e-05 7.73626e-06 -3.18613e-22
-6.85053e-05 7.36295e-06 -3.03238e-22
-7.0337e-05 6.9047e-06 -2.84366e-22
-7.27335e-05 6.35854e-06 -2.61872e-22
-7.57128e-05 5.72168e-06 -2.35644e-22
-7.93488e-05 4.98621e-06 -2.05354e-22
-8.3665e-05 4.14891e-06 -1.7087e-22
-8.86181e-05 3.21299e-06 -1.32325e-22
-9.42166e-05 2.1769e-06 -8.96541e-23
-0.00010047 1.03913e-06 -4.27961e-23
-0.000107381 -2.01159e-07 8.28459e-24
-0.000114953 -1.54461e-06 6.36136e-23
-0.000123185 -2.99141e-06 1.23199e-22
-0.000132075 -4.54169e-06 1.87046e-22
-0.000141618 -6.19525e-06 2.55147e-22
-0.000151809 -7.95152e-06 3.27478e-22
-0.000162636 -9.80951e-06 4.03998e-22
-0.000174088 -1.17678e-05 4.84651e-22
-0.000186149 -1.38247e-05 5.69363e-22
-0.000198801 -1.59781e-05 6.58049e-22
-0.000212015 -1.82243e-05 7.50555e-22
-0.000225741 -2.05562e-05 8.46595e-22
-0.000239918 -2.29654e-05 9.45816e-22
-0.000254484 -2.54432e-05 1.04786e-21
-0.00026937 -2.79797e-05 1.15232e-21
-0.000284489 -3.05625e-05 1.2587e-21
-0.00029975 -3.31782e-05 1.36642e-21
-0.000315061 -3.58136e-05 1.47496e-21
-0.000330329 -3.84547e-05 1.58373e-21
-0.000345445 -4.10857e-05 1.69209e-21
-0.000360301 -4.36901e-05 1.79935e-21
-0.000374792 -4.62523e-05 1.90487e-21
-0.000388821 -4.87575e-05 2.00804e-21
-0.000402304 -5.11926e-05 2.10833e-21
-0.000415166 -5.35456e-05 2.20524e-21
-0.000427337 -5.58057e-05 2.29832e-21
-0.000438765 -5.7964e-05 2.38721e-21
-0.000449418 -6.00148e-05 2.47167e-21
-0.000459282 -6.19545e-05 2.55155e-21
-0.000468346 -6.37803e-05 2.62675e-21
-0.00047662 -6.54924e-05 2.69726e-21
-0.000484142 -6.70948e-05 2.76326e-21
-0.000490967 -6.85943e-05 2.82501e-21
-0.000497156 -6.99981e-05 2.88282e-21
-0.000502772 -7.1314e-05 2.93702e-21
-0.00050788 -7.25502e-05 2.98793e-21
-0.000512551 -7.37156e-05 3.03593e-21
-0.00051685 -7.48185e-05 3.08135e-21
-0.000520842 -7.58671e-05 3.12454e-21
-0.000524583 -7.68681e-05 3.16576e-21
-0.000528119 -7.78272e-05 3.20526e-21
-0.000531495 -7.87498e-05 3.24326e-21
-0.000534745 -7.964e-05 3.27992e-21
-0.000537883 -8.04992e-05 3.31531e-21
-0.000540915 -8.13275e-05 3.34942e-21
-0.000543841 -8.21243e-05 3.38223e-21
-0.000546653 -8.2888e-05 3.41369e-21
-0.000549332 -8.36157e-05 3.44366e-21
-0.000551851 -8.43033e-05 3.47197e-21
-0.000554182 -8.49464e-05 3.49846e-21
-0.000556287 -8.55399e-05 3.52291e-21
-0.000558125 -8.60778e-05 3.54506e-21
-0.00055965 -8.65536e-05 3.56465e-21
-0.000560813 -8.69606e-05 3.58141e-21
-0.000561568 -8.72921e-05 3.59507e-21
-0.000561869 -8.75419e-05 3.60536e-21
-0.000561669 -8.77042e-05 3.61204e-21
-0.000560929 -8.77731e-05 3.61488e-21
-0.000559611 -8.77435e-05 3.61366e-21
-0.000557681 -8.76109e-05 3.6082e-21
-0.000555112 -8.73716e-05 3.59834e-21
-0.00055188 -8.70223e-05 3.58396e-21
-0.000547962 -8.65603e-05 3.56493e-21
-0.000543346 -8.59835e-05 3.54117e-21
-0.000538022 -8.52908e-05 3.51265e-21
-0.000531985 -8.44815e-05 3.47932e-21
-0.000525231 -8.35549e-05 3.44115e-21
-0.000517751 -8.25097e-05 3.39811e-21
-0.000509541 -8.13447e-05 3.35013e-21
-0.000500595 -8.00592e-05 3.29719e-21
-0.000490916 -7.86528e-05 3.23926e-21
-0.000480504 -7.71252e-05 3.17635e-21
-0.000469361 -7.54763e-05 3.10844e-21
-0.000457496 -7.37065e-05 3.03555e-21
-0.000444924 -7.18178e-05 2.95777e-21
-0.000431676 -6.98142e-05 2.87525e-21
-0.000417795 -6.7701e-05 2.78822e-21
-0.000403321 -6.5484e-05 2.69691e-21
-0.000388308 -6.31701e-05 2.60162e-21
-0.000372822 -6.07689e-05 2.50273e-21
-0.000356939 -5.8291e-05 2.40068e-21
-0.000340734 -5.57471e-05 2.29591e-21
-0.000324297 -5.31501e-05 2.18895e-21
-0.000307744 -5.05173e-05 2.08052e-21
-0.000291207 -4.78677e-05 1.9714e-21
-0.000274811 -4.52202e-05 1.86237e-21
-0.000258686 -4.25942e-05 1.75421e-21
-0.000242971 -4.00107e-05 1.64782e-21
-0.000227808 -3.74913e-05 1.54405e-21
-0.00021333 -3.50564e-05 1.44378e-21
-0.000199665 -3.27261e-05 1.3478e-21
-0.000186938 -3.05199e-05 1.25694e-21
-0.000175267 -2.84568e-05 1.17198e-21
-0.000164762 -2.65546e-05 1.09363e-21
-0.000155515 -2.48287e-05 1.02255e-21
-0.000147601 -2.3292e-05 9.59264e-22
-0.000141078 -2.19552e-05 9.0421e-22
-0.000135994 -2.08278e-05 8.57778e-22
-0.00013238 -1.99167e-05 8.20254e-22
-0.000130244 -1.92251e-05 7.91773e-22
-0.000129573 -1.8754e-05 7.7237e-22
-0.000130351 -1.85032e-05 7.62042e-22
-0.000132544 -1.84702e-05 7.60684e-22
-0.00013609 -1.86483e-05 7.68018e-22
-0.000140913 -1.90284e-05 7.8367e-22
-0.000146934 -1.96011e-05 8.07256e-22
-0.00015407 -2.03561e-05 8.3835e-22
-0.000162227 -2.12814e-05 8.7646e-22
-0.000171309 -2.23645e-05 9.21067e-22
-0.000181224 -2.35931e-05 9.71664e-22
-0.000191879 -2.49548e-05 1.02775e-21
-0.000203186 -2.64375e-05 1.08881e-21
-0.00021506 -2.80291e-05 1.15436e-21
-0.00022742 -2.97182e-05 1.22392e-21
-0.000240198 -3.14947e-05 1.29709e-21
-0.000253334 -3.33497e-05 1.37348e-21
-0.000266778 -3.52753e-05 1.45279e-21
-0.000280487 -3.72645e-05 1.53471e-21
-0.00029443 -3.93118e-05 1.61903e-21
-0.000308586 -4.14132e-05 1.70558e-21
-0.000322947 -4.3566e-05 1.79424e-21
-0.000337508 -4.57681e-05 1.88493e-21
-0.000352269 -4.80182e-05 1.9776e-21
-0.000367238 -5.03155e-05 2.07221e-21
-0.000382424 -5.26601e-05 2.16877e-21
-0.000397841 -5.50519e-05 2.26728e-21
-0.000413494 -5.74904e-05 2.3677e-21
-0.000429379 -5.99732e-05 2.46995e-21
-0.000445486 -6.2497e-05 2.5739e-21
-0.0004618 -6.50583e-05 2.67938e-21
-0.000478295 -6.76517e-05 2.78619e-21
-0.000494916 -7.02679e-05 2.89394e-21
-0.000511597 -7.28955e-05 3.00215e-21
-0.000528264 -7.55229e-05 3.11036e-21
-0.000544835 -7.81368e-05 3.21801e-21
-0.000561208 -8.07212e-05 3.32445e-21
-0.00057727 -8.32585e-05 3.42895e-21
-0.000592905 -8.57313e-05 3.53079e-21
-0.000607986 -8.81216e-05 3.62923e-21
-0.000622404 -9.04117e-05 3.72355e-21
-0.000636049 -9.25841e-05 3.81302e-21
-0.0006488 -9.46214e-05 3.89692e-21
-0.000660545 -9.65079e-05 3.97461e-21
-0.000671193 -9.8229e-05 4.0455e-21
-0.000680671 -9.97721e-05 4.10905e-21
-0.000688895 -0.000101125 4.16478e-21
-0.000695801 -0.000102278 4.21226e-21
-0.000701338 -0.000103223 4.25118e-21
-0.000705473 -0.000103954 4.28129e-21
-0.000708174 -0.000104467 4.30239e-21
-0.000709432 -0.000104758 4.31437e-21
-0.000709259 -0.000104828 4.31729e-21
-0.00070769 -0.000104683 4.31131e-21
-0.000704762 -0.000104327 4.29662e-21
-0.000700524 -0.000103765 4.27347e-21
-0.000695039 -0.000103005 4.2422e-21
-0.000688377 -0.000102057 4.20317e-21
-0.000680611 -0.000100931 4.15678e-21
-0.000671819 -9.96364e-05 4.10346e-21
-0.000662082 -9.81835e-05 4.04362e-21
-0.000651482 -9.65835e-05 3.97773e-21
-0.0006401 -9.48471e-05 3.90621e-21
-0.00062801 -9.29838e-05 3.82948e-21
-0.000615269 -9.1001e-05 3.74782e-21
-0.000601926 -8.89046e-05 3.66148e-21
-0.000588025 -8.67e-05 3.57068e-21
-0.000573601 -8.43918e-05 3.47562e-21
-0.000558682 -8.1983e-05 3.37642e-21
-0.000543285 -7.94758e-05 3.27316e-21
-0.000527422 -7.68715e-05 3.1659e-21
-0.000511104 -7.41712e-05 3.05469e-21
-0.000494337 -7.13758e-05 2.93956e-21
-0.000477123 -6.84859e-05 2.82055e-21
-0.000459463 -6.55016e-05 2.69764e-21
-0.000441353 -6.24229e-05 2.57085e-21
-0.000422796 -5.92507e-05 2.4402e-21
-0.000403783 -5.59865e-05 2.30577e-21
-0.000384315 -5.26303e-05 2.16755e-21
-0.000364401 -4.91832e-05 2.02558e-21
-0.000344042 -4.56473e-05 1.87995e-21
-0.000323236 -4.20251e-05 1.73078e-21
-0.000302001 -3.83194e-05 1.57816e-21
-0.000280343 -3.45319e-05 1.42217e-21
-0.00025825 -3.0663e-05 1.26283e-21
-0.000235712 -2.67124e-05 1.10013e-21
-0.000212714 -2.26799e-05 9.34058e-22
-0.000189246 -1.85653e-05 7.64598e-22
-0.000165288 -1.43675e-05 5.91717e-22
-0.000140825 -1.00858e-05 4.15378e-22
-0.000115843 -5.71985e-06 2.35568e-22
-9.03371e-05 -1.27011e-06 5.23088e-23
-6.43095e-05 3.26158e-06 -1.34326e-22
-3.77713e-05 7.87237e-06 -3.24218e-22
-1.13269e-05 1.25042e-05 -5.14977e-22
1.53858e-05 1.71873e-05 -7.07846e-22
4.26577e-05 2.19471e-05 -9.03875e-22
7.02423e-05 2.67574e-05 -1.10199e-21
9.823e-05 3.16237e-05 -1.3024e-21
0.000126468 3.65279e-05 -1.50438e-21
0.000154947 4.1465e-05 -1.70771e-21
0.000183538 4.64182e-05 -1.9117e-21
0.000212181 5.13772e-05 -2.11594e-21
0.000240759 5.63258e-05 -2.31974e-21
0.000269178 6.12499e-05 -2.52253e-21
0.000297316 6.61322e-05 -2.72361e-21
0.000325066 7.09572e-05 -2.92232e-21
0.000352303 7.57074e-05 -3.11796e-21
0.000378913 8.03665e-05 -3.30984e-21
0.000404775 8.49172e-05 -3.49726e-21
0.000429774 8.93433e-05 -3.67954e-21
0.000453796 9.36289e-05 -3.85605e-21
0.000476741 9.776e-05 -4.02618e-21
0.000498516 0.000101724 -4.18942e-21
0.000519078 0.00010551 -4.34537e-21
0.000538316 0.000109107 -4.4935e-21
0.000556141 0.000112503 -4.63335e-21
0.000572511 0.00011569 -4.76463e-21
0.000587366 0.000118662 -4.88703e-21
0.000600673 0.000121413 -5.00032e-21
0.000612385 0.000123937 -5.10427e-21
0.000622483 0.000126231 -5.19875e-21
0.000630946 0.000128292 -5.28363e-21
0.000637776 0.00013012 -5.35892e-21
0.000642994 0.000131719 -5.42475e-21
0.000646644 0.000133094 -5.48137e-21
0.000648776 0.000134252 -5.52908e-21
0.000649458 0.000135203 -5.56827e-21
0.000648772 0.00013596 -5.59942e-21
0.000646818 0.000136536 -5.62314e-21
0.0006437 0.000136946 -5.64002e-21
0.000639518 0.000137205 -5.65069e-21
0.000634367 0.000137326 -5.65569e-21
0.000628334 0.000137323 -5.65554e-21
0.000621529 0.000137206 -5.65075e-21
0.00061403 0.000136991 -5.64186e-21
0.000605897 0.000136686 -5.62933e-21
0.000597217 0.000136302 -5.61352e-21
0.000588037 0.000135849 -5.59483e-21
0.000578414 0.000135333 -5.57362e-21
0.0005684 0.000134764 -5.55016e-21
0.000558029 0.000134146 -5.52471e-21
0.000547349 0.000133486 -5.49753e-21
0.00053639 0.000132789 -5.46882e-21
0.000525173 0.000132057 -5.4387e-21
0.000513709 0.000131293 -5.40723e-21
0.000502011 0.000130498 -5.37449e-21
0.000490091 0.000129675 -5.34056e-21
0.000477961 0.000128823 -5.30551e-21
0.000465632 0.000127946 -5.26938e-21
0.000453119 0.000127045 -5.23227e-21
0.000440435 0.000126121 -5.19423e-21
0.000427587 0.000125176 -5.15529e-21
0.000414582 0.000124209 -5.11547e-21
0.00040143 0.000123221 -5.07479e-21
0.00038814 0.000122214 -5.03329e-21
0.000374719 0.000121186 -4.99096e-21
0.00036117 0.000120137 -4.94777e-21
0.000347505 0.000119068 -4.90375e-21
0.000333733 0.000117979 -4.85888e-21
0.000319864 0.000116869 -4.81317e-21
0.000305907 0.000115738 -4.76661e-21
0.000291876 0.000114587 -4.71919e-21
0.000277785 0.000113416 -4.67095e-21
0.000263657 0.000112225 -4.62193e-21
0.000249718 0.000111024 -4.57246e-21
0.000236086 0.000109815 -4.52264e-21
0.000222567 0.000108594 -4.47236e-21
0.000209141 0.000107366 -4.42181e-21
0.000196091 0.00010614 -4.37131e-21
0.00018343 0.000104921 -4.3211e-21
0.000171 0.000103718 -4.27156e-21
0.000158948 0.000102546 -4.22329e-21
0.000147402 0.000101421 -4.17696e-21
0.000136454 0.000100357 -4.13312e-21
0.000126215 9.93668e-05 -4.09235e-21
0.000116783 9.84655e-05 -4.05524e-21
0.000108264 9.76673e-05 -4.02236e-21
0.000100714 9.69826e-05 -3.99416e-21
9.48084e-05 9.64496e-05 -3.97221e-21
9.0555e-05 9.60731e-05 -3.95671e-21
8.73837e-05 9.58348e-05 -3.94689e-21
8.54412e-05 9.5752e-05 -3.94348e-21
8.47371e-05 9.58286e-05 -3.94664e-21
8.53133e-05 9.60714e-05 -3.95664e-21
8.718e-05 9.64834e-05 -3.97361e-21
9.03379e-05 9.70666e-05 -3.99762e-21
9.4778e-05 9.78215e-05 -4.02871e-21
0.000100501 9.87498e-05 -4.06694e-21
0.000107483 9.98502e-05 -4.11226e-21
0.000115687 0.00010112 -4.16455e-21
0.000125072 0.000102555 -4.22366e-21
0.000135592 0.000104152 -4.28942e-21
0.000147217 0.000105904 -4.36159e-21
0.000159911 0.000107807 -4.43994e-21
0.000173679 0.000109857 -4.52439e-21
0.000188485 0.00011205 -4.6147e-21
0.000204251 0.000114377 -4.71054e-21
0.000220922 0.000116832 -4.81163e-21
0.000238258 0.000119383 -4.91672e-21
0.000256012 0.000121973 -8.86218e-21
0.000274346 0.000124635 -8.97401e-21
0.00029334 0.000127397 -9.09002e-21
0.000312941 0.000130251 -9.20989e-21
0.000333122 0.000133193 -9.33347e-21
0.000353564 0.000136096 -4.27418e-21
0.000374259 0.000138989 -8.87663e-21
0.000395383 0.000141956 -7.77507e-21
0.00041692 0.000144977 -5.19044e-21
0.000438838 0.00014805 -4.13965e-21
0.000461129 0.00015118 -1.31285e-20
0.000483775 0.000154363 -9.74248e-21
0.000506369 0.000157417 -3.55677e-21
0.00052899 0.00016043 -5.59858e-21
0.000551776 0.000163447 1.00776e-19
0.000574778 0.000166486 -8.49435e-21
0.000596245 0.000169405 -9.93595e-21
0.000615228 0.000172119 1.20432e-17
0.000633595 0.000174783 -7.45808e-21
0.000652068 0.00017739 -1.64903e-20
0.000670237 0.000179815 -6.19559e-21
0.00068839 0.000182241 -6.32632e-21
0.000706089 0.000184534 -9.41647e-21
0.000724016 0.000186834 1.50148e-18
0.000741934 0.000189103 -2.52841e-19
0.000759818 0.000191351 5.32855e-20
0.000777653 0.000193583 -1.16603e-20
0.000794995 0.000195689 -1.4032e-20
0.000811453 0.000197477 -1.56113e-19
0.000827727 0.000199099 6.36871e-20
0.000843716 0.000200693 -1.8899e-20
0.000859469 0.000202253 -6.20418e-17
0.000874955 0.000203776 1.5146e-19
0.000890117 0.000205258 -7.54083e-20
0.000904917 0.0002067 -8.6094e-20
0.000919316 0.000208093 -9.27977e-20
0.000933268 0.000209432 -2.30181e-17
0.000946727 0.000210715 1.91029e-19
0.000959675 0.000211935 -9.35263e-20
0.000971549 0.000212988 -5.81203e-20
0.000982725 0.000213916 -8.99834e-20
0.000993413 0.00021479 -5.02266e-20
0.00100343 0.0002156 1.3164e-17
0.00101272 0.000216344 -1.15603e-18
0.00102113 0.000216911 1.35969e-20
0.00102868 0.000217435 5.06805e-20
0.00103548 0.000217899 2.89709e-20
0.00104149 0.000218304 4.54356e-20
0.00104669 0.000218647 -1.78054e-20
0.00105087 0.000218916 2.94102e-19
0.001054 0.000219106 5.05495e-20
0.00105603 0.00021918 4.76913e-20
0.00105668 0.000219057 2.67757e-20
0.00105587 0.000218719 2.6791e-20
0.00105363 0.000218168 2.68159e-20
0.00104999 0.000217407 2.68503e-20
0.00104495 0.000216438 2.68942e-20
0.00103857 0.000215265 2.69472e-20
0.00103087 0.000213893 2.70091e-20
0.00102191 0.000212329 2.70798e-20
0.00101173 0.000210578 2.7159e-20
0.00100037 0.000208644 2.72464e-20
0.000987874 0.000206534 2.73417e-20
0.000974306 0.000204254 2.74447e-20
0.000959722 0.000201813 2.7555e-20
0.000944187 0.000199217 2.76723e-20
0.000927762 0.000196476 2.77962e-20
0.000910512 0.000193599 2.79262e-20
0.000892497 0.000190592 2.80621e-20
0.000873779 0.000187464 2.82034e-20
0.000854413 0.000184224 2.83498e-20
0.000834452 0.000180878 2.8501e-20
0.000813948 0.000177435 2.86566e-20
0.000792945 0.000173899 2.88163e-20
0.000771486 0.000170279 2.89799e-20
0.000749606 0.00016658 2.91471e-20
0.000727335 0.000162807 2.93176e-20
0.000704698 0.000158964 2.94912e-20
0.000681714 0.000155056 2.96678e-20
0.000658401 0.000151085 2.98472e-20
0.000634772 0.000147056 3.00293e-20
0.000610836 0.000142972 3.02139e-20
0.000586604 0.000138835 3.04008e-20
0.000562082 0.000134647 3.05901e-20
0.000537276 0.000130412 3.07814e-20
0.000512194 0.000126133 3.09748e-20
0.000486843 0.000121812 3.11701e-20
0.000461232 0.000117452 3.13671e-20
0.00043537 0.000113056 3.15657e-20
0.000409264 0.000108627 3.17659e-20
0.000382931 0.000104168 3.19674e-20
0.000356388 9.96833e-05 3.217e-20
0.000329659 9.51773e-05 3.23736e-20
0.000302771 9.06549e-05 3.2578e-20
0.000275758 8.61219e-05 3.27828e-20
0.00024866 8.15845e-05 3.29878e-20
0.000221521 7.70492e-05 3.31928e-20
0.000194387 7.25231e-05 3.33973e-20
0.000167313 6.80139e-05 3.3601e-20
0.000140362 6.35305e-05 3.38036e-20
0.00011361 5.90835e-05 3.40046e-20
8.71423e-05 5.46845e-05 3.42033e-20
6.10459e-05 5.03455e-05 3.43994e-20
3.54075e-05 4.6078e-05 3.45922e-20
1.03046e-05 4.18922e-05 3.47814e-20
-1.41891e-05 3.77974e-05 3.49664e-20
-3.79999e-05 3.38029e-05 3.51469e-20
-6.10491e-05 2.99188e-05 3.53224e-20
-8.32493e-05 2.61562e-05 3.54924e-20
-0.00010451 2.25269e-05 3.56564e-20
-0.000124745 1.90419e-05 3.58139e-20
-0.000143877 1.57113e-05 3.59644e-20
-0.000161838 1.25433e-05 3.61076e-20
-0.000178572 9.54506e-06 3.62431e-20
-0.000194029 6.72242e-06 3.63707e-20
-0.000208164 4.08079e-06 3.64901e-20
-0.000220935 1.62566e-06 3.6601e-20
-0.000232303 -6.38133e-07 3.67034e-20
-0.000242241 -2.70716e-06 3.67969e-20
-0.000250738 -4.58029e-06 3.68816e-20
-0.000257806 -6.25957e-06 3.69575e-20
-0.000263475 -7.74936e-06 3.70249e-20
-0.000267784 -9.05545e-06 3.7084e-20
-0.000270785 -1.0185e-05 3.71351e-20
-0.000272537 -1.11466e-05 3.71786e-20
-0.000273112 -1.19499e-05 3.7215e-20
-0.000272587 -1.26058e-05 3.72448e-20
-0.000271051 -1.31264e-05 3.72684e-20
-0.0002686 -1.35252e-05 3.72865e-20
-0.000265341 -1.38168e-05 3.72998e-20
-0.000261383 -1.40162e-05 3.73089e-20
-0.000256836 -1.41389e-05 3.73145e-20
-0.000251816 -1.42008e-05 3.73174e-20
-0.000246436 -1.42178e-05 3.73183e-20
-0.00024081 -1.42058e-05 3.73179e-20
-0.000235048 -1.41801e-05 3.73168e-20
-0.000229251 -1.41551e-05 3.73158e-20
-0.000223514 -1.41443e-05 3.73155e-20
-0.000217929 -1.41606e-