-2.99228 0.00526285 -2.16747e-19
-5.98458 0.0105265 -4.33529e-19
-8.9769 0.0157911 -6.50346e-19
-11.9692 0.0210565 -8.67198e-19
-14.9616 0.0263227 -1.08408e-18
-17.9539 0.0315898 -1.30101e-18
-20.9463 0.0368578 -1.51796e-18
-23.9387 0.0421266 -1.73495e-18
-26.9311 0.0473962 -1.95198e-18
-29.9235 0.0526667 -2.16904e-18
-29.9239 0.0526892 -2.16997e-18
-29.9252 0.0527798 -2.1737e-18
-29.9279 0.0529603 -2.18114e-18
-29.9318 0.0532279 -2.19215e-18
-29.9369 0.0535662 -2.20609e-18
-29.9423 0.0539336 -2.22122e-18
-29.9474 0.0542752 -2.23529e-18
-29.9512 0.0545366 -2.24605e-18
-29.953 0.0546607 -2.25116e-18
-29.9518 0.0545843 -2.24802e-18
-29.9467 0.0542424 -2.23394e-18
-29.9366 0.053572 -2.20633e-18
-29.9209 0.0525233 -2.16314e-18
-29.8992 0.05107 -2.10328e-18
-29.8713 0.0491998 -2.02626e-18
-29.8371 0.0469033 -1.93168e-18
-29.797 0.0442015 -1.82041e-18
-29.752 0.0411746 -1.69575e-18
-29.7041 0.0379333 -1.56226e-18
-29.6547 0.034589 -1.42453e-18
-29.6058 0.0312619 -1.2875e-18
-29.5594 0.0280902 -1.15688e-18
-29.5177 0.0252197 -1.03866e-18
-29.4829 0.022792 -9.38675e-19
-29.4566 0.0209246 -8.61764e-19
-29.4401 0.0196894 -8.10893e-19
-29.4339 0.0191321 -7.87941e-19
-29.4386 0.019292 -7.94527e-19
-29.4545 0.020191 -8.31553e-19
-29.4814 0.021822 -8.98723e-19
-29.519 0.02416 -9.95013e-19
-29.5667 0.0271749 -1.11918e-18
-29.6239 0.0308289 -1.26967e-18
-29.6897 0.0350749 -1.44454e-18
-29.7635 0.039859 -1.64157e-18
-29.8441 0.0451251 -1.85845e-18
-29.9308 0.0508198 -2.09298e-18
-30.0228 0.0568989 -2.34334e-18
-30.1195 0.063323 -2.60791e-18
-30.2201 0.0700525 -2.88507e-18
-30.3241 0.0770532 -3.17339e-18
-30.4312 0.0843019 -3.47192e-18
-30.5409 0.0917817 -3.77997e-18
-30.653 0.0994774 -4.09691e-18
-30.767 0.107347 -4.421e-18
-30.8811 0.115289 -4.74812e-18
-30.9936 0.123178 -5.07302e-18
-31.1026 0.130891 -5.39067e-18
-31.2063 0.138308 -5.69611e-18
-31.303 0.145307 -5.98437e-18
-31.3908 0.151773 -6.25065e-18
-31.4683 0.157595 -6.49046e-18
-31.534 0.162678 -6.69979e-18
-31.5869 0.166939 -6.87529e-18
-31.6258 0.170311 -7.01412e-18
-31.6502 0.172731 -7.11383e-18
-31.6596 0.174169 -7.17304e-18
-31.6542 0.174637 -7.1923e-18
-31.6349 0.174174 -7.17324e-18
-31.6024 0.172827 -7.11776e-18
-31.5583 0.170684 -7.0295e-18
-31.505 0.16791 -6.91526e-18
-31.4459 0.164711 -6.7835e-18
-31.384 0.161291 -6.64268e-18
-31.3225 0.15784 -6.50054e-18
-31.2636 0.154511 -6.36345e-18
-31.2094 0.151438 -6.23688e-18
-31.162 0.148747 -6.12604e-18
-31.1229 0.146544 -6.0353e-18
-31.0933 0.144898 -5.96754e-18
-31.0739 0.143859 -5.92475e-18
-31.0652 0.143464 -5.90848e-18
-31.0672 0.143709 -5.91855e-18
-31.0787 0.144509 -5.95151e-18
-31.0975 0.145738 -6.00213e-18
-31.1217 0.147262 -6.0649e-18
-31.1494 0.148955 -6.13463e-18
-31.1788 0.15071 -6.2069e-18
-31.2083 0.15243 -6.27771e-18
-31.2365 0.154015 -6.34301e-18
-31.262 0.15539 -6.39965e-18
-31.2843 0.156523 -6.44629e-18
-31.3032 0.157404 -6.48259e-18
-31.3185 0.158028 -6.50829e-18
-31.3304 0.158414 -6.52418e-18
-31.3398 0.158631 -6.53309e-18
-31.3482 0.158773 -6.53896e-18
-31.3569 0.158939 -6.54578e-18
-31.367 0.159199 -6.55652e-18
-31.3787 0.159576 -6.57205e-18
-31.3919 0.160065 -6.59216e-18
-31.4066 0.16066 -6.61667e-18
-31.4227 0.161357 -6.64539e-18
-31.44 0.162149 -6.678e-18
-31.4584 0.163027 -6.71416e-18
-31.4779 0.163984 -6.75356e-18
-31.4984 0.165025 -6.79646e-18
-31.5205 0.166186 -6.84426e-18
-31.545 0.167513 -6.89891e-18
-31.5726 0.169054 -6.96236e-18
-31.6038 0.170846 -7.03619e-18
-31.6391 0.172912 -7.12128e-18
-31.6785 0.175263 -7.21811e-18
-31.7222 0.177909 -7.32707e-18
-31.7697 0.180809 -7.44652e-18
-31.819 0.183827 -7.5708e-18
-31.8672 0.186775 -7.6922e-18
-31.9115 0.189465 -7.803e-18
-31.9493 0.191714 -7.89561e-18
-31.9777 0.193339 -7.96254e-18
-31.9941 0.194164 -7.9965e-18
-31.996 0.194017 -7.99045e-18
-31.9818 0.192787 -7.93981e-18
-31.9515 0.190481 -7.84485e-18
-31.9062 0.187169 -7.70844e-18
-31.847 0.182926 -7.53369e-18
-31.7755 0.177861 -7.3251e-18
-31.6945 0.172149 -7.08986e-18
-31.607 0.165998 -6.83653e-18
-31.5161 0.159616 -6.57368e-18
-31.4248 0.153193 -6.30914e-18
-31.3352 0.146883 -6.04928e-18
-31.2494 0.140821 -5.7996e-18
-31.1694 0.135135 -5.56543e-18
-31.0965 0.129926 -5.35093e-18
-31.0315 0.125244 -5.15809e-18
-30.9746 0.121106 -4.98765e-18
-30.9259 0.117525 -4.84019e-18
-30.8856 0.114509 -4.71599e-18
-30.8534 0.11206 -4.6151e-18
-30.8294 0.110172 -4.53734e-18
-30.8132 0.108837 -4.4824e-18
-30.8046 0.108037 -4.44942e-18
-30.8028 0.107728 -4.43669e-18
-30.807 0.107856 -4.44198e-18
-30.8162 0.108368 -4.46306e-18
-30.8297 0.109216 -4.49798e-18
-30.847 0.110368 -4.54543e-18
-30.8677 0.111801 -4.60444e-18
-30.8914 0.113493 -4.67413e-18
-30.9176 0.115413 -4.7532e-18
-30.9456 0.117509 -4.83955e-18
-30.9745 0.119722 -4.93069e-18
-31.0034 0.121994 -5.02425e-18
-31.0318 0.124283 -5.11851e-18
-31.0595 0.126572 -5.21279e-18
-31.0864 0.128862 -5.3071e-18
-31.1128 0.131155 -5.40154e-18
-31.1389 0.13347 -5.49685e-18
-31.1656 0.135853 -5.59501e-18
-31.1938 0.138368 -5.69861e-18
-31.2247 0.141078 -5.81022e-18
-31.2593 0.144044 -5.93236e-18
-31.2984 0.147324 -6.06744e-18
-31.3431 0.150973 -6.21772e-18
-31.3941 0.155042 -6.38529e-18
-31.452 0.159552 -6.57106e-18
-31.5161 0.16447 -6.77358e-18
-31.5857 0.169728 -6.99012e-18
-31.6597 0.175256 -7.21779e-18
-31.7369 0.180964 -7.45286e-18
-31.8153 0.186726 -7.69021e-18
-31.8929 0.192401 -7.92389e-18
-31.9675 0.19784 -8.14792e-18
-32.0373 0.202923 -8.35723e-18
-32.1011 0.20757 -8.54861e-18
-32.1581 0.211728 -8.71987e-18
-32.2076 0.215346 -8.86886e-18
-32.249 0.218392 -8.99435e-18
-32.2825 0.220879 -9.09674e-18
-32.3085 0.222837 -9.17739e-18
-32.3276 0.224301 -9.23771e-18
-32.3403 0.225309 -9.27921e-18
-32.3471 0.225903 -9.30364e-18
-32.3488 0.226125 -9.31283e-18
-32.3459 0.226024 -9.30866e-18
-32.3388 0.225625 -9.29222e-18
-32.3272 0.22491 -9.26275e-18
-32.3105 0.223839 -9.21868e-18
-32.2881 0.222378 -9.15848e-18
-32.2597 0.220508 -9.08146e-18
-32.2256 0.218247 -8.98837e-18
-32.1863 0.215636 -8.88083e-18
-32.1425 0.212715 -8.76054e-18
-32.0947 0.209531 -8.62939e-18
-32.0438 0.206133 -8.48943e-18
-31.9905 0.202574 -8.34287e-18
-31.9356 0.19891 -8.19198e-18
-31.88 0.195199 -8.03915e-18
-31.8247 0.191503 -7.8869e-18
-31.7706 0.187883 -7.73785e-18
-31.7187 0.184405 -7.59461e-18
-31.6696 0.181118 -7.45922e-18
-31.6239 0.178043 -7.33256e-18
-31.5815 0.175186 -7.21491e-18
-31.5426 0.172553 -7.10647e-18
-31.5072 0.17014 -7.00712e-18
-31.4749 0.167929 -6.91603e-18
-31.4455 0.165888 -6.83201e-18
-31.4184 0.16399 -6.75381e-18
-31.393 0.16219 -6.6797e-18
-31.3685 0.160424 -6.60695e-18
-31.3436 0.158612 -6.53234e-18
-31.3172 0.156677 -6.45264e-18
-31.2882 0.154541 -6.36467e-18
-31.2555 0.152128 -6.26528e-18
-31.2179 0.149362 -6.15139e-18
-31.1745 0.146171 -6.01997e-18
-31.1248 0.142528 -5.86993e-18
-31.0698 0.1385 -5.70403e-18
-31.0113 0.134201 -5.527e-18
-30.9509 0.129747 -5.34353e-18
-30.8908 0.125265 -5.15896e-18
-30.8331 0.120916 -4.97986e-18
-30.7806 0.116874 -4.81338e-18
-30.7356 0.113306 -4.66642e-18
-30.7001 0.110331 -4.54391e-18
-30.6742 0.107979 -4.44704e-18
-30.6578 0.106227 -4.37489e-18
-30.6503 0.105047 -4.32631e-18
-30.6507 0.104385 -4.29901e-18
-30.6575 0.104135 -4.28872e-18
-30.6686 0.104168 -4.29007e-18
-30.682 0.104351 -4.29763e-18
-30.6956 0.104562 -4.3063e-18
-30.7078 0.104693 -4.31172e-18
-30.7171 0.104652 -4.31002e-18
-30.722 0.104346 -4.29743e-18
-30.7215 0.103711 -4.27126e-18
-30.7152 0.10273 -4.23089e-18
-30.7033 0.101418 -4.17685e-18
-30.686 0.0997928 -4.1099e-18
-30.6635 0.0978762 -4.03097e-18
-30.6362 0.0956947 -3.94112e-18
-30.6045 0.0932789 -3.84163e-18
-30.569 0.0906639 -3.73393e-18
-30.5301 0.0878824 -3.61938e-18
-30.4881 0.0849561 -3.49886e-18
-30.4434 0.0819033 -3.37313e-18
-30.3963 0.0787464 -3.24312e-18
-30.3476 0.0755357 -3.11089e-18
-30.2988 0.0723748 -2.98071e-18
-30.252 0.0693951 -2.85799e-18
-30.2092 0.0667285 -2.74817e-18
-30.1723 0.0645024 -2.65649e-18
-30.1433 0.0628352 -2.58782e-18
-30.1237 0.0618385 -2.54678e-18
-30.1152 0.0616201 -2.53778e-18
-30.119 0.0622493 -2.5637e-18
-30.1351 0.0637219 -2.62434e-18
-30.1627 0.0659931 -2.71788e-18
-30.2012 0.0690133 -2.84227e-18
-30.249 0.0726757 -2.9931e-18
-30.303 0.0767615 -3.16137e-18
-30.3589 0.0809948 -3.33572e-18
-30.4128 0.0851003 -3.5048e-18
-30.4608 0.0888209 -3.65803e-18
-30.4996 0.0919349 -3.78628e-18
-30.5262 0.0942425 -3.88131e-18
-30.5379 0.0955511 -3.93521e-18
-30.5324 0.095708 -3.94167e-18
-30.5086 0.0946339 -3.89744e-18
-30.466 0.0922919 -3.80098e-18
-30.4044 0.0886537 -3.65115e-18
-30.3242 0.0837566 -3.44946e-18
-30.2281 0.0777608 -3.20253e-18
-30.1195 0.0708924 -2.91966e-18
-30.002 0.0633803 -2.61027e-18
-29.8792 0.0554659 -2.28432e-18
-29.7551 0.0474141 -1.95272e-18
-29.6341 0.0394986 -1.62672e-18
-29.5201 0.0319868 -1.31736e-18
-29.4168 0.0251172 -1.03444e-18
-29.327 0.0190769 -7.85669e-19
-29.253 0.0140199 -5.77399e-19
-29.197 0.0100877 -4.15454e-19
-29.1604 0.00738288 -3.04059e-19
-29.1438 0.00594216 -2.44724e-19
-29.1469 0.00576172 -2.37293e-19
-29.1695 0.00682493 -2.8108e-19
-29.2109 0.00908802 -3.74284e-19
-29.2695 0.0124649 -5.13358e-19
-29.3435 0.0168438 -6.93701e-19
-29.4311 0.022105 -9.10381e-19
-29.5304 0.0281373 -1.15882e-18
-29.6399 0.0348545 -1.43546e-18
-29.7584 0.0421827 -1.73727e-18
-29.8845 0.0500456 -2.06109e-18
-30.0166 0.0583454 -2.40292e-18
-30.1526 0.0669433 -2.75702e-18
-30.2899 0.0756814 -3.11689e-18
-30.426 0.0844055 -3.47619e-18
-30.5589 0.0929784 -3.82925e-18
-30.6867 0.101292 -4.17163e-18
-30.8082 0.109256 -4.49964e-18
-30.922 0.116792 -4.81e-18
-31.0275 0.123857 -5.10098e-18
-31.125 0.130479 -5.37369e-18
-31.2156 0.136724 -5.63089e-18
-31.3005 0.142667 -5.87565e-18
-31.3808 0.148388 -6.11126e-18
-31.4579 0.153969 -6.34112e-18
-31.533 0.159496 -6.56872e-18
-31.6077 0.165057 -6.79775e-18
-31.6829 0.170712 -7.03066e-18
-31.7586 0.176457 -7.26728e-18
-31.8344 0.182255 -7.50606e-18
-31.9098 0.18807 -7.74556e-18
-31.9836 0.19381 -7.98192e-18
-32.0527 0.199259 -8.20634e-18
-32.1132 0.204144 -8.40754e-18
-32.161 0.208198 -8.57448e-18
-32.193 0.211198 -8.69805e-18
-32.2074 0.213014 -8.77284e-18
-32.203 0.213564 -8.79549e-18
-32.1788 0.212775 -8.76299e-18
-32.1349 0.210636 -8.67491e-18
-32.0729 0.207256 -8.5357e-18
-31.9956 0.202806 -8.35245e-18
-31.9055 0.197463 -8.13239e-18
-31.8059 0.191419 -7.88347e-18
-31.7 0.1849 -7.61499e-18
-31.5916 0.178146 -7.33683e-18
-31.4842 0.171394 -7.05873e-18
-31.381 0.164843 -6.78896e-18
-31.2839 0.158627 -6.53296e-18
-31.1943 0.152839 -6.29456e-18
-31.1135 0.147562 -6.07726e-18
-31.0421 0.142831 -5.8824e-18
-30.9789 0.138581 -5.70735e-18
-30.9222 0.134694 -5.54729e-18
-30.8701 0.13105 -5.39719e-18
-30.8205 0.127503 -5.25112e-18
-30.7704 0.123871 -5.10156e-18
-30.7169 0.119954 -4.94023e-18
-30.6569 0.115551 -4.75889e-18
-30.5876 0.110486 -4.5503e-18
-30.5072 0.10463 -4.30911e-18
-30.4139 0.0978796 -4.03111e-18
-30.3065 0.09014 -3.71236e-18
-30.184 0.0813572 -3.35064e-18
-30.0468 0.0715543 -2.94691e-18
-29.896 0.0607974 -2.5039e-18
-29.7326 0.0491594 -2.0246e-18
-29.558 0.0367259 -1.51253e-18
-29.3738 0.0236021 -9.72039e-19
-29.1818 0.00990414 -4.07895e-19
-28.9839 -0.00424991 1.7503e-19
-28.7816 -0.0187624 7.72716e-19
-28.5758 -0.033579 1.38293e-18
-28.3671 -0.0486699 2.00444e-18
-28.1559 -0.064007 2.63609e-18
-27.9431 -0.0795457 3.27604e-18
-27.7297 -0.0952068 3.92103e-18
-27.5174 -0.110896 4.56718e-18
-27.3073 -0.126525 5.21085e-18
-27.1014 -0.14198 5.84735e-18
-26.9021 -0.157089 6.46962e-18
-26.7123 -0.171658 7.0696e-18
-26.5347 -0.1855 7.63968e-18
-26.3719 -0.198446 8.17286e-18
-26.2259 -0.210342 8.66281e-18
-26.0988 -0.221052 9.10386e-18
-25.9923 -0.230452 9.491e-18
-25.9072 -0.238466 9.82104e-18
-25.841 -0.245184 1.00978e-17
-25.7921 -0.250676 1.03239e-17
-25.7625 -0.254875 1.04969e-17
-25.7512 -0.257849 1.06194e-17
-25.7559 -0.259723 1.06965e-17
-25.7744 -0.260623 1.07336e-17
-25.8042 -0.260697 1.07366e-17
-25.8426 -0.260111 1.07125e-17
-25.8857 -0.259097 1.06707e-17
-25.9295 -0.257907 1.06217e-17
-25.9701 -0.256793 1.05759e-17
-26.0041 -0.255953 1.05413e-17
-26.0297 -0.255494 1.05223e-17
-26.046 -0.255465 1.05211e-17
-26.0524 -0.255904 1.05392e-17
-26.0488 -0.256792 1.05758e-17
-26.0372 -0.258001 1.06256e-17
-26.0202 -0.259348 1.06811e-17
-26.0008 -0.260635 1.07341e-17
-25.9822 -0.26164 1.07755e-17
-25.9686 -0.262098 1.07943e-17
-25.9642 -0.261721 1.07788e-17
-25.9735 -0.260218 1.07169e-17
-25.9996 -0.257386 1.06003e-17
-26.0429 -0.253201 1.04279e-17
-26.1027 -0.247732 1.02027e-17
-26.1779 -0.241049 9.92745e-18
-26.2674 -0.233235 9.60562e-18
-26.3697 -0.2244 9.24178e-18
-26.4831 -0.21467 8.84103e-18
-26.6059 -0.204167 8.40847e-18
-26.737 -0.192974 7.94751e-18
-26.8765 -0.181094 7.45825e-18
-27.0253 -0.168483 6.93888e-18
-27.184 -0.155111 6.38816e-18
-27.3539 -0.140898 5.80279e-18
-27.5379 -0.125667 5.17551e-18
-27.7394 -0.109202 4.49743e-18
-27.9618 -0.0912918 3.75979e-18
-28.2072 -0.0717973 2.95692e-18
-28.4759 -0.0507158 2.0887e-18
-28.7669 -0.0281216 1.15817e-18
-29.079 -0.00409629 1.68703e-19
-29.4041 0.0209802 -8.64057e-19
-29.7426 0.0470237 -1.93664e-18
-30.0936 0.0738718 -3.04236e-18
-30.4505 0.101136 -4.1652e-18
-30.8105 0.128592 -5.29597e-18
-31.1687 0.155943 -6.42243e-18
-31.5225 0.182984 -7.53606e-18
-31.8682 0.209462 -8.62657e-18
-32.2032 0.235197 -9.68644e-18
-32.5255 0.260057 -1.07103e-17
-32.834 0.28396 -1.16947e-17
-33.1278 0.306838 -1.26369e-17
-33.4064 0.328639 -1.35348e-17
-33.6698 0.349359 -1.43881e-17
-33.9186 0.369031 -1.51983e-17
-34.1535 0.38769 -1.59667e-17
-34.375 0.405355 -1.66943e-17
-34.5826 0.421989 -1.73793e-17
-34.7755 0.437528 -1.80193e-17
-34.9533 0.451927 -1.86123e-17
-35.1158 0.46516 -1.91573e-17
-35.2631 0.477221 -1.9654e-17
-35.3956 0.48813 -2.01033e-17
-35.5138 0.497907 -2.0506e-17
-35.6182 0.506571 -2.08628e-17
-35.7089 0.514124 -2.11738e-17
-35.7861 0.520564 -2.14391e-17
-35.8498 0.52589 -2.16584e-17
-35.9011 0.530158 -2.18342e-17
-35.9425 0.533532 -2.19731e-17
-35.9773 0.53623 -2.20843e-17
-36.0087 0.538467 -2.21764e-17
-36.0399 0.54045 -2.22581e-17
-36.0738 0.54237 -2.23371e-17
-36.1131 0.544407 -2.2421e-17
-36.1602 0.54673 -2.25167e-17
-36.2169 0.54947 -2.26296e-17
-36.2841 0.552685 -2.27619e-17
-36.3614 0.556385 -2.29143e-17
-36.4489 0.560583 -2.30872e-17
-36.5458 0.565219 -2.32782e-17
-36.6492 0.570115 -2.34798e-17
-36.7553 0.575032 -2.36823e-17
-36.8601 0.579724 -2.38756e-17
-36.96 0.583954 -2.40498e-17
-37.051 0.587488 -2.41953e-17
-37.1296 0.590105 -2.43031e-17
-37.1924 0.591588 -2.43642e-17
-37.2369 0.591788 -2.43724e-17
-37.2623 0.590683 -2.43269e-17
-37.2694 0.588322 -2.42297e-17
-37.2588 0.584768 -2.40833e-17
-37.2317 0.580116 -2.38917e-17
-37.1903 0.574528 -2.36615e-17
-37.1375 0.5682 -2.34009e-17
-37.0762 0.561337 -2.31183e-17
-37.0088 0.554114 -2.28208e-17
-36.9368 0.546634 -2.25127e-17
-36.8611 0.538961 -2.21967e-17
-36.7827 0.531169 -2.18759e-17
-36.702 0.523295 -2.15515e-17
-36.6183 0.515295 -2.12221e-17
-36.5305 0.507091 -2.08842e-17
-36.4374 0.498606 -2.05348e-17
-36.3378 0.489776 -2.01711e-17
-36.2311 0.480549 -1.97911e-17
-36.1166 0.470884 -1.9393e-17
-35.9939 0.460745 -1.89755e-17
-35.8627 0.450131 -1.85383e-17
-35.7242 0.439099 -1.8084e-17
-35.5795 0.427741 -1.76162e-17
-35.4302 0.416152 -1.7139e-17
-35.2778 0.404428 -1.66561e-17
-35.1237 0.392669 -1.61718e-17
-34.9694 0.380972 -1.56901e-17
-34.8166 0.369437 -1.5215e-17
-34.6664 0.35815 -1.47502e-17
-34.52 0.347178 -1.42983e-17
-34.3781 0.336575 -1.38616e-17
-34.2414 0.326391 -1.34422e-17
-34.1108 0.316665 -1.30416e-17
-33.9864 0.307424 -1.26611e-17
-33.8685 0.298684 -1.23011e-17
-33.7574 0.290456 -1.19622e-17
-33.6531 0.282755 -1.16451e-17
-33.5563 0.275617 -1.13511e-17
-33.4674 0.269082 -1.1082e-17
-33.3871 0.263187 -1.08392e-17
-33.3162 0.257994 -1.06253e-17
-33.2566 0.253627 -1.04455e-17
-33.2103 0.250237 -1.03059e-17
-33.1797 0.247969 -1.02124e-17
-33.1666 0.246963 -1.0171e-17
-33.1733 0.247358 -1.01873e-17
-33.2016 0.249293 -1.0267e-17
-33.2534 0.252891 -1.04151e-17
-33.3294 0.258207 -1.06341e-17
-33.4285 0.265164 -1.09206e-17
-33.5484 0.273612 -1.12685e-17
-33.6867 0.283393 -1.16714e-17
-33.8396 0.29426 -1.21189e-17
-34.001 0.305793 -1.25939e-17
-34.1631 0.317484 -1.30754e-17
-34.3185 0.328828 -1.35426e-17
-34.4596 0.339322 -1.39748e-17
-34.579 0.348457 -1.4351e-17
-34.6693 0.35573 -1.46505e-17
-34.7233 0.360656 -1.48534e-17
-34.7353 0.362841 -1.49434e-17
-34.702 0.362053 -1.49109e-17
-34.6216 0.358154 -1.47503e-17
-34.4928 0.351032 -1.4457e-17
-34.3151 0.340638 -1.4029e-17
-34.0899 0.327044 -1.34691e-17
-33.8197 0.310384 -1.2783e-17
-33.507 0.290811 -1.19769e-17
-33.1555 0.268542 -1.10597e-17
-32.7706 0.243917 -1.00456e-17
-32.3588 0.217341 -8.95103e-18
-31.9265 0.189213 -7.79261e-18
-31.4798 0.159928 -6.58653e-18
-31.0247 0.129865 -5.34841e-18
-30.567 0.0993884 -4.09324e-18
-30.112 0.0688437 -2.83528e-18
-29.6648 0.038567 -1.58836e-18
-29.2307 0.00889274 -3.66241e-19
-28.8144 -0.0198595 8.17901e-19
-28.4202 -0.0473991 1.9521e-18
-28.0511 -0.0735234 3.02801e-18
-27.7078 -0.0981784 4.04341e-18
-27.3896 -0.121401 4.99982e-18
-27.0951 -0.143256 5.89989e-18
-26.8231 -0.163813 6.74655e-18
-26.5718 -0.183148 7.54284e-18
-26.3402 -0.201313 8.29092e-18
-26.1272 -0.218366 8.99328e-18
-25.9306 -0.23441 9.65402e-18
-25.7486 -0.249541 1.02772e-17
-25.5792 -0.263872 1.08674e-17
-25.4199 -0.27752 1.14295e-17
-25.2694 -0.290546 1.19659e-17
-25.1279 -0.302913 1.24753e-17
-24.9833 -0.315023 1.2974e-17
-24.8463 -0.326407 1.34429e-17
-24.7245 -0.336722 1.38677e-17
-24.6142 -0.346056 1.42521e-17
-24.5198 -0.354183 1.45868e-17
-24.4401 -0.361096 1.48715e-17
-24.3785 -0.366612 1.50987e-17
-24.3356 -0.370631 1.52642e-17
-24.3147 -0.37295 1.53597e-17
-24.3175 -0.373426 1.53793e-17
-24.3476 -0.371807 1.53126e-17
-24.4052 -0.368074 1.51589e-17
-24.4914 -0.362172 1.49158e-17
-24.6076 -0.353999 1.45792e-17
-24.7539 -0.343538 1.41484e-17
-24.93 -0.33082 1.36246e-17
-25.1342 -0.315949 1.30122e-17
-25.3656 -0.299005 1.23143e-17
-25.6217 -0.280146 1.15376e-17
-25.8979 -0.259643 1.06932e-17
-26.1898 -0.237822 9.79453e-18
-26.4933 -0.215 8.85464e-18
-26.8031 -0.191507 7.88707e-18
-27.1149 -0.167665 6.90516e-18
-27.4235 -0.143805 5.92253e-18
-27.7248 -0.120238 4.9519e-18
-28.0149 -0.0972205 4.00396e-18
-28.2917 -0.074903 3.08483e-18
-28.554 -0.053376 2.19825e-18
-28.8009 -0.0327161 1.34739e-18
-29.0326 -0.0129279 5.32428e-19
-29.2515 0.00612453 -2.52235e-19
-29.4608 0.0246479 -1.01511e-18
-29.6641 0.042861 -1.7652e-18
-29.8643 0.0609455 -2.51e-18
-30.0632 0.0790064 -3.25383e-18
-30.2621 0.0971081 -3.99933e-18
-30.4622 0.11532 -4.7494e-18
-30.6637 0.13365 -5.5043e-18
-30.8652 0.151977 -6.25905e-18
-31.0639 0.170113 -7.00598e-18
-31.2574 0.187881 -7.73774e-18
-31.4428 0.205069 -8.44562e-18
-31.6158 0.221393 -9.11792e-18
-31.7721 0.236538 -9.74168e-18
-31.9072 0.250206 -1.03046e-17
-32.0172 0.262107 -1.07947e-17
-32.098 0.271965 -1.12007e-17
-32.146 0.279516 -1.15117e-17
-32.1579 0.284522 -1.17178e-17
-32.1315 0.286822 -1.18126e-17
-32.0669 0.286399 -1.17952e-17
-31.9653 0.283318 -1.16682e-17
-31.8285 0.277662 -1.14353e-17
-31.6584 0.26954 -1.11008e-17
-31.4573 0.259081 -1.06701e-17
-31.2278 0.246431 -1.01491e-17
-30.9727 0.231749 -9.54445e-18
-30.6926 0.215142 -8.86047e-18
-30.396 0.197078 -8.11653e-18
-30.0919 0.17807 -7.33368e-18
-29.7855 0.158494 -6.52748e-18
-29.4842 0.138788 -5.71589e-18
-29.1929 0.119276 -4.91229e-18
-28.9168 0.100283 -4.1301e-18
-28.6603 0.0820885 -3.38076e-18
-28.4273 0.064952 -2.67501e-18
-28.221 0.0490737 -2.02107e-18
-28.0438 0.034621 -1.42584e-18
-27.8976 0.0217262 -8.94779e-19
-27.783 0.0104249 -4.29343e-19
-27.6976 0.000578186 -2.38122e-20
-27.6376 -0.00805286 3.31652e-19
-27.5987 -0.0157339 6.47989e-19
-27.5761 -0.022767 9.37644e-19
-27.564 -0.0295052 1.21515e-18
-27.5527 -0.0364651 1.50179e-18
-27.5381 -0.043961 1.8105e-18
-27.5153 -0.0523197 2.15475e-18
-27.4772 -0.0619499 2.55136e-18
-27.4188 -0.0731656 3.01328e-18
-27.334 -0.0863303 3.55545e-18
-27.2176 -0.101755 4.19071e-18
-27.0644 -0.11976 4.93222e-18
-26.8692 -0.140618 5.79126e-18
-26.6277 -0.164608 6.77927e-18
-26.3348 -0.191983 7.90671e-18
-25.9876 -0.222952 9.18213e-18
-25.5835 -0.257704 1.06134e-17
-25.1191 -0.296403 1.22071e-17
-24.5933 -0.339142 1.39673e-17
-24.0052 -0.385926 1.58941e-17
-23.3561 -0.436688 1.79847e-17
-22.6472 -0.491305 2.02341e-17
-21.8806 -0.549642 2.26366e-17
-21.0598 -0.611466 2.51828e-17
-20.1893 -0.676459 2.78595e-17
-19.274 -0.744306 3.06538e-17
-18.3195 -0.814632 3.35501e-17
-17.332 -0.887013 3.65311e-17
-16.3187 -0.960987 3.95776e-17
-15.2864 -1.03609 4.26706e-17
-14.243 -1.1118 4.57889e-17
-13.1971 -1.18756 4.89088e-17
-12.158 -1.26274 5.2005e-17
-11.1346 -1.33674 5.50526e-17
-10.1353 -1.40901 5.80291e-17
-9.16688 -1.47909 6.09152e-17
-8.23546 -1.54657 6.36943e-17
-7.3466 -1.61106 6.63506e-17
-6.50508 -1.67225 6.88706e-17
-5.71447 -1.72988 7.12441e-17
-4.97748 -1.78376 7.34631e-17
-4.29628 -1.83373 7.5521e-17
-3.67245 -1.87966 7.74126e-17
-3.10678 -1.92148 7.9135e-17
-2.59945 -1.95916 8.06869e-17
-2.15021 -1.9927 8.20681e-17
-1.7588 -2.02209 8.32784e-17
-1.42545 -2.04729 8.43163e-17
-1.15048 -2.06826 8.51799e-17
-0.933877 -2.08498 8.58685e-17
-0.775664 -2.09743 8.63812e-17
-0.676321 -2.10555 8.67157e-17
-0.636442 -2.10929 8.68699e-17
-0.656373 -2.10862 8.6842e-17
-0.736262 -2.1035 8.6631e-17
-0.876124 -2.09391 8.62365e-17
-1.07581 -2.07988 8.56583e-17
-1.33499 -2.06139 8.48971e-17
-1.65322 -2.03849 8.39537e-17
-2.03082 -2.01112 8.28267e-17
-2.4665 -1.97939 8.15197e-17
-2.95937 -1.94335 8.00357e-17
-3.50851 -1.90308 7.83771e-17
-4.11176 -1.85872 7.655e-17
-4.767 -1.81041 7.45607e-17
-5.47157 -1.75836 7.24168e-17
-6.22278 -1.70273 7.0126e-17
-7.01702 -1.6438 6.76988e-17
-7.85053 -1.58182 6.51462e-17
-8.71929 -1.51708 6.24799e-17
-9.61895 -1.44988 5.97125e-17
-10.544 -1.38062 5.686e-17
-11.4886 -1.3097 5.39393e-17
-12.4467 -1.23755 5.09675e-17
-13.4136 -1.16449 4.79589e-17
-14.3864 -1.09076 4.49224e-17
-15.3616 -1.01651 4.18644e-17
-16.3388 -0.94186 3.87899e-17
-17.3179 -0.866891 3.57023e-17
-18.2989 -0.791589 3.26011e-17
-19.2836 -0.715877 2.94829e-17
-20.2733 -0.639686 2.6345e-17
-21.2691 -0.562943 2.31844e-17
-22.2719 -0.485624 2.00001e-17
-23.2827 -0.407705 1.67911e-17
-24.3019 -0.32917 1.35566e-17
-25.3291 -0.250066 1.02988e-17
-26.3618 -0.170578 7.02516e-18
-27.3966 -0.0909581 3.74605e-18
-28.4298 -0.011455 4.71768e-19
-29.4577 0.0676544 -2.7863e-18
-30.4752 0.146032 -6.01422e-18
-31.4773 0.223315 -9.19708e-18
-32.4589 0.299156 -1.23205e-17
-33.4157 0.37325 -1.5372e-17
-34.3444 0.445362 -1.83419e-17
-35.2424 0.515308 -2.12226e-17
-36.1076 0.582923 -2.40073e-17
-36.9386 0.648099 -2.66915e-17
-37.7353 0.710809 -2.92742e-17
-38.4809 0.770411 -3.17289e-17
-39.1886 0.827415 -3.40765e-17
-39.8689 0.882228 -3.6334e-17
-40.515 0.93456 -3.84892e-17
-41.131 0.984531 -4.05472e-17
-41.714 1.032 -4.25021e-17
-42.2651 1.07697 -4.43543e-17
-42.7819 1.11928 -4.60969e-17
-43.2641 1.15885 -4.77265e-17
-43.7098 1.19553 -4.92373e-17
-44.1184 1.22925 -5.06259e-17
-44.489 1.25992 -5.18889e-17
-44.8216 1.28749 -5.30244e-17
-45.1158 1.31191 -5.40303e-17
-45.3716 1.33317 -5.49057e-17
-45.5893 1.35123 -5.56496e-17
-45.7689 1.36609 -5.62613e-17
-45.9107 1.37772 -5.67406e-17
-46.0146 1.38611 -5.70859e-17
-46.0795 1.39114 -5.72933e-17
-46.1036 1.3927 -5.73575e-17
-46.0854 1.39066 -5.72734e-17
-46.0232 1.38489 -5.70358e-17
-45.9151 1.37526 -5.66392e-17
-45.7592 1.36163 -5.60778e-17
-45.5534 1.34386 -5.53462e-17
-45.2966 1.32189 -5.44411e-17
-44.989 1.29572 -5.33635e-17
-44.6318 1.26545 -5.21168e-17
-44.2259 1.23116 -5.07044e-17
-43.7733 1.19298 -4.91322e-17
-43.2774 1.15118 -4.74106e-17
-42.7427 1.10607 -4.55526e-17
-42.1744 1.05804 -4.35749e-17
-41.5759 1.00737 -4.14878e-17
-40.9518 0.954356 -3.93045e-17
-40.3074 0.899419 -3.7042e-17
-39.6472 0.842893 -3.4714e-17
-38.9756 0.785114 -3.23344e-17
-38.2949 0.726296 -2.9912e-17
-37.6048 0.666606 -2.74537e-17
-36.9082 0.60624 -2.49676e-17
-36.2079 0.545342 -2.24595e-17
-35.5039 0.483998 -1.99332e-17
-34.7969 0.422291 -1.73918e-17
-34.0865 0.360268 -1.48374e-17
-33.3724 0.297962 -1.22714e-17
-32.6524 0.235287 -9.69012e-18
-31.9239 0.172127 -7.08892e-18
-31.1843 0.108357 -4.46263e-18
-30.4311 0.0438707 -1.80679e-18
-29.6618 -0.0214563 8.83664e-19
-28.8735 -0.0877505 3.61394e-18
-28.0644 -0.1551 6.38769e-18
-27.2339 -0.223521 9.20555e-18
-26.3821 -0.29296 1.20654e-17
-25.5105 -0.36329 1.49618e-17
-24.6209 -0.434366 1.78891e-17
-23.716 -0.50598 2.08384e-17
-22.8005 -0.577811 2.37967e-17
-21.8798 -0.649478 2.67483e-17
-20.9596 -0.720588 2.96769e-17
-20.0359 -0.791116 3.25816e-17
-19.1235 -0.860291 3.54305e-17
-18.2348 -0.927431 3.81956e-17
-17.3732 -0.992201 4.08632e-17
-16.548 -1.05406 4.34107e-17
-15.7628 -1.11272 4.58266e-17
-15.0237 -1.16782 4.80959e-17
-14.3339 -1.21911 5.02083e-17
-13.6975 -1.26635 5.21539e-17
-13.1155 -1.30947 5.39296e-17
-12.5884 -1.34843 5.55342e-17
-12.116 -1.38326 5.69685e-17
-11.6981 -1.41396 5.82329e-17
-11.3345 -1.44054 5.93277e-17
-11.0253 -1.46301 6.02533e-17
-10.7697 -1.48141 6.10111e-17
-10.5669 -1.49581 6.16037e-17
-10.4155 -1.50628 6.2035e-17
-10.3136 -1.51294 6.23094e-17
-10.2592 -1.51594 6.24328e-17
-10.2503 -1.5154 6.24107e-17
-10.2853 -1.51143 6.2247e-17
-10.3628 -1.5041 6.19455e-17
-10.4814 -1.49354 6.15106e-17
-10.6398 -1.47982 6.09452e-17
-10.8381 -1.46291 6.02491e-17
-11.0772 -1.44279 5.94203e-17
-11.3575 -1.41941 5.84575e-17
-11.6797 -1.39274 5.7359e-17
-12.0453 -1.36268 5.61211e-17
-12.456 -1.32914 5.47396e-17
-12.9131 -1.29202 5.32109e-17
-13.4179 -1.25126 5.15323e-17
-13.971 -1.20683 4.97024e-17
-14.5728 -1.15871 4.77207e-17
-15.2234 -1.10691 4.55875e-17
-15.9221 -1.05151 4.33056e-17
-16.6662 -0.99268 4.08829e-17
-17.4523 -0.930691 3.83299e-17
-18.2766 -0.865806 3.56577e-17
-19.135 -0.798317 3.28782e-17
-20.0232 -0.728544 3.00046e-17
-20.9365 -0.656827 2.7051e-17
-21.87 -0.583509 2.40314e-17
-22.8091 -0.50933 2.09764e-17
-23.754 -0.434485 1.7894e-17
-24.7034 -0.359239 1.4795e-17
-25.6474 -0.284193 1.17043e-17
-26.5823 -0.209682 8.6356e-18
-27.5012 -0.136163 5.60779e-18
-28.4002 -0.0639746 2.63475e-18
-29.2737 0.00649896 -2.67655e-19
-30.1176 0.074928 -3.08586e-18
-30.9272 0.140967 -5.80565e-18
-31.6986 0.204304 -8.41412e-18
-32.4252 0.264602 -1.08974e-17
-33.1047 0.321612 -1.32454e-17
-33.7366 0.375166 -1.54509e-17
-34.3153 0.424895 -1.7499e-17
-34.8382 0.470527 -1.93783e-17
-35.3027 0.511873 -2.10811e-17
-35.7058 0.548684 -2.25972e-17
-36.0453 0.580782 -2.39191e-17
-36.3186 0.607961 -2.50385e-17
-36.5241 0.630074 -2.59492e-17
-36.6602 0.646983 -2.66455e-17
-36.7258 0.658591 -2.71236e-17
-36.72 0.664808 -2.73797e-17
-36.6414 0.665522 -2.74091e-17
-36.4879 0.660571 -2.72052e-17
-36.2574 0.649777 -2.67606e-17
-35.9474 0.632973 -2.60686e-17
-35.5556 0.609975 -2.51214e-17
-35.0784 0.58054 -2.39092e-17
-34.5123 0.544409 -2.24211e-17
-33.8539 0.501346 -2.06476e-17
-33.1001 0.451133 -1.85796e-17
-32.2369 0.393144 -1.61914e-17
-31.26 0.327126 -1.34725e-17
-30.1779 0.253332 -1.04333e-17
-28.9888 0.17164 -7.06888e-18
-27.691 0.0819318 -3.37431e-18
-26.2835 -0.0158606 6.53208e-19
-24.7658 -0.121786 5.01569e-18
-23.1376 -0.235861 9.71377e-18
-21.3988 -0.358095 1.47479e-17
-19.5498 -0.488472 2.01174e-17
-17.5913 -0.626947 2.58204e-17
-15.5245 -0.773442 3.18537e-17
-13.3511 -0.927849 3.82128e-17
-11.0732 -1.09003 4.48921e-17
-8.69336 -1.25982 5.18847e-17
-6.21596 -1.43691 5.91784e-17
-3.64919 -1.62078 6.67507e-17
-1.00316 -1.81074 7.45739e-17
1.71195 -2.0061 8.26199e-17
4.48455 -2.20609 9.08564e-17
7.3002 -2.40974 9.92434e-17
10.1432 -2.61597 1.07737e-16
12.9981 -2.82376 1.16295e-16
15.849 -3.032 1.24871e-16
18.6774 -3.23945 1.33415e-16
21.4646 -3.4448 1.41872e-16
24.1924 -3.64681 1.50192e-16
26.8444 -3.84434 1.58327e-16
29.4059 -4.03634 1.66234e-16
31.8637 -4.22187 1.73875e-16
34.2062 -4.40007 1.81214e-16
36.424 -4.57024 1.88222e-16
38.5118 -4.73194 1.94882e-16
40.4667 -4.88487 2.0118e-16
42.2873 -5.02884 2.07109e-16
43.9751 -5.16382 2.12669e-16
45.5367 -5.29017 2.17872e-16
46.9817 -5.4084 2.22741e-16
48.3206 -5.51908 2.273e-16
49.5642 -5.62283 2.31573e-16
50.724 -5.72031 2.35587e-16
51.8121 -5.81219 2.39371e-16
52.8403 -5.89915 2.42953e-16
53.8195 -5.98183 2.46358e-16
54.7587 -6.06075 2.49608e-16
55.6662 -6.13637 2.52722e-16
56.5493 -6.20912 2.55719e-16
57.4137 -6.27931 2.58609e-16
58.262 -6.34705 2.61399e-16
59.0949 -6.41236 2.64089e-16
59.9121 -6.47518 2.66676e-16
60.7122 -6.5354 2.69156e-16
61.4917 -6.59277 2.71519e-16
62.2459 -6.64699 2.73752e-16
62.9695 -6.6977 2.7584e-16
63.656 -6.74449 2.77768e-16
64.2981 -6.78691 2.79514e-16
64.8876 -6.82442 2.81059e-16
65.4159 -6.85651 2.82381e-16
65.8746 -6.88264 2.83457e-16
66.2557 -6.90234 2.84268e-16
66.5519 -6.91514 2.84795e-16
66.7554 -6.92057 2.85019e-16
66.859 -6.91824 2.84923e-16
66.8567 -6.90778 2.84492e-16
66.7434 -6.88892 2.83715e-16
66.5144 -6.86138 2.82581e-16
66.1656 -6.82494 2.81081e-16
65.6941 -6.77947 2.79208e-16
65.0977 -6.72485 2.76959e-16
64.3749 -6.66104 2.74331e-16
63.5244 -6.58798 2.71322e-16
62.544 -6.50558 2.67928e-16
61.4317 -6.41372 2.64145e-16
60.1863 -6.31236 2.5997e-16
58.8068 -6.20147 2.55403e-16
57.2923 -6.08102 2.50443e-16
55.6425 -5.95101 2.45088e-16
53.8575 -5.81148 2.39342e-16
51.9392 -5.66256 2.33209e-16
49.8919 -5.50458 2.26702e-16
47.7218 -5.33796 2.1984e-16
45.4351 -5.16316 2.12641e-16
43.04 -4.98072 2.05128e-16
40.547 -4.79139 1.9733e-16
37.9686 -4.59602 1.89284e-16
35.3168 -4.39545 1.81024e-16
32.6063 -4.19068 1.72591e-16
29.8568 -3.98309 1.64041e-16
27.0904 -3.77418 1.55437e-16
24.3284 -3.56544 1.4684e-16
21.5929 -3.35839 1.38313e-16
18.9077 -3.15469 1.29924e-16
16.2971 -2.95604 1.21743e-16
13.7842 -2.76407 1.13836e-16
11.3911 -2.58032 1.06269e-16
9.13958 -2.40638 9.9105e-17
7.05044 -2.24371 9.24058e-17
5.14282 -2.09373 8.62287e-17
3.43333 -1.95765 8.06243e-17
1.93523 -1.83648 7.56343e-17
0.659193 -1.73108 7.12935e-17
-0.385654 -1.64219 6.76325e-17
-1.19314 -1.57035 6.46739e-17
-1.7615 -1.51582 6.24282e-17
-2.09175 -1.47868 6.08984e-17
-2.18601 -1.45891 6.00841e-17
-2.04926 -1.45631 5.9977e-17
-1.69132 -1.47035 6.05552e-17
-1.12463 -1.50031 6.17894e-17
-0.361864 -1.54547 6.36491e-17
0.583354 -1.605 6.61007e-17
1.69569 -1.67796 6.91055e-17
2.95924 -1.76336 7.26226e-17
4.35865 -1.86022 7.6612e-17
5.879 -1.96759 8.1034e-17
7.50547 -2.0845 8.58486e-17
9.22385 -2.20998 9.10167e-17
11.0211 -2.34317 9.65018e-17
12.8857 -2.48324 1.0227e-16
14.808 -2.62949 1.08294e-16
16.7798 -2.78132 1.14547e-16
18.7943 -2.93816 1.21006e-16
20.8464 -3.09959 1.27654e-16
22.9333 -3.26527 1.34478e-16
25.0537 -3.43501 1.41469e-16
27.2075 -3.60864 1.48619e-16
29.3952 -3.78605 1.55926e-16
31.6185 -3.96718 1.63386e-16
33.8798 -4.15204 1.70999e-16
36.1818 -4.34063 1.78766e-16
38.5261 -4.5329 1.86684e-16
40.9125 -4.72865 1.94746e-16
43.3397 -4.92764 2.02942e-16
45.8059 -5.1296 2.11259e-16
48.3071 -5.33407 2.1968e-16
50.8344 -5.54035 2.28176e-16
53.3766 -5.74753 2.36708e-16
55.9217 -5.95469 2.4524e-16
58.4562 -6.16078 2.53728e-16
60.9626 -6.36455 2.6212e-16
63.422 -6.56461 2.70359e-16
65.815 -6.75958 2.78389e-16
68.1237 -6.94805 2.86151e-16
70.3272 -7.12862 2.93587e-16
72.4051 -7.2999 3.00642e-16
74.3387 -7.46053 3.07257e-16
76.1134 -7.60928 3.13383e-16
77.7108 -7.74498 3.18972e-16
79.1151 -7.86665 3.23983e-16
80.3148 -7.97334 3.28377e-16
81.2978 -8.06424 3.3212e-16
82.0568 -8.13876 3.35189e-16
82.5852 -8.1964 3.37563e-16
82.8787 -8.23679 3.39227e-16
82.9352 -8.25973 3.40171e-16
82.7579 -8.26532 3.40402e-16
82.3522 -8.25387 3.3993e-16
81.7252 -8.22575 3.38772e-16
80.8852 -8.18143 3.36947e-16
79.8429 -8.12156 3.34481e-16
78.6102 -8.04684 3.31404e-16
77.1997 -7.95804 3.27746e-16
75.6244 -7.85594 3.23542e-16
73.8978 -7.74139 3.18824e-16
72.0337 -7.61524 3.13629e-16
70.0456 -7.47833 3.0799e-16
67.9455 -7.33141 3.01939e-16
65.7426 -7.17508 2.95501e-16
63.4444 -7.00979 2.88693e-16
61.0574 -6.83596 2.81535e-16
58.5871 -6.65397 2.74039e-16
56.037 -6.46405 2.66217e-16
53.4093 -6.26636 2.58076e-16
50.7051 -6.06102 2.49619e-16
47.9249 -5.84811 2.40851e-16
45.0692 -5.62771 2.31773e-16
42.1373 -5.39985 2.22389e-16
39.128 -5.16455 2.12699e-16
36.04 -4.92181 2.02701e-16
32.8726 -4.67169 1.924e-16
29.6292 -4.41432 1.81801e-16
26.3055 -4.1497 1.70903e-16
22.8988 -3.8779 1.59709e-16
19.4107 -3.59912 1.48227e-16
15.8425 -3.31352 1.36465e-16
12.1942 -3.02134 1.24432e-16
8.46398 -2.72271 1.12133e-16
4.65049 -2.41766 9.95697e-17
0.749815 -2.10617 8.67411e-17
-3.24048 -1.78823 7.36469e-17
-7.32412 -1.4638 6.02856e-17
-11.5046 -1.13282 4.66546e-17
-15.7861 -0.795229 3.2751e-17
-20.1715 -0.450988 1.85737e-17
-24.663 -0.100144 4.12435e-18
-29.261 0.257163 -1.05911e-17
-33.9647 0.620706 -2.55634e-17
-38.66 0.985908 -4.06039e-17
-43.4157 1.35515 -5.5811e-17
-48.2909 1.73044 -7.12671e-17
-53.2403 2.10972 -8.68874e-17
-58.2828 2.4934 -1.02689e-16
-63.3919 2.88008 -1.18614e-16
-68.5676 3.26935 -1.34646e-16
-73.7885 3.6599 -1.5073e-16
-79.0455 4.0509 -1.66833e-16
-84.319 4.44107 -1.82903e-16
-89.5942 4.82932 -1.98892e-16
-94.8507 5.21427 -2.14746e-16
-100.071 5.5947 -2.30414e-16
-105.234 5.96924 -2.45839e-16
-110.322 6.33659 -2.60968e-16
-115.314 6.6954 -2.75745e-16
-120.191 7.04438 -2.90118e-16
-124.934 7.38228 -3.04034e-16
-129.526 7.708 -3.17449e-16
-133.952 8.02051 -3.30319e-16
-138.199 8.31908 -3.42616e-16
-142.253 8.60266 -3.54295e-16
-146.099 8.8704 -3.65321e-16
-149.73 9.12174 -3.75673e-16
-153.136 9.35606 -3.85323e-16
-156.31 9.57296 -3.94256e-16
-159.244 9.77197 -4.02452e-16
-161.935 9.95285 -4.09901e-16
-164.379 10.1153 -4.16594e-16
-166.575 10.2595 -4.2253e-16
-168.526 10.3855 -4.27721e-16
-170.24 10.4939 -4.32185e-16
-171.723 10.5853 -4.35947e-16
-172.987 10.6603 -4.39036e-16
-174.045 10.7199 -4.41493e-16
-174.914 10.7653 -4.43363e-16
-175.61 10.7977 -4.44694e-16
-176.149 10.8181 -4.45535e-16
-176.548 10.8276 -4.45929e-16
-176.819 10.8274 -4.45918e-16
-176.971 10.8182 -4.4554e-16
-177.021 10.8012 -4.44839e-16
-176.986 10.7772 -4.43851e-16
-176.87 10.7469 -4.42604e-16
-176.686 10.7111 -4.41131e-16
-176.442 10.6705 -4.39458e-16
-176.147 10.6256 -4.37609e-16
-175.806 10.5769 -4.35602e-16
-175.424 10.5249 -4.33459e-16
-175.005 10.4699 -4.31195e-16
-174.552 10.4122 -4.2882e-16
-174.066 10.352 -4.26339e-16
-173.545 10.2893 -4.23758e-16
-172.992 10.2243 -4.21083e-16
-172.406 10.1572 -4.18319e-16
-171.787 10.0881 -4.1547e-16
-171.137 10.017 -4.12544e-16
-170.456 9.94419 -4.09545e-16
-169.743 9.86965 -4.06475e-16
-168.997 9.79341 -4.03335e-16
-168.219 9.71554 -4.00128e-16
-167.408 9.63609 -3.96856e-16
-166.563 9.55504 -3.93518e-16
-165.683 9.47236 -3.90113e-16
-164.767 9.38807 -3.86642e-16
-163.815 9.30218 -3.83104e-16
-162.828 9.21467 -3.795e-16
-161.803 9.12552 -3.75828e-16
-160.742 9.03475 -3.7209e-16
-159.643 8.94238 -3.68286e-16
-158.51 8.84854 -3.64421e-16
-157.324 8.75383 -3.60521e-16
-156.075 8.65846 -3.56593e-16
-154.789 8.56219 -3.52628e-16
-153.485 8.46543 -3.48643e-16
-152.128 8.36873 -3.44661e-16
-150.732 8.27262 -3.40702e-16
-149.355 8.17776 -3.36796e-16
-148.011 8.08536 -3.3299e-16
-146.721 7.99667 -3.29338e-16
-145.501 7.91274 -3.25881e-16
-144.368 7.83469 -3.22666e-16
-143.34 7.76363 -3.1974e-16
-142.434 7.70069 -3.17148e-16
-141.663 7.64671 -3.14924e-16
-141.024 7.60468 -3.13194e-16
-140.519 7.575 -3.11971e-16
-140.179 7.5562 -3.11197e-16
-140.032 7.54968 -3.10928e-16
-140.08 7.55572 -3.11177e-16
-140.332 7.57486 -3.11966e-16
-140.789 7.60735 -3.13304e-16
-141.452 7.65333 -3.15197e-16
-142.321 7.71285 -3.17648e-16
-143.397 7.78604 -3.20663e-16
-144.678 7.8728 -3.24236e-16
-146.158 7.9729 -3.28359e-16
-147.831 8.08606 -3.33019e-16
-149.69 8.21196 -3.38204e-16
-151.72 8.35013 -3.43895e-16
-153.907 8.50014 -3.50072e-16
-156.245 8.66181 -3.56731e-16
-158.724 8.83471 -3.63851e-16
-161.334 9.01819 -3.71408e-16
-164.065 9.21172 -3.79379e-16
-166.858 9.41291 -3.87665e-16
-169.652 9.61707 -6.7172e-16
-172.515 9.82702 -6.80645e-16
-175.468 10.0448 -6.89904e-16
-178.495 10.2698 -6.99471e-16
-181.592 10.5018 -7.09333e-16
-184.663 10.7306 -8.52155e-16
-187.757 10.9588 -5.09972e-16
-190.929 11.1927 -9.92685e-16
-194.146 11.4309 -9.84674e-16
-197.408 11.6732 -1.11997e-15
-200.715 11.92 -7.10848e-16
-204.063 12.1709 -5.22631e-16
-207.312 12.4118 -7.40795e-16
-210.576 12.6493 -2.88692e-16
-213.871 12.8871 6.05591e-15
-217.2 13.1268 -6.88018e-16
-220.23 13.357 -9.97525e-16
-222.773 13.5709 6.40397e-13
-225.177 13.781 -3.84205e-16
-227.553 13.9865 -1.37374e-15
-229.813 14.1777 -1.20515e-15
-232.142 14.369 -1.24302e-15
-234.425 14.5498 -1.02852e-15
-236.717 14.7312 8.47237e-14
-238.995 14.91 -1.13326e-14
-241.276 15.0873 2.06002e-15
-243.556 15.2633 -4.54969e-16
-245.789 15.4293 -7.99832e-16
-247.845 15.5703 -7.64405e-15
-249.791 15.6982 3.06011e-15
-251.77 15.8238 -6.75039e-15
-253.724 15.9468 -3.30478e-12
-255.643 16.0669 1.3149e-14
-257.524 16.1838 2.78192e-15
-259.363 16.2975 2.66904e-15
-261.149 16.4073 2.83816e-15
-262.877 16.5129 -1.26459e-12
-264.54 16.6141 1.64361e-14
-266.132 16.7103 3.71519e-15
-267.616 16.7933 6.17752e-15
-268.986 16.8664 4.91498e-15
-27