-5.3358 5.67337e-06 -2.33654e-22
-10.6716 1.1251e-05 -4.63364e-22
-16.0074 1.67321e-05 -6.89102e-22
-21.3433 2.21162e-05 -9.1084e-22
-26.6791 2.74024e-05 -1.12855e-21
-32.0149 3.25902e-05 -1.34221e-21
-37.3508 3.76789e-05 -1.55178e-21
-42.6866 4.26677e-05 -1.75724e-21
-48.0225 4.75559e-05 -1.95856e-21
-53.3583 5.23429e-05 -2.15571e-21
-53.3586 7.67889e-05 -3.1625e-21
-53.3595 0.000175702 -7.23617e-21
-53.3613 0.000373782 -1.5394e-20
-53.364 0.000667968 -2.75098e-20
-53.3674 0.00104087 -4.28676e-20
-53.3712 0.00144713 -5.9599e-20
-53.3747 0.00182656 -7.52258e-20
-53.3774 0.00211955 -8.72923e-20
-53.3787 0.00226345 -9.32189e-20
-53.378 0.00218876 -9.01426e-20
-53.3746 0.00182348 -7.50987e-20
-53.3678 0.00109792 -4.5217e-20
-53.3573 -4.38326e-05 1.80521e-21
-53.3425 -0.00163193 6.72099e-20
-53.3236 -0.00368147 1.51619e-19
-53.3002 -0.00620452 2.55529e-19
-53.2727 -0.00918036 3.78087e-19
-53.2419 -0.0125237 5.15779e-19
-53.2088 -0.0161148 6.63678e-19
-53.1746 -0.0198336 8.16834e-19
-53.1405 -0.0235501 9.69897e-19
-53.108 -0.0271142 1.11668e-18
-53.0784 -0.030367 1.25064e-18
-53.0533 -0.0331535 1.3654e-18
-53.0338 -0.0353447 1.45565e-18
-53.0207 -0.0368605 1.51807e-18
-53.0144 -0.0376494 1.55057e-18
-53.0155 -0.0376664 1.55127e-18
-53.024 -0.0368845 1.51906e-18
-53.04 -0.0353082 1.45414e-18
-53.0632 -0.0329607 1.35746e-18
-53.0933 -0.0298709 1.23021e-18
-53.1299 -0.0260752 1.07389e-18
-53.1726 -0.0216201 8.90411e-19
-53.2209 -0.0165592 6.81978e-19
-53.2741 -0.0109485 4.50906e-19
-53.3318 -0.00484096 1.99372e-19
-53.3935 0.00172047 -7.08565e-20
-53.4589 0.00869797 -3.5822e-19
-53.5275 0.0160534 -6.61147e-19
-53.599 0.023754 -9.78291e-19
-53.6732 0.0317787 -1.30878e-18
-53.7499 0.0401131 -1.65203e-18
-53.8289 0.0487442 -2.0075e-18
-53.9099 0.0576287 -2.3734e-18
-53.9919 0.0666599 -2.74534e-18
-54.0735 0.0756995 -3.11763e-18
-54.1535 0.0846134 -3.48475e-18
-54.2306 0.0932695 -3.84124e-18
-54.3037 0.101534 -4.18161e-18
-54.3715 0.109277 -4.50048e-18
-54.4329 0.116374 -4.79279e-18
-54.4869 0.122715 -5.05395e-18
-54.5326 0.128206 -5.28006e-18
-54.5694 0.132763 -5.46774e-18
-54.5965 0.136313 -5.61398e-18
-54.6136 0.138813 -5.71693e-18
-54.6208 0.140267 -5.77679e-18
-54.6184 0.140708 -5.79498e-18
-54.607 0.140179 -5.77318e-18
-54.5873 0.138765 -5.71493e-18
-54.561 0.136636 -5.62726e-18
-54.5302 0.134009 -5.51906e-18
-54.4969 0.1311 -5.39925e-18
-54.4631 0.128107 -5.27599e-18
-54.4302 0.125193 -5.15597e-18
-54.3997 0.122497 -5.04495e-18
-54.3728 0.120154 -4.94845e-18
-54.3506 0.118276 -4.8711e-18
-54.3338 0.116938 -4.81602e-18
-54.3229 0.116193 -4.78533e-18
-54.3183 0.116083 -4.7808e-18
-54.32 0.116606 -4.80234e-18
-54.3272 0.117674 -4.84633e-18
-54.3386 0.119152 -4.90721e-18
-54.3529 0.1209 -4.97918e-18
-54.3688 0.122784 -5.05677e-18
-54.3852 0.124693 -5.13541e-18
-54.4012 0.126528 -5.21099e-18
-54.4158 0.128189 -5.27937e-18
-54.4282 0.129597 -5.33737e-18
-54.4382 0.130724 -5.38379e-18
-54.4457 0.131567 -5.41851e-18
-54.4506 0.132126 -5.44151e-18
-54.4532 0.132426 -5.45387e-18
-54.4542 0.132547 -5.45887e-18
-54.4544 0.132599 -5.46102e-18
-54.4551 0.132692 -5.46483e-18
-54.4569 0.132908 -5.47373e-18
-54.46 0.133273 -5.48876e-18
-54.4644 0.133783 -5.50976e-18
-54.4701 0.134434 -5.53657e-18
-54.4769 0.135221 -5.56899e-18
-54.4849 0.136135 -5.60664e-18
-54.494 0.137167 -5.64911e-18
-54.5039 0.138305 -5.69599e-18
-54.5149 0.139555 -5.74748e-18
-54.5272 0.140952 -5.805e-18
-54.5412 0.142544 -5.8706e-18
-54.5575 0.144382 -5.94629e-18
-54.5764 0.146504 -6.03368e-18
-54.5981 0.148932 -6.13366e-18
-54.6227 0.151675 -6.24663e-18
-54.6503 0.154741 -6.37292e-18
-54.6805 0.158086 -6.51067e-18
-54.7119 0.161557 -6.65364e-18
-54.7426 0.164947 -6.79325e-18
-54.7706 0.168049 -6.92098e-18
-54.7941 0.170657 -7.0284e-18
-54.8111 0.172571 -7.10724e-18
-54.8199 0.173595 -7.14941e-18
-54.8187 0.173539 -7.14707e-18
-54.8064 0.172277 -7.09511e-18
-54.7829 0.169813 -6.99365e-18
-54.749 0.166223 -6.84577e-18
-54.7055 0.161585 -6.65476e-18
-54.6534 0.156018 -6.42549e-18
-54.5944 0.14971 -6.16572e-18
-54.5308 0.142889 -5.88479e-18
-54.4647 0.135781 -5.59207e-18
-54.3979 0.128596 -5.29614e-18
-54.3321 0.121503 -5.00402e-18
-54.2686 0.11465 -4.72179e-18
-54.2089 0.108181 -4.45538e-18
-54.1539 0.10221 -4.20947e-18
-54.1041 0.0967942 -3.98641e-18
-54.0599 0.0919572 -3.78719e-18
-54.0213 0.0877186 -3.61263e-18
-53.9884 0.0840923 -3.46328e-18
-53.9613 0.0810849 -3.33943e-18
-53.94 0.0786981 -3.24113e-18
-53.9244 0.0769297 -3.1683e-18
-53.9144 0.075764 -3.12029e-18
-53.9096 0.0751613 -3.09547e-18
-53.9093 0.0750688 -3.09166e-18
-53.9132 0.0754323 -3.10663e-18
-53.9208 0.0762051 -3.13846e-18
-53.9317 0.0773565 -3.18587e-18
-53.9457 0.0788645 -3.24798e-18
-53.9626 0.0807083 -3.32392e-18
-53.9822 0.0828559 -3.41236e-18
-54.0038 0.0852521 -3.51105e-18
-54.0269 0.0878307 -3.61725e-18
-54.0509 0.0905275 -3.72832e-18
-54.0754 0.0932938 -3.84224e-18
-54.1001 0.0961087 -3.95817e-18
-54.1251 0.0989679 -4.07593e-18
-54.1504 0.101869 -4.19541e-18
-54.176 0.104827 -4.31721e-18
-54.2026 0.107886 -4.44321e-18
-54.2305 0.11111 -4.57597e-18
-54.2606 0.114559 -4.71804e-18
-54.2934 0.118295 -4.87189e-18
-54.3294 0.122373 -5.03986e-18
-54.3691 0.126848 -5.22415e-18
-54.4131 0.131769 -5.42681e-18
-54.4616 0.137154 -5.64858e-18
-54.5142 0.14296 -5.8877e-18
-54.5701 0.149109 -6.14097e-18
-54.6287 0.155521 -6.40504e-18
-54.6889 0.162094 -6.67572e-18
-54.7497 0.168687 -6.94727e-18
-54.8093 0.175142 -7.21311e-18
-54.8664 0.181298 -7.46663e-18
-54.9197 0.187018 -7.7022e-18
-54.9684 0.192217 -7.91632e-18
-55.0119 0.196839 -8.1067e-18
-55.0498 0.200828 -8.27096e-18
-55.0816 0.204147 -8.40764e-18
-55.1075 0.20681 -8.51733e-18
-55.1277 0.208856 -8.60158e-18
-55.1427 0.210324 -8.66205e-18
-55.1529 0.211259 -8.70055e-18
-55.1587 0.211709 -8.71911e-18
-55.1605 0.211731 -8.72e-18
-55.159 0.211377 -8.70543e-18
-55.1543 0.210679 -8.67666e-18
-55.1463 0.209621 -8.63308e-18
-55.1347 0.208164 -8.57309e-18
-55.119 0.206272 -8.49519e-18
-55.0991 0.20393 -8.39871e-18
-55.0752 0.20116 -8.28462e-18
-55.0478 0.198007 -8.15479e-18
-55.0172 0.194521 -8.01121e-18
-54.9839 0.190753 -7.85602e-18
-54.9485 0.186759 -7.69155e-18
-54.9115 0.1826 -7.52026e-18
-54.8735 0.178337 -7.34468e-18
-54.835 0.174033 -7.16745e-18
-54.7968 0.169757 -6.99134e-18
-54.7595 0.165578 -6.81921e-18
-54.7236 0.161564 -6.65389e-18
-54.6898 0.157769 -6.4976e-18
-54.6583 0.154216 -6.35127e-18
-54.629 0.15091 -6.21512e-18
-54.6021 0.147856 -6.08934e-18
-54.5775 0.145048 -5.97371e-18
-54.555 0.142463 -5.86724e-18
-54.5344 0.140066 -5.76854e-18
-54.5152 0.137823 -5.67615e-18
-54.4971 0.135684 -5.58807e-18
-54.4794 0.133576 -5.50122e-18
-54.4612 0.131408 -5.41195e-18
-54.4418 0.129093 -5.31661e-18
-54.4203 0.126543 -5.2116e-18
-54.396 0.123671 -5.09332e-18
-54.368 0.120392 -4.95827e-18
-54.3357 0.116622 -4.80301e-18
-54.2987 0.112329 -4.62618e-18
-54.2576 0.107581 -4.43065e-18
-54.2137 0.102502 -4.22148e-18
-54.168 0.097216 -4.00378e-18
-54.1219 0.0918619 -3.78327e-18
-54.077 0.086614 -3.56714e-18
-54.035 0.0816623 -3.36321e-18
-53.9976 0.0771914 -3.17908e-18
-53.9662 0.0733352 -3.02026e-18
-53.9409 0.0701282 -2.88818e-18
-53.9217 0.0675499 -2.782e-18
-53.9081 0.0655733 -2.70059e-18
-53.8998 0.0641434 -2.6417e-18
-53.8955 0.0631523 -2.60088e-18
-53.8941 0.0624635 -2.57252e-18
-53.8943 0.0619389 -2.55091e-18
-53.8946 0.0614491 -2.53074e-18
-53.8942 0.0608853 -2.50752e-18
-53.892 0.0601508 -2.47727e-18
-53.8872 0.059152 -2.43613e-18
-53.8791 0.0578229 -2.3814e-18
-53.8676 0.0561523 -2.31259e-18
-53.8527 0.0541596 -2.23053e-18
-53.8348 0.0518695 -2.13621e-18
-53.814 0.0493102 -2.03081e-18
-53.7906 0.0465136 -1.91563e-18
-53.765 0.0435151 -1.79214e-18
-53.7376 0.0403548 -1.66198e-18
-53.7085 0.037069 -1.52666e-18
-53.6782 0.0336816 -1.38716e-18
-53.6467 0.0302117 -1.24425e-18
-53.6143 0.0266819 -1.09888e-18
-53.5815 0.0231449 -9.53206e-19
-53.5494 0.0197109 -8.1178e-19
-53.5192 0.016521 -6.80404e-19
-53.4923 0.0137164 -5.64899e-19
-53.4699 0.0114335 -4.7088e-19
-53.4534 0.00979874 -4.03554e-19
-53.4438 0.00893128 -3.67829e-19
-53.4421 0.00894611 -3.68439e-19
-53.4492 0.00991705 -4.08427e-19
-53.465 0.0118376 -4.87524e-19
-53.4889 0.0146565 -6.03616e-19
-53.5206 0.0183173 -7.54386e-19
-53.5588 0.0227022 -9.34975e-19
-53.6015 0.0275708 -1.13548e-18
-53.6458 0.0326186 -1.34338e-18
-53.6888 0.0375419 -1.54614e-18
-53.728 0.0420563 -1.73206e-18
-53.7611 0.0459157 -1.89101e-18
-53.786 0.0488981 -2.01384e-18
-53.8007 0.0507885 -2.09169e-18
-53.8037 0.0514145 -2.11747e-18
-53.7942 0.0506834 -2.08736e-18
-53.7717 0.0485489 -1.99945e-18
-53.7359 0.0449736 -1.85221e-18
-53.6871 0.0399904 -1.64698e-18
-53.6271 0.0337667 -1.39066e-18
-53.558 0.0265431 -1.09316e-18
-53.4821 0.0185634 -7.6452e-19
-53.4019 0.0100852 -4.15354e-19
-53.3201 0.00139258 -5.73526e-20
-53.2395 -0.00722007 2.97354e-19
-53.1627 -0.015464 6.36875e-19
-53.0922 -0.0230806 9.50559e-19
-53.03 -0.0298663 1.23002e-18
-52.9775 -0.0356525 1.46833e-18
-52.9363 -0.0402831 1.65903e-18
-52.9074 -0.0436421 1.79737e-18
-52.8912 -0.0456846 1.88149e-18
-52.8877 -0.0464088 1.91132e-18
-52.8968 -0.0458255 1.88729e-18
-52.918 -0.0439739 1.81103e-18
-52.9505 -0.0409381 1.68601e-18
-52.9932 -0.0368302 1.51683e-18
-53.0449 -0.0317699 1.30842e-18
-53.1046 -0.0258675 1.06534e-18
-53.1713 -0.0192056 7.90971e-19
-53.2444 -0.011853 4.88159e-19
-53.3231 -0.00388126 1.59847e-19
-53.4064 0.00461454 -1.90047e-19
-53.493 0.0134935 -5.5572e-19
-53.5814 0.0225922 -9.30445e-19
-53.6698 0.0317506 -1.30763e-18
-53.7571 0.0408255 -1.68137e-18
-53.842 0.049704 -2.04703e-18
-53.9236 0.0582933 -2.40077e-18
-54.0013 0.0665087 -2.73912e-18
-54.0744 0.0743054 -3.06022e-18
-54.1432 0.0817128 -3.36529e-18
-54.2085 0.0888029 -3.65729e-18
-54.2709 0.0956552 -3.9395e-18
-54.3313 0.102354 -4.21536e-18
-54.3905 0.108983 -4.48841e-18
-54.4493 0.115633 -4.76225e-18
-54.5085 0.122393 -5.04068e-18
-54.5688 0.129324 -5.32611e-18
-54.6301 0.136413 -5.61808e-18
-54.692 0.143613 -5.91462e-18
-54.7541 0.150878 -6.2138e-18
-54.8154 0.158097 -6.51113e-18
-54.8737 0.16503 -6.79666e-18
-54.9263 0.171369 -7.05771e-18
-54.9704 0.17681 -7.28179e-18
-55.0036 0.181102 -7.45856e-18
-55.0245 0.184092 -7.5817e-18
-55.0324 0.185681 -7.64716e-18
-55.0264 0.185782 -7.65132e-18
-55.0064 0.184373 -7.5933e-18
-54.9735 0.181565 -7.47762e-18
-54.9293 0.177537 -7.31175e-18
-54.8757 0.172476 -7.10331e-18
-54.8146 0.166587 -6.86078e-18
-54.7484 0.160112 -6.59409e-18
-54.6793 0.153309 -6.31392e-18
-54.61 0.146435 -6.03082e-18
-54.5423 0.139708 -5.75378e-18
-54.4778 0.133274 -5.48878e-18
-54.4173 0.127234 -5.24005e-18
-54.3618 0.121684 -5.01147e-18
-54.3117 0.116664 -4.80471e-18
-54.2663 0.112107 -4.61707e-18
-54.2245 0.107891 -4.44344e-18
-54.185 0.103887 -4.27853e-18
-54.1465 0.099943 -4.11608e-18
-54.1072 0.0958646 -3.94812e-18
-54.065 0.0914366 -3.76575e-18
-54.0179 0.086445 -3.56018e-18
-53.9641 0.0807009 -3.32361e-18
-53.9024 0.0740649 -3.05031e-18
-53.8316 0.0664269 -2.73575e-18
-53.751 0.0576836 -2.37566e-18
-53.6598 0.047775 -1.96758e-18
-53.5584 0.0367244 -1.51247e-18
-53.4473 0.0246016 -1.0132e-18
-53.3274 0.0114824 -4.72896e-19
-53.1995 -0.00254449 1.04793e-19
-53.0646 -0.0173701 7.15378e-19
-52.924 -0.0328743 1.35391e-18
-52.7787 -0.048935 2.01536e-18
-52.6298 -0.0654532 2.69565e-18
-52.4777 -0.0823779 3.39268e-18
-52.3228 -0.0996847 4.10545e-18
-52.1654 -0.117351 4.83304e-18
-52.0057 -0.135338 5.57382e-18
-51.8447 -0.153566 6.32453e-18
-51.6831 -0.171939 7.08121e-18
-51.522 -0.190367 7.84014e-18
-51.3623 -0.20873 8.5964e-18
-51.2059 -0.226844 9.34242e-18
-51.0547 -0.244495 1.00694e-17
-50.9106 -0.261482 1.0769e-17
-50.7753 -0.277616 1.14334e-17
-50.6503 -0.292724 1.20556e-17
-50.5372 -0.306648 1.26291e-17
-50.437 -0.319247 1.3148e-17
-50.3508 -0.330425 1.36083e-17
-50.2784 -0.34018 1.40101e-17
-50.2195 -0.34855 1.43548e-17
-50.1736 -0.355558 1.46434e-17
-50.14 -0.361269 1.48786e-17
-50.1176 -0.36579 1.50648e-17
-50.105 -0.369248 1.52073e-17
-50.101 -0.37178 1.53115e-17
-50.1037 -0.37355 1.53844e-17
-50.111 -0.374789 1.54355e-17
-50.1202 -0.375757 1.54753e-17
-50.129 -0.376707 1.55144e-17
-50.1353 -0.377841 1.55611e-17
-50.138 -0.379263 1.56197e-17
-50.1368 -0.381012 1.56917e-17
-50.1311 -0.383119 1.57785e-17
-50.1213 -0.385554 1.58788e-17
-50.1086 -0.388172 1.59866e-17
-50.0948 -0.390765 1.60934e-17
-50.0821 -0.393116 1.61902e-17
-50.0726 -0.39498 1.6267e-17
-50.069 -0.396068 1.63118e-17
-50.0743 -0.396067 1.63117e-17
-50.0913 -0.39466 1.62538e-17
-50.1222 -0.391629 1.6129e-17
-50.1672 -0.386949 1.59363e-17
-50.2256 -0.380702 1.5679e-17
-50.2966 -0.37297 1.53605e-17
-50.3794 -0.36385 1.49849e-17
-50.473 -0.35347 1.45574e-17
-50.5758 -0.341974 1.4084e-17
-50.6868 -0.329506 1.35705e-17
-50.805 -0.316165 1.30211e-17
-50.9303 -0.301966 1.24363e-17
-51.0632 -0.286875 1.18148e-17
-51.2039 -0.270862 1.11553e-17
-51.3531 -0.253847 1.04545e-17
-51.5127 -0.235647 9.70498e-18
-51.6848 -0.216034 8.89722e-18
-51.8716 -0.194783 8.022e-18
-52.0743 -0.171746 7.07325e-18
-52.2931 -0.146925 6.05101e-18
-52.5273 -0.120403 4.95872e-18
-52.7759 -0.0922732 3.80021e-18
-53.0374 -0.0627259 2.58332e-18
-53.3095 -0.0320081 1.31823e-18
-53.5893 -0.000410247 1.68957e-20
-53.8738 0.0317255 -1.3066e-18
-54.16 0.0640968 -2.63978e-18
-54.4457 0.0964203 -3.971e-18
-54.7281 0.128437 -5.28959e-18
-55.0048 0.159892 -6.58505e-18
-55.274 0.19057 -7.84848e-18
-55.5343 0.220331 -9.07418e-18
-55.7849 0.24908 -1.02582e-17
-56.025 0.276731 -1.1397e-17
-56.2541 0.303228 -1.24882e-17
-56.4721 0.328565 -1.35317e-17
-56.6793 0.352769 -1.45285e-17
-56.876 0.375873 -1.54801e-17
-57.0625 0.397889 -1.63868e-17
-57.2385 0.418777 -1.72471e-17
-57.4041 0.438495 -1.80591e-17
-57.5582 0.456954 -1.88193e-17
-57.6999 0.474086 -1.95249e-17
-57.8294 0.48989 -2.01758e-17
-57.9468 0.504368 -2.07721e-17
-58.0522 0.517536 -2.13144e-17
-58.1459 0.529399 -2.18029e-17
-58.2278 0.539952 -2.22376e-17
-58.2978 0.549181 -2.26177e-17
-58.356 0.557077 -2.29428e-17
-58.4027 0.563689 -2.32151e-17
-58.4398 0.569188 -2.34416e-17
-58.4693 0.573808 -2.36319e-17
-58.4934 0.577778 -2.37954e-17
-58.5143 0.581323 -2.39414e-17
-58.5339 0.584649 -2.40784e-17
-58.554 0.587955 -2.42145e-17
-58.5763 0.591429 -2.43576e-17
-58.6023 0.595217 -2.45136e-17
-58.6326 0.599388 -2.46854e-17
-58.6676 0.60397 -2.48741e-17
-58.7075 0.608977 -2.50803e-17
-58.7514 0.614357 -2.53019e-17
-58.7976 0.619929 -2.55314e-17
-58.8437 0.625443 -2.57584e-17
-58.8873 0.630644 -2.59727e-17
-58.9259 0.635285 -2.61638e-17
-58.9572 0.639124 -2.63219e-17
-58.979 0.641933 -2.64376e-17
-58.9891 0.643486 -2.65016e-17
-58.9861 0.643633 -2.65076e-17
-58.9698 0.64236 -2.64552e-17
-58.9405 0.639733 -2.6347e-17
-58.8992 0.635828 -2.61862e-17
-58.8466 0.630761 -2.59775e-17
-58.7846 0.624714 -2.57284e-17
-58.7151 0.617908 -2.54481e-17
-58.6402 0.610574 -2.51461e-17
-58.5621 0.602902 -2.48301e-17
-58.4816 0.595013 -2.45052e-17
-58.3992 0.586982 -2.41744e-17
-58.3158 0.578886 -2.38411e-17
-58.2317 0.57077 -2.35068e-17
-58.1466 0.562583 -2.31696e-17
-58.0601 0.554236 -2.28259e-17
-57.9711 0.545644 -2.2472e-17
-57.8785 0.536731 -2.21049e-17
-57.7824 0.527437 -2.17221e-17
-57.6819 0.517711 -2.13216e-17
-57.5767 0.50751 -2.09015e-17
-57.4668 0.496824 -2.04614e-17
-57.3525 0.485711 -2.00037e-17
-57.235 0.474264 -1.95323e-17
-57.1152 0.462581 -1.90511e-17
-56.9939 0.45076 -1.85643e-17
-56.8723 0.438904 -1.8076e-17
-56.7513 0.427116 -1.75905e-17
-56.6319 0.415497 -1.7112e-17
-56.515 0.404137 -1.66441e-17
-56.4012 0.393104 -1.61897e-17
-56.2912 0.382454 -1.57511e-17
-56.1854 0.372238 -1.53304e-17
-56.0843 0.362497 -1.49292e-17
-55.988 0.353256 -1.45486e-17
-55.8969 0.344533 -1.41894e-17
-55.811 0.336338 -1.38518e-17
-55.7305 0.328688 -1.35368e-17
-55.6557 0.321621 -1.32457e-17
-55.5872 0.315183 -1.29806e-17
-55.5253 0.309416 -1.27431e-17
-55.4705 0.304387 -1.2536e-17
-55.4244 0.300236 -1.2365e-17
-55.3883 0.297132 -1.22372e-17
-55.3638 0.295236 -1.21591e-17
-55.3523 0.294704 -1.21372e-17
-55.3554 0.295697 -1.21781e-17
-55.3743 0.298367 -1.22881e-17
-55.4106 0.302858 -1.2473e-17
-55.4646 0.309235 -1.27356e-17
-55.5358 0.317418 -1.30727e-17
-55.6225 0.32725 -1.34776e-17
-55.7232 0.33856 -1.39434e-17
-55.8355 0.351083 -1.44591e-17
-55.9551 0.364361 -1.5006e-17
-56.0767 0.377838 -1.5561e-17
-56.1953 0.390961 -1.61015e-17
-56.3056 0.403172 -1.66044e-17
-56.4026 0.41391 -1.70466e-17
-56.4809 0.422614 -1.74051e-17
-56.5356 0.428743 -1.76575e-17
-56.5626 0.431849 -1.77854e-17
-56.5595 0.43166 -1.77776e-17
-56.5247 0.428008 -1.76272e-17
-56.457 0.420747 -1.73282e-17
-56.3559 0.409801 -1.68774e-17
-56.2219 0.395221 -1.62769e-17
-56.0563 0.37713 -1.55318e-17
-55.8606 0.355666 -1.46479e-17
-55.6368 0.331039 -1.36336e-17
-55.3884 0.303595 -1.25034e-17
-55.1193 0.273748 -1.12741e-17
-54.8335 0.241915 -9.96311e-18
-54.5351 0.208503 -8.58706e-18
-54.2277 0.173909 -7.16231e-18
-53.9151 0.138513 -5.70457e-18
-53.6008 0.102682 -4.2289e-18
-53.2881 0.0667744 -2.75006e-18
-52.9805 0.0311508 -1.28292e-18
-52.6811 -0.00383901 1.58107e-19
-52.3931 -0.037872 1.55973e-18
-52.1186 -0.0707166 2.91242e-18
-51.8581 -0.1023 4.21314e-18
-51.6114 -0.132645 5.46288e-18
-51.3778 -0.161801 6.66367e-18
-51.157 -0.189823 7.81774e-18
-50.95 -0.216669 8.92338e-18
-50.7555 -0.242405 9.98328e-18
-50.5715 -0.267144 1.10021e-17
-50.3978 -0.29092 1.19813e-17
-50.2333 -0.313825 1.29247e-17
-50.077 -0.335937 1.38353e-17
-49.9283 -0.357351 1.47172e-17
-49.7869 -0.378115 1.55724e-17
-49.6528 -0.39814 1.63971e-17
-49.5264 -0.417366 1.71889e-17
-49.4091 -0.435613 1.79404e-17
-49.3022 -0.452678 1.86433e-17
-49.2066 -0.468468 1.92935e-17
-49.1235 -0.482832 1.98851e-17
-49.0538 -0.49565 2.0413e-17
-48.9987 -0.506772 2.08711e-17
-48.9598 -0.51602 2.12519e-17
-48.9387 -0.523198 2.15475e-17
-48.9372 -0.528107 2.17497e-17
-48.9578 -0.53057 2.18512e-17
-49.0008 -0.530474 2.18472e-17
-49.0664 -0.52773 2.17342e-17
-49.1558 -0.522243 2.15082e-17
-49.2689 -0.513975 2.11677e-17
-49.4056 -0.502971 2.07145e-17
-49.5646 -0.489333 2.01528e-17
-49.7451 -0.473158 1.94867e-17
-49.9454 -0.454615 1.8723e-17
-50.1636 -0.433996 1.78738e-17
-50.3957 -0.411665 1.69541e-17
-50.638 -0.38798 1.59787e-17
-50.8875 -0.3633 1.49623e-17
-51.1405 -0.33799 1.39199e-17
-51.3938 -0.312414 1.28666e-17
-51.6441 -0.286922 1.18167e-17
-51.8887 -0.261803 1.07822e-17
-52.1261 -0.237232 9.77026e-18
-52.3554 -0.21332 8.78545e-18
-52.5758 -0.190159 7.83156e-18
-52.7869 -0.167762 6.90915e-18
-52.9901 -0.145993 6.01264e-18
-53.1875 -0.124636 5.13304e-18
-53.3813 -0.10346 4.26092e-18
-53.5733 -0.0822726 3.38834e-18
-53.7645 -0.0609665 2.51087e-18
-53.9557 -0.0394767 1.62582e-18
-54.1474 -0.0177328 7.30315e-19
-54.3399 0.00427021 -1.75866e-19
-54.532 0.026397 -1.08714e-18
-54.7217 0.0484416 -1.99503e-18
-54.9073 0.0702055 -2.89137e-18
-55.0867 0.091456 -3.76655e-18
-55.257 0.11188 -4.60771e-18
-55.4152 0.13113 -5.40052e-18
-55.558 0.148874 -6.1313e-18
-55.6828 0.164792 -6.78686e-18
-55.7866 0.178572 -7.35438e-18
-55.8669 0.189919 -7.82168e-18
-55.9213 0.198558 -8.17746e-18
-55.948 0.2043 -8.41395e-18
-55.9468 0.207108 -8.52962e-18
-55.9185 0.207036 -8.52663e-18
-55.8639 0.204155 -8.40799e-18
-55.7841 0.19856 -8.17756e-18
-55.6802 0.190368 -7.8402e-18
-55.5538 0.179716 -7.40149e-18
-55.4065 0.16675 -6.86747e-18
-55.2405 0.151673 -6.24654e-18
-55.0593 0.134871 -5.55458e-18
-54.8676 0.116814 -4.81091e-18
-54.6696 0.0979367 -4.03346e-18
-54.4693 0.0786587 -3.23951e-18
-54.2703 0.0593367 -2.44374e-18
-54.0757 0.04029 -1.65932e-18
-53.8883 0.0218171 -8.98522e-19
-53.7107 0.00418074 -1.72181e-19
-53.545 -0.012405 5.1089e-19
-53.3928 -0.0277673 1.14358e-18
-53.2554 -0.0417614 1.71991e-18
-53.1333 -0.0543477 2.23827e-18
-53.0251 -0.0656707 2.7046e-18
-52.9284 -0.0759843 3.12936e-18
-52.8405 -0.0855667 3.52401e-18
-52.7583 -0.0947332 3.90152e-18
-52.6784 -0.103851 4.27705e-18
-52.5967 -0.113342 4.66793e-18
-52.5093 -0.123607 5.09067e-18
-52.4125 -0.13503 5.56111e-18
-52.3025 -0.147992 6.09493e-18
-52.1759 -0.162841 6.70648e-18
-52.0293 -0.179926 7.41014e-18
-51.8595 -0.199581 8.21959e-18
-51.6633 -0.222117 9.14775e-18
-51.4383 -0.247829 1.02067e-17
-51.1817 -0.276986 1.14075e-17
-50.8916 -0.309838 1.27605e-17
-50.5654 -0.346606 1.42747e-17
-50.2005 -0.38749 1.59585e-17
-49.7957 -0.432654 1.78186e-17
-49.3498 -0.482198 1.9859e-17
-48.8629 -0.536121 2.20798e-17
-48.3356 -0.594351 2.4478e-17
-47.7692 -0.656784 2.70492e-17
-47.1651 -0.723257 2.97868e-17
-46.5255 -0.793509 3.26801e-17
-45.8541 -0.867216 3.57157e-17
-45.1537 -0.944034 3.88794e-17
-44.4285 -1.02357 4.21551e-17
-43.6828 -1.10538 4.55243e-17
-42.9206 -1.18896 4.89667e-17
-42.1468 -1.27383 5.24617e-17
-41.3665 -1.35943 5.59872e-17
-40.5855 -1.44515 5.95174e-17
-39.8102 -1.53032 6.30252e-17
-39.0466 -1.6143 6.64839e-17
-38.3004 -1.69649 6.98689e-17
-37.5762 -1.77639 7.31594e-17
-36.8784 -1.85355 7.63371e-17
-36.2108 -1.92755 7.93848e-17
-35.5768 -1.99803 8.22876e-17
-34.979 -2.06471 8.50337e-17
-34.4194 -2.12736 8.76141e-17
-33.8999 -2.1858 9.00208e-17
-33.4216 -2.23987 9.22477e-17
-32.9855 -2.28948 9.42907e-17
-32.592 -2.33457 9.61476e-17
-32.2412 -2.37511 9.78173e-17
-31.9332 -2.41107 9.92985e-17
-31.6685 -2.4424 1.00589e-16
-31.4477 -2.46902 1.01685e-16
-31.271 -2.49088 1.02585e-16
-31.1388 -2.50794 1.03288e-16
-31.0515 -2.52012 1.03789e-16
-31.01 -2.52733 1.04086e-16
-31.0145 -2.52951 1.04176e-16
-31.0655 -2.52662 1.04057e-16
-31.1631 -2.51862 1.03728e-16
-31.3073 -2.5055 1.03187e-16
-31.498 -2.48726 1.02436e-16
-31.735 -2.46391 1.01475e-16
-32.0187 -2.43548 1.00303e-16
-32.3483 -2.40199 9.89243e-17
-32.7228 -2.3635 9.73392e-17
-33.1416 -2.32009 9.55515e-17
-33.6032 -2.27191 9.35673e-17
-34.1059 -2.21914 9.13938e-17
-34.6479 -2.16196 8.9039e-17
-35.228 -2.10061 8.65121e-17
-35.8431 -2.03535 8.38244e-17
-36.4898 -1.96648 8.09883e-17
-37.1654 -1.89433 7.80166e-17
-37.867 -1.81923 7.49239e-17
-38.5904 -1.74162 7.17276e-17
-39.3311 -1.66197 6.84469e-17
-40.0848 -1.58072 6.5101e-17
-40.8479 -1.49829 6.17059e-17
-41.6181 -1.41491 5.82719e-17
-42.3952 -1.33075 5.4806e-17
-43.1769 -1.24598 5.13147e-17
-43.9612 -1.1607 4.78025e-17
-44.7491 -1.0749 4.42691e-17
-45.5406 -0.988521 4.07116e-17
-46.3367 -0.901487 3.71272e-17
-47.1384 -0.813739 3.35133e-17
-47.9457 -0.725246 2.98688e-17
-48.7584 -0.635989 2.61928e-17
-49.5769 -0.545952 2.24847e-17
-50.4005 -0.455187 1.87466e-17
-51.2276 -0.363895 1.49868e-17
-52.0553 -0.272348 1.12165e-17
-52.8814 -0.180816 7.44678e-18
-53.7028 -0.089597 3.68999e-18
-54.5164 0.000944422 -3.88954e-20
-55.3183 0.0904171 -3.72377e-18
-56.1052 0.178445 -7.34913e-18
-56.8738 0.264697 -1.09014e-17
-57.6219 0.348921 -1.43701e-17
-58.3475 0.430913 -1.77469e-17
-59.0491 0.510497 -2.10245e-17
-59.7256 0.587548 -2.41978e-17
-60.3766 0.662035 -2.72655e-17
-61.002 0.733872 -3.0224e-17
-61.6025 0.803159 -3.30776e-17
-62.1788 0.870014 -3.5831e-17
-62.7305 0.934345 -3.84804e-17
-63.2571 0.996103 -4.10238e-17
-63.7582 1.05523 -4.34589e-17
-64.2349 1.11172 -4.57853e-17
-64.686 1.16543 -4.79973e-17
-65.1084 1.21611 -5.00847e-17
-65.5008 1.26361 -5.20409e-17
-65.8621 1.30779 -5.38604e-17
-66.1915 1.34854 -5.55388e-17
-66.4883 1.38577 -5.70721e-17
-66.7521 1.41941 -5.84573e-17
-66.9823 1.44938 -5.96917e-17
-67.1787 1.47563 -6.0773e-17
-67.341 1.49812 -6.16992e-17
-67.469 1.51681 -6.24687e-17
-67.5623 1.53162 -6.30786e-17
-67.6198 1.54242 -6.35235e-17
-67.6401 1.54905 -6.37964e-17
-67.6218 1.55133 -6.38907e-17
-67.5635 1.54912 -6.37997e-17
-67.4639 1.54225 -6.35165e-17
-67.3215 1.53053 -6.3034e-17
-67.1348 1.51382 -6.23457e-17
-66.903 1.49201 -6.14474e-17
-66.6262 1.46511 -6.03397e-17
-66.3054 1.43322 -5.9026e-17
-65.9413 1.39641 -5.75101e-17
-65.5354 1.35484 -5.57982e-17
-65.0903 1.3088 -5.3902e-17
-64.6092 1.25863 -5.1836e-17
-64.0966 1.20471 -4.96153e-17
-63.555 1.14739 -4.72546e-17
-62.9877 1.08709 -4.47709e-17
-62.3988 1.02423 -4.21822e-17
-61.7921 0.959247 -3.95059e-17
-61.1711 0.892516 -3.67577e-17
-60.5381 0.82432 -3.39491e-17
-59.8972 0.754894 -3.10898e-17
-59.2499 0.684464 -2.81892e-17
-58.596 0.613221 -2.52551e-17
-57.938 0.541304 -2.22932e-17
-57.276 0.46884 -1.93089e-17
-56.6103 0.395946 -1.63068e-17
-55.9424 0.322681 -1.32894e-17
-55.2724 0.249004 -1.02551e-17
-54.5987 0.174815 -7.19965e-18
-53.9192 0.100033 -4.11978e-18
-53.2329 0.024563 -1.01161e-18
-52.5388 -0.0516904 2.12884e-18
-51.8374 -0.128747 5.30236e-18
-51.1272 -0.206719 8.5136e-18
-50.4064 -0.285691 1.1766e-17
-49.6764 -0.365545 1.50547e-17
-48.9382 -0.446153 1.83745e-17
-48.1935 -0.527341 2.17182e-17
-47.4444 -0.608881 2.50764e-17
-46.694 -0.690427 2.84348e-17
-45.9463 -0.771563 3.17763e-17
-45.2053 -0.851871 3.50837e-17
-44.475 -0.930963 3.83411e-17
-43.7601 -1.00831 4.15266e-17
-43.0659 -1.08335 4.46169e-17
-42.397 -1.15559 4.75921e-17
-41.7579 -1.22455 5.04324e-17
-41.1523 -1.28988 5.31228e-17
-40.5833 -1.35124 5.56498e-17
-40.0537 -1.40833 5.80012e-17
-39.5657 -1.46094 6.0168e-17
-39.1202 -1.50898 6.21462e-17
-38.7174 -1.55243 6.39357e-17
-38.3573 -1.59132 6.55373e-17
-38.0395 -1.62567 6.69522e-17
-37.764 -1.6555 6.81805e-17
-37.5308 -1.68081 6.9223e-17
-37.3396 -1.70165 7.00811e-17
-37.1896 -1.71808 7.07579e-17
-37.08 -1.7302 7.12571e-17
-37.0097 -1.73813 7.15837e-17
-36.9773 -1.74202 7.17437e-17
-36.9814 -1.74199 7.17429e-17
-37.0212 -1.73817 7.15853e-17
-37.0958 -1.73062 7.12746e-17
-37.204 -1.71947 7.08153e-17
-37.3453 -1.70478 7.02103e-17
-37.5196 -1.68654 6.9459e-17
-37.7276 -1.66468 6.85588e-17
-37.9695 -1.63917 6.75082e-17
-38.2459 -1.60995 6.63048e-17
-38.5576 -1.57692 6.49444e-17
-38.9058 -1.53996 6.34221e-17
-39.2912 -1.49896 6.17338e-17
-39.7146 -1.45387 5.98765e-17
-40.1764 -1.40462 5.78484e-17
-40.6766 -1.35122 5.56489e-17
-41.2152 -1.29365 5.32782e-17
-41.7916 -1.23201 5.07394e-17
-42.4037 -1.16649 4.80411e-17
-43.0489 -1.09738 4.5195e-17
-43.7245 -1.02498 4.22131e-17
-44.4275 -0.949607 3.91089e-17
-45.1546 -0.871618 3.5897e-17
-45.9023 -0.791393 3.2593e-17
-46.6671 -0.709318 2.92128e-17
-47.4448 -0.625873 2.57761e-17
-48.231 -0.541523 2.23023e-17
-49.0211 -0.456745 1.88107e-17
-49.8102 -0.372084 1.5324e-17
-50.5957 -0.288039 1.18627e-17
-51.3741 -0.205058 8.44517e-18
-52.1392 -0.123565 5.08895e-18
-52.8868 -0.0439762 1.81113e-18
-53.6136 0.0333086 -1.37179e-18
-54.3157 0.107895 -4.44357e-18
-54.99 0.17941 -7.38887e-18
-55.6351 0.247491 -1.01928e-17
-56.2474 0.311801 -1.28413e-17
-56.8237 0.372019 -1.53214e-17
-57.3612 0.427857 -1.7621e-17
-57.8559 0.479002 -1.97274e-17
-58.3055 0.525155 -2.16282e-17
-58.7074 0.566066 -2.33131e-17
-59.0597 0.601485 -2.47718e-17
-59.3602 0.631187 -2.5995e-17
-59.6072 0.654974 -2.69747e-17
-59.7993 0.672688 -2.77042e-17
-59.9353 0.684199 -2.81783e-17
-60.0144 0.689397 -2.83923e-17
-60.0361 0.688189 -2.83426e-17
-59.9987 0.680377 -2.80209e-17
-59.8996 0.665723 -2.74173e-17
-59.7374 0.644051 -2.65248e-17
-59.51 0.615146 -2.53344e-17
-59.2152 0.57874 -2.3835e-17
-58.8502 0.534539 -2.20146e-17
-58.4126 0.482281 -1.98624e-17
-57.9002 0.421721 -1.73683e-17
-57.3106 0.35256 -1.45199e-17
-56.6418 0.27456 -1.13076e-17
-55.8925 0.187616 -7.72684e-18
-55.0614 0.0915937 -3.77222e-18
-54.1475 -0.0136367 5.61618e-19
-53.1501 -0.128161 5.27821e-18
-52.0686 -0.252037 1.038e-17
-50.903 -0.385296 1.58681e-17
-49.6531 -0.527956 2.17435e-17
-48.3191 -0.680014 2.80059e-17
-46.9015 -0.841435 3.46539e-17
-45.4011 -1.01215 4.16846e-17
-43.819 -1.19205 4.90937e-17
-42.1565 -1.381 5.68756e-17
-40.4154 -1.57885 6.50238e-17
-38.5985 -1.78528 7.35256e-17
-36.7114 -1.99973 8.23574e-17
-34.761 -2.22146 9.14894e-17
-32.7542 -2.44975 1.00891e-16
-30.6988 -2.68377 1.10529e-16
-28.6048 -2.92245 1.20359e-16
-26.4829 -3.16464 1.30334e-16
-24.3438 -3.40921 1.40406e-16
-22.1987 -3.65496 1.50527e-16
-20.0602 -3.90051 1.6064e-16
-17.9417 -4.14443 1.70686e-16
-15.8559 -4.38534 1.80607e-16
-13.8146 -4.62194 1.90352e-16
-11.8285 -4.85306 1.9987e-16
-9.90729 -5.07763 2.09119e-16
-8.05997 -5.29464 2.18056e-16
-6.29381 -5.50327 2.26648e-16
-4.6136 -5.70294 2.34872e-16
-3.02243 -5.89327 2.42711e-16
-1.52266 -6.07395 2.50152e-16
-0.114604 -6.24487 2.57191e-16
1.20484 -6.40629 2.63839e-16
2.4408 -6.5587 2.70115e-16
3.59885 -6.70261 2.76042e-16
4.68498 -6.83859 2.81643e-16
5.70564 -6.96728 2.86943e-16
6.66754 -7.0893 2.91968e-16
7.57691 -7.20532 2.96746e-16
8.44036 -7.31593 3.01302e-16
9.26334 -7.42163 3.05655e-16
10.0502 -7.52286 3.09824e-16
10.8052 -7.62001 3.13825e-16
11.5314 -7.71338 3.1767e-16
12.2301 -7.80304 3.21363e-16
12.9012 -7.88898 3.24902e-16
13.5443 -7.97112 3.28285e-16
14.1582 -8.04931 3.31505e-16
14.7405 -8.12328 3.34552e-16
15.2881 -8.1927 3.37411e-16
15.7975 -8.2572 3.40067e-16
16.2649 -8.31635 3.42503e-16
16.6854 -8.36967 3.44699e-16
17.0541 -8.41662 3.46633e-16
17.3656 -8.45667 3.48282e-16
17.615 -8.48927 3.49625e-16
17.7974 -8.51395 3.50641e-16
17.9076 -8.53023 3.51312e-16
17.9415 -8.53765 3.51618e-16
17.8954 -8.53582 3.51542e-16
17.7657 -8.52437 3.51071e-16
17.5497 -8.50304 3.50192e-16
17.2447 -8.47157 3.48896e-16
16.8487 -8.42975 3.47174e-16
16.3602 -8.37744 3.45019e-16
15.7783 -8.31455 3.42429e-16
15.1025 -8.24105 3.39402e-16
14.3323 -8.15688 3.35936e-16
13.4666 -8.06195 3.32026e-16
12.5046 -7.95615 3.27669e-16
11.4455 -7.83942 3.22861e-16
10.2891 -7.71172 3.17602e-16
9.03508 -7.57301 3.11889e-16
7.68334 -7.42328 3.05723e-16
6.23421 -7.26255 2.99103e-16
4.68906 -7.09096 2.92037e-16
3.05106 -6.90884 2.84536e-16
1.32448 -6.71663 2.7662e-16
-0.486204 -6.51481 2.68308e-16
-2.37542 -6.30396 2.59624e-16
-4.33566 -6.08487 2.50601e-16
-6.3584 -5.85847 2.41277e-16
-8.43508 -5.62566 2.31689e-16
-10.5555 -5.38754 2.21882e-16
-12.7058 -5.14559 2.11918e-16
-14.8707 -4.90149 2.01865e-16
-17.035 -4.65687 1.9179e-16
-19.1832 -4.41343 1.81764e-16
-21.2984 -4.17301 1.71862e-16
-23.3631 -3.93751 1.62164e-16
-25.3607 -3.70878 1.52744e-16
-27.2751 -3.48858 1.43675e-16
-29.0903 -3.2787 1.35031e-16
-30.7909 -3.08087 1.26884e-16
-32.3624 -2.8967 1.19299e-16
-33.792 -2.72765 1.12336e-16
-35.069 -2.57495 1.06048e-16
-36.1844 -2.43965 1.00475e-16
-37.1303 -2.3227 9.56589e-17
-37.9006 -2.22484 9.16287e-17
-38.4923 -2.1465 8.84022e-17
-38.9042 -2.08789 8.59886e-17
-39.1359 -2.04916 8.43935e-17
-39.1891 -2.03023 8.36138e-17
-39.0686 -2.03066 8.36312e-17
-38.7814 -2.04979 8.44193e-17
-38.3345 -2.08695 8.59496e-17
-37.7361 -2.14135 8.81901e-17
-36.9953 -2.21207 9.11026e-17
-36.122 -2.29811 9.4646e-17
-35.126 -2.39847 9.87792e-17
-34.017 -2.51215 1.03461e-16
-32.8049 -2.63813 1.0865e-16
-31.4992 -2.77539 1.14303e-16
-30.1093 -2.92296 1.2038e-16
-28.6434 -3.07993 1.26845e-16
-27.109 -3.2455 1.33664e-16
-25.5126 -3.41894 1.40807e-16
-23.8601 -3.59957 1.48246e-16
-22.1566 -3.78684 1.55958e-16
-20.4056 -3.98028 1.63925e-16
-18.6097 -4.17957 1.72133e-16
-16.7711 -4.3844 1.80569e-16
-14.8915 -4.59453 1.89223e-16
-12.9719 -4.80976 1.98087e-16
-11.0129 -5.02994 2.07155e-16
-9.01508 -5.25496 2.16422e-16
-6.97937 -5.4846 2.2588e-16
-4.90817 -5.71855 2.35515e-16
-2.80459 -5.95638 2.4531e-16
-0.671877 -6.19767 2.55247e-16
1.48519 -6.44185 2.65303e-16
3.65884 -6.68799 2.75441e-16
5.83959 -6.93504 2.85615e-16
8.01778 -7.18188 2.95781e-16
10.1826 -7.42731 3.05889e-16
12.321 -7.66988 3.15879e-16
14.4187 -7.90802 3.25687e-16
16.4616 -8.14016 3.35247e-16
18.4333 -8.36475 3.44496e-16
20.3211 -8.5802 3.5337e-16
22.1116 -8.78495 3.61802e-16
23.7884 -8.9775 3.69732e-16
25.3374 -9.15642 3.77101e-16
26.7501 -9.32046 3.83857e-16
28.0181 -9.46852 3.89955e-16
29.1308 -9.59956 3.95351e-16
30.0783 -9.71265 4.00009e-16
30.8561 -9.80711 4.03899e-16
31.4611 -9.88239 4.06999e-16
31.8883 -9.93801 4.0929e-16
32.1366 -9.97371 4.10761e-16
32.2067 -9.98957 4.11414e-16
32.102 -9.98585 4.11261e-16
31.8262 -9.96292 4.10316e-16
31.3842 -9.92123 4.08599e-16
30.7825 -9.8614 4.06135e-16
30.0283 -9.78415 4.02954e-16
29.1292 -9.69023 3.99086e-16
28.0933 -9.58045 3.94564e-16
26.929 -9.45563 3.89424e-16
25.6448 -9.31665 3.837e-16
24.2492 -9.16435 3.77428e-16
22.7498 -8.99952 3.70639e-16
21.1523 -8.82271 3.63357e-16
19.4613 -8.63439 3.55602e-16
17.6811 -8.43498 3.47389e-16
15.8151 -8.22484 3.38735e-16
13.8658 -8.00421 3.29648e-16
11.8347 -7.77324 3.20136e-16
9.72288 -7.53205 3.10202e-16
7.5311 -7.28074 2.99852e-16
5.2576 -7.01939 2.89089e-16
2.90436 -6.7481 2.77916e-16
0.472791 -6.46689 2.66334e-16
-2.03801 -6.1758 2.54346e-16
-4.62664 -5.87498 2.41957e-16
-7.2959 -5.56458 2.29173e-16
-10.0449 -5.24472 2.16e-16
-12.8695 -4.91557 2.02444e-16
-15.7681 -4.57741 1.88518e-16
-18.7404 -4.2306 1.74234e-16
-21.7824 -3.87545 1.59608e-16
-24.8916 -3.51223 1.44649e-16
-28.068 -3.1411 1.29364e-16
-31.3112 -2.76216 1.13758e-16
-34.6211 -2.37552 9.78341e-17
-37.9976 -1.98128 8.15976e-17
-41.4411 -1.5795 6.50505e-17
-44.9519 -1.17023 4.8195e-17
-48.5299 -0.753563 3.1035e-17
-52.1743 -0.329674 1.35774e-17
-55.8834 0.101172 -4.16672e-18
-59.6546 0.538618 -2.21826e-17
-63.4823 0.981546 -4.04243e-17
-67.379 1.43049 -5.89139e-17
-71.3338 1.88511 -7.76369e-17
-75.3279 2.34385 -9.65298e-17
-79.3623 2.80645 -1.15582e-16
-83.4254 3.27183 -1.34748e-16
-87.5101 3.73909 -1.53992e-16
-91.6052 4.20705 -1.73265e-16
-95.7001 4.67455 -1.92518e-16
-99.7833 5.14034 -2.11702e-16
-103.842 5.60307 -2.30759e-16
-107.864 6.06135 -2.49633e-16
-111.835 6.51374 -2.68264e-16
-115.741 6.95882 -2.86594e-16
-119.57 7.39513 -3.04564e-16
-123.308 7.82126 -3.22114e-16
-126.941 8.23579 -3.39186e-16
-130.458 8.6374 -3.55725e-16
-133.845 9.02488 -3.71684e-16
-137.094 9.39714 -3.87015e-16
-140.196 9.75318 -4.01678e-16
-143.142 10.092 -4.15634e-16
-145.922 10.4129 -4.28849e-16
-148.531 10.7151 -4.41296e-16
-150.964 10.9981 -4.52949e-16
-153.216 11.2613 -4.63788e-16
-155.281 11.5043 -4.73796e-16
-157.157 11.7268 -4.82961e-16
-158.841 11.9286 -4.91273e-16
-160.318 12.1074 -7.11635e-16
-161.598 12.2636 -7.18272e-16
-162.702 12.4005 -7.24093e-16
-163.629 12.5186 -7.29117e-16
-164.387 12.6187 -7.33378e-16
-164.985 12.7018 -7.36918e-16
-165.434 12.7691 -7.3979e-16
-165.746 12.8219 -7.42046e-16
-165.933 12.8614 -7.43738e-16
-166.006 12.8888 -7.44916e-16
-165.975 12.905 -7.45625e-16
-165.856 12.9114 -7.45913e-16
-165.656 12.9088 -7.45825e-16
-165.387 12.8983 -7.454e-16
-165.057 12.8807 -7.28162e-16
-164.665 12.8566 -7.27166e-16
-164.224 12.8267 -7.25937e-16
-163.736 12.7918 -7.245e-16
-163.207 12.7525 -7.2288e-16
-162.643 12.7093 -7.21101e-16
-162.046 12.6627 -7.19183e-16
-161.421 12.6131 -7.17139e-16
-160.769 12.5606 -7.14977e-16
-160.091 12.5054 -7.12705e-16
-159.39 12.4478 -7.10333e-16
-158.666 12.388 -7.07869e-16
-157.922 12.3261 -7.05319e-16
-157.16 12.2623 -7.02693e-16
-156.38 12.1969 -6.99997e-16
-155.584 12.1298 -6.97236e-16
-154.773 12.0612 -6.94412e-16
-153.946 11.9912 -6.91527e-16
-153.105 11.9198 -6.88586e-16
-152.25 11.847 -6.85587e-16
-151.381 11.7727 -6.82528e-16
-150.497 11.697 -6.7941e-16
-149.599 11.6198 -6.76233e-16
-148.687 11.5412 -6.72993e-16
-147.76 11.4609 -6.69688e-16
-146.819 11.3791 -6.66316e-16
-145.871 11.2961 -6.62899e-16
-144.922 11.2125 -6.59458e-16
-144.033 11.1328 -6.56173e-16
-143.214 11.0577 -6.5308e-16
-142.397 10.982 -6.49965e-16
-141.565 10.9049 -6.46787e-16
-140.717 10.8263 -6.43552e-16
-139.89 10.7491 -6.40372e-16
-139.092 10.6741 -6.37281e-16
-138.311 10.6005 -6.34252e-16
-137.562 10.53 -6.31348e-16
-136.854 10.4633 -6.28601e-16
-136.197 10.4017 -6.26063e-16
-135.603 10.3462 -6.23778e-16
-135.08 10.298 -6.21793e-16
-134.637 10.258 -6.20146e-16
-134.36 10.2276 -6.18893e-16
-134.257 10.2075 -6.18068e-16
-134.254 10.1986 -6.177e-16
-134.354 10.2015 -6.17818e-16
-134.564 10.2166 -6.18443e-16
-134.888 10.2447 -6.19599e-16
-135.329 10.2861 -6.21303e-16
-135.899 10.3418 -6.23597e-16
-136.592 10.4115 -6.26466e-16
-137.4 10.4946 -6.2989e-16
-138.327 10.5916 -6.33884e-16
-139.373 10.7024 -6.38448e-16
-140.539 10.8272 -6.43588e-16
-141.823 10.9659 -6.49299e-16
-143.226 11.1181 -6.5557e-16
-144.747 11.2837 -6.62389e-16
-146.392 11.4626 -6.69758e-16
-148.157 11.6545 -6.77659e-16
-150.035 11.8587 -6.8607e-16
-152.022 12.0747 -6.94968e-16
-153.857 12.283 -7.13515e-16
-155.409 12.4659 -6.35294e-16
-157.053 12.6562 -6.32191e-16
-158.751 12.8536 -1.0647e-15
-160.497 13.0575 -8.34099e-16
-162.284 13.267 -1.28393e-15
-164.106 13.4813 -9.39038e-16
-165.97 13.701 -1.11308e-15
-167.848 13.9228 -1.4851e-15
-169.649 14.1326 -6.64659e-16
-171.534 14.3469 -1.4932e-15
-173.445 14.5648 -1.78294e-15
-175.356 14.7823 -4.07761e-16
-177.304 15.0031 -6.70591e-16
-179.272 15.2265 -8.73586e-16
-181.259 15.4524 -3.61322e-16
-183.117 15.6565 -1.14373e-15
-185.002 15.8519 7.4994e-13
-186.933 16.0469 -1.14221e-15
-188.874 16.2418 -8.79977e-16
-190.817 16.4368 -1.778e-15
-192.751 16.6253 -6.61239e-16
-194.627 16.793 -1.20127e-15
-196.503 16.962 -1.70677e-15
-198.171 17.1045 -1.16617e-15
-200.056 17.2472 -1.9077e-15
-202.048 17.3898 -1.22485e-15
-204.041 17.5312 -6.44402e-13
-206.024 17.6716 -1.46248e-15
-207.985 17.81 -1.45119e-13
-209.922 17.9458 -1.18917e-14
-211.831 18.0762 -1.18525e-15
-213.675 18.1872 -2.07242e-13
-215.454 18.2967 -2.80203e-16
-217.522 18.3908 -5.66633e-16
-219.645 18.4821 -2.98798e-16
-221.713 18.5698 7.38919e-15
-223.715 18.6541 -1.62836e-16
-225.648 18.7353 -3.30042e-16
-227.498 18.8128 -8.15056e-15
-229.255 18.8861 -2.21002e-16
-230.914 18.955 -1.1442e-15
-232.472 19.0193 -6.88236e-16
-233.924 19.0789 -8.91035e-16
-235.267 19.1335 6.73521e-16
-236.495 19.183 2.31629e-16
-237.605 19.2273 2.00692e-15
-238.594 19.2663 -1.69419e-15
-239.458 19.2999 -1.39274e-15
-240.165 19.3269 9.43946e-15
-240.691 19.3463 -9.95415e-16
-241.039 19.3582 1.75834e-18
-241.204 19.3623 -3.98348e-16
-241.13 19.3477 1.23102e-17
-240.875 19.3139 1.42808e-17
-240.449 19.2612 1.73215e-17
-239.85 19.1896 2.14263e-17
-239.083 19.0994 2.65818e-17
-238.149 18.991 3.27711e-17
-237.054 18.8646 3.99718e-17
-235.802 18.7208 4.81613e-17
-234.395 18.5599 5.7318e-17
-232.838 18.3823 6.74207e-17
-231.136 18.1885 7.84448e-17
-229.294 17.9789 9.03624e-17
-227.317 17.7541 1.03141e-16
-225.211 17.5149 1.16744e-16
-222.983 17.2618 1.31136e-16
-220.639 16.9955 1.46279e-16
-218.185 16.7167 1.62136e-16
-215.629 16.426 1.78668e-16
-212.976 16.1242 1.95841e-16
-210.231 15.8118 2.13615e-16
-207.402 15.4895 2.31958e-16
-204.492 15.158 2.50832e-16
-201.508 14.8177 2.70206e-16
-198.455 14.4692 2.90048e-16
-195.336 14.1131 3.10328e-16
-192.155 13.7499 3.3102e-16
-188.917 13.3798 3.52099e-16
-185.624 13.0035 3.7354e-16
-182.279 12.6212 3.95319e-16
-178.885 12.2334 4.17414e-16
-175.446 11.8405 4.39802e-16
-171.964 11.4428 4.62461e-16
-168.441 11.0406 4.8537e-16
-164.88 10.6345 5.08505e-16
-161.284 10.2247 5.31844e-16
-157.657 9.81163 5.55364e-16
-154.001 9.39573 5.79041e-16
-150.318 8.97736 6.02855e-16
-146.613 8.55694 6.26779e-16
-142.889 8.13493 6.50788e-16
-139.149 7.71181 6.74853e-16
-135.399 7.28811 6.98945e-16
-131.644 6.86439 7.2303e-16
-127.888 6.44127 7.47075e-16
-124.137 6.01936 7.71044e-16
-120.398 5.59931 7.94902e-16
-116.676 5.18179 8.18609e-16
-112.979 4.76759 8.42123e-16
-109.316 4.35761 8.65392e-16
-105.696 3.95281 8.88363e-16
-102.128 3.55421 9.10979e-16
-98.6212 3.16275 9.33188e-16
-95.1848 2.77924 9.54945e-16
-91.8256 2.40442 9.76209e-16
-88.551 2.03903 9.9694e-16
-85.3688 1.68384 1.01709e-15
-82.2877 1.33974 1.03662e-15
-79.3169 1.00764 1.05547e-15
-76.4651 0.68841 1.0736e-15
-73.7402 0.382822 1.09096e-15
-71.1485 0.0915147 1.10753e-15
-68.6957 -0.184988 1.12325e-15
-66.3861 -0.44625 1.13813e-15
-64.224 -0.691875 1.15213e-15
-62.2135 -0.921449 1.16523e-15
-60.3584 -1.13461 1.17741e-15
-58.6614 -1.33109 1.18866e-15
-57.1232 -1.51083 1.19897e-15
-55.7424 -1.67402 1.20836e-15
-54.5153 -1.82104 1.21684e-15
-53.4373 -1.95239 1.22445e-15
-52.5027 -2.06868 1.23121e-15
-51.7047 -2.17061 1.23717e-15
-51.0356 -2.259 1.24237e-15
-50.4867 -2.33475 1.24687e-15
-50.0485 -2.39885 1.25072e-15
-49.7103 -2.45243 1.25397e-15
-49.4604 -2.49668 1.25671e-15
-49.287 -2.53287 1.25899e-15
-49.1776 -2.56227 1.2609e-15
-49.1198 -2.5862 1.2625e-15
-49.1007 -2.606 1.26386e-15
-49.1077 -2.623 1.26507e-15
-49.1284 -2.63849 1.26619e-15
-49.1514 -2.6537 1.2673e-15
-49.1658 -2.66976 1.26846e-15
-49.161 -2.68781 1.26972e-15
-49.1273 -2.70889 1.27116e-15
-49.056 -2.73392 1.27282e-15
-48.9394 -2.76377 1.27474e-15
-48.7702 -2.7992 1.27698e-15
-48.5421 -2.84104 1.27958e-15
-48.2501 -2.88983 1.28257e-15
-47.8919 -2.94579 1.28597e-15
-47.4651 -3.00919 1.28978e-15
-46.9669 -3.0804 1.29403e-15
-46.394 -3.15984 1.29875e-15
-45.7425 -3.24798 1.30397e-15
-45.0245 -3.34523 1.30969e-15
-44.2291 -3.45192 1.31596e-15
-43.3542 -3.56831 1.32277e-15
-42.3994 -3.69456 1.33014e-15
-41.3535 -3.83077 1.33808e-15
-40.2295 -3.97675 1.34658e-15
-39.0191 -4.13278 1.35566e-15
-37.7165 -4.29936 1.36533e-15
-36.3229 -4.47651 1.37561e-15
-34.8362 -4.66444 1.38651e-15
-33.2569 -4.86316 1.39802e-15
-31.5847 -5.0727 1.41016e-15
-29.8199 -5.29308 1.42291e-15
-27.9623 -5.52431 1.43629e-15
-26.0115 -5.76647 1.45029e-15
-23.9668 -6.0196 1.46492e-15
-21.8277 -6.28379 1.48019e-15
-19.5939 -6.55902 1.49608e-15
-17.2673 -6.84509 1.5126e-15
-14.8506 -7.14168 1.52972e-15
-12.3461 -7.44852 1.54743e-15
-9.76869 -7.76342 1.53094e-15
-7.13099 -8.08155 1.60314e-15
-4.43139 -8.40241 1.88696e-15
-1.66966 -8.73114 1.50915e-15
1.15716 -9