-2.94625 0.00526285 -2.16747e-19
-5.8925 0.0105265 -4.33529e-19
-8.83876 0.0157911 -6.50346e-19
-11.785 0.0210565 -8.67198e-19
-14.7313 0.0263227 -1.08408e-18
-17.6776 0.0315898 -1.30101e-18
-20.6239 0.0368578 -1.51796e-18
-23.5702 0.0421266 -1.73495e-18
-26.5165 0.0473962 -1.95198e-18
-29.4628 0.0526667 -2.16904e-18
-29.463 0.0526892 -2.16997e-18
-29.4638 0.0527798 -2.1737e-18
-29.4655 0.0529603 -2.18114e-18
-29.4679 0.0532279 -2.19215e-18
-29.471 0.0535662 -2.20609e-18
-29.4743 0.0539336 -2.22122e-18
-29.4774 0.0542752 -2.23529e-18
-29.4798 0.0545366 -2.24605e-18
-29.4809 0.0546607 -2.25116e-18
-29.4802 0.0545843 -2.24802e-18
-29.477 0.0542424 -2.23394e-18
-29.4709 0.053572 -2.20633e-18
-29.4613 0.0525233 -2.16314e-18
-29.4481 0.05107 -2.10328e-18
-29.431 0.0491998 -2.02626e-18
-29.4101 0.0469033 -1.93168e-18
-29.3856 0.0442015 -1.82041e-18
-29.3581 0.0411746 -1.69575e-18
-29.3287 0.0379333 -1.56226e-18
-29.2984 0.034589 -1.42453e-18
-29.2684 0.0312619 -1.2875e-18
-29.2399 0.0280902 -1.15688e-18
-29.2142 0.0252197 -1.03866e-18
-29.1927 0.022792 -9.38675e-19
-29.1764 0.0209246 -8.61764e-19
-29.1659 0.0196894 -8.10893e-19
-29.1617 0.0191321 -7.87941e-19
-29.1642 0.019292 -7.94527e-19
-29.1735 0.020191 -8.31553e-19
-29.1894 0.021822 -8.98723e-19
-29.2119 0.02416 -9.95013e-19
-29.2405 0.0271749 -1.11918e-18
-29.2749 0.0308289 -1.26967e-18
-29.3146 0.0350749 -1.44454e-18
-29.3592 0.039859 -1.64157e-18
-29.408 0.0451251 -1.85845e-18
-29.4605 0.0508198 -2.09298e-18
-29.5162 0.0568989 -2.34334e-18
-29.5749 0.063323 -2.60791e-18
-29.6361 0.0700525 -2.88507e-18
-29.6995 0.0770532 -3.17339e-18
-29.7647 0.0843019 -3.47192e-18
-29.8318 0.0917817 -3.77997e-18
-29.9004 0.0994774 -4.09691e-18
-29.9702 0.107347 -4.421e-18
-30.0402 0.115289 -4.74812e-18
-30.1094 0.123178 -5.07302e-18
-30.1766 0.130891 -5.39067e-18
-30.2407 0.138308 -5.69611e-18
-30.3006 0.145307 -5.98437e-18
-30.3554 0.151773 -6.25065e-18
-30.4039 0.157595 -6.49046e-18
-30.4454 0.162678 -6.69979e-18
-30.4791 0.166939 -6.87529e-18
-30.5045 0.170311 -7.01412e-18
-30.5211 0.172731 -7.11383e-18
-30.5287 0.174169 -7.17304e-18
-30.5274 0.174637 -7.1923e-18
-30.5176 0.174174 -7.17324e-18
-30.4999 0.172827 -7.11776e-18
-30.4751 0.170684 -7.0295e-18
-30.4448 0.16791 -6.91526e-18
-30.411 0.164711 -6.7835e-18
-30.3755 0.161291 -6.64268e-18
-30.3402 0.15784 -6.50054e-18
-30.3065 0.154511 -6.36345e-18
-30.2757 0.151438 -6.23688e-18
-30.249 0.148747 -6.12604e-18
-30.2274 0.146544 -6.0353e-18
-30.2115 0.144898 -5.96754e-18
-30.2018 0.143859 -5.92475e-18
-30.1987 0.143464 -5.90848e-18
-30.202 0.143709 -5.91855e-18
-30.2111 0.144509 -5.95151e-18
-30.2247 0.145738 -6.00213e-18
-30.2415 0.147262 -6.0649e-18
-30.2604 0.148955 -6.13463e-18
-30.2804 0.15071 -6.2069e-18
-30.3005 0.15243 -6.27771e-18
-30.3197 0.154015 -6.34301e-18
-30.3373 0.15539 -6.39965e-18
-30.353 0.156523 -6.44629e-18
-30.3667 0.157404 -6.48259e-18
-30.3782 0.158028 -6.50829e-18
-30.3876 0.158414 -6.52418e-18
-30.3956 0.158631 -6.53309e-18
-30.403 0.158773 -6.53896e-18
-30.4106 0.158939 -6.54578e-18
-30.4191 0.159199 -6.55652e-18
-30.4286 0.159576 -6.57205e-18
-30.4392 0.160065 -6.59216e-18
-30.4506 0.16066 -6.61667e-18
-30.463 0.161357 -6.64539e-18
-30.4761 0.162149 -6.678e-18
-30.49 0.163027 -6.71416e-18
-30.5045 0.163984 -6.75356e-18
-30.5197 0.165025 -6.79646e-18
-30.5359 0.166186 -6.84426e-18
-30.5535 0.167513 -6.89891e-18
-30.5731 0.169054 -6.96236e-18
-30.5948 0.170846 -7.03619e-18
-30.619 0.172912 -7.12128e-18
-30.6458 0.175263 -7.21811e-18
-30.6751 0.177909 -7.32707e-18
-30.7068 0.180809 -7.44652e-18
-30.7395 0.183827 -7.5708e-18
-30.7715 0.186775 -7.6922e-18
-30.8011 0.189465 -7.803e-18
-30.8266 0.191714 -7.89561e-18
-30.8464 0.193339 -7.96254e-18
-30.8589 0.194164 -7.9965e-18
-30.8624 0.194017 -7.99045e-18
-30.856 0.192787 -7.93981e-18
-30.8397 0.190481 -7.84485e-18
-30.8141 0.187169 -7.70844e-18
-30.7799 0.182926 -7.53369e-18
-30.7383 0.177861 -7.3251e-18
-30.6906 0.172149 -7.08986e-18
-30.6388 0.165998 -6.83653e-18
-30.5849 0.159616 -6.57368e-18
-30.5306 0.153193 -6.30914e-18
-30.4772 0.146883 -6.04928e-18
-30.4261 0.140821 -5.7996e-18
-30.3782 0.135135 -5.56543e-18
-30.3347 0.129926 -5.35093e-18
-30.2958 0.125244 -5.15809e-18
-30.2617 0.121106 -4.98765e-18
-30.2325 0.117525 -4.84019e-18
-30.2083 0.114509 -4.71599e-18
-30.1889 0.11206 -4.6151e-18
-30.1744 0.110172 -4.53734e-18
-30.1646 0.108837 -4.4824e-18
-30.1593 0.108037 -4.44942e-18
-30.1581 0.107728 -4.43669e-18
-30.1604 0.107856 -4.44198e-18
-30.1658 0.108368 -4.46306e-18
-30.1737 0.109216 -4.49798e-18
-30.1838 0.110368 -4.54543e-18
-30.1959 0.111801 -4.60444e-18
-30.2099 0.113493 -4.67413e-18
-30.2253 0.115413 -4.7532e-18
-30.2418 0.117509 -4.83955e-18
-30.2587 0.119722 -4.93069e-18
-30.2757 0.121994 -5.02425e-18
-30.2923 0.124283 -5.11851e-18
-30.3084 0.126572 -5.21279e-18
-30.324 0.128862 -5.3071e-18
-30.3392 0.131155 -5.40154e-18
-30.3542 0.13347 -5.49685e-18
-30.3695 0.135853 -5.59501e-18
-30.3857 0.138368 -5.69861e-18
-30.4034 0.141078 -5.81022e-18
-30.4233 0.144044 -5.93236e-18
-30.446 0.147324 -6.06744e-18
-30.4719 0.150973 -6.21772e-18
-30.5016 0.155042 -6.38529e-18
-30.5354 0.159552 -6.57106e-18
-30.573 0.16447 -6.77358e-18
-30.6139 0.169728 -6.99012e-18
-30.6573 0.175256 -7.21779e-18
-30.7026 0.180964 -7.45286e-18
-30.7486 0.186726 -7.69021e-18
-30.794 0.192401 -7.92389e-18
-30.8375 0.19784 -8.14792e-18
-30.878 0.202923 -8.35723e-18
-30.9148 0.20757 -8.54861e-18
-30.9474 0.211728 -8.71987e-18
-30.9753 0.215346 -8.86886e-18
-30.9983 0.218392 -8.99435e-18
-31.0164 0.220879 -9.09674e-18
-31.0299 0.222837 -9.17739e-18
-31.0392 0.224301 -9.23771e-18
-31.0446 0.225309 -9.27921e-18
-31.0464 0.225903 -9.30364e-18
-31.045 0.226125 -9.31283e-18
-31.0408 0.226024 -9.30866e-18
-31.0341 0.225625 -9.29222e-18
-31.0247 0.22491 -9.26275e-18
-31.0123 0.223839 -9.21868e-18
-30.9964 0.222378 -9.15848e-18
-30.9769 0.220508 -9.08146e-18
-30.9539 0.218247 -8.98837e-18
-30.9278 0.215636 -8.88083e-18
-30.899 0.212715 -8.76054e-18
-30.8679 0.209531 -8.62939e-18
-30.8349 0.206133 -8.48943e-18
-30.8005 0.202574 -8.34287e-18
-30.7653 0.19891 -8.19198e-18
-30.7297 0.195199 -8.03915e-18
-30.6943 0.191503 -7.8869e-18
-30.6597 0.187883 -7.73785e-18
-30.6265 0.184405 -7.59461e-18
-30.5951 0.181118 -7.45922e-18
-30.5658 0.178043 -7.33256e-18
-30.5386 0.175186 -7.21491e-18
-30.5137 0.172553 -7.10647e-18
-30.4909 0.17014 -7.00712e-18
-30.47 0.167929 -6.91603e-18
-30.451 0.165888 -6.83201e-18
-30.4334 0.16399 -6.75381e-18
-30.4169 0.16219 -6.6797e-18
-30.401 0.160424 -6.60695e-18
-30.3849 0.158612 -6.53234e-18
-30.3679 0.156677 -6.45264e-18
-30.3493 0.154541 -6.36467e-18
-30.3285 0.152128 -6.26528e-18
-30.3047 0.149362 -6.15139e-18
-30.2773 0.146171 -6.01997e-18
-30.2461 0.142528 -5.86993e-18
-30.2117 0.1385 -5.70403e-18
-30.1751 0.134201 -5.527e-18
-30.1373 0.129747 -5.34353e-18
-30.0997 0.125265 -5.15896e-18
-30.0635 0.120916 -4.97986e-18
-30.0305 0.116874 -4.81338e-18
-30.002 0.113306 -4.66642e-18
-29.9792 0.110331 -4.54391e-18
-29.9624 0.107979 -4.44704e-18
-29.9513 0.106227 -4.37489e-18
-29.9455 0.105047 -4.32631e-18
-29.9447 0.104385 -4.29901e-18
-29.9477 0.104135 -4.28872e-18
-29.9533 0.104168 -4.29007e-18
-29.9603 0.104351 -4.29763e-18
-29.9674 0.104562 -4.3063e-18
-29.9738 0.104693 -4.31172e-18
-29.9783 0.104652 -4.31002e-18
-29.9803 0.104346 -4.29743e-18
-29.9789 0.103711 -4.27126e-18
-29.9741 0.10273 -4.23089e-18
-29.9659 0.101418 -4.17685e-18
-29.9544 0.0997928 -4.1099e-18
-29.9398 0.0978762 -4.03097e-18
-29.9224 0.0956947 -3.94112e-18
-29.9023 0.0932789 -3.84163e-18
-29.88 0.0906639 -3.73393e-18
-29.8556 0.0878824 -3.61938e-18
-29.8295 0.0849561 -3.49886e-18
-29.8017 0.0819033 -3.37313e-18
-29.7726 0.0787464 -3.24312e-18
-29.7424 0.0755357 -3.11089e-18
-29.7123 0.0723748 -2.98071e-18
-29.6835 0.0693951 -2.85799e-18
-29.6571 0.0667285 -2.74817e-18
-29.6344 0.0645024 -2.65649e-18
-29.6164 0.0628352 -2.58782e-18
-29.6043 0.0618385 -2.54678e-18
-29.599 0.0616201 -2.53778e-18
-29.6012 0.0622493 -2.5637e-18
-29.6109 0.0637219 -2.62434e-18
-29.6276 0.0659931 -2.71788e-18
-29.6511 0.0690133 -2.84227e-18
-29.6802 0.0726757 -2.9931e-18
-29.7131 0.0767615 -3.16137e-18
-29.7473 0.0809948 -3.33572e-18
-29.7802 0.0851003 -3.5048e-18
-29.8095 0.0888209 -3.65803e-18
-29.8332 0.0919349 -3.78628e-18
-29.8495 0.0942425 -3.88131e-18
-29.8567 0.0955511 -3.93521e-18
-29.8534 0.095708 -3.94167e-18
-29.8389 0.0946339 -3.89744e-18
-29.8129 0.0922919 -3.80098e-18
-29.7753 0.0886537 -3.65115e-18
-29.7264 0.0837566 -3.44946e-18
-29.6676 0.0777608 -3.20253e-18
-29.6012 0.0708924 -2.91966e-18
-29.5293 0.0633803 -2.61027e-18
-29.454 0.0554659 -2.28432e-18
-29.378 0.0474141 -1.95272e-18
-29.3037 0.0394986 -1.62672e-18
-29.2335 0.0319868 -1.31736e-18
-29.1698 0.0251172 -1.03444e-18
-29.1142 0.0190769 -7.85669e-19
-29.0682 0.0140199 -5.77399e-19
-29.033 0.0100877 -4.15454e-19
-29.0096 0.00738288 -3.04059e-19
-28.9982 0.00594216 -2.44724e-19
-28.9988 0.00576172 -2.37293e-19
-29.0112 0.00682493 -2.8108e-19
-29.035 0.00908802 -3.74284e-19
-29.0692 0.0124649 -5.13358e-19
-29.1129 0.0168438 -6.93701e-19
-29.1648 0.022105 -9.10381e-19
-29.2238 0.0281373 -1.15882e-18
-29.289 0.0348545 -1.43546e-18
-29.3598 0.0421827 -1.73727e-18
-29.4352 0.0500456 -2.06109e-18
-29.5144 0.0583454 -2.40292e-18
-29.5961 0.0669433 -2.75702e-18
-29.6786 0.0756814 -3.11689e-18
-29.7606 0.0844055 -3.47619e-18
-29.8407 0.0929784 -3.82925e-18
-29.9179 0.101292 -4.17163e-18
-29.9913 0.109256 -4.49964e-18
-30.0602 0.116792 -4.81e-18
-30.1243 0.123857 -5.10098e-18
-30.1836 0.130479 -5.37369e-18
-30.239 0.136724 -5.63089e-18
-30.2909 0.142667 -5.87565e-18
-30.3403 0.148388 -6.11126e-18
-30.3879 0.153969 -6.34112e-18
-30.4345 0.159496 -6.56872e-18
-30.481 0.165057 -6.79775e-18
-30.5279 0.170712 -7.03066e-18
-30.5753 0.176457 -7.26728e-18
-30.623 0.182255 -7.50606e-18
-30.6706 0.18807 -7.74556e-18
-30.7173 0.19381 -7.98192e-18
-30.7613 0.199259 -8.20634e-18
-30.8001 0.204144 -8.40754e-18
-30.8314 0.208198 -8.57448e-18
-30.8531 0.211198 -8.69805e-18
-30.8641 0.213014 -8.77284e-18
-30.8638 0.213564 -8.79549e-18
-30.8515 0.212775 -8.76299e-18
-30.8271 0.210636 -8.67491e-18
-30.7918 0.207256 -8.5357e-18
-30.7472 0.202806 -8.35245e-18
-30.6948 0.197463 -8.13239e-18
-30.6365 0.191419 -7.88347e-18
-30.5745 0.1849 -7.61499e-18
-30.5109 0.178146 -7.33683e-18
-30.448 0.171394 -7.05873e-18
-30.3875 0.164843 -6.78896e-18
-30.3308 0.158627 -6.53296e-18
-30.2786 0.152839 -6.29456e-18
-30.2318 0.147562 -6.07726e-18
-30.1906 0.142831 -5.8824e-18
-30.1545 0.138581 -5.70735e-18
-30.1223 0.134694 -5.54729e-18
-30.0929 0.13105 -5.39719e-18
-30.0649 0.127503 -5.25112e-18
-30.0367 0.123871 -5.10156e-18
-30.0064 0.119954 -4.94023e-18
-29.972 0.115551 -4.75889e-18
-29.932 0.110486 -4.5503e-18
-29.8851 0.10463 -4.30911e-18
-29.8303 0.0978796 -4.03111e-18
-29.7669 0.09014 -3.71236e-18
-29.6942 0.0813572 -3.35064e-18
-29.6125 0.0715543 -2.94691e-18
-29.5223 0.0607974 -2.5039e-18
-29.4244 0.0491594 -2.0246e-18
-29.3196 0.0367259 -1.51253e-18
-29.2087 0.0236021 -9.72039e-19
-29.093 0.00990414 -4.07895e-19
-28.9735 -0.00424991 1.7503e-19
-28.8511 -0.0187624 7.72716e-19
-28.7263 -0.033579 1.38293e-18
-28.5995 -0.0486699 2.00444e-18
-28.471 -0.064007 2.63609e-18
-28.3411 -0.0795457 3.27604e-18
-28.2106 -0.0952068 3.92103e-18
-28.0804 -0.110896 4.56718e-18
-27.9513 -0.126525 5.21085e-18
-27.8242 -0.14198 5.84735e-18
-27.7008 -0.157089 6.46962e-18
-27.5828 -0.171658 7.0696e-18
-27.4719 -0.1855 7.63968e-18
-27.3696 -0.198446 8.17286e-18
-27.2771 -0.210342 8.66281e-18
-27.1957 -0.221052 9.10386e-18
-27.1265 -0.230452 9.491e-18
-27.0699 -0.238466 9.82104e-18
-27.0244 -0.245184 1.00978e-17
-26.989 -0.250676 1.03239e-17
-26.9651 -0.254875 1.04969e-17
-26.952 -0.257849 1.06194e-17
-26.9483 -0.259723 1.06965e-17
-26.9527 -0.260623 1.07336e-17
-26.9638 -0.260697 1.07366e-17
-26.9799 -0.260111 1.07125e-17
-26.9986 -0.259097 1.06707e-17
-27.0176 -0.257907 1.06217e-17
-27.0344 -0.256793 1.05759e-17
-27.0471 -0.255953 1.05413e-17
-27.0545 -0.255494 1.05223e-17
-27.0562 -0.255465 1.05211e-17
-27.0517 -0.255904 1.05392e-17
-27.0412 -0.256792 1.05758e-17
-27.0256 -0.258001 1.06256e-17
-27.0068 -0.259348 1.06811e-17
-26.9865 -0.260635 1.07341e-17
-26.9667 -0.26164 1.07755e-17
-26.95 -0.262098 1.07943e-17
-26.9389 -0.261721 1.07788e-17
-26.9362 -0.260218 1.07169e-17
-26.9438 -0.257386 1.06003e-17
-26.9621 -0.253201 1.04279e-17
-26.9904 -0.247732 1.02027e-17
-27.0282 -0.241049 9.92745e-18
-27.0748 -0.233235 9.60562e-18
-27.1294 -0.2244 9.24178e-18
-27.1908 -0.21467 8.84103e-18
-27.258 -0.204167 8.40847e-18
-27.3304 -0.192974 7.94751e-18
-27.4081 -0.181094 7.45825e-18
-27.4914 -0.168483 6.93888e-18
-27.581 -0.155111 6.38816e-18
-27.6776 -0.140898 5.80279e-18
-27.783 -0.125667 5.17551e-18
-27.8992 -0.109202 4.49743e-18
-28.0283 -0.0912918 3.75979e-18
-28.1718 -0.0717973 2.95692e-18
-28.3297 -0.0507158 2.0887e-18
-28.5014 -0.0281216 1.15817e-18
-28.6864 -0.00409629 1.68703e-19
-28.8794 0.0209802 -8.64057e-19
-29.081 0.0470237 -1.93664e-18
-29.2906 0.0738718 -3.04236e-18
-29.5042 0.101136 -4.1652e-18
-29.7201 0.128592 -5.29597e-18
-29.9352 0.155943 -6.42243e-18
-30.1481 0.182984 -7.53606e-18
-30.3565 0.209462 -8.62657e-18
-30.559 0.235197 -9.68644e-18
-30.7541 0.260057 -1.07103e-17
-30.9415 0.28396 -1.16947e-17
-31.1205 0.306838 -1.26369e-17
-31.2907 0.328639 -1.35348e-17
-31.4522 0.349359 -1.43881e-17
-31.6055 0.369031 -1.51983e-17
-31.751 0.38769 -1.59667e-17
-31.8889 0.405355 -1.66943e-17
-32.019 0.421989 -1.73793e-17
-32.1408 0.437528 -1.80193e-17
-32.254 0.451927 -1.86123e-17
-32.3585 0.46516 -1.91573e-17
-32.4543 0.477221 -1.9654e-17
-32.5418 0.48813 -2.01033e-17
-32.6211 0.497907 -2.0506e-17
-32.6926 0.506571 -2.08628e-17
-32.7564 0.514124 -2.11738e-17
-32.8126 0.520564 -2.14391e-17
-32.8611 0.52589 -2.16584e-17
-32.9025 0.530158 -2.18342e-17
-32.9385 0.533532 -2.19731e-17
-32.9709 0.53623 -2.20843e-17
-33.0018 0.538467 -2.21764e-17
-33.0331 0.54045 -2.22581e-17
-33.0664 0.54237 -2.23371e-17
-33.1036 0.544407 -2.2421e-17
-33.1459 0.54673 -2.25167e-17
-33.1946 0.54947 -2.26296e-17
-33.2502 0.552685 -2.27619e-17
-33.3122 0.556385 -2.29143e-17
-33.3808 0.560583 -2.30872e-17
-33.4555 0.565219 -2.32782e-17
-33.5346 0.570115 -2.34798e-17
-33.6158 0.575032 -2.36823e-17
-33.6967 0.579724 -2.38756e-17
-33.7749 0.583954 -2.40498e-17
-33.8481 0.587488 -2.41953e-17
-33.9141 0.590105 -2.43031e-17
-33.9709 0.591588 -2.43642e-17
-34.0169 0.591788 -2.43724e-17
-34.0516 0.590683 -2.43269e-17
-34.0755 0.588322 -2.42297e-17
-34.0888 0.584768 -2.40833e-17
-34.0925 0.580116 -2.38917e-17
-34.0877 0.574528 -2.36615e-17
-34.0763 0.5682 -2.34009e-17
-34.0598 0.561337 -2.31183e-17
-34.0399 0.554114 -2.28208e-17
-34.0174 0.546634 -2.25127e-17
-33.9928 0.538961 -2.21967e-17
-33.9666 0.531169 -2.18759e-17
-33.9392 0.523295 -2.15515e-17
-33.9101 0.515295 -2.12221e-17
-33.8784 0.507091 -2.08842e-17
-33.8434 0.498606 -2.05348e-17
-33.8045 0.489776 -2.01711e-17
-33.7612 0.480549 -1.97911e-17
-33.7129 0.470884 -1.9393e-17
-33.6595 0.460745 -1.89755e-17
-33.6007 0.450131 -1.85383e-17
-33.5372 0.439099 -1.8084e-17
-33.4697 0.427741 -1.76162e-17
-33.399 0.416152 -1.7139e-17
-33.326 0.404428 -1.66561e-17
-33.2516 0.392669 -1.61718e-17
-33.1767 0.380972 -1.56901e-17
-33.1022 0.369437 -1.5215e-17
-33.0288 0.35815 -1.47502e-17
-32.9571 0.347178 -1.42983e-17
-32.8877 0.336575 -1.38616e-17
-32.8208 0.326391 -1.34422e-17
-32.757 0.316665 -1.30416e-17
-32.6963 0.307424 -1.26611e-17
-32.639 0.298684 -1.23011e-17
-32.585 0.290456 -1.19622e-17
-32.5345 0.282755 -1.16451e-17
-32.4879 0.275617 -1.13511e-17
-32.4453 0.269082 -1.1082e-17
-32.4072 0.263187 -1.08392e-17
-32.3741 0.257994 -1.06253e-17
-32.347 0.253627 -1.04455e-17
-32.3273 0.250237 -1.03059e-17
-32.3163 0.247969 -1.02124e-17
-32.3153 0.246963 -1.0171e-17
-32.3255 0.247358 -1.01873e-17
-32.3481 0.249293 -1.0267e-17
-32.3842 0.252891 -1.04151e-17
-32.4344 0.258207 -1.06341e-17
-32.4979 0.265164 -1.09206e-17
-32.5733 0.273612 -1.12685e-17
-32.6592 0.283393 -1.16714e-17
-32.7532 0.29426 -1.21189e-17
-32.8517 0.305793 -1.25939e-17
-32.9499 0.317484 -1.30754e-17
-33.0432 0.328828 -1.35426e-17
-33.1272 0.339322 -1.39748e-17
-33.1972 0.348457 -1.4351e-17
-33.2487 0.35573 -1.46505e-17
-33.2773 0.360656 -1.48534e-17
-33.2795 0.362841 -1.49434e-17
-33.2534 0.362053 -1.49109e-17
-33.1978 0.358154 -1.47503e-17
-33.1117 0.351032 -1.4457e-17
-32.9951 0.340638 -1.4029e-17
-32.8486 0.327044 -1.34691e-17
-32.6738 0.310384 -1.2783e-17
-32.4721 0.290811 -1.19769e-17
-32.2459 0.268542 -1.10597e-17
-31.9983 0.243917 -1.00456e-17
-31.7332 0.217341 -8.95103e-18
-31.4546 0.189213 -7.79261e-18
-31.1662 0.159928 -6.58653e-18
-30.8716 0.129865 -5.34841e-18
-30.5743 0.0993884 -4.09324e-18
-30.2775 0.0688437 -2.83528e-18
-29.9844 0.038567 -1.58836e-18
-29.6981 0.00889274 -3.66241e-19
-29.4216 -0.0198595 8.17901e-19
-29.1575 -0.0473991 1.9521e-18
-28.9076 -0.0735234 3.02801e-18
-28.6723 -0.0981784 4.04341e-18
-28.4513 -0.121401 4.99982e-18
-28.2439 -0.143256 5.89989e-18
-28.0491 -0.163813 6.74655e-18
-27.8661 -0.183148 7.54284e-18
-27.6942 -0.201313 8.29092e-18
-27.5328 -0.218366 8.99328e-18
-27.3807 -0.23441 9.65402e-18
-27.2368 -0.249541 1.02772e-17
-27.0999 -0.263872 1.08674e-17
-26.9687 -0.27752 1.14295e-17
-26.8423 -0.290546 1.19659e-17
-26.7209 -0.302913 1.24753e-17
-26.597 -0.315023 1.2974e-17
-26.4774 -0.326407 1.34429e-17
-26.3669 -0.336722 1.38677e-17
-26.2631 -0.346056 1.42521e-17
-26.169 -0.354183 1.45868e-17
-26.0838 -0.361096 1.48715e-17
-26.0095 -0.366612 1.50987e-17
-25.9468 -0.370631 1.52642e-17
-25.8975 -0.37295 1.53597e-17
-25.8629 -0.373426 1.53793e-17
-25.8448 -0.371807 1.53126e-17
-25.8435 -0.368074 1.51589e-17
-25.8601 -0.362172 1.49158e-17
-25.8953 -0.353999 1.45792e-17
-25.9492 -0.343538 1.41484e-17
-26.0218 -0.33082 1.36246e-17
-26.112 -0.315949 1.30122e-17
-26.2193 -0.299005 1.23143e-17
-26.3422 -0.280146 1.15376e-17
-26.4777 -0.259643 1.06932e-17
-26.6234 -0.237822 9.79453e-18
-26.7769 -0.215 8.85464e-18
-26.9349 -0.191507 7.88707e-18
-27.0948 -0.167665 6.90516e-18
-27.2537 -0.143805 5.92253e-18
-27.4089 -0.120238 4.9519e-18
-27.5581 -0.0972205 4.00396e-18
-27.7001 -0.074903 3.08483e-18
-27.834 -0.053376 2.19825e-18
-27.9596 -0.0327161 1.34739e-18
-28.0769 -0.0129279 5.32428e-19
-28.1873 0.00612453 -2.52235e-19
-28.293 0.0246479 -1.01511e-18
-28.3961 0.042861 -1.7652e-18
-28.4985 0.0609455 -2.51e-18
-28.6013 0.0790064 -3.25383e-18
-28.7053 0.0971081 -3.99933e-18
-28.8112 0.11532 -4.7494e-18
-28.9193 0.13365 -5.5043e-18
-29.0287 0.151977 -6.25905e-18
-29.1377 0.170113 -7.00598e-18
-29.245 0.187881 -7.73774e-18
-29.3486 0.205069 -8.44562e-18
-29.4462 0.221393 -9.11792e-18
-29.535 0.236538 -9.74168e-18
-29.6123 0.250206 -1.03046e-17
-29.6758 0.262107 -1.07947e-17
-29.7229 0.271965 -1.12007e-17
-29.7515 0.279516 -1.15117e-17
-29.7595 0.284522 -1.17178e-17
-29.7456 0.286822 -1.18126e-17
-29.7098 0.286399 -1.17952e-17
-29.653 0.283318 -1.16682e-17
-29.576 0.277662 -1.14353e-17
-29.48 0.26954 -1.11008e-17
-29.3665 0.259081 -1.06701e-17
-29.2369 0.246431 -1.01491e-17
-29.093 0.231749 -9.54445e-18
-28.9349 0.215142 -8.86047e-18
-28.7679 0.197078 -8.11653e-18
-28.5973 0.17807 -7.33368e-18
-28.4265 0.158494 -6.52748e-18
-28.2597 0.138788 -5.71589e-18
-28.0999 0.119276 -4.91229e-18
-27.9502 0.100283 -4.1301e-18
-27.8133 0.0820885 -3.38076e-18
-27.6915 0.064952 -2.67501e-18
-27.5867 0.0490737 -2.02107e-18
-27.5003 0.034621 -1.42584e-18
-27.4335 0.0217262 -8.94779e-19
-27.3865 0.0104249 -4.29343e-19
-27.3579 0.000578186 -2.38122e-20
-27.3453 -0.00805286 3.31652e-19
-27.3461 -0.0157339 6.47989e-19
-27.3573 -0.022767 9.37644e-19
-27.3753 -0.0295052 1.21515e-18
-27.3942 -0.0364651 1.50179e-18
-27.4114 -0.043961 1.8105e-18
-27.424 -0.0523197 2.15475e-18
-27.4275 -0.0619499 2.55136e-18
-27.419 -0.0731656 3.01328e-18
-27.3947 -0.0863303 3.55545e-18
-27.3514 -0.101755 4.19071e-18
-27.2857 -0.11976 4.93222e-18
-27.1945 -0.140618 5.79126e-18
-27.0751 -0.164608 6.77927e-18
-26.9242 -0.191983 7.90671e-18
-26.74 -0.222952 9.18213e-18
-26.5212 -0.257704 1.06134e-17
-26.2655 -0.296403 1.22071e-17
-25.9722 -0.339142 1.39673e-17
-25.6407 -0.385926 1.58941e-17
-25.2716 -0.436688 1.79847e-17
-24.8656 -0.491305 2.02341e-17
-24.424 -0.549642 2.26366e-17
-23.9487 -0.611466 2.51828e-17
-23.4425 -0.676459 2.78595e-17
-22.9082 -0.744306 3.06538e-17
-22.3491 -0.814632 3.35501e-17
-21.769 -0.887013 3.65311e-17
-21.1722 -0.960987 3.95776e-17
-20.5626 -1.03609 4.26706e-17
-19.9451 -1.1118 4.57889e-17
-19.3248 -1.18756 4.89088e-17
-18.7072 -1.26274 5.2005e-17
-18.0978 -1.33674 5.50526e-17
-17.5015 -1.40901 5.80291e-17
-16.9225 -1.47909 6.09152e-17
-16.3645 -1.54657 6.36943e-17
-15.8307 -1.61106 6.63506e-17
-15.324 -1.67225 6.88706e-17
-14.8466 -1.72988 7.12441e-17
-14.4001 -1.78376 7.34631e-17
-13.9858 -1.83373 7.5521e-17
-13.6047 -1.87966 7.74126e-17
-13.2571 -1.92148 7.9135e-17
-12.9433 -1.95916 8.06869e-17
-12.663 -1.9927 8.20681e-17
-12.4161 -2.02209 8.32784e-17
-12.2028 -2.04729 8.43163e-17
-12.0234 -2.06826 8.51799e-17
-11.8777 -2.08498 8.58685e-17
-11.7659 -2.09743 8.63812e-17
-11.6883 -2.10555 8.67157e-17
-11.6453 -2.10929 8.68699e-17
-11.6371 -2.10862 8.6842e-17
-11.664 -2.1035 8.6631e-17
-11.7259 -2.09391 8.62365e-17
-11.8228 -2.07988 8.56583e-17
-11.9546 -2.06139 8.48971e-17
-12.1211 -2.03849 8.39537e-17
-12.3222 -2.01112 8.28267e-17
-12.5574 -1.97939 8.15197e-17
-12.8263 -1.94335 8.00357e-17
-13.1285 -1.90308 7.83771e-17
-13.4626 -1.85872 7.655e-17
-13.8274 -1.81041 7.45607e-17
-14.2215 -1.75836 7.24168e-17
-14.6431 -1.70273 7.0126e-17
-15.0902 -1.6438 6.76988e-17
-15.5607 -1.58182 6.51462e-17
-16.052 -1.51708 6.24799e-17
-16.5616 -1.44988 5.97125e-17
-17.0863 -1.38062 5.686e-17
-17.6226 -1.3097 5.39393e-17
-18.1669 -1.23755 5.09675e-17
-18.7163 -1.16449 4.79589e-17
-19.2693 -1.09076 4.49224e-17
-19.8232 -1.01651 4.18644e-17
-20.3784 -0.94186 3.87899e-17
-20.9349 -0.866891 3.57023e-17
-21.4928 -0.791589 3.26011e-17
-22.0535 -0.715877 2.94829e-17
-22.6176 -0.639686 2.6345e-17
-23.1859 -0.562943 2.31844e-17
-23.759 -0.485624 2.00001e-17
-24.338 -0.407705 1.67911e-17
-24.9229 -0.32917 1.35566e-17
-25.5138 -0.250066 1.02988e-17
-26.1091 -0.170578 7.02516e-18
-26.707 -0.0909581 3.74605e-18
-27.3053 -0.011455 4.71768e-19
-27.9019 0.0676544 -2.7863e-18
-28.4937 0.146032 -6.01422e-18
-29.0778 0.223315 -9.19708e-18
-29.6513 0.299156 -1.23205e-17
-30.2115 0.37325 -1.5372e-17
-30.7566 0.445362 -1.83419e-17
-31.285 0.515308 -2.12226e-17
-31.7957 0.582923 -2.40073e-17
-32.2877 0.648099 -2.66915e-17
-32.7612 0.710809 -2.92742e-17
-33.2056 0.770411 -3.17289e-17
-33.6293 0.827415 -3.40765e-17
-34.0388 0.882228 -3.6334e-17
-34.43 0.93456 -3.84892e-17
-34.8055 0.984531 -4.05472e-17
-35.1635 1.032 -4.25021e-17
-35.5047 1.07697 -4.43543e-17
-35.8276 1.11928 -4.60969e-17
-36.132 1.15885 -4.77265e-17
-36.4169 1.19553 -4.92373e-17
-36.6818 1.22925 -5.06259e-17
-36.9262 1.25992 -5.18889e-17
-37.15 1.28749 -5.30244e-17
-37.3529 1.31191 -5.40303e-17
-37.5351 1.33317 -5.49057e-17
-37.6964 1.35123 -5.56496e-17
-37.8369 1.36609 -5.62613e-17
-37.9568 1.37772 -5.67406e-17
-38.0558 1.38611 -5.70859e-17
-38.1333 1.39114 -5.72933e-17
-38.1881 1.3927 -5.73575e-17
-38.2192 1.39066 -5.72734e-17
-38.2255 1.38489 -5.70358e-17
-38.2057 1.37526 -5.66392e-17
-38.1586 1.36163 -5.60778e-17
-38.0828 1.34386 -5.53462e-17
-37.9776 1.32189 -5.44411e-17
-37.843 1.29572 -5.33635e-17
-37.6795 1.26545 -5.21168e-17
-37.4877 1.23116 -5.07044e-17
-37.2687 1.19298 -4.91322e-17
-37.0245 1.15118 -4.74106e-17
-36.7576 1.10607 -4.55526e-17
-36.4709 1.05804 -4.35749e-17
-36.1665 1.00737 -4.14878e-17
-35.8473 0.954356 -3.93045e-17
-35.5164 0.899419 -3.7042e-17
-35.1764 0.842893 -3.4714e-17
-34.83 0.785114 -3.23344e-17
-34.4784 0.726296 -2.9912e-17
-34.1208 0.666606 -2.74537e-17
-33.7588 0.60624 -2.49676e-17
-33.3948 0.545342 -2.24595e-17
-33.0285 0.483998 -1.99332e-17
-32.6604 0.422291 -1.73918e-17
-32.2901 0.360268 -1.48374e-17
-31.9174 0.297962 -1.22714e-17
-31.5407 0.235287 -9.69012e-18
-31.1584 0.172127 -7.08892e-18
-30.7688 0.108357 -4.46263e-18
-30.3705 0.0438707 -1.80679e-18
-29.9616 -0.0214563 8.83664e-19
-29.5404 -0.0877505 3.61394e-18
-29.1056 -0.1551 6.38769e-18
-28.6567 -0.223521 9.20555e-18
-28.1938 -0.29296 1.20654e-17
-27.7175 -0.36329 1.49618e-17
-27.229 -0.434366 1.78891e-17
-26.7297 -0.50598 2.08384e-17
-26.2223 -0.577811 2.37967e-17
-25.71 -0.649478 2.67483e-17
-25.1963 -0.720588 2.96769e-17
-24.6783 -0.791116 3.25816e-17
-24.1651 -0.860291 3.54305e-17
-23.6642 -0.927431 3.81956e-17
-23.1775 -0.992201 4.08632e-17
-22.7106 -1.05406 4.34107e-17
-22.2657 -1.11272 4.58266e-17
-21.8462 -1.16782 4.80959e-17
-21.4541 -1.21911 5.02083e-17
-21.0918 -1.26635 5.21539e-17
-20.7598 -1.30947 5.39296e-17
-20.4584 -1.34843 5.55342e-17
-20.1873 -1.38326 5.69685e-17
-19.9465 -1.41396 5.82329e-17
-19.7356 -1.44054 5.93277e-17
-19.5548 -1.46301 6.02533e-17
-19.4036 -1.48141 6.10111e-17
-19.2814 -1.49581 6.16037e-17
-19.1873 -1.50628 6.2035e-17
-19.1203 -1.51294 6.23094e-17
-19.0791 -1.51594 6.24328e-17
-19.0625 -1.5154 6.24107e-17
-19.0696 -1.51143 6.2247e-17
-19.0996 -1.5041 6.19455e-17
-19.1515 -1.49354 6.15106e-17
-19.2248 -1.47982 6.09452e-17
-19.3195 -1.46291 6.02491e-17
-19.4362 -1.44279 5.94203e-17
-19.5752 -1.41941 5.84575e-17
-19.7372 -1.39274 5.7359e-17
-19.9229 -1.36268 5.61211e-17
-20.1336 -1.32914 5.47396e-17
-20.3702 -1.29202 5.32109e-17
-20.6335 -1.25126 5.15323e-17
-20.924 -1.20683 4.97024e-17
-21.242 -1.15871 4.77207e-17
-21.5878 -1.10691 4.55875e-17
-21.9609 -1.05151 4.33056e-17
-22.3599 -0.99268 4.08829e-17
-22.7828 -0.930691 3.83299e-17
-23.2274 -0.865806 3.56577e-17
-23.6914 -0.798317 3.28782e-17
-24.1721 -0.728544 3.00046e-17
-24.6668 -0.656827 2.7051e-17
-25.1727 -0.583509 2.40314e-17
-25.6809 -0.50933 2.09764e-17
-26.1917 -0.434485 1.7894e-17
-26.7044 -0.359239 1.4795e-17
-27.2132 -0.284193 1.17043e-17
-27.7158 -0.209682 8.6356e-18
-28.2081 -0.136163 5.60779e-18
-28.688 -0.0639746 2.63475e-18
-29.1521 0.00649896 -2.67655e-19
-29.598 0.074928 -3.08586e-18
-30.023 0.140967 -5.80565e-18
-30.4248 0.204304 -8.41412e-18
-30.7987 0.264602 -1.08974e-17
-31.1438 0.321612 -1.32454e-17
-31.4598 0.375166 -1.54509e-17
-31.7436 0.424895 -1.7499e-17
-31.9942 0.470527 -1.93783e-17
-32.2097 0.511873 -2.10811e-17
-32.3886 0.548684 -2.25972e-17
-32.5295 0.580782 -2.39191e-17
-32.631 0.607961 -2.50385e-17
-32.6922 0.630074 -2.59492e-17
-32.712 0.646983 -2.66455e-17
-32.69 0.658591 -2.71236e-17
-32.6257 0.664808 -2.73797e-17
-32.5182 0.665522 -2.74091e-17
-32.3663 0.660571 -2.72052e-17
-32.1688 0.649777 -2.67606e-17
-31.9242 0.632973 -2.60686e-17
-31.6312 0.609975 -2.51214e-17
-31.2875 0.58054 -2.39092e-17
-30.8911 0.544409 -2.24211e-17
-30.4399 0.501346 -2.06476e-17
-29.932 0.451133 -1.85796e-17
-29.3587 0.393144 -1.61914e-17
-28.7174 0.327126 -1.34725e-17
-28.0132 0.253332 -1.04333e-17
-27.2453 0.17164 -7.06888e-18
-26.4124 0.0819318 -3.37431e-18
-25.5139 -0.0158606 6.53208e-19
-24.5494 -0.121786 5.01569e-18
-23.5188 -0.235861 9.71377e-18
-22.4218 -0.358095 1.47479e-17
-21.2586 -0.488472 2.01174e-17
-20.0296 -0.626947 2.58204e-17
-18.7353 -0.773442 3.18537e-17
-17.3767 -0.927849 3.82128e-17
-15.9549 -1.09003 4.48921e-17
-14.4714 -1.25982 5.18847e-17
-12.9286 -1.43691 5.91784e-17
-11.3315 -1.62078 6.67507e-17
-9.68615 -1.81074 7.45739e-17
-7.9985 -2.0061 8.26199e-17
-6.27553 -2.20609 9.08564e-17
-4.52591 -2.40974 9.92434e-17
-2.75911 -2.61597 1.07737e-16
-0.984344 -2.82376 1.16295e-16
0.788676 -3.032 1.24871e-16
2.54891 -3.23945 1.33415e-16
4.28489 -3.4448 1.41872e-16
5.98575 -3.64681 1.50192e-16
7.64148 -3.84434 1.58327e-16
9.24317 -4.03634 1.66234e-16
10.7829 -4.22187 1.73875e-16
12.2535 -4.40007 1.81214e-16
13.6495 -4.57024 1.88222e-16
14.9674 -4.73194 1.94882e-16
16.2057 -4.88487 2.0118e-16
17.3633 -5.02884 2.07109e-16
18.4412 -5.16382 2.12669e-16
19.4434 -5.29017 2.17872e-16
20.3759 -5.4084 2.22741e-16
21.2448 -5.51908 2.273e-16
22.0568 -5.62283 2.31573e-16
22.8189 -5.72031 2.35587e-16
23.5383 -5.81219 2.39371e-16
24.2224 -5.89915 2.42953e-16
24.8776 -5.98183 2.46358e-16
25.5094 -6.06075 2.49608e-16
26.1227 -6.13637 2.52722e-16
26.7219 -6.20912 2.55719e-16
27.3104 -6.27931 2.58609e-16
27.8899 -6.34705 2.61399e-16
28.4607 -6.41236 2.64089e-16
29.0225 -6.47518 2.66676e-16
29.5745 -6.5354 2.69156e-16
30.1146 -6.59277 2.71519e-16
30.6398 -6.64699 2.73752e-16
31.1469 -6.6977 2.7584e-16
31.6319 -6.74449 2.77768e-16
32.0904 -6.78691 2.79514e-16
32.5173 -6.82442 2.81059e-16
32.9074 -6.85651 2.82381e-16
33.2555 -6.88264 2.83457e-16
33.5568 -6.90234 2.84268e-16
33.8071 -6.91514 2.84795e-16
34.0012 -6.92057 2.85019e-16
34.1348 -6.91824 2.84923e-16
34.2043 -6.90778 2.84492e-16
34.2063 -6.88892 2.83715e-16
34.138 -6.86138 2.82581e-16
33.9967 -6.82494 2.81081e-16
33.7807 -6.77947 2.79208e-16
33.4885 -6.72485 2.76959e-16
33.1191 -6.66104 2.74331e-16
32.6713 -6.58798 2.71322e-16
32.144 -6.50558 2.67928e-16
31.5355 -6.41372 2.64145e-16
30.845 -6.31236 2.5997e-16
30.0717 -6.20147 2.55403e-16
29.2149 -6.08102 2.50443e-16
28.2741 -5.95101 2.45088e-16
27.2491 -5.81148 2.39342e-16
26.141 -5.66256 2.33209e-16
24.9521 -5.50458 2.26702e-16
23.6859 -5.33796 2.1984e-16
22.3461 -5.16316 2.12641e-16
20.9373 -4.98072 2.05128e-16
19.4658 -4.79139 1.9733e-16
17.9388 -4.59602 1.89284e-16
16.3636 -4.39545 1.81024e-16
14.7488 -4.19068 1.72591e-16
13.1064 -3.98309 1.64041e-16
11.4495 -3.77418 1.55437e-16
9.79104 -3.56544 1.4684e-16
8.14424 -3.35839 1.38313e-16
6.52354 -3.15469 1.29924e-16
4.94365 -2.95604 1.21743e-16
3.41851 -2.76407 1.13836e-16
1.96155 -2.58032 1.06269e-16
0.586012 -2.40638 9.9105e-17
-0.695454 -2.24371 9.24058e-17
-1.87117 -2.09373 8.62287e-17
-2.93095 -1.95765 8.06243e-17
-3.86667 -1.83648 7.56343e-17
-4.67173 -1.73108 7.12935e-17
-5.34044 -1.64219 6.76325e-17
-5.86891 -1.57035 6.46739e-17
-6.2559 -1.51582 6.24282e-17
-6.50186 -1.47868 6.08984e-17
-6.60789 -1.45891 6.00841e-17
-6.5768 -1.45631 5.9977e-17
-6.41438 -1.47035 6.05552e-17
-6.128 -1.50031 6.17894e-17
-5.72514 -1.54547 6.36491e-17
-5.2139 -1.605 6.61007e-17
-4.6034 -1.67796 6.91055e-17
-3.90311 -1.76336 7.26226e-17
-3.12218 -1.86022 7.6612e-17
-2.26949 -1.96759 8.1034e-17
-1.3539 -2.0845 8.58486e-17
-0.383871 -2.20998 9.10167e-17
0.632824 -2.34317 9.65018e-17
1.68932 -2.48324 1.0227e-16
2.77985 -2.62949 1.08294e-16
3.89962 -2.78132 1.14547e-16
5.04458 -2.93816 1.21006e-16
6.21174 -3.09959 1.27654e-16
7.3995 -3.26527 1.34478e-16
8.60725 -3.43501 1.41469e-16
9.83492 -3.60864 1.48619e-16
11.083 -3.78605 1.55926e-16
12.3526 -3.96718 1.63386e-16
13.6453 -4.15204 1.70999e-16
14.9629 -4.34063 1.78766e-16
16.3064 -4.5329 1.86684e-16
17.6758 -4.72865 1.94746e-16
19.0705 -4.92764 2.02942e-16
20.4896 -5.1296 2.11259e-16
21.9306 -5.33407 2.1968e-16
23.3883 -5.54035 2.28176e-16
24.8561 -5.74753 2.36708e-16
26.3268 -5.95469 2.4524e-16
27.7922 -6.16078 2.53728e-16
29.2421 -6.36455 2.6212e-16
30.6648 -6.56461 2.70359e-16
32.0489 -6.75958 2.78389e-16
33.3844 -6.94805 2.86151e-16
34.6581 -7.12862 2.93587e-16
35.8574 -7.2999 3.00642e-16
36.9714 -7.46053 3.07257e-16
37.9923 -7.60928 3.13383e-16
38.9085 -7.74498 3.18972e-16
39.7096 -7.86665 3.23983e-16
40.3892 -7.97334 3.28377e-16
40.9399 -8.06424 3.3212e-16
41.3575 -8.13876 3.35189e-16
41.638 -8.1964 3.37563e-16
41.7788 -8.23679 3.39227e-16
41.7787 -8.25973 3.40171e-16
41.6397 -8.26532 3.40402e-16
41.3651 -8.25387 3.3993e-16
40.9593 -8.22575 3.38772e-16
40.4272 -8.18143 3.36947e-16
39.7753 -8.12156 3.34481e-16
39.0109 -8.04684 3.31404e-16
38.1415 -7.95804 3.27746e-16
37.1749 -7.85594 3.23542e-16
36.1193 -7.74139 3.18824e-16
34.9828 -7.61524 3.13629e-16
33.7734 -7.47833 3.0799e-16
32.4985 -7.33141 3.01939e-16
31.1634 -7.17508 2.95501e-16
29.7722 -7.00979 2.88693e-16
28.329 -6.83596 2.81535e-16
26.8368 -6.65397 2.74039e-16
25.2975 -6.46405 2.66217e-16
23.7122 -6.26636 2.58076e-16
22.0814 -6.06102 2.49619e-16
20.4051 -5.84811 2.40851e-16
18.6835 -5.62771 2.31773e-16
16.916 -5.39985 2.22389e-16
15.1015 -5.16455 2.12699e-16
13.2391 -4.92181 2.02701e-16
11.3281 -4.67169 1.924e-16
9.37164 -4.41432 1.81801e-16
7.36619 -4.1497 1.70903e-16
5.30918 -3.8779 1.59709e-16
3.20186 -3.59912 1.48227e-16
1.04536 -3.31352 1.36465e-16
-1.16085 -3.02134 1.24432e-16
-3.41868 -2.72271 1.12133e-16
-5.72867 -2.41766 9.95697e-17
-8.0937 -2.10617 8.67411e-17
-10.5152 -1.78823 7.36469e-17
-12.9959 -1.4638 6.02856e-17
-15.5378 -1.13282 4.66546e-17
-18.1439 -0.795229 3.2751e-17
-20.816 -0.450988 1.85737e-17
-23.5557 -0.100144 4.12435e-18
-26.3635 0.257163 -1.05911e-17
-29.2391 0.620706 -2.55634e-17
-32.1112 0.985908 -4.06039e-17
-35.0229 1.35515 -5.5811e-17
-38.0119 1.73044 -7.12671e-17
-41.0502 2.10972 -8.68874e-17
-44.15 2.4934 -1.02689e-16
-47.295 2.88008 -1.18614e-16
-50.4859 3.26935 -1.34646e-16
-53.7095 3.6599 -1.5073e-16
-56.9609 4.0509 -1.66833e-16
-60.2282 4.44107 -1.82903e-16
-63.5027 4.82932 -1.98892e-16
-66.7723 5.21427 -2.14746e-16
-70.0266 5.5947 -2.30414e-16
-73.2533 5.96924 -2.45839e-16
-76.4411 6.33659 -2.60968e-16
-79.5779 6.6954 -2.75745e-16
-82.6523 7.04438 -2.90118e-16
-85.6529 7.38228 -3.04034e-16
-88.5697 7.708 -3.17449e-16
-91.3933 8.02051 -3.30319e-16
-94.1157 8.31908 -3.42616e-16
-96.7278 8.60266 -3.54295e-16
-99.2227 8.8704 -3.65321e-16
-101.595 9.12174 -3.75673e-16
-103.838 9.35606 -3.85323e-16
-105.948 9.57296 -3.94256e-16
-107.921 9.77197 -4.02452e-16
-109.754 9.95285 -4.09901e-16
-111.444 10.1153 -4.16594e-16
-112.992 10.2595 -4.2253e-16
-114.399 10.3855 -4.27721e-16
-115.669 10.4939 -4.32185e-16
-116.806 10.5853 -4.35947e-16
-117.817 10.6603 -4.39036e-16
-118.71 10.7199 -4.41493e-16
-119.494 10.7653 -4.43363e-16
-120.18 10.7977 -4.44694e-16
-120.777 10.8181 -4.45535e-16
-121.294 10.8276 -4.45929e-16
-121.739 10.8274 -4.45918e-16
-122.115 10.8182 -4.4554e-16
-122.433 10.8012 -4.44839e-16
-122.705 10.7772 -4.43851e-16
-122.93 10.7469 -4.42604e-16
-123.118 10.7111 -4.41131e-16
-123.275 10.6705 -4.39458e-16
-123.403 10.6256 -4.37609e-16
-123.506 10.5769 -4.35602e-16
-123.587 10.5249 -4.33459e-16
-123.649 10.4699 -4.31195e-16
-123.692 10.4122 -4.2882e-16
-123.716 10.352 -4.26339e-16
-123.722 10.2893 -4.23758e-16
-123.709 10.2243 -4.21083e-16
-123.677 10.1572 -4.18319e-16
-123.625 10.0881 -4.1547e-16
-123.554 10.017 -4.12544e-16
-123.464 9.94419 -4.09545e-16
-123.355 9.86965 -4.06475e-16
-123.224 9.79341 -4.03335e-16
-123.072 9.71554 -4.00128e-16
-122.898 9.63609 -3.96856e-16
-122.701 9.55504 -3.93518e-16
-122.48 9.47236 -3.90113e-16
-122.234 9.38807 -3.86642e-16
-121.963 9.30218 -3.83104e-16
-121.665 9.21467 -3.795e-16
-121.341 9.12552 -3.75828e-16
-120.989 9.03475 -3.7209e-16
-120.61 8.94238 -3.68286e-16
-120.202 8.84854 -3.64421e-16
-119.745 8.75383 -3.60521e-16
-119.225 8.65846 -3.56593e-16
-118.67 8.56219 -3.52628e-16
-118.098 8.46543 -3.48643e-16
-117.467 8.36873 -3.44661e-16
-116.79 8.27262 -3.40702e-16
-116.121 8.17776 -3.36796e-16
-115.465 8.08536 -3.3299e-16
-114.833 7.99667 -3.29338e-16
-114.238 7.91274 -3.25881e-16
-113.687 7.83469 -3.22666e-16
-113.193 7.76363 -3.1974e-16
-112.765 7.70069 -3.17148e-16
-112.412 7.64671 -3.14924e-16
-112.106 7.60468 -3.13194e-16
-111.849 7.575 -3.11971e-16
-111.688 7.5562 -3.11197e-16
-111.639 7.54968 -3.10928e-16
-111.704 7.55572 -3.11177e-16
-111.889 7.57486 -3.11966e-16
-112.195 7.60735 -3.13304e-16
-112.622 7.65333 -3.15197e-16
-113.17 7.71285 -3.17648e-16
-113.841 7.78604 -3.20663e-16
-114.633 7.8728 -3.24236e-16
-115.544 7.9729 -3.28359e-16
-116.568 8.08606 -3.33019e-16
-117.704 8.21196 -3.38204e-16
-118.938 8.35013 -3.43895e-16
-120.262 8.50014 -3.50072e-16
-121.67 8.66181 -3.56731e-16
-123.155 8.83471 -3.63851e-16
-124.712 9.01819 -3.71408e-16
-126.335 9.21172 -3.79379e-16
-127.984 9.41291 -3.87665e-16
-129.619 9.61707 -6.76591e-16
-131.289 9.82702 -6.85496e-16
-133.008 10.0448 -6.94735e-16
-134.765 10.2698 -7.04281e-16
-136.558 10.5018 -7.14122e-16
-138.321 10.7306 -7.59314e-16
-140.093 10.9588 -5.44199e-16
-141.912 11.1927 -9.24265e-16
-143.754 11.4309 -8.80971e-16
-145.618 11.6732 -9.76952e-16
-147.506 11.92 -7.69291e-16
-149.414 12.1709 -5.6688e-16
-151.243 12.4118 -6.5783e-16
-153.082 12.6493 -3.16218e-16
-154.942 12.8871 6.39651e-15
-156.821 13.1268 -6.84725e-16
-158.512 13.357 -9.58938e-16
-159.895 13.5709 6.96114e-13
-161.188 13.781 -4.2094e-16
-162.453 13.9865 -1.36049e-15
-163.634 14.1777 -1.076e-15
-164.873 14.369 -1.1089e-15
-166.091 14.5498 -9.76962e-16
-167.307 14.7312 9.07903e-14
-168.513 14.91 -1.2883e-14
-169.722 15.0873 2.44593e-15
-170.932 15.2633 -5.38663e-16
-172.122 15.4293 -8.55075e-16
-173.2 15.5703 -8.48475e-15
-174.193 15.6982 3.41359e-15
-175.225 15.8238 -5.80239e-15
-176.245 15.9468 -3.59079e-12
-177.246 16.0669 1.29315e-14
-178.227 16.1838 1.20904e-15
-179.188 16.2975 9.64658e-16
-180.121 16.4073 1.00804e-15
-181.022 16.5129 -1.36376e-12
-181.888 16.6141 1.61884e-14
-182.714 16.7103 1.71667e-15
-183.493 16.7933 4.23834e-15
-184.203 16