-2.72166 0.00526285 -2.16747e-19
-5.44328 0.0105265 -4.33529e-19
-8.16488 0.0157911 -6.50346e-19
-10.8864 0.0210565 -8.67198e-19
-13.608 0.0263227 -1.08408e-18
-16.3295 0.0315898 -1.30101e-18
-19.051 0.0368578 -1.51796e-18
-21.7724 0.0421266 -1.73495e-18
-24.4938 0.0473962 -1.95198e-18
-27.2152 0.0526667 -2.16904e-18
-27.2148 0.0526892 -2.16997e-18
-27.2131 0.0527798 -2.1737e-18
-27.2096 0.0529603 -2.18114e-18
-27.2046 0.0532279 -2.19215e-18
-27.1981 0.0535662 -2.20609e-18
-27.1911 0.0539336 -2.22122e-18
-27.1847 0.0542752 -2.23529e-18
-27.1798 0.0545366 -2.24605e-18
-27.1775 0.0546607 -2.25116e-18
-27.1792 0.0545843 -2.24802e-18
-27.1859 0.0542424 -2.23394e-18
-27.199 0.053572 -2.20633e-18
-27.2193 0.0525233 -2.16314e-18
-27.2473 0.05107 -2.10328e-18
-27.2832 0.0491998 -2.02626e-18
-27.3272 0.0469033 -1.93168e-18
-27.3787 0.0442015 -1.82041e-18
-27.4362 0.0411746 -1.69575e-18
-27.4976 0.0379333 -1.56226e-18
-27.5605 0.034589 -1.42453e-18
-27.6227 0.0312619 -1.2875e-18
-27.6814 0.0280902 -1.15688e-18
-27.7338 0.0252197 -1.03866e-18
-27.7772 0.022792 -9.38675e-19
-27.8092 0.0209246 -8.61764e-19
-27.8285 0.0196894 -8.10893e-19
-27.8343 0.0191321 -7.87941e-19
-27.8257 0.019292 -7.94527e-19
-27.8026 0.020191 -8.31553e-19
-27.7651 0.021822 -8.98723e-19
-27.7138 0.02416 -9.95013e-19
-27.6493 0.0271749 -1.11918e-18
-27.5726 0.0308289 -1.26967e-18
-27.4847 0.0350749 -1.44454e-18
-27.3868 0.039859 -1.64157e-18
-27.2801 0.0451251 -1.85845e-18
-27.1659 0.0508198 -2.09298e-18
-27.045 0.0568989 -2.34334e-18
-26.9186 0.063323 -2.60791e-18
-26.7873 0.0700525 -2.88507e-18
-26.6522 0.0770532 -3.17339e-18
-26.5137 0.0843019 -3.47192e-18
-26.3723 0.0917817 -3.77997e-18
-26.2285 0.0994774 -4.09691e-18
-26.083 0.107347 -4.421e-18
-25.938 0.115289 -4.74812e-18
-25.7959 0.123178 -5.07302e-18
-25.6591 0.130891 -5.39067e-18
-25.53 0.138308 -5.69611e-18
-25.4109 0.145307 -5.98437e-18
-25.3039 0.151773 -6.25065e-18
-25.2111 0.157595 -6.49046e-18
-25.1343 0.162678 -6.69979e-18
-25.075 0.166939 -6.87529e-18
-25.0342 0.170311 -7.01412e-18
-25.013 0.172731 -7.11383e-18
-25.0118 0.174169 -7.17304e-18
-25.0301 0.174637 -7.1923e-18
-25.067 0.174174 -7.17324e-18
-25.1213 0.172827 -7.11776e-18
-25.191 0.170684 -7.0295e-18
-25.2727 0.16791 -6.91526e-18
-25.3622 0.164711 -6.7835e-18
-25.4553 0.161291 -6.64268e-18
-25.5482 0.15784 -6.50054e-18
-25.6375 0.154511 -6.36345e-18
-25.7207 0.151438 -6.23688e-18
-25.7952 0.148747 -6.12604e-18
-25.8587 0.146544 -6.0353e-18
-25.9098 0.144898 -5.96754e-18
-25.9476 0.143859 -5.92475e-18
-25.9714 0.143464 -5.90848e-18
-25.9812 0.143709 -5.91855e-18
-25.9788 0.144509 -5.95151e-18
-25.9666 0.145738 -6.00213e-18
-25.9474 0.147262 -6.0649e-18
-25.9237 0.148955 -6.13463e-18
-25.8978 0.15071 -6.2069e-18
-25.8717 0.15243 -6.27771e-18
-25.8474 0.154015 -6.34301e-18
-25.8265 0.15539 -6.39965e-18
-25.81 0.156523 -6.44629e-18
-25.798 0.157404 -6.48259e-18
-25.7908 0.158028 -6.50829e-18
-25.7883 0.158414 -6.52418e-18
-25.7891 0.158631 -6.53309e-18
-25.7916 0.158773 -6.53896e-18
-25.7939 0.158939 -6.54578e-18
-25.7948 0.159199 -6.55652e-18
-25.7939 0.159576 -6.57205e-18
-25.7912 0.160065 -6.59216e-18
-25.7869 0.16066 -6.61667e-18
-25.7812 0.161357 -6.64539e-18
-25.774 0.162149 -6.678e-18
-25.7656 0.163027 -6.71416e-18
-25.7561 0.163984 -6.75356e-18
-25.7452 0.165025 -6.79646e-18
-25.7324 0.166186 -6.84426e-18
-25.7167 0.167513 -6.89891e-18
-25.697 0.169054 -6.96236e-18
-25.6726 0.170846 -7.03619e-18
-25.6429 0.172912 -7.12128e-18
-25.6079 0.175263 -7.21811e-18
-25.5671 0.177909 -7.32707e-18
-25.5213 0.180809 -7.44652e-18
-25.4732 0.183827 -7.5708e-18
-25.4262 0.186775 -7.6922e-18
-25.384 0.189465 -7.803e-18
-25.3501 0.191714 -7.89561e-18
-25.3279 0.193339 -7.96254e-18
-25.3208 0.194164 -7.9965e-18
-25.332 0.194017 -7.99045e-18
-25.3637 0.192787 -7.93981e-18
-25.4157 0.190481 -7.84485e-18
-25.4865 0.187169 -7.70844e-18
-25.5746 0.182926 -7.53369e-18
-25.678 0.177861 -7.3251e-18
-25.7931 0.172149 -7.08986e-18
-25.9158 0.165998 -6.83653e-18
-26.0422 0.159616 -6.57368e-18
-26.1685 0.153193 -6.30914e-18
-26.2918 0.146883 -6.04928e-18
-26.4093 0.140821 -5.7996e-18
-26.5188 0.135135 -5.56543e-18
-26.6182 0.129926 -5.35093e-18
-26.7066 0.125244 -5.15809e-18
-26.7838 0.121106 -4.98765e-18
-26.8497 0.117525 -4.84019e-18
-26.9041 0.114509 -4.71599e-18
-26.9472 0.11206 -4.6151e-18
-26.9792 0.110172 -4.53734e-18
-27.0004 0.108837 -4.4824e-18
-27.0113 0.108037 -4.44942e-18
-27.0129 0.107728 -4.43669e-18
-27.0063 0.107856 -4.44198e-18
-26.9927 0.108368 -4.46306e-18
-26.9731 0.109216 -4.49798e-18
-26.9484 0.110368 -4.54543e-18
-26.9189 0.111801 -4.60444e-18
-26.8852 0.113493 -4.67413e-18
-26.8479 0.115413 -4.7532e-18
-26.8081 0.117509 -4.83955e-18
-26.767 0.119722 -4.93069e-18
-26.7255 0.121994 -5.02425e-18
-26.6845 0.124283 -5.11851e-18
-26.6442 0.126572 -5.21279e-18
-26.6045 0.128862 -5.3071e-18
-26.5653 0.131155 -5.40154e-18
-26.5261 0.13347 -5.49685e-18
-26.4858 0.135853 -5.59501e-18
-26.4431 0.138368 -5.69861e-18
-26.3967 0.141078 -5.81022e-18
-26.3452 0.144044 -5.93236e-18
-26.2873 0.147324 -6.06744e-18
-26.2218 0.150973 -6.21772e-18
-26.1476 0.155042 -6.38529e-18
-26.0643 0.159552 -6.57106e-18
-25.9722 0.16447 -6.77358e-18
-25.8727 0.169728 -6.99012e-18
-25.7671 0.175256 -7.21779e-18
-25.6569 0.180964 -7.45286e-18
-25.5446 0.186726 -7.69021e-18
-25.433 0.192401 -7.92389e-18
-25.3248 0.19784 -8.14792e-18
-25.2224 0.202923 -8.35723e-18
-25.1274 0.20757 -8.54861e-18
-25.0409 0.211728 -8.71987e-18
-24.9638 0.215346 -8.86886e-18
-24.8969 0.218392 -8.99435e-18
-24.84 0.220879 -9.09674e-18
-24.7925 0.222837 -9.17739e-18
-24.7539 0.224301 -9.23771e-18
-24.7235 0.225309 -9.27921e-18
-24.7007 0.225903 -9.30364e-18
-24.6845 0.226125 -9.31283e-18
-24.6744 0.226024 -9.30866e-18
-24.6697 0.225625 -9.29222e-18
-24.671 0.22491 -9.26275e-18
-24.6792 0.223839 -9.21868e-18
-24.6948 0.222378 -9.15848e-18
-24.7185 0.220508 -9.08146e-18
-24.7499 0.218247 -8.98837e-18
-24.7883 0.215636 -8.88083e-18
-24.8329 0.212715 -8.76054e-18
-24.883 0.209531 -8.62939e-18
-24.9375 0.206133 -8.48943e-18
-24.9955 0.202574 -8.34287e-18
-25.0559 0.19891 -8.19198e-18
-25.1176 0.195199 -8.03915e-18
-25.1794 0.191503 -7.8869e-18
-25.2401 0.187883 -7.73785e-18
-25.2983 0.184405 -7.59461e-18
-25.3532 0.181118 -7.45922e-18
-25.4043 0.178043 -7.33256e-18
-25.4513 0.175186 -7.21491e-18
-25.4942 0.172553 -7.10647e-18
-25.5329 0.17014 -7.00712e-18
-25.5679 0.167929 -6.91603e-18
-25.5995 0.165888 -6.83201e-18
-25.6284 0.16399 -6.75381e-18
-25.6552 0.16219 -6.6797e-18
-25.6813 0.160424 -6.60695e-18
-25.7079 0.158612 -6.53234e-18
-25.7367 0.156677 -6.45264e-18
-25.7689 0.154541 -6.36467e-18
-25.8061 0.152128 -6.26528e-18
-25.8495 0.149362 -6.15139e-18
-25.9006 0.146171 -6.01997e-18
-25.9597 0.142528 -5.86993e-18
-26.0255 0.1385 -5.70403e-18
-26.0958 0.134201 -5.527e-18
-26.1683 0.129747 -5.34353e-18
-26.2404 0.125265 -5.15896e-18
-26.3091 0.120916 -4.97986e-18
-26.3711 0.116874 -4.81338e-18
-26.423 0.113306 -4.66642e-18
-26.4627 0.110331 -4.54391e-18
-26.4897 0.107979 -4.44704e-18
-26.5044 0.106227 -4.37489e-18
-26.5075 0.105047 -4.32631e-18
-26.5002 0.104385 -4.29901e-18
-26.4846 0.104135 -4.28872e-18
-26.4635 0.104168 -4.29007e-18
-26.4395 0.104351 -4.29763e-18
-26.4152 0.104562 -4.3063e-18
-26.3928 0.104693 -4.31172e-18
-26.3742 0.104652 -4.31002e-18
-26.3616 0.104346 -4.29743e-18
-26.3561 0.103711 -4.27126e-18
-26.3584 0.10273 -4.23089e-18
-26.3682 0.101418 -4.17685e-18
-26.3853 0.0997928 -4.1099e-18
-26.4094 0.0978762 -4.03097e-18
-26.4401 0.0956947 -3.94112e-18
-26.4767 0.0932789 -3.84163e-18
-26.5187 0.0906639 -3.73393e-18
-26.5654 0.0878824 -3.61938e-18
-26.6164 0.0849561 -3.49886e-18
-26.6713 0.0819033 -3.37313e-18
-26.7296 0.0787464 -3.24312e-18
-26.7903 0.0755357 -3.11089e-18
-26.8512 0.0723748 -2.98071e-18
-26.9099 0.0693951 -2.85799e-18
-26.9637 0.0667285 -2.74817e-18
-27.0099 0.0645024 -2.65649e-18
-27.0463 0.0628352 -2.58782e-18
-27.0706 0.0618385 -2.54678e-18
-27.0806 0.0616201 -2.53778e-18
-27.0749 0.0622493 -2.5637e-18
-27.0536 0.0637219 -2.62434e-18
-27.0174 0.0659931 -2.71788e-18
-26.9673 0.0690133 -2.84227e-18
-26.9053 0.0726757 -2.9931e-18
-26.8355 0.0767615 -3.16137e-18
-26.7633 0.0809948 -3.33572e-18
-26.6938 0.0851003 -3.5048e-18
-26.6321 0.0888209 -3.65803e-18
-26.5822 0.0919349 -3.78628e-18
-26.5481 0.0942425 -3.88131e-18
-26.5333 0.0955511 -3.93521e-18
-26.5407 0.095708 -3.94167e-18
-26.5717 0.0946339 -3.89744e-18
-26.6268 0.0922919 -3.80098e-18
-26.7065 0.0886537 -3.65115e-18
-26.8097 0.0837566 -3.44946e-18
-26.9333 0.0777608 -3.20253e-18
-27.0727 0.0708924 -2.91966e-18
-27.2233 0.0633803 -2.61027e-18
-27.3801 0.0554659 -2.28432e-18
-27.5381 0.0474141 -1.95272e-18
-27.6916 0.0394986 -1.62672e-18
-27.8354 0.0319868 -1.31736e-18
-27.9648 0.0251172 -1.03444e-18
-28.0762 0.0190769 -7.85669e-19
-28.1664 0.0140199 -5.77399e-19
-28.2329 0.0100877 -4.15454e-19
-28.2736 0.00738288 -3.04059e-19
-28.288 0.00594216 -2.44724e-19
-28.2763 0.00576172 -2.37293e-19
-28.2389 0.00682493 -2.8108e-19
-28.177 0.00908802 -3.74284e-19
-28.0925 0.0124649 -5.13358e-19
-27.9877 0.0168438 -6.93701e-19
-27.8653 0.022105 -9.10381e-19
-27.7278 0.0281373 -1.15882e-18
-27.5772 0.0348545 -1.43546e-18
-27.4151 0.0421827 -1.73727e-18
-27.2435 0.0500456 -2.06109e-18
-27.0645 0.0583454 -2.40292e-18
-26.8811 0.0669433 -2.75702e-18
-26.6967 0.0756814 -3.11689e-18
-26.5144 0.0844055 -3.47619e-18
-26.3371 0.0929784 -3.82925e-18
-26.1671 0.101292 -4.17163e-18
-26.0063 0.109256 -4.49964e-18
-25.8564 0.116792 -4.81e-18
-25.7182 0.123857 -5.10098e-18
-25.5913 0.130479 -5.37369e-18
-25.4743 0.136724 -5.63089e-18
-25.3659 0.142667 -5.87565e-18
-25.2644 0.148388 -6.11126e-18
-25.1681 0.153969 -6.34112e-18
-25.0753 0.159496 -6.56872e-18
-24.9842 0.165057 -6.79775e-18
-24.8934 0.170712 -7.03066e-18
-24.8029 0.176457 -7.26728e-18
-24.7132 0.182255 -7.50606e-18
-24.6249 0.18807 -7.74556e-18
-24.5396 0.19381 -7.98192e-18
-24.4611 0.199259 -8.20634e-18
-24.3946 0.204144 -8.40754e-18
-24.345 0.208198 -8.57448e-18
-24.3164 0.211198 -8.69805e-18
-24.3112 0.213014 -8.77284e-18
-24.3306 0.213564 -8.79549e-18
-24.376 0.212775 -8.76299e-18
-24.4472 0.210636 -8.67491e-18
-24.542 0.207256 -8.5357e-18
-24.6569 0.202806 -8.35245e-18
-24.7882 0.197463 -8.13239e-18
-24.9321 0.191419 -7.88347e-18
-25.084 0.1849 -7.61499e-18
-25.2391 0.178146 -7.33683e-18
-25.3928 0.171394 -7.05873e-18
-25.541 0.164843 -6.78896e-18
-25.6813 0.158627 -6.53296e-18
-25.8116 0.152839 -6.29456e-18
-25.9304 0.147562 -6.07726e-18
-26.0371 0.142831 -5.8824e-18
-26.1329 0.138581 -5.70735e-18
-26.2201 0.134694 -5.54729e-18
-26.3013 0.13105 -5.39719e-18
-26.3791 0.127503 -5.25112e-18
-26.4574 0.123871 -5.10156e-18
-26.54 0.119954 -4.94023e-18
-26.6308 0.115551 -4.75889e-18
-26.7334 0.110486 -4.5503e-18
-26.8502 0.10463 -4.30911e-18
-26.9833 0.0978796 -4.03111e-18
-27.1345 0.09014 -3.71236e-18
-27.3047 0.0813572 -3.35064e-18
-27.4935 0.0715543 -2.94691e-18
-27.6995 0.0607974 -2.5039e-18
-27.9212 0.0491594 -2.0246e-18
-28.1566 0.0367259 -1.51253e-18
-28.4037 0.0236021 -9.72039e-19
-28.6599 0.00990414 -4.07895e-19
-28.9227 -0.00424991 1.7503e-19
-29.19 -0.0187624 7.72716e-19
-29.4605 -0.033579 1.38293e-18
-29.7335 -0.0486699 2.00444e-18
-30.0079 -0.064007 2.63609e-18
-30.2829 -0.0795457 3.27604e-18
-30.5567 -0.0952068 3.92103e-18
-30.8272 -0.110896 4.56718e-18
-31.0926 -0.126525 5.21085e-18
-31.3505 -0.14198 5.84735e-18
-31.5975 -0.157089 6.46962e-18
-31.8299 -0.171658 7.0696e-18
-32.0441 -0.1855 7.63968e-18
-32.2368 -0.198446 8.17286e-18
-32.4052 -0.210342 8.66281e-18
-32.5468 -0.221052 9.10386e-18
-32.6595 -0.230452 9.491e-18
-32.7421 -0.238466 9.82104e-18
-32.7977 -0.245184 1.00978e-17
-32.8283 -0.250676 1.03239e-17
-32.8319 -0.254875 1.04969e-17
-32.8099 -0.257849 1.06194e-17
-32.7653 -0.259723 1.06965e-17
-32.7012 -0.260623 1.07336e-17
-32.6209 -0.260697 1.07366e-17
-32.5281 -0.260111 1.07125e-17
-32.4279 -0.259097 1.06707e-17
-32.3256 -0.257907 1.06217e-17
-32.2266 -0.256793 1.05759e-17
-32.1353 -0.255953 1.05413e-17
-32.0541 -0.255494 1.05223e-17
-31.9843 -0.255465 1.05211e-17
-31.9271 -0.255904 1.05392e-17
-31.8822 -0.256792 1.05758e-17
-31.8476 -0.258001 1.06256e-17
-31.8198 -0.259348 1.06811e-17
-31.7952 -0.260635 1.07341e-17
-31.7694 -0.26164 1.07755e-17
-31.7375 -0.262098 1.07943e-17
-31.6938 -0.261721 1.07788e-17
-31.6328 -0.260218 1.07169e-17
-31.5504 -0.257386 1.06003e-17
-31.446 -0.253201 1.04279e-17
-31.321 -0.247732 1.02027e-17
-31.1764 -0.241049 9.92745e-18
-31.0139 -0.233235 9.60562e-18
-30.8353 -0.2244 9.24178e-18
-30.643 -0.21467 8.84103e-18
-30.4392 -0.204167 8.40847e-18
-30.2253 -0.192974 7.94751e-18
-30.0011 -0.181094 7.45825e-18
-29.7655 -0.168483 6.93888e-18
-29.518 -0.155111 6.38816e-18
-29.2568 -0.140898 5.80279e-18
-28.9784 -0.125667 5.17551e-18
-28.6785 -0.109202 4.49743e-18
-28.3529 -0.0912918 3.75979e-18
-27.9989 -0.0717973 2.95692e-18
-27.6162 -0.0507158 2.0887e-18
-27.2064 -0.0281216 1.15817e-18
-26.7709 -0.00409629 1.68703e-19
-26.3201 0.0209802 -8.64057e-19
-25.8537 0.0470237 -1.93664e-18
-25.3733 0.0738718 -3.04236e-18
-24.8876 0.101136 -4.1652e-18
-24.4003 0.128592 -5.29597e-18
-23.9174 0.155943 -6.42243e-18
-23.4429 0.182984 -7.53606e-18
-22.9818 0.209462 -8.62657e-18
-22.5377 0.235197 -9.68644e-18
-22.1129 0.260057 -1.07103e-17
-21.7091 0.28396 -1.16947e-17
-21.3276 0.306838 -1.26369e-17
-20.9692 0.328639 -1.35348e-17
-20.6341 0.349359 -1.43881e-17
-20.3215 0.369031 -1.51983e-17
-20.0306 0.38769 -1.59667e-17
-19.7608 0.405355 -1.66943e-17
-19.5128 0.421989 -1.73793e-17
-19.2874 0.437528 -1.80193e-17
-19.0854 0.451927 -1.86123e-17
-18.9069 0.46516 -1.91573e-17
-18.7519 0.477221 -1.9654e-17
-18.6196 0.48813 -2.01033e-17
-18.5094 0.497907 -2.0506e-17
-18.4208 0.506571 -2.08628e-17
-18.3532 0.514124 -2.11738e-17
-18.3066 0.520564 -2.14391e-17
-18.2806 0.52589 -2.16584e-17
-18.2741 0.530158 -2.18342e-17
-18.2835 0.533532 -2.19731e-17
-18.3045 0.53623 -2.20843e-17
-18.3328 0.538467 -2.21764e-17
-18.3642 0.54045 -2.22581e-17
-18.3951 0.54237 -2.23371e-17
-18.4218 0.544407 -2.2421e-17
-18.4412 0.54673 -2.25167e-17
-18.4508 0.54947 -2.26296e-17
-18.4495 0.552685 -2.27619e-17
-18.437 0.556385 -2.29143e-17
-18.4132 0.560583 -2.30872e-17
-18.3799 0.565219 -2.32782e-17
-18.3406 0.570115 -2.34798e-17
-18.3003 0.575032 -2.36823e-17
-18.264 0.579724 -2.38756e-17
-18.2367 0.583954 -2.40498e-17
-18.223 0.587488 -2.41953e-17
-18.2276 0.590105 -2.43031e-17
-18.255 0.591588 -2.43642e-17
-18.3084 0.591788 -2.43724e-17
-18.3883 0.590683 -2.43269e-17
-18.494 0.588322 -2.42297e-17
-18.6245 0.584768 -2.40833e-17
-18.7782 0.580116 -2.38917e-17
-18.952 0.574528 -2.36615e-17
-19.1422 0.5682 -2.34009e-17
-19.3448 0.561337 -2.31183e-17
-19.5566 0.554114 -2.28208e-17
-19.7754 0.546634 -2.25127e-17
-20 0.538961 -2.21967e-17
-20.2289 0.531169 -2.18759e-17
-20.4613 0.523295 -2.15515e-17
-20.6979 0.515295 -2.12221e-17
-20.9401 0.507091 -2.08842e-17
-21.1891 0.498606 -2.05348e-17
-21.446 0.489776 -2.01711e-17
-21.7117 0.480549 -1.97911e-17
-21.9867 0.470884 -1.9393e-17
-22.2715 0.460745 -1.89755e-17
-22.5658 0.450131 -1.85383e-17
-22.8683 0.439099 -1.8084e-17
-23.177 0.427741 -1.76162e-17
-23.4898 0.416152 -1.7139e-17
-23.8046 0.404428 -1.66561e-17
-24.1191 0.392669 -1.61718e-17
-24.4312 0.380972 -1.56901e-17
-24.7387 0.369437 -1.5215e-17
-25.0398 0.35815 -1.47502e-17
-25.333 0.347178 -1.42983e-17
-25.6169 0.336575 -1.38616e-17
-25.8904 0.326391 -1.34422e-17
-26.1527 0.316665 -1.30416e-17
-26.4029 0.307424 -1.26611e-17
-26.6407 0.298684 -1.23011e-17
-26.8658 0.290456 -1.19622e-17
-27.0777 0.282755 -1.16451e-17
-27.2757 0.275617 -1.13511e-17
-27.4589 0.269082 -1.1082e-17
-27.6267 0.263187 -1.08392e-17
-27.7777 0.257994 -1.06253e-17
-27.9096 0.253627 -1.04455e-17
-28.0194 0.250237 -1.03059e-17
-28.1045 0.247969 -1.02124e-17
-28.1621 0.246963 -1.0171e-17
-28.1896 0.247358 -1.01873e-17
-28.1845 0.249293 -1.0267e-17
-28.1443 0.252891 -1.04151e-17
-28.0683 0.258207 -1.06341e-17
-27.958 0.265164 -1.09206e-17
-27.8163 0.273612 -1.12685e-17
-27.6464 0.283393 -1.16714e-17
-27.4533 0.29426 -1.21189e-17
-27.245 0.305793 -1.25939e-17
-27.0314 0.317484 -1.30754e-17
-26.8223 0.328828 -1.35426e-17
-26.6273 0.339322 -1.39748e-17
-26.4561 0.348457 -1.4351e-17
-26.3184 0.35573 -1.46505e-17
-26.2232 0.360656 -1.48534e-17
-26.1779 0.362841 -1.49434e-17
-26.1866 0.362053 -1.49109e-17
-26.2515 0.358154 -1.47503e-17
-26.3744 0.351032 -1.4457e-17
-26.5556 0.340638 -1.4029e-17
-26.7931 0.327044 -1.34691e-17
-27.0837 0.310384 -1.2783e-17
-27.4238 0.290811 -1.19769e-17
-27.8084 0.268542 -1.10597e-17
-28.2304 0.243917 -1.00456e-17
-28.6813 0.217341 -8.95103e-18
-29.1527 0.189213 -7.79261e-18
-29.6364 0.159928 -6.58653e-18
-30.1246 0.129865 -5.34841e-18
-30.6098 0.0993884 -4.09324e-18
-31.085 0.0688437 -2.83528e-18
-31.5433 0.038567 -1.58836e-18
-31.9783 0.00889274 -3.66241e-19
-32.3837 -0.0198595 8.17901e-19
-32.754 -0.0473991 1.9521e-18
-33.0855 -0.0735234 3.02801e-18
-33.3775 -0.0981784 4.04341e-18
-33.631 -0.121401 4.99982e-18
-33.8479 -0.143256 5.89989e-18
-34.0301 -0.163813 6.74655e-18
-34.18 -0.183148 7.54284e-18
-34.2993 -0.201313 8.29092e-18
-34.3899 -0.218366 8.99328e-18
-34.4548 -0.23441 9.65402e-18
-34.4967 -0.249541 1.02772e-17
-34.5188 -0.263872 1.08674e-17
-34.5243 -0.27752 1.14295e-17
-34.5152 -0.290546 1.19659e-17
-34.492 -0.302913 1.24753e-17
-34.4694 -0.315023 1.2974e-17
-34.4345 -0.326407 1.34429e-17
-34.379 -0.336722 1.38677e-17
-34.3073 -0.346056 1.42521e-17
-34.2145 -0.354183 1.45868e-17
-34.1021 -0.361096 1.48715e-17
-33.9665 -0.366612 1.50987e-17
-33.8068 -0.370631 1.52642e-17
-33.6193 -0.37295 1.53597e-17
-33.402 -0.373426 1.53793e-17
-33.1485 -0.371807 1.53126e-17
-32.8602 -0.368074 1.51589e-17
-32.5372 -0.362172 1.49158e-17
-32.1773 -0.353999 1.45792e-17
-31.7808 -0.343538 1.41484e-17
-31.3482 -0.33082 1.36246e-17
-30.8821 -0.315949 1.30122e-17
-30.3839 -0.299005 1.23143e-17
-29.8571 -0.280146 1.15376e-17
-29.3064 -0.259643 1.06932e-17
-28.7386 -0.237822 9.79453e-18
-28.1603 -0.215 8.85464e-18
-27.5777 -0.191507 7.88707e-18
-26.9972 -0.167665 6.90516e-18
-26.4252 -0.143805 5.92253e-18
-25.8676 -0.120238 4.9519e-18
-25.3296 -0.0972205 4.00396e-18
-24.8139 -0.074903 3.08483e-18
-24.322 -0.053376 2.19825e-18
-23.8554 -0.0327161 1.34739e-18
-23.4143 -0.0129279 5.32428e-19
-22.9959 0.00612453 -2.52235e-19
-22.5961 0.0246479 -1.01511e-18
-22.2106 0.042861 -1.7652e-18
-21.8358 0.0609455 -2.51e-18
-21.4695 0.0790064 -3.25383e-18
-21.1104 0.0971081 -3.99933e-18
-20.7571 0.11532 -4.7494e-18
-20.4094 0.13365 -5.5043e-18
-20.0696 0.151977 -6.25905e-18
-19.7411 0.170113 -7.00598e-18
-19.4274 0.187881 -7.73774e-18
-19.1326 0.205069 -8.44562e-18
-18.8619 0.221393 -9.11792e-18
-18.6214 0.236538 -9.74168e-18
-18.4167 0.250206 -1.03046e-17
-18.2532 0.262107 -1.07947e-17
-18.136 0.271965 -1.12007e-17
-18.0699 0.279516 -1.15117e-17
-18.0591 0.284522 -1.17178e-17
-18.1062 0.286822 -1.18126e-17
-18.2113 0.286399 -1.17952e-17
-18.3724 0.283318 -1.16682e-17
-18.5872 0.277662 -1.14353e-17
-18.8532 0.26954 -1.11008e-17
-19.1669 0.259081 -1.06701e-17
-19.5248 0.246431 -1.01491e-17
-19.923 0.231749 -9.54445e-18
-20.3601 0.215142 -8.86047e-18
-20.8251 0.197078 -8.11653e-18
-21.3064 0.17807 -7.33368e-18
-21.7965 0.158494 -6.52748e-18
-22.2858 0.138788 -5.71589e-18
-22.7675 0.119276 -4.91229e-18
-23.2347 0.100283 -4.1301e-18
-23.6814 0.0820885 -3.38076e-18
-24.1021 0.064952 -2.67501e-18
-24.4925 0.0490737 -2.02107e-18
-24.8492 0.034621 -1.42584e-18
-25.1695 0.0217262 -8.94779e-19
-25.4525 0.0104249 -4.29343e-19
-25.701 0.000578186 -2.38122e-20
-25.9197 -0.00805286 3.31652e-19
-26.114 -0.0157339 6.47989e-19
-26.29 -0.022767 9.37644e-19
-26.4549 -0.0295052 1.21515e-18
-26.6208 -0.0364651 1.50179e-18
-26.7933 -0.043961 1.8105e-18
-26.9784 -0.0523197 2.15475e-18
-27.1853 -0.0619499 2.55136e-18
-27.4202 -0.0731656 3.01328e-18
-27.6909 -0.0863303 3.55545e-18
-28.0037 -0.101755 4.19071e-18
-28.3656 -0.11976 4.93222e-18
-28.7817 -0.140618 5.79126e-18
-29.2581 -0.164608 6.77927e-18
-29.7995 -0.191983 7.90671e-18
-30.4106 -0.222952 9.18213e-18
-31.0957 -0.257704 1.06134e-17
-31.8578 -0.296403 1.22071e-17
-32.699 -0.339142 1.39673e-17
-33.619 -0.385926 1.58941e-17
-34.6166 -0.436688 1.79847e-17
-35.6883 -0.491305 2.02341e-17
-36.8317 -0.549642 2.26366e-17
-38.0421 -0.611466 2.51828e-17
-39.3128 -0.676459 2.78595e-17
-40.6372 -0.744306 3.06538e-17
-42.0074 -0.814632 3.35501e-17
-43.4147 -0.887013 3.65311e-17
-44.8494 -0.960987 3.95776e-17
-46.3021 -1.03609 4.26706e-17
-47.7622 -1.1118 4.57889e-17
-49.2179 -1.18756 4.89088e-17
-50.6568 -1.26274 5.2005e-17
-52.0669 -1.33674 5.50526e-17
-53.437 -1.40901 5.80291e-17
-54.7578 -1.47909 6.09152e-17
-56.0212 -1.54657 6.36943e-17
-57.2196 -1.61106 6.63506e-17
-58.3465 -1.67225 6.88706e-17
-59.3971 -1.72988 7.12441e-17
-60.3677 -1.78376 7.34631e-17
-61.2554 -1.83373 7.5521e-17
-62.0581 -1.87966 7.74126e-17
-62.7745 -1.92148 7.9135e-17
-63.4046 -1.95916 8.06869e-17
-63.9486 -1.9927 8.20681e-17
-64.4069 -2.02209 8.32784e-17
-64.7794 -2.04729 8.43163e-17
-65.0658 -2.06826 8.51799e-17
-65.2662 -2.08498 8.58685e-17
-65.3808 -2.09743 8.63812e-17
-65.4092 -2.10555 8.67157e-17
-65.351 -2.10929 8.68699e-17
-65.2058 -2.10862 8.6842e-17
-64.9739 -2.1035 8.6631e-17
-64.6555 -2.09391 8.62365e-17
-64.2511 -2.07988 8.56583e-17
-63.7615 -2.06139 8.48971e-17
-63.1875 -2.03849 8.39537e-17
-62.5276 -2.01112 8.28267e-17
-61.7848 -1.97939 8.15197e-17
-60.9614 -1.94335 8.00357e-17
-60.0586 -1.90308 7.83771e-17
-59.0798 -1.85872 7.655e-17
-58.0279 -1.81041 7.45607e-17
-56.9071 -1.75836 7.24168e-17
-55.7209 -1.70273 7.0126e-17
-54.4747 -1.6438 6.76988e-17
-53.1738 -1.58182 6.51462e-17
-51.8238 -1.51708 6.24799e-17
-50.4309 -1.44988 5.97125e-17
-49.0026 -1.38062 5.686e-17
-47.547 -1.3097 5.39393e-17
-46.0723 -1.23755 5.09675e-17
-44.5852 -1.16449 4.79589e-17
-43.0901 -1.09076 4.49224e-17
-41.5889 -1.01651 4.18644e-17
-40.0848 -0.94186 3.87899e-17
-38.5801 -0.866891 3.57023e-17
-37.0742 -0.791589 3.26011e-17
-35.566 -0.715877 2.94829e-17
-34.054 -0.639686 2.6345e-17
-32.5366 -0.562943 2.31844e-17
-31.0138 -0.485624 2.00001e-17
-29.4858 -0.407705 1.67911e-17
-27.9522 -0.32917 1.35566e-17
-26.4144 -0.250066 1.02988e-17
-24.8762 -0.170578 7.02516e-18
-23.3428 -0.0909581 3.74605e-18
-21.8195 -0.011455 4.71768e-19
-20.3119 0.0676544 -2.7863e-18
-18.827 0.146032 -6.01422e-18
-17.3721 0.223315 -9.19708e-18
-15.9543 0.299156 -1.23205e-17
-14.5799 0.37325 -1.5372e-17
-13.2536 0.445362 -1.83419e-17
-11.9793 0.515308 -2.12226e-17
-10.7602 0.582923 -2.40073e-17
-9.59871 0.648099 -2.66915e-17
-8.49529 0.710809 -2.92742e-17
-7.47039 0.770411 -3.17289e-17
-6.50841 0.827415 -3.40765e-17
-5.59716 0.882228 -3.6334e-17
-4.74495 0.93456 -3.84892e-17
-3.94716 0.984531 -4.05472e-17
-3.2075 1.032 -4.25021e-17
-2.52451 1.07697 -4.43543e-17
-1.90151 1.11928 -4.60969e-17
-1.33903 1.15885 -4.77265e-17
-0.839392 1.19553 -4.92373e-17
-0.403304 1.22925 -5.06259e-17
-0.0317738 1.25992 -5.18889e-17
0.275113 1.28749 -5.30244e-17
0.517238 1.31191 -5.40303e-17
0.694957 1.33317 -5.49057e-17
0.808589 1.35123 -5.56496e-17
0.858716 1.36609 -5.62613e-17
0.845995 1.37772 -5.67406e-17
0.770624 1.38611 -5.70859e-17
0.631518 1.39114 -5.72933e-17
0.426994 1.3927 -5.73575e-17
0.155403 1.39066 -5.72734e-17
-0.184957 1.38489 -5.70358e-17
-0.596019 1.37526 -5.66392e-17
-1.0798 1.36163 -5.60778e-17
-1.6383 1.34386 -5.53462e-17
-2.27253 1.32189 -5.44411e-17
-2.98155 1.29572 -5.33635e-17
-3.76339 1.26545 -5.21168e-17
-4.61611 1.23116 -5.07044e-17
-5.53671 1.19298 -4.91322e-17
-6.52008 1.15118 -4.74106e-17
-7.56 1.10607 -4.55526e-17
-8.64678 1.05804 -4.35749e-17
-9.77689 1.00737 -4.14878e-17
-10.9453 0.954356 -3.93045e-17
-12.1435 0.899419 -3.7042e-17
-13.3659 0.842893 -3.4714e-17
-14.606 0.785114 -3.23344e-17
-15.8603 0.726296 -2.9912e-17
-17.1243 0.666606 -2.74537e-17
-18.3949 0.60624 -2.49676e-17
-19.6715 0.545342 -2.24595e-17
-20.9528 0.483998 -1.99332e-17
-22.2379 0.422291 -1.73918e-17
-23.5267 0.360268 -1.48374e-17
-24.8189 0.297962 -1.22714e-17
-26.1171 0.235287 -9.69012e-18
-27.4237 0.172127 -7.08892e-18
-28.7421 0.108357 -4.46263e-18
-30.0747 0.0438707 -1.80679e-18
-31.4242 -0.0214563 8.83664e-19
-32.7936 -0.0877505 3.61394e-18
-34.1846 -0.1551 6.38769e-18
-35.5977 -0.223521 9.20555e-18
-37.0318 -0.29296 1.20654e-17
-38.4844 -0.36329 1.49618e-17
-39.9524 -0.434366 1.78891e-17
-41.4316 -0.50598 2.08384e-17
-42.9153 -0.577811 2.37967e-17
-44.3958 -0.649478 2.67483e-17
-45.8648 -0.720588 2.96769e-17
-47.326 -0.791116 3.25816e-17
-48.7601 -0.860291 3.54305e-17
-50.151 -0.927431 3.81956e-17
-51.4933 -0.992201 4.08632e-17
-52.7745 -1.05406 4.34107e-17
-53.9892 -1.11272 4.58266e-17
-55.1292 -1.16782 4.80959e-17
-56.1894 -1.21911 5.02083e-17
-57.1643 -1.26635 5.21539e-17
-58.0521 -1.30947 5.39296e-17
-58.8515 -1.34843 5.55342e-17
-59.5627 -1.38326 5.69685e-17
-60.1854 -1.41396 5.82329e-17
-60.7197 -1.44054 5.93277e-17
-61.1653 -1.46301 6.02533e-17
-61.5231 -1.48141 6.10111e-17
-61.794 -1.49581 6.16037e-17
-61.9799 -1.50628 6.2035e-17
-62.083 -1.51294 6.23094e-17
-62.1062 -1.51594 6.24328e-17
-62.0522 -1.5154 6.24107e-17
-61.9231 -1.51143 6.2247e-17
-61.7209 -1.5041 6.19455e-17
-61.4479 -1.49354 6.15106e-17
-61.1059 -1.47982 6.09452e-17
-60.6951 -1.46291 6.02491e-17
-60.2148 -1.44279 5.94203e-17
-59.6648 -1.41941 5.84575e-17
-59.0447 -1.39274 5.7359e-17
-58.353 -1.36268 5.61211e-17
-57.5881 -1.32914 5.47396e-17
-56.7488 -1.29202 5.32109e-17
-55.834 -1.25126 5.15323e-17
-54.8434 -1.20683 4.97024e-17
-53.7772 -1.15871 4.77207e-17
-52.6358 -1.10691 4.55875e-17
-51.4209 -1.05151 4.33056e-17
-50.1363 -0.99268 4.08829e-17
-48.7875 -0.930691 3.83299e-17
-47.3798 -0.865806 3.56577e-17
-45.9191 -0.798317 3.28782e-17
-44.4118 -0.728544 3.00046e-17
-42.8648 -0.656827 2.7051e-17
-41.2849 -0.583509 2.40314e-17
-39.6909 -0.50933 2.09764e-17
-38.0837 -0.434485 1.7894e-17
-36.4662 -0.359239 1.4795e-17
-34.8517 -0.284193 1.17043e-17
-33.2453 -0.209682 8.6356e-18
-31.6566 -0.136163 5.60779e-18
-30.0919 -0.0639746 2.63475e-18
-28.5587 0.00649896 -2.67655e-19
-27.0632 0.074928 -3.08586e-18
-25.6119 0.140967 -5.80565e-18
-24.2107 0.204304 -8.41412e-18
-22.8644 0.264602 -1.08974e-17
-21.5775 0.321612 -1.32454e-17
-20.3526 0.375166 -1.54509e-17
-19.1979 0.424895 -1.7499e-17
-18.1198 0.470527 -1.93783e-17
-17.1207 0.511873 -2.10811e-17
-16.2059 0.548684 -2.25972e-17
-15.3781 0.580782 -2.39191e-17
-14.6414 0.607961 -2.50385e-17
-13.9981 0.630074 -2.59492e-17
-13.4511 0.646983 -2.66455e-17
-13.0017 0.658591 -2.71236e-17
-12.6518 0.664808 -2.73797e-17
-12.4033 0.665522 -2.74091e-17
-12.2593 0.660571 -2.72052e-17
-12.223 0.649777 -2.67606e-17
-12.2975 0.632973 -2.60686e-17
-12.4863 0.609975 -2.51214e-17
-12.794 0.58054 -2.39092e-17
-13.2254 0.544409 -2.24211e-17
-13.785 0.501346 -2.06476e-17
-14.4768 0.451133 -1.85796e-17
-15.3178 0.393144 -1.61914e-17
-16.3132 0.327126 -1.34725e-17
-17.4532 0.253332 -1.04333e-17
-18.7397 0.17164 -7.06888e-18
-20.1748 0.0819318 -3.37431e-18
-21.7594 -0.0158606 6.53208e-19
-23.4941 -0.121786 5.01569e-18
-25.3786 -0.235861 9.71377e-18
-27.4125 -0.358095 1.47479e-17
-29.595 -0.488472 2.01174e-17
-31.9245 -0.626947 2.58204e-17
-34.3988 -0.773442 3.18537e-17
-37.0151 -0.927849 3.82128e-17
-39.7697 -1.09003 4.48921e-17
-42.6588 -1.25982 5.18847e-17
-45.6758 -1.43691 5.91784e-17
-48.8093 -1.62078 6.67507e-17
-52.0454 -1.81074 7.45739e-17
-55.3701 -2.0061 8.26199e-17
-58.7676 -2.20609 9.08564e-17
-62.2186 -2.40974 9.92434e-17
-65.7017 -2.61597 1.07737e-16
-69.1966 -2.82376 1.16295e-16
-72.6817 -3.032 1.24871e-16
-76.1327 -3.23945 1.33415e-16
-79.5247 -3.4448 1.41872e-16
-82.8338 -3.64681 1.50192e-16
-86.0383 -3.84434 1.58327e-16
-89.1187 -4.03634 1.66234e-16
-92.0579 -4.22187 1.73875e-16
-94.8404 -4.40007 1.81214e-16
-97.454 -4.57024 1.88222e-16
-99.8918 -4.73194 1.94882e-16
-102.15 -4.88487 2.0118e-16
-104.227 -5.02884 2.07109e-16
-106.124 -5.16382 2.12669e-16
-107.85 -5.29017 2.17872e-16
-109.418 -5.4084 2.22741e-16
-110.842 -5.51908 2.273e-16
-112.136 -5.62283 2.31573e-16
-113.314 -5.72031 2.35587e-16
-114.393 -5.81219 2.39371e-16
-115.388 -5.89915 2.42953e-16
-116.313 -5.98183 2.46358e-16
-117.181 -6.06075 2.49608e-16
-118.003 -6.13637 2.52722e-16
-118.789 -6.20912 2.55719e-16
-119.546 -6.27931 2.58609e-16
-120.278 -6.34705 2.61399e-16
-120.986 -6.41236 2.64089e-16
-121.67 -6.47518 2.66676e-16
-122.328 -6.5354 2.69156e-16
-122.956 -6.59277 2.71519e-16
-123.548 -6.64699 2.73752e-16
-124.097 -6.6977 2.7584e-16
-124.595 -6.74449 2.77768e-16
-125.032 -6.78691 2.79514e-16
-125.398 -6.82442 2.81059e-16
-125.683 -6.85651 2.82381e-16
-125.874 -6.88264 2.83457e-16
-125.962 -6.90234 2.84268e-16
-125.936 -6.91514 2.84795e-16
-125.787 -6.92057 2.85019e-16
-125.507 -6.91824 2.84923e-16
-125.088 -6.90778 2.84492e-16
-124.523 -6.88892 2.83715e-16
-123.808 -6.86138 2.82581e-16
-122.936 -6.82494 2.81081e-16
-121.906 -6.77947 2.79208e-16
-120.714 -6.72485 2.76959e-16
-119.36 -6.66104 2.74331e-16
-117.842 -6.58798 2.71322e-16
-116.16 -6.50558 2.67928e-16
-114.311 -6.41372 2.64145e-16
-112.294 -6.31236 2.5997e-16
-110.11 -6.20147 2.55403e-16
-107.758 -6.08102 2.50443e-16
-105.241 -5.95101 2.45088e-16
-102.558 -5.81148 2.39342e-16
-99.7133 -5.66256 2.33209e-16
-96.7146 -5.50458 2.26702e-16
-93.5709 -5.33796 2.1984e-16
-90.2918 -5.16316 2.12641e-16
-86.8889 -4.98072 2.05128e-16
-83.3775 -4.79139 1.9733e-16
-79.7749 -4.59602 1.89284e-16
-76.0981 -4.39545 1.81024e-16
-72.3672 -4.19068 1.72591e-16
-68.6091 -3.98309 1.64041e-16
-64.8532 -3.77418 1.55437e-16
-61.1283 -3.56544 1.4684e-16
-57.4638 -3.35839 1.38313e-16
-53.8914 -3.15469 1.29924e-16
-50.4432 -2.95604 1.21743e-16
-47.1495 -2.76407 1.13836e-16
-44.0396 -2.58032 1.06269e-16
-41.1418 -2.40638 9.9105e-17
-38.4831 -2.24371 9.24058e-17
-36.0883 -2.09373 8.62287e-17
-33.9785 -1.95765 8.06243e-17
-32.1707 -1.83648 7.56343e-17
-30.6782 -1.73108 7.12935e-17
-29.5119 -1.64219 6.76325e-17
-28.6793 -1.57035 6.46739e-17
-28.1815 -1.51582 6.24282e-17
-28.0162 -1.47868 6.08984e-17
-28.1796 -1.45891 6.00841e-17
-28.664 -1.45631 5.9977e-17
-29.4554 -1.47035 6.05552e-17
-30.5365 -1.50031 6.17894e-17
-31.8894 -1.54547 6.36491e-17
-33.4953 -1.605 6.61007e-17
-35.333 -1.67796 6.91055e-17
-37.3805 -1.76336 7.26226e-17
-39.6168 -1.86022 7.6612e-17
-42.0212 -1.96759 8.1034e-17
-44.5736 -2.0845 8.58486e-17
-47.2543 -2.20998 9.10167e-17
-50.0455 -2.34317 9.65018e-17
-52.9314 -2.48324 1.0227e-16
-55.8984 -2.62949 1.08294e-16
-58.9352 -2.78132 1.14547e-16
-62.0323 -2.93816 1.21006e-16
-65.1822 -3.09959 1.27654e-16
-68.3807 -3.26527 1.34478e-16
-71.6255 -3.43501 1.41469e-16
-74.9157 -3.60864 1.48619e-16
-78.2515 -3.78605 1.55926e-16
-81.6344 -3.96718 1.63386e-16
-85.0669 -4.15204 1.70999e-16
-88.5518 -4.34063 1.78766e-16
-92.0905 -4.5329 1.86684e-16
-95.6823 -4.72865 1.94746e-16
-99.3245 -4.92764 2.02942e-16
-103.014 -5.1296 2.11259e-16
-106.745 -5.33407 2.1968e-16
-110.505 -5.54035 2.28176e-16
-114.279 -5.74753 2.36708e-16
-118.05 -5.95469 2.4524e-16
-121.799 -6.16078 2.53728e-16
-125.504 -6.36455 2.6212e-16
-129.138 -6.56461 2.70359e-16
-132.676 -6.75958 2.78389e-16
-136.088 -6.94805 2.86151e-16
-139.351 -7.12862 2.93587e-16
-142.437 -7.2999 3.00642e-16
-145.321 -7.46053 3.07257e-16
-147.978 -7.60928 3.13383e-16
-150.385 -7.74498 3.18972e-16
-152.527 -7.86665 3.23983e-16
-154.384 -7.97334 3.28377e-16
-155.942 -8.06424 3.3212e-16
-157.19 -8.13876 3.35189e-16
-158.119 -8.1964 3.37563e-16
-158.724 -8.23679 3.39227e-16
-159 -8.25973 3.40171e-16
-158.952 -8.26532 3.40402e-16
-158.587 -8.25387 3.3993e-16
-157.914 -8.22575 3.38772e-16
-156.944 -8.18143 3.36947e-16
-155.691 -8.12156 3.34481e-16
-154.17 -8.04684 3.31404e-16
-152.4 -7.95804 3.27746e-16
-150.397 -7.85594 3.23542e-16
-148.18 -7.74139 3.18824e-16
-145.767 -7.61524 3.13629e-16
-143.177 -7.47833 3.0799e-16
-140.426 -7.33141 3.01939e-16
-137.529 -7.17508 2.95501e-16
-134.494 -7.00979 2.88693e-16
-131.333 -6.83596 2.81535e-16
-128.054 -6.65397 2.74039e-16
-124.662 -6.46405 2.66217e-16
-121.162 -6.26636 2.58076e-16
-117.557 -6.06102 2.49619e-16
-113.848 -5.84811 2.40851e-16
-110.037 -5.62771 2.31773e-16
-106.124 -5.39985 2.22389e-16
-102.11 -5.16455 2.12699e-16
-97.9933 -4.92181 2.02701e-16
-93.7749 -4.67169 1.924e-16
-89.4531 -4.41432 1.81801e-16
-85.0276 -4.1497 1.70903e-16
-80.5002 -3.8779 1.59709e-16
-75.8715 -3.59912 1.48227e-16
-71.141 -3.31352 1.36465e-16
-66.3125 -3.02134 1.24432e-16
-61.3872 -2.72271 1.12133e-16
-56.3625 -2.41766 9.95697e-17
-51.236 -2.10617 8.67411e-17
-46.0045 -1.78823 7.36469e-17
-40.665 -1.4638 6.02856e-17
-35.2135 -1.13282 4.66546e-17
-29.6462 -0.795229 3.2751e-17
-23.9603 -0.450988 1.85737e-17
-18.1541 -0.100144 4.12435e-18
-12.2283 0.257163 -1.05911e-17
-6.18538 0.620706 -2.55634e-17
-0.163308 0.985908 -4.06039e-17
5.92064 1.35515 -5.5811e-17
12.1331 1.73044 -7.12671e-17
18.4179 2.10972 -8.68874e-17
24.7958 2.4934 -1.02689e-16
31.2319 2.88008 -1.18614e-16
37.7244 3.26935 -1.34646e-16
44.2439 3.6599 -1.5073e-16
50.777 4.0509 -1.66833e-16
57.2967 4.44107 -1.82903e-16
63.7821 4.82932 -1.98892e-16
70.2054 5.21427 -2.14746e-16
76.542 5.5947 -2.30414e-16
82.7641 5.96924 -2.45839e-16
88.8456 6.33659 -2.60968e-16
94.7588 6.6954 -2.75745e-16
100.478 7.04438 -2.90118e-16
105.976 7.38228 -3.04034e-16
111.233 7.708 -3.17449e-16
116.225 8.02051 -3.30319e-16
120.942 8.31908 -3.42616e-16
125.361 8.60266 -3.54295e-16
129.461 8.8704 -3.65321e-16
133.232 9.12174 -3.75673e-16
136.66 9.35606 -3.85323e-16
139.739 9.57296 -3.94256e-16
142.457 9.77197 -4.02452e-16
144.81 9.95285 -4.09901e-16
146.793 10.1153 -4.16594e-16
148.407 10.2595 -4.2253e-16
149.656 10.3855 -4.27721e-16
150.55 10.4939 -4.32185e-16
151.102 10.5853 -4.35947e-16
151.325 10.6603 -4.39036e-16
151.239 10.7199 -4.41493e-16
150.866 10.7653 -4.43363e-16
150.23 10.7977 -4.44694e-16
149.354 10.8181 -4.45535e-16
148.259 10.8276 -4.45929e-16
146.965 10.8274 -4.45918e-16
145.496 10.8182 -4.4554e-16
143.87 10.8012 -4.44839e-16
142.102 10.7772 -4.43851e-16
140.21 10.7469 -4.42604e-16
138.205 10.7111 -4.41131e-16
136.101 10.6705 -4.39458e-16
133.908 10.6256 -4.37609e-16
131.636 10.5769 -4.35602e-16
129.294 10.5249 -4.33459e-16
126.889 10.4699 -4.31195e-16
124.426 10.4122 -4.2882e-16
121.907 10.352 -4.26339e-16
119.336 10.2893 -4.23758e-16
116.714 10.2243 -4.21083e-16
114.045 10.1572 -4.18319e-16
111.33 10.0881 -4.1547e-16
108.574 10.017 -4.12544e-16
105.779 9.94419 -4.09545e-16
102.946 9.86965 -4.06475e-16
100.078 9.79341 -4.03335e-16
97.1751 9.71554 -4.00128e-16
94.2407 9.63609 -3.96856e-16
91.2756 9.55504 -3.93518e-16
88.281 9.47236 -3.90113e-16
85.2587 9.38807 -3.86642e-16
82.2113 9.30218 -3.83104e-16
79.1405 9.21467 -3.795e-16
76.0484 9.12552 -3.75828e-16
72.9381 9.03475 -3.7209e-16
69.8128 8.94238 -3.68286e-16
66.677 8.84854 -3.64421e-16
63.5795 8.75383 -3.60521e-16
60.5445 8.65846 -3.56593e-16
57.5321 8.56219 -3.52628e-16
54.539 8.46543 -3.48643e-16
51.6241 8.36873 -3.44661e-16
48.7914 8.27262 -3.40702e-16
46.01 8.17776 -3.36796e-16
43.3129 8.08536 -3.3299e-16
40.7288 7.99667 -3.29338e-16
38.2786 7.91274 -3.25881e-16
35.9875 7.83469 -3.22666e-16
33.878 7.76363 -3.1974e-16
31.974 7.70069 -3.17148e-16
30.2886 7.64671 -3.14924e-16
28.968 7.60468 -3.13194e-16
28.0143 7.575 -3.11971e-16
27.3054 7.5562 -3.11197e-16
26.8748 7.54968 -3.10928e-16
26.7247 7.55572 -3.11177e-16
26.8648 7.57486 -3.11966e-16
27.2973 7.60735 -3.13304e-16
28.0226 7.65333 -3.15197e-16
29.0385 7.71285 -3.17648e-16
30.3454 7.78604 -3.20663e-16
31.9378 7.8728 -3.24236e-16
33.8074 7.9729 -3.28359e-16
35.9451 8.08606 -3.33019e-16
38.3403 8.21196 -3.38204e-16
40.9855 8.35013 -3.43895e-16
43.8723 8.50014 -3.50072e-16
47.0013 8.66181 -3.56731e-16
50.364 8.83471 -3.63851e-16
53.9432 9.01819 -3.71408e-16
57.726 9.21172 -3.79379e-16
61.6568 9.41291 -3.87665e-16
65.6787 9.61707 -7.00355e-16
69.8305 9.82702 -7.09165e-16
74.131 10.0448 -7.18306e-16
78.5678 10.2698 -7.2775e-16
83.1345 10.5018 -7.37487e-16
87.7566 10.7306 -3.06399e-16
92.435 10.9588 -7.1117e-16
97.2109 11.1927 -5.90481e-16
102.08 11.4309 -3.75062e-16
107.033 11.6732 -2.79253e-16
112.071 11.92 -1.0544e-15
117.188 12.1709 -7.82743e-16
122.288 12.4118 -2.5309e-16
127.395 12.6493 -4.505e-16
132.539 12.8871 8.0581e-15
137.732 13.1268 -6.68662e-16
142.575 13.357 -7.70692e-16
146.848 13.5709 9.67925e-13
150.98 13.781 -6.0015e-16
155.133 13.9865 -1.29583e-15
159.213 14.1777 -4.45925e-16
163.294 14.369 -4.54595e-16
167.274 14.5498 -7.25458e-16
171.303 14.7312 1.20385e-13
175.33 14.91 -2.04467e-14
179.349 15.0873 4.32857e-15
183.358 15.2633 -9.4696e-16
187.257 15.4293 -1.12458e-15
190.953 15.5703 -1.2586e-14
194.604 15.6982 5.138e-15
198.193 15.8238 -1.17762e-15
201.731 15.9468 -4.98604e-12
205.208 16.0669 1.18703e-14
208.613 16.1838 -6.46413e-15
211.936 16.2975 -7.35e-15
215.169 16.4073 -7.92e-15
218.302 16.5129 -1.84758e-12
221.324 16.6141 1.49803e-14
224.23 16.7103 -8.03297e-15
226.898 16.7933 -5.22177e-15
229.406 16.8664 -7.808