-1.32764e-05 6.67483e-08 -2.74899e-24
-2.65526e-05 1.33507e-07 -5.49842e-24
-3.98287e-05 2.00277e-07 -8.24829e-24
-5.31046e-05 2.67058e-07 -1.09986e-23
-6.63804e-05 3.33849e-07 -1.37494e-23
-7.96561e-05 4.00651e-07 -1.65006e-23
-9.29316e-05 4.67464e-07 -1.92522e-23
-0.000106207 5.34288e-07 -2.20043e-23
-0.000119482 6.01122e-07 -2.47568e-23
-0.000132757 6.67967e-07 -2.75098e-23
-0.000132755 6.68253e-07 -2.75216e-23
-0.000132747 6.69402e-07 -2.75689e-23
-0.00013273 6.71692e-07 -2.76632e-23
-0.000132705 6.75085e-07 -2.78029e-23
-0.000132674 6.79376e-07 -2.79797e-23
-0.00013264 6.84036e-07 -2.81716e-23
-0.000132608 6.88368e-07 -2.835e-23
-0.000132584 6.91683e-07 -2.84865e-23
-0.000132573 6.93257e-07 -2.85513e-23
-0.000132581 6.92289e-07 -2.85115e-23
-0.000132614 6.87952e-07 -2.83329e-23
-0.000132678 6.7945e-07 -2.79827e-23
-0.000132777 6.66149e-07 -2.74349e-23
-0.000132914 6.47717e-07 -2.66758e-23
-0.000133089 6.23998e-07 -2.56989e-23
-0.000133303 5.94871e-07 -2.44994e-23
-0.000133555 5.60605e-07 -2.30881e-23
-0.000133835 5.22214e-07 -2.1507e-23
-0.000134135 4.81106e-07 -1.9814e-23
-0.000134442 4.3869e-07 -1.80672e-23
-0.000134745 3.96492e-07 -1.63293e-23
-0.000135031 3.56266e-07 -1.46726e-23
-0.000135287 3.19859e-07 -1.31732e-23
-0.000135498 2.8907e-07 -1.19051e-23
-0.000135655 2.65385e-07 -1.09297e-23
-0.000135749 2.49719e-07 -1.02845e-23
-0.000135777 2.4265e-07 -9.9934e-24
-0.000135735 2.44679e-07 -1.00769e-23
-0.000135623 2.56081e-07 -1.05465e-23
-0.00013544 2.76766e-07 -1.13984e-23
-0.000135189 3.06419e-07 -1.26197e-23
-0.000134875 3.44657e-07 -1.41945e-23
-0.000134501 3.91001e-07 -1.61031e-23
-0.000134072 4.44852e-07 -1.83209e-23
-0.000133594 5.05529e-07 -2.08199e-23
-0.000133074 5.72318e-07 -2.35705e-23
-0.000132516 6.44543e-07 -2.65451e-23
-0.000131927 7.21644e-07 -2.97204e-23
-0.00013131 8.03121e-07 -3.3076e-23
-0.00013067 8.88471e-07 -3.65911e-23
-0.000130011 9.77261e-07 -4.02478e-23
-0.000129335 1.06919e-06 -4.40341e-23
-0.000128645 1.16406e-06 -4.7941e-23
-0.000127944 1.26166e-06 -5.19608e-23
-0.000127234 1.36147e-06 -5.60712e-23
-0.000126527 1.46221e-06 -6.022e-23
-0.000125834 1.56226e-06 -6.43408e-23
-0.000125166 1.66008e-06 -6.83695e-23
-0.000124537 1.75415e-06 -7.22433e-23
-0.000123955 1.84292e-06 -7.58994e-23
-0.000123434 1.92492e-06 -7.92766e-23
-0.000122981 1.99877e-06 -8.2318e-23
-0.000122606 2.06323e-06 -8.49729e-23
-0.000122317 2.11728e-06 -8.71988e-23
-0.000122118 2.16004e-06 -8.89596e-23
-0.000122015 2.19074e-06 -9.02241e-23
-0.000122009 2.20898e-06 -9.09752e-23
-0.000122098 2.21491e-06 -9.12194e-23
-0.000122278 2.20903e-06 -9.09776e-23
-0.000122543 2.19195e-06 -9.02741e-23
-0.000122883 2.16477e-06 -8.91546e-23
-0.000123282 2.12959e-06 -8.77057e-23
-0.000123718 2.08901e-06 -8.60346e-23
-0.000124172 2.04565e-06 -8.42486e-23
-0.000124625 2.00188e-06 -8.24459e-23
-0.000125061 1.95966e-06 -8.07071e-23
-0.000125467 1.92068e-06 -7.91019e-23
-0.00012583 1.88655e-06 -7.76961e-23
-0.00012614 1.8586e-06 -7.65452e-23
-0.000126389 1.83774e-06 -7.56859e-23
-0.000126574 1.82456e-06 -7.51431e-23
-0.00012669 1.81955e-06 -7.49368e-23
-0.000126738 1.82265e-06 -7.50646e-23
-0.000126726 1.8328e-06 -7.54826e-23
-0.000126666 1.84839e-06 -7.61245e-23
-0.000126573 1.86772e-06 -7.69207e-23
-0.000126457 1.88919e-06 -7.78051e-23
-0.000126331 1.91145e-06 -7.87217e-23
-0.000126203 1.93325e-06 -7.96197e-23
-0.000126085 1.95336e-06 -8.04479e-23
-0.000125983 1.97081e-06 -8.11663e-23
-0.000125902 1.98517e-06 -8.17579e-23
-0.000125844 1.99635e-06 -8.22182e-23
-0.000125809 2.00426e-06 -8.25441e-23
-0.000125796 2.00915e-06 -8.27457e-23
-0.000125801 2.0119e-06 -8.28587e-23
-0.000125813 2.01371e-06 -8.29332e-23
-0.000125824 2.01581e-06 -8.30196e-23
-0.000125828 2.01911e-06 -8.31559e-23
-0.000125824 2.0239e-06 -8.33528e-23
-0.000125811 2.03009e-06 -8.36078e-23
-0.00012579 2.03764e-06 -8.39187e-23
-0.000125762 2.04648e-06 -8.4283e-23
-0.000125727 2.05652e-06 -8.46966e-23
-0.000125686 2.06766e-06 -8.51552e-23
-0.000125639 2.07979e-06 -8.56549e-23
-0.000125587 2.093e-06 -8.6199e-23
-0.000125524 2.10772e-06 -8.68052e-23
-0.000125447 2.12456e-06 -8.74984e-23
-0.000125351 2.1441e-06 -8.83031e-23
-0.000125232 2.16683e-06 -8.92395e-23
-0.000125088 2.19303e-06 -9.03187e-23
-0.000124916 2.22285e-06 -9.15467e-23
-0.000124717 2.25641e-06 -9.29286e-23
-0.000124494 2.29319e-06 -9.44436e-23
-0.000124259 2.33147e-06 -9.60199e-23
-0.00012403 2.36885e-06 -9.75596e-23
-0.000123824 2.40297e-06 -9.89649e-23
-0.000123659 2.43149e-06 -1.00139e-22
-0.000123551 2.4521e-06 -1.00988e-22
-0.000123516 2.46256e-06 -1.01419e-22
-0.000123571 2.4607e-06 -1.01342e-22
-0.000123725 2.44511e-06 -1.007e-22
-0.000123979 2.41586e-06 -9.94957e-23
-0.000124324 2.37385e-06 -9.77656e-23
-0.000124754 2.32004e-06 -9.55492e-23
-0.000125258 2.2558e-06 -9.29037e-23
-0.00012582 2.18336e-06 -8.99202e-23
-0.000126419 2.10535e-06 -8.67072e-23
-0.000127035 2.0244e-06 -8.33735e-23
-0.000127651 1.94293e-06 -8.00184e-23
-0.000128253 1.86291e-06 -7.67226e-23
-0.000128826 1.78602e-06 -7.35559e-23
-0.00012936 1.7139e-06 -7.0586e-23
-0.000129845 1.64785e-06 -6.78655e-23
-0.000130276 1.58846e-06 -6.54196e-23
-0.000130653 1.53597e-06 -6.32581e-23
-0.000130974 1.49056e-06 -6.13877e-23
-0.000131239 1.45231e-06 -5.98126e-23
-0.00013145 1.42124e-06 -5.8533e-23
-0.000131606 1.3973e-06 -5.75468e-23
-0.000131709 1.38038e-06 -5.68499e-23
-0.000131762 1.37022e-06 -5.64317e-23
-0.00013177 1.3663e-06 -5.62702e-23
-0.000131738 1.36793e-06 -5.63373e-23
-0.000131672 1.37442e-06 -5.66047e-23
-0.000131576 1.38518e-06 -5.70476e-23
-0.000131455 1.39979e-06 -5.76494e-23
-0.000131312 1.41796e-06 -5.83978e-23
-0.000131147 1.43942e-06 -5.92816e-23
-0.000130966 1.46377e-06 -6.02845e-23
-0.000130771 1.49036e-06 -6.13797e-23
-0.000130571 1.51843e-06 -6.25355e-23
-0.000130368 1.54725e-06 -6.37223e-23
-0.000130168 1.57627e-06 -6.49176e-23
-0.000129971 1.60531e-06 -6.61135e-23
-0.000129778 1.63435e-06 -6.73096e-23
-0.000129587 1.66343e-06 -6.85073e-23
-0.000129395 1.69278e-06 -6.97162e-23
-0.000129199 1.72301e-06 -7.09612e-23
-0.000128991 1.75492e-06 -7.2275e-23
-0.000128764 1.78929e-06 -7.36905e-23
-0.000128513 1.8269e-06 -7.52397e-23
-0.000128231 1.8685e-06 -7.69529e-23
-0.000127911 1.91478e-06 -7.88589e-23
-0.000127549 1.96638e-06 -8.09842e-23
-0.000127143 2.02359e-06 -8.33403e-23
-0.000126694 2.08596e-06 -8.59088e-23
-0.000126208 2.15264e-06 -8.86552e-23
-0.000125693 2.22275e-06 -9.15427e-23
-0.000125156 2.29515e-06 -9.45241e-23
-0.000124608 2.36824e-06 -9.75343e-23
-0.000124063 2.4402e-06 -1.00498e-22
-0.000123536 2.50919e-06 -1.0334e-22
-0.000123036 2.57365e-06 -1.05994e-22
-0.000122573 2.63259e-06 -1.08421e-22
-0.000122151 2.68533e-06 -1.10593e-22
-0.000121775 2.73121e-06 -1.12483e-22
-0.000121448 2.76986e-06 -1.14075e-22
-0.000121171 2.80139e-06 -1.15373e-22
-0.000120939 2.82622e-06 -1.16396e-22
-0.000120751 2.8448e-06 -1.17161e-22
-0.000120603 2.85758e-06 -1.17688e-22
-0.000120491 2.8651e-06 -1.17997e-22
-0.000120412 2.86793e-06 -1.18114e-22
-0.000120363 2.86665e-06 -1.18061e-22
-0.00012034 2.86159e-06 -1.17853e-22
-0.000120347 2.85251e-06 -1.17479e-22
-0.000120386 2.83894e-06 -1.1692e-22
-0.000120463 2.8204e-06 -1.16156e-22
-0.000120578 2.79668e-06 -1.15179e-22
-0.000120731 2.76802e-06 -1.13999e-22
-0.000120918 2.7349e-06 -1.12635e-22
-0.000121136 2.69785e-06 -1.11109e-22
-0.00012138 2.65747e-06 -1.09446e-22
-0.000121646 2.61436e-06 -1.07671e-22
-0.000121929 2.56923e-06 -1.05812e-22
-0.000122224 2.52276e-06 -1.03898e-22
-0.000122525 2.4757e-06 -1.0196e-22
-0.000122826 2.42881e-06 -1.00029e-22
-0.000123122 2.38291e-06 -9.81386e-23
-0.000123406 2.3388e-06 -9.63219e-23
-0.000123674 2.2971e-06 -9.46047e-23
-0.000123923 2.2581e-06 -9.29984e-23
-0.000124153 2.22187e-06 -9.15061e-23
-0.000124362 2.18847e-06 -9.01308e-23
-0.000124551 2.15788e-06 -8.88708e-23
-0.000124721 2.12983e-06 -8.77155e-23
-0.000124876 2.10395e-06 -8.66498e-23
-0.000125017 2.07987e-06 -8.56581e-23
-0.000125147 2.05705e-06 -8.47181e-23
-0.000125274 2.03464e-06 -8.37955e-23
-0.000125405 2.01167e-06 -8.28491e-23
-0.000125545 1.98712e-06 -8.18383e-23
-0.000125702 1.96003e-06 -8.07227e-23
-0.000125883 1.92943e-06 -7.94621e-23
-0.000126095 1.89435e-06 -7.80176e-23
-0.000126344 1.85388e-06 -7.63508e-23
-0.000126633 1.80768e-06 -7.44479e-23
-0.000126954 1.75659e-06 -7.23438e-23
-0.000127296 1.70207e-06 -7.00985e-23
-0.00012765 1.64557e-06 -6.77717e-23
-0.000128002 1.58873e-06 -6.54307e-23
-0.000128337 1.53357e-06 -6.31593e-23
-0.000128639 1.48231e-06 -6.10478e-23
-0.000128893 1.43705e-06 -5.91838e-23
-0.000129087 1.39932e-06 -5.76301e-23
-0.000129218 1.36949e-06 -5.64014e-23
-0.00012929 1.34727e-06 -5.54864e-23
-0.000129305 1.33231e-06 -5.48702e-23
-0.000129269 1.3239e-06 -5.4524e-23
-0.000129193 1.32073e-06 -5.43935e-23
-0.00012909 1.32115e-06 -5.44107e-23
-0.000128973 1.32348e-06 -5.45066e-23
-0.000128854 1.32615e-06 -5.46165e-23
-0.000128745 1.32782e-06 -5.46853e-23
-0.000128655 1.32729e-06 -5.46637e-23
-0.000128593 1.32342e-06 -5.4504e-23
-0.000128566 1.31536e-06 -5.41721e-23
-0.000128577 1.30292e-06 -5.366e-23
-0.000128625 1.28628e-06 -5.29747e-23
-0.000128709 1.26567e-06 -5.21256e-23
-0.000128827 1.24136e-06 -5.11244e-23
-0.000128976 1.21369e-06 -4.9985e-23
-0.000129155 1.18305e-06 -4.87231e-23
-0.00012936 1.14988e-06 -4.73572e-23
-0.000129587 1.11461e-06 -4.59043e-23
-0.000129836 1.07749e-06 -4.43758e-23
-0.000130104 1.03877e-06 -4.27812e-23
-0.000130388 9.98734e-07 -4.11322e-23
-0.000130684 9.58013e-07 -3.94551e-23
-0.000130982 9.17924e-07 -3.78041e-23
-0.000131268 8.80133e-07 -3.62477e-23
-0.00013153 8.46313e-07 -3.48548e-23
-0.000131756 8.18079e-07 -3.3692e-23
-0.000131933 7.96934e-07 -3.28212e-23
-0.000132052 7.84293e-07 -3.23006e-23
-0.0001321 7.81523e-07 -3.21865e-23
-0.000132073 7.89503e-07 -3.25152e-23
-0.000131969 8.0818e-07 -3.32844e-23
-0.000131792 8.36986e-07 -3.44707e-23
-0.000131548 8.75291e-07 -3.60483e-23
-0.000131245 9.2174e-07 -3.79613e-23
-0.000130905 9.73561e-07 -4.00954e-23
-0.000130553 1.02725e-06 -4.23066e-23
-0.000130214 1.07932e-06 -4.44511e-23
-0.000129912 1.12651e-06 -4.63945e-23
-0.000129669 1.166e-06 -4.80211e-23
-0.000129503 1.19527e-06 -4.92264e-23
-0.000129431 1.21187e-06 -4.991e-23
-0.000129467 1.21386e-06 -4.99919e-23
-0.000129618 1.20024e-06 -4.94309e-23
-0.000129887 1.17053e-06 -4.82075e-23
-0.000130275 1.12439e-06 -4.63072e-23
-0.000130779 1.06228e-06 -4.37492e-23
-0.000131382 9.86235e-07 -4.06174e-23
-0.000132062 8.99124e-07 -3.70298e-23
-0.000132796 8.03847e-07 -3.31059e-23
-0.000133562 7.03469e-07 -2.89719e-23
-0.000134332 6.0135e-07 -2.47662e-23
-0.000135081 5.00958e-07 -2.06316e-23
-0.000135783 4.05686e-07 -1.67079e-23
-0.000136414 3.1856e-07 -1.31197e-23
-0.000136957 2.41951e-07 -9.96458e-24
-0.000137397 1.77813e-07 -7.32311e-24
-0.000137721 1.27941e-07 -5.26917e-24
-0.00013792 9.36365e-08 -3.85636e-24
-0.00013799 7.5364e-08 -3.10382e-24
-0.000137933 7.30755e-08 -3.00956e-24
-0.000137751 8.65601e-08 -3.56492e-24
-0.000137449 1.15263e-07 -4.74702e-24
-0.000137036 1.58091e-07 -6.51089e-24
-0.000136525 2.13629e-07 -8.79816e-24
-0.000135928 2.80356e-07 -1.15463e-23
-0.000135258 3.56863e-07 -1.46972e-23
-0.000134523 4.42058e-07 -1.82058e-23
-0.000133732 5.35001e-07 -2.20336e-23
-0.000132895 6.34724e-07 -2.61407e-23
-0.000132022 7.3999e-07 -3.0476e-23
-0.000131128 8.49037e-07 -3.4967e-23
-0.000130228 9.59861e-07 -3.95313e-23
-0.000129338 1.07051e-06 -4.40882e-23
-0.000128474 1.17924e-06 -4.85661e-23
-0.000127644 1.28467e-06 -5.29084e-23
-0.00012686 1.38569e-06 -5.70687e-23
-0.000126129 1.48126e-06 -6.10049e-23
-0.000125455 1.57087e-06 -6.46953e-23
-0.000124835 1.65485e-06 -6.81541e-23
-0.000124265 1.73406e-06 -7.14161e-23
-0.000123736 1.80944e-06 -7.45204e-23
-0.000123241 1.88199e-06 -7.75087e-23
-0.000122771 1.95278e-06 -8.04239e-23
-0.000122319 2.02287e-06 -8.33106e-23
-0.000121874 2.0934e-06 -8.62154e-23
-0.000121431 2.16513e-06 -8.91694e-23
-0.00012099 2.238e-06 -9.21703e-23
-0.000120552 2.31153e-06 -9.51988e-23
-0.000120122 2.38528e-06 -9.82363e-23
-0.000119705 2.45807e-06 -1.01234e-22
-0.000119322 2.52718e-06 -1.0408e-22
-0.000118998 2.58914e-06 -1.06632e-22
-0.000118756 2.64055e-06 -1.08749e-22
-0.000118617 2.67861e-06 -1.10317e-22
-0.000118591 2.70164e-06 -1.11265e-22
-0.000118686 2.70862e-06 -1.11553e-22
-0.000118907 2.69861e-06 -1.1114e-22
-0.000119255 2.67148e-06 -1.10023e-22
-0.000119717 2.62861e-06 -1.08258e-22
-0.000120277 2.57218e-06 -1.05934e-22
-0.000120918 2.50441e-06 -1.03142e-22
-0.00012162 2.42776e-06 -9.99855e-23
-0.000122361 2.34507e-06 -9.65803e-23
-0.000123118 2.25941e-06 -9.30525e-23
-0.000123867 2.17377e-06 -8.95254e-23
-0.00012459 2.0907e-06 -8.61039e-23
-0.000125274 2.01186e-06 -8.28571e-23
-0.00012591 1.93844e-06 -7.98335e-23
-0.00012649 1.87152e-06 -7.70774e-23
-0.00012701 1.81152e-06 -7.4606e-23
-0.000127477 1.75761e-06 -7.23859e-23
-0.000127903 1.70832e-06 -7.03559e-23
-0.000128299 1.66209e-06 -6.84521e-23
-0.000128679 1.61711e-06 -6.65995e-23
-0.00012906 1.57105e-06 -6.47028e-23
-0.000129463 1.52137e-06 -6.26566e-23
-0.000129906 1.46552e-06 -6.03566e-23
-0.000130407 1.40129e-06 -5.77111e-23
-0.000130977 1.32701e-06 -5.46522e-23
-0.000131626 1.2414e-06 -5.11262e-23
-0.000132363 1.14324e-06 -4.70835e-23
-0.000133194 1.03185e-06 -4.24959e-23
-0.000134115 9.07517e-07 -3.73755e-23
-0.00013512 7.71089e-07 -3.17568e-23
-0.000136201 6.23485e-07 -2.56778e-23
-0.000137349 4.65792e-07 -1.91833e-23
-0.000138554 2.99344e-07 -1.23283e-23
-0.000139804 1.25614e-07 -5.17331e-24
-0.000141086 -5.39013e-08 2.21989e-24
-0.00014239 -2.37962e-07 9.8003e-24
-0.00014371 -4.25881e-07 1.75396e-23
-0.000145041 -6.17277e-07 2.54221e-23
-0.00014638 -8.11796e-07 3.34333e-23
-0.000147722 -1.00887e-06 4.15498e-23
-0.000149057 -1.2075e-06 4.97301e-23
-0.000150377 -1.40649e-06 5.79252e-23
-0.000151671 -1.60471e-06 6.60888e-23
-0.000152929 -1.80072e-06 7.41615e-23
-0.000154134 -1.99235e-06 8.20538e-23
-0.000155268 -2.17712e-06 8.96632e-23
-0.000156313 -2.35268e-06 9.68935e-23
-0.000157253 -2.51688e-06 1.03656e-22
-0.000158074 -2.66776e-06 1.0987e-22
-0.000158765 -2.80358e-06 1.15464e-22
-0.000159315 -2.9228e-06 1.20374e-22
-0.000159717 -3.02444e-06 1.2456e-22
-0.000159989 -3.10966e-06 1.28069e-22
-0.000160138 -3.1793e-06 1.30937e-22
-0.000160155 -3.23256e-06 1.33131e-22
-0.000160048 -3.27029e-06 1.34685e-22
-0.000159831 -3.29405e-06 1.35663e-22
-0.000159518 -3.30547e-06 1.36134e-22
-0.000159126 -3.3064e-06 1.36172e-22
-0.000158674 -3.29897e-06 1.35866e-22
-0.000158185 -3.28611e-06 1.35336e-22
-0.000157686 -3.27102e-06 1.34715e-22
-0.000157203 -3.25689e-06 1.34133e-22
-0.000156758 -3.24624e-06 1.33694e-22
-0.000156361 -3.24041e-06 1.33454e-22
-0.000156021 -3.24004e-06 1.33439e-22
-0.000155742 -3.24561e-06 1.33668e-22
-0.000155523 -3.25687e-06 1.34132e-22
-0.000155354 -3.27221e-06 1.34764e-22
-0.000155219 -3.28929e-06 1.35467e-22
-0.000155098 -3.30562e-06 1.3614e-22
-0.000154973 -3.31836e-06 1.36665e-22
-0.000154817 -3.32417e-06 1.36904e-22
-0.000154604 -3.31939e-06 1.36707e-22
-0.000154306 -3.30033e-06 1.35922e-22
-0.000153904 -3.26441e-06 1.34442e-22
-0.000153395 -3.21133e-06 1.32256e-22
-0.000152785 -3.14197e-06 1.294e-22
-0.00015208 -3.05721e-06 1.25909e-22
-0.000151287 -2.9581e-06 1.21827e-22
-0.000150416 -2.84605e-06 1.17213e-22
-0.000149478 -2.72264e-06 1.1213e-22
-0.000148484 -2.58943e-06 1.06644e-22
-0.00014744 -2.44748e-06 1.00798e-22
-0.000146347 -2.29681e-06 9.45924e-23
-0.000145198 -2.13686e-06 8.80053e-23
-0.00014399 -1.96727e-06 8.10205e-23
-0.000142716 -1.787e-06 7.35963e-23
-0.000141358 -1.59383e-06 6.56407e-23
-0.000139895 -1.38501e-06 5.70405e-23
-0.000138307 -1.15785e-06 4.76851e-23
-0.00013658 -9.10599e-07 3.75024e-23
-0.000134713 -6.43225e-07 2.64908e-23
-0.000132714 -3.56664e-07 1.4689e-23
-0.00013059 -5.19529e-08 2.13965e-24
-0.000128391 2.66091e-07 -1.09588e-23
-0.000126115 5.96398e-07 -2.45622e-23
-0.000123772 9.36911e-07 -3.8586e-23
-0.000121403 1.2827e-06 -5.28269e-23
-0.000119026 1.63092e-06 -6.71683e-23
-0.00011667 1.97782e-06 -8.14552e-23
-0.000114355 2.32077e-06 -9.55793e-23
-0.000112107 2.6566e-06 -1.0941e-22
-0.00010994 2.98299e-06 -1.22852e-22
-0.000107868 3.29828e-06 -1.35838e-22
-0.000105898 3.60144e-06 -1.48323e-22
-0.000104037 3.8916e-06 -1.60273e-22
-0.000102289 4.1681e-06 -1.71661e-22
-0.000100654 4.43089e-06 -1.82483e-22
-9.91292e-05 4.68039e-06 -1.92759e-22
-9.77102e-05 4.91704e-06 -2.02505e-22
-9.63943e-05 5.14109e-06 -2.11732e-22
-9.51842e-05 5.35205e-06 -2.20421e-22
-9.40848e-05 5.54914e-06 -2.28538e-22
-9.30994e-05 5.73176e-06 -2.36059e-22
-9.22288e-05 5.89959e-06 -2.4297e-22
-9.14725e-05 6.05256e-06 -2.49271e-22
-9.08273e-05 6.19092e-06 -2.54969e-22
-9.02899e-05 6.31492e-06 -2.60076e-22
-8.98574e-05 6.4248e-06 -2.64601e-22
-8.95279e-05 6.52059e-06 -2.68546e-22
-8.93005e-05 6.60227e-06 -2.7191e-22
-8.91739e-05 6.66983e-06 -2.74692e-22
-8.91418e-05 6.72395e-06 -2.76922e-22
-8.91877e-05 6.76674e-06 -2.78684e-22
-8.92901e-05 6.80096e-06 -2.80093e-22
-8.94281e-05 6.82934e-06 -2.81262e-22
-8.95816e-05 6.85448e-06 -2.82297e-22
-8.97321e-05 6.87883e-06 -2.833e-22
-8.98626e-05 6.90467e-06 -2.84364e-22
-8.99571e-05 6.93414e-06 -2.85578e-22
-9.00037e-05 6.96889e-06 -2.87009e-22
-8.99974e-05 7.00966e-06 -2.88688e-22
-8.99364e-05 7.05659e-06 -2.90621e-22
-8.98205e-05 7.10984e-06 -2.92814e-22
-8.96579e-05 7.16864e-06 -2.95235e-22
-8.94664e-05 7.23073e-06 -2.97793e-22
-8.92699e-05 7.29309e-06 -3.00361e-22
-8.90929e-05 7.3526e-06 -3.02812e-22
-8.89593e-05 7.40625e-06 -3.05021e-22
-8.88927e-05 7.45107e-06 -3.06867e-22
-8.89153e-05 7.48426e-06 -3.08234e-22
-8.9049e-05 7.50307e-06 -3.09009e-22
-8.9309e-05 7.50561e-06 -3.09113e-22
-8.96988e-05 7.49158e-06 -3.08536e-22
-9.02145e-05 7.46165e-06 -3.07303e-22
-9.08515e-05 7.41656e-06 -3.05446e-22
-9.1601e-05 7.35757e-06 -3.03017e-22
-9.24487e-05 7.28669e-06 -3.00098e-22
-9.33764e-05 7.20644e-06 -2.96792e-22
-9.43651e-05 7.11939e-06 -2.93207e-22
-9.53978e-05 7.02779e-06 -2.89435e-22
-9.64652e-05 6.93291e-06 -2.85527e-22
-9.75609e-05 6.8356e-06 -2.8152e-22
-9.86775e-05 6.73678e-06 -2.7745e-22
-9.98113e-05 6.63691e-06 -2.73337e-22
-0.000100965 6.53545e-06 -2.69158e-22
-0.000102147 6.43139e-06 -2.64873e-22
-0.000103361 6.32379e-06 -2.60441e-22
-0.000104615 6.2118e-06 -2.55829e-22
-0.000105911 6.09477e-06 -2.51009e-22
-0.000107252 5.97219e-06 -2.45961e-22
-0.000108641 5.8436e-06 -2.40665e-22
-0.000110077 5.70898e-06 -2.3512e-22
-0.000111553 5.56906e-06 -2.29358e-22
-0.000113059 5.42501e-06 -2.23426e-22
-0.000114585 5.27803e-06 -2.17372e-22
-0.00011612 5.12934e-06 -2.11248e-22
-0.000117654 4.98019e-06 -2.05106e-22
-0.000119176 4.83185e-06 -1.98996e-22
-0.000120677 4.68555e-06 -1.92971e-22
-0.000122146 4.54239e-06 -1.87075e-22
-0.000123576 4.40324e-06 -1.81344e-22
-0.00012496 4.26876e-06 -1.75806e-22
-0.000126295 4.13959e-06 -1.70486e-22
-0.000127574 4.01624e-06 -1.65406e-22
-0.000128795 3.89904e-06 -1.60579e-22
-0.000129955 3.78819e-06 -1.56014e-22
-0.000131053 3.68383e-06 -1.51716e-22
-0.000132086 3.58616e-06 -1.47694e-22
-0.000133052 3.49563e-06 -1.43965e-22
-0.000133946 3.41275e-06 -1.40552e-22
-0.000134764 3.33799e-06 -1.37473e-22
-0.000135501 3.27212e-06 -1.3476e-22
-0.000136144 3.21673e-06 -1.32479e-22
-0.00013668 3.17374e-06 -1.30708e-22
-0.000137095 3.14498e-06 -1.29524e-22
-0.000137376 3.13221e-06 -1.28998e-22
-0.00013751 3.13723e-06 -1.29205e-22
-0.000137485 3.16176e-06 -1.30215e-22
-0.000137289 3.2074e-06 -1.32094e-22
-0.000136919 3.27482e-06 -1.34871e-22
-0.00013638 3.36305e-06 -1.38505e-22
-0.000135689 3.4702e-06 -1.42918e-22
-0.000134861 3.59425e-06 -1.48027e-22
-0.000133918 3.73208e-06 -1.53703e-22
-0.000132902 3.87835e-06 -1.59727e-22
-0.000131861 4.02662e-06 -1.65834e-22
-0.00013084 4.1705e-06 -1.71759e-22
-0.000129889 4.3036e-06 -1.77241e-22
-0.000129054 4.41945e-06 -1.82012e-22
-0.000128382 4.51169e-06 -1.85811e-22
-0.000127918 4.57417e-06 -1.88384e-22
-0.000127697 4.60188e-06 -1.89526e-22
-0.00012774 4.59189e-06 -1.89114e-22
-0.000128056 4.54244e-06 -1.87078e-22
-0.000128656 4.45211e-06 -1.83357e-22
-0.000129539 4.32029e-06 -1.77928e-22
-0.000130698 4.14787e-06 -1.70827e-22
-0.000132116 3.93658e-06 -1.62126e-22
-0.000133775 3.68833e-06 -1.51902e-22
-0.000135651 3.4059e-06 -1.4027e-22
-0.000137709 3.09359e-06 -1.27407e-22
-0.000139909 2.75652e-06 -1.13525e-22
-0.000142208 2.39978e-06 -9.88332e-23
-0.000144568 2.02835e-06 -8.35364e-23
-0.000146949 1.64707e-06 -6.78335e-23
-0.000149316 1.26054e-06 -5.19143e-23
-0.000151634 8.7314e-07 -3.59597e-23
-0.00015387 4.89142e-07 -2.0145e-23
-0.000155992 1.12786e-07 -4.64501e-24
-0.000157969 -2.51877e-07 1.03734e-23
-0.000159776 -6.0116e-07 2.47584e-23
-0.000161393 -9.32492e-07 3.84041e-23
-0.000162817 -1.24519e-06 5.12823e-23
-0.000164054 -1.53972e-06 6.34123e-23
-0.000165112 -1.8169e-06 7.48278e-23
-0.000166001 -2.07763e-06 8.5566e-23
-0.000166732 -2.32286e-06 9.56653e-23
-0.000167314 -2.55323e-06 1.05153e-22
-0.000167756 -2.76953e-06 1.14061e-22
-0.000168072 -2.97301e-06 1.22441e-22
-0.000168277 -3.16492e-06 1.30345e-22
-0.000168384 -3.34667e-06 1.3783e-22
-0.000168411 -3.51976e-06 1.44959e-22
-0.000168367 -3.68497e-06 1.51763e-22
-0.000168254 -3.84182e-06 1.58223e-22
-0.000168143 -3.99542e-06 1.64549e-22
-0.000167973 -4.1398e-06 1.70495e-22
-0.000167702 -4.27062e-06 1.75883e-22
-0.000167353 -4.389e-06 1.80758e-22
-0.0001669 -4.49207e-06 1.85003e-22
-0.000166352 -4.57976e-06 1.88614e-22
-0.00016569 -4.64972e-06 1.91496e-22
-0.000164911 -4.70068e-06 1.93595e-22
-0.000163997 -4.7301e-06 1.94806e-22
-0.000162937 -4.73613e-06 1.95054e-22
-0.0001617 -4.7156e-06 1.94209e-22
-0.000160294 -4.66826e-06 1.92259e-22
-0.000158718 -4.5934e-06 1.89176e-22
-0.000156962 -4.48975e-06 1.84907e-22
-0.000155028 -4.35707e-06 1.79443e-22
-0.000152918 -4.19577e-06 1.728e-22
-0.000150644 -4.00716e-06 1.65032e-22
-0.000148214 -3.79225e-06 1.56181e-22
-0.000145645 -3.55307e-06 1.46331e-22
-0.000142958 -3.29304e-06 1.35622e-22
-0.000140189 -3.01628e-06 1.24223e-22
-0.000137367 -2.72683e-06 1.12303e-22
-0.000134525 -2.42887e-06 1.00031e-22
-0.000131694 -2.12648e-06 8.75777e-23
-0.000128903 -1.82387e-06 7.51151e-23
-0.000126184 -1.52496e-06 6.28046e-23
-0.000123559 -1.23304e-06 5.07819e-23
-0.000121043 -9.49989e-07 3.91247e-23
-0.000118644 -6.76963e-07 2.78803e-23
-0.000116368 -4.14936e-07 1.70889e-23
-0.000114216 -1.63964e-07 6.75275e-24
-0.000112175 7.76769e-08 -3.19907e-24
-0.000110225 3.12608e-07 -1.28746e-23
-0.000108344 5.43603e-07 -2.23879e-23
-0.000106516 7.72967e-07 -3.18341e-23
-0.000104729 1.00203e-06 -4.12681e-23
-0.000102978 1.23162e-06 -5.07232e-23
-0.000101254 1.4626e-06 -6.02362e-23
-9.95581e-05 1.69508e-06 -6.98107e-23
-9.79003e-05 1.92751e-06 -7.93831e-23
-9.6298e-05 2.15753e-06 -8.88563e-23
-9.4768e-05 2.38288e-06 -9.81372e-23
-9.33296e-05 2.60087e-06 -1.07115e-22
-9.20093e-05 2.80791e-06 -1.15642e-22
-9.08362e-05 3e-06 -1.23553e-22
-8.98377e-05 3.17334e-06 -1.30692e-22
-8.90401e-05 3.32428e-06 -1.36908e-22
-8.84684e-05 3.44931e-06 -1.42057e-22
-8.81457e-05 3.54508e-06 -1.46002e-22
-8.8093e-05 3.60857e-06 -1.48617e-22
-8.83231e-05 3.63774e-06 -1.49818e-22
-8.88355e-05 3.63238e-06 -1.49597e-22
-8.96213e-05 3.5933e-06 -1.47987e-22
-9.06695e-05 3.52157e-06 -1.45034e-22
-9.19666e-05 3.41856e-06 -1.40791e-22
-9.3497e-05 3.2859e-06 -1.35328e-22
-9.52428e-05 3.12546e-06 -1.2872e-22
-9.71852e-05 2.93926e-06 -1.21052e-22
-9.93178e-05 2.72863e-06 -1.12377e-22
-0.000101586 2.49953e-06 -1.02941e-22
-0.000103934 2.25844e-06 -9.30125e-23
-0.000106324 2.01017e-06 -8.27875e-23
-0.000108711 1.76024e-06 -7.24942e-23
-0.000111061 1.51277e-06 -6.23022e-23
-0.00011334 1.27188e-06 -5.23817e-23
-0.000115519 1.04112e-06 -4.28779e-23
-0.000117571 8.23782e-07 -3.39269e-23
-0.000119476 6.22398e-07 -2.5633e-23
-0.000121216 4.39096e-07 -1.80839e-23
-0.000122778 2.75552e-07 -1.13484e-23
-0.000124159 1.32218e-07 -5.44532e-24
-0.000125371 7.33309e-09 -3.02008e-25
-0.000126437 -1.02134e-07 4.20631e-24
-0.000127385 -1.99552e-07 8.2184e-24
-0.000128244 -2.88752e-07 1.18921e-23
-0.000129048 -3.74212e-07 1.54117e-23
-0.000129858 -4.62485e-07 1.90471e-23
-0.000130699 -5.57554e-07 2.29625e-23
-0.000131602 -6.63567e-07 2.73285e-23
-0.000132611 -7.85706e-07 3.23588e-23
-0.000133757 -9.27954e-07 3.82172e-23
-0.000135077 -1.09492e-06 4.50936e-23
-0.000136604 -1.29055e-06 5.31505e-23
-0.000138369 -1.5189e-06 6.2555e-23
-0.000140398 -1.78345e-06 7.34501e-23
-0.000142722 -2.08771e-06 8.5981e-23
-0.000145364 -2.43491e-06 1.0028e-22
-0.000148344 -2.82768e-06 1.16456e-22
-0.000151686 -3.26844e-06 1.34608e-22
-0.000155404 -3.75925e-06 1.54822e-22
-0.000159507 -4.30131e-06 1.77147e-22
-0.000163995 -4.89467e-06 2.01584e-22
-0.000168861 -5.53848e-06 2.28099e-22
-0.000174089 -6.23119e-06 2.56627e-22
-0.000179667 -6.97106e-06 2.87099e-22
-0.000185571 -7.75517e-06 3.19392e-22
-0.00019177 -8.57948e-06 3.5334e-22
-0.00019823 -9.43998e-06 3.88779e-22
-0.000204914 -1.03319e-05 4.25513e-22
-0.000211779 -1.12499e-05 4.63321e-22
-0.000218778 -1.21881e-05 5.0196e-22
-0.000225864 -1.31406e-05 5.41188e-22
-0.000232986 -1.41009e-05 5.80738e-22
-0.000240087 -1.50617e-05 6.20307e-22
-0.000247106 -1.60152e-05 6.59575e-22
-0.000253985 -1.69537e-05 6.98228e-22
-0.000260668 -1.78704e-05 7.35979e-22
-0.000267111 -1.87592e-05 7.72583e-22
-0.000273274 -1.9615e-05 8.0783e-22
-0.00027912 -2.0433e-05 8.41519e-22
-0.000284617 -2.12091e-05 8.73481e-22
-0.000289742 -2.194e-05 9.03584e-22
-0.000294477 -2.26234e-05 9.31728e-22
-0.000298807 -2.32571e-05 9.57827e-22
-0.000302722 -2.38396e-05 9.81818e-22
-0.000306217 -2.437e-05 1.00366e-21
-0.000309291 -2.48479e-05 1.02335e-21
-0.000311944 -2.52733e-05 1.04086e-21
-0.00031418 -2.5646e-05 1.05621e-21
-0.000315997 -2.59656e-05 1.06938e-21
-0.000317394 -2.62316e-05 1.08033e-21
-0.000318372 -2.64437e-05 1.08906e-21
-0.000318931 -2.66015e-05 1.09557e-21
-0.000319069 -2.67046e-05 1.09981e-21
-0.000318785 -2.6752e-05 1.10176e-21
-0.000318077 -2.67434e-05 1.10141e-21
-0.000316946 -2.66785e-05 1.09874e-21
-0.000315393 -2.6557e-05 1.09373e-21
-0.00031342 -2.63789e-05 1.0864e-21
-0.000311032 -2.61445e-05 1.07674e-21
-0.000308232 -2.5854e-05 1.06478e-21
-0.000305013 -2.55069e-05 1.05049e-21
-0.000301389 -2.51044e-05 1.03391e-21
-0.000297373 -2.46474e-05 1.01509e-21
-0.000292969 -2.41366e-05 9.9405e-22
-0.000288194 -2.3574e-05 9.70878e-22
-0.000283063 -2.29614e-05 9.45648e-22
-0.000277595 -2.23011e-05 9.18457e-22
-0.000271809 -2.15957e-05 8.89402e-22
-0.00026573 -2.08482e-05 8.58618e-22
-0.000259384 -2.00621e-05 8.26245e-22
-0.000252799 -1.9241e-05 7.92428e-22
-0.000246004 -1.83888e-05 7.5733e-22
-0.000239037 -1.75103e-05 7.21151e-22
-0.000231937 -1.66109e-05 6.84108e-22
-0.000224743 -1.56957e-05 6.46417e-22
-0.000217489 -1.47692e-05 6.0826e-22
-0.000210196 -1.38341e-05 5.69748e-22
-0.000202873 -1.28924e-05 5.30963e-22
-0.000195536 -1.19455e-05 4.91969e-22
-0.000188196 -1.09947e-05 4.5281e-22
-0.00018085 -1.00397e-05 4.13477e-22
-0.000173492 -9.07941e-06 3.73929e-22
-0.000166117 -8.11309e-06 3.34132e-22
-0.000158715 -7.13977e-06 2.94046e-22
-0.000151287 -6.15913e-06 2.5366e-22
-0.000143833 -5.17089e-06 2.1296e-22
-0.000136352 -4.17484e-06 1.71938e-22
-0.000128851 -3.17157e-06 1.30619e-22
-0.000121347 -2.16343e-06 8.90996e-23
-0.000113867 -1.15362e-06 4.75109e-23
-0.000106436 -1.45283e-07 5.9834e-24
-9.90825e-05 8.58055e-07 -3.53384e-23
-9.1839e-05 1.85211e-06 -7.62779e-23
-8.4742e-05 2.83229e-06 -1.16646e-22
-7.7826e-05 3.79418e-06 -1.56261e-22
-7.11215e-05 4.7339e-06 -1.94962e-22
-6.46517e-05 5.6485e-06 -2.3263e-22
-5.84355e-05 6.53561e-06 -2.69165e-22
-5.24889e-05 7.39317e-06 -3.04483e-22
-4.6823e-05 8.21979e-06 -3.38527e-22
-4.14404e-05 9.01514e-06 -3.71282e-22
-3.64409e-05 9.77107e-06 -4.02415e-22
-3.17484e-05 1.0494e-05 -4.3219e-22
-2.73032e-05 1.11892e-05 -4.60821e-22
-2.31461e-05 1.1853e-05 -4.88156e-22
-1.92544e-05 1.24867e-05 -5.14258e-22
-1.56464e-05 1.30887e-05 -5.39051e-22
-1.23147e-05 1.36591e-05 -5.62542e-22
-9.27565e-06 1.41958e-05 -5.84644e-22
-6.53186e-06 1.46976e-05 -6.05312e-22
-4.0946e-06 1.51629e-05 -6.24473e-22
-1.96733e-06 1.55905e-05 -6.42085e-22
-1.54994e-07 1.59795e-05 -6.58104e-22
1.34202e-06 1.63291e-05 -6.72504e-22
2.52311e-06 1.66389e-05 -6.85263e-22
3.39004e-06 1.69085e-05 -6.96366e-22
3.94434e-06 1.71376e-05 -7.058e-22
4.18886e-06 1.7326e-05 -7.13558e-22
4.1268e-06 1.74735e-05 -7.19636e-22
3.75914e-06 1.75799e-05 -7.24016e-22
3.08057e-06 1.76438e-05 -7.26647e-22
2.0829e-06 1.76635e-05 -7.27461e-22
7.58062e-07 1.76376e-05 -7.26394e-22
-9.02229e-07 1.75645e-05 -7.23381e-22
-2.90741e-06 1.74423e-05 -7.1835e-22
-5.26732e-06 1.72694e-05 -7.1123e-22
-7.9917e-06 1.70441e-05 -7.01951e-22
-1.10855e-05 1.67654e-05 -6.90472e-22
-1.45442e-05 1.64336e-05 -6.76805e-22
-1.8358e-05 1.60496e-05 -6.60994e-22
-2.25176e-05 1.56147e-05 -6.43081e-22
-2.70083e-05 1.51305e-05 -6.2314e-22
-3.18052e-05 1.46003e-05 -6.01305e-22
-3.68781e-05 1.40282e-05 -5.77741e-22
-4.21794e-05 1.34191e-05 -5.52657e-22
-4.76922e-05 1.27764e-05 -5.26186e-22
-5.33917e-05 1.2104e-05 -4.98496e-22
-5.92367e-05 1.14073e-05 -4.69801e-22
-6.51997e-05 1.06903e-05 -4.40275e-22
-7.12488e-05 9.95754e-06 -4.10095e-22
-7.73673e-05 9.21156e-06 -3.79372e-22
-8.35333e-05 8.45451e-06 -3.48193e-22
-8.97311e-05 7.6889e-06 -3.16662e-22
-9.59586e-05 6.91653e-06 -2.84853e-22
-0.000102209 6.13852e-06 -2.52811e-22
-0.000108477 5.35589e-06 -2.20579e-22
-0.000114764 4.56925e-06 -1.88181e-22
-0.000121068 3.77903e-06 -1.55637e-22
-0.0001274 2.98412e-06 -1.22899e-22
-0.000133774 2.18307e-06 -8.99083e-23
-0.000140205 1.37429e-06 -5.65992e-23
-0.000146706 5.56409e-07 -2.29153e-23
-0.000153289 -2.72129e-07 1.12074e-23
-0.000159969 -1.11293e-06 4.58354e-23
-0.000166754 -1.96712e-06 8.10146e-23
-0.000173647 -2.8349e-06 1.16753e-22
-0.000180643 -3.71559e-06 1.53024e-22
-0.000187729 -4.60758e-06 1.8976e-22
-0.00019489 -5.50904e-06 2.26886e-22
-0.000202105 -6.41731e-06 2.64293e-22
-0.000209343 -7.32833e-06 3.01812e-22
-0.000216565 -8.23728e-06 3.39247e-22
-0.000223731 -9.13916e-06 3.7639e-22
-0.000230858 -1.00337e-05 4.1323e-22
-0.000237854 -1.0911e-05 4.49363e-22
-0.000244639 -1.17625e-05 4.84432e-22
-0.000251187 -1.2584e-05 5.18264e-22
-0.000257436 -1.33686e-05 5.50575e-22
-0.000263362 -1.41125e-05 5.81215e-22
-0.000268923 -1.48114e-05 6.09997e-22
-0.000274095 -1.54619e-05 6.36789e-22
-0.00027885 -1.60611e-05 6.61465e-22
-0.000283181 -1.66079e-05 6.83986e-22
-0.00028708 -1.7102e-05 7.04336e-22
-0.00029055 -1.75437e-05 7.22527e-22
-0.000293587 -1.79331e-05 7.38563e-22
-0.000296194 -1.82703e-05 7.52449e-22
-0.000298368 -1.85553e-05 7.64188e-22
-0.000300113 -1.87887e-05 7.73799e-22
-0.000301434 -1.89712e-05 7.81316e-22
-0.000302341 -1.9104e-05 7.86785e-22
-0.000302844 -1.91885e-05 7.90266e-22
-0.000302957 -1.92265e-05 7.91831e-22
-0.000302694 -1.92197e-05 7.9155e-22
-0.000302064 -1.91693e-05 7.89475e-22
-0.000301077 -1.90764e-05 7.85651e-22
-0.000299746 -1.89425e-05 7.80134e-22
-0.000298078 -1.87684e-05 7.72964e-22
-0.000296073 -1.8554e-05 7.64135e-22
-0.000293731 -1.82988e-05 7.53623e-22
-0.000291048 -1.80023e-05 7.41413e-22
-0.000288023 -1.7664e-05 7.2748e-22
-0.000284649 -1.72828e-05 7.1178e-22
-0.000280918 -1.68573e-05 6.94259e-22
-0.000276823 -1.63866e-05 6.7487e-22
-0.000272361 -1.58696e-05 6.5358e-22
-0.000267529 -1.53061e-05 6.30372e-22
-0.000262328 -1.46958e-05 6.05239e-22
-0.00025676 -1.40389e-05 5.78183e-22
-0.000250834 -1.33362e-05 5.49242e-22
-0.000244568 -1.25901e-05 5.18514e-22
-0.000237988 -1.18039e-05 4.86135e-22
-0.000231121 -1.0981e-05 4.52243e-22
-0.000223996 -1.0125e-05 4.16991e-22
-0.000216643 -9.24007e-06 3.80546e-22
-0.000209097 -8.33049e-06 3.43086e-22
-0.00020139 -7.4006e-06 3.04789e-22
-0.000193614 -6.45979e-06 2.66042e-22
-0.000185774 -5.51054e-06 2.26948e-22
-0.000177884 -4.5562e-06 1.87644e-22
-0.000170008 -3.6044e-06 1.48445e-22
-0.000162172 -2.65938e-06 1.09525e-22
-0.000154423 -1.72695e-06 7.11231e-23
-0.00014679 -8.11385e-07 3.34164e-23
-0.000139311 8.24258e-08 -3.39465e-24
-0.000132016 9.50307e-07 -3.91377e-23
-0.000124936 1.78788e-06 -7.36326e-23
-0.000118101 2.59117e-06 -1.06716e-22
-0.000111534 3.35592e-06 -1.38211e-22
-0.000105256 4.07898e-06 -1.6799e-22
-9.92809e-05 4.7582e-06 -1.95963e-22
-9.36484e-05 5.38891e-06 -2.21939e-22
-8.83894e-05 5.96766e-06 -2.45774e-22
-8.35158e-05 6.49204e-06 -2.6737e-22
-7.90532e-05 6.95892e-06 -2.86599e-22
-7.50151e-05 7.36601e-06 -3.03364e-22
-7.14212e-05 7.71073e-06 -3.17561e-22
-6.82836e-05 7.99118e-06 -3.29111e-22
-6.5615e-05 8.20563e-06 -3.37943e-22
-6.34232e-05 8.35286e-06 -3.44007e-22
-6.17163e-05 8.43171e-06 -3.47254e-22
-6.05041e-05 8.44077e-06 -3.47628e-22
-5.98015e-05 8.37797e-06 -3.45041e-22
-5.96242e-05 8.24108e-06 -3.39403e-22
-5.99879e-05 8.02795e-06 -3.30626e-22
-6.09089e-05 7.73626e-06 -3.18613e-22
-6.24097e-05 7.36295e-06 -3.03238e-22
-6.45142e-05 6.9047e-06 -2.84366e-22
-6.72439e-05 6.35854e-06 -2.61872e-22
-7.06186e-05 5.72168e-06 -2.35644e-22
-7.47207e-05 4.98621e-06 -2.05354e-22
-7.95765e-05 4.14891e-06 -1.7087e-22
-8.51374e-05 3.21299e-06 -1.32325e-22
-9.1413e-05 2.1769e-06 -8.96541e-23
-9.84138e-05 1.03913e-06 -4.27961e-23
-0.000106144 -2.01159e-07 8.28459e-24
-0.000114605 -1.54461e-06 6.36136e-23
-0.000123798 -2.99141e-06 1.23199e-22
-0.00013372 -4.54169e-06 1.87046e-22
-0.000144366 -6.19525e-06 2.55147e-22
-0.000155729 -7.95152e-06 3.27478e-22
-0.000167799 -9.80951e-06 4.03998e-22
-0.000180561 -1.17678e-05 4.84651e-22
-0.000193999 -1.38247e-05 5.69363e-22
-0.000208092 -1.59781e-05 6.58049e-22
-0.000222809 -1.82243e-05 7.50555e-22
-0.000238094 -2.05562e-05 8.46595e-22
-0.00025388 -2.29654e-05 9.45816e-22
-0.000270098 -2.54432e-05 1.04786e-21
-0.000286671 -2.79797e-05 1.15232e-21
-0.000303505 -3.05625e-05 1.2587e-21
-0.000320496 -3.31782e-05 1.36642e-21
-0.000337545 -3.58136e-05 1.47496e-21
-0.000354545 -3.84547e-05 1.58373e-21
-0.000371379 -4.10857e-05 1.69209e-21
-0.000387925 -4.36901e-05 1.79935e-21
-0.000404067 -4.62523e-05 1.90487e-21
-0.000419699 -4.87575e-05 2.00804e-21
-0.000434725 -5.11926e-05 2.10833e-21
-0.000449063 -5.35456e-05 2.20524e-21
-0.000462636 -5.58057e-05 2.29832e-21
-0.000475385 -5.7964e-05 2.38721e-21
-0.000487277 -6.00148e-05 2.47167e-21
-0.000498293 -6.19545e-05 2.55155e-21
-0.000508423 -6.37803e-05 2.62675e-21
-0.000517677 -6.54924e-05 2.69726e-21
-0.000526099 -6.70948e-05 2.76326e-21
-0.000533749 -6.85943e-05 2.82501e-21
-0.000540693 -6.99981e-05 2.88282e-21
-0.000547003 -7.1314e-05 2.93702e-21
-0.000552751 -7.25502e-05 2.98793e-21
-0.000558014 -7.37156e-05 3.03593e-21
-0.000562866 -7.48185e-05 3.08135e-21
-0.000567379 -7.58671e-05 3.12454e-21
-0.000571614 -7.68681e-05 3.16576e-21
-0.000575624 -7.78272e-05 3.20526e-21
-0.000579457 -7.87498e-05 3.24326e-21
-0.000583149 -7.964e-05 3.27992e-21
-0.00058672 -8.04992e-05 3.31531e-21
-0.000590174 -8.13275e-05 3.34942e-21
-0.000593511 -8.21243e-05 3.38223e-21
-0.000596721 -8.2888e-05 3.41369e-21
-0.000599785 -8.36157e-05 3.44366e-21
-0.000602673 -8.43033e-05 3.47197e-21
-0.000605351 -8.49464e-05 3.49846e-21
-0.00060778 -8.55399e-05 3.52291e-21
-0.000609914 -8.60778e-05 3.54506e-21
-0.0006117 -8.65536e-05 3.56465e-21
-0.000613086 -8.69606e-05 3.58141e-21
-0.000614019 -8.72921e-05 3.59507e-21
-0.000614448 -8.75419e-05 3.60536e-21
-0.000614322 -8.77042e-05 3.61204e-21
-0.000613597 -8.77731e-05 3.61488e-21
-0.00061223 -8.77435e-05 3.61366e-21
-0.000610185 -8.76109e-05 3.6082e-21
-0.000607431 -8.73716e-05 3.59834e-21
-0.00060394 -8.70223e-05 3.58396e-21
-0.000599689 -8.65603e-05 3.56493e-21
-0.000594662 -8.59835e-05 3.54117e-21
-0.000588849 -8.52908e-05 3.51265e-21
-0.000582243 -8.44815e-05 3.47932e-21
-0.000574841 -8.35549e-05 3.44115e-21
-0.000566633 -8.25097e-05 3.39811e-21
-0.000557613 -8.13447e-05 3.35013e-21
-0.000547775 -8.00592e-05 3.29719e-21
-0.000537121 -7.86528e-05 3.23926e-21
-0.000525651 -7.71252e-05 3.17635e-21
-0.000513368 -7.54763e-05 3.10844e-21
-0.000500281 -7.37065e-05 3.03555e-21
-0.000486406 -7.18178e-05 2.95777e-21
-0.000471779 -6.98142e-05 2.87525e-21
-0.000456444 -6.7701e-05 2.78822e-21
-0.000440448 -6.5484e-05 2.69691e-21
-0.000423848 -6.31701e-05 2.60162e-21
-0.00040672 -6.07689e-05 2.50273e-21
-0.000389146 -5.8291e-05 2.40068e-21
-0.00037121 -5.57471e-05 2.29591e-21
-0.000353011 -5.31501e-05 2.18895e-21
-0.000334678 -5.05173e-05 2.08052e-21
-0.000316357 -4.78677e-05 1.9714e-21
-0.000298187 -4.52202e-05 1.86237e-21
-0.000280311 -4.25942e-05 1.75421e-21
-0.000262885 -4.00107e-05 1.64782e-21
-0.000246064 -3.74913e-05 1.54405e-21
-0.000229998 -3.50564e-05 1.44378e-21
-0.000214827 -3.27261e-05 1.3478e-21
-0.000200692 -3.05199e-05 1.25694e-21
-0.000187723 -2.84568e-05 1.17198e-21
-0.00017604 -2.65546e-05 1.09363e-21
-0.000165749 -2.48287e-05 1.02255e-21
-0.00015693 -2.3292e-05 9.59264e-22
-0.00014965 -2.19552e-05 9.0421e-22
-0.000143961 -2.08278e-05 8.57778e-22
-0.000139899 -1.99167e-05 8.20254e-22
-0.000137471 -1.92251e-05 7.91773e-22
-0.000136664 -1.8754e-05 7.7237e-22
-0.000137462 -1.85032e-05 7.62042e-22
-0.000139824 -1.84702e-05 7.60684e-22
-0.000143685 -1.86483e-05 7.68018e-22
-0.000148958 -1.90284e-05 7.8367e-22
-0.000155558 -1.96011e-05 8.07256e-22
-0.000163392 -2.03561e-05 8.3835e-22
-0.000172356 -2.12814e-05 8.7646e-22
-0.000182344 -2.23645e-05 9.21067e-22
-0.000193252 -2.35931e-05 9.71664e-22
-0.000204982 -2.49548e-05 1.02775e-21
-0.000217432 -2.64375e-05 1.08881e-21
-0.000230509 -2.80291e-05 1.15436e-21
-0.000244124 -2.97182e-05 1.22392e-21
-0.000258202 -3.14947e-05 1.29709e-21
-0.000272675 -3.33497e-05 1.37348e-21
-0.000287489 -3.52753e-05 1.45279e-21
-0.000302596 -3.72645e-05 1.53471e-21
-0.000317962 -3.93118e-05 1.61903e-21
-0.000333564 -4.14132e-05 1.70558e-21
-0.000349393 -4.3566e-05 1.79424e-21
-0.000365442 -4.57681e-05 1.88493e-21
-0.000381714 -4.80182e-05 1.9776e-21
-0.000398217 -5.03155e-05 2.07221e-21
-0.000414961 -5.26601e-05 2.16877e-21
-0.00043196 -5.50519e-05 2.26728e-21
-0.000449222 -5.74904e-05 2.3677e-21
-0.000466743 -5.99732e-05 2.46995e-21
-0.00048451 -6.2497e-05 2.5739e-21
-0.000502508 -6.50583e-05 2.67938e-21
-0.000520707 -6.76517e-05 2.78619e-21
-0.000539049 -7.02679e-05 2.89394e-21
-0.000557457 -7.28955e-05 3.00215e-21
-0.000575851 -7.55229e-05 3.11036e-21
-0.000594142 -7.81368e-05 3.21801e-21
-0.000612214 -8.07212e-05 3.32445e-21
-0.000629942 -8.32585e-05 3.42895e-21
-0.0006472 -8.57313e-05 3.53079e-21
-0.000663845 -8.81216e-05 3.62923e-21
-0.000679759 -9.04117e-05 3.72355e-21
-0.000694816 -9.25841e-05 3.81302e-21
-0.000708885 -9.46214e-05 3.89692e-21
-0.000721842 -9.65079e-05 3.97461e-21
-0.000733586 -9.8229e-05 4.0455e-21
-0.000744034 -9.97721e-05 4.10905e-21
-0.000753094 -0.000101125 4.16478e-21
-0.000760695 -0.000102278 4.21226e-21
-0.000766781 -0.000103223 4.25118e-21
-0.000771314 -0.000103954 4.28129e-21
-0.000774262 -0.000104467 4.30239e-21
-0.00077561 -0.000104758 4.31437e-21
-0.000775376 -0.000104828 4.31729e-21
-0.000773595 -0.000104683 4.31131e-21
-0.000770312 -0.000104327 4.29662e-21
-0.000765579 -0.000103765 4.27347e-21
-0.000759466 -0.000103005 4.2422e-21
-0.000752051 -0.000102057 4.20317e-21
-0.000743415 -0.000100931 4.15678e-21
-0.000733645 -9.96364e-05 4.10346e-21
-0.000722829 -9.81835e-05 4.04362e-21
-0.000711058 -9.65835e-05 3.97773e-21
-0.000698424 -9.48471e-05 3.90621e-21
-0.000685007 -9.29838e-05 3.82948e-21
-0.000670872 -9.1001e-05 3.74782e-21
-0.00065607 -8.89046e-05 3.66148e-21
-0.000640651 -8.67e-05 3.57068e-21
-0.000624654 -8.43918e-05 3.47562e-21
-0.00060811 -8.1983e-05 3.37642e-21
-0.000591036 -7.94758e-05 3.27316e-21
-0.000573448 -7.68715e-05 3.1659e-21
-0.000555355 -7.41712e-05 3.05469e-21
-0.000536764 -7.13758e-05 2.93956e-21
-0.000517678 -6.84859e-05 2.82055e-21
-0.000498096 -6.55016e-05 2.69764e-21
-0.000478016 -6.24229e-05 2.57085e-21
-0.000457438 -5.92507e-05 2.4402e-21
-0.000436356 -5.59865e-05 2.30577e-21
-0.000414769 -5.26303e-05 2.16755e-21
-0.000392684 -4.91832e-05 2.02558e-21
-0.000370105 -4.56473e-05 1.87995e-21
-0.000347029 -4.20251e-05 1.73078e-21
-0.000323476 -3.83194e-05 1.57816e-21
-0.00029945 -3.45319e-05 1.42217e-21
-0.000274939 -3.0663e-05 1.26283e-21
-0.000249932 -2.67124e-05 1.10013e-21
-0.000224412 -2.26799e-05 9.34058e-22
-0.000198366 -1.85653e-05 7.64598e-22
-0.000171773 -1.43675e-05 5.91717e-22
-0.000144616 -1.00858e-05 4.15378e-22
-0.000116879 -5.71985e-06 2.35568e-22
-8.85567e-05 -1.27011e-06 5.23088e-23
-5.96504e-05 3.26158e-06 -1.34326e-22
-3.01726e-05 7.87237e-06 -3.24218e-22
-7.96625e-07 1.25042e-05 -5.14977e-22
2.88812e-05 1.71873e-05 -7.07846e-22
5.91859e-05 2.19471e-05 -9.03875e-22
8.98434e-05 2.67574e-05 -1.10199e-21
0.000120955 3.16237e-05 -1.3024e-21
0.000152351 3.65279e-05 -1.50438e-21
0.000184021 4.1465e-05 -1.70771e-21
0.000215824 4.64182e-05 -1.9117e-21
0.000247693 5.13772e-05 -2.11594e-21
0.000279496 5.63258e-05 -2.31974e-21
0.000311132 6.12499e-05 -2.52253e-21
0.000342465 6.61322e-05 -2.72361e-21
0.000373376 7.09572e-05 -2.92232e-21
0.000403727 7.57074e-05 -3.11796e-21
0.000433393 8.03665e-05 -3.30984e-21
0.000462238 8.49172e-05 -3.49726e-21
0.000490135 8.93433e-05 -3.67954e-21
0.000516958 9.36289e-05 -3.85605e-21
0.000542598 9.776e-05 -4.02618e-21
0.000566949 0.000101724 -4.18942e-21
0.000589963 0.00010551 -4.34537e-21
0.000611518 0.000109107 -4.4935e-21
0.000631517 0.000112503 -4.63335e-21
0.000649911 0.00011569 -4.76463e-21
0.000666636 0.000118662 -4.88703e-21
0.000681653 0.000121413 -5.00032e-21
0.000694911 0.000123937 -5.10427e-21
0.00070639 0.000126231 -5.19875e-21
0.000716063 0.000128292 -5.28363e-21
0.000723935 0.00013012 -5.35892e-21
0.000730028 0.000131719 -5.42475e-21
0.000734392 0.000133094 -5.48137e-21
0.000737081 0.000134252 -5.52908e-21
0.000738169 0.000135203 -5.56827e-21
0.000737749 0.00013596 -5.59942e-21
0.000735931 0.000136536 -5.62314e-21
0.000732829 0.000136946 -5.64002e-21
0.000728556 0.000137205 -5.65069e-21
0.000723214 0.000137326 -5.65569e-21
0.000716901 0.000137323 -5.65554e-21
0.000709735 0.000137206 -5.65075e-21
0.000701806 0.000136991 -5.64186e-21
0.00069318 0.000136686 -5.62933e-21
0.00068395 0.000136302 -5.61352e-21
0.000674172 0.000135849 -5.59483e-21
0.000663906 0.000135333 -5.57362e-21
0.000653211 0.000134764 -5.55016e-21
0.000642126 0.000134146 -5.52471e-21
0.0006307 0.000133486 -5.49753e-21
0.000618969 0.000132789 -5.46882e-21
0.000606955 0.000132057 -5.4387e-21
0.000594668 0.000131293 -5.40723e-21
0.000582124 0.000130498 -5.37449e-21
0.000569336 0.000129675 -5.34056e-21
0.000556316 0.000128823 -5.30551e-21
0.000543075 0.000127946 -5.26938e-21
0.000529631 0.000127045 -5.23227e-21
0.000515996 0.000126121 -5.19423e-21
0.000502178 0.000125176 -5.15529e-21
0.000488184 0.000124209 -5.11547e-21
0.000474025 0.000123221 -5.07479e-21
0.000459711 0.000122214 -5.03329e-21
0.000445247 0.000121186 -4.99096e-21
0.000430639 0.000120137 -4.94777e-21
0.000415896 0.000119068 -4.90375e-21
0.000401031 0.000117979 -4.85888e-21
0.000386051 0.000116869 -4.81317e-21
0.000370968 0.000115738 -4.76661e-21
0.000355796 0.000114587 -4.71919e-21
0.00034055 0.000113416 -4.67095e-21
0.000325254 0.000112225 -4.62193e-21
0.000310144 0.000111024 -4.57246e-21
0.000295339 0.000109815 -4.52264e-21
0.000280644 0.000108594 -4.47236e-21
0.000266044 0.000107366 -4.42181e-21
0.000251825 0.00010614 -4.37131e-21
0.000238007 0.000104921 -4.3211e-21
0.000224439 0.000103718 -4.27156e-21
0.000211282 0.000102546 -4.22329e-21
0.000198677 0.000101421 -4.17696e-21
0.000186725 0.000100357 -4.13312e-21
0.000175549 9.93668e-05 -4.09235e-21
0.000165258 9.84655e-05 -4.05524e-21
0.000155971 9.76673e-05 -4.02236e-21
0.000147749 9.69826e-05 -3.99416e-21
0.000141307 9.64496e-05 -3.97221e-21
0.000136655 9.60731e-05 -3.95671e-21
0.000133197 9.58348e-05 -3.94689e-21
0.000131096 9.5752e-05 -3.94348e-21
0.000130364 9.58286e-05 -3.94664e-21
0.000131048 9.60714e-05 -3.95664e-21
0.000133158 9.64834e-05 -3.97361e-21
0.000136695 9.70666e-05 -3.99762e-21
0.000141651 9.78215e-05 -4.02871e-21
0.000148026 9.87498e-05 -4.06694e-21
0.000155794 9.98502e-05 -4.11226e-21
0.000164914 0.00010112 -4.16455e-21
0.000175342 0.000102555 -4.22366e-21
0.000187026 0.000104152 -4.28942e-21
0.000199929 0.000105904 -4.36159e-21
0.000214011 0.000107807 -4.43994e-21
0.000229275 0.000109857 -4.52439e-21
0.000245678 0.00011205 -4.6147e-21
0.000263137 0.000114377 -4.71054e-21
0.00028159 0.000116832 -4.81163e-21
0.000300765 0.000119383 -4.91672e-21
0.000320384 0.000121973 -8.88255e-21
0.000340637 0.000124635 -8.99429e-21
0.000361615 0.000127397 -9.11022e-21
0.000383258 0.000130251 -9.23e-21
0.000405534 0.000133193 -9.35349e-21
0.000428081 0.000136096 -3.88604e-21
0.000450902 0.000138989 -9.01972e-21
0.0004742 0.000141956 -7.48903e-21
0.000497949 0.000144977 -4.75688e-21
0.000522114 0.00014805 -3.54174e-21
0.000546688 0.00015118 -1.33729e-20
0.000571649 0.000154363 -9.92747e-21
0.000596527 0.000157417 -3.20992e-21
0.000621437 0.00016043 -5.71365e-21
0.000646532 0.000163447 1.022e-19
0.000671865 0.000166486 -8.48059e-21
0.000695486 0.000169405 -9.77463e-21
0.000716333 0.000172119 1.22761e-17
0.000736488 0.000174783 -7.61166e-21
0.000756747 0.00017739 -1.64349e-20
0.00077665 0.000179815 -5.65563e-21
0.000796557 0.000182241 -5.7656e-21
0.000815969 0.000184534 -9.20094e-21
0.000835624 0.000186834 1.52684e-18
0.000855268 0.000189103 -2.59323e-19
0.000874875 0.000191351 5.48989e-20
0.000894429 0.000193583 -1.20102e-20
0.000913449 0.000195689 -1.42629e-20
0.00093148 0.000197477 -1.59628e-19
0.000949286 0.000199099 6.51648e-20
0.000966797 0.000200693 -1.49357e-20
0.000984052 0.000202253 -6.32375e-17
0.00100101 0.000203776 1.5055e-19
0.00101762 0.000205258 -8.1984e-20
0.00103383 0.0002067 -9.32195e-20
0.00104961 0.000208093 -1.00449e-19
0.00106489 0.000209432 -2.34327e-17
0.00107963 0.000210715 1.89994e-19
0.00109381 0.000211935 -1.01882e-19
0.00110682 0.000212988 -6.62274e-20
0.00111905 0.000213916 -9.90322e-20
0.00113075 0.00021479 -5.81604e-20
0.0011417 0.0002156 1.34118e-17
0.00115186 0.000216344 -1.18331e-18
0.00116102 0.000216911 7.89457e-21
0.00116927 0.000217435 4.71381e-20
0.00117668 0.000217899 2.45152e-20
0.00118324 0.000218304 4.12418e-20
0.0011889 0.000218647 -2.33448e-20
0.00119344 0.000218916 2.9791e-19
0.00119682 0.000219106 4.7324e-20
0.00119897 0.00021918 4.40164e-20
0.0011996 0.000219057 2.18919e-20
0.00119863 0.000218719 2.19073e-20
0.00119607 0.000218168 2.19324e-20
0.00119195 0.000217407 2.19671e-20
0.0011863 0.000216438 2.20114e-20
0.00117916 0.000215265 2.20649e-20
0.00117057 0.000213893 2.21274e-20
0.00116058 0.000212329 2.21987e-20
0.00114924 0.000210578 2.22786e-20
0.0011366 0.000208644 2.23668e-20
0.00112271 0.000206534 2.2463e-20
0.00110763 0.000204254 2.2567e-20
0.00109143 0.000201813 2.26783e-20
0.00107418 0.000199217 2.27967e-20
0.00105595 0.000196476 2.29216e-20
0.0010368 0.000193599 2.30529e-20
0.00101681 0.000190592 2.319e-20
0.000996038 0.000187464 2.33326e-20
0.000974552 0.000184224 2.34803e-20
0.000952409 0.000180878 2.36329e-20
0.000929665 0.000177435 2.37899e-20
0.000906369 0.000173899 2.39511e-20
0.000882568 0.000170279 2.41162e-20
0.000858302 0.00016658 2.42849e-20
0.000833603 0.000162807 2.4457e-20
0.000808498 0.000158964 2.46322e-20
0.000783009 0.000155056 2.48104e-20
0.000757155 0.000151085 2.49915e-20
0.000730949 0.000147056 2.51752e-20
0.000704404 0.000142972 2.53615e-20
0.000677528 0.000138835 2.55502e-20
0.00065033 0.000134647 2.57411e-20
0.000622816 0.000130412 2.59342e-20
0.000594994 0.000126133 2.61294e-20
0.000566873 0.000121812 2.63264e-20
0.000538461 0.000117452 2.65253e-20
0.000509768 0.000113056 2.67257e-20
0.000480803 0.000108627 2.69277e-20
0.000451583 0.000104168 2.7131e-20
0.000422128 9.96833e-05 2.73355e-20
0.000392462 9.51773e-05 2.7541e-20
0.000362617 9.06549e-05 2.77472e-20
0.00033263 8.61219e-05 2.79539e-20
0.000302545 8.15845e-05 2.81608e-20
0.000272409 7.70492e-05 2.83677e-20
0.000242275 7.25231e-05 2.8574e-20
0.000212202 6.80139e-05 2.87797e-20
0.000182261 6.35305e-05 2.89841e-20
0.000152535 5.90835e-05 2.91869e-20
0.000123118 5.46845e-05 2.93875e-20
9.41073e-05 5.03455e-05 2.95853e-20
6.55979e-05 4.6078e-05 2.97799e-20
3.76759e-05 4.18922e-05 2.99708e-20
1.04226e-05 3.77974e-05 3.01575e-20
-1.60806e-05 3.38029e-05 3.03397e-20
-4.17468e-05 2.99188e-05 3.05168e-20
-6.6479e-05 2.61562e-05 3.06884e-20
-9.01774e-05 2.25269e-05 3.08539e-20
-0.000112747 1.90419e-05 3.10128e-20
-0.000134101 1.57113e-05 3.11647e-20
-0.000154165 1.25433e-05 3.13091e-20
-0.000172876 9.54506e-06 3.14459e-20
-0.000190181 6.72242e-06 3.15746e-20
-0.000206029 4.08079e-06 3.16951e-20
-0.000220373 1.62566e-06 3.18071e-20
-0.00023317 -6.38133e-07 3.19104e-20
-0.00024439 -2.70716e-06 3.20048e-20
-0.000254021 -4.58029e-06 3.20902e-20
-0.000262077 -6.25957e-06 3.21669e-20
-0.00026859 -7.74936e-06 3.22349e-20
-0.000273604 -9.05545e-06 3.22945e-20
-0.000277175 -1.0185e-05 3.23461e-20
-0.000279371 -1.11466e-05 3.239e-20
-0.000280269 -1.19499e-05 3.24267e-20
-0.000279957 -1.26058e-05 3.24567e-20
-0.000278531 -1.31264e-05 3.24806e-20
-0.000276099 -1.35252e-05 3.24989e-20
-0.000272779 -1.38168e-05 3.25123e-20
-0.00026869 -1.40162e-05 3.25214e-20
-0.000263957 -1.41389e-05 3.25272e-20
-0.000258706 -1.42008e-05 3.25301e-20
-0.000253062 -1.42178e-05 3.2531e-20
-0.000247153 -1.42058e-05 3.25305e-20
-0.000241099 -1.41801e-05 3.25295e-20
-0.000235013 -1.41551e-05 3.25284e-20
-0.000228999 -1.41443e-05 3.25281e-20
-0.00022316 -1.41606e-05 3.2