-2.60261e-05 7.1955e-11 -2.96342e-27
-5.20521e-05 1.42695e-10 -5.87681e-27
-7.80783e-05 2.12212e-10 -8.73982e-27
-0.000104104 2.80498e-10 -1.15521e-26
-0.000130131 3.47543e-10 -1.43133e-26
-0.000156157 4.1334e-10 -1.70231e-26
-0.000182183 4.77878e-10 -1.96811e-26
-0.00020821 5.41151e-10 -2.22869e-26
-0.000234236 6.03148e-10 -2.48402e-26
-0.000260262 6.63861e-10 -2.73407e-26
-0.000260261 9.73908e-10 -4.01097e-26
-0.000260255 2.22842e-09 -9.17758e-26
-0.000260243 4.74065e-09 -1.9524e-25
-0.000260226 8.47179e-09 -3.48905e-25
-0.000260203 1.32013e-08 -5.43687e-25
-0.000260179 1.83538e-08 -7.5589e-25
-0.000260156 2.31662e-08 -9.54083e-25
-0.000260139 2.68821e-08 -1.10712e-24
-0.00026013 2.87072e-08 -1.18229e-24
-0.000260135 2.77599e-08 -1.14327e-24
-0.000260157 2.3127e-08 -9.52471e-25
-0.000260201 1.39248e-08 -5.73484e-25
-0.000260269 -5.55925e-10 2.28954e-26
-0.000260365 -2.06976e-08 8.52418e-25
-0.000260488 -4.66918e-08 1.92297e-24
-0.000260639 -7.86915e-08 3.24086e-24
-0.000260817 -1.16434e-07 4.79525e-24
-0.000261017 -1.58837e-07 6.54158e-24
-0.000261231 -2.04383e-07 8.41738e-24
-0.000261453 -2.51548e-07 1.03599e-23
-0.000261673 -2.98685e-07 1.23011e-23
-0.000261884 -3.43887e-07 1.41628e-23
-0.000262076 -3.85142e-07 1.58618e-23
-0.000262239 -4.20483e-07 1.73173e-23
-0.000262365 -4.48275e-07 1.84619e-23
-0.00026245 -4.67499e-07 1.92536e-23
-0.00026249 -4.77505e-07 1.96657e-23
-0.000262484 -4.7772e-07 1.96746e-23
-0.000262428 -4.67804e-07 1.92662e-23
-0.000262325 -4.47811e-07 1.84428e-23
-0.000262175 -4.18038e-07 1.72166e-23
-0.00026198 -3.78851e-07 1.56027e-23
-0.000261742 -3.3071e-07 1.36201e-23
-0.000261466 -2.74207e-07 1.1293e-23
-0.000261153 -2.10019e-07 8.64948e-24
-0.000260808 -1.38859e-07 5.71881e-24
-0.000260434 -6.13975e-08 2.52862e-24
-0.000260034 2.18206e-08 -8.98667e-25
-0.000259611 1.10316e-07 -4.54328e-24
-0.000259167 2.03604e-07 -8.38528e-24
-0.000258703 3.0127e-07 -1.24076e-23
-0.000258223 4.03046e-07 -1.65992e-23
-0.000257726 5.08751e-07 -2.09526e-23
-0.000257214 6.18219e-07 -2.54609e-23
-0.000256689 7.30901e-07 -3.01017e-23
-0.000256158 8.45443e-07 -3.4819e-23
-0.00025563 9.60091e-07 -3.95407e-23
-0.000255111 1.07315e-06 -4.41968e-23
-0.000254612 1.18293e-06 -4.87182e-23
-0.000254138 1.28775e-06 -5.30351e-23
-0.000253699 1.38595e-06 -5.70793e-23
-0.000253301 1.47596e-06 -6.07866e-23
-0.000252951 1.55639e-06 -6.40989e-23
-0.000252655 1.62602e-06 -6.69667e-23
-0.000252417 1.68382e-06 -6.9347e-23
-0.000252242 1.72885e-06 -7.12016e-23
-0.000252131 1.76056e-06 -7.25074e-23
-0.000252084 1.77899e-06 -7.32667e-23
-0.000252099 1.78459e-06 -7.34973e-23
-0.000252173 1.77788e-06 -7.32209e-23
-0.000252301 1.75994e-06 -7.2482e-23
-0.000252471 1.73294e-06 -7.13701e-23
-0.000252671 1.69962e-06 -6.99978e-23
-0.000252886 1.66273e-06 -6.84783e-23
-0.000253106 1.62477e-06 -6.6915e-23
-0.000253319 1.58781e-06 -6.53928e-23
-0.000253516 1.55362e-06 -6.39848e-23
-0.000253691 1.5239e-06 -6.27608e-23
-0.000253835 1.50008e-06 -6.17798e-23
-0.000253943 1.48312e-06 -6.10812e-23
-0.000254014 1.47367e-06 -6.0692e-23
-0.000254044 1.47227e-06 -6.06346e-23
-0.000254032 1.47891e-06 -6.09077e-23
-0.000253986 1.49245e-06 -6.14657e-23
-0.000253912 1.5112e-06 -6.22378e-23
-0.000253819 1.53337e-06 -6.31506e-23
-0.000253717 1.55726e-06 -6.41347e-23
-0.00025361 1.58148e-06 -6.51321e-23
-0.000253507 1.60475e-06 -6.60906e-23
-0.000253412 1.62581e-06 -6.69579e-23
-0.000253331 1.64367e-06 -6.76935e-23
-0.000253267 1.65797e-06 -6.82822e-23
-0.000253218 1.66866e-06 -6.87226e-23
-0.000253186 1.67574e-06 -6.90143e-23
-0.00025317 1.67955e-06 -6.9171e-23
-0.000253164 1.68109e-06 -6.92345e-23
-0.000253162 1.68175e-06 -6.92617e-23
-0.000253157 1.68292e-06 -6.93101e-23
-0.000253146 1.68566e-06 -6.94229e-23
-0.000253126 1.69029e-06 -6.96135e-23
-0.000253097 1.69676e-06 -6.98799e-23
-0.00025306 1.70502e-06 -7.02199e-23
-0.000253016 1.715e-06 -7.0631e-23
-0.000252964 1.72659e-06 -7.11086e-23
-0.000252906 1.73967e-06 -7.16473e-23
-0.000252841 1.75411e-06 -7.22418e-23
-0.00025277 1.76997e-06 -7.28949e-23
-0.000252691 1.78768e-06 -7.36244e-23
-0.0002526 1.80788e-06 -7.44564e-23
-0.000252494 1.83119e-06 -7.54163e-23
-0.000252372 1.8581e-06 -7.65248e-23
-0.000252231 1.88889e-06 -7.77927e-23
-0.000252071 1.92368e-06 -7.92255e-23
-0.000251893 1.96257e-06 -8.08272e-23
-0.000251697 2.00499e-06 -8.25744e-23
-0.000251493 2.04902e-06 -8.43876e-23
-0.000251295 2.09202e-06 -8.61583e-23
-0.000251113 2.13135e-06 -8.77783e-23
-0.000250961 2.16443e-06 -8.91407e-23
-0.000250851 2.18871e-06 -9.01406e-23
-0.000250794 2.2017e-06 -9.06754e-23
-0.000250802 2.20098e-06 -9.06458e-23
-0.000250882 2.18497e-06 -8.99867e-23
-0.000251034 2.15373e-06 -8.87e-23
-0.000251253 2.10819e-06 -8.68243e-23
-0.000251536 2.04937e-06 -8.44019e-23
-0.000251873 1.97876e-06 -8.1494e-23
-0.000252255 1.89877e-06 -7.81994e-23
-0.000252667 1.81225e-06 -7.46364e-23
-0.000253096 1.72211e-06 -7.09238e-23
-0.000253528 1.63097e-06 -6.71705e-23
-0.000253955 1.54101e-06 -6.34656e-23
-0.000254366 1.4541e-06 -5.98862e-23
-0.000254753 1.37206e-06 -5.65073e-23
-0.000255109 1.29633e-06 -5.33884e-23
-0.000255431 1.22763e-06 -5.05593e-23
-0.000255718 1.16629e-06 -4.80327e-23
-0.000255968 1.11253e-06 -4.58188e-23
-0.000256181 1.06654e-06 -4.39246e-23
-0.000256356 1.02839e-06 -4.23537e-23
-0.000256494 9.98123e-07 -4.1107e-23
-0.000256595 9.75694e-07 -4.01833e-23
-0.00025666 9.60909e-07 -3.95744e-23
-0.000256692 9.53266e-07 -3.92596e-23
-0.000256693 9.52092e-07 -3.92113e-23
-0.000256668 9.56703e-07 -3.94012e-23
-0.000256619 9.66504e-07 -3.98048e-23
-0.000256548 9.81107e-07 -4.04062e-23
-0.000256457 1.00023e-06 -4.11939e-23
-0.000256348 1.02362e-06 -4.2157e-23
-0.000256221 1.05086e-06 -4.32788e-23
-0.000256081 1.08125e-06 -4.45304e-23
-0.000255931 1.11395e-06 -4.58773e-23
-0.000255776 1.14815e-06 -4.7286e-23
-0.000255617 1.18324e-06 -4.87309e-23
-0.000255457 1.21894e-06 -5.02012e-23
-0.000255295 1.2552e-06 -5.16947e-23
-0.000255131 1.292e-06 -5.32101e-23
-0.000254965 1.32951e-06 -5.47549e-23
-0.000254793 1.36831e-06 -5.63529e-23
-0.000254612 1.40919e-06 -5.80367e-23
-0.000254417 1.45294e-06 -5.98386e-23
-0.000254205 1.50032e-06 -6.17898e-23
-0.000253972 1.55205e-06 -6.39202e-23
-0.000253714 1.6088e-06 -6.62575e-23
-0.000253429 1.67121e-06 -6.88278e-23
-0.000253115 1.73951e-06 -7.16406e-23
-0.000252775 1.81315e-06 -7.46733e-23
-0.000252412 1.89114e-06 -7.78854e-23
-0.000252033 1.97246e-06 -8.12346e-23
-0.000251642 2.05582e-06 -8.46676e-23
-0.000251249 2.13945e-06 -8.81117e-23
-0.000250862 2.22132e-06 -9.14834e-23
-0.000250492 2.29939e-06 -9.46987e-23
-0.000250147 2.37193e-06 -9.76865e-23
-0.000249832 2.43787e-06 -1.00402e-22
-0.00024955 2.4965e-06 -1.02817e-22
-0.000249305 2.54709e-06 -1.049e-22
-0.000249099 2.58918e-06 -1.06633e-22
-0.000248932 2.62296e-06 -1.08025e-22
-0.000248801 2.6489e-06 -1.09093e-22
-0.000248703 2.66752e-06 -1.0986e-22
-0.000248637 2.67938e-06 -1.10348e-22
-0.0002486 2.68509e-06 -1.10584e-22
-0.000248588 2.68537e-06 -1.10595e-22
-0.000248598 2.68088e-06 -1.1041e-22
-0.000248628 2.67202e-06 -1.10045e-22
-0.00024868 2.6586e-06 -1.09493e-22
-0.000248755 2.64013e-06 -1.08732e-22
-0.000248857 2.61614e-06 -1.07744e-22
-0.000248986 2.58643e-06 -1.0652e-22
-0.000249141 2.55129e-06 -1.05073e-22
-0.000249319 2.51131e-06 -1.03427e-22
-0.000249517 2.46709e-06 -1.01606e-22
-0.000249732 2.4193e-06 -9.96373e-23
-0.000249962 2.36865e-06 -9.75513e-23
-0.000250201 2.3159e-06 -9.53788e-23
-0.000250448 2.26183e-06 -9.3152e-23
-0.000250697 2.20725e-06 -9.09042e-23
-0.000250944 2.15302e-06 -8.86707e-23
-0.000251186 2.10001e-06 -8.64875e-23
-0.000251418 2.0491e-06 -8.43908e-23
-0.000251637 2.00097e-06 -8.24086e-23
-0.000251842 1.95591e-06 -8.05527e-23
-0.000252031 1.91398e-06 -7.8826e-23
-0.000252206 1.87524e-06 -7.72307e-23
-0.000252365 1.83963e-06 -7.57641e-23
-0.00025251 1.80685e-06 -7.44138e-23
-0.000252644 1.77645e-06 -7.3162e-23
-0.000252768 1.748e-06 -7.19902e-23
-0.000252886 1.72087e-06 -7.08731e-23
-0.000253001 1.69413e-06 -6.97716e-23
-0.000253118 1.66664e-06 -6.86394e-23
-0.000253244 1.63728e-06 -6.74302e-23
-0.000253383 1.60494e-06 -6.60983e-23
-0.000253541 1.56851e-06 -6.45982e-23
-0.000253722 1.52693e-06 -6.28854e-23
-0.000253931 1.47911e-06 -6.09162e-23
-0.000254171 1.42466e-06 -5.86735e-23
-0.000254437 1.36444e-06 -5.61936e-23
-0.000254722 1.30003e-06 -5.35408e-23
-0.000255018 1.23298e-06 -5.07796e-23
-0.000255317 1.16508e-06 -4.79829e-23
-0.000255608 1.09852e-06 -4.52418e-23
-0.00025588 1.03572e-06 -4.26553e-23
-0.000256121 9.79013e-07 -4.032e-23
-0.000256325 9.30105e-07 -3.83057e-23
-0.000256489 8.89431e-07 -3.66306e-23
-0.000256613 8.5673e-07 -3.52839e-23
-0.000256701 8.31661e-07 -3.42514e-23
-0.000256755 8.13526e-07 -3.35045e-23
-0.000256783 8.00955e-07 -3.29868e-23
-0.000256792 7.9222e-07 -3.26271e-23
-0.000256791 7.85566e-07 -3.2353e-23
-0.000256789 7.79354e-07 -3.20972e-23
-0.000256791 7.72203e-07 -3.18027e-23
-0.000256805 7.62888e-07 -3.1419e-23
-0.000256837 7.5022e-07 -3.08973e-23
-0.000256889 7.33364e-07 -3.02031e-23
-0.000256964 7.12175e-07 -2.93304e-23
-0.00025706 6.86903e-07 -2.82896e-23
-0.000257176 6.57857e-07 -2.70934e-23
-0.000257311 6.25398e-07 -2.57566e-23
-0.000257462 5.89928e-07 -2.42958e-23
-0.000257628 5.51898e-07 -2.27296e-23
-0.000257806 5.11816e-07 -2.10788e-23
-0.000257994 4.70143e-07 -1.93625e-23
-0.000258191 4.27182e-07 -1.75932e-23
-0.000258395 3.83173e-07 -1.57807e-23
-0.000258604 3.38405e-07 -1.3937e-23
-0.000258817 2.93545e-07 -1.20894e-23
-0.000259025 2.49992e-07 -1.02957e-23
-0.000259221 2.09534e-07 -8.62952e-24
-0.000259395 1.73964e-07 -7.16457e-24
-0.00025954 1.4501e-07 -5.97213e-24
-0.000259647 1.24277e-07 -5.11825e-24
-0.000259709 1.13275e-07 -4.66515e-24
-0.00025972 1.13463e-07 -4.67289e-24
-0.000259674 1.25777e-07 -5.18005e-24
-0.000259572 1.50135e-07 -6.18323e-24
-0.000259417 1.85887e-07 -7.65562e-24
-0.000259212 2.32317e-07 -9.56782e-24
-0.000258964 2.8793e-07 -1.18582e-23
-0.000258687 3.49678e-07 -1.44013e-23
-0.000258401 4.137e-07 -1.70379e-23
-0.000258122 4.76141e-07 -1.96095e-23
-0.000257868 5.33397e-07 -2.19676e-23
-0.000257654 5.82346e-07 -2.39835e-23
-0.000257492 6.20171e-07 -2.55413e-23
-0.000257397 6.44147e-07 -2.65287e-23
-0.000257377 6.52086e-07 -2.68557e-23
-0.000257439 6.42814e-07 -2.64739e-23
-0.000257585 6.15742e-07 -2.53589e-23
-0.000257817 5.70397e-07 -2.34914e-23
-0.000258133 5.07195e-07 -2.08885e-23
-0.000258522 4.28261e-07 -1.76376e-23
-0.00025897 3.36644e-07 -1.38645e-23
-0.000259461 2.35438e-07 -9.69635e-24
-0.00025998 1.2791e-07 -5.2679e-24
-0.00026051 1.7662e-08 -7.27398e-25
-0.000261033 -9.15717e-08 3.77132e-24
-0.00026153 -1.96129e-07 8.07743e-24
-0.000261987 -2.92729e-07 1.20559e-23
-0.00026239 -3.78792e-07 1.56003e-23
-0.00026273 -4.52178e-07 1.86227e-23
-0.000262997 -5.10907e-07 2.10414e-23
-0.000263184 -5.5351e-07 2.27959e-23
-0.000263289 -5.79415e-07 2.38628e-23
-0.000263312 -5.88599e-07 2.42411e-23
-0.000263253 -5.81202e-07 2.39364e-23
-0.000263116 -5.57718e-07 2.29692e-23
-0.000262905 -5.19216e-07 2.13835e-23
-0.000262628 -4.67114e-07 1.92378e-23
-0.000262293 -4.02935e-07 1.65946e-23
-0.000261907 -3.28076e-07 1.35116e-23
-0.000261474 -2.43584e-07 1.00318e-23
-0.000261001 -1.50331e-07 6.19129e-24
-0.000260491 -4.92257e-08 2.02733e-24
-0.000259951 5.85259e-08 -2.41035e-24
-0.00025939 1.71137e-07 -7.04816e-24
-0.000258818 2.86535e-07 -1.18008e-23
-0.000258245 4.02691e-07 -1.65846e-23
-0.00025768 5.17787e-07 -2.13247e-23
-0.00025713 6.30392e-07 -2.59623e-23
-0.000256601 7.3933e-07 -3.04488e-23
-0.000256098 8.43525e-07 -3.474e-23
-0.000255624 9.4241e-07 -3.88125e-23
-0.000255178 1.03636e-06 -4.26817e-23
-0.000254755 1.12628e-06 -4.63851e-23
-0.000254351 1.21319e-06 -4.99643e-23
-0.000253959 1.29814e-06 -5.34631e-23
-0.000253576 1.38223e-06 -5.69261e-23
-0.000253196 1.46656e-06 -6.03993e-23
-0.000252812 1.5523e-06 -6.39305e-23
-0.000252421 1.6402e-06 -6.75507e-23
-0.000252024 1.73012e-06 -7.12538e-23
-0.000251623 1.82144e-06 -7.50146e-23
-0.000251221 1.91357e-06 -7.88091e-23
-0.000250824 2.00514e-06 -8.25802e-23
-0.000250446 2.09307e-06 -8.62016e-23
-0.000250105 2.17346e-06 -8.95124e-23
-0.00024982 2.24247e-06 -9.23544e-23
-0.000249605 2.2969e-06 -9.45964e-23
-0.000249469 2.33482e-06 -9.61581e-23
-0.000249418 2.35498e-06 -9.69884e-23
-0.000249457 2.35626e-06 -9.70411e-23
-0.000249586 2.33839e-06 -9.63052e-23
-0.0002498 2.30277e-06 -9.48381e-23
-0.000250086 2.25169e-06 -9.27343e-23
-0.000250433 2.1875e-06 -9.00908e-23
-0.000250829 2.11281e-06 -8.70147e-23
-0.000251258 2.03068e-06 -8.36323e-23
-0.000251705 1.9444e-06 -8.00789e-23
-0.000252155 1.85722e-06 -7.64884e-23
-0.000252593 1.77191e-06 -7.29748e-23
-0.000253011 1.6903e-06 -6.96138e-23
-0.000253403 1.6137e-06 -6.64591e-23
-0.000253762 1.54331e-06 -6.35602e-23
-0.000254087 1.47964e-06 -6.09378e-23
-0.000254381 1.42185e-06 -5.85579e-23
-0.000254652 1.36838e-06 -5.63558e-23
-0.000254907 1.31759e-06 -5.42642e-23
-0.000255157 1.26757e-06 -5.2204e-23
-0.000255412 1.21584e-06 -5.00737e-23
-0.000255685 1.15968e-06 -4.77608e-23
-0.00025599 1.09638e-06 -4.51535e-23
-0.000256339 1.02352e-06 -4.21531e-23
-0.000256739 9.3936e-07 -3.86869e-23
-0.000257197 8.42488e-07 -3.46973e-23
-0.000257719 7.31596e-07 -3.01303e-23
-0.00025831 6.05927e-07 -2.49547e-23
-0.000258967 4.65773e-07 -1.91825e-23
-0.000259686 3.1202e-07 -1.28503e-23
-0.000260463 1.45631e-07 -5.9977e-24
-0.000261292 -3.22715e-08 1.32908e-24
-0.000262165 -2.20304e-07 9.07308e-24
-0.000263077 -4.16942e-07 1.71715e-23
-0.000264018 -6.20639e-07 2.55606e-23
-0.000264982 -8.30138e-07 3.41887e-23
-0.000265967 -1.04479e-06 4.30291e-23
-0.000266971 -1.26429e-06 5.20691e-23
-0.000267991 -1.48836e-06 6.12971e-23
-0.000269025 -1.71649e-06 7.06923e-23
-0.000270068 -1.94767e-06 8.02135e-23
-0.000271114 -2.1807e-06 8.98105e-23
-0.000272158 -2.41441e-06 9.94359e-23
-0.000273192 -2.64731e-06 1.09028e-22
-0.000274205 -2.87705e-06 1.18489e-22
-0.000275184 -3.10092e-06 1.27709e-22
-0.000276118 -3.31636e-06 1.36582e-22
-0.000276995 -3.52098e-06 1.45009e-22
-0.000277804 -3.71259e-06 1.52901e-22
-0.000278537 -3.8892e-06 1.60174e-22
-0.000279186 -4.04899e-06 1.66755e-22
-0.000279744 -4.19075e-06 1.72593e-22
-0.000280215 -4.31447e-06 1.77689e-22
-0.000280601 -4.42063e-06 1.82061e-22
-0.000280902 -4.50952e-06 1.85722e-22
-0.000281124 -4.58195e-06 1.88704e-22
-0.000281273 -4.63929e-06 1.91066e-22
-0.000281358 -4.68315e-06 1.92872e-22
-0.000281388 -4.71526e-06 1.94195e-22
-0.000281374 -4.73771e-06 1.95119e-22
-0.000281331 -4.75343e-06 1.95767e-22
-0.000281274 -4.76569e-06 1.96272e-22
-0.00028122 -4.77774e-06 1.96768e-22
-0.000281183 -4.79214e-06 1.97361e-22
-0.000281168 -4.81016e-06 1.98103e-22
-0.000281179 -4.83235e-06 1.99017e-22
-0.000281218 -4.85907e-06 2.00118e-22
-0.000281284 -4.88995e-06 2.01389e-22
-0.000281368 -4.92315e-06 2.02757e-22
-0.000281459 -4.95605e-06 2.04111e-22
-0.000281544 -4.98586e-06 2.05339e-22
-0.000281607 -5.0095e-06 2.06313e-22
-0.000281631 -5.0233e-06 2.06881e-22
-0.000281598 -5.02328e-06 2.06881e-22
-0.000281488 -5.00545e-06 2.06146e-22
-0.000281288 -4.967e-06 2.04563e-22
-0.000280997 -4.90765e-06 2.02118e-22
-0.000280618 -4.82842e-06 1.98855e-22
-0.000280157 -4.73035e-06 1.94816e-22
-0.000279619 -4.61468e-06 1.90053e-22
-0.000279011 -4.48303e-06 1.84631e-22
-0.000278343 -4.33723e-06 1.78626e-22
-0.000277622 -4.1791e-06 1.72113e-22
-0.000276854 -4.0099e-06 1.65145e-22
-0.00027604 -3.82982e-06 1.57728e-22
-0.000275177 -3.63842e-06 1.49846e-22
-0.000274264 -3.43533e-06 1.41482e-22
-0.000273294 -3.21952e-06 1.32594e-22
-0.000272257 -2.9887e-06 1.23088e-22
-0.000271139 -2.73994e-06 1.12843e-22
-0.000269926 -2.47041e-06 1.01742e-22
-0.000268609 -2.17824e-06 8.97095e-23
-0.000267187 -1.86344e-06 7.67445e-23
-0.000265666 -1.52706e-06 6.28911e-23
-0.00026405 -1.17029e-06 4.81978e-23
-0.000262354 -7.95548e-07 3.27641e-23
-0.000260592 -4.05957e-07 1.67191e-23
-0.000258779 -5.20313e-09 2.14287e-25
-0.000256936 4.02373e-07 -1.65715e-23
-0.000255082 8.12935e-07 -3.34802e-23
-0.000253234 1.22289e-06 -5.0364e-23
-0.000251407 1.62896e-06 -6.70875e-23
-0.000249617 2.0279e-06 -8.35177e-23
-0.000247875 2.41698e-06 -9.95417e-23
-0.000246192 2.79444e-06 -1.15087e-22
-0.000244572 3.15906e-06 -1.30104e-22
-0.000243021 3.50976e-06 -1.44547e-22
-0.000241541 3.84582e-06 -1.58388e-22
-0.000240132 4.16717e-06 -1.71622e-22
-0.000238793 4.47414e-06 -1.84264e-22
-0.000237522 4.76717e-06 -1.96333e-22
-0.000236316 5.04639e-06 -2.07832e-22
-0.000235179 5.31132e-06 -2.18743e-22
-0.000234113 5.5614e-06 -2.29043e-22
-0.000233122 5.79551e-06 -2.38684e-22
-0.00023221 6.01279e-06 -2.47633e-22
-0.000231377 6.21324e-06 -2.55888e-22
-0.000230622 6.39687e-06 -2.63451e-22
-0.000229943 6.56387e-06 -2.70329e-22
-0.00022934 6.71433e-06 -2.76525e-22
-0.000228812 6.84817e-06 -2.82037e-22
-0.000228361 6.96523e-06 -2.86858e-22
-0.000227986 7.06537e-06 -2.90982e-22
-0.000227684 7.14922e-06 -2.94436e-22
-0.000227444 7.21897e-06 -2.97308e-22
-0.000227253 7.27756e-06 -2.99721e-22
-0.000227095 7.32792e-06 -3.01796e-22
-0.000226958 7.37287e-06 -3.03647e-22
-0.000226829 7.41506e-06 -3.05384e-22
-0.000226696 7.45699e-06 -3.07111e-22
-0.000226547 7.50105e-06 -3.08926e-22
-0.000226374 7.54909e-06 -3.10904e-22
-0.000226174 7.602e-06 -3.13083e-22
-0.000225945 7.66011e-06 -3.15476e-22
-0.000225688 7.72362e-06 -3.18092e-22
-0.000225405 7.79185e-06 -3.20902e-22
-0.000225107 7.86252e-06 -3.23812e-22
-0.00022481 7.93244e-06 -3.26692e-22
-0.000224529 7.99841e-06 -3.29409e-22
-0.00022428 8.05727e-06 -3.31833e-22
-0.000224078 8.10597e-06 -3.33839e-22
-0.000223938 8.14159e-06 -3.35306e-22
-0.000223873 8.16129e-06 -3.36117e-22
-0.000223893 8.16315e-06 -3.36194e-22
-0.000224 8.14701e-06 -3.35529e-22
-0.000224189 8.11369e-06 -3.34157e-22
-0.000224458 8.06417e-06 -3.32117e-22
-0.000224799 7.9999e-06 -3.2947e-22
-0.000225201 7.9232e-06 -3.26312e-22
-0.000225651 7.83688e-06 -3.22757e-22
-0.000226137 7.74386e-06 -3.18926e-22
-0.000226647 7.64657e-06 -3.14919e-22
-0.000227174 7.54651e-06 -3.10798e-22
-0.000227713 7.44464e-06 -3.06603e-22
-0.000228259 7.34197e-06 -3.02374e-22
-0.000228809 7.23903e-06 -2.98135e-22
-0.000229366 7.1352e-06 -2.93858e-22
-0.000229939 7.02934e-06 -2.89499e-22
-0.000230529 6.92036e-06 -2.8501e-22
-0.000231141 6.80732e-06 -2.80355e-22
-0.00023178 6.68944e-06 -2.755e-22
-0.000232447 6.5661e-06 -2.7042e-22
-0.000233145 6.43672e-06 -2.65092e-22
-0.000233873 6.30119e-06 -2.5951e-22
-0.000234628 6.16024e-06 -2.53705e-22
-0.000235405 6.01506e-06 -2.47726e-22
-0.000236196 5.86688e-06 -2.41623e-22
-0.000236996 5.71696e-06 -2.35449e-22
-0.000237799 5.56659e-06 -2.29256e-22
-0.000238597 5.41708e-06 -2.23099e-22
-0.000239384 5.26972e-06 -2.1703e-22
-0.000240155 5.12564e-06 -2.11096e-22
-0.000240905 4.98571e-06 -2.05333e-22
-0.00024163 4.85064e-06 -1.9977e-22
-0.000242328 4.72107e-06 -1.94434e-22
-0.000242995 4.59752e-06 -1.89346e-22
-0.000243629 4.48033e-06 -1.84519e-22
-0.00024423 4.36969e-06 -1.79963e-22
-0.000244797 4.26575e-06 -1.75682e-22
-0.000245329 4.16872e-06 -1.71686e-22
-0.000245822 4.07909e-06 -1.67995e-22
-0.000246275 3.99745e-06 -1.64632e-22
-0.000246684 3.92429e-06 -1.61619e-22
-0.000247046 3.86052e-06 -1.58993e-22
-0.000247352 3.80787e-06 -1.56825e-22
-0.000247593 3.7685e-06 -1.55203e-22
-0.000247757 3.74445e-06 -1.54213e-22
-0.000247837 3.73771e-06 -1.53935e-22
-0.000247822 3.7503e-06 -1.54454e-22
-0.000247703 3.78417e-06 -1.55849e-22
-0.000247472 3.84113e-06 -1.58194e-22
-0.000247126 3.922e-06 -1.61525e-22
-0.000246668 4.02579e-06 -1.658e-22
-0.000246108 4.15049e-06 -1.70935e-22
-0.000245457 4.29393e-06 -1.76843e-22
-0.000244731 4.45276e-06 -1.83384e-22
-0.000243957 4.62117e-06 -1.9032e-22
-0.00024317 4.7921e-06 -1.97359e-22
-0.000242401 4.95852e-06 -2.04214e-22
-0.000241685 5.11341e-06 -2.10592e-22
-0.000241056 5.24959e-06 -2.16201e-22
-0.000240546 5.35999e-06 -2.20748e-22
-0.000240189 5.43772e-06 -2.23949e-22
-0.00024001 5.47711e-06 -2.25571e-22
-0.000240026 5.47472e-06 -2.25473e-22
-0.000240245 5.4284e-06 -2.23565e-22
-0.000240677 5.3363e-06 -2.19772e-22
-0.000241325 5.19748e-06 -2.14055e-22
-0.000242185 5.01256e-06 -2.06439e-22
-0.000243248 4.78311e-06 -1.96989e-22
-0.000244506 4.51088e-06 -1.85778e-22
-0.000245944 4.19854e-06 -1.72914e-22
-0.000247541 3.85047e-06 -1.58579e-22
-0.000249271 3.47193e-06 -1.42989e-22
-0.000251107 3.06819e-06 -1.26361e-22
-0.000253025 2.64443e-06 -1.08909e-22
-0.000254999 2.20567e-06 -9.0839e-23
-0.000257007 1.75675e-06 -7.23507e-23
-0.000259024 1.30231e-06 -5.36348e-23
-0.00026103 8.46895e-07 -3.48788e-23
-0.000263003 3.95083e-07 -1.62712e-23
-0.00026492 -4.86898e-08 2.00526e-24
-0.000266764 -4.80328e-07 1.9782e-23
-0.00026852 -8.96893e-07 3.6938e-23
-0.000270183 -1.29746e-06 5.3435e-23
-0.000271757 -1.68232e-06 6.92853e-23
-0.000273245 -2.05211e-06 8.45149e-23
-0.000274652 -2.40751e-06 9.91518e-23
-0.000275977 -2.748e-06 1.13175e-22
-0.000277224 -3.0744e-06 1.26617e-22
-0.000278401 -3.38817e-06 1.39539e-22
-0.000279511 -3.68972e-06 1.51958e-22
-0.000280561 -3.98022e-06 1.63923e-22
-0.000281557 -4.26066e-06 1.75472e-22
-0.000282509 -4.53225e-06 1.86658e-22
-0.000283424 -4.7956e-06 1.97504e-22
-0.000284293 -5.04958e-06 2.07964e-22
-0.00028512 -5.29342e-06 2.18006e-22
-0.000285893 -5.52485e-06 2.27537e-22
-0.000286595 -5.74129e-06 2.36451e-22
-0.000287224 -5.94154e-06 2.44699e-22
-0.000287773 -6.12372e-06 2.52201e-22
-0.000288234 -6.28629e-06 2.58897e-22
-0.0002886 -6.42735e-06 2.64706e-22
-0.000288861 -6.54464e-06 2.69537e-22
-0.000289006 -6.63568e-06 2.73286e-22
-0.000289024 -6.69794e-06 2.7585e-22
-0.000288909 -6.72918e-06 2.77137e-22
-0.000288652 -6.72796e-06 2.77087e-22
-0.000288245 -6.69316e-06 2.75653e-22
-0.000287686 -6.62357e-06 2.72787e-22
-0.000286971 -6.51871e-06 2.68469e-22
-0.000286103 -6.37914e-06 2.62721e-22
-0.000285089 -6.20617e-06 2.55597e-22
-0.000283935 -6.00103e-06 2.47149e-22
-0.000282652 -5.76585e-06 2.37463e-22
-0.00028126 -5.50434e-06 2.26692e-22
-0.000279779 -5.22111e-06 2.15028e-22
-0.00027823 -4.92072e-06 2.02657e-22
-0.000276634 -4.60771e-06 1.89765e-22
-0.000275014 -4.2867e-06 1.76545e-22
-0.000273391 -3.96233e-06 1.63186e-22
-0.000271786 -3.63901e-06 1.4987e-22
-0.000270218 -3.32043e-06 1.3675e-22
-0.000268695 -3.0088e-06 1.23916e-22
-0.000267227 -2.70552e-06 1.11425e-22
-0.000265817 -2.41177e-06 9.93271e-23
-0.000264465 -2.12771e-06 8.76282e-23
-0.000263164 -1.85162e-06 7.62579e-23
-0.000261899 -1.58075e-06 6.5102e-23
-0.000260657 -1.31217e-06 5.40409e-23
-0.000259425 -1.04346e-06 4.29741e-23
-0.000258198 -7.73234e-07 3.18451e-23
-0.000256969 -5.00681e-07 2.06202e-23
-0.000255736 -2.24904e-07 9.26253e-24
-0.000254497 5.41587e-08 -2.23049e-24
-0.000253259 3.34791e-07 -1.37881e-23
-0.000252036 6.14381e-07 -2.53029e-23
-0.000250838 8.90412e-07 -3.6671e-23
-0.00024968 1.15993e-06 -4.77709e-23
-0.000248579 1.41897e-06 -5.84392e-23
-0.000247556 1.66312e-06 -6.84944e-23
-0.00024663 1.88816e-06 -7.77628e-23
-0.000245822 2.09005e-06 -8.60772e-23
-0.000245147 2.26482e-06 -9.32751e-23
-0.000244625 2.40873e-06 -9.92018e-23
-0.000244269 2.51829e-06 -1.03714e-22
-0.000244092 2.59112e-06 -1.06713e-22
-0.000244095 2.62674e-06 -1.08181e-22
-0.000244272 2.62582e-06 -1.08143e-22
-0.00024462 2.58928e-06 -1.06638e-22
-0.00024513 2.51832e-06 -1.03715e-22
-0.000245795 2.41443e-06 -9.94367e-23
-0.000246605 2.27933e-06 -9.38726e-23
-0.00024755 2.11487e-06 -8.70997e-23
-0.000248618 1.92365e-06 -7.92244e-23
-0.000249784 1.71056e-06 -7.04483e-23
-0.000251017 1.48154e-06 -6.10164e-23
-0.00025229 1.24212e-06 -5.1156e-23
-0.000253576 9.97623e-07 -4.10864e-23
-0.000254853 7.52563e-07 -3.09938e-23
-0.000256102 5.10996e-07 -2.1045e-23
-0.000257302 2.76704e-07 -1.13959e-23
-0.000258438 5.30241e-08 -2.18376e-24
-0.000259497 -1.57331e-07 6.47958e-24
-0.000260467 -3.5217e-07 1.45039e-23
-0.00026134 -5.29656e-07 2.18135e-23
-0.000262114 -6.89288e-07 2.83879e-23
-0.000262797 -8.32897e-07 3.43023e-23
-0.000263405 -9.63704e-07 3.96895e-23
-0.000263956 -1.08524e-06 4.46947e-23
-0.000264468 -1.20149e-06 4.94827e-23
-0.000264966 -1.31714e-06 5.42455e-23
-0.000265476 -1.43751e-06 5.9203e-23
-0.000266024 -1.5677e-06 6.45646e-23
-0.000266633 -1.71257e-06 7.05312e-23
-0.000267327 -1.87697e-06 7.73016e-23
-0.000268129 -2.0653e-06 8.50578e-23
-0.00026906 -2.28199e-06 9.39823e-23
-0.000270142 -2.53127e-06 1.04248e-22
-0.000271395 -2.8171e-06 1.1602e-22
-0.000272839 -3.14319e-06 1.2945e-22
-0.000274491 -3.51299e-06 1.4468e-22
-0.00027637 -3.92965e-06 1.6184e-22
-0.000278487 -4.39598e-06 1.81046e-22
-0.000280853 -4.91451e-06 2.02401e-22
-0.000283478 -5.48732e-06 2.25992e-22
-0.000286369 -6.11568e-06 2.5187e-22
-0.000289526 -6.79958e-06 2.80036e-22
-0.000292945 -7.53812e-06 3.10452e-22
-0.00029662 -8.32994e-06 3.43063e-22
-0.000300542 -9.17301e-06 3.77784e-22
-0.000304692 -1.0064e-05 4.1448e-22
-0.000309055 -1.09988e-05 4.5298e-22
-0.000313605 -1.19731e-05 4.93104e-22
-0.000318323 -1.29819e-05 5.3465e-22
-0.000323178 -1.40194e-05 5.77381e-22
-0.000328139 -1.50795e-05 6.21041e-22
-0.000333175 -1.61559e-05 6.65368e-22
-0.000338252 -1.72415e-05 7.10081e-22
-0.000343333 -1.83287e-05 7.54855e-22
-0.000348377 -1.94089e-05 7.99344e-22
-0.000353344 -2.0474e-05 8.4321e-22
-0.000358199 -2.15165e-05 8.86142e-22
-0.000362909 -2.25298e-05 9.27875e-22
-0.000367448 -2.35084e-05 9.68178e-22
-0.000371791 -2.4447e-05 1.00683e-21
-0.000375916 -2.53409e-05 1.04365e-21
-0.000379805 -2.61866e-05 1.07848e-21
-0.000383445 -2.69812e-05 1.1112e-21
-0.000386826 -2.77224e-05 1.14173e-21
-0.000389938 -2.84082e-05 1.16997e-21
-0.000392776 -2.90373e-05 1.19588e-21
-0.000395337 -2.96092e-05 1.21943e-21
-0.00039762 -3.01233e-05 1.24061e-21
-0.000399625 -3.05795e-05 1.2594e-21
-0.000401348 -3.09768e-05 1.27576e-21
-0.000402786 -3.13144e-05 1.28966e-21
-0.000403937 -3.15917e-05 1.30108e-21
-0.000404799 -3.1808e-05 1.30999e-21
-0.000405367 -3.19625e-05 1.31635e-21
-0.000405639 -3.20539e-05 1.32012e-21
-0.000405611 -3.20816e-05 1.32126e-21
-0.00040528 -3.20449e-05 1.31975e-21
-0.000404646 -3.19435e-05 1.31557e-21
-0.000403709 -3.17771e-05 1.30872e-21
-0.000402469 -3.15457e-05 1.29919e-21
-0.000400927 -3.12496e-05 1.287e-21
-0.00039909 -3.0889e-05 1.27214e-21
-0.000396956 -3.04643e-05 1.25465e-21
-0.000394529 -2.99761e-05 1.23455e-21
-0.000391815 -2.94256e-05 1.21187e-21
-0.000388821 -2.88145e-05 1.18671e-21
-0.00038556 -2.81452e-05 1.15914e-21
-0.000382043 -2.742e-05 1.12928e-21
-0.000378288 -2.66418e-05 1.09723e-21
-0.00037431 -2.58141e-05 1.06314e-21
-0.000370124 -2.49408e-05 1.02717e-21
-0.00036575 -2.40256e-05 9.89479e-22
-0.000361211 -2.30732e-05 9.50254e-22
-0.000356531 -2.20889e-05 9.09716e-22
-0.000351737 -2.10786e-05 8.68107e-22
-0.000346858 -2.00482e-05 8.25671e-22
-0.000341917 -1.90026e-05 7.82611e-22
-0.000336929 -1.79451e-05 7.39059e-22
-0.000331911 -1.68778e-05 6.951e-22
-0.000326867 -1.58026e-05 6.5082e-22
-0.000321801 -1.4721e-05 6.06275e-22
-0.000316715 -1.36329e-05 5.61461e-22
-0.000311603 -1.25373e-05 5.16342e-22
-0.00030646 -1.14335e-05 4.70881e-22
-0.000301287 -1.03206e-05 4.25047e-22
-0.000296078 -9.19824e-06 3.78824e-22
-0.000290832 -8.0662e-06 3.32201e-22
-0.000285549 -6.92427e-06 2.85171e-22
-0.00028023 -5.77311e-06 2.37762e-22
-0.000274889 -4.61525e-06 1.90076e-22
-0.000269541 -3.45417e-06 1.42258e-22
-0.000264204 -2.29328e-06 9.4447e-23
-0.000258894 -1.13635e-06 4.67999e-23
-0.000253635 1.1978e-08 -4.93307e-25
-0.000248449 1.14675e-06 -4.72283e-23
-0.00024336 2.2632e-06 -9.32085e-23
-0.000238387 3.35714e-06 -1.38261e-22
-0.000233546 4.42533e-06 -1.82254e-22
-0.000228849 5.46524e-06 -2.25082e-22
-0.000224306 6.47459e-06 -2.66652e-22
-0.000219924 7.45183e-06 -3.06899e-22
-0.000215706 8.39654e-06 -3.45806e-22
-0.000211665 9.30765e-06 -3.83329e-22
-0.000207788 1.01864e-05 -4.19521e-22
-0.000204063 1.10343e-05 -4.54441e-22
-0.000200497 1.18502e-05 -4.88044e-22
-0.000197091 1.26335e-05 -5.20302e-22
-0.000193849 1.33834e-05 -5.51186e-22
-0.000190771 1.40998e-05 -5.80691e-22
-0.000187864 1.4781e-05 -6.08746e-22
-0.000185141 1.54238e-05 -6.3522e-22
-0.00018261 1.60263e-05 -6.60031e-22
-0.000180277 1.65866e-05 -6.83108e-22
-0.00017815 1.71034e-05 -7.04394e-22
-0.000176231 1.75756e-05 -7.23841e-22
-0.000174523 1.80022e-05 -7.41409e-22
-0.000173031 1.83824e-05 -7.57066e-22
-0.000171755 1.87154e-05 -7.7078e-22
-0.000170698 1.90006e-05 -7.82526e-22
-0.00016986 1.92375e-05 -7.92285e-22
-0.000169245 1.94254e-05 -8.00021e-22
-0.000168859 1.95624e-05 -8.05664e-22
-0.000168712 1.96464e-05 -8.09125e-22
-0.000168811 1.96755e-05 -8.10321e-22
-0.000169167 1.96474e-05 -8.09167e-22
-0.000169788 1.95602e-05 -8.05575e-22
-0.000170684 1.94117e-05 -7.99456e-22
-0.000171864 1.91997e-05 -7.90726e-22
-0.000173334 1.8923e-05 -7.79332e-22
-0.000175092 1.85819e-05 -7.65284e-22
-0.000177133 1.81774e-05 -7.48623e-22
-0.000179451 1.77105e-05 -7.29396e-22
-0.000182038 1.71833e-05 -7.07684e-22
-0.000184877 1.65994e-05 -6.83635e-22
-0.000187946 1.59632e-05 -6.57433e-22
-0.000191228 1.52793e-05 -6.29267e-22
-0.0001947 1.45523e-05 -5.99326e-22
-0.000198334 1.37874e-05 -5.67826e-22
-0.000202108 1.29902e-05 -5.34994e-22
-0.000205994 1.21661e-05 -5.01051e-22
-0.000209973 1.13197e-05 -4.66195e-22
-0.000214027 1.04548e-05 -4.30574e-22
-0.000218154 9.57427e-06 -3.9431e-22
-0.000222339 8.68101e-06 -3.57521e-22
-0.000226564 7.77744e-06 -3.20309e-22
-0.000230828 6.86532e-06 -2.82743e-22
-0.000235121 5.94626e-06 -2.44893e-22
-0.000239434 5.02175e-06 -2.06817e-22
-0.000243772 4.09254e-06 -1.68548e-22
-0.00024814 3.1581e-06 -1.30064e-22
-0.000252544 2.21717e-06 -9.13127e-23
-0.000256986 1.26871e-06 -5.22509e-23
-0.000261471 3.11531e-07 -1.28302e-23
-0.000266006 -6.55586e-07 2.69999e-23
-0.000270595 -1.63289e-06 6.72495e-23
-0.000275245 -2.62181e-06 1.07977e-22
-0.00027996 -3.6234e-06 1.49227e-22
-0.000284734 -4.63619e-06 1.90938e-22
-0.000289559 -5.65852e-06 2.33043e-22
-0.000294426 -6.68823e-06 2.7545e-22
-0.00029932 -7.7224e-06 3.18042e-22
-0.000304221 -8.75663e-06 3.60636e-22
-0.000309102 -9.78568e-06 4.03017e-22
-0.000313939 -1.08042e-05 4.44964e-22
-0.000318712 -1.18073e-05 4.86277e-22
-0.000323386 -1.27883e-05 5.26679e-22
-0.000327922 -1.374e-05 5.65873e-22
-0.000332292 -1.46562e-05 6.03607e-22
-0.000336467 -1.55309e-05 6.39631e-22
-0.000340423 -1.63594e-05 6.73752e-22
-0.000344139 -1.71376e-05 7.05802e-22
-0.000347598 -1.78618e-05 7.35626e-22
-0.000350785 -1.8529e-05 7.63106e-22
-0.000353693 -1.91382e-05 7.88196e-22
-0.000356323 -1.96893e-05 8.10892e-22
-0.000358674 -2.01826e-05 8.31205e-22
-0.000360748 -2.06183e-05 8.49149e-22
-0.000362544 -2.09965e-05 8.64729e-22
-0.000364065 -2.13176e-05 8.7795e-22
-0.000365311 -2.15818e-05 8.88834e-22
-0.000366287 -2.17903e-05 8.97417e-22
-0.000366998 -2.1944e-05 9.03748e-22
-0.000367453 -2.20446e-05 9.07891e-22
-0.000367659 -2.20939e-05 9.0992e-22
-0.000367625 -2.20936e-05 9.0991e-22
-0.000367358 -2.20451e-05 9.07911e-22
-0.000366863 -2.19494e-05 9.03971e-22
-0.000366147 -2.18079e-05 8.98145e-22
-0.000365215 -2.16216e-05 8.90472e-22
-0.000364066 -2.13902e-05 8.80943e-22
-0.000362696 -2.1113e-05 8.69526e-22
-0.000361103 -2.07895e-05 8.56201e-22
-0.000359285 -2.04189e-05 8.40939e-22
-0.000357236 -2e-05 8.23685e-22
-0.000354948 -1.95312e-05 8.04378e-22
-0.000352416 -1.90112e-05 7.82966e-22
-0.000349635 -1.84393e-05 7.59409e-22
-0.000346604 -1.78147e-05 7.33687e-22
-0.000343321 -1.71374e-05 7.05791e-22
-0.000339787 -1.64073e-05 6.75723e-22
-0.000336006 -1.56255e-05 6.43524e-22
-0.000331992 -1.47945e-05 6.09302e-22
-0.000327761 -1.3918e-05 5.73204e-22
-0.000323331 -1.29998e-05 5.35386e-22
-0.000318722 -1.20438e-05 4.96015e-22
-0.000313955 -1.10547e-05 4.55279e-22
-0.000309053 -1.00372e-05 4.13375e-22
-0.000304039 -8.99622e-06 3.70503e-22
-0.000298947 -7.9379e-06 3.26917e-22
-0.000293801 -6.8681e-06 2.82858e-22
-0.000288628 -5.79286e-06 2.38575e-22
-0.000283461 -4.71911e-06 1.94354e-22
-0.000278341 -3.65318e-06 1.50454e-22
-0.000273296 -2.60073e-06 1.07109e-22
-0.00026834 -1.56717e-06 6.45428e-23
-0.000263495 -5.57747e-07 2.29704e-23
-0.000258786 4.2245e-07 -1.73983e-23
-0.000254236 1.36842e-06 -5.63575e-23
-0.000249867 2.27544e-06 -9.37125e-23
-0.000245709 3.13891e-06 -1.29274e-22
-0.00024178 3.95455e-06 -1.62866e-22
-0.000238096 4.71829e-06 -1.9432e-22
-0.000234671 5.42648e-06 -2.23486e-22
-0.000231519 6.07514e-06 -2.50201e-22
-0.000228661 6.66051e-06 -2.74308e-22
-0.000226107 7.17938e-06 -2.95678e-22
-0.000223875 7.62859e-06 -3.14178e-22
-0.000221976 8.0053e-06 -3.29693e-22
-0.000220421 8.30699e-06 -3.42118e-22
-0.00021922 8.53165e-06 -3.5137e-22
-0.00021838 8.67764e-06 -3.57383e-22
-0.000217907 8.74357e-06 -3.60098e-22
-0.000217806 8.72825e-06 -3.59467e-22
-0.000218089 8.62917e-06 -3.55386e-22
-0.000218768 8.44331e-06 -3.47732e-22
-0.000219856 8.16845e-06 -3.36412e-22
-0.000221363 7.80185e-06 -3.21314e-22
-0.000223306 7.34011e-06 -3.02298e-22
-0.000225701 6.77952e-06 -2.7921e-22
-0.000228565 6.11673e-06 -2.51913e-22
-0.000231911 5.34866e-06 -2.20281e-22
-0.000235763 4.47149e-06 -1.84155e-22
-0.000240135 3.48222e-06 -1.43413e-22
-0.000245029 2.37952e-06 -9.7999e-23
-0.000250451 1.16168e-06 -4.78428e-23
-0.000256408 -1.72953e-07 7.12296e-24
-0.000262906 -1.62545e-06 6.69432e-23
-0.000269947 -3.19657e-06 1.31649e-22
-0.000277532 -4.88668e-06 2.01254e-22
-0.000285661 -6.69603e-06 2.75771e-22
-0.000294335 -8.62457e-06 3.55197e-22
-0.000303548 -1.06719e-05 4.39513e-22
-0.000313297 -1.2837e-05 5.28683e-22
-0.000323574 -1.51186e-05 6.22651e-22
-0.000334371 -1.75151e-05 7.21349e-22
-0.000345675 -2.00244e-05 8.24692e-22
-0.000357469 -2.26426e-05 9.3252e-22
-0.000369717 -2.53624e-05 1.04453e-21
-0.000382374 -2.81746e-05 1.16035e-21
-0.000395396 -3.107e-05 1.2796e-21
-0.000408732 -3.4038e-05 1.40183e-21
-0.000422318 -3.70652e-05 1.5265e-21
-0.000436084 -4.01369e-05 1.65301e-21
-0.000449962 -4.32388e-05 1.78076e-21
-0.00046388 -4.63556e-05 1.90912e-21
-0.000477756 -4.94699e-05 2.03739e-21
-0.000491503 -5.25635e-05 2.16479e-21
-0.000505041 -5.56189e-05 2.29063e-21
-0.000518292 -5.86198e-05 2.41422e-21
-0.000531188 -6.15511e-05 2.53494e-21
-0.000543666 -6.43992e-05 2.65224e-21
-0.000555668 -6.71515e-05 2.76559e-21
-0.000567147 -6.97975e-05 2.87456e-21
-0.000578072 -7.233e-05 2.97886e-21
-0.000588422 -7.4744e-05 3.07828e-21
-0.000598182 -7.70354e-05 3.17265e-21
-0.000607351 -7.92032e-05 3.26193e-21
-0.000615947 -8.12505e-05 3.34625e-21
-0.000624004 -8.31834e-05 3.42585e-21
-0.000631557 -8.50087e-05 3.50103e-21
-0.000638645 -8.67334e-05 3.57206e-21
-0.00064531 -8.83654e-05 3.63927e-21
-0.000651595 -8.99131e-05 3.70301e-21
-0.000657545 -9.13845e-05 3.76361e-21
-0.000663199 -9.27874e-05 3.82139e-21
-0.00066859 -9.4128e-05 3.8766e-21
-0.000673747 -9.54119e-05 3.92948e-21
-0.000678697 -9.66441e-05 3.98022e-21
-0.000683461 -9.78282e-05 4.02899e-21
-0.000688047 -9.89654e-05 4.07583e-21
-0.000692454 -0.000100055 4.12071e-21
-0.00069668 -0.000101097 4.16362e-21
-0.000700716 -0.000102089 4.20446e-21
-0.000704549 -0.000103027 4.2431e-21
-0.000708157 -0.000103907 4.27936e-21
-0.000711519 -0.000104725 4.31305e-21
-0.000714608 -0.000105476 4.34395e-21
-0.000717395 -0.000106152 4.3718e-21
-0.000719847 -0.000106747 4.39632e-21
-0.000721929 -0.000107255 4.41724e-21
-0.000723609 -0.000107669 4.43427e-21
-0.000724856 -0.000107982 4.44716e-21
-0.000725643 -0.000108188 4.45566e-21
-0.000725938 -0.000108282 4.45954e-21
-0.000725715 -0.000108259 4.45858e-21
-0.000724952 -0.000108114 4.4526e-21
-0.000723629 -0.000107843 4.44146e-21
-0.000721731 -0.000107444 4.42502e-21
-0.000719243 -0.000106914 4.40318e-21
-0.000716156 -0.00010625 4.37585e-21
-0.000712464 -0.000105453 4.343e-21
-0.000708162 -0.000104521 4.30461e-21
-0.000703248 -0.000103453 4.26065e-21
-0.000697715 -0.000102249 4.21106e-21
-0.000691555 -0.000100907 4.1558e-21
-0.000684766 -9.94268e-05 4.09483e-21
-0.000677345 -9.78072e-05 4.02812e-21
-0.000669289 -9.6048e-05 3.95567e-21
-0.000660597 -9.4149e-05 3.87746e-21
-0.000651272 -9.21104e-05 3.79351e-21
-0.000641322 -8.99342e-05 3.70388e-21
-0.000630766 -8.76243e-05 3.60875e-21
-0.000619631 -8.51866e-05 3.50835e-21
-0.000607948 -8.26269e-05 3.40293e-21
-0.00059575 -7.99526e-05 3.2928e-21
-0.000583087 -7.7174e-05 3.17836e-21
-0.000570013 -7.43025e-05 3.0601e-21
-0.000556584 -7.13498e-05 2.93849e-21
-0.000542865 -6.83297e-05 2.81411e-21
-0.000528946 -6.52612e-05 2.68774e-21
-0.000514925 -6.21653e-05 2.56024e-21
-0.000500902 -5.90628e-05 2.43246e-21
-0.000486977 -5.59752e-05 2.3053e-21
-0.00047326 -5.29259e-05 2.17972e-21
-0.000459864 -4.99392e-05 2.05671e-21
-0.000446897 -4.70382e-05 1.93723e-21
-0.000434464 -4.42454e-05 1.82222e-21
-0.00042267 -4.15836e-05 1.71259e-21
-0.000411614 -3.90744e-05 1.60925e-21
-0.000401391 -3.67386e-05 1.51306e-21
-0.000392085 -3.45946e-05 1.42475e-21
-0.000383765 -3.26579e-05 1.34499e-21
-0.000376489 -3.09419e-05 1.27432e-21
-0.00037031 -2.94587e-05 1.21324e-21
-0.000365266 -2.82175e-05 1.16212e-21
-0.000361379 -2.72239e-05 1.1212e-21
-0.000358655 -2.64806e-05 1.09059e-21
-0.000357098 -2.59894e-05 1.07036e-21
-0.000356696 -2.57493e-05 1.06047e-21
-0.000357418 -2.57547e-05 1.06069e-21
-0.000359219 -2.59973e-05 1.07068e-21
-0.000362053 -2.64686e-05 1.09009e-21
-0.000365869 -2.71586e-05 1.11851e-21
-0.000370605 -2.80555e-05 1.15545e-21
-0.000376199 -2.91467e-05 1.20039e-21
-0.000382586 -3.04196e-05 1.25281e-21
-0.000389705 -3.18614e-05 1.31219e-21
-0.00039749 -3.34592e-05 1.378e-21
-0.000405881 -3.52001e-05 1.44969e-21
-0.000414816 -3.70717e-05 1.52677e-21
-0.000424242 -3.90626e-05 1.60877e-21
-0.000434111 -4.11624e-05 1.69525e-21
-0.00044438 -4.33621e-05 1.78584e-21
-0.000455012 -4.56531e-05 1.88019e-21
-0.000465974 -4.80282e-05 1.97801e-21
-0.000477243 -5.04816e-05 2.07905e-21
-0.000488801 -5.30092e-05 2.18315e-21
-0.000500635 -5.56071e-05 2.29014e-21
-0.000512734 -5.8272e-05 2.3999e-21
-0.000525092 -6.10018e-05 2.51232e-21
-0.000537704 -6.37944e-05 2.62733e-21
-0.000550567 -6.66482e-05 2.74486e-21
-0.000563675 -6.95608e-05 2.86482e-21
-0.000577012 -7.25279e-05 2.98701e-21
-0.00059056 -7.55443e-05 3.11124e-21
-0.000604296 -7.86047e-05 3.23728e-21
-0.000618191 -8.17015e-05 3.36482e-21
-0.000632195 -8.48233e-05 3.49339e-21
-0.000646247 -8.79566e-05 3.62243e-21
-0.000660285 -9.10873e-05 3.75137e-21
-0.000674239 -9.42001e-05 3.87957e-21
-0.000688025 -9.72766e-05 4.00627e-21
-0.000701553 -0.000100297 4.13066e-21
-0.000714731 -0.000103241 4.25192e-21
-0.000727477 -0.000106089 4.36922e-21
-0.000739691 -0.000108822 4.48176e-21
-0.000751277 -0.000111419 4.58871e-21
-0.000762159 -0.000113861 4.68929e-21
-0.000772258 -0.00011613 4.78274e-21
-0.000781487 -0.000118211 4.86843e-21
-0.000789775 -0.000120089 4.94577e-21
-0.000797065 -0.00012175 5.01421e-21
-0.000803314 -0.000123185 5.07329e-21
-0.000808474 -0.000124383 5.12263e-21
-0.000812506 -0.000125338 5.16194e-21
-0.000815389 -0.000126043 5.191e-21
-0.000817106 -0.000126496 5.20965e-21
-0.000817667 -0.000126697 5.21793e-21
-0.000817089 -0.00012665 5.21599e-21
-0.000815397 -0.000126359 5.20401e-21
-0.000812621 -0.00012583 5.18224e-21
-0.000808802 -0.000125071 5.15098e-21
-0.000803987 -0.000124092 5.11063e-21
-0.000798223 -0.0001229 5.06157e-21
-0.000791564 -0.000121508 5.00423e-21
-0.000784062 -0.000119925 4.93903e-21
-0.000775773 -0.000118162 4.86644e-21
-0.00076675 -0.000116231 4.78689e-21
-0.000757044 -0.00011414 4.70079e-21
-0.000746692 -0.000111898 4.60844e-21
-0.000735723 -0.000109509 4.51007e-21
-0.000724165 -0.00010698 4.40591e-21
-0.00071204 -0.000104315 4.29615e-21
-0.000699365 -0.000101517 4.1809e-21
-0.000686149 -9.85874e-05 4.06026e-21
-0.000672399 -9.55284e-05 3.93427e-21
-0.000658121 -9.2341e-05 3.803e-21
-0.000643332 -8.90265e-05 3.6665e-21
-0.000628027 -8.55857e-05 3.52479e-21
-0.0006122 -8.20191e-05 3.3779e-21
-0.000595856 -7.83273e-05 3.22586e-21
-0.000578996 -7.4512e-05 3.06873e-21
-0.000561646 -7.05752e-05 2.90659e-21
-0.000543806 -6.65183e-05 2.73951e-21
-0.000525468 -6.23438e-05 2.56759e-21
-0.000506646 -5.8055e-05 2.39096e-21
-0.000487365 -5.36564e-05 2.2098e-21
-0.000467632 -4.9152e-05 2.02429e-21
-0.000447453 -4.45454e-05 1.83457e-21
-0.000426836 -3.98383e-05 1.64072e-21
-0.000405779 -3.50322e-05 1.44278e-21
-0.000384284 -3.01285e-05 1.24082e-21
-0.00036235 -2.51284e-05 1.0349e-21
-0.000339976 -2.00326e-05 8.25031e-22
-0.00031716 -1.48419e-05 6.11254e-22
-0.000293901 -9.55739e-06 3.93615e-22
-0.000270204 -4.18122e-06 1.72201e-22
-0.000246082 1.28316e-06 -5.28462e-23
-0.00022155 6.83126e-06 -2.81341e-22
-0.000196725 1.24489e-05 -5.12699e-22
-0.000171558 1.81428e-05 -7.47201e-22
-0.000146013 2.39087e-05 -9.84663e-22
-0.000120199 2.97268e-05 -1.22428e-21
-9.41216e-05 3.5594e-05 -1.46592e-21
-6.78464e-05 4.14964e-05 -1.709e-21
-4.14271e-05 4.74226e-05 -1.95307e-21
-1.49308e-05 5.33577e-05 -2.1975e-21
1.15697e-05 5.92869e-05 -2.44169e-21
3.80029e-05 6.51946e-05 -2.685e-21
6.42835e-05 7.10633e-05 -2.9267e-21
9.03298e-05 7.68757e-05 -3.16607e-21
0.000116052 8.26132e-05 -3.40237e-21
0.000141365 8.82582e-05 -3.63485e-21
0.000166179 9.37919e-05 -3.86276e-21
0.000190406 9.91965e-05 -4.08534e-21
0.000213959 0.000104454 -4.30187e-21
0.000236757 0.000109547 -4.51164e-21
0.000258725 0.000114462 -4.71403e-21
0.000279796 0.000119183 -4.90848e-21
0.000299894 0.000123699 -5.09446e-21
0.000318968 0.000127997 -5.27146e-21
0.000336975 0.000132066 -5.43907e-21
0.000353867 0.000135899 -5.59693e-21
0.000369591 0.000139488 -5.74471e-21
0.000384127 0.000142826 -5.88218e-21
0.00039746 0.000145908 -6.00912e-21
0.000409561 0.00014873 -6.12535e-21
0.000420423 0.00015129 -6.23078e-21
0.00043 0.000153557 -8.98704e-21
0.000438301 0.000155538 -9.07058e-21
0.000445402 0.000157275 -9.14383e-21
0.000451359 0.000158773 -9.20705e-21
0.000456219 0.000160042 -9.26066e-21
0.000460045 0.000161096 -9.3052e-21
0.00046291 0.00016195 -9.34131e-21
0.000464894 0.00016262 -9.36966e-21
0.000466071 0.00016312 -9.39093e-21
0.000466511 0.000163467 -9.40571e-21
0.000466281 0.000163674 -9.41458e-21
0.00046542 0.000163754 -9.41814e-21
0.000464012 0.000163722 -9.41698e-21
0.000462095 0.000163588 -9.41156e-21
0.00045972 0.000163365 -1.33524e-20
0.000456963 0.000163059 -1.33398e-20
0.000453847 0.00016268 -1.33242e-20
0.000450428 0.000162238 -1.3306e-20
0.000446743 0.000161739 -1.32854e-20
0.000442822 0.000161191 -1.32629e-20
0.000438698 0.0001606 -1.32385e-20
0.000434384 0.000159971 -1.32126e-20
0.000429895 0.000159305 -1.31852e-20
0.000425239 0.000158605 -1.31564e-20
0.000420432 0.000157875 -1.31263e-20
0.000415481 0.000157116 -1.3095e-20
0.000410398 0.000156331 -1.30627e-20
0.000405194 0.000155522 -1.30294e-20
0.000399881 0.000154692 -1.29952e-20
0.000394463 0.000153842 -1.29602e-20
0.000388944 0.000152972 -1.29244e-20
0.000383329 0.000152084 -1.28878e-20
0.000377624 0.000151178 -1.28505e-20
0.000371829 0.000150254 -1.28124e-20
0.000365942 0.000149312 -1.27736e-20
0.000359965 0.000148352 -1.27341e-20
0.000353899 0.000147374 -1.26938e-20
0.000347745 0.000146376 -1.26527e-20
0.000341499 0.000145358 -1.26108e-20
0.000335164 0.00014432 -1.2568e-20
0.000328788 0.000143268 -1.25247e-20
0.000322418 0.000142208 -1.2481e-20
0.000316448 0.000141196 -1.24394e-20
0.000310951 0.000140243 -1.24001e-20
0.000305467 0.000139284 -1.23606e-20
0.000299896 0.000138306 -1.23203e-20
0.000294246 0.000137309 -1.22793e-20
0.000288751 0.00013633 -1.2239e-20
0.000283456 0.000135378 -1.21998e-20
0.000278281 0.000134446 -1.21614e-20
0.000273327 0.000133551 -1.21245e-20
0.000268638 0.000132705 -1.20897e-20
0.000264296 0.000131924 -1.20575e-20
0.000260364 0.00013122 -1.20285e-20
0.00025691 0.000130609 -1.20033e-20
0.000254004 0.000130102 -1.19825e-20
0.000251372 0.000129715 -1.19666e-20
0.000249065 0.000129461 -1.19561e-20
0.00024752 0.000129348 -1.19514e-20
0.000246774 0.000129384 -1.19529e-20
0.000246857 0.000129577 -1.19609e-20
0.000247807 0.000129933 -1.19755e-20
0.000249642 0.000130458 -1.19971e-20
0.000252449 0.000131164 -1.20262e-20
0.000256182 0.000132048 -1.20626e-20
0.00026079 0.000133102 -1.2106e-20
0.000266301 0.000134332 -1.21567e-20
0.000272712 0.000135738 -1.22146e-20
0.000280038 0.00013732 -1.22798e-20
0.000288267 0.000139079 -1.23522e-20
0.000297359 0.00014101 -1.24317e-20
0.000307273 0.00014311 -1.25182e-20
0.000318001 0.00014538 -1.26117e-20
0.000329512 0.000147813 -1.27119e-20
0.000341765 0.000150403 -1.28186e-20
0.000354725 0.000153143 -1.29314e-20
0.000366798 0.000155784 -9.54558e-21
0.000377463 0.000158104 -9.79504e-21
0.000388288 0.000160518 -4.96618e-21
0.000399474 0.000163021 -9.30986e-21
0.000410976 0.000165607 -1.0265e-20
0.000422765 0.000168264 -1.40836e-20
0.000434801 0.000170982 -1.02995e-20
0.000447064 0.000173769 -8.41951e-21
0.000459512 0.000176582 -1.57579e-20
0.000471938 0.000179242 -1.22323e-20
0.000484432 0.000181961 -1.40149e-20
0.000497083 0.000184725 -1.72029e-20
0.000509859 0.000187483 -7.46252e-21
0.000522743 0.000190283 -8.94909e-21
0.000535739 0.000193117 -1.44142e-20
0.000548849 0.000195982 -1.41523e-20
0.00056166 0.000198571 -1.30239e-20
0.000574118 0.000201049 1.25129e-17
0.000586318 0.000203522 -8.19551e-21
0.000598444 0.000205994 4.06875e-21
0.000610629 0.000208467 -1.4645e-20
0.000622603 0.000210858 -1.14828e-21
0.000633997 0.000212984 -8.4271e-21
0.000645642 0.000215128 -8.40465e-21
0.000657048 0.000216935 -9.30995e-21
0.000668179 0.000218744 -1.58032e-20
0.000679272 0.000220553 -7.48688e-21
0.000690321 0.000222347 -1.03987e-17
0.000701311 0.000224128 -1.56947e-20
0.000712206 0.000225883 -2.33747e-18
0.000722946 0.000227605 -4.17736e-19
0.000733384 0.000229259 -3.32859e-20
0.000742996 0.000230667 -3.30266e-18
0.000752724 0.000232056 -2.81028e-20
0.000762111 0.000233249 -2.0274e-20
0.000771049 0.000234407 -2.28166e-20
0.000779637 0.00023552 1.0309e-19
0.000787923 0.000236588 -2.56244e-21
0.00079589 0.000237618 -2.27038e-20
0.000803513 0.000238602 -9.39879e-20
0.000810762 0.000239532 -7.1192e-21
0.000817609 0.000240405 -3.33496e-20
0.000824026 0.000241221 -3.06808e-21
0.000829994 0.000241976 -1.56728e-20
0.00083549 0.000242669 -6.18927e-22
0.000840489 0.000243297 -4.89736e-21
0.000844975 0.000243858 2.10068e-20
0.000848947 0.000244353 -2.21611e-20
0.0008524 0.000244779 -4.5251e-20
0.000855176 0.000245122 1.5069e-19
0.000857161 0.000245368 -1.9955e-20
0.000858366 0.000245519 -1.26595e-20
0.000858769 0.000245571 -1.95926e-20
0.000858144 0.000245385 -9.93066e-21
0.000856406 0.000244957 -9.90481e-21
0.000853544 0.000244288 -9.8649e-21
0.000849566 0.00024338 -9.81101e-21
0.000844491 0.000242237 -9.74332e-21
0.000838335 0.000240861 -9.66205e-21
0.000831126 0.000239259 -9.5675e-21
0.000822893 0.000237435 -9.45996e-21
0.000813659 0.000235394 -9.33971e-21
0.000803453 0.000233141 -9.20704e-21
0.000792303 0.000230683 -9.06227e-21
0.000780242 0.000228025 -8.90576e-21
0.000767309 0.000225174 -8.73795e-21
0.000753544 0.00022214 -8.55931e-21
0.000738989 0.00021893 -8.37031e-21
0.000723686 0.000215552 -8.17144e-21
0.000707678 0.000212016 -7.96321e-21
0.000691005 0.00020833 -7.7461e-21
0.000673707 0.000204502 -7.52059e-21
0.000655825 0.00020054 -7.28717e-21
0.000637394 0.000196453 -7.0463e-21
0.000618452 0.000192247 -6.79844e-21
0.000599031 0.000187931 -6.54403e-21
0.000579165 0.000183512 -6.28348e-21
0.000558879 0.000178996 -6.01716e-21
0.000538199 0.000174388 -5.74544e-21
0.000517149 0.000169696 -5.46865e-21
0.00049575 0.000164922 -5.1871e-21
0.000474022 0.000160074 -4.90111e-21
0.000451984 0.000155156 -4.61098e-21
0.000429654 0.000150172 -4.31699e-21
0.000407051 0.000145128 -4.01944e-21
0.00038419 0.000140027 -3.71861e-21
0.000361092 0.000134876 -3.41481e-21
0.000337773 0.000129679 -3.10833e-21
0.000314255 0.00012444 -2.79948e-21
0.000290554 0.000119165 -2.48855e-21
0.000266689 0.000113859 -2.17584e-21
0.000242683 0.000108527 -1.86166e-21
0.000218559 0.000103175 -1.54638e-21
0.000194344 9.78083e-05 -1.23035e-21
0.000170066 9.24345e-05 -9.13964e-22
0.000145758 8.70606e-05 -5.97661e-22
0.000121455 8.16942e-05 -2.8189e-22
9.71928e-05 7.63431e-05 3.28939e-23
7.30094e-05 7.10156e-05 3.46215e-22
4.89467e-05 6.57203e-05 6.57565e-22
2.50521e-05 6.0467e-05 9.66373e-22
1.38101e-06 5.52672e-05 1.27198e-21
-2.2006e-05 5.01332e-05 1.57366e-21
-4.50464e-05 4.50778e-05 1.87069e-21
-6.76805e-05 4.01129e-05 2.16238e-21
-8.98563e-05 3.52489e-05 2.44812e-21
-0.000111526 3.04951e-05 2.72739e-21
-0.000132643 2.58609e-05 2.99965e-21
-0.000153155 2.13561e-05 3.26435e-21
-0.000173007 1.69918e-05 3.52082e-21
-0.000192138 1.27798e-05 3.76842e-21
-0.000210493 8.73106e-06 4.0065e-21
-0.000228021 4.85531e-06 4.23451e-21
-0.000244681 1.16067e-06 4.45198e-21
-0.000260438 -2.34619e-06 4.65855e-21
-0.000275261 -5.65976e-06 4.85388e-21
-0.000289125 -8.77499e-06 5.03771e-21
-0.000302003 -1.16867e-05 5.20973e-21
-0.00031387 -1.43901e-05 5.36967e-21
-0.000324708 -1.68821e-05 5.51735e-21
-0.000334514 -1.91617e-05 5.65273e-21
-0.000343297 -2.12315e-05 5.77594e-21
-0.000351081 -2.30962e-05 5.88727e-21
-0.000357895 -2.47621e-05 5.98708e-21
-0.000363778 -2.62369e-05 6.07583e-21
-0.000368772 -2.75297e-05 6.15404e-21
-0.000372929 -2.86508e-05 6.22229e-21
-0.000376305 -2.96114e-05 6.28125e-21
-0.00037896 -3.04244e-05 6.33166e-21
-0.000380966 -3.11039e-05 6.37433e-21
-0.000382396 -3.16652e-05 6.41014e-21
-0.000383329 -3.21241e-05 6.44002e-21
-0.000383845 -3.2497e-05 6.46491e-21
-0.000384025 -3.28006e-05 6.48578e-21
-0.000383952 -3.30517e-05 6.5036e-21
-0.000383708 -3.32673e-05 6.51935e-21
-0.000383373 -3.34638e-05 6