-2.60286e-05 7.1955e-11 -2.96342e-27
-5.20573e-05 1.42695e-10 -5.87681e-27
-7.8086e-05 2.12212e-10 -8.73982e-27
-0.000104115 2.80498e-10 -1.15521e-26
-0.000130143 3.47543e-10 -1.43133e-26
-0.000156172 4.1334e-10 -1.70231e-26
-0.000182201 4.77878e-10 -1.96811e-26
-0.00020823 5.41151e-10 -2.22869e-26
-0.000234259 6.03148e-10 -2.48402e-26
-0.000260288 6.63861e-10 -2.73407e-26
-0.000260289 9.73908e-10 -4.01097e-26
-0.000260295 2.22842e-09 -9.17758e-26
-0.000260307 4.74065e-09 -1.9524e-25
-0.000260324 8.47179e-09 -3.48905e-25
-0.000260347 1.32013e-08 -5.43687e-25
-0.000260371 1.83538e-08 -7.5589e-25
-0.000260394 2.31662e-08 -9.54083e-25
-0.000260411 2.68821e-08 -1.10712e-24
-0.00026042 2.87072e-08 -1.18229e-24
-0.000260415 2.77599e-08 -1.14327e-24
-0.000260393 2.3127e-08 -9.52471e-25
-0.000260349 1.39248e-08 -5.73484e-25
-0.000260281 -5.55925e-10 2.28954e-26
-0.000260185 -2.06976e-08 8.52418e-25
-0.000260062 -4.66918e-08 1.92297e-24
-0.000259911 -7.86915e-08 3.24086e-24
-0.000259733 -1.16434e-07 4.79525e-24
-0.000259533 -1.58837e-07 6.54158e-24
-0.000259319 -2.04383e-07 8.41738e-24
-0.000259097 -2.51548e-07 1.03599e-23
-0.000258877 -2.98685e-07 1.23011e-23
-0.000258666 -3.43887e-07 1.41628e-23
-0.000258474 -3.85142e-07 1.58618e-23
-0.000258311 -4.20483e-07 1.73173e-23
-0.000258185 -4.48275e-07 1.84619e-23
-0.0002581 -4.67499e-07 1.92536e-23
-0.00025806 -4.77505e-07 1.96657e-23
-0.000258066 -4.7772e-07 1.96746e-23
-0.000258122 -4.67804e-07 1.92662e-23
-0.000258225 -4.47811e-07 1.84428e-23
-0.000258375 -4.18038e-07 1.72166e-23
-0.00025857 -3.78851e-07 1.56027e-23
-0.000258808 -3.3071e-07 1.36201e-23
-0.000259084 -2.74207e-07 1.1293e-23
-0.000259397 -2.10019e-07 8.64948e-24
-0.000259742 -1.38859e-07 5.71881e-24
-0.000260116 -6.13975e-08 2.52862e-24
-0.000260516 2.18206e-08 -8.98667e-25
-0.000260939 1.10316e-07 -4.54328e-24
-0.000261383 2.03604e-07 -8.38528e-24
-0.000261847 3.0127e-07 -1.24076e-23
-0.000262327 4.03046e-07 -1.65992e-23
-0.000262824 5.08751e-07 -2.09526e-23
-0.000263336 6.18219e-07 -2.54609e-23
-0.000263861 7.30901e-07 -3.01017e-23
-0.000264392 8.45443e-07 -3.4819e-23
-0.00026492 9.60091e-07 -3.95407e-23
-0.000265439 1.07315e-06 -4.41968e-23
-0.000265938 1.18293e-06 -4.87182e-23
-0.000266412 1.28775e-06 -5.30351e-23
-0.000266851 1.38595e-06 -5.70793e-23
-0.000267249 1.47596e-06 -6.07866e-23
-0.000267599 1.55639e-06 -6.40989e-23
-0.000267895 1.62602e-06 -6.69667e-23
-0.000268133 1.68382e-06 -6.9347e-23
-0.000268308 1.72885e-06 -7.12016e-23
-0.000268419 1.76056e-06 -7.25074e-23
-0.000268466 1.77899e-06 -7.32667e-23
-0.000268451 1.78459e-06 -7.34973e-23
-0.000268377 1.77788e-06 -7.32209e-23
-0.000268249 1.75994e-06 -7.2482e-23
-0.000268079 1.73294e-06 -7.13701e-23
-0.000267879 1.69962e-06 -6.99978e-23
-0.000267664 1.66273e-06 -6.84783e-23
-0.000267444 1.62477e-06 -6.6915e-23
-0.000267231 1.58781e-06 -6.53928e-23
-0.000267034 1.55362e-06 -6.39848e-23
-0.000266859 1.5239e-06 -6.27608e-23
-0.000266715 1.50008e-06 -6.17798e-23
-0.000266607 1.48312e-06 -6.10812e-23
-0.000266536 1.47367e-06 -6.0692e-23
-0.000266507 1.47227e-06 -6.06346e-23
-0.000266518 1.47891e-06 -6.09077e-23
-0.000266564 1.49245e-06 -6.14657e-23
-0.000266638 1.5112e-06 -6.22378e-23
-0.000266731 1.53337e-06 -6.31506e-23
-0.000266833 1.55726e-06 -6.41347e-23
-0.00026694 1.58148e-06 -6.51321e-23
-0.000267043 1.60475e-06 -6.60906e-23
-0.000267138 1.62581e-06 -6.69579e-23
-0.000267219 1.64367e-06 -6.76935e-23
-0.000267283 1.65797e-06 -6.82822e-23
-0.000267332 1.66866e-06 -6.87226e-23
-0.000267364 1.67574e-06 -6.90143e-23
-0.00026738 1.67955e-06 -6.9171e-23
-0.000267386 1.68109e-06 -6.92345e-23
-0.000267388 1.68175e-06 -6.92617e-23
-0.000267393 1.68292e-06 -6.93101e-23
-0.000267404 1.68566e-06 -6.94229e-23
-0.000267424 1.69029e-06 -6.96135e-23
-0.000267453 1.69676e-06 -6.98799e-23
-0.00026749 1.70502e-06 -7.02199e-23
-0.000267534 1.715e-06 -7.0631e-23
-0.000267586 1.72659e-06 -7.11086e-23
-0.000267644 1.73967e-06 -7.16473e-23
-0.000267709 1.75411e-06 -7.22418e-23
-0.00026778 1.76997e-06 -7.28949e-23
-0.000267859 1.78768e-06 -7.36244e-23
-0.00026795 1.80788e-06 -7.44564e-23
-0.000268056 1.83119e-06 -7.54163e-23
-0.000268178 1.8581e-06 -7.65248e-23
-0.000268319 1.88889e-06 -7.77927e-23
-0.000268478 1.92368e-06 -7.92255e-23
-0.000268657 1.96257e-06 -8.08272e-23
-0.000268853 2.00499e-06 -8.25744e-23
-0.000269056 2.04902e-06 -8.43876e-23
-0.000269255 2.09202e-06 -8.61583e-23
-0.000269437 2.13135e-06 -8.77783e-23
-0.000269589 2.16443e-06 -8.91407e-23
-0.000269699 2.18871e-06 -9.01406e-23
-0.000269756 2.2017e-06 -9.06754e-23
-0.000269748 2.20098e-06 -9.06458e-23
-0.000269668 2.18497e-06 -8.99867e-23
-0.000269516 2.15373e-06 -8.87e-23
-0.000269297 2.10819e-06 -8.68243e-23
-0.000269015 2.04937e-06 -8.44019e-23
-0.000268677 1.97876e-06 -8.1494e-23
-0.000268295 1.89877e-06 -7.81994e-23
-0.000267883 1.81225e-06 -7.46364e-23
-0.000267454 1.72211e-06 -7.09238e-23
-0.000267022 1.63097e-06 -6.71705e-23
-0.000266596 1.54101e-06 -6.34656e-23
-0.000266185 1.4541e-06 -5.98862e-23
-0.000265797 1.37206e-06 -5.65073e-23
-0.000265441 1.29633e-06 -5.33884e-23
-0.000265119 1.22763e-06 -5.05593e-23
-0.000264832 1.16629e-06 -4.80327e-23
-0.000264582 1.11253e-06 -4.58188e-23
-0.000264369 1.06654e-06 -4.39246e-23
-0.000264194 1.02839e-06 -4.23537e-23
-0.000264056 9.98123e-07 -4.1107e-23
-0.000263955 9.75694e-07 -4.01833e-23
-0.00026389 9.60909e-07 -3.95744e-23
-0.000263859 9.53266e-07 -3.92596e-23
-0.000263857 9.52092e-07 -3.92113e-23
-0.000263882 9.56703e-07 -3.94012e-23
-0.000263931 9.66504e-07 -3.98048e-23
-0.000264002 9.81107e-07 -4.04062e-23
-0.000264093 1.00023e-06 -4.11939e-23
-0.000264202 1.02362e-06 -4.2157e-23
-0.000264329 1.05086e-06 -4.32788e-23
-0.000264469 1.08125e-06 -4.45304e-23
-0.000264619 1.11395e-06 -4.58773e-23
-0.000264774 1.14815e-06 -4.7286e-23
-0.000264933 1.18324e-06 -4.87309e-23
-0.000265093 1.21894e-06 -5.02012e-23
-0.000265255 1.2552e-06 -5.16947e-23
-0.000265419 1.292e-06 -5.32101e-23
-0.000265585 1.32951e-06 -5.47549e-23
-0.000265757 1.36831e-06 -5.63529e-23
-0.000265938 1.40919e-06 -5.80367e-23
-0.000266133 1.45294e-06 -5.98386e-23
-0.000266345 1.50032e-06 -6.17898e-23
-0.000266578 1.55205e-06 -6.39202e-23
-0.000266836 1.6088e-06 -6.62575e-23
-0.000267121 1.67121e-06 -6.88278e-23
-0.000267435 1.73951e-06 -7.16406e-23
-0.000267775 1.81315e-06 -7.46733e-23
-0.000268138 1.89114e-06 -7.78854e-23
-0.000268517 1.97246e-06 -8.12346e-23
-0.000268908 2.05582e-06 -8.46676e-23
-0.000269301 2.13945e-06 -8.81117e-23
-0.000269687 2.22132e-06 -9.14834e-23
-0.000270057 2.29939e-06 -9.46987e-23
-0.000270402 2.37193e-06 -9.76865e-23
-0.000270718 2.43787e-06 -1.00402e-22
-0.000271 2.4965e-06 -1.02817e-22
-0.000271245 2.54709e-06 -1.049e-22
-0.000271451 2.58918e-06 -1.06633e-22
-0.000271619 2.62296e-06 -1.08025e-22
-0.00027175 2.6489e-06 -1.09093e-22
-0.000271847 2.66752e-06 -1.0986e-22
-0.000271913 2.67938e-06 -1.10348e-22
-0.00027195 2.68509e-06 -1.10584e-22
-0.000271962 2.68537e-06 -1.10595e-22
-0.000271953 2.68088e-06 -1.1041e-22
-0.000271922 2.67202e-06 -1.10045e-22
-0.00027187 2.6586e-06 -1.09493e-22
-0.000271795 2.64013e-06 -1.08732e-22
-0.000271693 2.61614e-06 -1.07744e-22
-0.000271564 2.58643e-06 -1.0652e-22
-0.00027141 2.55129e-06 -1.05073e-22
-0.000271232 2.51131e-06 -1.03427e-22
-0.000271034 2.46709e-06 -1.01606e-22
-0.000270818 2.4193e-06 -9.96373e-23
-0.000270589 2.36865e-06 -9.75513e-23
-0.000270349 2.3159e-06 -9.53788e-23
-0.000270103 2.26183e-06 -9.3152e-23
-0.000269854 2.20725e-06 -9.09042e-23
-0.000269606 2.15302e-06 -8.86707e-23
-0.000269364 2.10001e-06 -8.64875e-23
-0.000269132 2.0491e-06 -8.43908e-23
-0.000268913 2.00097e-06 -8.24086e-23
-0.000268709 1.95591e-06 -8.05527e-23
-0.000268519 1.91398e-06 -7.8826e-23
-0.000268345 1.87524e-06 -7.72307e-23
-0.000268185 1.83963e-06 -7.57641e-23
-0.00026804 1.80685e-06 -7.44138e-23
-0.000267906 1.77645e-06 -7.3162e-23
-0.000267782 1.748e-06 -7.19902e-23
-0.000267665 1.72087e-06 -7.08731e-23
-0.00026755 1.69413e-06 -6.97716e-23
-0.000267432 1.66664e-06 -6.86394e-23
-0.000267306 1.63728e-06 -6.74302e-23
-0.000267167 1.60494e-06 -6.60983e-23
-0.000267009 1.56851e-06 -6.45982e-23
-0.000266828 1.52693e-06 -6.28854e-23
-0.000266619 1.47911e-06 -6.09162e-23
-0.000266379 1.42466e-06 -5.86735e-23
-0.000266113 1.36444e-06 -5.61936e-23
-0.000265829 1.30003e-06 -5.35408e-23
-0.000265533 1.23298e-06 -5.07796e-23
-0.000265234 1.16508e-06 -4.79829e-23
-0.000264943 1.09852e-06 -4.52418e-23
-0.000264671 1.03572e-06 -4.26553e-23
-0.000264429 9.79013e-07 -4.032e-23
-0.000264225 9.30105e-07 -3.83057e-23
-0.000264062 8.89431e-07 -3.66306e-23
-0.000263937 8.5673e-07 -3.52839e-23
-0.000263849 8.31661e-07 -3.42514e-23
-0.000263795 8.13526e-07 -3.35045e-23
-0.000263768 8.00955e-07 -3.29868e-23
-0.000263759 7.9222e-07 -3.26271e-23
-0.000263759 7.85566e-07 -3.2353e-23
-0.000263762 7.79354e-07 -3.20972e-23
-0.000263759 7.72203e-07 -3.18027e-23
-0.000263745 7.62888e-07 -3.1419e-23
-0.000263714 7.5022e-07 -3.08973e-23
-0.000263661 7.33364e-07 -3.02031e-23
-0.000263586 7.12175e-07 -2.93304e-23
-0.00026349 6.86903e-07 -2.82896e-23
-0.000263374 6.57857e-07 -2.70934e-23
-0.000263239 6.25398e-07 -2.57566e-23
-0.000263088 5.89928e-07 -2.42958e-23
-0.000262922 5.51898e-07 -2.27296e-23
-0.000262744 5.11816e-07 -2.10788e-23
-0.000262556 4.70143e-07 -1.93625e-23
-0.00026236 4.27182e-07 -1.75932e-23
-0.000262156 3.83173e-07 -1.57807e-23
-0.000261946 3.38405e-07 -1.3937e-23
-0.000261734 2.93545e-07 -1.20894e-23
-0.000261525 2.49992e-07 -1.02957e-23
-0.00026133 2.09534e-07 -8.62952e-24
-0.000261155 1.73964e-07 -7.16457e-24
-0.000261011 1.4501e-07 -5.97213e-24
-0.000260904 1.24277e-07 -5.11825e-24
-0.000260841 1.13275e-07 -4.66515e-24
-0.000260831 1.13463e-07 -4.67289e-24
-0.000260876 1.25777e-07 -5.18005e-24
-0.000260978 1.50135e-07 -6.18323e-24
-0.000261134 1.85887e-07 -7.65562e-24
-0.000261339 2.32317e-07 -9.56782e-24
-0.000261586 2.8793e-07 -1.18582e-23
-0.000261863 3.49678e-07 -1.44013e-23
-0.00026215 4.137e-07 -1.70379e-23
-0.000262429 4.76141e-07 -1.96095e-23
-0.000262683 5.33397e-07 -2.19676e-23
-0.000262897 5.82346e-07 -2.39835e-23
-0.000263058 6.20171e-07 -2.55413e-23
-0.000263154 6.44147e-07 -2.65287e-23
-0.000263173 6.52086e-07 -2.68557e-23
-0.000263111 6.42814e-07 -2.64739e-23
-0.000262965 6.15742e-07 -2.53589e-23
-0.000262733 5.70397e-07 -2.34914e-23
-0.000262418 5.07195e-07 -2.08885e-23
-0.000262029 4.28261e-07 -1.76376e-23
-0.000261581 3.36644e-07 -1.38645e-23
-0.000261089 2.35438e-07 -9.69635e-24
-0.00026057 1.2791e-07 -5.2679e-24
-0.00026004 1.7662e-08 -7.27398e-25
-0.000259518 -9.15717e-08 3.77132e-24
-0.00025902 -1.96129e-07 8.07743e-24
-0.000258564 -2.92729e-07 1.20559e-23
-0.000258161 -3.78792e-07 1.56003e-23
-0.000257821 -4.52178e-07 1.86227e-23
-0.000257554 -5.10907e-07 2.10414e-23
-0.000257366 -5.5351e-07 2.27959e-23
-0.000257262 -5.79415e-07 2.38628e-23
-0.000257239 -5.88599e-07 2.42411e-23
-0.000257298 -5.81202e-07 2.39364e-23
-0.000257435 -5.57718e-07 2.29692e-23
-0.000257645 -5.19216e-07 2.13835e-23
-0.000257922 -4.67114e-07 1.92378e-23
-0.000258257 -4.02935e-07 1.65946e-23
-0.000258644 -3.28076e-07 1.35116e-23
-0.000259076 -2.43584e-07 1.00318e-23
-0.000259549 -1.50331e-07 6.19129e-24
-0.000260059 -4.92257e-08 2.02733e-24
-0.000260599 5.85259e-08 -2.41035e-24
-0.00026116 1.71137e-07 -7.04816e-24
-0.000261732 2.86535e-07 -1.18008e-23
-0.000262306 4.02691e-07 -1.65846e-23
-0.000262871 5.17787e-07 -2.13247e-23
-0.000263421 6.30392e-07 -2.59623e-23
-0.00026395 7.3933e-07 -3.04488e-23
-0.000264452 8.43525e-07 -3.474e-23
-0.000264926 9.4241e-07 -3.88125e-23
-0.000265372 1.03636e-06 -4.26817e-23
-0.000265795 1.12628e-06 -4.63851e-23
-0.0002662 1.21319e-06 -4.99643e-23
-0.000266591 1.29814e-06 -5.34631e-23
-0.000266974 1.38223e-06 -5.69261e-23
-0.000267355 1.46656e-06 -6.03993e-23
-0.000267738 1.5523e-06 -6.39305e-23
-0.000268129 1.6402e-06 -6.75507e-23
-0.000268526 1.73012e-06 -7.12538e-23
-0.000268927 1.82144e-06 -7.50146e-23
-0.000269329 1.91357e-06 -7.88091e-23
-0.000269726 2.00514e-06 -8.25802e-23
-0.000270105 2.09307e-06 -8.62016e-23
-0.000270445 2.17346e-06 -8.95124e-23
-0.00027073 2.24247e-06 -9.23544e-23
-0.000270945 2.2969e-06 -9.45964e-23
-0.000271081 2.33482e-06 -9.61581e-23
-0.000271132 2.35498e-06 -9.69884e-23
-0.000271094 2.35626e-06 -9.70411e-23
-0.000270964 2.33839e-06 -9.63052e-23
-0.000270751 2.30277e-06 -9.48381e-23
-0.000270465 2.25169e-06 -9.27343e-23
-0.000270117 2.1875e-06 -9.00908e-23
-0.000269722 2.11281e-06 -8.70147e-23
-0.000269292 2.03068e-06 -8.36323e-23
-0.000268845 1.9444e-06 -8.00789e-23
-0.000268396 1.85722e-06 -7.64884e-23
-0.000267958 1.77191e-06 -7.29748e-23
-0.000267539 1.6903e-06 -6.96138e-23
-0.000267148 1.6137e-06 -6.64591e-23
-0.000266788 1.54331e-06 -6.35602e-23
-0.000266464 1.47964e-06 -6.09378e-23
-0.000266169 1.42185e-06 -5.85579e-23
-0.000265899 1.36838e-06 -5.63558e-23
-0.000265643 1.31759e-06 -5.42642e-23
-0.000265394 1.26757e-06 -5.2204e-23
-0.000265139 1.21584e-06 -5.00737e-23
-0.000264865 1.15968e-06 -4.77608e-23
-0.00026456 1.09638e-06 -4.51535e-23
-0.000264212 1.02352e-06 -4.21531e-23
-0.000263812 9.3936e-07 -3.86869e-23
-0.000263354 8.42488e-07 -3.46973e-23
-0.000262831 7.31596e-07 -3.01303e-23
-0.000262241 6.05927e-07 -2.49547e-23
-0.000261583 4.65773e-07 -1.91825e-23
-0.000260864 3.1202e-07 -1.28503e-23
-0.000260087 1.45631e-07 -5.9977e-24
-0.000259259 -3.22715e-08 1.32908e-24
-0.000258385 -2.20304e-07 9.07308e-24
-0.000257474 -4.16942e-07 1.71715e-23
-0.000256533 -6.20639e-07 2.55606e-23
-0.000255568 -8.30138e-07 3.41887e-23
-0.000254583 -1.04479e-06 4.30291e-23
-0.00025358 -1.26429e-06 5.20691e-23
-0.00025256 -1.48836e-06 6.12971e-23
-0.000251525 -1.71649e-06 7.06923e-23
-0.000250482 -1.94767e-06 8.02135e-23
-0.000249436 -2.1807e-06 8.98105e-23
-0.000248392 -2.41441e-06 9.94359e-23
-0.000247358 -2.64731e-06 1.09028e-22
-0.000246344 -2.87705e-06 1.18489e-22
-0.000245365 -3.10092e-06 1.27709e-22
-0.000244431 -3.31636e-06 1.36582e-22
-0.000243555 -3.52098e-06 1.45009e-22
-0.000242745 -3.71259e-06 1.52901e-22
-0.000242012 -3.8892e-06 1.60174e-22
-0.000241363 -4.04899e-06 1.66755e-22
-0.000240805 -4.19075e-06 1.72593e-22
-0.000240336 -4.31447e-06 1.77689e-22
-0.000239953 -4.42063e-06 1.82061e-22
-0.000239656 -4.50952e-06 1.85722e-22
-0.000239437 -4.58195e-06 1.88704e-22
-0.000239292 -4.63929e-06 1.91066e-22
-0.00023921 -4.68315e-06 1.92872e-22
-0.000239183 -4.71526e-06 1.94195e-22
-0.0002392 -4.73771e-06 1.95119e-22
-0.000239247 -4.75343e-06 1.95767e-22
-0.000239306 -4.76569e-06 1.96272e-22
-0.000239362 -4.77774e-06 1.96768e-22
-0.000239403 -4.79214e-06 1.97361e-22
-0.00023942 -4.81016e-06 1.98103e-22
-0.000239412 -4.83235e-06 1.99017e-22
-0.000239375 -4.85907e-06 2.00118e-22
-0.000239311 -4.88995e-06 2.01389e-22
-0.000239228 -4.92315e-06 2.02757e-22
-0.000239139 -4.95605e-06 2.04111e-22
-0.000239056 -4.98586e-06 2.05339e-22
-0.000238994 -5.0095e-06 2.06313e-22
-0.000238971 -5.0233e-06 2.06881e-22
-0.000239005 -5.02328e-06 2.06881e-22
-0.000239115 -5.00545e-06 2.06146e-22
-0.000239315 -4.967e-06 2.04563e-22
-0.000239606 -4.90765e-06 2.02118e-22
-0.000239985 -4.82842e-06 1.98855e-22
-0.000240445 -4.73035e-06 1.94816e-22
-0.000240982 -4.61468e-06 1.90053e-22
-0.000241588 -4.48303e-06 1.84631e-22
-0.000242255 -4.33723e-06 1.78626e-22
-0.000242974 -4.1791e-06 1.72113e-22
-0.00024374 -4.0099e-06 1.65145e-22
-0.000244552 -3.82982e-06 1.57728e-22
-0.000245413 -3.63842e-06 1.49846e-22
-0.000246325 -3.43533e-06 1.41482e-22
-0.000247292 -3.21952e-06 1.32594e-22
-0.000248326 -2.9887e-06 1.23088e-22
-0.000249442 -2.73994e-06 1.12843e-22
-0.000250652 -2.47041e-06 1.01742e-22
-0.000251966 -2.17824e-06 8.97095e-23
-0.000253384 -1.86344e-06 7.67445e-23
-0.000254901 -1.52706e-06 6.28911e-23
-0.000256512 -1.17029e-06 4.81978e-23
-0.000258207 -7.95548e-07 3.27641e-23
-0.00025997 -4.05957e-07 1.67191e-23
-0.000261782 -5.20313e-09 2.14287e-25
-0.000263625 4.02373e-07 -1.65715e-23
-0.000265479 8.12935e-07 -3.34802e-23
-0.000267329 1.22289e-06 -5.0364e-23
-0.000269158 1.62896e-06 -6.70875e-23
-0.000270951 2.0279e-06 -8.35177e-23
-0.000272694 2.41698e-06 -9.95417e-23
-0.00027438 2.79444e-06 -1.15087e-22
-0.000276003 3.15906e-06 -1.30104e-22
-0.000277558 3.50976e-06 -1.44547e-22
-0.000279041 3.84582e-06 -1.58388e-22
-0.000280453 4.16717e-06 -1.71622e-22
-0.000281795 4.47414e-06 -1.84264e-22
-0.000283069 4.76717e-06 -1.96333e-22
-0.000284277 5.04639e-06 -2.07832e-22
-0.000285416 5.31132e-06 -2.18743e-22
-0.000286488 5.5614e-06 -2.29043e-22
-0.000287485 5.79551e-06 -2.38684e-22
-0.000288402 6.01279e-06 -2.47633e-22
-0.00028924 6.21324e-06 -2.55888e-22
-0.00029 6.39687e-06 -2.63451e-22
-0.000290683 6.56387e-06 -2.70329e-22
-0.000291289 6.71433e-06 -2.76525e-22
-0.000291819 6.84817e-06 -2.82037e-22
-0.000292272 6.96523e-06 -2.86858e-22
-0.000292649 7.06537e-06 -2.90982e-22
-0.000292952 7.14922e-06 -2.94436e-22
-0.000293191 7.21897e-06 -2.97308e-22
-0.000293383 7.27756e-06 -2.99721e-22
-0.000293539 7.32792e-06 -3.01796e-22
-0.000293675 7.37287e-06 -3.03647e-22
-0.000293802 7.41506e-06 -3.05384e-22
-0.000293932 7.45699e-06 -3.07111e-22
-0.000294078 7.50105e-06 -3.08926e-22
-0.000294247 7.54909e-06 -3.10904e-22
-0.000294443 7.602e-06 -3.13083e-22
-0.000294671 7.66011e-06 -3.15476e-22
-0.000294929 7.72362e-06 -3.18092e-22
-0.000295213 7.79185e-06 -3.20902e-22
-0.000295512 7.86252e-06 -3.23812e-22
-0.000295811 7.93244e-06 -3.26692e-22
-0.000296093 7.99841e-06 -3.29409e-22
-0.000296343 8.05727e-06 -3.31833e-22
-0.000296545 8.10597e-06 -3.33839e-22
-0.000296686 8.14159e-06 -3.35306e-22
-0.000296752 8.16129e-06 -3.36117e-22
-0.000296732 8.16315e-06 -3.36194e-22
-0.000296626 8.14701e-06 -3.35529e-22
-0.000296437 8.11369e-06 -3.34157e-22
-0.000296169 8.06417e-06 -3.32117e-22
-0.000295829 7.9999e-06 -3.2947e-22
-0.000295427 7.9232e-06 -3.26312e-22
-0.000294976 7.83688e-06 -3.22757e-22
-0.000294491 7.74386e-06 -3.18926e-22
-0.000293984 7.64657e-06 -3.14919e-22
-0.000293462 7.54651e-06 -3.10798e-22
-0.000292928 7.44464e-06 -3.06603e-22
-0.000292387 7.34197e-06 -3.02374e-22
-0.000291841 7.23903e-06 -2.98135e-22
-0.000291289 7.1352e-06 -2.93858e-22
-0.000290727 7.02934e-06 -2.89499e-22
-0.000290148 6.92036e-06 -2.8501e-22
-0.000289547 6.80732e-06 -2.80355e-22
-0.000288922 6.68944e-06 -2.755e-22
-0.000288269 6.5661e-06 -2.7042e-22
-0.000287585 6.43672e-06 -2.65092e-22
-0.00028687 6.30119e-06 -2.5951e-22
-0.000286128 6.16024e-06 -2.53705e-22
-0.000285365 6.01506e-06 -2.47726e-22
-0.000284587 5.86688e-06 -2.41623e-22
-0.000283799 5.71696e-06 -2.35449e-22
-0.000283009 5.56659e-06 -2.29256e-22
-0.000282223 5.41708e-06 -2.23099e-22
-0.000281448 5.26972e-06 -2.1703e-22
-0.000280688 5.12564e-06 -2.11096e-22
-0.00027995 4.98571e-06 -2.05333e-22
-0.000279235 4.85064e-06 -1.9977e-22
-0.000278548 4.72107e-06 -1.94434e-22
-0.000277891 4.59752e-06 -1.89346e-22
-0.000277266 4.48033e-06 -1.84519e-22
-0.000276674 4.36969e-06 -1.79963e-22
-0.000276116 4.26575e-06 -1.75682e-22
-0.000275594 4.16872e-06 -1.71686e-22
-0.000275108 4.07909e-06 -1.67995e-22
-0.000274663 3.99745e-06 -1.64632e-22
-0.00027426 3.92429e-06 -1.61619e-22
-0.000273905 3.86052e-06 -1.58993e-22
-0.000273605 3.80787e-06 -1.56825e-22
-0.00027337 3.7685e-06 -1.55203e-22
-0.00027321 3.74445e-06 -1.54213e-22
-0.000273135 3.73771e-06 -1.53935e-22
-0.000273155 3.7503e-06 -1.54454e-22
-0.000273277 3.78417e-06 -1.55849e-22
-0.000273511 3.84113e-06 -1.58194e-22
-0.000273861 3.922e-06 -1.61525e-22
-0.000274321 4.02579e-06 -1.658e-22
-0.000274883 4.15049e-06 -1.70935e-22
-0.000275535 4.29393e-06 -1.76843e-22
-0.000276262 4.45276e-06 -1.83384e-22
-0.000277037 4.62117e-06 -1.9032e-22
-0.000277825 4.7921e-06 -1.97359e-22
-0.000278593 4.95852e-06 -2.04214e-22
-0.000279308 5.11341e-06 -2.10592e-22
-0.000279936 5.24959e-06 -2.16201e-22
-0.000280444 5.35999e-06 -2.20748e-22
-0.000280799 5.43772e-06 -2.23949e-22
-0.000280974 5.47711e-06 -2.25571e-22
-0.000280954 5.47472e-06 -2.25473e-22
-0.00028073 5.4284e-06 -2.23565e-22
-0.000280292 5.3363e-06 -2.19772e-22
-0.000279638 5.19748e-06 -2.14055e-22
-0.000278771 5.01256e-06 -2.06439e-22
-0.0002777 4.78311e-06 -1.96989e-22
-0.000276433 4.51088e-06 -1.85778e-22
-0.000274985 4.19854e-06 -1.72914e-22
-0.000273378 3.85047e-06 -1.58579e-22
-0.000271636 3.47193e-06 -1.42989e-22
-0.000269787 3.06819e-06 -1.26361e-22
-0.000267856 2.64443e-06 -1.08909e-22
-0.000265868 2.20567e-06 -9.0839e-23
-0.000263845 1.75675e-06 -7.23507e-23
-0.000261811 1.30231e-06 -5.36348e-23
-0.000259789 8.46895e-07 -3.48788e-23
-0.000257799 3.95083e-07 -1.62712e-23
-0.000255863 -4.86898e-08 2.00526e-24
-0.000254 -4.80328e-07 1.9782e-23
-0.000252225 -8.96893e-07 3.6938e-23
-0.00025054 -1.29746e-06 5.3435e-23
-0.000248946 -1.68232e-06 6.92853e-23
-0.000247436 -2.05211e-06 8.45149e-23
-0.000246009 -2.40751e-06 9.91518e-23
-0.000244671 -2.748e-06 1.13175e-22
-0.000243412 -3.0744e-06 1.26617e-22
-0.000242222 -3.38817e-06 1.39539e-22
-0.0002411 -3.68972e-06 1.51958e-22
-0.000240036 -3.98022e-06 1.63923e-22
-0.000239026 -4.26066e-06 1.75472e-22
-0.000238064 -4.53225e-06 1.86658e-22
-0.000237148 -4.7956e-06 1.97504e-22
-0.000236279 -5.04958e-06 2.07964e-22
-0.000235459 -5.29342e-06 2.18006e-22
-0.000234698 -5.52485e-06 2.27537e-22
-0.000234004 -5.74129e-06 2.36451e-22
-0.000233383 -5.94154e-06 2.44699e-22
-0.000232843 -6.12372e-06 2.52201e-22
-0.00023239 -6.28629e-06 2.58897e-22
-0.000232032 -6.42735e-06 2.64706e-22
-0.000231779 -6.54464e-06 2.69537e-22
-0.000231641 -6.63568e-06 2.73286e-22
-0.00023163 -6.69794e-06 2.7585e-22
-0.000231761 -6.72918e-06 2.77137e-22
-0.000232037 -6.72796e-06 2.77087e-22
-0.000232459 -6.69316e-06 2.75653e-22
-0.000233035 -6.62357e-06 2.72787e-22
-0.000233766 -6.51871e-06 2.68469e-22
-0.000234648 -6.37914e-06 2.62721e-22
-0.000235676 -6.20617e-06 2.55597e-22
-0.000236843 -6.00103e-06 2.47149e-22
-0.000238139 -5.76585e-06 2.37463e-22
-0.000239549 -5.50434e-06 2.26692e-22
-0.00024105 -5.22111e-06 2.15028e-22
-0.000242617 -4.92072e-06 2.02657e-22
-0.00024423 -4.60771e-06 1.89765e-22
-0.000245866 -4.2867e-06 1.76545e-22
-0.000247505 -3.96233e-06 1.63186e-22
-0.000249124 -3.63901e-06 1.4987e-22
-0.000250706 -3.32043e-06 1.3675e-22
-0.000252242 -3.0088e-06 1.23916e-22
-0.000253725 -2.70552e-06 1.11425e-22
-0.00025515 -2.41177e-06 9.93271e-23
-0.000256515 -2.12771e-06 8.76282e-23
-0.00025783 -1.85162e-06 7.62579e-23
-0.000259106 -1.58075e-06 6.5102e-23
-0.00026036 -1.31217e-06 5.40409e-23
-0.000261602 -1.04346e-06 4.29741e-23
-0.000262839 -7.73234e-07 3.18451e-23
-0.000264076 -5.00681e-07 2.06202e-23
-0.000265317 -2.24904e-07 9.26253e-24
-0.000266563 5.41587e-08 -2.23049e-24
-0.000267806 3.34791e-07 -1.37881e-23
-0.000269034 6.14381e-07 -2.53029e-23
-0.000270236 8.90412e-07 -3.6671e-23
-0.000271398 1.15993e-06 -4.77709e-23
-0.000272501 1.41897e-06 -5.84392e-23
-0.000273525 1.66312e-06 -6.84944e-23
-0.00027445 1.88816e-06 -7.77628e-23
-0.000275259 2.09005e-06 -8.60772e-23
-0.000275932 2.26482e-06 -9.32751e-23
-0.000276452 2.40873e-06 -9.92018e-23
-0.000276804 2.51829e-06 -1.03714e-22
-0.000276978 2.59112e-06 -1.06713e-22
-0.000276972 2.62674e-06 -1.08181e-22
-0.000276789 2.62582e-06 -1.08143e-22
-0.000276436 2.58928e-06 -1.06638e-22
-0.00027592 2.51832e-06 -1.03715e-22
-0.000275248 2.41443e-06 -9.94367e-23
-0.000274431 2.27933e-06 -9.38726e-23
-0.000273478 2.11487e-06 -8.70997e-23
-0.000272403 1.92365e-06 -7.92244e-23
-0.000271231 1.71056e-06 -7.04483e-23
-0.00026999 1.48154e-06 -6.10164e-23
-0.000268709 1.24212e-06 -5.1156e-23
-0.000267413 9.97623e-07 -4.10864e-23
-0.000266125 7.52563e-07 -3.09938e-23
-0.000264866 5.10996e-07 -2.1045e-23
-0.000263654 2.76704e-07 -1.13959e-23
-0.000262506 5.30241e-08 -2.18376e-24
-0.000261434 -1.57331e-07 6.47958e-24
-0.00026045 -3.5217e-07 1.45039e-23
-0.000259563 -5.29656e-07 2.18135e-23
-0.000258775 -6.89288e-07 2.83879e-23
-0.000258076 -8.32897e-07 3.43023e-23
-0.000257452 -9.63704e-07 3.96895e-23
-0.000256885 -1.08524e-06 4.46947e-23
-0.000256356 -1.20149e-06 4.94827e-23
-0.000255841 -1.31714e-06 5.42455e-23
-0.000255314 -1.43751e-06 5.9203e-23
-0.000254751 -1.5677e-06 6.45646e-23
-0.000254126 -1.71257e-06 7.05312e-23
-0.000253416 -1.87697e-06 7.73016e-23
-0.000252599 -2.0653e-06 8.50578e-23
-0.000251652 -2.28199e-06 9.39823e-23
-0.000250554 -2.53127e-06 1.04248e-22
-0.000249286 -2.8171e-06 1.1602e-22
-0.00024783 -3.14319e-06 1.2945e-22
-0.000246169 -3.51299e-06 1.4468e-22
-0.00024429 -3.92965e-06 1.6184e-22
-0.000242176 -4.39598e-06 1.81046e-22
-0.000239812 -4.91451e-06 2.02401e-22
-0.00023719 -5.48732e-06 2.25992e-22
-0.000234301 -6.11568e-06 2.5187e-22
-0.000231146 -6.79958e-06 2.80036e-22
-0.00022773 -7.53812e-06 3.10452e-22
-0.00022406 -8.32994e-06 3.43063e-22
-0.000220145 -9.17301e-06 3.77784e-22
-0.000216001 -1.0064e-05 4.1448e-22
-0.000211649 -1.09988e-05 4.5298e-22
-0.00020711 -1.19731e-05 4.93104e-22
-0.00020241 -1.29819e-05 5.3465e-22
-0.000197575 -1.40194e-05 5.77381e-22
-0.000192635 -1.50795e-05 6.21041e-22
-0.000187619 -1.61559e-05 6.65368e-22
-0.000182561 -1.72415e-05 7.10081e-22
-0.000177499 -1.83287e-05 7.54855e-22
-0.000172473 -1.94089e-05 7.99344e-22
-0.000167524 -2.0474e-05 8.4321e-22
-0.000162686 -2.15165e-05 8.86142e-22
-0.000157993 -2.25298e-05 9.27875e-22
-0.00015347 -2.35084e-05 9.68178e-22
-0.000149142 -2.4447e-05 1.00683e-21
-0.000145033 -2.53409e-05 1.04365e-21
-0.000141158 -2.61866e-05 1.07848e-21
-0.000137531 -2.69812e-05 1.1112e-21
-0.000134163 -2.77224e-05 1.14173e-21
-0.000131063 -2.84082e-05 1.16997e-21
-0.000128236 -2.90373e-05 1.19588e-21
-0.000125685 -2.96092e-05 1.21943e-21
-0.000123411 -3.01233e-05 1.24061e-21
-0.000121414 -3.05795e-05 1.2594e-21
-0.000119699 -3.09768e-05 1.27576e-21
-0.000118267 -3.13144e-05 1.28966e-21
-0.000117122 -3.15917e-05 1.30108e-21
-0.000116264 -3.1808e-05 1.30999e-21
-0.000115699 -3.19625e-05 1.31635e-21
-0.000115429 -3.20539e-05 1.32012e-21
-0.000115458 -3.20816e-05 1.32126e-21
-0.000115789 -3.20449e-05 1.31975e-21
-0.000116421 -3.19435e-05 1.31557e-21
-0.000117356 -3.17771e-05 1.30872e-21
-0.000118592 -3.15457e-05 1.29919e-21
-0.000120128 -3.12496e-05 1.287e-21
-0.000121966 -3.0889e-05 1.27214e-21
-0.000124101 -3.04643e-05 1.25465e-21
-0.000126527 -2.99761e-05 1.23455e-21
-0.00012924 -2.94256e-05 1.21187e-21
-0.000132231 -2.88145e-05 1.18671e-21
-0.000135488 -2.81452e-05 1.15914e-21
-0.000139 -2.742e-05 1.12928e-21
-0.000142757 -2.66418e-05 1.09723e-21
-0.000146741 -2.58141e-05 1.06314e-21
-0.00015093 -2.49408e-05 1.02717e-21
-0.000155306 -2.40256e-05 9.89479e-22
-0.00015985 -2.30732e-05 9.50254e-22
-0.000164536 -2.20889e-05 9.09716e-22
-0.000169333 -2.10786e-05 8.68107e-22
-0.000174215 -2.00482e-05 8.25671e-22
-0.000179158 -1.90026e-05 7.82611e-22
-0.000184148 -1.79451e-05 7.39059e-22
-0.00018918 -1.68778e-05 6.951e-22
-0.00019424 -1.58026e-05 6.5082e-22
-0.000199319 -1.4721e-05 6.06275e-22
-0.00020442 -1.36329e-05 5.61461e-22
-0.000209546 -1.25373e-05 5.16342e-22
-0.000214701 -1.14335e-05 4.70881e-22
-0.000219892 -1.03206e-05 4.25047e-22
-0.000225118 -9.19824e-06 3.78824e-22
-0.00023038 -8.0662e-06 3.32201e-22
-0.00023568 -6.92427e-06 2.85171e-22
-0.000241013 -5.77311e-06 2.37762e-22
-0.000246368 -4.61525e-06 1.90076e-22
-0.000251729 -3.45417e-06 1.42258e-22
-0.000257078 -2.29328e-06 9.4447e-23
-0.000262398 -1.13635e-06 4.67999e-23
-0.000267666 1.1978e-08 -4.93307e-25
-0.00027286 1.14675e-06 -4.72283e-23
-0.000277956 2.2632e-06 -9.32085e-23
-0.000282935 3.35714e-06 -1.38261e-22
-0.00028778 4.42533e-06 -1.82254e-22
-0.00029248 5.46524e-06 -2.25082e-22
-0.000297025 6.47459e-06 -2.66652e-22
-0.000301407 7.45183e-06 -3.06899e-22
-0.000305624 8.39654e-06 -3.45806e-22
-0.000309675 9.30765e-06 -3.83329e-22
-0.000313562 1.01864e-05 -4.19521e-22
-0.000317295 1.10343e-05 -4.54441e-22
-0.000320867 1.18502e-05 -4.88044e-22
-0.000324278 1.26335e-05 -5.20302e-22
-0.000327524 1.33834e-05 -5.51186e-22
-0.00033061 1.40998e-05 -5.80691e-22
-0.00033353 1.4781e-05 -6.08746e-22
-0.000336265 1.54238e-05 -6.3522e-22
-0.000338805 1.60263e-05 -6.60031e-22
-0.000341145 1.65866e-05 -6.83108e-22
-0.000343278 1.71034e-05 -7.04394e-22
-0.0003452 1.75756e-05 -7.23841e-22
-0.000346908 1.80022e-05 -7.41409e-22
-0.0003484 1.83824e-05 -7.57066e-22
-0.000349673 1.87154e-05 -7.7078e-22
-0.000350725 1.90006e-05 -7.82526e-22
-0.000351556 1.92375e-05 -7.92285e-22
-0.000352161 1.94254e-05 -8.00021e-22
-0.000352536 1.95624e-05 -8.05664e-22
-0.000352669 1.96464e-05 -8.09125e-22
-0.000352553 1.96755e-05 -8.10321e-22
-0.000352179 1.96474e-05 -8.09167e-22
-0.000351537 1.95602e-05 -8.05575e-22
-0.000350618 1.94117e-05 -7.99456e-22
-0.000349413 1.91997e-05 -7.90726e-22
-0.000347916 1.8923e-05 -7.79332e-22
-0.000346128 1.85819e-05 -7.65284e-22
-0.000344055 1.81774e-05 -7.48623e-22
-0.000341702 1.77105e-05 -7.29396e-22
-0.000339078 1.71833e-05 -7.07684e-22
-0.000336201 1.65994e-05 -6.83635e-22
-0.000333092 1.59632e-05 -6.57433e-22
-0.000329776 1.52793e-05 -6.29267e-22
-0.000326273 1.45523e-05 -5.99326e-22
-0.000322603 1.37874e-05 -5.67826e-22
-0.000318795 1.29902e-05 -5.34994e-22
-0.000314871 1.21661e-05 -5.01051e-22
-0.000310854 1.13197e-05 -4.66195e-22
-0.00030676 1.04548e-05 -4.30574e-22
-0.000302611 9.57427e-06 -3.9431e-22
-0.000298419 8.68101e-06 -3.57521e-22
-0.000294185 7.77744e-06 -3.20309e-22
-0.000289922 6.86532e-06 -2.82743e-22
-0.000285633 5.94626e-06 -2.44893e-22
-0.000281321 5.02175e-06 -2.06817e-22
-0.000276992 4.09254e-06 -1.68548e-22
-0.000272648 3.1581e-06 -1.30064e-22
-0.000268278 2.21717e-06 -9.13127e-23
-0.000263871 1.26871e-06 -5.22509e-23
-0.00025942 3.11531e-07 -1.28302e-23
-0.000254917 -6.55586e-07 2.69999e-23
-0.000250368 -1.63289e-06 6.72495e-23
-0.00024576 -2.62181e-06 1.07977e-22
-0.000241084 -3.6234e-06 1.49227e-22
-0.000236349 -4.63619e-06 1.90938e-22
-0.000231561 -5.65852e-06 2.33043e-22
-0.00022673 -6.68823e-06 2.7545e-22
-0.000221872 -7.7224e-06 3.18042e-22
-0.000217005 -8.75663e-06 3.60636e-22
-0.000212156 -9.78568e-06 4.03017e-22
-0.000207351 -1.08042e-05 4.44964e-22
-0.000202614 -1.18073e-05 4.86277e-22
-0.000197977 -1.27883e-05 5.26679e-22
-0.000193474 -1.374e-05 5.65873e-22
-0.000189135 -1.46562e-05 6.03607e-22
-0.000184991 -1.55309e-05 6.39631e-22
-0.000181063 -1.63594e-05 6.73752e-22
-0.000177372 -1.71376e-05 7.05802e-22
-0.000173938 -1.78618e-05 7.35626e-22
-0.000170773 -1.8529e-05 7.63106e-22
-0.000167884 -1.91382e-05 7.88196e-22
-0.000165272 -1.96893e-05 8.10892e-22
-0.000162936 -2.01826e-05 8.31205e-22
-0.000160875 -2.06183e-05 8.49149e-22
-0.000159089 -2.09965e-05 8.64729e-22
-0.000157577 -2.13176e-05 8.7795e-22
-0.000156337 -2.15818e-05 8.88834e-22
-0.000155365 -2.17903e-05 8.97417e-22
-0.000154655 -2.1944e-05 9.03748e-22
-0.0001542 -2.20446e-05 9.07891e-22
-0.00015399 -2.20939e-05 9.0992e-22
-0.000154018 -2.20936e-05 9.0991e-22
-0.000154277 -2.20451e-05 9.07911e-22
-0.000154762 -2.19494e-05 9.03971e-22
-0.000155465 -2.18079e-05 8.98145e-22
-0.000156383 -2.16216e-05 8.90472e-22
-0.000157515 -2.13902e-05 8.80943e-22
-0.000158865 -2.1113e-05 8.69526e-22
-0.000160436 -2.07895e-05 8.56201e-22
-0.00016223 -2.04189e-05 8.40939e-22
-0.000164254 -2e-05 8.23685e-22
-0.000166514 -1.95312e-05 8.04378e-22
-0.000169016 -1.90112e-05 7.82966e-22
-0.000171764 -1.84393e-05 7.59409e-22
-0.000174761 -1.78147e-05 7.33687e-22
-0.000178007 -1.71374e-05 7.05791e-22
-0.000181503 -1.64073e-05 6.75723e-22
-0.000185243 -1.56255e-05 6.43524e-22
-0.000189215 -1.47945e-05 6.09302e-22
-0.000193402 -1.3918e-05 5.73204e-22
-0.000197786 -1.29998e-05 5.35386e-22
-0.000202348 -1.20438e-05 4.96015e-22
-0.000207066 -1.10547e-05 4.55279e-22
-0.000211918 -1.00372e-05 4.13375e-22
-0.000216881 -8.99622e-06 3.70503e-22
-0.000221927 -7.9379e-06 3.26917e-22
-0.000227027 -6.8681e-06 2.82858e-22
-0.000232153 -5.79286e-06 2.38575e-22
-0.000237272 -4.71911e-06 1.94354e-22
-0.000242365 -3.65318e-06 1.50454e-22
-0.000247409 -2.60073e-06 1.07109e-22
-0.000252365 -1.56717e-06 6.45428e-23
-0.000257208 -5.57747e-07 2.29704e-23
-0.000261916 4.2245e-07 -1.73983e-23
-0.000266465 1.36842e-06 -5.63575e-23
-0.000270833 2.27544e-06 -9.37125e-23
-0.000275009 3.13891e-06 -1.29274e-22
-0.00027897 3.95455e-06 -1.62866e-22
-0.000282697 4.71829e-06 -1.9432e-22
-0.000286171 5.42648e-06 -2.23486e-22
-0.000289368 6.07514e-06 -2.50201e-22
-0.000292273 6.66051e-06 -2.74308e-22
-0.00029487 7.17938e-06 -2.95678e-22
-0.000297145 7.62859e-06 -3.14178e-22
-0.000299084 8.0053e-06 -3.29693e-22
-0.000300678 8.30699e-06 -3.42118e-22
-0.000301916 8.53165e-06 -3.5137e-22
-0.000302792 8.67764e-06 -3.57383e-22
-0.000303298 8.74357e-06 -3.60098e-22
-0.000303434 8.72825e-06 -3.59467e-22
-0.000303186 8.62917e-06 -3.55386e-22
-0.000302538 8.44331e-06 -3.47732e-22
-0.000301482 8.16845e-06 -3.36412e-22
-0.000300005 7.80185e-06 -3.21314e-22
-0.00029809 7.34011e-06 -3.02298e-22
-0.000295721 6.77952e-06 -2.7921e-22
-0.000292882 6.11673e-06 -2.51913e-22
-0.000289559 5.34866e-06 -2.20281e-22
-0.000285735 4.47149e-06 -1.84155e-22
-0.000281397 3.48222e-06 -1.43413e-22
-0.000276537 2.37952e-06 -9.7999e-23
-0.000271148 1.16168e-06 -4.78428e-23
-0.000265223 -1.72953e-07 7.12296e-24
-0.000258756 -1.62545e-06 6.69432e-23
-0.000251745 -3.19657e-06 1.31649e-22
-0.00024419 -4.88668e-06 2.01254e-22
-0.000236088 -6.69603e-06 2.75771e-22
-0.000227442 -8.62457e-06 3.55197e-22
-0.000218255 -1.06719e-05 4.39513e-22
-0.000208531 -1.2837e-05 5.28683e-22
-0.000198278 -1.51186e-05 6.22651e-22
-0.000187504 -1.75151e-05 7.21349e-22
-0.000176222 -2.00244e-05 8.24692e-22
-0.000164449 -2.26426e-05 9.3252e-22
-0.000152221 -2.53624e-05 1.04453e-21
-0.000139583 -2.81746e-05 1.16035e-21
-0.000126579 -3.107e-05 1.2796e-21
-0.000113261 -3.4038e-05 1.40183e-21
-9.96932e-05 -3.70652e-05 1.5265e-21
-8.59448e-05 -4.01369e-05 1.65301e-21
-7.20847e-05 -4.32388e-05 1.78076e-21
-5.81853e-05 -4.63556e-05 1.90912e-21
-4.43291e-05 -4.94699e-05 2.03739e-21
-3.06019e-05 -5.25635e-05 2.16479e-21
-1.70862e-05 -5.56189e-05 2.29063e-21
-3.85856e-06 -5.86198e-05 2.41422e-21
9.01163e-06 -6.15511e-05 2.53494e-21
2.14616e-05 -6.43992e-05 2.65224e-21
3.34336e-05 -6.71515e-05 2.76559e-21
4.48801e-05 -6.97975e-05 2.87456e-21
5.57703e-05 -7.233e-05 2.97886e-21
6.6084e-05 -7.4744e-05 3.07828e-21
7.58059e-05 -7.70354e-05 3.17265e-21
8.4934e-05 -7.92032e-05 3.26193e-21
9.34883e-05 -8.12505e-05 3.34625e-21
0.000101502 -8.31834e-05 3.42585e-21
0.000109011 -8.50087e-05 3.50103e-21
0.000116054 -8.67334e-05 3.57206e-21
0.000122674 -8.83654e-05 3.63927e-21
0.000128913 -8.99131e-05 3.70301e-21
0.000134812 -9.13845e-05 3.76361e-21
0.000140414 -9.27874e-05 3.82139e-21
0.000145753 -9.4128e-05 3.8766e-21
0.000150859 -9.54119e-05 3.92948e-21
0.000155758 -9.66441e-05 3.98022e-21
0.000160471 -9.78282e-05 4.02899e-21
0.000165006 -9.89654e-05 4.07583e-21
0.000169362 -0.000100055 4.12071e-21
0.000173536 -0.000101097 4.16362e-21
0.000177522 -0.000102089 4.20446e-21
0.000181302 -0.000103027 4.2431e-21
0.000184858 -0.000103907 4.27936e-21
0.000188167 -0.000104725 4.31305e-21
0.000191203 -0.000105476 4.34395e-21
0.000193936 -0.000106152 4.3718e-21
0.000196333 -0.000106747 4.39632e-21
0.000198361 -0.000107255 4.41724e-21
0.000199985 -0.000107669 4.43427e-21
0.000201176 -0.000107982 4.44716e-21
0.0002019 -0.000108188 4.45566e-21
0.000202131 -0.000108282 4.45954e-21
0.000201843 -0.000108259 4.45858e-21
0.000201013 -0.000108114 4.4526e-21
0.000199625 -0.000107843 4.44146e-21
0.00019766 -0.000107444 4.42502e-21
0.000195105 -0.000106914 4.40318e-21
0.000191952 -0.00010625 4.37585e-21
0.000188193 -0.000105453 4.343e-21
0.000183826 -0.000104521 4.30461e-21
0.000178847 -0.000103453 4.26065e-21
0.00017325 -0.000102249 4.21106e-21
0.000167028 -0.000100907 4.1558e-21
0.000160177 -9.94268e-05 4.09483e-21
0.000152696 -9.78072e-05 4.02812e-21
0.000144582 -9.6048e-05 3.95567e-21
0.000135834 -9.4149e-05 3.87746e-21
0.000126455 -9.21104e-05 3.79351e-21
0.000116454 -8.99342e-05 3.70388e-21
0.000105851 -8.76243e-05 3.60875e-21
9.46732e-05 -8.51866e-05 3.50835e-21
8.295e-05 -8.26269e-05 3.40293e-21
7.07173e-05 -7.99526e-05 3.2928e-21
5.80238e-05 -7.7174e-05 3.17836e-21
4.49246e-05 -7.43025e-05 3.0601e-21
3.1475e-05 -7.13498e-05 2.93849e-21
1.77414e-05 -6.83297e-05 2.81411e-21
3.81275e-06 -6.52612e-05 2.68774e-21
-1.02109e-05 -6.21653e-05 2.56024e-21
-2.42318e-05 -5.90628e-05 2.43246e-21
-3.81493e-05 -5.59752e-05 2.3053e-21
-5.18533e-05 -5.29259e-05 2.17972e-21
-6.52314e-05 -4.99392e-05 2.05671e-21
-7.81758e-05 -4.70382e-05 1.93723e-21
-9.05819e-05 -4.42454e-05 1.82222e-21
-0.000102346 -4.15836e-05 1.71259e-21
-0.000113368 -3.90744e-05 1.60925e-21
-0.000123554 -3.67386e-05 1.51306e-21
-0.000132822 -3.45946e-05 1.42475e-21
-0.000141101 -3.26579e-05 1.34499e-21
-0.000148334 -3.09419e-05 1.27432e-21
-0.000154468 -2.94587e-05 1.21324e-21
-0.000159466 -2.82175e-05 1.16212e-21
-0.000163307 -2.72239e-05 1.1212e-21
-0.000165983 -2.64806e-05 1.09059e-21
-0.000167492 -2.59894e-05 1.07036e-21
-0.000167844 -2.57493e-05 1.06047e-21
-0.000167072 -2.57547e-05 1.06069e-21
-0.00016522 -2.59973e-05 1.07068e-21
-0.000162334 -2.64686e-05 1.09009e-21
-0.000158465 -2.71586e-05 1.11851e-21
-0.000153675 -2.80555e-05 1.15545e-21
-0.000148027 -2.91467e-05 1.20039e-21
-0.000141584 -3.04196e-05 1.25281e-21
-0.000134409 -3.18614e-05 1.31219e-21
-0.000126566 -3.34592e-05 1.378e-21
-0.000118118 -3.52001e-05 1.44969e-21
-0.000109123 -3.70717e-05 1.52677e-21
-9.96371e-05 -3.90626e-05 1.60877e-21
-8.97071e-05 -4.11624e-05 1.69525e-21
-7.93757e-05 -4.33621e-05 1.78584e-21
-6.86814e-05 -4.56531e-05 1.88019e-21
-5.76562e-05 -4.80282e-05 1.97801e-21
-4.63235e-05 -5.04816e-05 2.07905e-21
-3.47002e-05 -5.30092e-05 2.18315e-21
-2.28006e-05 -5.56071e-05 2.29014e-21
-1.06353e-05 -5.8272e-05 2.3999e-21
1.78896e-06 -6.10018e-05 2.51232e-21
1.44682e-05 -6.37944e-05 2.62733e-21
2.73994e-05 -6.66482e-05 2.74486e-21
4.05756e-05 -6.95608e-05 2.86482e-21
5.39817e-05 -7.25279e-05 2.98701e-21
6.75976e-05 -7.55443e-05 3.11124e-21
8.14022e-05 -7.86047e-05 3.23728e-21
9.53647e-05 -8.17015e-05 3.36482e-21
0.000109435 -8.48233e-05 3.49339e-21
0.000123551 -8.79566e-05 3.62243e-21
0.000137651 -9.10873e-05 3.75137e-21
0.000151665 -9.42001e-05 3.87957e-21
0.000165509 -9.72766e-05 4.00627e-21
0.000179089 -0.000100297 4.13066e-21
0.000192315 -0.000103241 4.25192e-21
0.000205084 -0.000106089 4.36922e-21
0.000217311 -0.000108822 4.48176e-21
0.000228909 -0.000111419 4.58871e-21
0.000239773 -0.000113861 4.68929e-21
0.000249817 -0.00011613 4.78274e-21
0.00025898 -0.000118211 4.86843e-21
0.000267204 -0.000120089 4.94577e-21
0.000274424 -0.00012175 5.01421e-21
0.000280577 -0.000123185 5.07329e-21
0.000285633 -0.000124383 5.12263e-21
0.000289568 -0.000125338 5.16194e-21
0.000292352 -0.000126043 5.191e-21
0.000293976 -0.000126496 5.20965e-21
0.000294445 -0.000126697 5.21793e-21
0.000293781 -0.00012665 5.21599e-21
0.000292007 -0.000126359 5.20401e-21
0.000289157 -0.00012583 5.18224e-21
0.00028527 -0.000125071 5.15098e-21
0.000280394 -0.000124092 5.11063e-21
0.000274578 -0.0001229 5.06157e-21
0.000267875 -0.000121508 5.00423e-21
0.000260338 -0.000119925 4.93903e-21
0.000252023 -0.000118162 4.86644e-21
0.000242985 -0.000116231 4.78689e-21
0.000233273 -0.00011414 4.70079e-21
0.000222924 -0.000111898 4.60844e-21
0.000211967 -0.000109509 4.51007e-21
0.000200431 -0.00010698 4.40591e-21
0.000188338 -0.000104315 4.29615e-21
0.000175704 -0.000101517 4.1809e-21
0.000162538 -9.85874e-05 4.06026e-21
0.000148848 -9.55284e-05 3.93427e-21
0.000134638 -9.2341e-05 3.803e-21
0.000119902 -8.90265e-05 3.6665e-21
0.000104649 -8.55857e-05 3.52479e-21
8.88862e-05 -8.20191e-05 3.3779e-21
7.261e-05 -7.83273e-05 3.22586e-21
5.58281e-05 -7.4512e-05 3.06873e-21
3.85281e-05 -7.05752e-05 2.90659e-21
2.07156e-05 -6.65183e-05 2.73951e-21
2.4119e-06 -6.23438e-05 2.56759e-21
-1.63716e-05 -5.8055e-05 2.39096e-21
-3.56299e-05 -5.36564e-05 2.2098e-21
-5.53399e-05 -4.9152e-05 2.02429e-21
-7.54867e-05 -4.45454e-05 1.83457e-21
-9.60696e-05 -3.98383e-05 1.64072e-21
-0.000117086 -3.50322e-05 1.44278e-21
-0.000138535 -3.01285e-05 1.24082e-21
-0.000160417 -2.51284e-05 1.0349e-21
-0.000182733 -2.00326e-05 8.25031e-22
-0.000205486 -1.48419e-05 6.11254e-22
-0.000228676 -9.55739e-06 3.93615e-22
-0.000252297 -4.18122e-06 1.72201e-22
-0.000276338 1.28316e-06 -5.28462e-23
-0.000300783 6.83126e-06 -2.81341e-22
-0.000325583 1.24489e-05 -5.12699e-22
-0.000350815 1.81428e-05 -7.47201e-22
-0.000376424 2.39087e-05 -9.84663e-22
-0.00040229 2.97268e-05 -1.22428e-21
-0.000428417 3.5594e-05 -1.46592e-21
-0.000454731 4.14964e-05 -1.709e-21
-0.000481186 4.74226e-05 -1.95307e-21
-0.00050771 5.33577e-05 -2.1975e-21
-0.000534233 5.92869e-05 -2.44169e-21
-0.000560682 6.51946e-05 -2.685e-21
-0.000586973 7.10633e-05 -2.9267e-21
-0.000613025 7.68757e-05 -3.16607e-21
-0.000638748 8.26132e-05 -3.40237e-21
-0.000664057 8.82582e-05 -3.63485e-21
-0.000688863 9.37919e-05 -3.86276e-21
-0.000713079 9.91965e-05 -4.08534e-21
-0.000736617 0.000104454 -4.30187e-21
-0.000759398 0.000109547 -4.51164e-21
-0.000781345 0.000114462 -4.71403e-21
-0.000802393 0.000119183 -4.90848e-21
-0.000822492 0.000123699 -5.09446e-21
-0.000841575 0.000127997 -5.27146e-21
-0.000859583 0.000132066 -5.43907e-21
-0.00087648 0.000135899 -5.59693e-21
-0.000892237 0.000139488 -5.74471e-21
-0.000906819 0.000142826 -5.88218e-21
-0.00092019 0.000145908 -6.00912e-21
-0.000932336 0.00014873 -6.12535e-21
-0.000943239 0.00015129 -6.23078e-21
-0.000952808 0.000153557 -9.03105e-21
-0.000961098 0.000155538 -9.11532e-21
-0.000968243 0.000157275 -9.18922e-21
-0.000974244 0.000158773 -9.25301e-21
-0.000979146 0.000160042 -9.30711e-21
-0.000983012 0.000161096 -9.35207e-21
-0.000985915 0.00016195 -9.38853e-21
-0.000987932 0.00016262 -9.41718e-21
-0.00098914 0.00016312 -9.43868e-21
-0.000989607 0.000163467 -9.45364e-21
-0.0009894 0.000163674 -9.46264e-21
-0.000988618 0.000163754 -9.4663e-21
-0.000987309 0.000163722 -9.4652e-21
-0.00098554 0.000163588 -9.45981e-21
-0.00098337 0.000163365 -8.65514e-21
-0.000980798 0.000163059 -8.64251e-21
-0.000977904 0.00016268 -8.62692e-21
-0.00097471 0.000162238 -8.6087e-21
-0.000971247 0.000161739 -8.58815e-21
-0.000967552 0.000161191 -8.56559e-21
-0.000963651 0.0001606 -8.54126e-21
-0.000959564 0.000159971 -8.51534e-21
-0.000955301 0.000159305 -8.48791e-21
-0.000950873 0.000158605 -8.4591e-21
-0.000946292 0.000157875 -8.42902e-21
-0.000941569 0.000157116 -8.39776e-21
-0.000936713 0.000156331 -8.36543e-21
-0.000931736 0.000155522 -8.33212e-21
-0.000926649 0.000154692 -8.29793e-21
-0.000921456 0.000153842 -8.26291e-21
-0.000916161 0.000152972 -8.22709e-21
-0.00091077 0.000152084 -8.1905e-21
-0.000905286 0.000151178 -8.1532e-21
-0.000899711 0.000150254 -8.11516e-21
-0.000894042 0.000149312 -8.07637e-21
-0.000888282 0.000148352 -8.03683e-21
-0.00088243 0.000147374 -7.99652e-21
-0.000876487 0.000146376 -7.95543e-21
-0.00087045 0.000145358 -7.91352e-21
-0.000864321 0.00014432 -7.87076e-21
-0.000858144 0.000143268 -7.82742e-21
-0.000851966 0.000142208 -7.78377e-21
-0.000846175 0.000141196 -7.74212e-21
-0.000840846 0.000140243 -7.70288e-21
-0.000835524 0.000139284 -7.66338e-21
-0.000830108 0.000138306 -7.62307e-21
-0.000824595 0.000137309 -7.58204e-21
-0.000819218 0.00013633 -7.54171e-21
-0.00081403 0.000135378 -7.5025e-21
-0.000808953 0.000134446 -7.46409e-21
-0.000804091 0.000133551 -7.42725e-21
-0.000799486 0.000132705 -7.39241e-21
-0.000795221 0.000131924 -7.36023e-21
-0.000791357 0.00013122 -7.33125e-21
-0.000787964 0.000130609 -7.30607e-21
-0.000785087 0.000130102 -7.28519e-21
-0.000783174 0.000129715 -7.26928e-21
-0.000782278 0.000129461 -7.25882e-21
-0.00078204 0.000129348 -7.25416e-21
-0.000782495 0.000129384 -7.25565e-21
-0.000783677 0.000129577 -7.26358e-21
-0.000785612 0.000129933 -7.27824e-21
-0.000788325 0.000130458 -7.29985e-21
-0.000791894 0.000131164 -7.32895e-21
-0.000796277 0.000132048 -7.36534e-21
-0.000801422 0.000133102 -7.40876e-21
-0.000807358 0.000134332 -7.45942e-21
-0.000814079 0.000135738 -7.5173e-21
-0.000821599 0.00013732 -7.58249e-21
-0.000829906 0.000139079 -7.65493e-21
-0.000838994 0.00014101 -7.73446e-21
-0.000848859 0.00014311 -7.82095e-21
-0.000859526 0.00014538 -7.91441e-21
-0.000870971 0.000147813 -8.01462e-21
-0.00088315 0.000150403 -8.12129e-21
-0.000896031 0.000153143 -8.23414e-21
-0.000907946 0.000155784 -8.97956e-21
-0.000918086 0.000158104 -7.81257e-21
-0.000928761 0.000160518 -8.44801e-21
-0.000939787 0.000163021 -1.40943e-20
-0.000951123 0.000165607 -1.0623e-20
-0.000962727 0.000168264 -1.6594e-20
-0.000974568 0.000170982 -1.21366e-20
-0.000986667 0.000173769 -1.49199e-20
-0.000998875 0.000176582 -1.9269e-20
-0.00101065 0.000179242 -7.89408e-21
-0.0010229 0.000181961 -1.96319e-20
-0.00103532 0.000184725 -2.33751e-20
-0.00104775 0.000187483 -4.84882e-21
-0.00106041 0.000190283 -8.4425e-21
-0.00107319 0.000193117 -1.06098e-20
-0.00108609 0.000195982 -3.23431e-21
-0.00109824 0.000198571 -1.47146e-20
-0.00111049 0.000201049 9.08854e-18
-0.00112295 0.000203522 -1.53729e-20
-0.00113546 0.000205994 -1.33064e-20
-0.00114799 0.000208467 -2.36641e-20
-0.00116044 0.000210858 -9.40626e-21
-0.00117249 0.000212984 -1.61949e-20
-0.00118457 0.000215128 -2.35126e-20
-0.00119546 0.000216935 -1.55627e-20
-0.00120752 0.000218744 -2.53776e-20
-0.00122017 0.000220553 -1.66685e-20
-0.00123282 0.000222347 -7.8593e-18
-0.0012454 0.000224128 -1.89506e-20
-0.00125785 0.000225883 -1.77052e-18
-0.00127014 0.000227605 -1.13215e-19
-0.00128224 0.000229259 -1.24607e-20
-0.00129386 0.000230667 -2.53344e-18
-0.00130513 0.000232056 -9.50093e-23
-0.00131796 0.000233249 -5.34263e-21
-0.00133104 0.000234407 -1.10886e-21
-0.00134375 0.00023552 9.23959e-20
-0.00135606 0.000236588 -1.99518e-21
-0.00136794 0.000237618 -1.57685e-21
-0.00137931 0.000238602 -1.04695e-19
-0.00139011 0.000239532 -2.19482e-21
-0.00140031 0.000240405 -1.18577e-20
-0.00140988 0.000241221 -9.52641e-21
-0.00141881 0.000241976 -1.0685e-20
-0.00142705 0.000242669 9.83296e-21
-0.00143459 0.000243297 4.04164e-21
-0.0014414 0.000243858 2.60801e-20
-0.00144747 0.000244353 -2.13924e-20
-0.00145276 0.000244779 -1.37773e-20
-0.00145709 0.000245122 1.15356e-19
-0.0014603 0.000245368 -1.1592e-20
-0.0014624 0.000245519 1.80908e-21
-0.00146337 0.000245571 -3.00357e-21
-0.00146288 0.000245385 1.57729e-21
-0.00146121 0.000244957 1.60216e-21
-0.00145844 0.000244288 1.64054e-21
-0.00145455 0.00024338 1.69234e-21
-0.00144956 0.000242237 1.75741e-21
-0.0014435 0.000240861 1.83551e-21
-0.00143639 0.000239259 1.92638e-21
-0.00142825 0.000237435 2.02973e-21
-0.00141913 0.000235394 2.14529e-21
-0.00140902 0.000233141 2.27278e-21
-0.00139798 0.000230683 2.4119e-21
-0.00138603 0.000228025 2.5623e-21
-0.0013732 0.000225174 2.72355e-21
-0.00135954 0.00022214 2.89522e-21
-0.00134509 0.00021893 3.07684e-21
-0.00132989 0.000215552 3.26794e-21
-0.00131398 0.000212016 3.46805e-21
-0.0012974 0.00020833 3.67668e-21
-0.0012802 0.000204502 3.89339e-21
-0.00126241 0.00020054 4.1177e-21
-0.00124406 0.000196453 4.34917e-21
-0.0012252 0.000192247 4.58737e-21
-0.00120586 0.000187931 4.83186e-21
-0.00118607 0.000183512 5.08225e-21
-0.00116585 0.000178996 5.33818e-21
-0.00114524 0.000174388 5.59932e-21
-0.00112425 0.000169696 5.86533e-21
-0.00110291 0.000164922 6.1359e-21
-0.00108123 0.000160074 6.41074e-21
-0.00105924 0.000155156 6.68958e-21
-0.00103695 0.000150172 6.97211e-21
-0.00101439 0.000145128 7.25806e-21
-0.000991558 0.000140027 7.54716e-21
-0.000968487 0.000134876 7.83913e-21
-0.000945192 0.000129679 8.13366e-21
-0.000921691 0.00012444 8.43047e-21
-0.000898003 0.000119165 8.72927e-21
-0.000874147 0.000113859 9.02979e-21
-0.000850143 0.000108527 9.33171e-21
-0.000826017 0.000103175 9.63469e-21
-0.000801794 9.78083e-05 9.93838e-21
-0.000777504 9.24345e-05 1.02424e-20
-0.000753177 8.70606e-05 1.05464e-20
-0.00072885 8.16942e-05 1.08498e-20
-0.000704558 7.63431e-05 1.11523e-20
-0.00068034 7.10156e-05 1.14533e-20
-0.000656238 6.57203e-05 1.17525e-20
-0.000632297 6.0467e-05 1.20492e-20
-0.000608575 5.52672e-05 1.23429e-20
-0.000585131 5.01332e-05 1.26328e-20
-0.000562027 4.50778e-05 1.29182e-20
-0.000539324 4.01129e-05 1.31984e-20
-0.000517075 3.52489e-05 1.3473e-20
-0.000495327 3.04951e-05 1.37413e-20
-0.000474127 2.58609e-05 1.4003e-20
-0.000453527 2.13561e-05 1.42573e-20
-0.000433583 1.69918e-05 1.45037e-20
-0.000414354 1.27798e-05 1.47416e-20
-0.000395897 8.73106e-06 1.49704e-20
-0.000378262 4.85531e-06 1.51895e-20
-0.000361491 1.16067e-06 1.53985e-20
-0.00034562 -2.34619e-06 1.5597e-20
-0.000330678 -5.65976e-06 1.57847e-20
-0.000316692 -8.77499e-06 1.59614e-20
-0.000303689 -1.16867e-05 1.61267e-20
-0.000291693 -1.43901e-05 1.62804e-20
-0.000280721 -1.68821e-05 1.64224e-20
-0.000270779 -1.91617e-05 1.65525e-20
-0.000261857 -2.12315e-05 1.6671e-20
-0.000253931 -2.30962e-05 1.6778e-20
-0.000246971 -2.47621e-05 1.6874e-20
-0.000240941 -2.62369e-05 1.69594e-20
-0.000235796 -2.75297e-05 1.70346e-20
-0.000231487 -2.86508e-05 1.71003e-20
-0.000227957 -2.96114e-05 1.71571e-20
-0.000225144 -3.04244e-05 1.72056e-20
-0.000222979 -3.11039e-05 1.72467e-20
-0.000221387 -3.16652e-05 1.72813e-20
-0.00022029 -3.21241e-05 1.73101e-20
-0.000219609 -3.2497e-05 1.73342e-20
-0.000219261 -3.28006e-05 1.73543e-20
-0.000219165 -3.30517e-05 1.73716e-20
-0.000219239 -3.32673e-05 1.73869e-20
-0.000219401 -3.34638e-05 1.74011e-20
-0.000219579 -3.36566e-05 1.74151e-20
-0.000219701 -3.38604e-