-5.33587 5.67337e-06 -2.33654e-22
-10.6717 1.1251e-05 -4.63364e-22
-16.0076 1.67321e-05 -6.89102e-22
-21.3435 2.21162e-05 -9.1084e-22
-26.6794 2.74024e-05 -1.12855e-21
-32.0153 3.25902e-05 -1.34221e-21
-37.3512 3.76789e-05 -1.55178e-21
-42.6871 4.26677e-05 -1.75724e-21
-48.0231 4.75559e-05 -1.95856e-21
-53.359 5.23429e-05 -2.15571e-21
-53.3593 7.67889e-05 -3.1625e-21
-53.3605 0.000175702 -7.23617e-21
-53.3629 0.000373782 -1.5394e-20
-53.3665 0.000667968 -2.75098e-20
-53.3711 0.00104087 -4.28676e-20
-53.3761 0.00144713 -5.9599e-20
-53.3807 0.00182656 -7.52258e-20
-53.3843 0.00211955 -8.72923e-20
-53.386 0.00226345 -9.32189e-20
-53.3851 0.00218876 -9.01426e-20
-53.3806 0.00182348 -7.50987e-20
-53.3716 0.00109792 -4.5217e-20
-53.3575 -4.38326e-05 1.80521e-21
-53.338 -0.00163193 6.72099e-20
-53.3128 -0.00368147 1.51619e-19
-53.2818 -0.00620452 2.55529e-19
-53.2453 -0.00918036 3.78087e-19
-53.2043 -0.0125237 5.15779e-19
-53.1604 -0.0161148 6.63678e-19
-53.115 -0.0198336 8.16834e-19
-53.0697 -0.0235501 9.69897e-19
-53.0265 -0.0271142 1.11668e-18
-52.9872 -0.030367 1.25064e-18
-52.9538 -0.0331535 1.3654e-18
-52.9279 -0.0353447 1.45565e-18
-52.9105 -0.0368605 1.51807e-18
-52.9023 -0.0376494 1.55057e-18
-52.9036 -0.0376664 1.55127e-18
-52.915 -0.0368845 1.51906e-18
-52.9362 -0.0353082 1.45414e-18
-52.967 -0.0329607 1.35746e-18
-53.0069 -0.0298709 1.23021e-18
-53.0556 -0.0260752 1.07389e-18
-53.1123 -0.0216201 8.90411e-19
-53.1764 -0.0165592 6.81978e-19
-53.2471 -0.0109485 4.50906e-19
-53.3237 -0.00484096 1.99372e-19
-53.4057 0.00172047 -7.08565e-20
-53.4925 0.00869797 -3.5822e-19
-53.5836 0.0160534 -6.61147e-19
-53.6786 0.023754 -9.78291e-19
-53.7771 0.0317787 -1.30878e-18
-53.8789 0.0401131 -1.65203e-18
-53.9839 0.0487442 -2.0075e-18
-54.0915 0.0576287 -2.3734e-18
-54.2003 0.0666599 -2.74534e-18
-54.3087 0.0756995 -3.11763e-18
-54.4149 0.0846134 -3.48475e-18
-54.5174 0.0932695 -3.84124e-18
-54.6144 0.101534 -4.18161e-18
-54.7045 0.109277 -4.50048e-18
-54.786 0.116374 -4.79279e-18
-54.8577 0.122715 -5.05395e-18
-54.9184 0.128206 -5.28006e-18
-54.9672 0.132763 -5.46774e-18
-55.0032 0.136313 -5.61398e-18
-55.0259 0.138813 -5.71693e-18
-55.0355 0.140267 -5.77679e-18
-55.0324 0.140708 -5.79498e-18
-55.0172 0.140179 -5.77318e-18
-54.9911 0.138765 -5.71493e-18
-54.9562 0.136636 -5.62726e-18
-54.9152 0.134009 -5.51906e-18
-54.871 0.1311 -5.39925e-18
-54.8261 0.128107 -5.27599e-18
-54.7824 0.125193 -5.15597e-18
-54.7419 0.122497 -5.04495e-18
-54.7062 0.120154 -4.94845e-18
-54.6767 0.118276 -4.8711e-18
-54.6544 0.116938 -4.81602e-18
-54.6399 0.116193 -4.78533e-18
-54.6338 0.116083 -4.7808e-18
-54.6361 0.116606 -4.80234e-18
-54.6457 0.117674 -4.84633e-18
-54.6608 0.119152 -4.90721e-18
-54.6798 0.1209 -4.97918e-18
-54.7008 0.122784 -5.05677e-18
-54.7226 0.124693 -5.13541e-18
-54.7439 0.126528 -5.21099e-18
-54.7633 0.128189 -5.27937e-18
-54.7798 0.129597 -5.33737e-18
-54.7931 0.130724 -5.38379e-18
-54.803 0.131567 -5.41851e-18
-54.8096 0.132126 -5.44151e-18
-54.813 0.132426 -5.45387e-18
-54.8142 0.132547 -5.45887e-18
-54.8146 0.132599 -5.46102e-18
-54.8155 0.132692 -5.46483e-18
-54.8178 0.132908 -5.47373e-18
-54.822 0.133273 -5.48876e-18
-54.8278 0.133783 -5.50976e-18
-54.8354 0.134434 -5.53657e-18
-54.8445 0.135221 -5.56899e-18
-54.8551 0.136135 -5.60664e-18
-54.8671 0.137167 -5.64911e-18
-54.8803 0.138305 -5.69599e-18
-54.8949 0.139555 -5.74748e-18
-54.9112 0.140952 -5.805e-18
-54.9298 0.142544 -5.8706e-18
-54.9514 0.144382 -5.94629e-18
-54.9765 0.146504 -6.03368e-18
-55.0054 0.148932 -6.13366e-18
-55.0381 0.151675 -6.24663e-18
-55.0748 0.154741 -6.37292e-18
-55.1149 0.158086 -6.51067e-18
-55.1566 0.161557 -6.65364e-18
-55.1973 0.164947 -6.79325e-18
-55.2345 0.168049 -6.92098e-18
-55.2656 0.170657 -7.0284e-18
-55.2883 0.172571 -7.10724e-18
-55.3 0.173595 -7.14941e-18
-55.2984 0.173539 -7.14707e-18
-55.282 0.172277 -7.09511e-18
-55.2508 0.169813 -6.99365e-18
-55.2058 0.166223 -6.84577e-18
-55.148 0.161585 -6.65476e-18
-55.0788 0.156018 -6.42549e-18
-55.0005 0.14971 -6.16572e-18
-54.916 0.142889 -5.88479e-18
-54.8282 0.135781 -5.59207e-18
-54.7395 0.128596 -5.29614e-18
-54.6521 0.121503 -5.00402e-18
-54.5678 0.11465 -4.72179e-18
-54.4885 0.108181 -4.45538e-18
-54.4154 0.10221 -4.20947e-18
-54.3494 0.0967942 -3.98641e-18
-54.2906 0.0919572 -3.78719e-18
-54.2393 0.0877186 -3.61263e-18
-54.1957 0.0840923 -3.46328e-18
-54.1597 0.0810849 -3.33943e-18
-54.1314 0.0786981 -3.24113e-18
-54.1108 0.0769297 -3.1683e-18
-54.0975 0.075764 -3.12029e-18
-54.091 0.0751613 -3.09547e-18
-54.0907 0.0750688 -3.09166e-18
-54.0959 0.0754323 -3.10663e-18
-54.1059 0.0762051 -3.13846e-18
-54.1204 0.0773565 -3.18587e-18
-54.139 0.0788645 -3.24798e-18
-54.1615 0.0807083 -3.32392e-18
-54.1874 0.0828559 -3.41236e-18
-54.2162 0.0852521 -3.51105e-18
-54.2469 0.0878307 -3.61725e-18
-54.2788 0.0905275 -3.72832e-18
-54.3113 0.0932938 -3.84224e-18
-54.3441 0.0961087 -3.95817e-18
-54.3773 0.0989679 -4.07593e-18
-54.4108 0.101869 -4.19541e-18
-54.4449 0.104827 -4.31721e-18
-54.4801 0.107886 -4.44321e-18
-54.5173 0.11111 -4.57597e-18
-54.5572 0.114559 -4.71804e-18
-54.6007 0.118295 -4.87189e-18
-54.6485 0.122373 -5.03986e-18
-54.7013 0.126848 -5.22415e-18
-54.7598 0.131769 -5.42681e-18
-54.8241 0.137154 -5.64858e-18
-54.8939 0.14296 -5.8877e-18
-54.9682 0.149109 -6.14097e-18
-55.046 0.155521 -6.40504e-18
-55.126 0.162094 -6.67572e-18
-55.2067 0.168687 -6.94727e-18
-55.2859 0.175142 -7.21311e-18
-55.3617 0.181298 -7.46663e-18
-55.4325 0.187018 -7.7022e-18
-55.4971 0.192217 -7.91632e-18
-55.555 0.196839 -8.1067e-18
-55.6052 0.200828 -8.27096e-18
-55.6474 0.204147 -8.40764e-18
-55.6818 0.20681 -8.51733e-18
-55.7087 0.208856 -8.60158e-18
-55.7286 0.210324 -8.66205e-18
-55.7421 0.211259 -8.70055e-18
-55.7498 0.211709 -8.71911e-18
-55.7523 0.211731 -8.72e-18
-55.7503 0.211377 -8.70543e-18
-55.744 0.210679 -8.67666e-18
-55.7334 0.209621 -8.63308e-18
-55.7179 0.208164 -8.57309e-18
-55.6971 0.206272 -8.49519e-18
-55.6707 0.20393 -8.39871e-18
-55.639 0.20116 -8.28462e-18
-55.6025 0.198007 -8.15479e-18
-55.5619 0.194521 -8.01121e-18
-55.5177 0.190753 -7.85602e-18
-55.4707 0.186759 -7.69155e-18
-55.4215 0.1826 -7.52026e-18
-55.3711 0.178337 -7.34468e-18
-55.32 0.174033 -7.16745e-18
-55.2693 0.169757 -6.99134e-18
-55.2197 0.165578 -6.81921e-18
-55.1721 0.161564 -6.65389e-18
-55.1272 0.157769 -6.4976e-18
-55.0853 0.154216 -6.35127e-18
-55.0464 0.15091 -6.21512e-18
-55.0107 0.147856 -6.08934e-18
-54.978 0.145048 -5.97371e-18
-54.9482 0.142463 -5.86724e-18
-54.9208 0.140066 -5.76854e-18
-54.8953 0.137823 -5.67615e-18
-54.8712 0.135684 -5.58807e-18
-54.8477 0.133576 -5.50122e-18
-54.8235 0.131408 -5.41195e-18
-54.7978 0.129093 -5.31661e-18
-54.7692 0.126543 -5.2116e-18
-54.7369 0.123671 -5.09332e-18
-54.6998 0.120392 -4.95827e-18
-54.6569 0.116622 -4.80301e-18
-54.6077 0.112329 -4.62618e-18
-54.5532 0.107581 -4.43065e-18
-54.4949 0.102502 -4.22148e-18
-54.4342 0.097216 -4.00378e-18
-54.373 0.0918619 -3.78327e-18
-54.3133 0.086614 -3.56714e-18
-54.2575 0.0816623 -3.36321e-18
-54.2079 0.0771914 -3.17908e-18
-54.1662 0.0733352 -3.02026e-18
-54.1327 0.0701282 -2.88818e-18
-54.1071 0.0675499 -2.782e-18
-54.0891 0.0655733 -2.70059e-18
-54.078 0.0641434 -2.6417e-18
-54.0724 0.0631523 -2.60088e-18
-54.0705 0.0624635 -2.57252e-18
-54.0707 0.0619389 -2.55091e-18
-54.0712 0.0614491 -2.53074e-18
-54.0706 0.0608853 -2.50752e-18
-54.0677 0.0601508 -2.47727e-18
-54.0613 0.059152 -2.43613e-18
-54.0506 0.0578229 -2.3814e-18
-54.0352 0.0561523 -2.31259e-18
-54.0155 0.0541596 -2.23053e-18
-53.9917 0.0518695 -2.13621e-18
-53.9641 0.0493102 -2.03081e-18
-53.9331 0.0465136 -1.91563e-18
-53.8991 0.0435151 -1.79214e-18
-53.8626 0.0403548 -1.66198e-18
-53.824 0.037069 -1.52666e-18
-53.7837 0.0336816 -1.38716e-18
-53.7419 0.0302117 -1.24425e-18
-53.6989 0.0266819 -1.09888e-18
-53.6554 0.0231449 -9.53206e-19
-53.6127 0.0197109 -8.1178e-19
-53.5726 0.016521 -6.80404e-19
-53.5368 0.0137164 -5.64899e-19
-53.5072 0.0114335 -4.7088e-19
-53.4852 0.00979874 -4.03554e-19
-53.4724 0.00893128 -3.67829e-19
-53.4703 0.00894611 -3.68439e-19
-53.4797 0.00991705 -4.08427e-19
-53.5006 0.0118376 -4.87524e-19
-53.5324 0.0146565 -6.03616e-19
-53.5744 0.0183173 -7.54386e-19
-53.6252 0.0227022 -9.34975e-19
-53.6819 0.0275708 -1.13548e-18
-53.7407 0.0326186 -1.34338e-18
-53.7979 0.0375419 -1.54614e-18
-53.8499 0.0420563 -1.73206e-18
-53.8938 0.0459157 -1.89101e-18
-53.9269 0.0488981 -2.01384e-18
-53.9465 0.0507885 -2.09169e-18
-53.9505 0.0514145 -2.11747e-18
-53.9378 0.0506834 -2.08736e-18
-53.9079 0.0485489 -1.99945e-18
-53.8603 0.0449736 -1.85221e-18
-53.7956 0.0399904 -1.64698e-18
-53.7159 0.0337667 -1.39066e-18
-53.6241 0.0265431 -1.09316e-18
-53.5233 0.0185634 -7.6452e-19
-53.4169 0.0100852 -4.15354e-19
-53.3082 0.00139258 -5.73526e-20
-53.2011 -0.00722007 2.97354e-19
-53.0992 -0.015464 6.36875e-19
-53.0056 -0.0230806 9.50559e-19
-52.9229 -0.0298663 1.23002e-18
-52.8533 -0.0356525 1.46833e-18
-52.7985 -0.0402831 1.65903e-18
-52.7601 -0.0436421 1.79737e-18
-52.7386 -0.0456846 1.88149e-18
-52.734 -0.0464088 1.91132e-18
-52.746 -0.0458255 1.88729e-18
-52.7741 -0.0439739 1.81103e-18
-52.8173 -0.0409381 1.68601e-18
-52.874 -0.0368302 1.51683e-18
-52.9428 -0.0317699 1.30842e-18
-53.022 -0.0258675 1.06534e-18
-53.1106 -0.0192056 7.90971e-19
-53.2076 -0.011853 4.88159e-19
-53.3121 -0.00388126 1.59847e-19
-53.4228 0.00461454 -1.90047e-19
-53.5379 0.0134935 -5.5572e-19
-53.6552 0.0225922 -9.30445e-19
-53.7727 0.0317506 -1.30763e-18
-53.8885 0.0408255 -1.68137e-18
-54.0013 0.049704 -2.04703e-18
-54.1097 0.0582933 -2.40077e-18
-54.2128 0.0665087 -2.73912e-18
-54.3099 0.0743054 -3.06022e-18
-54.4013 0.0817128 -3.36529e-18
-54.488 0.0888029 -3.65729e-18
-54.5709 0.0956552 -3.9395e-18
-54.6511 0.102354 -4.21536e-18
-54.7297 0.108983 -4.48841e-18
-54.8077 0.115633 -4.76225e-18
-54.8864 0.122393 -5.04068e-18
-54.9665 0.129324 -5.32611e-18
-55.0479 0.136413 -5.61808e-18
-55.1301 0.143613 -5.91462e-18
-55.2125 0.150878 -6.2138e-18
-55.2939 0.158097 -6.51113e-18
-55.3714 0.16503 -6.79666e-18
-55.4413 0.171369 -7.05771e-18
-55.4997 0.17681 -7.28179e-18
-55.5438 0.181102 -7.45856e-18
-55.5717 0.184092 -7.5817e-18
-55.5821 0.185681 -7.64716e-18
-55.5742 0.185782 -7.65132e-18
-55.5476 0.184373 -7.5933e-18
-55.5039 0.181565 -7.47762e-18
-55.4452 0.177537 -7.31175e-18
-55.3741 0.172476 -7.10331e-18
-55.2929 0.166587 -6.86078e-18
-55.2049 0.160112 -6.59409e-18
-55.1132 0.153309 -6.31392e-18
-55.0211 0.146435 -6.03082e-18
-54.9313 0.139708 -5.75378e-18
-54.8456 0.133274 -5.48878e-18
-54.7653 0.127234 -5.24005e-18
-54.6916 0.121684 -5.01147e-18
-54.625 0.116664 -4.80471e-18
-54.5647 0.112107 -4.61707e-18
-54.5092 0.107891 -4.44344e-18
-54.4568 0.103887 -4.27853e-18
-54.4057 0.099943 -4.11608e-18
-54.3535 0.0958646 -3.94812e-18
-54.2974 0.0914366 -3.76575e-18
-54.2348 0.086445 -3.56018e-18
-54.1634 0.0807009 -3.32361e-18
-54.0814 0.0740649 -3.05031e-18
-53.9875 0.0664269 -2.73575e-18
-53.8804 0.0576836 -2.37566e-18
-53.7593 0.047775 -1.96758e-18
-53.6246 0.0367244 -1.51247e-18
-53.4772 0.0246016 -1.0132e-18
-53.3179 0.0114824 -4.72896e-19
-53.1481 -0.00254449 1.04793e-19
-52.9689 -0.0173701 7.15378e-19
-52.7821 -0.0328743 1.35391e-18
-52.5892 -0.048935 2.01536e-18
-52.3914 -0.0654532 2.69565e-18
-52.1895 -0.0823779 3.39268e-18
-51.9838 -0.0996847 4.10545e-18
-51.7747 -0.117351 4.83304e-18
-51.5627 -0.135338 5.57382e-18
-51.3488 -0.153566 6.32453e-18
-51.1343 -0.171939 7.08121e-18
-50.9203 -0.190367 7.84014e-18
-50.7083 -0.20873 8.5964e-18
-50.5006 -0.226844 9.34242e-18
-50.2998 -0.244495 1.00694e-17
-50.1084 -0.261482 1.0769e-17
-49.9287 -0.277616 1.14334e-17
-49.7628 -0.292724 1.20556e-17
-49.6125 -0.306648 1.26291e-17
-49.4795 -0.319247 1.3148e-17
-49.365 -0.330425 1.36083e-17
-49.2688 -0.34018 1.40101e-17
-49.1905 -0.34855 1.43548e-17
-49.1294 -0.355558 1.46434e-17
-49.0847 -0.361269 1.48786e-17
-49.0548 -0.36579 1.50648e-17
-49.038 -0.369248 1.52073e-17
-49.0325 -0.37178 1.53115e-17
-49.036 -0.37355 1.53844e-17
-49.0455 -0.374789 1.54355e-17
-49.0577 -0.375757 1.54753e-17
-49.0693 -0.376707 1.55144e-17
-49.0776 -0.377841 1.55611e-17
-49.0811 -0.379263 1.56197e-17
-49.0794 -0.381012 1.56917e-17
-49.0718 -0.383119 1.57785e-17
-49.0587 -0.385554 1.58788e-17
-49.0417 -0.388172 1.59866e-17
-49.0234 -0.390765 1.60934e-17
-49.0065 -0.393116 1.61902e-17
-48.9938 -0.39498 1.6267e-17
-48.9891 -0.396068 1.63118e-17
-48.996 -0.396067 1.63117e-17
-49.0186 -0.39466 1.62538e-17
-49.0596 -0.391629 1.6129e-17
-49.1193 -0.386949 1.59363e-17
-49.1969 -0.380702 1.5679e-17
-49.2912 -0.37297 1.53605e-17
-49.4013 -0.36385 1.49849e-17
-49.5255 -0.35347 1.45574e-17
-49.6622 -0.341974 1.4084e-17
-49.8096 -0.329506 1.35705e-17
-49.9667 -0.316165 1.30211e-17
-50.1331 -0.301966 1.24363e-17
-50.3096 -0.286875 1.18148e-17
-50.4965 -0.270862 1.11553e-17
-50.6949 -0.253847 1.04545e-17
-50.9069 -0.235647 9.70498e-18
-51.1355 -0.216034 8.89722e-18
-51.3836 -0.194783 8.022e-18
-51.6529 -0.171746 7.07325e-18
-51.9437 -0.146925 6.05101e-18
-52.2547 -0.120403 4.95872e-18
-52.585 -0.0922732 3.80021e-18
-52.9325 -0.0627259 2.58332e-18
-53.2938 -0.0320081 1.31823e-18
-53.6654 -0.000410247 1.68957e-20
-54.0431 0.0317255 -1.3066e-18
-54.4232 0.0640968 -2.63978e-18
-54.8025 0.0964203 -3.971e-18
-55.1775 0.128437 -5.28959e-18
-55.5449 0.159892 -6.58505e-18
-55.9023 0.19057 -7.84848e-18
-56.2479 0.220331 -9.07418e-18
-56.5806 0.24908 -1.02582e-17
-56.8994 0.276731 -1.1397e-17
-57.2035 0.303228 -1.24882e-17
-57.4928 0.328565 -1.35317e-17
-57.7679 0.352769 -1.45285e-17
-58.0291 0.375873 -1.54801e-17
-58.2767 0.397889 -1.63868e-17
-58.5104 0.418777 -1.72471e-17
-58.7301 0.438495 -1.80591e-17
-58.9345 0.456954 -1.88193e-17
-59.1224 0.474086 -1.95249e-17
-59.2943 0.48989 -2.01758e-17
-59.45 0.504368 -2.07721e-17
-59.5899 0.517536 -2.13144e-17
-59.7142 0.529399 -2.18029e-17
-59.8229 0.539952 -2.22376e-17
-59.9158 0.549181 -2.26177e-17
-59.993 0.557077 -2.29428e-17
-60.0551 0.563689 -2.32151e-17
-60.1043 0.569188 -2.34416e-17
-60.1434 0.573808 -2.36319e-17
-60.1755 0.577778 -2.37954e-17
-60.2033 0.581323 -2.39414e-17
-60.2294 0.584649 -2.40784e-17
-60.2561 0.587955 -2.42145e-17
-60.286 0.591429 -2.43576e-17
-60.3206 0.595217 -2.45136e-17
-60.3609 0.599388 -2.46854e-17
-60.4075 0.60397 -2.48741e-17
-60.4605 0.608977 -2.50803e-17
-60.5187 0.614357 -2.53019e-17
-60.58 0.619929 -2.55314e-17
-60.6412 0.625443 -2.57584e-17
-60.699 0.630644 -2.59727e-17
-60.7502 0.635285 -2.61638e-17
-60.7918 0.639124 -2.63219e-17
-60.8207 0.641933 -2.64376e-17
-60.8342 0.643486 -2.65016e-17
-60.8302 0.643633 -2.65076e-17
-60.8084 0.64236 -2.64552e-17
-60.7696 0.639733 -2.6347e-17
-60.7146 0.635828 -2.61862e-17
-60.6449 0.630761 -2.59775e-17
-60.5625 0.624714 -2.57284e-17
-60.4701 0.617908 -2.54481e-17
-60.3707 0.610574 -2.51461e-17
-60.2668 0.602902 -2.48301e-17
-60.1597 0.595013 -2.45052e-17
-60.0502 0.586982 -2.41744e-17
-59.9393 0.578886 -2.38411e-17
-59.8275 0.57077 -2.35068e-17
-59.7143 0.562583 -2.31696e-17
-59.599 0.554236 -2.28259e-17
-59.4804 0.545644 -2.2472e-17
-59.3572 0.536731 -2.21049e-17
-59.229 0.527437 -2.17221e-17
-59.0951 0.517711 -2.13216e-17
-58.955 0.50751 -2.09015e-17
-58.8085 0.496824 -2.04614e-17
-58.6563 0.485711 -2.00037e-17
-58.4998 0.474264 -1.95323e-17
-58.3402 0.462581 -1.90511e-17
-58.1788 0.45076 -1.85643e-17
-58.0169 0.438904 -1.8076e-17
-57.8558 0.427116 -1.75905e-17
-57.6968 0.415497 -1.7112e-17
-57.5411 0.404137 -1.66441e-17
-57.3897 0.393104 -1.61897e-17
-57.2432 0.382454 -1.57511e-17
-57.1024 0.372238 -1.53304e-17
-56.9677 0.362497 -1.49292e-17
-56.8396 0.353256 -1.45486e-17
-56.7183 0.344533 -1.41894e-17
-56.6039 0.336338 -1.38518e-17
-56.4967 0.328688 -1.35368e-17
-56.3971 0.321621 -1.32457e-17
-56.3059 0.315183 -1.29806e-17
-56.2234 0.309416 -1.27431e-17
-56.1505 0.304387 -1.2536e-17
-56.089 0.300236 -1.2365e-17
-56.0409 0.297132 -1.22372e-17
-56.0081 0.295236 -1.21591e-17
-55.9928 0.294704 -1.21372e-17
-55.9967 0.295697 -1.21781e-17
-56.0218 0.298367 -1.22881e-17
-56.0697 0.302858 -1.2473e-17
-56.1414 0.309235 -1.27356e-17
-56.2358 0.317418 -1.30727e-17
-56.351 0.32725 -1.34776e-17
-56.4847 0.33856 -1.39434e-17
-56.6338 0.351083 -1.44591e-17
-56.7925 0.364361 -1.5006e-17
-56.954 0.377838 -1.5561e-17
-57.1115 0.390961 -1.61015e-17
-57.2581 0.403172 -1.66044e-17
-57.3869 0.41391 -1.70466e-17
-57.4909 0.422614 -1.74051e-17
-57.5637 0.428743 -1.76575e-17
-57.5997 0.431849 -1.77854e-17
-57.5956 0.43166 -1.77776e-17
-57.5496 0.428008 -1.76272e-17
-57.4599 0.420747 -1.73282e-17
-57.3258 0.409801 -1.68774e-17
-57.1481 0.395221 -1.62769e-17
-56.9285 0.37713 -1.55318e-17
-56.6688 0.355666 -1.46479e-17
-56.372 0.331039 -1.36336e-17
-56.0424 0.303595 -1.25034e-17
-55.6855 0.273748 -1.12741e-17
-55.3064 0.241915 -9.96311e-18
-54.9105 0.208503 -8.58706e-18
-54.5028 0.173909 -7.16231e-18
-54.0882 0.138513 -5.70457e-18
-53.6713 0.102682 -4.2289e-18
-53.2567 0.0667744 -2.75006e-18
-52.8487 0.0311508 -1.28292e-18
-52.4518 -0.00383901 1.58107e-19
-52.07 -0.037872 1.55973e-18
-51.706 -0.0707166 2.91242e-18
-51.3608 -0.1023 4.21314e-18
-51.0338 -0.132645 5.46288e-18
-50.7244 -0.161801 6.66367e-18
-50.4318 -0.189823 7.81774e-18
-50.1575 -0.216669 8.92338e-18
-49.8995 -0.242405 9.98328e-18
-49.6556 -0.267144 1.10021e-17
-49.4254 -0.29092 1.19813e-17
-49.2074 -0.313825 1.29247e-17
-49.0003 -0.335937 1.38353e-17
-48.8031 -0.357351 1.47172e-17
-48.6154 -0.378115 1.55724e-17
-48.4372 -0.39814 1.63971e-17
-48.2692 -0.417366 1.71889e-17
-48.113 -0.435613 1.79404e-17
-47.9708 -0.452678 1.86433e-17
-47.8436 -0.468468 1.92935e-17
-47.7329 -0.482832 1.98851e-17
-47.64 -0.49565 2.0413e-17
-47.5666 -0.506772 2.08711e-17
-47.5147 -0.51602 2.12519e-17
-47.4864 -0.523198 2.15475e-17
-47.4842 -0.528107 2.17497e-17
-47.5111 -0.53057 2.18512e-17
-47.5676 -0.530474 2.18472e-17
-47.6541 -0.52773 2.17342e-17
-47.7722 -0.522243 2.15082e-17
-47.922 -0.513975 2.11677e-17
-48.1029 -0.502971 2.07145e-17
-48.3136 -0.489333 2.01528e-17
-48.5529 -0.473158 1.94867e-17
-48.8185 -0.454615 1.8723e-17
-49.1076 -0.433996 1.78738e-17
-49.4152 -0.411665 1.69541e-17
-49.7364 -0.38798 1.59787e-17
-50.0671 -0.3633 1.49623e-17
-50.4026 -0.33799 1.39199e-17
-50.7385 -0.312414 1.28666e-17
-51.0704 -0.286922 1.18167e-17
-51.3948 -0.261803 1.07822e-17
-51.7096 -0.237232 9.77026e-18
-52.0136 -0.21332 8.78545e-18
-52.3057 -0.190159 7.83156e-18
-52.5856 -0.167762 6.90915e-18
-52.8551 -0.145993 6.01264e-18
-53.1168 -0.124636 5.13304e-18
-53.3738 -0.10346 4.26092e-18
-53.6283 -0.0822726 3.38834e-18
-53.882 -0.0609665 2.51087e-18
-54.1356 -0.0394767 1.62582e-18
-54.39 -0.0177328 7.30315e-19
-54.6454 0.00427021 -1.75866e-19
-54.9003 0.026397 -1.08714e-18
-55.1521 0.0484416 -1.99503e-18
-55.3984 0.0702055 -2.89137e-18
-55.6365 0.091456 -3.76655e-18
-55.8627 0.11188 -4.60771e-18
-56.0726 0.13113 -5.40052e-18
-56.2623 0.148874 -6.1313e-18
-56.428 0.164792 -6.78686e-18
-56.566 0.178572 -7.35438e-18
-56.6727 0.189919 -7.82168e-18
-56.7449 0.198558 -8.17746e-18
-56.7805 0.2043 -8.41395e-18
-56.7792 0.207108 -8.52962e-18
-56.7418 0.207036 -8.52663e-18
-56.6694 0.204155 -8.40799e-18
-56.5635 0.19856 -8.17756e-18
-56.4258 0.190368 -7.8402e-18
-56.2583 0.179716 -7.40149e-18
-56.0629 0.16675 -6.86747e-18
-55.8426 0.151673 -6.24654e-18
-55.6023 0.134871 -5.55458e-18
-55.3479 0.116814 -4.81091e-18
-55.0853 0.0979367 -4.03346e-18
-54.8196 0.0786587 -3.23951e-18
-54.5557 0.0593367 -2.44374e-18
-54.2976 0.04029 -1.65932e-18
-54.0491 0.0218171 -8.98522e-19
-53.8137 0.00418074 -1.72181e-19
-53.594 -0.012405 5.1089e-19
-53.3923 -0.0277673 1.14358e-18
-53.2104 -0.0417614 1.71991e-18
-53.0488 -0.0543477 2.23827e-18
-52.9056 -0.0656707 2.7046e-18
-52.7777 -0.0759843 3.12936e-18
-52.6615 -0.0855667 3.52401e-18
-52.5529 -0.0947332 3.90152e-18
-52.4473 -0.103851 4.27705e-18
-52.3394 -0.113342 4.66793e-18
-52.2239 -0.123607 5.09067e-18
-52.0959 -0.13503 5.56111e-18
-51.9503 -0.147992 6.09493e-18
-51.7828 -0.162841 6.70648e-18
-51.5886 -0.179926 7.41014e-18
-51.3636 -0.199581 8.21959e-18
-51.1035 -0.222117 9.14775e-18
-50.8052 -0.247829 1.02067e-17
-50.4647 -0.276986 1.14075e-17
-50.0794 -0.309838 1.27605e-17
-49.6461 -0.346606 1.42747e-17
-49.1615 -0.38749 1.59585e-17
-48.6239 -0.432654 1.78186e-17
-48.0316 -0.482198 1.9859e-17
-47.385 -0.536121 2.20798e-17
-46.6846 -0.594351 2.4478e-17
-45.9322 -0.656784 2.70492e-17
-45.1297 -0.723257 2.97868e-17
-44.2801 -0.793509 3.26801e-17
-43.3881 -0.867216 3.57157e-17
-42.4576 -0.944034 3.88794e-17
-41.494 -1.02357 4.21551e-17
-40.503 -1.10538 4.55243e-17
-39.4901 -1.18896 4.89667e-17
-38.4618 -1.27383 5.24617e-17
-37.4249 -1.35943 5.59872e-17
-36.3872 -1.44515 5.95174e-17
-35.357 -1.53032 6.30252e-17
-34.3423 -1.6143 6.64839e-17
-33.3507 -1.69649 6.98689e-17
-32.3885 -1.77639 7.31594e-17
-31.4613 -1.85355 7.63371e-17
-30.5742 -1.92755 7.93848e-17
-29.7317 -1.99803 8.22876e-17
-28.9373 -2.06471 8.50337e-17
-28.1938 -2.12736 8.76141e-17
-27.5034 -2.1858 9.00208e-17
-26.8679 -2.23987 9.22477e-17
-26.2883 -2.28948 9.42907e-17
-25.7654 -2.33457 9.61476e-17
-25.2992 -2.37511 9.78173e-17
-24.8899 -2.41107 9.92985e-17
-24.5382 -2.4424 1.00589e-16
-24.2447 -2.46902 1.01685e-16
-24.0099 -2.49088 1.02585e-16
-23.8342 -2.50794 1.03288e-16
-23.7182 -2.52012 1.03789e-16
-23.6629 -2.52733 1.04086e-16
-23.669 -2.52951 1.04176e-16
-23.7367 -2.52662 1.04057e-16
-23.8663 -2.51862 1.03728e-16
-24.0579 -2.5055 1.03187e-16
-24.3113 -2.48726 1.02436e-16
-24.6262 -2.46391 1.01475e-16
-25.003 -2.43548 1.00303e-16
-25.4406 -2.40199 9.89243e-17
-25.938 -2.3635 9.73392e-17
-26.4942 -2.32009 9.55515e-17
-27.1073 -2.27191 9.35673e-17
-27.775 -2.21914 9.13938e-17
-28.4949 -2.16196 8.9039e-17
-29.2653 -2.10061 8.65121e-17
-30.0819 -2.03535 8.38244e-17
-30.9406 -1.96648 8.09883e-17
-31.8378 -1.89433 7.80166e-17
-32.7693 -1.81923 7.49239e-17
-33.7298 -1.74162 7.17276e-17
-34.7133 -1.66197 6.84469e-17
-35.7141 -1.58072 6.5101e-17
-36.7275 -1.49829 6.17059e-17
-37.7503 -1.41491 5.82719e-17
-38.7818 -1.33075 5.4806e-17
-39.8192 -1.24598 5.13147e-17
-40.8605 -1.1607 4.78025e-17
-41.9062 -1.0749 4.42691e-17
-42.9569 -0.988521 4.07116e-17
-44.0136 -0.901487 3.71272e-17
-45.0778 -0.813739 3.35133e-17
-46.1492 -0.725246 2.98688e-17
-47.228 -0.635989 2.61928e-17
-48.3144 -0.545952 2.24847e-17
-49.4077 -0.455187 1.87466e-17
-50.5055 -0.363895 1.49868e-17
-51.6044 -0.272348 1.12165e-17
-52.701 -0.180816 7.44678e-18
-53.7915 -0.089597 3.68999e-18
-54.8716 0.000944422 -3.88954e-20
-55.9363 0.0904171 -3.72377e-18
-56.981 0.178445 -7.34913e-18
-58.0016 0.264697 -1.09014e-17
-58.9949 0.348921 -1.43701e-17
-59.9585 0.430913 -1.77469e-17
-60.8901 0.510497 -2.10245e-17
-61.7884 0.587548 -2.41978e-17
-62.6529 0.662035 -2.72655e-17
-63.4833 0.733872 -3.0224e-17
-64.2803 0.803159 -3.30776e-17
-65.0454 0.870014 -3.5831e-17
-65.7778 0.934345 -3.84804e-17
-66.477 0.996103 -4.10238e-17
-67.1424 1.05523 -4.34589e-17
-67.7751 1.11172 -4.57853e-17
-68.3737 1.16543 -4.79973e-17
-68.9343 1.21611 -5.00847e-17
-69.455 1.26361 -5.20409e-17
-69.9346 1.30779 -5.38604e-17
-70.3719 1.34854 -5.55388e-17
-70.766 1.38577 -5.70721e-17
-71.1162 1.41941 -5.84573e-17
-71.422 1.44938 -5.96917e-17
-71.6829 1.47563 -6.0773e-17
-71.8986 1.49812 -6.16992e-17
-72.0689 1.51681 -6.24687e-17
-72.1931 1.53162 -6.30786e-17
-72.2698 1.54242 -6.35235e-17
-72.2972 1.54905 -6.37964e-17
-72.2734 1.55133 -6.38907e-17
-72.1967 1.54912 -6.37997e-17
-72.0651 1.54225 -6.35165e-17
-71.8767 1.53053 -6.3034e-17
-71.6297 1.51382 -6.23457e-17
-71.3227 1.49201 -6.14474e-17
-70.9562 1.46511 -6.03397e-17
-70.5312 1.43322 -5.9026e-17
-70.0489 1.39641 -5.75101e-17
-69.511 1.35484 -5.57982e-17
-68.9212 1.3088 -5.3902e-17
-68.2838 1.25863 -5.1836e-17
-67.6041 1.20471 -4.96153e-17
-66.886 1.14739 -4.72546e-17
-66.1337 1.08709 -4.47709e-17
-65.3529 1.02423 -4.21822e-17
-64.5485 0.959247 -3.95059e-17
-63.725 0.892516 -3.67577e-17
-62.8857 0.82432 -3.39491e-17
-62.0353 0.754894 -3.10898e-17
-61.176 0.684464 -2.81892e-17
-60.3079 0.613221 -2.52551e-17
-59.4341 0.541304 -2.22932e-17
-58.5548 0.46884 -1.93089e-17
-57.6707 0.395946 -1.63068e-17
-56.7835 0.322681 -1.32894e-17
-55.8928 0.249004 -1.02551e-17
-54.997 0.174815 -7.19965e-18
-54.0935 0.100033 -4.11978e-18
-53.181 0.024563 -1.01161e-18
-52.258 -0.0516904 2.12884e-18
-51.3254 -0.128747 5.30236e-18
-50.3808 -0.206719 8.5136e-18
-49.4222 -0.285691 1.1766e-17
-48.4515 -0.365545 1.50547e-17
-47.4699 -0.446153 1.83745e-17
-46.4797 -0.527341 2.17182e-17
-45.4837 -0.608881 2.50764e-17
-44.486 -0.690427 2.84348e-17
-43.492 -0.771563 3.17763e-17
-42.5069 -0.851871 3.50837e-17
-41.5359 -0.930963 3.83411e-17
-40.5852 -1.00831 4.15266e-17
-39.6621 -1.08335 4.46169e-17
-38.7728 -1.15559 4.75921e-17
-37.9231 -1.22455 5.04324e-17
-37.1179 -1.28988 5.31228e-17
-36.3614 -1.35124 5.56498e-17
-35.6572 -1.40833 5.80012e-17
-35.0084 -1.46094 6.0168e-17
-34.4162 -1.50898 6.21462e-17
-33.8808 -1.55243 6.39357e-17
-33.4019 -1.59132 6.55373e-17
-32.9795 -1.62567 6.69522e-17
-32.6133 -1.6555 6.81805e-17
-32.3034 -1.68081 6.9223e-17
-32.0491 -1.70165 7.00811e-17
-31.8498 -1.71808 7.07579e-17
-31.7043 -1.7302 7.12571e-17
-31.6109 -1.73813 7.15837e-17
-31.568 -1.74202 7.17437e-17
-31.5737 -1.74199 7.17429e-17
-31.6268 -1.73817 7.15853e-17
-31.7261 -1.73062 7.12746e-17
-31.8703 -1.71947 7.08153e-17
-32.0584 -1.70478 7.02103e-17
-32.2905 -1.68654 6.9459e-17
-32.5674 -1.66468 6.85588e-17
-32.8894 -1.63917 6.75082e-17
-33.2572 -1.60995 6.63048e-17
-33.672 -1.57692 6.49444e-17
-34.1353 -1.53996 6.34221e-17
-34.6482 -1.49896 6.17338e-17
-35.2116 -1.45387 5.98765e-17
-35.826 -1.40462 5.78484e-17
-36.4915 -1.35122 5.56489e-17
-37.2081 -1.29365 5.32782e-17
-37.9748 -1.23201 5.07394e-17
-38.7891 -1.16649 4.80411e-17
-39.6474 -1.09738 4.5195e-17
-40.5462 -1.02498 4.22131e-17
-41.4813 -0.949607 3.91089e-17
-42.4486 -0.871618 3.5897e-17
-43.4432 -0.791393 3.2593e-17
-44.4606 -0.709318 2.92128e-17
-45.495 -0.625873 2.57761e-17
-46.5405 -0.541523 2.23023e-17
-47.5913 -0.456745 1.88107e-17
-48.6408 -0.372084 1.5324e-17
-49.6849 -0.288039 1.18627e-17
-50.7188 -0.205058 8.44517e-18
-51.7348 -0.123565 5.08895e-18
-52.7277 -0.0439762 1.81113e-18
-53.6928 0.0333086 -1.37179e-18
-54.6253 0.107895 -4.44357e-18
-55.5208 0.17941 -7.38887e-18
-56.3769 0.247491 -1.01928e-17
-57.189 0.311801 -1.28413e-17
-57.9528 0.372019 -1.53214e-17
-58.665 0.427857 -1.7621e-17
-59.3204 0.479002 -1.97274e-17
-59.9159 0.525155 -2.16282e-17
-60.4482 0.566066 -2.33131e-17
-60.9146 0.601485 -2.47718e-17
-61.3123 0.631187 -2.5995e-17
-61.639 0.654974 -2.69747e-17
-61.8928 0.672688 -2.77042e-17
-62.0723 0.684199 -2.81783e-17
-62.1762 0.689397 -2.83923e-17
-62.2039 0.688189 -2.83426e-17
-62.153 0.680377 -2.80209e-17
-62.0203 0.665723 -2.74173e-17
-61.8039 0.644051 -2.65248e-17
-61.501 0.615146 -2.53344e-17
-61.1085 0.57874 -2.3835e-17
-60.6228 0.534539 -2.20146e-17
-60.0409 0.482281 -1.98624e-17
-59.3596 0.421721 -1.73683e-17
-58.5757 0.35256 -1.45199e-17
-57.6864 0.27456 -1.13076e-17
-56.6902 0.187616 -7.72684e-18
-55.5854 0.0915937 -3.77222e-18
-54.3707 -0.0136367 5.61618e-19
-53.045 -0.128161 5.27821e-18
-51.6078 -0.252037 1.038e-17
-50.0589 -0.385296 1.58681e-17
-48.3981 -0.527956 2.17435e-17
-46.6257 -0.680014 2.80059e-17
-44.7422 -0.841435 3.46539e-17
-42.7488 -1.01215 4.16846e-17
-40.6469 -1.19205 4.90937e-17
-38.4384 -1.381 5.68756e-17
-36.1254 -1.57885 6.50238e-17
-33.7119 -1.78528 7.35256e-17
-31.2052 -1.99973 8.23574e-17
-28.6144 -2.22146 9.14894e-17
-25.9487 -2.44975 1.00891e-16
-23.2186 -2.68377 1.10529e-16
-20.4371 -2.92245 1.20359e-16
-17.6187 -3.16464 1.30334e-16
-14.7774 -3.40921 1.40406e-16
-11.928 -3.65496 1.50527e-16
-9.08746 -3.90051 1.6064e-16
-6.27339 -4.14443 1.70686e-16
-3.50266 -4.38534 1.80607e-16
-0.791006 -4.62194 1.90352e-16
1.84738 -4.85306 1.9987e-16
4.39963 -5.07763 2.09119e-16
6.85388 -5.29464 2.18056e-16
9.20043 -5.50327 2.26648e-16
11.4329 -5.70294 2.34872e-16
13.5472 -5.89327 2.42711e-16
15.5402 -6.07395 2.50152e-16
17.4115 -6.24487 2.57191e-16
19.1651 -6.40629 2.63839e-16
20.8079 -6.5587 2.70115e-16
22.3473 -6.70261 2.76042e-16
23.7912 -6.83859 2.81643e-16
25.1481 -6.96728 2.86943e-16
26.4271 -7.0893 2.91968e-16
27.6364 -7.20532 2.96746e-16
28.7848 -7.31593 3.01302e-16
29.8795 -7.42163 3.05655e-16
30.9261 -7.52286 3.09824e-16
31.9305 -7.62001 3.13825e-16
32.8966 -7.71338 3.1767e-16
33.8262 -7.80304 3.21363e-16
34.7192 -7.88898 3.24902e-16
35.575 -7.97112 3.28285e-16
36.3919 -8.04931 3.31505e-16
37.1669 -8.12328 3.34552e-16
37.8959 -8.1927 3.37411e-16
38.5742 -8.2572 3.40067e-16
39.1966 -8.31635 3.42503e-16
39.7569 -8.36967 3.44699e-16
40.2483 -8.41662 3.46633e-16
40.664 -8.45667 3.48282e-16
40.997 -8.48927 3.49625e-16
41.241 -8.51395 3.50641e-16
41.3895 -8.53023 3.51312e-16
41.4368 -8.53765 3.51618e-16
41.3777 -8.53582 3.51542e-16
41.2077 -8.52437 3.51071e-16
40.9231 -8.50304 3.50192e-16
40.5203 -8.47157 3.48896e-16
39.9966 -8.42975 3.47174e-16
39.3501 -8.37744 3.45019e-16
38.5796 -8.31455 3.42429e-16
37.6843 -8.24105 3.39402e-16
36.6636 -8.15688 3.35936e-16
35.5162 -8.06195 3.32026e-16
34.2407 -7.95615 3.27669e-16
32.8363 -7.83942 3.22861e-16
31.3026 -7.71172 3.17602e-16
29.6392 -7.57301 3.11889e-16
27.846 -7.42328 3.05723e-16
25.9234 -7.26255 2.99103e-16
23.8731 -7.09096 2.92037e-16
21.6994 -6.90884 2.84536e-16
19.408 -6.71663 2.7662e-16
17.0047 -6.51481 2.68308e-16
14.4971 -6.30396 2.59624e-16
11.8949 -6.08487 2.50601e-16
9.20953 -5.85847 2.41277e-16
6.45238 -5.62566 2.31689e-16
3.63699 -5.38754 2.21882e-16
0.781614 -5.14559 2.11918e-16
-2.09323 -4.90149 2.01865e-16
-4.96752 -4.65687 1.9179e-16
-7.8206 -4.41343 1.81764e-16
-10.6299 -4.17301 1.71862e-16
-13.3724 -3.93751 1.62164e-16
-16.026 -3.70878 1.52744e-16
-18.5693 -3.48858 1.43675e-16
-20.9809 -3.2787 1.35031e-16
-23.2405 -3.08087 1.26884e-16
-25.3286 -2.8967 1.19299e-16
-27.2284 -2.72765 1.12336e-16
-28.9256 -2.57495 1.06048e-16
-30.4084 -2.43965 1.00475e-16
-31.666 -2.3227 9.56589e-17
-32.6905 -2.22484 9.16287e-17
-33.4779 -2.1465 8.84022e-17
-34.0265 -2.08789 8.59886e-17
-34.3358 -2.04916 8.43935e-17
-34.4081 -2.03023 8.36138e-17
-34.2498 -2.03066 8.36312e-17
-33.87 -2.04979 8.44193e-17
-33.2784 -2.08695 8.59496e-17
-32.4854 -2.14135 8.81901e-17
-31.5034 -2.21207 9.11026e-17
-30.3455 -2.29811 9.4646e-17
-29.0247 -2.39847 9.87792e-17
-27.5539 -2.51215 1.03461e-16
-25.9461 -2.63813 1.0865e-16
-24.2141 -2.77539 1.14303e-16
-22.3703 -2.92296 1.2038e-16
-20.4256 -3.07993 1.26845e-16
-18.3899 -3.2455 1.33664e-16
-16.272 -3.41894 1.40807e-16
-14.0797 -3.59957 1.48246e-16
-11.8195 -3.78684 1.55958e-16
-9.49631 -3.98028 1.63925e-16
-7.11354 -4.17957 1.72133e-16
-4.67412 -4.3844 1.80569e-16
-2.18024 -4.59453 1.89223e-16
0.366737 -4.80976 1.98087e-16
2.96599 -5.02994 2.07155e-16
5.61687 -5.25496 2.16422e-16
8.31799 -5.4846 2.2588e-16
11.0662 -5.71855 2.35515e-16
13.8575 -5.95638 2.4531e-16
16.6875 -6.19767 2.55247e-16
19.5498 -6.44185 2.65303e-16
22.4341 -6.68799 2.75441e-16
25.328 -6.93504 2.85615e-16
28.2185 -7.18188 2.95781e-16
31.0914 -7.42731 3.05889e-16
33.9293 -7.66988 3.15879e-16
36.7133 -7.90802 3.25687e-16
39.4246 -8.14016 3.35247e-16
42.0423 -8.36475 3.44496e-16
44.5488 -8.5802 3.5337e-16
46.9263 -8.78495 3.61802e-16
49.1535 -8.9775 3.69732e-16
51.2125 -9.15642 3.77101e-16
53.0909 -9.32046 3.83857e-16
54.7768 -9.46852 3.89955e-16
56.2569 -9.59956 3.95351e-16
57.5183 -9.71265 4.00009e-16
58.5548 -9.80711 4.03899e-16
59.3615 -9.88239 4.06999e-16
59.9322 -9.93801 4.0929e-16
60.2651 -9.97371 4.10761e-16
60.3612 -9.98957 4.11414e-16
60.2251 -9.98585 4.11261e-16
59.8615 -9.96292 4.10316e-16
59.2771 -9.92123 4.08599e-16
58.4803 -9.8614 4.06135e-16
57.4807 -9.78415 4.02954e-16
56.2885 -9.69023 3.99086e-16
54.9144 -9.58045 3.94564e-16
53.3693 -9.45563 3.89424e-16
51.6647 -9.31665 3.837e-16
49.8119 -9.16435 3.77428e-16
47.8209 -8.99952 3.70639e-16
45.6993 -8.82271 3.63357e-16
43.4533 -8.63439 3.55602e-16
41.0884 -8.43498 3.47389e-16
38.6094 -8.22484 3.38735e-16
36.0193 -8.00421 3.29648e-16
33.3203 -7.77324 3.20136e-16
30.5138 -7.53205 3.10202e-16
27.6008 -7.28074 2.99852e-16
24.5798 -7.01939 2.89089e-16
21.453 -6.7481 2.77916e-16
18.2217 -6.46689 2.66334e-16
14.885 -6.1758 2.54346e-16
11.4448 -5.87498 2.41957e-16
7.89827 -5.56458 2.29173e-16
4.2467 -5.24472 2.16e-16
0.49444 -4.91557 2.02444e-16
-3.35618 -4.57741 1.88518e-16
-7.30413 -4.2306 1.74234e-16
-11.3447 -3.87545 1.59608e-16
-15.4748 -3.51223 1.44649e-16
-19.6943 -3.1411 1.29364e-16
-24.0025 -2.76216 1.13758e-16
-28.3997 -2.37552 9.78341e-17
-32.8854 -1.98128 8.15976e-17
-37.4603 -1.5795 6.50505e-17
-42.1247 -1.17023 4.8195e-17
-46.8786 -0.753563 3.1035e-17
-51.7209 -0.329674 1.35774e-17
-56.6494 0.101172 -4.16672e-18
-61.6604 0.538618 -2.21826e-17
-66.7445 0.981546 -4.04243e-17
-71.9171 1.43049 -5.89139e-17
-77.1669 1.88511 -7.76369e-17
-82.4694 2.34385 -9.65298e-17
-87.8254 2.80645 -1.15582e-16
-93.2199 3.27183 -1.34748e-16
-98.6431 3.73909 -1.53992e-16
-104.081 4.20705 -1.73265e-16
-109.518 4.67455 -1.92518e-16
-114.94 5.14034 -2.11702e-16
-120.33 5.60307 -2.30759e-16
-125.67 6.06135 -2.49633e-16
-130.943 6.51374 -2.68264e-16
-136.132 6.95882 -2.86594e-16
-141.217 7.39513 -3.04564e-16
-146.181 7.82126 -3.22114e-16
-151.007 8.23579 -3.39186e-16
-155.676 8.6374 -3.55725e-16
-160.176 9.02488 -3.71684e-16
-164.491 9.39714 -3.87015e-16
-168.611 9.75318 -4.01678e-16
-172.523 10.092 -4.15634e-16
-176.214 10.4129 -4.28849e-16
-179.678 10.7151 -4.41296e-16
-182.909 10.9981 -4.52949e-16
-185.898 11.2613 -4.63788e-16
-188.639 11.5043 -4.73796e-16
-191.129 11.7268 -4.82961e-16
-193.364 11.9286 -4.91273e-16
-195.326 12.1074 -7.12063e-16
-197.025 12.2636 -7.18708e-16
-198.49 12.4005 -7.24535e-16
-199.72 12.5186 -7.29564e-16
-200.725 12.6187 -7.3383e-16
-201.518 12.7018 -7.37375e-16
-202.113 12.7691 -7.4025e-16
-202.526 12.8219 -7.42508e-16
-202.774 12.8614 -7.44203e-16
-202.869 12.8888 -7.45383e-16
-202.827 12.905 -7.46093e-16
-202.667 12.9114 -7.46382e-16
-202.398 12.9088 -7.46295e-16
-202.036 12.8983 -7.45869e-16
-201.591 12.8807 -6.82424e-16
-201.064 12.8566 -6.81429e-16
-200.47 12.8267 -6.80199e-16
-199.816 12.7918 -6.78763e-16
-199.106 12.7525 -6.77143e-16
-198.348 12.7093 -6.75364e-16
-197.549 12.6627 -6.73446e-16
-196.711 12.6131 -6.71402e-16
-195.837 12.5606 -6.69239e-16
-194.929 12.5054 -6.66968e-16
-193.99 12.4478 -6.64596e-16
-193.022 12.388 -6.62131e-16
-192.026 12.3261 -6.59582e-16
-191.006 12.2623 -6.56955e-16
-189.963 12.1969 -6.5426e-16
-188.899 12.1298 -6.51499e-16
-187.813 12.0612 -6.48674e-16
-186.708 11.9912 -6.4579e-16
-185.584 11.9198 -6.42848e-16
-184.441 11.847 -6.39849e-16
-183.279 11.7727 -6.36791e-16
-182.098 11.697 -6.33673e-16
-180.898 11.6198 -6.30495e-16
-179.68 11.5412 -6.27255e-16
-178.442 11.4609 -6.2395e-16
-177.186 11.3791 -6.20579e-16
-175.92 11.2961 -6.17162e-16
-174.653 11.2125 -6.1372e-16
-173.466 11.1328 -6.10436e-16
-172.373 11.0577 -6.07342e-16
-171.282 10.982 -6.04228e-16
-170.172 10.9049 -6.0105e-16
-169.042 10.8263 -5.97815e-16
-167.94 10.7491 -5.94635e-16
-166.876 10.6741 -5.91543e-16
-165.835 10.6005 -5.88515e-16
-164.839 10.53 -5.8561e-16
-163.895 10.4633 -5.82863e-16
-163.02 10.4017 -5.80326e-16
-162.228 10.3462 -5.78041e-16
-161.533 10.298 -5.76055e-16
-160.943 10.258 -5.74409e-16
-160.551 10.2276 -5.73155e-16
-160.367 10.2075 -5.7233e-16
-160.318 10.1986 -5.71963e-16
-160.412 10.2015 -5.7208e-16
-160.654 10.2166 -5.72706e-16
-161.05 10.2447 -5.73862e-16
-161.607 10.2861 -5.75565e-16
-162.338 10.3418 -5.77859e-16
-163.237 10.4115 -5.80729e-16
-164.291 10.4946 -5.84153e-16
-165.508 10.5916 -5.88147e-16
-166.886 10.7024 -5.9271e-16
-168.428 10.8272 -5.9785e-16
-170.131 10.9659 -6.03562e-16
-171.994 11.1181 -6.09833e-16
-174.016 11.2837 -6.16652e-16
-176.203 11.4626 -6.2402e-16
-178.549 11.6545 -6.31922e-16
-181.046 11.8587 -6.40332e-16
-183.686 12.0747 -6.4923e-16
-186.129 12.283 -7.08004e-16
-188.208 12.4659 -6.15991e-16
-190.396 12.6562 -6.66093e-16
-192.656 12.8536 -1.11128e-15
-194.98 13.0575 -8.37585e-16
-197.359 13.267 -1.30837e-15
-199.786 13.4813 -9.56926e-16
-202.267 13.701 -1.17638e-15
-204.769 13.9228 -1.51929e-15
-207.183 14.1326 -6.22418e-16
-209.694 14.3469 -1.5479e-15
-212.24 14.5648 -1.84304e-15
-214.789 14.7823 -3.82311e-16
-217.383 15.0031 -6.65658e-16
-220.004 15.2265 -8.36542e-16
-222.649 15.4524 -2.55013e-16
-225.139 15.6565 -1.16019e-15
-227.65 15.8519 7.16597e-13
-230.205 16.0469 -1.21209e-15
-232.77 16.2418 -1.04916e-15
-235.338 16.4368 -1.86582e-15
-237.891 16.6253 -7.41647e-16
-240.361 16.793 -1.27691e-15
-242.837 16.962 -1.85388e-15
-245.07 17.1045 -1.22706e-15
-247.542 17.2472 -2.00093e-15
-250.135 17.3898 -1.31425e-15
-252.728 17.5312 -6.19675e-13
-255.307 17.6716 -1.49418e-15
-257.859 17.81 -1.39598e-13
-260.379 17.9458 -8.9266e-15
-262.858 18.0762 -9.82478e-16
-265.241 18.1872 -1.99752e-13
-267.551 18.2967 -7.49112e-18
-270.182 18.3908 -4.21246e-16
-272.862 18.4821 -8.74296e-17
-275.47 18.5698 7.28506e-15
-277.993 18.6541 -1.57313e-16
-280.428 18.7353 -1.24329e-16
-282.759 18.8128 -8.25481e-15
-284.973 18.8861 -1.73053e-16
-287.063 18.955 -9.3493e-16
-289.026 19.0193 -7.51121e-16
-290.856 19.0789 -8.42469e-16
-292.546 19.1335 7.75291e-16
-294.091 19.183 3.18668e-16
-295.488 19.2273 2.05632e-15
-296.73 19.2663 -1.68671e-15
-297.817 19.2999 -1.08628e-15
-298.703 19.3269 9.09541e-15
-299.361 19.3463 -9.13984e-16
-299.792 19.3582 1.42639e-16
-299.992 19.3623 -2.3682e-16
-299.889 19.3477 1.24363e-16
-299.549 19.3139 1.26325e-16
-298.979 19.2612 1.2935e-16
-298.182 19.1896 1.33435e-16
-297.159 19.0994 1.38565e-16
-295.917 18.991 1.44723e-16
-294.459 18.8646 1.51888e-16
-292.792 18.7208 1.60037e-16
-290.921 18.5599 1.69148e-16
-288.85 18.3823 1.792e-16
-286.586 18.1885 1.90169e-16
-284.136 17.9789 2.02027e-16
-281.506 17.7541 2.14742e-16
-278.706 17.5149 2.28277e-16
-275.744 17.2618 2.42597e-16
-272.628 16.9955 2.57665e-16
-269.366 16.7167 2.73442e-16
-265.968 16.426 2.89892e-16
-262.441 16.1242 3.06979e-16
-258.794 15.8118 3.24665e-16
-255.033 15.4895 3.42916e-16
-251.167 15.158 3.61696e-16
-247.201 14.8177 3.80974e-16
-243.144 14.4692 4.00716e-16
-239 14.1131 4.20895e-16
-234.774 13.7499 4.41485e-16
-230.471 13.3798 4.62458e-16
-226.096 13.0035 4.83792e-16
-221.652 12.6212 5.05463e-16
-217.144 12.2334 5.27447e-16
-212.575 11.8405 5.49724e-16
-207.949 11.4428 5.7227e-16
-203.269 11.0406 5.95065e-16
-198.54 10.6345 6.18085e-16
-193.764 10.2247 6.41308e-16
-188.947 9.81163 6.6471e-16
-184.091 9.39573 6.8827e-16
-179.2 8.97736 7.11964e-16
-174.279 8.55694 7.35769e-16
-169.334 8.13493 7.59658e-16
-164.368 7.71181 7.83603e-16
-159.388 7.28811 8.07575e-16
-154.401 6.86439 8.3154e-16
-149.414 6.44127 8.55464e-16
-144.434 6.01936 8.79314e-16
-139.47 5.59931 9.03052e-16
-134.529 5.18179 9.26641e-16
-129.621 4.76759 9.50037e-16
-124.758 4.35761 9.7319e-16
-119.952 3.95281 9.96046e-16
-115.216 3.55421 1.01855e-15
-110.562 3.16275 1.04065e-15
-106 2.77924 1.0623e-15
-101.542 2.40442 1.08345e-15
-97.1961 2.03903 1.10408e-15
-92.973 1.68384 1.12413e-15
-88.8845 1.33974 1.14356e-15
-84.9426 1.00764 1.16232e-15
-81.1589 0.68841 1.18036e-15
-77.5437 0.382822 1.19763e-15
-74.1057 0.0915147 1.21411e-15
-70.8522 -0.184988 1.22976e-15
-67.7891 -0.44625 1.24456e-15
-64.9219 -0.691875 1.25849e-15
-62.2562 -0.921449 1.27153e-15
-59.797 -1.13461 1.28365e-15
-57.5478 -1.33109 1.29484e-15
-55.5097 -1.51083 1.3051e-15
-53.6806 -1.67402 1.31444e-15
-52.0558 -1.82104 1.32288e-15
-50.6291 -1.95239 1.33045e-15
-49.3929 -2.06868 1.33718e-15
-48.3383 -2.17061 1.34312e-15
-47.4548 -2.259 1.34829e-15
-46.7311 -2.33475 1.35277e-15
-46.1545 -2.39885 1.3566e-15
-45.7106 -2.45243 1.35984e-15
-45.3842 -2.49668 1.36256e-15
-45.1594 -2.53287 1.36484e-15
-45.0198 -2.56227 1.36673e-15
-44.9486 -2.5862 1.36832e-15
-44.9289 -2.606 1.36968e-15
-44.9439 -2.623 1.37089e-15
-44.9773 -2.63849 1.37201e-15
-45.0137 -2.6537 1.37311e-15
-45.0386 -2.66976 1.37426e-15
-45.0382 -2.68781 1.37552e-15
-44.9994 -2.70889 1.37695e-15
-44.9108 -2.73392 1.3786e-15
-44.762 -2.76377 1.38052e-15
-44.5436 -2.7992 1.38275e-15
-44.2463 -2.84104 1.38534e-15
-43.8639 -2.88983 1.38832e-15
-43.3934 -2.94579 1.39169e-15
-42.8319 -3.00919 1.39549e-15
-42.1757 -3.0804 1.39972e-15
-41.4202 -3.15984 1.40442e-15
-40.5604 -3.24798 1.40961e-15
-39.6072 -3.34523 1.41531e-15
-38.549 -3.45192 1.42154e-15
-37.3828 -3.56831 1.42832e-15
-36.1083 -3.69456 1.43566e-15
-34.7138 -3.83077 1.44356e-15
-33.2137 -3.97675 1.45202e-15
-31.5989 -4.13278 1.46105e-15
-29.8617 -4.29936 1.47068e-15
-28.0037 -4.47651 1.48091e-15
-26.0221 -4.66444 1.49175e-15
-23.9174 -4.86316 1.50321e-15
-21.6895 -5.0727 1.51528e-15
-19.3386 -5.29308 1.52797e-15
-16.8646 -5.52431 1.54128e-15
-14.2667 -5.76647 1.55522e-15
-11.5445 -6.0196 1.56978e-15
-8.69673 -6.28379 1.58497e-15
-5.7235 -6.55902 1.60079e-15
-2.62708 -6.84509 1.61722e-15
0.58898 -7.14168 1.63426e-15
3.92141 -7.44852 1.65188e-15
7.35186 -7.76342 1.64525e-15
10.8605 -8.08155 1.68229e-15
14.4481 -8.40241 2.09457e-15
18.1216 -8.73114 1.62085e-15
21.8814 -9.06705 1.63374e-15
25.7195 -9.40