-1.41474e-05 6.67483e-08 -2.74899e-24
-2.82947e-05 1.33507e-07 -5.49842e-24
-4.24421e-05 2.00277e-07 -8.24829e-24
-5.65894e-05 2.67058e-07 -1.09986e-23
-7.07368e-05 3.33849e-07 -1.37494e-23
-8.48842e-05 4.00651e-07 -1.65006e-23
-9.90315e-05 4.67464e-07 -1.92522e-23
-0.000113179 5.34288e-07 -2.20043e-23
-0.000127326 6.01122e-07 -2.47568e-23
-0.000141474 6.67967e-07 -2.75098e-23
-0.000141474 6.68253e-07 -2.75216e-23
-0.000141475 6.69402e-07 -2.75689e-23
-0.000141478 6.71692e-07 -2.76632e-23
-0.000141483 6.75085e-07 -2.78029e-23
-0.000141488 6.79376e-07 -2.79797e-23
-0.000141494 6.84036e-07 -2.81716e-23
-0.0001415 6.88368e-07 -2.835e-23
-0.000141504 6.91683e-07 -2.84865e-23
-0.000141506 6.93257e-07 -2.85513e-23
-0.000141505 6.92289e-07 -2.85115e-23
-0.000141499 6.87952e-07 -2.83329e-23
-0.000141489 6.7945e-07 -2.79827e-23
-0.000141472 6.66149e-07 -2.74349e-23
-0.000141449 6.47717e-07 -2.66758e-23
-0.000141418 6.23998e-07 -2.56989e-23
-0.000141381 5.94871e-07 -2.44994e-23
-0.000141338 5.60605e-07 -2.30881e-23
-0.000141288 5.22214e-07 -2.1507e-23
-0.000141236 4.81106e-07 -1.9814e-23
-0.000141181 4.3869e-07 -1.80672e-23
-0.000141127 3.96492e-07 -1.63293e-23
-0.000141075 3.56266e-07 -1.46726e-23
-0.000141028 3.19859e-07 -1.31732e-23
-0.000140988 2.8907e-07 -1.19051e-23
-0.000140957 2.65385e-07 -1.09297e-23
-0.000140935 2.49719e-07 -1.02845e-23
-0.000140925 2.4265e-07 -9.9934e-24
-0.000140926 2.44679e-07 -1.00769e-23
-0.000140939 2.56081e-07 -1.05465e-23
-0.000140963 2.76766e-07 -1.13984e-23
-0.000140999 3.06419e-07 -1.26197e-23
-0.000141046 3.44657e-07 -1.41945e-23
-0.000141102 3.91001e-07 -1.61031e-23
-0.000141168 4.44852e-07 -1.83209e-23
-0.000141243 5.05529e-07 -2.08199e-23
-0.000141326 5.72318e-07 -2.35705e-23
-0.000141415 6.44543e-07 -2.65451e-23
-0.000141511 7.21644e-07 -2.97204e-23
-0.000141612 8.03121e-07 -3.3076e-23
-0.000141718 8.88471e-07 -3.65911e-23
-0.000141828 9.77261e-07 -4.02478e-23
-0.000141943 1.06919e-06 -4.40341e-23
-0.000142062 1.16406e-06 -4.7941e-23
-0.000142184 1.26166e-06 -5.19608e-23
-0.000142309 1.36147e-06 -5.60712e-23
-0.000142436 1.46221e-06 -6.022e-23
-0.000142562 1.56226e-06 -6.43408e-23
-0.000142686 1.66008e-06 -6.83695e-23
-0.000142805 1.75415e-06 -7.22433e-23
-0.000142919 1.84292e-06 -7.58994e-23
-0.000143024 1.92492e-06 -7.92766e-23
-0.000143119 1.99877e-06 -8.2318e-23
-0.000143203 2.06323e-06 -8.49729e-23
-0.000143275 2.11728e-06 -8.71988e-23
-0.000143333 2.16004e-06 -8.89596e-23
-0.000143376 2.19074e-06 -9.02241e-23
-0.000143404 2.20898e-06 -9.09752e-23
-0.000143417 2.21491e-06 -9.12194e-23
-0.000143416 2.20903e-06 -9.09776e-23
-0.000143402 2.19195e-06 -9.02741e-23
-0.000143375 2.16477e-06 -8.91546e-23
-0.00014334 2.12959e-06 -8.77057e-23
-0.000143298 2.08901e-06 -8.60346e-23
-0.000143253 2.04565e-06 -8.42486e-23
-0.000143209 2.00188e-06 -8.24459e-23
-0.000143168 1.95966e-06 -8.07071e-23
-0.000143132 1.92068e-06 -7.91019e-23
-0.000143103 1.88655e-06 -7.76961e-23
-0.000143082 1.8586e-06 -7.65452e-23
-0.000143072 1.83774e-06 -7.56859e-23
-0.000143072 1.82456e-06 -7.51431e-23
-0.000143084 1.81955e-06 -7.49368e-23
-0.000143107 1.82265e-06 -7.50646e-23
-0.000143139 1.8328e-06 -7.54826e-23
-0.00014318 1.84839e-06 -7.61245e-23
-0.000143226 1.86772e-06 -7.69207e-23
-0.000143276 1.88919e-06 -7.78051e-23
-0.000143327 1.91145e-06 -7.87217e-23
-0.000143379 1.93325e-06 -7.96197e-23
-0.000143429 1.95336e-06 -8.04479e-23
-0.000143477 1.97081e-06 -8.11663e-23
-0.000143521 1.98517e-06 -8.17579e-23
-0.000143562 1.99635e-06 -8.22182e-23
-0.000143599 2.00426e-06 -8.25441e-23
-0.000143633 2.00915e-06 -8.27457e-23
-0.000143665 2.0119e-06 -8.28587e-23
-0.000143696 2.01371e-06 -8.29332e-23
-0.000143728 2.01581e-06 -8.30196e-23
-0.000143762 2.01911e-06 -8.31559e-23
-0.000143798 2.0239e-06 -8.33528e-23
-0.000143836 2.03009e-06 -8.36078e-23
-0.000143876 2.03764e-06 -8.39187e-23
-0.000143918 2.04648e-06 -8.4283e-23
-0.000143962 2.05652e-06 -8.46966e-23
-0.000144008 2.06766e-06 -8.51552e-23
-0.000144054 2.07979e-06 -8.56549e-23
-0.000144102 2.093e-06 -8.6199e-23
-0.000144153 2.10772e-06 -8.68052e-23
-0.000144205 2.12456e-06 -8.74984e-23
-0.000144261 2.1441e-06 -8.83031e-23
-0.000144321 2.16683e-06 -8.92395e-23
-0.000144385 2.19303e-06 -9.03187e-23
-0.000144454 2.22285e-06 -9.15467e-23
-0.000144527 2.25641e-06 -9.29286e-23
-0.000144604 2.29319e-06 -9.44436e-23
-0.000144683 2.33147e-06 -9.60199e-23
-0.00014476 2.36885e-06 -9.75596e-23
-0.000144833 2.40297e-06 -9.89649e-23
-0.000144898 2.43149e-06 -1.00139e-22
-0.000144952 2.4521e-06 -1.00988e-22
-0.000144993 2.46256e-06 -1.01419e-22
-0.000145018 2.4607e-06 -1.01342e-22
-0.000145025 2.44511e-06 -1.007e-22
-0.000145014 2.41586e-06 -9.94957e-23
-0.000144985 2.37385e-06 -9.77656e-23
-0.000144941 2.32004e-06 -9.55492e-23
-0.000144883 2.2558e-06 -9.29037e-23
-0.000144813 2.18336e-06 -8.99202e-23
-0.000144735 2.10535e-06 -8.67072e-23
-0.000144652 2.0244e-06 -8.33735e-23
-0.000144568 1.94293e-06 -8.00184e-23
-0.000144484 1.86291e-06 -7.67226e-23
-0.000144403 1.78602e-06 -7.35559e-23
-0.000144327 1.7139e-06 -7.0586e-23
-0.000144258 1.64785e-06 -6.78655e-23
-0.000144195 1.58846e-06 -6.54196e-23
-0.00014414 1.53597e-06 -6.32581e-23
-0.000144093 1.49056e-06 -6.13877e-23
-0.000144053 1.45231e-06 -5.98126e-23
-0.000144022 1.42124e-06 -5.8533e-23
-0.000143997 1.3973e-06 -5.75468e-23
-0.000143981 1.38038e-06 -5.68499e-23
-0.000143971 1.37022e-06 -5.64317e-23
-0.000143968 1.3663e-06 -5.62702e-23
-0.00014397 1.36793e-06 -5.63373e-23
-0.000143977 1.37442e-06 -5.66047e-23
-0.000143988 1.38518e-06 -5.70476e-23
-0.000144003 1.39979e-06 -5.76494e-23
-0.00014402 1.41796e-06 -5.83978e-23
-0.000144041 1.43942e-06 -5.92816e-23
-0.000144063 1.46377e-06 -6.02845e-23
-0.000144087 1.49036e-06 -6.13797e-23
-0.000144112 1.51843e-06 -6.25355e-23
-0.000144136 1.54725e-06 -6.37223e-23
-0.00014416 1.57627e-06 -6.49176e-23
-0.000144182 1.60531e-06 -6.61135e-23
-0.000144203 1.63435e-06 -6.73096e-23
-0.000144222 1.66343e-06 -6.85073e-23
-0.000144241 1.69278e-06 -6.97162e-23
-0.00014426 1.72301e-06 -7.09612e-23
-0.000144281 1.75492e-06 -7.2275e-23
-0.000144303 1.78929e-06 -7.36905e-23
-0.000144329 1.8269e-06 -7.52397e-23
-0.000144358 1.8685e-06 -7.69529e-23
-0.000144394 1.91478e-06 -7.88589e-23
-0.000144435 1.96638e-06 -8.09842e-23
-0.000144483 2.02359e-06 -8.33403e-23
-0.000144536 2.08596e-06 -8.59088e-23
-0.000144595 2.15264e-06 -8.86552e-23
-0.000144658 2.22275e-06 -9.15427e-23
-0.000144723 2.29515e-06 -9.45241e-23
-0.000144789 2.36824e-06 -9.75343e-23
-0.000144854 2.4402e-06 -1.00498e-22
-0.000144915 2.50919e-06 -1.0334e-22
-0.000144969 2.57365e-06 -1.05994e-22
-0.000145017 2.63259e-06 -1.08421e-22
-0.000145057 2.68533e-06 -1.10593e-22
-0.000145088 2.73121e-06 -1.12483e-22
-0.00014511 2.76986e-06 -1.14075e-22
-0.000145124 2.80139e-06 -1.15373e-22
-0.000145129 2.82622e-06 -1.16396e-22
-0.000145126 2.8448e-06 -1.17161e-22
-0.000145116 2.85758e-06 -1.17688e-22
-0.0001451 2.8651e-06 -1.17997e-22
-0.000145079 2.86793e-06 -1.18114e-22
-0.000145053 2.86665e-06 -1.18061e-22
-0.000145022 2.86159e-06 -1.17853e-22
-0.000144987 2.85251e-06 -1.17479e-22
-0.000144947 2.83894e-06 -1.1692e-22
-0.000144901 2.8204e-06 -1.16156e-22
-0.000144849 2.79668e-06 -1.15179e-22
-0.000144791 2.76802e-06 -1.13999e-22
-0.000144728 2.7349e-06 -1.12635e-22
-0.000144661 2.69785e-06 -1.11109e-22
-0.000144591 2.65747e-06 -1.09446e-22
-0.000144517 2.61436e-06 -1.07671e-22
-0.000144442 2.56923e-06 -1.05812e-22
-0.000144366 2.52276e-06 -1.03898e-22
-0.000144289 2.4757e-06 -1.0196e-22
-0.000144214 2.42881e-06 -1.00029e-22
-0.00014414 2.38291e-06 -9.81386e-23
-0.00014407 2.3388e-06 -9.63219e-23
-0.000144003 2.2971e-06 -9.46047e-23
-0.00014394 2.2581e-06 -9.29984e-23
-0.000143882 2.22187e-06 -9.15061e-23
-0.000143828 2.18847e-06 -9.01308e-23
-0.000143778 2.15788e-06 -8.88708e-23
-0.000143733 2.12983e-06 -8.77155e-23
-0.00014369 2.10395e-06 -8.66498e-23
-0.000143651 2.07987e-06 -8.56581e-23
-0.000143614 2.05705e-06 -8.47181e-23
-0.000143578 2.03464e-06 -8.37955e-23
-0.000143542 2.01167e-06 -8.28491e-23
-0.000143505 1.98712e-06 -8.18383e-23
-0.000143465 1.96003e-06 -8.07227e-23
-0.000143422 1.92943e-06 -7.94621e-23
-0.000143373 1.89435e-06 -7.80176e-23
-0.000143318 1.85388e-06 -7.63508e-23
-0.000143256 1.80768e-06 -7.44479e-23
-0.000143188 1.75659e-06 -7.23438e-23
-0.000143116 1.70207e-06 -7.00985e-23
-0.000143043 1.64557e-06 -6.77717e-23
-0.000142969 1.58873e-06 -6.54307e-23
-0.000142897 1.53357e-06 -6.31593e-23
-0.000142831 1.48231e-06 -6.10478e-23
-0.000142773 1.43705e-06 -5.91838e-23
-0.000142724 1.39932e-06 -5.76301e-23
-0.000142686 1.36949e-06 -5.64014e-23
-0.000142657 1.34727e-06 -5.54864e-23
-0.000142638 1.33231e-06 -5.48702e-23
-0.000142627 1.3239e-06 -5.4524e-23
-0.000142623 1.32073e-06 -5.43935e-23
-0.000142624 1.32115e-06 -5.44107e-23
-0.000142627 1.32348e-06 -5.45066e-23
-0.000142631 1.32615e-06 -5.46165e-23
-0.000142633 1.32782e-06 -5.46853e-23
-0.000142632 1.32729e-06 -5.46637e-23
-0.000142627 1.32342e-06 -5.4504e-23
-0.000142616 1.31536e-06 -5.41721e-23
-0.0001426 1.30292e-06 -5.366e-23
-0.000142577 1.28628e-06 -5.29747e-23
-0.00014255 1.26567e-06 -5.21256e-23
-0.000142518 1.24136e-06 -5.11244e-23
-0.000142481 1.21369e-06 -4.9985e-23
-0.00014244 1.18305e-06 -4.87231e-23
-0.000142395 1.14988e-06 -4.73572e-23
-0.000142347 1.11461e-06 -4.59043e-23
-0.000142297 1.07749e-06 -4.43758e-23
-0.000142244 1.03877e-06 -4.27812e-23
-0.000142189 9.98734e-07 -4.11322e-23
-0.000142133 9.58013e-07 -3.94551e-23
-0.000142077 9.17924e-07 -3.78041e-23
-0.000142024 8.80133e-07 -3.62477e-23
-0.000141976 8.46313e-07 -3.48548e-23
-0.000141934 8.18079e-07 -3.3692e-23
-0.0001419 7.96934e-07 -3.28212e-23
-0.000141878 7.84293e-07 -3.23006e-23
-0.000141867 7.81523e-07 -3.21865e-23
-0.00014187 7.89503e-07 -3.25152e-23
-0.000141886 8.0818e-07 -3.32844e-23
-0.000141915 8.36986e-07 -3.44707e-23
-0.000141956 8.75291e-07 -3.60483e-23
-0.000142007 9.2174e-07 -3.79613e-23
-0.000142065 9.73561e-07 -4.00954e-23
-0.000142125 1.02725e-06 -4.23066e-23
-0.000142183 1.07932e-06 -4.44511e-23
-0.000142235 1.12651e-06 -4.63945e-23
-0.000142277 1.166e-06 -4.80211e-23
-0.000142306 1.19527e-06 -4.92264e-23
-0.000142319 1.21187e-06 -4.991e-23
-0.000142314 1.21386e-06 -4.99919e-23
-0.000142289 1.20024e-06 -4.94309e-23
-0.000142243 1.17053e-06 -4.82075e-23
-0.000142177 1.12439e-06 -4.63072e-23
-0.00014209 1.06228e-06 -4.37492e-23
-0.000141986 9.86235e-07 -4.06174e-23
-0.000141868 8.99124e-07 -3.70298e-23
-0.000141739 8.03847e-07 -3.31059e-23
-0.000141604 7.03469e-07 -2.89719e-23
-0.000141467 6.0135e-07 -2.47662e-23
-0.000141333 5.00958e-07 -2.06316e-23
-0.000141205 4.05686e-07 -1.67079e-23
-0.000141087 3.1856e-07 -1.31197e-23
-0.000140983 2.41951e-07 -9.96458e-24
-0.000140894 1.77813e-07 -7.32311e-24
-0.000140824 1.27941e-07 -5.26917e-24
-0.000140774 9.36365e-08 -3.85636e-24
-0.000140744 7.5364e-08 -3.10382e-24
-0.000140735 7.30755e-08 -3.00956e-24
-0.000140746 8.65601e-08 -3.56492e-24
-0.000140776 1.15263e-07 -4.74702e-24
-0.000140824 1.58091e-07 -6.51089e-24
-0.000140889 2.13629e-07 -8.79816e-24
-0.000140968 2.80356e-07 -1.15463e-23
-0.000141059 3.56863e-07 -1.46972e-23
-0.000141161 4.42058e-07 -1.82058e-23
-0.000141274 5.35001e-07 -2.20336e-23
-0.000141395 6.34724e-07 -2.61407e-23
-0.000141523 7.3999e-07 -3.0476e-23
-0.000141656 8.49037e-07 -3.4967e-23
-0.000141792 9.59861e-07 -3.95313e-23
-0.000141928 1.07051e-06 -4.40882e-23
-0.000142061 1.17924e-06 -4.85661e-23
-0.00014219 1.28467e-06 -5.29084e-23
-0.000142314 1.38569e-06 -5.70687e-23
-0.000142432 1.48126e-06 -6.10049e-23
-0.000142542 1.57087e-06 -6.46953e-23
-0.000142645 1.65485e-06 -6.81541e-23
-0.000142743 1.73406e-06 -7.14161e-23
-0.000142836 1.80944e-06 -7.45204e-23
-0.000142926 1.88199e-06 -7.75087e-23
-0.000143014 1.95278e-06 -8.04239e-23
-0.000143102 2.02287e-06 -8.33106e-23
-0.000143191 2.0934e-06 -8.62154e-23
-0.000143283 2.16513e-06 -8.91694e-23
-0.000143376 2.238e-06 -9.21703e-23
-0.000143471 2.31153e-06 -9.51988e-23
-0.000143567 2.38528e-06 -9.82363e-23
-0.000143663 2.45807e-06 -1.01234e-22
-0.000143755 2.52718e-06 -1.0408e-22
-0.000143839 2.58914e-06 -1.06632e-22
-0.000143911 2.64055e-06 -1.08749e-22
-0.000143967 2.67861e-06 -1.10317e-22
-0.000144004 2.70164e-06 -1.11265e-22
-0.000144022 2.70862e-06 -1.11553e-22
-0.00014402 2.69861e-06 -1.1114e-22
-0.000143997 2.67148e-06 -1.10023e-22
-0.000143955 2.62861e-06 -1.08258e-22
-0.000143896 2.57218e-06 -1.05934e-22
-0.000143825 2.50441e-06 -1.03142e-22
-0.000143742 2.42776e-06 -9.99855e-23
-0.000143654 2.34507e-06 -9.65803e-23
-0.000143562 2.25941e-06 -9.30525e-23
-0.000143472 2.17377e-06 -8.95254e-23
-0.000143386 2.0907e-06 -8.61039e-23
-0.000143306 2.01186e-06 -8.28571e-23
-0.000143234 1.93844e-06 -7.98335e-23
-0.000143171 1.87152e-06 -7.70774e-23
-0.000143118 1.81152e-06 -7.4606e-23
-0.000143074 1.75761e-06 -7.23859e-23
-0.000143036 1.70832e-06 -7.03559e-23
-0.000143003 1.66209e-06 -6.84521e-23
-0.000142973 1.61711e-06 -6.65995e-23
-0.000142942 1.57105e-06 -6.47028e-23
-0.000142906 1.52137e-06 -6.26566e-23
-0.000142864 1.46552e-06 -6.03566e-23
-0.000142811 1.40129e-06 -5.77111e-23
-0.000142746 1.32701e-06 -5.46522e-23
-0.000142667 1.2414e-06 -5.11262e-23
-0.000142572 1.14324e-06 -4.70835e-23
-0.00014246 1.03185e-06 -4.24959e-23
-0.000142332 9.07517e-07 -3.73755e-23
-0.000142189 7.71089e-07 -3.17568e-23
-0.000142031 6.23485e-07 -2.56778e-23
-0.000141859 4.65792e-07 -1.91833e-23
-0.000141677 2.99344e-07 -1.23283e-23
-0.000141484 1.25614e-07 -5.17331e-24
-0.000141283 -5.39013e-08 2.21989e-24
-0.000141076 -2.37962e-07 9.8003e-24
-0.000140863 -4.25881e-07 1.75396e-23
-0.000140644 -6.17277e-07 2.54221e-23
-0.00014042 -8.11796e-07 3.34333e-23
-0.000140191 -1.00887e-06 4.15498e-23
-0.000139959 -1.2075e-06 4.97301e-23
-0.000139724 -1.40649e-06 5.79252e-23
-0.000139489 -1.60471e-06 6.60888e-23
-0.000139254 -1.80072e-06 7.41615e-23
-0.000139022 -1.99235e-06 8.20538e-23
-0.000138797 -2.17712e-06 8.96632e-23
-0.000138581 -2.35268e-06 9.68935e-23
-0.000138377 -2.51688e-06 1.03656e-22
-0.000138187 -2.66776e-06 1.0987e-22
-0.000138013 -2.80358e-06 1.15464e-22
-0.000137857 -2.9228e-06 1.20374e-22
-0.00013772 -3.02444e-06 1.2456e-22
-0.000137599 -3.10966e-06 1.28069e-22
-0.000137493 -3.1793e-06 1.30937e-22
-0.000137403 -3.23256e-06 1.33131e-22
-0.000137331 -3.27029e-06 1.34685e-22
-0.000137272 -3.29405e-06 1.35663e-22
-0.000137225 -3.30547e-06 1.36134e-22
-0.000137187 -3.3064e-06 1.36172e-22
-0.000137157 -3.29897e-06 1.35866e-22
-0.000137129 -3.28611e-06 1.35336e-22
-0.000137101 -3.27102e-06 1.34715e-22
-0.000137067 -3.25689e-06 1.34133e-22
-0.000137025 -3.24624e-06 1.33694e-22
-0.000136973 -3.24041e-06 1.33454e-22
-0.000136909 -3.24004e-06 1.33439e-22
-0.000136835 -3.24561e-06 1.33668e-22
-0.000136749 -3.25687e-06 1.34132e-22
-0.000136654 -3.27221e-06 1.34764e-22
-0.000136553 -3.28929e-06 1.35467e-22
-0.00013645 -3.30562e-06 1.3614e-22
-0.000136347 -3.31836e-06 1.36665e-22
-0.00013625 -3.32417e-06 1.36904e-22
-0.000136164 -3.31939e-06 1.36707e-22
-0.000136092 -3.30033e-06 1.35922e-22
-0.00013604 -3.26441e-06 1.34442e-22
-0.000136006 -3.21133e-06 1.32256e-22
-0.000135991 -3.14197e-06 1.294e-22
-0.000135993 -3.05721e-06 1.25909e-22
-0.000136011 -2.9581e-06 1.21827e-22
-0.000136044 -2.84605e-06 1.17213e-22
-0.00013609 -2.72264e-06 1.1213e-22
-0.000136147 -2.58943e-06 1.06644e-22
-0.000136214 -2.44748e-06 1.00798e-22
-0.000136291 -2.29681e-06 9.45924e-23
-0.000136379 -2.13686e-06 8.80053e-23
-0.000136478 -1.96727e-06 8.10205e-23
-0.000136592 -1.787e-06 7.35963e-23
-0.000136722 -1.59383e-06 6.56407e-23
-0.000136873 -1.38501e-06 5.70405e-23
-0.000137048 -1.15785e-06 4.76851e-23
-0.00013725 -9.10599e-07 3.75024e-23
-0.00013748 -6.43225e-07 2.64908e-23
-0.000137736 -3.56664e-07 1.4689e-23
-0.000138018 -5.19529e-08 2.13965e-24
-0.000138316 2.66091e-07 -1.09588e-23
-0.000138631 5.96398e-07 -2.45622e-23
-0.000138964 9.36911e-07 -3.8586e-23
-0.000139307 1.2827e-06 -5.28269e-23
-0.000139657 1.63092e-06 -6.71683e-23
-0.000140008 1.97782e-06 -8.14552e-23
-0.000140359 2.32077e-06 -9.55793e-23
-0.000140707 2.6566e-06 -1.0941e-22
-0.000141047 2.98299e-06 -1.22852e-22
-0.00014138 3.29828e-06 -1.35838e-22
-0.000141702 3.60144e-06 -1.48323e-22
-0.000142015 3.8916e-06 -1.60273e-22
-0.000142317 4.1681e-06 -1.71661e-22
-0.000142608 4.43089e-06 -1.82483e-22
-0.00014289 4.68039e-06 -1.92759e-22
-0.000143163 4.91704e-06 -2.02505e-22
-0.000143428 5.14109e-06 -2.11732e-22
-0.000143685 5.35205e-06 -2.20421e-22
-0.000143932 5.54914e-06 -2.28538e-22
-0.000144169 5.73176e-06 -2.36059e-22
-0.000144396 5.89959e-06 -2.4297e-22
-0.000144612 6.05256e-06 -2.49271e-22
-0.000144819 6.19092e-06 -2.54969e-22
-0.000145017 6.31492e-06 -2.60076e-22
-0.000145205 6.4248e-06 -2.64601e-22
-0.000145385 6.52059e-06 -2.68546e-22
-0.000145556 6.60227e-06 -2.7191e-22
-0.000145719 6.66983e-06 -2.74692e-22
-0.000145873 6.72395e-06 -2.76922e-22
-0.000146021 6.76674e-06 -2.78684e-22
-0.000146168 6.80096e-06 -2.80093e-22
-0.000146316 6.82934e-06 -2.81262e-22
-0.000146469 6.85448e-06 -2.82297e-22
-0.000146629 6.87883e-06 -2.833e-22
-0.0001468 6.90467e-06 -2.84364e-22
-0.000146984 6.93414e-06 -2.85578e-22
-0.000147182 6.96889e-06 -2.87009e-22
-0.000147396 7.00966e-06 -2.88688e-22
-0.000147624 7.05659e-06 -2.90621e-22
-0.000147867 7.10984e-06 -2.92814e-22
-0.000148123 7.16864e-06 -2.95235e-22
-0.000148391 7.23073e-06 -2.97793e-22
-0.000148665 7.29309e-06 -3.00361e-22
-0.000148943 7.3526e-06 -3.02812e-22
-0.000149218 7.40625e-06 -3.05021e-22
-0.000149489 7.45107e-06 -3.06867e-22
-0.00014975 7.48426e-06 -3.08234e-22
-0.000149997 7.50307e-06 -3.09009e-22
-0.000150229 7.50561e-06 -3.09113e-22
-0.000150443 7.49158e-06 -3.08536e-22
-0.000150641 7.46165e-06 -3.07303e-22
-0.000150824 7.41656e-06 -3.05446e-22
-0.000150992 7.35757e-06 -3.03017e-22
-0.000151147 7.28669e-06 -3.00098e-22
-0.000151293 7.20644e-06 -2.96792e-22
-0.000151432 7.11939e-06 -2.93207e-22
-0.000151566 7.02779e-06 -2.89435e-22
-0.000151698 6.93291e-06 -2.85527e-22
-0.000151827 6.8356e-06 -2.8152e-22
-0.000151954 6.73678e-06 -2.7745e-22
-0.00015208 6.63691e-06 -2.73337e-22
-0.000152204 6.53545e-06 -2.69158e-22
-0.000152323 6.43139e-06 -2.64873e-22
-0.000152436 6.32379e-06 -2.60441e-22
-0.000152543 6.2118e-06 -2.55829e-22
-0.00015264 6.09477e-06 -2.51009e-22
-0.000152728 5.97219e-06 -2.45961e-22
-0.000152805 5.8436e-06 -2.40665e-22
-0.000152872 5.70898e-06 -2.3512e-22
-0.000152928 5.56906e-06 -2.29358e-22
-0.000152975 5.42501e-06 -2.23426e-22
-0.000153013 5.27803e-06 -2.17372e-22
-0.000153045 5.12934e-06 -2.11248e-22
-0.000153071 4.98019e-06 -2.05106e-22
-0.000153093 4.83185e-06 -1.98996e-22
-0.000153111 4.68555e-06 -1.92971e-22
-0.000153128 4.54239e-06 -1.87075e-22
-0.000153143 4.40324e-06 -1.81344e-22
-0.000153157 4.26876e-06 -1.75806e-22
-0.000153172 4.13959e-06 -1.70486e-22
-0.000153186 4.01624e-06 -1.65406e-22
-0.000153201 3.89904e-06 -1.60579e-22
-0.000153217 3.78819e-06 -1.56014e-22
-0.000153232 3.68383e-06 -1.51716e-22
-0.000153249 3.58616e-06 -1.47694e-22
-0.000153266 3.49563e-06 -1.43965e-22
-0.000153284 3.41275e-06 -1.40552e-22
-0.000153304 3.33799e-06 -1.37473e-22
-0.000153326 3.27212e-06 -1.3476e-22
-0.000153353 3.21673e-06 -1.32479e-22
-0.000153387 3.17374e-06 -1.30708e-22
-0.000153429 3.14498e-06 -1.29524e-22
-0.000153483 3.13221e-06 -1.28998e-22
-0.00015355 3.13723e-06 -1.29205e-22
-0.000153632 3.16176e-06 -1.30215e-22
-0.000153732 3.2074e-06 -1.32094e-22
-0.000153851 3.27482e-06 -1.34871e-22
-0.000153987 3.36305e-06 -1.38505e-22
-0.000154137 3.4702e-06 -1.42918e-22
-0.000154301 3.59425e-06 -1.48027e-22
-0.000154472 3.73208e-06 -1.53703e-22
-0.000154646 3.87835e-06 -1.59727e-22
-0.000154813 4.02662e-06 -1.65834e-22
-0.000154966 4.1705e-06 -1.71759e-22
-0.000155097 4.3036e-06 -1.77241e-22
-0.000155197 4.41945e-06 -1.82012e-22
-0.000155259 4.51169e-06 -1.85811e-22
-0.000155275 4.57417e-06 -1.88384e-22
-0.000155238 4.60188e-06 -1.89526e-22
-0.000155145 4.59189e-06 -1.89114e-22
-0.000154995 4.54244e-06 -1.87078e-22
-0.000154784 4.45211e-06 -1.83357e-22
-0.000154513 4.32029e-06 -1.77928e-22
-0.000154182 4.14787e-06 -1.70827e-22
-0.000153795 3.93658e-06 -1.62126e-22
-0.000153353 3.68833e-06 -1.51902e-22
-0.00015286 3.4059e-06 -1.4027e-22
-0.000152322 3.09359e-06 -1.27407e-22
-0.000151745 2.75652e-06 -1.13525e-22
-0.000151136 2.39978e-06 -9.88332e-23
-0.000150501 2.02835e-06 -8.35364e-23
-0.000149846 1.64707e-06 -6.78335e-23
-0.000149178 1.26054e-06 -5.19143e-23
-0.000148502 8.7314e-07 -3.59597e-23
-0.000147824 4.89142e-07 -2.0145e-23
-0.000147149 1.12786e-07 -4.64501e-24
-0.000146482 -2.51877e-07 1.03734e-23
-0.000145828 -6.0116e-07 2.47584e-23
-0.00014519 -9.32492e-07 3.84041e-23
-0.00014457 -1.24519e-06 5.12823e-23
-0.000143966 -1.53972e-06 6.34123e-23
-0.000143379 -1.8169e-06 7.48278e-23
-0.000142805 -2.07763e-06 8.5566e-23
-0.000142246 -2.32286e-06 9.56653e-23
-0.000141698 -2.55323e-06 1.05153e-22
-0.000141163 -2.76953e-06 1.14061e-22
-0.000140638 -2.97301e-06 1.22441e-22
-0.000140122 -3.16492e-06 1.30345e-22
-0.000139613 -3.34667e-06 1.3783e-22
-0.00013911 -3.51976e-06 1.44959e-22
-0.00013861 -3.68497e-06 1.51763e-22
-0.000138116 -3.84182e-06 1.58223e-22
-0.000137613 -3.99542e-06 1.64549e-22
-0.000137115 -4.1398e-06 1.70495e-22
-0.00013663 -4.27062e-06 1.75883e-22
-0.000136156 -4.389e-06 1.80758e-22
-0.000135698 -4.49207e-06 1.85003e-22
-0.000135256 -4.57976e-06 1.88614e-22
-0.000134832 -4.64972e-06 1.91496e-22
-0.000134429 -4.70068e-06 1.93595e-22
-0.000134051 -4.7301e-06 1.94806e-22
-0.000133699 -4.73613e-06 1.95054e-22
-0.000133375 -4.7156e-06 1.94209e-22
-0.000133082 -4.66826e-06 1.92259e-22
-0.000132824 -4.5934e-06 1.89176e-22
-0.0001326 -4.48975e-06 1.84907e-22
-0.000132413 -4.35707e-06 1.79443e-22
-0.000132262 -4.19577e-06 1.728e-22
-0.000132145 -4.00716e-06 1.65032e-22
-0.000132063 -3.79225e-06 1.56181e-22
-0.000132013 -3.55307e-06 1.46331e-22
-0.000131988 -3.29304e-06 1.35622e-22
-0.000131985 -3.01628e-06 1.24223e-22
-0.000132002 -2.72683e-06 1.12303e-22
-0.000132032 -2.42887e-06 1.00031e-22
-0.000132072 -2.12648e-06 8.75777e-23
-0.000132116 -1.82387e-06 7.51151e-23
-0.000132161 -1.52496e-06 6.28046e-23
-0.000132201 -1.23304e-06 5.07819e-23
-0.000132236 -9.49989e-07 3.91247e-23
-0.000132264 -6.76963e-07 2.78803e-23
-0.000132284 -4.14936e-07 1.70889e-23
-0.000132298 -1.63964e-07 6.75275e-24
-0.000132308 7.76769e-08 -3.19907e-24
-0.000132318 3.12608e-07 -1.28746e-23
-0.000132333 5.43603e-07 -2.23879e-23
-0.000132355 7.72967e-07 -3.18341e-23
-0.000132387 1.00203e-06 -4.12681e-23
-0.000132431 1.23162e-06 -5.07232e-23
-0.000132489 1.4626e-06 -6.02362e-23
-0.000132561 1.69508e-06 -6.98107e-23
-0.000132645 1.92751e-06 -7.93831e-23
-0.000132739 2.15753e-06 -8.88563e-23
-0.000132842 2.38288e-06 -9.81372e-23
-0.000132949 2.60087e-06 -1.07115e-22
-0.000133057 2.80791e-06 -1.15642e-22
-0.00013316 3e-06 -1.23553e-22
-0.000133256 3.17334e-06 -1.30692e-22
-0.000133338 3.32428e-06 -1.36908e-22
-0.000133404 3.44931e-06 -1.42057e-22
-0.000133448 3.54508e-06 -1.46002e-22
-0.000133469 3.60857e-06 -1.48617e-22
-0.000133462 3.63774e-06 -1.49818e-22
-0.000133428 3.63238e-06 -1.49597e-22
-0.000133369 3.5933e-06 -1.47987e-22
-0.000133285 3.52157e-06 -1.45034e-22
-0.000133179 3.41856e-06 -1.40791e-22
-0.000133052 3.2859e-06 -1.35328e-22
-0.000132908 3.12546e-06 -1.2872e-22
-0.000132748 2.93926e-06 -1.21052e-22
-0.000132572 2.72863e-06 -1.12377e-22
-0.000132389 2.49953e-06 -1.02941e-22
-0.000132209 2.25844e-06 -9.30125e-23
-0.000132036 2.01017e-06 -8.27875e-23
-0.000131879 1.76024e-06 -7.24942e-23
-0.000131741 1.51277e-06 -6.23022e-23
-0.000131627 1.27188e-06 -5.23817e-23
-0.000131543 1.04112e-06 -4.28779e-23
-0.000131491 8.23782e-07 -3.39269e-23
-0.000131475 6.22398e-07 -2.5633e-23
-0.000131497 4.39096e-07 -1.80839e-23
-0.000131558 2.75552e-07 -1.13484e-23
-0.000131659 1.32218e-07 -5.44532e-24
-0.000131796 7.33309e-09 -3.02008e-25
-0.000131966 -1.02134e-07 4.20631e-24
-0.000132164 -1.99552e-07 8.2184e-24
-0.000132383 -2.88752e-07 1.18921e-23
-0.000132618 -3.74212e-07 1.54117e-23
-0.000132857 -4.62485e-07 1.90471e-23
-0.000133096 -5.57554e-07 2.29625e-23
-0.00013333 -6.63567e-07 2.73285e-23
-0.000133551 -7.85706e-07 3.23588e-23
-0.000133752 -9.27954e-07 3.82172e-23
-0.000133929 -1.09492e-06 4.50936e-23
-0.000134074 -1.29055e-06 5.31505e-23
-0.000134181 -1.5189e-06 6.2555e-23
-0.000134243 -1.78345e-06 7.34501e-23
-0.000134257 -2.08771e-06 8.5981e-23
-0.000134213 -2.43491e-06 1.0028e-22
-0.000134109 -2.82768e-06 1.16456e-22
-0.000133946 -3.26844e-06 1.34608e-22
-0.000133716 -3.75925e-06 1.54822e-22
-0.00013342 -4.30131e-06 1.77147e-22
-0.000133054 -4.89467e-06 2.01584e-22
-0.00013262 -5.53848e-06 2.28099e-22
-0.000132118 -6.23119e-06 2.56627e-22
-0.000131548 -6.97106e-06 2.87099e-22
-0.000130915 -7.75517e-06 3.19392e-22
-0.000130223 -8.57948e-06 3.5334e-22
-0.000129475 -9.43998e-06 3.88779e-22
-0.000128677 -1.03319e-05 4.25513e-22
-0.000127834 -1.12499e-05 4.63321e-22
-0.000126954 -1.21881e-05 5.0196e-22
-0.000126043 -1.31406e-05 5.41188e-22
-0.000125108 -1.41009e-05 5.80738e-22
-0.000124158 -1.50617e-05 6.20307e-22
-0.000123202 -1.60152e-05 6.59575e-22
-0.000122248 -1.69537e-05 6.98228e-22
-0.000121306 -1.78704e-05 7.35979e-22
-0.000120381 -1.87592e-05 7.72583e-22
-0.000119481 -1.9615e-05 8.0783e-22
-0.000118609 -2.0433e-05 8.41519e-22
-0.000117771 -2.12091e-05 8.73481e-22
-0.00011697 -2.194e-05 9.03584e-22
-0.000116209 -2.26234e-05 9.31728e-22
-0.00011549 -2.32571e-05 9.57827e-22
-0.000114814 -2.38396e-05 9.81818e-22
-0.000114183 -2.437e-05 1.00366e-21
-0.000113595 -2.48479e-05 1.02335e-21
-0.000113052 -2.52733e-05 1.04086e-21
-0.000112553 -2.5646e-05 1.05621e-21
-0.000112099 -2.59656e-05 1.06938e-21
-0.000111689 -2.62316e-05 1.08033e-21
-0.000111324 -2.64437e-05 1.08906e-21
-0.000111006 -2.66015e-05 1.09557e-21
-0.000110733 -2.67046e-05 1.09981e-21
-0.000110508 -2.6752e-05 1.10176e-21
-0.000110331 -2.67434e-05 1.10141e-21
-0.000110203 -2.66785e-05 1.09874e-21
-0.000110125 -2.6557e-05 1.09373e-21
-0.000110097 -2.63789e-05 1.0864e-21
-0.000110118 -2.61445e-05 1.07674e-21
-0.00011019 -2.5854e-05 1.06478e-21
-0.00011031 -2.55069e-05 1.05049e-21
-0.000110479 -2.51044e-05 1.03391e-21
-0.000110699 -2.46474e-05 1.01509e-21
-0.000110968 -2.41366e-05 9.9405e-22
-0.000111285 -2.3574e-05 9.70878e-22
-0.000111648 -2.29614e-05 9.45648e-22
-0.000112055 -2.23011e-05 9.18457e-22
-0.000112504 -2.15957e-05 8.89402e-22
-0.000112992 -2.08482e-05 8.58618e-22
-0.000113516 -2.00621e-05 8.26245e-22
-0.000114072 -1.9241e-05 7.92428e-22
-0.000114655 -1.83888e-05 7.5733e-22
-0.000115262 -1.75103e-05 7.21151e-22
-0.000115886 -1.66109e-05 6.84108e-22
-0.000116522 -1.56957e-05 6.46417e-22
-0.000117166 -1.47692e-05 6.0826e-22
-0.000117815 -1.38341e-05 5.69748e-22
-0.000118463 -1.28924e-05 5.30963e-22
-0.000119112 -1.19455e-05 4.91969e-22
-0.000119765 -1.09947e-05 4.5281e-22
-0.000120423 -1.00397e-05 4.13477e-22
-0.000121089 -9.07941e-06 3.73929e-22
-0.000121765 -8.11309e-06 3.34132e-22
-0.000122452 -7.13977e-06 2.94046e-22
-0.000123152 -6.15913e-06 2.5366e-22
-0.000123869 -5.17089e-06 2.1296e-22
-0.000124604 -4.17484e-06 1.71938e-22
-0.000125358 -3.17157e-06 1.30619e-22
-0.000126129 -2.16343e-06 8.90996e-23
-0.000126914 -1.15362e-06 4.75109e-23
-0.000127711 -1.45283e-07 5.9834e-24
-0.000128517 8.58055e-07 -3.53384e-23
-0.000129328 1.85211e-06 -7.62779e-23
-0.000130138 2.83229e-06 -1.16646e-22
-0.000130944 3.79418e-06 -1.56261e-22
-0.000131743 4.7339e-06 -1.94962e-22
-0.00013253 5.6485e-06 -2.3263e-22
-0.000133306 6.53561e-06 -2.69165e-22
-0.000134067 7.39317e-06 -3.04483e-22
-0.000134814 8.21979e-06 -3.38527e-22
-0.000135547 9.01514e-06 -3.71282e-22
-0.000136245 9.77107e-06 -4.02415e-22
-0.000136926 1.0494e-05 -4.3219e-22
-0.000137603 1.11892e-05 -4.60821e-22
-0.000138269 1.1853e-05 -4.88156e-22
-0.000138927 1.24867e-05 -5.14258e-22
-0.000139576 1.30887e-05 -5.39051e-22
-0.000140216 1.36591e-05 -5.62542e-22
-0.000140845 1.41958e-05 -5.84644e-22
-0.000141463 1.46976e-05 -6.05312e-22
-0.000142069 1.51629e-05 -6.24473e-22
-0.00014266 1.55905e-05 -6.42085e-22
-0.000143236 1.59795e-05 -6.58104e-22
-0.000143797 1.63291e-05 -6.72504e-22
-0.000144342 1.66389e-05 -6.85263e-22
-0.000144871 1.69085e-05 -6.96366e-22
-0.000145383 1.71376e-05 -7.058e-22
-0.000145878 1.7326e-05 -7.13558e-22
-0.000146355 1.74735e-05 -7.19636e-22
-0.000146815 1.75799e-05 -7.24016e-22
-0.000147254 1.76438e-05 -7.26647e-22
-0.000147671 1.76635e-05 -7.27461e-22
-0.000148063 1.76376e-05 -7.26394e-22
-0.000148428 1.75645e-05 -7.23381e-22
-0.000148763 1.74423e-05 -7.1835e-22
-0.000149063 1.72694e-05 -7.1123e-22
-0.000149328 1.70441e-05 -7.01951e-22
-0.000149554 1.67654e-05 -6.90472e-22
-0.000149741 1.64336e-05 -6.76805e-22
-0.000149889 1.60496e-05 -6.60994e-22
-0.000149998 1.56147e-05 -6.43081e-22
-0.000150069 1.51305e-05 -6.2314e-22
-0.000150105 1.46003e-05 -6.01305e-22
-0.00015011 1.40282e-05 -5.77741e-22
-0.000150085 1.34191e-05 -5.52657e-22
-0.000150034 1.27764e-05 -5.26186e-22
-0.000149965 1.2104e-05 -4.98496e-22
-0.000149879 1.14073e-05 -4.69801e-22
-0.000149783 1.06903e-05 -4.40275e-22
-0.00014968 9.95754e-06 -4.10095e-22
-0.000149571 9.21156e-06 -3.79372e-22
-0.000149448 8.45451e-06 -3.48193e-22
-0.000149314 7.6889e-06 -3.16662e-22
-0.000149179 6.91653e-06 -2.84853e-22
-0.00014904 6.13852e-06 -2.52811e-22
-0.000148897 5.35589e-06 -2.20579e-22
-0.00014875 4.56925e-06 -1.88181e-22
-0.000148597 3.77903e-06 -1.55637e-22
-0.000148434 2.98412e-06 -1.22899e-22
-0.000148258 2.18307e-06 -8.99083e-23
-0.000148065 1.37429e-06 -5.65992e-23
-0.000147853 5.56409e-07 -2.29153e-23
-0.000147617 -2.72129e-07 1.12074e-23
-0.000147352 -1.11293e-06 4.58354e-23
-0.000147057 -1.96712e-06 8.10146e-23
-0.000146729 -2.8349e-06 1.16753e-22
-0.000146368 -3.71559e-06 1.53024e-22
-0.000145974 -4.60758e-06 1.8976e-22
-0.000145547 -5.50904e-06 2.26886e-22
-0.00014509 -6.41731e-06 2.64293e-22
-0.000144605 -7.32833e-06 3.01812e-22
-0.000144099 -8.23728e-06 3.39247e-22
-0.000143576 -9.13916e-06 3.7639e-22
-0.000143028 -1.00337e-05 4.1323e-22
-0.000142472 -1.0911e-05 4.49363e-22
-0.00014192 -1.17625e-05 4.84432e-22
-0.000141375 -1.2584e-05 5.18264e-22
-0.000140845 -1.33686e-05 5.50575e-22
-0.000140334 -1.41125e-05 5.81215e-22
-0.000139847 -1.48114e-05 6.09997e-22
-0.000139387 -1.54619e-05 6.36789e-22
-0.000138957 -1.60611e-05 6.61465e-22
-0.000138557 -1.66079e-05 6.83986e-22
-0.000138187 -1.7102e-05 7.04336e-22
-0.000137847 -1.75437e-05 7.22527e-22
-0.000137536 -1.79331e-05 7.38563e-22
-0.000137252 -1.82703e-05 7.52449e-22
-0.000136997 -1.85553e-05 7.64188e-22
-0.000136768 -1.87887e-05 7.73799e-22
-0.000136565 -1.89712e-05 7.81316e-22
-0.000136386 -1.9104e-05 7.86785e-22
-0.000136229 -1.91885e-05 7.90266e-22
-0.000136093 -1.92265e-05 7.91831e-22
-0.000135974 -1.92197e-05 7.9155e-22
-0.000135873 -1.91693e-05 7.89475e-22
-0.000135787 -1.90764e-05 7.85651e-22
-0.000135715 -1.89425e-05 7.80134e-22
-0.000135657 -1.87684e-05 7.72964e-22
-0.000135614 -1.8554e-05 7.64135e-22
-0.000135586 -1.82988e-05 7.53623e-22
-0.000135575 -1.80023e-05 7.41413e-22
-0.000135583 -1.7664e-05 7.2748e-22
-0.000135612 -1.72828e-05 7.1178e-22
-0.000135664 -1.68573e-05 6.94259e-22
-0.000135743 -1.63866e-05 6.7487e-22
-0.000135849 -1.58696e-05 6.5358e-22
-0.000135985 -1.53061e-05 6.30372e-22
-0.000136152 -1.46958e-05 6.05239e-22
-0.000136352 -1.40389e-05 5.78183e-22
-0.000136584 -1.33362e-05 5.49242e-22
-0.000136847 -1.25901e-05 5.18514e-22
-0.000137139 -1.18039e-05 4.86135e-22
-0.000137455 -1.0981e-05 4.52243e-22
-0.000137794 -1.0125e-05 4.16991e-22
-0.000138151 -9.24007e-06 3.80546e-22
-0.000138523 -8.33049e-06 3.43086e-22
-0.000138905 -7.4006e-06 3.04789e-22
-0.000139282 -6.45979e-06 2.66042e-22
-0.000139655 -5.51054e-06 2.26948e-22
-0.000140027 -4.5562e-06 1.87644e-22
-0.000140385 -3.6044e-06 1.48445e-22
-0.000140728 -2.65938e-06 1.09525e-22
-0.000141049 -1.72695e-06 7.11231e-23
-0.000141345 -8.11385e-07 3.34164e-23
-0.000141612 8.24258e-08 -3.39465e-24
-0.000141846 9.50307e-07 -3.91377e-23
-0.000142043 1.78788e-06 -7.36326e-23
-0.0001422 2.59117e-06 -1.06716e-22
-0.000142304 3.35592e-06 -1.38211e-22
-0.000142355 4.07898e-06 -1.6799e-22
-0.000142356 4.7582e-06 -1.95963e-22
-0.000142302 5.38891e-06 -2.21939e-22
-0.000142196 5.96766e-06 -2.45774e-22
-0.000142033 6.49204e-06 -2.6737e-22
-0.000141812 6.95892e-06 -2.86599e-22
-0.00014153 7.36601e-06 -3.03364e-22
-0.000141187 7.71073e-06 -3.17561e-22
-0.000140781 7.99118e-06 -3.29111e-22
-0.000140311 8.20563e-06 -3.37943e-22
-0.000139777 8.35286e-06 -3.44007e-22
-0.000139177 8.43171e-06 -3.47254e-22
-0.000138512 8.44077e-06 -3.47628e-22
-0.000137779 8.37797e-06 -3.45041e-22
-0.000136977 8.24108e-06 -3.39403e-22
-0.000136103 8.02795e-06 -3.30626e-22
-0.000135155 7.73626e-06 -3.18613e-22
-0.00013413 7.36295e-06 -3.03238e-22
-0.000133024 6.9047e-06 -2.84366e-22
-0.000131834 6.35854e-06 -2.61872e-22
-0.000130556 5.72168e-06 -2.35644e-22
-0.000129173 4.98621e-06 -2.05354e-22
-0.000127681 4.14891e-06 -1.7087e-22
-0.000126091 3.21299e-06 -1.32325e-22
-0.000124399 2.1769e-06 -8.96541e-23
-0.000122604 1.03913e-06 -4.27961e-23
-0.000120704 -2.01159e-07 8.28459e-24
-0.000118698 -1.54461e-06 6.36136e-23
-0.000116585 -2.99141e-06 1.23199e-22
-0.000114365 -4.54169e-06 1.87046e-22
-0.000112036 -6.19525e-06 2.55147e-22
-0.000109599 -7.95152e-06 3.27478e-22
-0.000107054 -9.80951e-06 4.03998e-22
-0.000104401 -1.17678e-05 4.84651e-22
-0.000101642 -1.38247e-05 5.69363e-22
-9.87773e-05 -1.59781e-05 6.58049e-22
-9.58112e-05 -1.82243e-05 7.50555e-22
-9.27507e-05 -2.05562e-05 8.46595e-22
-8.96055e-05 -2.29654e-05 9.45816e-22
-8.63851e-05 -2.54432e-05 1.04786e-21
-8.31005e-05 -2.79797e-05 1.15232e-21
-7.97659e-05 -3.05625e-05 1.2587e-21
-7.6397e-05 -3.31782e-05 1.36642e-21
-7.30089e-05 -3.58136e-05 1.47496e-21
-6.96177e-05 -3.84547e-05 1.58373e-21
-6.62421e-05 -4.10857e-05 1.69209e-21
-6.29014e-05 -4.36901e-05 1.79935e-21
-5.96141e-05 -4.62523e-05 1.90487e-21
-5.63972e-05 -4.87575e-05 2.00804e-21
-5.32659e-05 -5.11926e-05 2.10833e-21
-5.02335e-05 -5.35456e-05 2.20524e-21
-4.73125e-05 -5.58057e-05 2.29832e-21
-4.45124e-05 -5.7964e-05 2.38721e-21
-4.18389e-05 -6.00148e-05 2.47167e-21
-3.92948e-05 -6.19545e-05 2.55155e-21
-3.68819e-05 -6.37803e-05 2.62675e-21
-3.45987e-05 -6.54924e-05 2.69726e-21
-3.24382e-05 -6.70948e-05 2.76326e-21
-3.03902e-05 -6.85943e-05 2.82501e-21
-2.84439e-05 -6.99981e-05 2.88282e-21
-2.65882e-05 -7.1314e-05 2.93702e-21
-2.4811e-05 -7.25502e-05 2.98793e-21
-2.31001e-05 -7.37156e-05 3.03593e-21
-2.14415e-05 -7.48185e-05 3.08135e-21
-1.98254e-05 -7.58671e-05 3.12454e-21
-1.82437e-05 -7.68681e-05 3.16576e-21
-1.66872e-05 -7.78272e-05 3.20526e-21
-1.51492e-05 -7.87498e-05 3.24326e-21
-1.36235e-05 -7.964e-05 3.27992e-21
-1.21081e-05 -8.04992e-05 3.31531e-21
-1.06026e-05 -8.13275e-05 3.34942e-21
-9.10766e-06 -8.21243e-05 3.38223e-21
-7.62503e-06 -8.2888e-05 3.41369e-21
-6.15869e-06 -8.36157e-05 3.44366e-21
-4.71382e-06 -8.43033e-05 3.47197e-21
-3.29638e-06 -8.49464e-05 3.49846e-21
-1.91326e-06 -8.55399e-05 3.52291e-21
-5.72565e-07 -8.60778e-05 3.54506e-21
7.16808e-07 -8.65536e-05 3.56465e-21
1.9456e-06 -8.69606e-05 3.58141e-21
3.1046e-06 -8.72921e-05 3.59507e-21
4.18516e-06 -8.75419e-05 3.60536e-21
5.18135e-06 -8.77042e-05 3.61204e-21
6.08301e-06 -8.77731e-05 3.61488e-21
6.88116e-06 -8.77435e-05 3.61366e-21
7.56979e-06 -8.76109e-05 3.6082e-21
8.14213e-06 -8.73716e-05 3.59834e-21
8.59287e-06 -8.70223e-05 3.58396e-21
8.91656e-06 -8.65603e-05 3.56493e-21
9.10932e-06 -8.59835e-05 3.54117e-21
9.16764e-06 -8.52908e-05 3.51265e-21
9.08883e-06 -8.44815e-05 3.47932e-21
8.86987e-06 -8.35549e-05 3.44115e-21
8.50707e-06 -8.25097e-05 3.39811e-21
7.99657e-06 -8.13447e-05 3.35013e-21
7.33522e-06 -8.00592e-05 3.29719e-21
6.52015e-06 -7.86528e-05 3.23926e-21
5.54848e-06 -7.71252e-05 3.17635e-21
4.41763e-06 -7.54763e-05 3.10844e-21
3.12562e-06 -7.37065e-05 3.03555e-21
1.67218e-06 -7.18178e-05 2.95777e-21
5.98993e-08 -6.98142e-05 2.87525e-21
-1.70702e-06 -6.7701e-05 2.78822e-21
-3.62409e-06 -6.5484e-05 2.69691e-21
-5.68509e-06 -6.31701e-05 2.60162e-21
-7.8807e-06 -6.07689e-05 2.50273e-21
-1.02e-05 -5.8291e-05 2.40068e-21
-1.26323e-05 -5.57471e-05 2.29591e-21
-1.5164e-05 -5.31501e-05 2.18895e-21
-1.77758e-05 -5.05173e-05 2.08052e-21
-2.04458e-05 -4.78677e-05 1.9714e-21
-2.31529e-05 -4.52202e-05 1.86237e-21
-2.58751e-05 -4.25942e-05 1.75421e-21
-2.85882e-05 -4.00107e-05 1.64782e-21
-3.12673e-05 -3.74913e-05 1.54405e-21
-3.38886e-05 -3.50564e-05 1.44378e-21
-3.64292e-05 -3.27261e-05 1.3478e-21
-3.88661e-05 -3.05199e-05 1.25694e-21
-4.11773e-05 -2.84568e-05 1.17198e-21
-4.33422e-05 -2.65546e-05 1.09363e-21
-4.53426e-05 -2.48287e-05 1.02255e-21
-4.71638e-05 -2.3292e-05 9.59264e-22
-4.87934e-05 -2.19552e-05 9.0421e-22
-5.02206e-05 -2.08278e-05 8.57778e-22
-5.14375e-05 -1.99167e-05 8.20254e-22
-5.24405e-05 -1.92251e-05 7.91773e-22
-5.32292e-05 -1.8754e-05 7.7237e-22
-5.38037e-05 -1.85032e-05 7.62042e-22
-5.41675e-05 -1.84702e-05 7.60684e-22
-5.4329e-05 -1.86483e-05 7.68018e-22
-5.42993e-05 -1.90284e-05 7.8367e-22
-5.40899e-05 -1.96011e-05 8.07256e-22
-5.3713e-05 -2.03561e-05 8.3835e-22
-5.31829e-05 -2.12814e-05 8.7646e-22
-5.25144e-05 -2.23645e-05 9.21067e-22
-5.1722e-05 -2.35931e-05 9.71664e-22
-5.08195e-05 -2.49548e-05 1.02775e-21
-4.98208e-05 -2.64375e-05 1.08881e-21
-4.87395e-05 -2.80291e-05 1.15436e-21
-4.75876e-05 -2.97182e-05 1.22392e-21
-4.6376e-05 -3.14947e-05 1.29709e-21
-4.51136e-05 -3.33497e-05 1.37348e-21
-4.38076e-05 -3.52753e-05 1.45279e-21
-4.24641e-05 -3.72645e-05 1.53471e-21
-4.10874e-05 -3.93118e-05 1.61903e-21
-3.96794e-05 -4.14132e-05 1.70558e-21
-3.82402e-05 -4.3566e-05 1.79424e-21
-3.67691e-05 -4.57681e-05 1.88493e-21
-3.52644e-05 -4.80182e-05 1.9776e-21
-3.37234e-05 -5.03155e-05 2.07221e-21
-3.21423e-05 -5.26601e-05 2.16877e-21
-3.05174e-05 -5.50519e-05 2.26728e-21
-2.88456e-05 -5.74904e-05 2.3677e-21
-2.71261e-05 -5.99732e-05 2.46995e-21
-2.53592e-05 -6.2497e-05 2.5739e-21
-2.35453e-05 -6.50583e-05 2.67938e-21
-2.16875e-05 -6.76517e-05 2.78619e-21
-1.97939e-05 -7.02679e-05 2.89394e-21
-1.78751e-05 -7.28955e-05 3.00215e-21
-1.59422e-05 -7.55229e-05 3.11036e-21
-1.40082e-05 -7.81368e-05 3.21801e-21
-1.20901e-05 -8.07212e-05 3.32445e-21
-1.02065e-05 -8.32585e-05 3.42895e-21
-8.37629e-06 -8.57313e-05 3.53079e-21
-6.60941e-06 -8.81216e-05 3.62923e-21
-4.93182e-06 -9.04117e-05 3.72355e-21
-3.36732e-06 -9.25841e-05 3.81302e-21
-1.93082e-06 -9.46214e-05 3.89692e-21
-6.2758e-07 -9.65079e-05 3.97461e-21
5.18132e-07 -9.8229e-05 4.0455e-21
1.48308e-06 -9.97721e-05 4.10905e-21
2.26156e-06 -0.000101125 4.16478e-21
2.83935e-06 -0.000102278 4.21226e-21
3.21116e-06 -0.000103223 4.25118e-21
3.36948e-06 -0.000103954 4.28129e-21
3.31148e-06 -0.000104467 4.30239e-21
3.03471e-06 -0.000104758 4.31437e-21
2.5435e-06 -0.000104828 4.31729e-21
1.84371e-06 -0.000104683 4.31131e-21
9.42892e-07 -0.000104327 4.29662e-21
-1.50464e-07 -0.000103765 4.27347e-21
-1.42536e-06 -0.000103005 4.2422e-21
-2.86976e-06 -0.000102057 4.20317e-21
-4.47121e-06 -0.000100931 4.15678e-21
-6.21693e-06 -9.96364e-05 4.10346e-21
-8.0938e-06 -9.81835e-05 4.04362e-21
-1.00887e-05 -9.65835e-05 3.97773e-21
-1.21887e-05 -9.48471e-05 3.90621e-21
-1.43827e-05 -9.29838e-05 3.82948e-21
-1.66631e-05 -9.1001e-05 3.74782e-21
-1.90239e-05 -8.89046e-05 3.66148e-21
-2.14602e-05 -8.67e-05 3.57068e-21
-2.39682e-05 -8.43918e-05 3.47562e-21
-2.65463e-05 -8.1983e-05 3.37642e-21
-2.91946e-05 -7.94758e-05 3.27316e-21
-3.19139e-05 -7.68715e-05 3.1659e-21
-3.47057e-05 -7.41712e-05 3.05469e-21
-3.75713e-05 -7.13758e-05 2.93956e-21
-4.05137e-05 -6.84859e-05 2.82055e-21
-4.35366e-05 -6.55016e-05 2.69764e-21
-4.66431e-05 -6.24229e-05 2.57085e-21
-4.98362e-05 -5.92507e-05 2.4402e-21
-5.3102e-05 -5.59865e-05 2.30577e-21
-5.64543e-05 -5.26303e-05 2.16755e-21
-5.99046e-05 -4.91832e-05 2.02558e-21
-6.34486e-05 -4.56473e-05 1.87995e-21
-6.70816e-05 -4.20251e-05 1.73078e-21
-7.08095e-05 -3.83194e-05 1.57816e-21
-7.46406e-05 -3.45319e-05 1.42217e-21
-7.85748e-05 -3.0663e-05 1.26283e-21
-8.26205e-05 -2.67124e-05 1.10013e-21
-8.67804e-05 -2.26799e-05 9.34058e-22
-9.10615e-05 -1.85653e-05 7.64598e-22
-9.54684e-05 -1.43675e-05 5.91717e-22
-0.000100008 -1.00858e-05 4.15378e-22
-0.000104685 -5.71985e-06 2.35568e-22
-0.000109505 -1.27011e-06 5.23088e-23
-0.000114468 3.26158e-06 -1.34326e-22
-0.000119578 7.87237e-06 -3.24218e-22
-0.000124694 1.25042e-05 -5.14977e-22
-0.000129903 1.71873e-05 -7.07846e-22
-0.000135283 2.19471e-05 -9.03875e-22
-0.000140781 2.67574e-05 -1.10199e-21
-0.000146425 3.16237e-05 -1.3024e-21
-0.000152186 3.65279e-05 -1.50438e-21
-0.000158069 4.1465e-05 -1.70771e-21
-0.000164052 4.64182e-05 -1.9117e-21
-0.000170128 5.13772e-05 -2.11594e-21
-0.00017628 5.63258e-05 -2.31974e-21
-0.000182494 6.12499e-05 -2.52253e-21
-0.000188751 6.61322e-05 -2.72361e-21
-0.000195035 7.09572e-05 -2.92232e-21
-0.000201327 7.57074e-05 -3.11796e-21
-0.000207609 8.03665e-05 -3.30984e-21
-0.000213861 8.49172e-05 -3.49726e-21
-0.000220066 8.93433e-05 -3.67954e-21
-0.000226204 9.36289e-05 -3.85605e-21
-0.00023226 9.776e-05 -4.02618e-21
-0.000238218 0.000101724 -4.18942e-21
-0.000244059 0.00010551 -4.34537e-21
-0.00024977 0.000109107 -4.4935e-21
-0.000255347 0.000112503 -4.63335e-21
-0.000260774 0.00011569 -4.76463e-21
-0.000266045 0.000118662 -4.88703e-21
-0.00027115 0.000121413 -5.00032e-21
-0.000276084 0.000123937 -5.10427e-21
-0.00028084 0.000126231 -5.19875e-21
-0.000285413 0.000128292 -5.28363e-21
-0.000289802 0.00013012 -5.35892e-21
-0.000294009 0.000131719 -5.42475e-21
-0.000298039 0.000133094 -5.48137e-21
-0.000301899 0.000134252 -5.52908e-21
-0.000305597 0.000135203 -5.56827e-21
-0.000309145 0.00013596 -5.59942e-21
-0.000312559 0.000136536 -5.62314e-21
-0.000315853 0.000136946 -5.64002e-21
-0.000319044 0.000137205 -5.65069e-21
-0.000322143 0.000137326 -5.65569e-21
-0.000325165 0.000137323 -5.65554e-21
-0.000328091 0.000137206 -5.65075e-21
-0.000330952 0.000136991 -5.64186e-21
-0.000333772 0.000136686 -5.62933e-21
-0.000336538 0.000136302 -5.61352e-21
-0.000339273 0.000135849 -5.59483e-21
-0.000341983 0.000135333 -5.57362e-21
-0.000344672 0.000134764 -5.55016e-21
-0.000347345 0.000134146 -5.52471e-21
-0.000350002 0.000133486 -5.49753e-21
-0.000352647 0.000132789 -5.46882e-21
-0.000355277 0.000132057 -5.4387e-21
-0.00035789 0.000131293 -5.40723e-21
-0.000360483 0.000130498 -5.37449e-21
-0.000363053 0.000129675 -5.34056e-21
-0.000365597 0.000128823 -5.30551e-21
-0.000368111 0.000127946 -5.26938e-21
-0.000370593 0.000127045 -5.23227e-21
-0.000373039 0.000126121 -5.19423e-21
-0.000375445 0.000125176 -5.15529e-21
-0.000377807 0.000124209 -5.11547e-21
-0.00038012 0.000123221 -5.07479e-21
-0.000382379 0.000122214 -5.03329e-21
-0.00038458 0.000121186 -4.99096e-21
-0.000386718 0.000120137 -4.94777e-21
-0.000388786 0.000119068 -4.90375e-21
-0.000390782 0.000117979 -4.85888e-21
-0.000392699 0.000116869 -4.81317e-21
-0.000394533 0.000115738 -4.76661e-21
-0.000396279 0.000114587 -4.71919e-21
-0.000397932 0.000113416 -4.67095e-21
-0.000399487 0.000112225 -4.62193e-21
-0.000400813 0.000111024 -4.57246e-21
-0.00040183 0.000109815 -4.52264e-21
-0.000402689 0.000108594 -4.47236e-21
-0.000403462 0.000107366 -4.42181e-21
-0.000403929 0.00010614 -4.37131e-21
-0.00040414 0.000104921 -4.3211e-21
-0.000404325 0.000103718 -4.27156e-21
-0.000404476 0.000102546 -4.22329e-21
-0.000404612 0.000101421 -4.17696e-21
-0.000404752 0.000100357 -4.13312e-21
-0.000404908 9.93668e-05 -4.09235e-21
-0.0004051 9.84655e-05 -4.05524e-21
-0.000405344 9.76673e-05 -4.02236e-21
-0.00040566 9.69826e-05 -3.99416e-21
-0.000405794 9.64496e-05 -3.97221e-21
-0.000405752 9.60731e-05 -3.95671e-21
-0.000405836 9.58348e-05 -3.94689e-21
-0.000406077 9.5752e-05 -3.94348e-21
-0.000406481 9.58286e-05 -3.94664e-21
-0.000407058 9.60714e-05 -3.95664e-21
-0.00040781 9.64834e-05 -3.97361e-21
-0.000408742 9.70666e-05 -3.99762e-21
-0.000409852 9.78215e-05 -4.02871e-21
-0.000411147 9.87498e-05 -4.06694e-21
-0.000412627 9.98502e-05 -4.11226e-21
-0.000414287 0.00010112 -4.16455e-21
-0.000416124 0.000102555 -4.22366e-21
-0.000418132 0.000104152 -4.28942e-21
-0.000420274 0.000105904 -4.36159e-21
-0.000422521 0.000107807 -4.43994e-21
-0.000424853 0.000109857 -4.52439e-21
-0.000427251 0.00011205 -4.6147e-21
-0.00042971 0.000114377 -4.71054e-21
-0.000432222 0.000116832 -4.81163e-21
-0.000434686 0.000119383 -4.91672e-21
-0.000437004 0.000121973 -8.64293e-21
-0.000439328 0.000124635 -8.75564e-21
-0.000441694 0.000127397 -8.87255e-21
-0.000444073 0.000130251 -8.99336e-21
-0.000446462 0.000133193 -9.1179e-21
-0.000448674 0.000136096 -8.45284e-21
-0.000450869 0.000138989 -7.33613e-21
-0.00045315 0.000141956 -1.08546e-20
-0.000455425 0.000144977 -9.85802e-21
-0.0004577 0.00014805 -1.05767e-20
-0.000459984 0.00015118 -1.04981e-20
-0.000462267 0.000154363 -7.7509e-21
-0.000464258 0.000157417 -7.29096e-21
-0.000466286 0.00016043 -4.35968e-21
-0.000468355 0.000163447 8.54462e-20
-0.000470451 0.000166486 -8.64256e-21
-0.000472165 0.000169405 -1.16727e-20
-0.000473256 0.000172119 9.53542e-18
-0.000474137 0.000174783 -5.80466e-21
-0.00047489 0.00017739 -1.70869e-20
-0.000475392 0.000179815 -1.20087e-20
-0.000476115 0.000182241 -1.2363e-20
-0.000476859 0.000184534 -1.17369e-20
-0.000477546 0.000186834 1.22843e-18
-0.000478196 0.000189103 -1.83058e-19
-0.000478866 0.000191351 3.59161e-20
-0.00047955 0.000193583 -7.89332e-21
-0.000480266 0.000195689 -1.15455e-20
-0.00048075 0.000197477 -1.18274e-19
-0.000480954 0.000199099 4.77774e-20
-0.000481366 0.000200693 -6.15678e-20
-0.000481784 0.000202253 -4.91691e-17
-0.000482189 0.000203776 1.6125e-19
-0.000482591 0.000205258 -4.61462e-21
-0.000482994 0.0002067 -9.38181e-21
-0.000483378 0.000208093 -1.04263e-20
-0.000483739 0.000209432 -1.85543e-17
-0.000484075 0.000210715 2.02175e-19
-0.000484374 0.000211935 -3.5748e-21
-0.000484727 0.000212988 2.91601e-20
-0.000484973 0.000213916 7.4343e-21
-0.000485103 0.00021479 3.51883e-20
-0.000485184 0.0002156 1.0496e-17
-0.000485219 0.000216344 -8.62341e-19
-0.000484947 0.000216911 7.49873e-20
-0.000484871 0.000217435 8.88173e-20
-0.000484745 0.000217899 7.6941e-20
-0.000484573 0.000218304 9.05852e-20
-0.000484343 0.000218647 4.18318e-20
-0.000484011 0.000218916 2.53096e-19
-0.000483562 0.000219106 8.52746e-20
-0.000482927 0.00021918 8.72553e-20
-0.000482055 0.000219057 7.93549e-20
-0.000481015 0.000218719 7.93686e-20
-0.000479789 0.000218168 7.93911e-20
-0.00047838 0.000217407 7.94221e-20
-0.000476791 0.000216438 7.94616e-20
-0.000475028 0.000215265 7.95094e-20
-0.000473094 0.000213893 7.95653e-20
-0.000470998 0.000212329 7.9629e-20
-0.000468744 0.000210578 7.97004e-20
-0.000466339 0.000208644 7.97791e-20
-0.000463787 0.000206534 7.98651e-20
-0.000461095 0.000204254 7.99579e-20
-0.000458272 0.000201813 8.00574e-20
-0.000455323 0.000199217 8.01631e-20
-0.000452259 0.000196476 8.02747e-20
-0.000449086 0.000193599 8.03919e-20
-0.000445812 0.000190592 8.05144e-20
-0.000442444 0.000187464 8.06418e-20
-0.000438989 0.000184224 8.07738e-20
-0.000435454 0.000180878 8.09101e-20
-0.000431843 0.000177435 8.10503e-20
-0.000428161 0.000173899 8.11943e-20
-0.000424413 0.000170279 8.13418e-20
-0.000420603 0.00016658 8.14925e-20
-0.000416731 0.000162807 8.16462e-20
-0.000412801 0.000158964 8.18027e-20
-0.000408813 0.000155056 8.19619e-20
-0.000404766 0.000151085 8.21236e-20
-0.000400661 0.000147056 8.22877e-20
-0.000396497 0.000142972 8.24541e-20
-0.000392272 0.000138835 8.26227e-20
-0.000387986 0.000134647 8.27932e-20
-0.000383638 0.000130412 8.29657e-20
-0.000379225 0.000126133 8.314e-20
-0.000374747 0.000121812 8.33161e-20
-0.000370204 0.000117452 8.34937e-20
-0.000365593 0.000113056 8.36727e-20
-0.000360914 0.000108627 8.38531e-20
-0.000356167 0.000104168 8.40348e-20
-0.000351353 9.96833e-05 8.42174e-20
-0.000346471 9.51773e-05 8.4401e-20
-0.000341525 9.06549e-05 8.45852e-20
-0.000336518 8.61219e-05 8.47698e-20
-0.000331453 8.15845e-05 8.49546e-20
-0.000326335 7.70492e-05 8.51394e-20
-0.000321168 7.25231e-05 8.53237e-20
-0.00031596 6.80139e-05 8.55074e-20
-0.000310717 6.35305e-05 8.569e-20
-0.000305449 5.90835e-05 8.58711e-20
-0.000300169 5.46845e-05 8.60503e-20
-0.000294888 5.03455e-05 8.6227e-20
-0.000289619 4.6078e-05 8.64009e-20
-0.000284371 4.18922e-05 8.65714e-20
-0.000279155 3.77974e-05 8.67381e-20
-0.00027398 3.38029e-05 8.69008e-20
-0.000268856 2.99188e-05 8.70591e-20
-0.000263796 2.61562e-05 8.72123e-20
-0.000258814 2.25269e-05 8.73602e-20
-0.000253921 1.90419e-05 8.75021e-20
-0.000249129 1.57113e-05 8.76378e-20
-0.000244449 1.25433e-05 8.77669e-20
-0.000239888 9.54506e-06 8.7889e-20
-0.000235453 6.72242e-06 8.8004e-20
-0.000231151 4.08079e-06 8.81116e-20
-0.000226989 1.62566e-06 8.82117e-20
-0.000222972 -6.38133e-07 8.83039e-20
-0.000219106 -2.70716e-06 8.83882e-20
-0.000215392 -4.58029e-06 8.84646e-20
-0.000211828 -6.25957e-06 8.85331e-20
-0.000208411 -7.74936e-06 8.85938e-20
-0.000205134 -9.05545e-06 8.86471e-20
-0.000201989 -1.0185e-05 8.86932e-20
-0.000198966 -1.11466e-05 8.87324e-20
-0.000196055 -1.19499e-05 8.87652e-20
-0.000193243 -1.26058e-05 8.8792e-20
-0.000190519 -1.31264e-05 8.88133e-20
-0.000187866 -1.35252e-05 8.88297e-20
-0.000185268 -1.38168e-05 8.88416e-20
-0.000182709 -1.40162e-05 8.88499e-20
-0.000180173 -1.41389e-05 8.8855e-20
-0.00017764