-5.33517 5.67337e-06 -2.33654e-22
-10.6703 1.1251e-05 -4.63364e-22
-16.0055 1.67321e-05 -6.89102e-22
-21.3407 2.21162e-05 -9.1084e-22
-26.6759 2.74024e-05 -1.12855e-21
-32.0111 3.25902e-05 -1.34221e-21
-37.3464 3.76789e-05 -1.55178e-21
-42.6816 4.26677e-05 -1.75724e-21
-48.0168 4.75559e-05 -1.95856e-21
-53.3521 5.23429e-05 -2.15571e-21
-53.3516 7.67889e-05 -3.1625e-21
-53.3496 0.000175702 -7.23617e-21
-53.3456 0.000373782 -1.5394e-20
-53.3396 0.000667968 -2.75098e-20
-53.3321 0.00104087 -4.28676e-20
-53.3238 0.00144713 -5.9599e-20
-53.3161 0.00182656 -7.52258e-20
-53.3102 0.00211955 -8.72923e-20
-53.3073 0.00226345 -9.32189e-20
-53.3089 0.00218876 -9.01426e-20
-53.3163 0.00182348 -7.50987e-20
-53.3312 0.00109792 -4.5217e-20
-53.3545 -4.38326e-05 1.80521e-21
-53.3869 -0.00163193 6.72099e-20
-53.4286 -0.00368147 1.51619e-19
-53.48 -0.00620452 2.55529e-19
-53.5404 -0.00918036 3.78087e-19
-53.6083 -0.0125237 5.15779e-19
-53.6811 -0.0161148 6.63678e-19
-53.7563 -0.0198336 8.16834e-19
-53.8313 -0.0235501 9.69897e-19
-53.903 -0.0271142 1.11668e-18
-53.9681 -0.030367 1.25064e-18
-54.0234 -0.0331535 1.3654e-18
-54.0662 -0.0353447 1.45565e-18
-54.0951 -0.0368605 1.51807e-18
-54.1088 -0.0376494 1.55057e-18
-54.1065 -0.0376664 1.55127e-18
-54.0877 -0.0368845 1.51906e-18
-54.0526 -0.0353082 1.45414e-18
-54.0016 -0.0329607 1.35746e-18
-53.9354 -0.0298709 1.23021e-18
-53.8547 -0.0260752 1.07389e-18
-53.7608 -0.0216201 8.90411e-19
-53.6546 -0.0165592 6.81978e-19
-53.5374 -0.0109485 4.50906e-19
-53.4105 -0.00484096 1.99372e-19
-53.2747 0.00172047 -7.08565e-20
-53.1309 0.00869797 -3.5822e-19
-52.9799 0.0160534 -6.61147e-19
-52.8226 0.023754 -9.78291e-19
-52.6594 0.0317787 -1.30878e-18
-52.4906 0.0401131 -1.65203e-18
-52.3167 0.0487442 -2.0075e-18
-52.1385 0.0576287 -2.3734e-18
-51.9582 0.0666599 -2.74534e-18
-51.7786 0.0756995 -3.11763e-18
-51.6026 0.0846134 -3.48475e-18
-51.4328 0.0932695 -3.84124e-18
-51.272 0.101534 -4.18161e-18
-51.1228 0.109277 -4.50048e-18
-50.9877 0.116374 -4.79279e-18
-50.8689 0.122715 -5.05395e-18
-50.7683 0.128206 -5.28006e-18
-50.6875 0.132763 -5.46774e-18
-50.6279 0.136313 -5.61398e-18
-50.5902 0.138813 -5.71693e-18
-50.5744 0.140267 -5.77679e-18
-50.5796 0.140708 -5.79498e-18
-50.6047 0.140179 -5.77318e-18
-50.648 0.138765 -5.71493e-18
-50.7058 0.136636 -5.62726e-18
-50.7737 0.134009 -5.51906e-18
-50.8469 0.1311 -5.39925e-18
-50.9214 0.128107 -5.27599e-18
-50.9937 0.125193 -5.15597e-18
-51.0608 0.122497 -5.04495e-18
-51.1201 0.120154 -4.94845e-18
-51.1689 0.118276 -4.8711e-18
-51.2059 0.116938 -4.81602e-18
-51.2298 0.116193 -4.78533e-18
-51.2399 0.116083 -4.7808e-18
-51.2361 0.116606 -4.80234e-18
-51.2203 0.117674 -4.84633e-18
-51.1952 0.119152 -4.90721e-18
-51.1638 0.1209 -4.97918e-18
-51.1288 0.122784 -5.05677e-18
-51.0927 0.124693 -5.13541e-18
-51.0575 0.126528 -5.21099e-18
-51.0254 0.128189 -5.27937e-18
-50.998 0.129597 -5.33737e-18
-50.976 0.130724 -5.38379e-18
-50.9596 0.131567 -5.41851e-18
-50.9487 0.132126 -5.44151e-18
-50.9431 0.132426 -5.45387e-18
-50.941 0.132547 -5.45887e-18
-50.9404 0.132599 -5.46102e-18
-50.9389 0.132692 -5.46483e-18
-50.935 0.132908 -5.47373e-18
-50.9282 0.133273 -5.48876e-18
-50.9185 0.133783 -5.50976e-18
-50.906 0.134434 -5.53657e-18
-50.8909 0.135221 -5.56899e-18
-50.8733 0.136135 -5.60664e-18
-50.8534 0.137167 -5.64911e-18
-50.8315 0.138305 -5.69599e-18
-50.8073 0.139555 -5.74748e-18
-50.7804 0.140952 -5.805e-18
-50.7495 0.142544 -5.8706e-18
-50.7136 0.144382 -5.94629e-18
-50.6721 0.146504 -6.03368e-18
-50.6243 0.148932 -6.13366e-18
-50.5701 0.151675 -6.24663e-18
-50.5093 0.154741 -6.37292e-18
-50.4429 0.158086 -6.51067e-18
-50.3738 0.161557 -6.65364e-18
-50.3063 0.164947 -6.79325e-18
-50.2447 0.168049 -6.92098e-18
-50.193 0.170657 -7.0284e-18
-50.1556 0.172571 -7.10724e-18
-50.1362 0.173595 -7.14941e-18
-50.1388 0.173539 -7.14707e-18
-50.166 0.172277 -7.09511e-18
-50.2176 0.169813 -6.99365e-18
-50.2922 0.166223 -6.84577e-18
-50.3881 0.161585 -6.65476e-18
-50.5028 0.156018 -6.42549e-18
-50.6324 0.14971 -6.16572e-18
-50.7724 0.142889 -5.88479e-18
-50.918 0.135781 -5.59207e-18
-51.0649 0.128596 -5.29614e-18
-51.2097 0.121503 -5.00402e-18
-51.3493 0.11465 -4.72179e-18
-51.4807 0.108181 -4.45538e-18
-51.6018 0.10221 -4.20947e-18
-51.7112 0.0967942 -3.98641e-18
-51.8086 0.0919572 -3.78719e-18
-51.8935 0.0877186 -3.61263e-18
-51.9658 0.0840923 -3.46328e-18
-52.0254 0.0810849 -3.33943e-18
-52.0723 0.0786981 -3.24113e-18
-52.1065 0.0769297 -3.1683e-18
-52.1286 0.075764 -3.12029e-18
-52.1393 0.0751613 -3.09547e-18
-52.1397 0.0750688 -3.09166e-18
-52.1312 0.0754323 -3.10663e-18
-52.1145 0.0762051 -3.13846e-18
-52.0906 0.0773565 -3.18587e-18
-52.0597 0.0788645 -3.24798e-18
-52.0225 0.0807083 -3.32392e-18
-51.9795 0.0828559 -3.41236e-18
-51.9319 0.0852521 -3.51105e-18
-51.881 0.0878307 -3.61725e-18
-51.8282 0.0905275 -3.72832e-18
-51.7743 0.0932938 -3.84224e-18
-51.7199 0.0961087 -3.95817e-18
-51.6649 0.0989679 -4.07593e-18
-51.6094 0.101869 -4.19541e-18
-51.5529 0.104827 -4.31721e-18
-51.4946 0.107886 -4.44321e-18
-51.433 0.11111 -4.57597e-18
-51.3668 0.114559 -4.71804e-18
-51.2947 0.118295 -4.87189e-18
-51.2155 0.122373 -5.03986e-18
-51.128 0.126848 -5.22415e-18
-51.0312 0.131769 -5.42681e-18
-50.9246 0.137154 -5.64858e-18
-50.8089 0.14296 -5.8877e-18
-50.6859 0.149109 -6.14097e-18
-50.557 0.155521 -6.40504e-18
-50.4243 0.162094 -6.67572e-18
-50.2907 0.168687 -6.94727e-18
-50.1595 0.175142 -7.21311e-18
-50.0338 0.181298 -7.46663e-18
-49.9166 0.187018 -7.7022e-18
-49.8095 0.192217 -7.91632e-18
-49.7138 0.196839 -8.1067e-18
-49.6305 0.200828 -8.27096e-18
-49.5606 0.204147 -8.40764e-18
-49.5038 0.20681 -8.51733e-18
-49.4592 0.208856 -8.60158e-18
-49.4261 0.210324 -8.66205e-18
-49.4037 0.211259 -8.70055e-18
-49.391 0.211709 -8.71911e-18
-49.3868 0.211731 -8.72e-18
-49.3902 0.211377 -8.70543e-18
-49.4005 0.210679 -8.67666e-18
-49.4181 0.209621 -8.63308e-18
-49.4438 0.208164 -8.57309e-18
-49.4783 0.206272 -8.49519e-18
-49.5221 0.20393 -8.39871e-18
-49.5746 0.20116 -8.28462e-18
-49.635 0.198007 -8.15479e-18
-49.7024 0.194521 -8.01121e-18
-49.7756 0.190753 -7.85602e-18
-49.8535 0.186759 -7.69155e-18
-49.9349 0.1826 -7.52026e-18
-50.0185 0.178337 -7.34468e-18
-50.1031 0.174033 -7.16745e-18
-50.1872 0.169757 -6.99134e-18
-50.2693 0.165578 -6.81921e-18
-50.3482 0.161564 -6.65389e-18
-50.4226 0.157769 -6.4976e-18
-50.4921 0.154216 -6.35127e-18
-50.5564 0.15091 -6.21512e-18
-50.6156 0.147856 -6.08934e-18
-50.6697 0.145048 -5.97371e-18
-50.7192 0.142463 -5.86724e-18
-50.7646 0.140066 -5.76854e-18
-50.8068 0.137823 -5.67615e-18
-50.8466 0.135684 -5.58807e-18
-50.8857 0.133576 -5.50122e-18
-50.9257 0.131408 -5.41195e-18
-50.9684 0.129093 -5.31661e-18
-51.0156 0.126543 -5.2116e-18
-51.0692 0.123671 -5.09332e-18
-51.1306 0.120392 -4.95827e-18
-51.2018 0.116622 -4.80301e-18
-51.2832 0.112329 -4.62618e-18
-51.3736 0.107581 -4.43065e-18
-51.4703 0.102502 -4.22148e-18
-51.5708 0.097216 -4.00378e-18
-51.6722 0.0918619 -3.78327e-18
-51.7711 0.086614 -3.56714e-18
-51.8635 0.0816623 -3.36321e-18
-51.9456 0.0771914 -3.17908e-18
-52.0148 0.0733352 -3.02026e-18
-52.0703 0.0701282 -2.88818e-18
-52.1127 0.0675499 -2.782e-18
-52.1425 0.0655733 -2.70059e-18
-52.1609 0.0641434 -2.6417e-18
-52.1702 0.0631523 -2.60088e-18
-52.1733 0.0624635 -2.57252e-18
-52.173 0.0619389 -2.55091e-18
-52.1722 0.0614491 -2.53074e-18
-52.1732 0.0608853 -2.50752e-18
-52.1779 0.0601508 -2.47727e-18
-52.1885 0.059152 -2.43613e-18
-52.2064 0.0578229 -2.3814e-18
-52.2318 0.0561523 -2.31259e-18
-52.2645 0.0541596 -2.23053e-18
-52.3039 0.0518695 -2.13621e-18
-52.3497 0.0493102 -2.03081e-18
-52.401 0.0465136 -1.91563e-18
-52.4574 0.0435151 -1.79214e-18
-52.5178 0.0403548 -1.66198e-18
-52.5817 0.037069 -1.52666e-18
-52.6485 0.0336816 -1.38716e-18
-52.7177 0.0302117 -1.24425e-18
-52.789 0.0266819 -1.09888e-18
-52.8611 0.0231449 -9.53206e-19
-52.9319 0.0197109 -8.1178e-19
-52.9983 0.016521 -6.80404e-19
-53.0575 0.0137164 -5.64899e-19
-53.1066 0.0114335 -4.7088e-19
-53.143 0.00979874 -4.03554e-19
-53.1642 0.00893128 -3.67829e-19
-53.1678 0.00894611 -3.68439e-19
-53.1522 0.00991705 -4.08427e-19
-53.1176 0.0118376 -4.87524e-19
-53.0649 0.0146565 -6.03616e-19
-52.9952 0.0183173 -7.54386e-19
-52.911 0.0227022 -9.34975e-19
-52.8171 0.0275708 -1.13548e-18
-52.7197 0.0326186 -1.34338e-18
-52.625 0.0375419 -1.54614e-18
-52.5388 0.0420563 -1.73206e-18
-52.466 0.0459157 -1.89101e-18
-52.4112 0.0488981 -2.01384e-18
-52.3788 0.0507885 -2.09169e-18
-52.3722 0.0514145 -2.11747e-18
-52.3932 0.0506834 -2.08736e-18
-52.4428 0.0485489 -1.99945e-18
-52.5215 0.0449736 -1.85221e-18
-52.6287 0.0399904 -1.64698e-18
-52.7609 0.0337667 -1.39066e-18
-52.913 0.0265431 -1.09316e-18
-53.0799 0.0185634 -7.6452e-19
-53.2563 0.0100852 -4.15354e-19
-53.4363 0.00139258 -5.73526e-20
-53.6137 -0.00722007 2.97354e-19
-53.7826 -0.015464 6.36875e-19
-53.9377 -0.0230806 9.50559e-19
-54.0746 -0.0298663 1.23002e-18
-54.1901 -0.0356525 1.46833e-18
-54.2808 -0.0402831 1.65903e-18
-54.3444 -0.0436421 1.79737e-18
-54.38 -0.0456846 1.88149e-18
-54.3877 -0.0464088 1.91132e-18
-54.3678 -0.0458255 1.88729e-18
-54.3211 -0.0439739 1.81103e-18
-54.2496 -0.0409381 1.68601e-18
-54.1556 -0.0368302 1.51683e-18
-54.0418 -0.0317699 1.30842e-18
-53.9105 -0.0258675 1.06534e-18
-53.7637 -0.0192056 7.90971e-19
-53.6029 -0.011853 4.88159e-19
-53.4298 -0.00388126 1.59847e-19
-53.2464 0.00461454 -1.90047e-19
-53.0558 0.0134935 -5.5572e-19
-52.8614 0.0225922 -9.30445e-19
-52.6668 0.0317506 -1.30763e-18
-52.4748 0.0408255 -1.68137e-18
-52.288 0.049704 -2.04703e-18
-52.1083 0.0582933 -2.40077e-18
-51.9376 0.0665087 -2.73912e-18
-51.7767 0.0743054 -3.06022e-18
-51.6252 0.0817128 -3.36529e-18
-51.4816 0.0888029 -3.65729e-18
-51.3442 0.0956552 -3.9395e-18
-51.2113 0.102354 -4.21536e-18
-51.0811 0.108983 -4.48841e-18
-50.9518 0.115633 -4.76225e-18
-50.8215 0.122393 -5.04068e-18
-50.6888 0.129324 -5.32611e-18
-50.5539 0.136413 -5.61808e-18
-50.4178 0.143613 -5.91462e-18
-50.2811 0.150878 -6.2138e-18
-50.1462 0.158097 -6.51113e-18
-50.0178 0.16503 -6.79666e-18
-49.9021 0.171369 -7.05771e-18
-49.8053 0.17681 -7.28179e-18
-49.7322 0.181102 -7.45856e-18
-49.6861 0.184092 -7.5817e-18
-49.6688 0.185681 -7.64716e-18
-49.6819 0.185782 -7.65132e-18
-49.7259 0.184373 -7.5933e-18
-49.7984 0.181565 -7.47762e-18
-49.8956 0.177537 -7.31175e-18
-50.0136 0.172476 -7.10331e-18
-50.148 0.166587 -6.86078e-18
-50.2938 0.160112 -6.59409e-18
-50.4457 0.153309 -6.31392e-18
-50.5983 0.146435 -6.03082e-18
-50.7472 0.139708 -5.75378e-18
-50.8892 0.133274 -5.48878e-18
-51.0222 0.127234 -5.24005e-18
-51.1443 0.121684 -5.01147e-18
-51.2546 0.116664 -4.80471e-18
-51.3545 0.112107 -4.61707e-18
-51.4465 0.107891 -4.44344e-18
-51.5333 0.103887 -4.27853e-18
-51.6179 0.099943 -4.11608e-18
-51.7045 0.0958646 -3.94812e-18
-51.7974 0.0914366 -3.76575e-18
-51.9011 0.086445 -3.56018e-18
-52.0194 0.0807009 -3.32361e-18
-52.1552 0.0740649 -3.05031e-18
-52.3108 0.0664269 -2.73575e-18
-52.4883 0.0576836 -2.37566e-18
-52.6889 0.047775 -1.96758e-18
-52.9121 0.0367244 -1.51247e-18
-53.1564 0.0246016 -1.0132e-18
-53.4202 0.0114824 -4.72896e-19
-53.7017 -0.00254449 1.04793e-19
-53.9984 -0.0173701 7.15378e-19
-54.3079 -0.0328743 1.35391e-18
-54.6275 -0.048935 2.01536e-18
-54.9552 -0.0654532 2.69565e-18
-55.2897 -0.0823779 3.39268e-18
-55.6305 -0.0996847 4.10545e-18
-55.9769 -0.117351 4.83304e-18
-56.3281 -0.135338 5.57382e-18
-56.6825 -0.153566 6.32453e-18
-57.0378 -0.171939 7.08121e-18
-57.3924 -0.190367 7.84014e-18
-57.7436 -0.20873 8.5964e-18
-58.0877 -0.226844 9.34242e-18
-58.4203 -0.244495 1.00694e-17
-58.7374 -0.261482 1.0769e-17
-59.0351 -0.277616 1.14334e-17
-59.31 -0.292724 1.20556e-17
-59.559 -0.306648 1.26291e-17
-59.7793 -0.319247 1.3148e-17
-59.9691 -0.330425 1.36083e-17
-60.1288 -0.34018 1.40101e-17
-60.2596 -0.34855 1.43548e-17
-60.3618 -0.355558 1.46434e-17
-60.4368 -0.361269 1.48786e-17
-60.4873 -0.36579 1.50648e-17
-60.516 -0.369248 1.52073e-17
-60.526 -0.37178 1.53115e-17
-60.521 -0.37355 1.53844e-17
-60.506 -0.374789 1.54355e-17
-60.4866 -0.375757 1.54753e-17
-60.4682 -0.376707 1.55144e-17
-60.4552 -0.377841 1.55611e-17
-60.4499 -0.379263 1.56197e-17
-60.4535 -0.381012 1.56917e-17
-60.4667 -0.383119 1.57785e-17
-60.489 -0.385554 1.58788e-17
-60.5176 -0.388172 1.59866e-17
-60.5483 -0.390765 1.60934e-17
-60.5768 -0.393116 1.61902e-17
-60.5981 -0.39498 1.6267e-17
-60.6063 -0.396068 1.63118e-17
-60.595 -0.396067 1.63117e-17
-60.5577 -0.39466 1.62538e-17
-60.4899 -0.391629 1.6129e-17
-60.3908 -0.386949 1.59363e-17
-60.2622 -0.380702 1.5679e-17
-60.1056 -0.37297 1.53605e-17
-59.923 -0.36385 1.49849e-17
-59.7168 -0.35347 1.45574e-17
-59.4899 -0.341974 1.4084e-17
-59.2451 -0.329506 1.35705e-17
-58.9844 -0.316165 1.30211e-17
-58.708 -0.301966 1.24363e-17
-58.4151 -0.286875 1.18148e-17
-58.105 -0.270862 1.11553e-17
-57.7758 -0.253847 1.04545e-17
-57.4239 -0.235647 9.70498e-18
-57.0443 -0.216034 8.89722e-18
-56.6325 -0.194783 8.022e-18
-56.1853 -0.171746 7.07325e-18
-55.7026 -0.146925 6.05101e-18
-55.1861 -0.120403 4.95872e-18
-54.6377 -0.0922732 3.80021e-18
-54.0619 -0.0627259 2.58332e-18
-53.4634 -0.0320081 1.31823e-18
-52.8475 -0.000410247 1.68957e-20
-52.2216 0.0317255 -1.3066e-18
-51.5918 0.0640968 -2.63978e-18
-50.964 0.0964203 -3.971e-18
-50.3434 0.128437 -5.28959e-18
-49.7351 0.159892 -6.58505e-18
-49.1436 0.19057 -7.84848e-18
-48.5717 0.220331 -9.07418e-18
-48.0213 0.24908 -1.02582e-17
-47.4941 0.276731 -1.1397e-17
-46.9912 0.303228 -1.24882e-17
-46.5126 0.328565 -1.35317e-17
-46.0577 0.352769 -1.45285e-17
-45.6256 0.375873 -1.54801e-17
-45.216 0.397889 -1.63868e-17
-44.8296 0.418777 -1.72471e-17
-44.4672 0.438495 -1.80591e-17
-44.1302 0.456954 -1.88193e-17
-43.8201 0.474086 -1.95249e-17
-43.5368 0.48989 -2.01758e-17
-43.2799 0.504368 -2.07721e-17
-43.0491 0.517536 -2.13144e-17
-42.8441 0.529399 -2.18029e-17
-42.6648 0.539952 -2.22376e-17
-42.5113 0.549181 -2.26177e-17
-42.3839 0.557077 -2.29428e-17
-42.2812 0.563689 -2.32151e-17
-42.1998 0.569188 -2.34416e-17
-42.1348 0.573808 -2.36319e-17
-42.0813 0.577778 -2.37954e-17
-42.0349 0.581323 -2.39414e-17
-41.9911 0.584649 -2.40784e-17
-41.946 0.587955 -2.42145e-17
-41.8958 0.591429 -2.43576e-17
-41.8374 0.595217 -2.45136e-17
-41.7695 0.599388 -2.46854e-17
-41.692 0.60397 -2.48741e-17
-41.6047 0.608977 -2.50803e-17
-41.5084 0.614357 -2.53019e-17
-41.4071 0.619929 -2.55314e-17
-41.3061 0.625443 -2.57584e-17
-41.2106 0.630644 -2.59727e-17
-41.126 0.635285 -2.61638e-17
-41.0574 0.639124 -2.63219e-17
-41.0096 0.641933 -2.64376e-17
-40.9875 0.643486 -2.65016e-17
-40.9943 0.643633 -2.65076e-17
-41.0305 0.64236 -2.64552e-17
-41.0949 0.639733 -2.6347e-17
-41.1861 0.635828 -2.61862e-17
-41.3018 0.630761 -2.59775e-17
-41.4384 0.624714 -2.57284e-17
-41.5914 0.617908 -2.54481e-17
-41.7562 0.610574 -2.51461e-17
-41.9294 0.602902 -2.48301e-17
-42.1081 0.595013 -2.45052e-17
-42.2907 0.586982 -2.41744e-17
-42.4758 0.578886 -2.38411e-17
-42.6623 0.57077 -2.35068e-17
-42.8513 0.562583 -2.31696e-17
-43.045 0.554236 -2.28259e-17
-43.2448 0.545644 -2.2472e-17
-43.452 0.536731 -2.21049e-17
-43.668 0.527437 -2.17221e-17
-43.8936 0.517711 -2.13216e-17
-44.1296 0.50751 -2.09015e-17
-44.376 0.496824 -2.04614e-17
-44.6317 0.485711 -2.00037e-17
-44.8945 0.474264 -1.95323e-17
-45.1625 0.462581 -1.90511e-17
-45.4334 0.45076 -1.85643e-17
-45.7051 0.438904 -1.8076e-17
-45.9753 0.427116 -1.75905e-17
-46.2419 0.415497 -1.7112e-17
-46.5029 0.404137 -1.66441e-17
-46.7568 0.393104 -1.61897e-17
-47.0025 0.382454 -1.57511e-17
-47.2387 0.372238 -1.53304e-17
-47.4646 0.362497 -1.49292e-17
-47.6795 0.353256 -1.45486e-17
-47.883 0.344533 -1.41894e-17
-48.0749 0.336338 -1.38518e-17
-48.2548 0.328688 -1.35368e-17
-48.4219 0.321621 -1.32457e-17
-48.5751 0.315183 -1.29806e-17
-48.7137 0.309416 -1.27431e-17
-48.8362 0.304387 -1.2536e-17
-48.9398 0.300236 -1.2365e-17
-49.0211 0.297132 -1.22372e-17
-49.0767 0.295236 -1.21591e-17
-49.1034 0.294704 -1.21372e-17
-49.098 0.295697 -1.21781e-17
-49.0575 0.298367 -1.22881e-17
-48.9789 0.302858 -1.2473e-17
-48.8609 0.309235 -1.27356e-17
-48.7051 0.317418 -1.30727e-17
-48.5149 0.32725 -1.34776e-17
-48.2938 0.33856 -1.39434e-17
-48.0471 0.351083 -1.44591e-17
-47.7843 0.364361 -1.5006e-17
-47.5167 0.377838 -1.5561e-17
-47.2557 0.390961 -1.61015e-17
-47.0126 0.403172 -1.66044e-17
-46.7989 0.41391 -1.70466e-17
-46.626 0.422614 -1.74051e-17
-46.5047 0.428743 -1.76575e-17
-46.4442 0.431849 -1.77854e-17
-46.4498 0.43166 -1.77776e-17
-46.5248 0.428008 -1.76272e-17
-46.6719 0.420747 -1.73282e-17
-46.8923 0.409801 -1.68774e-17
-47.1848 0.395221 -1.62769e-17
-47.5466 0.37713 -1.55318e-17
-47.9743 0.355666 -1.46479e-17
-48.4634 0.331039 -1.36336e-17
-49.0065 0.303595 -1.25034e-17
-49.5948 0.273748 -1.12741e-17
-50.2194 0.241915 -9.96311e-18
-50.8716 0.208503 -8.58706e-18
-51.5432 0.173909 -7.16231e-18
-52.226 0.138513 -5.70457e-18
-52.9123 0.102682 -4.2289e-18
-53.5948 0.0667744 -2.75006e-18
-54.2659 0.0311508 -1.28292e-18
-54.9185 -0.00383901 1.58107e-19
-55.5459 -0.037872 1.55973e-18
-56.1435 -0.0707166 2.91242e-18
-56.71 -0.1023 4.21314e-18
-57.246 -0.132645 5.46288e-18
-57.7528 -0.161801 6.66367e-18
-58.2319 -0.189823 7.81774e-18
-58.6829 -0.216669 8.92338e-18
-59.1072 -0.242405 9.98328e-18
-59.5078 -0.267144 1.10021e-17
-59.8857 -0.29092 1.19813e-17
-60.2432 -0.313825 1.29247e-17
-60.5826 -0.335937 1.38353e-17
-60.9066 -0.357351 1.47172e-17
-61.2173 -0.378115 1.55724e-17
-61.5126 -0.39814 1.63971e-17
-61.793 -0.417366 1.71889e-17
-62.0546 -0.435613 1.79404e-17
-62.2924 -0.452678 1.86433e-17
-62.5057 -0.468468 1.92935e-17
-62.6914 -0.482832 1.98851e-17
-62.8475 -0.49565 2.0413e-17
-62.9713 -0.506772 2.08711e-17
-63.0595 -0.51602 2.12519e-17
-63.1082 -0.523198 2.15475e-17
-63.1138 -0.528107 2.17497e-17
-63.0736 -0.53057 2.18512e-17
-62.9851 -0.530474 2.18472e-17
-62.846 -0.52773 2.17342e-17
-62.6548 -0.522243 2.15082e-17
-62.4108 -0.513975 2.11677e-17
-62.1151 -0.502971 2.07145e-17
-61.7698 -0.489333 2.01528e-17
-61.3771 -0.473158 1.94867e-17
-60.9403 -0.454615 1.8723e-17
-60.4664 -0.433996 1.78738e-17
-59.9621 -0.411665 1.69541e-17
-59.4346 -0.38798 1.59787e-17
-58.8915 -0.3633 1.49623e-17
-58.34 -0.33799 1.39199e-17
-57.7878 -0.312414 1.28666e-17
-57.2419 -0.286922 1.18167e-17
-56.7082 -0.261803 1.07822e-17
-56.1902 -0.237232 9.77026e-18
-55.6905 -0.21332 8.78545e-18
-55.2105 -0.190159 7.83156e-18
-54.7505 -0.167762 6.90915e-18
-54.3076 -0.145993 6.01264e-18
-53.8772 -0.124636 5.13304e-18
-53.4546 -0.10346 4.26092e-18
-53.0357 -0.0822726 3.38834e-18
-52.6181 -0.0609665 2.51087e-18
-52.2003 -0.0394767 1.62582e-18
-51.7809 -0.0177328 7.30315e-19
-51.3595 0.00427021 -1.75866e-19
-50.9389 0.026397 -1.08714e-18
-50.523 0.0484416 -1.99503e-18
-50.1159 0.0702055 -2.89137e-18
-49.7222 0.091456 -3.76655e-18
-49.3481 0.11188 -4.60771e-18
-49.0006 0.13113 -5.40052e-18
-48.6863 0.148874 -6.1313e-18
-48.4116 0.164792 -6.78686e-18
-48.1827 0.178572 -7.35438e-18
-48.0053 0.189919 -7.82168e-18
-47.8849 0.198558 -8.17746e-18
-47.825 0.2043 -8.41395e-18
-47.8261 0.207108 -8.52962e-18
-47.8867 0.207036 -8.52663e-18
-48.0051 0.204155 -8.40799e-18
-48.1788 0.19856 -8.17756e-18
-48.4051 0.190368 -7.8402e-18
-48.6807 0.179716 -7.40149e-18
-49.0022 0.16675 -6.86747e-18
-49.3655 0.151673 -6.24654e-18
-49.7619 0.134871 -5.55458e-18
-50.1811 0.116814 -4.81091e-18
-50.614 0.0979367 -4.03346e-18
-51.0516 0.0786587 -3.23951e-18
-51.4861 0.0593367 -2.44374e-18
-51.9108 0.04029 -1.65932e-18
-52.3193 0.0218171 -8.98522e-19
-52.7061 0.00418074 -1.72181e-19
-53.0665 -0.012405 5.1089e-19
-53.3969 -0.0277673 1.14358e-18
-53.6944 -0.0417614 1.71991e-18
-53.9582 -0.0543477 2.23827e-18
-54.1912 -0.0656707 2.7046e-18
-54.3988 -0.0759843 3.12936e-18
-54.5869 -0.0855667 3.52401e-18
-54.7621 -0.0947332 3.90152e-18
-54.9323 -0.103851 4.27705e-18
-55.1068 -0.113342 4.66793e-18
-55.294 -0.123607 5.09067e-18
-55.5018 -0.13503 5.56111e-18
-55.7387 -0.147992 6.09493e-18
-56.012 -0.162841 6.70648e-18
-56.3293 -0.179926 7.41014e-18
-56.6978 -0.199581 8.21959e-18
-57.1244 -0.222117 9.14775e-18
-57.6157 -0.247829 1.02067e-17
-58.1774 -0.276986 1.14075e-17
-58.8156 -0.309838 1.27605e-17
-59.5345 -0.346606 1.42747e-17
-60.3377 -0.38749 1.59585e-17
-61.2293 -0.432654 1.78186e-17
-62.211 -0.482198 1.9859e-17
-63.2831 -0.536121 2.20798e-17
-64.4441 -0.594351 2.4478e-17
-65.6921 -0.656784 2.70492e-17
-67.0236 -0.723257 2.97868e-17
-68.4329 -0.793509 3.26801e-17
-69.9138 -0.867216 3.57157e-17
-71.4587 -0.944034 3.88794e-17
-73.0597 -1.02357 4.21551e-17
-74.7075 -1.10538 4.55243e-17
-76.391 -1.18896 4.89667e-17
-78.1001 -1.27383 5.24617e-17
-79.8233 -1.35943 5.59872e-17
-81.5477 -1.44515 5.95174e-17
-83.2596 -1.53032 6.30252e-17
-84.9455 -1.6143 6.64839e-17
-86.5931 -1.69649 6.98689e-17
-88.1918 -1.77639 7.31594e-17
-89.7325 -1.85355 7.63371e-17
-91.2065 -1.92755 7.93848e-17
-92.6064 -1.99803 8.22876e-17
-93.9264 -2.06471 8.50337e-17
-95.1619 -2.12736 8.76141e-17
-96.3092 -2.1858 9.00208e-17
-97.3654 -2.23987 9.22477e-17
-98.3286 -2.28948 9.42907e-17
-99.1978 -2.33457 9.61476e-17
-99.9727 -2.37511 9.78173e-17
-100.653 -2.41107 9.92985e-17
-101.238 -2.4424 1.00589e-16
-101.726 -2.46902 1.01685e-16
-102.116 -2.49088 1.02585e-16
-102.409 -2.50794 1.03288e-16
-102.602 -2.52012 1.03789e-16
-102.694 -2.52733 1.04086e-16
-102.684 -2.52951 1.04176e-16
-102.572 -2.52662 1.04057e-16
-102.357 -2.51862 1.03728e-16
-102.038 -2.5055 1.03187e-16
-101.617 -2.48726 1.02436e-16
-101.094 -2.46391 1.01475e-16
-100.47 -2.43548 1.00303e-16
-99.7455 -2.40199 9.89243e-17
-98.9212 -2.3635 9.73392e-17
-97.9993 -2.32009 9.55515e-17
-96.9827 -2.27191 9.35673e-17
-95.8753 -2.21914 9.13938e-17
-94.6811 -2.16196 8.9039e-17
-93.4057 -2.10061 8.65121e-17
-92.0542 -2.03535 8.38244e-17
-90.6322 -1.96648 8.09883e-17
-89.1464 -1.89433 7.80166e-17
-87.6043 -1.81923 7.49239e-17
-86.0144 -1.74162 7.17276e-17
-84.386 -1.66197 6.84469e-17
-82.7286 -1.58072 6.5101e-17
-81.0503 -1.49829 6.17059e-17
-79.3561 -1.41491 5.82719e-17
-77.6508 -1.33075 5.4806e-17
-75.9366 -1.24598 5.13147e-17
-74.2151 -1.1607 4.78025e-17
-72.4866 -1.0749 4.42691e-17
-70.7493 -0.988521 4.07116e-17
-69.0018 -0.901487 3.71272e-17
-67.2435 -0.813739 3.35133e-17
-65.4733 -0.725246 2.98688e-17
-63.6905 -0.635989 2.61928e-17
-61.8949 -0.545952 2.24847e-17
-60.0875 -0.455187 1.87466e-17
-58.2724 -0.363895 1.49868e-17
-56.4552 -0.272348 1.12165e-17
-54.6415 -0.180816 7.44678e-18
-52.8375 -0.089597 3.68999e-18
-51.0505 0.000944422 -3.88954e-20
-49.2886 0.0904171 -3.72377e-18
-47.5596 0.178445 -7.34913e-18
-45.8702 0.264697 -1.09014e-17
-44.2257 0.348921 -1.43701e-17
-42.6301 0.430913 -1.77469e-17
-41.087 0.510497 -2.10245e-17
-39.5989 0.587548 -2.41978e-17
-38.1663 0.662035 -2.72655e-17
-36.793 0.733872 -3.0224e-17
-35.4755 0.803159 -3.30776e-17
-34.2098 0.870014 -3.5831e-17
-32.9983 0.934345 -3.84804e-17
-31.8412 0.996103 -4.10238e-17
-30.7398 1.05523 -4.34589e-17
-29.6938 1.11172 -4.57853e-17
-28.7056 1.16543 -4.79973e-17
-27.7798 1.21611 -5.00847e-17
-26.9195 1.26361 -5.20409e-17
-26.1268 1.30779 -5.38604e-17
-25.4038 1.34854 -5.55388e-17
-24.7518 1.38577 -5.70721e-17
-24.1719 1.41941 -5.84573e-17
-23.665 1.44938 -5.96917e-17
-23.2319 1.47563 -6.0773e-17
-22.8732 1.49812 -6.16992e-17
-22.5891 1.51681 -6.24687e-17
-22.3808 1.53162 -6.30786e-17
-22.2505 1.54242 -6.35235e-17
-22.2014 1.54905 -6.37964e-17
-22.2363 1.55133 -6.38907e-17
-22.3584 1.54912 -6.37997e-17
-22.5707 1.54225 -6.35165e-17
-22.8766 1.53053 -6.3034e-17
-23.2791 1.51382 -6.23457e-17
-23.7801 1.49201 -6.14474e-17
-24.3792 1.46511 -6.03397e-17
-25.0746 1.43322 -5.9026e-17
-25.8644 1.39641 -5.75101e-17
-26.7455 1.35484 -5.57982e-17
-27.7122 1.3088 -5.3902e-17
-28.7572 1.25863 -5.1836e-17
-29.8743 1.20471 -4.96153e-17
-31.0556 1.14739 -4.72546e-17
-32.2925 1.08709 -4.47709e-17
-33.5764 1.02423 -4.21822e-17
-34.899 0.959247 -3.95059e-17
-36.2529 0.892516 -3.67577e-17
-37.6327 0.82432 -3.39491e-17
-39.0358 0.754894 -3.10898e-17
-40.4577 0.684464 -2.81892e-17
-41.8932 0.613221 -2.52551e-17
-43.3414 0.541304 -2.22932e-17
-44.7992 0.46884 -1.93089e-17
-46.2642 0.395946 -1.63068e-17
-47.7367 0.322681 -1.32894e-17
-49.2187 0.249004 -1.02551e-17
-50.7124 0.174815 -7.19965e-18
-52.2185 0.100033 -4.11978e-18
-53.7396 0.024563 -1.01161e-18
-55.2777 -0.0516904 2.12884e-18
-56.8338 -0.128747 5.30236e-18
-58.4103 -0.206719 8.5136e-18
-60.009 -0.285691 1.1766e-17
-61.6279 -0.365545 1.50547e-17
-63.2643 -0.446153 1.83745e-17
-64.9149 -0.527341 2.17182e-17
-66.5747 -0.608881 2.50764e-17
-68.2368 -0.690427 2.84348e-17
-69.8926 -0.771563 3.17763e-17
-71.5333 -0.851871 3.50837e-17
-73.152 -0.930963 3.83411e-17
-74.7369 -1.00831 4.15266e-17
-76.2753 -1.08335 4.46169e-17
-77.7577 -1.15559 4.75921e-17
-79.1735 -1.22455 5.04324e-17
-80.5152 -1.28988 5.31228e-17
-81.7757 -1.35124 5.56498e-17
-82.9489 -1.40833 5.80012e-17
-84.0298 -1.46094 6.0168e-17
-85.0163 -1.50898 6.21462e-17
-85.9082 -1.55243 6.39357e-17
-86.7057 -1.59132 6.55373e-17
-87.4092 -1.62567 6.69522e-17
-88.0187 -1.6555 6.81805e-17
-88.5345 -1.68081 6.9223e-17
-88.9574 -1.70165 7.00811e-17
-89.2886 -1.71808 7.07579e-17
-89.5302 -1.7302 7.12571e-17
-89.6846 -1.73813 7.15837e-17
-89.7548 -1.74202 7.17437e-17
-89.7438 -1.74199 7.17429e-17
-89.6537 -1.73817 7.15853e-17
-89.4863 -1.73062 7.12746e-17
-89.2439 -1.71947 7.08153e-17
-88.9282 -1.70478 7.02103e-17
-88.539 -1.68654 6.9459e-17
-88.075 -1.66468 6.85588e-17
-87.5356 -1.63917 6.75082e-17
-86.9197 -1.60995 6.63048e-17
-86.2254 -1.57692 6.49444e-17
-85.4502 -1.53996 6.34221e-17
-84.5922 -1.49896 6.17338e-17
-83.65 -1.45387 5.98765e-17
-82.6227 -1.40462 5.78484e-17
-81.5101 -1.35122 5.56489e-17
-80.3124 -1.29365 5.32782e-17
-79.0311 -1.23201 5.07394e-17
-77.6705 -1.16649 4.80411e-17
-76.2364 -1.09738 4.5195e-17
-74.7349 -1.02498 4.22131e-17
-73.1726 -0.949607 3.91089e-17
-71.5568 -0.871618 3.5897e-17
-69.8952 -0.791393 3.2593e-17
-68.1957 -0.709318 2.92128e-17
-66.4692 -0.625873 2.57761e-17
-64.7247 -0.541523 2.23023e-17
-62.9708 -0.456745 1.88107e-17
-61.2192 -0.372084 1.5324e-17
-59.4819 -0.288039 1.18627e-17
-57.7685 -0.205058 8.44517e-18
-56.0851 -0.123565 5.08895e-18
-54.4396 -0.0439762 1.81113e-18
-52.8404 0.0333086 -1.37179e-18
-51.2951 0.107895 -4.44357e-18
-49.8112 0.17941 -7.38887e-18
-48.3979 0.247491 -1.01928e-17
-47.0612 0.311801 -1.28413e-17
-45.8069 0.372019 -1.53214e-17
-44.6405 0.427857 -1.7621e-17
-43.567 0.479002 -1.97274e-17
-42.5929 0.525155 -2.16282e-17
-41.7228 0.566066 -2.33131e-17
-40.9617 0.601485 -2.47718e-17
-40.3139 0.631187 -2.5995e-17
-39.7833 0.654974 -2.69747e-17
-39.3729 0.672688 -2.77042e-17
-39.0851 0.684199 -2.81783e-17
-38.9221 0.689397 -2.83923e-17
-38.8855 0.688189 -2.83426e-17
-38.9792 0.680377 -2.80209e-17
-39.2079 0.665723 -2.74173e-17
-39.5751 0.644051 -2.65248e-17
-40.085 0.615146 -2.53344e-17
-40.743 0.57874 -2.3835e-17
-41.5548 0.534539 -2.20146e-17
-42.5258 0.482281 -1.98624e-17
-43.6608 0.421721 -1.73683e-17
-44.9672 0.35256 -1.45199e-17
-46.4499 0.27456 -1.13076e-17
-48.1097 0.187616 -7.72684e-18
-49.949 0.0915937 -3.77222e-18
-51.9703 -0.0136367 5.61618e-19
-54.1751 -0.128161 5.27821e-18
-56.5645 -0.252037 1.038e-17
-59.1387 -0.385296 1.58681e-17
-61.898 -0.527956 2.17435e-17
-64.8419 -0.680014 2.80059e-17
-67.9696 -0.841435 3.46539e-17
-71.2791 -1.01215 4.16846e-17
-74.7681 -1.19205 4.90937e-17
-78.4334 -1.381 5.68756e-17
-82.2715 -1.57885 6.50238e-17
-86.2759 -1.78528 7.35256e-17
-90.4344 -1.99973 8.23574e-17
-94.7321 -2.22146 9.14894e-17
-99.1537 -2.44975 1.00891e-16
-103.682 -2.68377 1.10529e-16
-108.295 -2.92245 1.20359e-16
-112.97 -3.16464 1.30334e-16
-117.682 -3.40921 1.40406e-16
-122.408 -3.65496 1.50527e-16
-127.119 -3.90051 1.6064e-16
-131.787 -4.14443 1.70686e-16
-136.384 -4.38534 1.80607e-16
-140.883 -4.62194 1.90352e-16
-145.261 -4.85306 1.9987e-16
-149.497 -5.07763 2.09119e-16
-153.572 -5.29464 2.18056e-16
-157.468 -5.50327 2.26648e-16
-161.177 -5.70294 2.34872e-16
-164.69 -5.89327 2.42711e-16
-168.002 -6.07395 2.50152e-16
-171.113 -6.24487 2.57191e-16
-174.03 -6.40629 2.63839e-16
-176.764 -6.5587 2.70115e-16
-179.326 -6.70261 2.76042e-16
-181.731 -6.83859 2.81643e-16
-183.991 -6.96728 2.86943e-16
-186.123 -7.0893 2.91968e-16
-188.14 -7.20532 2.96746e-16
-190.057 -7.31593 3.01302e-16
-191.885 -7.42163 3.05655e-16
-193.633 -7.52286 3.09824e-16
-195.311 -7.62001 3.13825e-16
-196.925 -7.71338 3.1767e-16
-198.479 -7.80304 3.21363e-16
-199.973 -7.88898 3.24902e-16
-201.405 -7.97112 3.28285e-16
-202.772 -8.04931 3.31505e-16
-204.07 -8.12328 3.34552e-16
-205.292 -8.1927 3.37411e-16
-206.431 -8.2572 3.40067e-16
-207.476 -8.31635 3.42503e-16
-208.419 -8.36967 3.44699e-16
-209.248 -8.41662 3.46633e-16
-209.952 -8.45667 3.48282e-16
-210.519 -8.48927 3.49625e-16
-210.938 -8.51395 3.50641e-16
-211.201 -8.53023 3.51312e-16
-211.297 -8.53765 3.51618e-16
-211.217 -8.53582 3.51542e-16
-210.953 -8.52437 3.51071e-16
-210.5 -8.50304 3.50192e-16
-209.851 -8.47157 3.48896e-16
-209.001 -8.42975 3.47174e-16
-207.948 -8.37744 3.45019e-16
-206.69 -8.31455 3.42429e-16
-205.224 -8.24105 3.39402e-16
-203.551 -8.15688 3.35936e-16
-201.667 -8.06195 3.32026e-16
-199.571 -7.95615 3.27669e-16
-197.261 -7.83942 3.22861e-16
-194.736 -7.71172 3.17602e-16
-191.996 -7.57301 3.11889e-16
-189.04 -7.42328 3.05723e-16
-185.869 -7.26255 2.99103e-16
-182.486 -7.09096 2.92037e-16
-178.898 -6.90884 2.84536e-16
-175.113 -6.71663 2.7662e-16
-171.142 -6.51481 2.68308e-16
-166.997 -6.30396 2.59624e-16
-162.694 -6.08487 2.50601e-16
-158.252 -5.85847 2.41277e-16
-153.689 -5.62566 2.31689e-16
-149.029 -5.38754 2.21882e-16
-144.301 -5.14559 2.11918e-16
-139.538 -4.90149 2.01865e-16
-134.776 -4.65687 1.9179e-16
-130.047 -4.41343 1.81764e-16
-125.389 -4.17301 1.71862e-16
-120.84 -3.93751 1.62164e-16
-116.437 -3.70878 1.52744e-16
-112.216 -3.48858 1.43675e-16
-108.212 -3.2787 1.35031e-16
-104.46 -3.08087 1.26884e-16
-100.99 -2.8967 1.19299e-16
-97.8317 -2.72765 1.12336e-16
-95.0085 -2.57495 1.06048e-16
-92.5403 -2.43965 1.00475e-16
-90.4445 -2.3227 9.56589e-17
-88.7346 -2.22484 9.16287e-17
-87.4175 -2.1465 8.84022e-17
-86.4956 -2.08789 8.59886e-17
-85.9698 -2.04916 8.43935e-17
-85.8366 -2.03023 8.36138e-17
-86.0852 -2.03066 8.36312e-17
-86.7005 -2.04979 8.44193e-17
-87.6666 -2.08695 8.59496e-17
-88.9661 -2.14135 8.81901e-17
-90.5784 -2.21207 9.11026e-17
-92.4819 -2.29811 9.4646e-17
-94.6551 -2.39847 9.87792e-17
-97.0767 -2.51215 1.03461e-16
-99.7249 -2.63813 1.0865e-16
-102.578 -2.77539 1.14303e-16
-105.617 -2.92296 1.2038e-16
-108.823 -3.07993 1.26845e-16
-112.179 -3.2455 1.33664e-16
-115.671 -3.41894 1.40807e-16
-119.286 -3.59957 1.48246e-16
-123.014 -3.78684 1.55958e-16
-126.845 -3.98028 1.63925e-16
-130.776 -4.17957 1.72133e-16
-134.799 -4.3844 1.80569e-16
-138.913 -4.59453 1.89223e-16
-143.115 -4.80976 1.98087e-16
-147.403 -5.02994 2.07155e-16
-151.776 -5.25496 2.16422e-16
-156.233 -5.4846 2.2588e-16
-160.768 -5.71855 2.35515e-16
-165.374 -5.95638 2.4531e-16
-170.044 -6.19767 2.55247e-16
-174.768 -6.44185 2.65303e-16
-179.529 -6.68799 2.75441e-16
-184.306 -6.93504 2.85615e-16
-189.078 -7.18188 2.95781e-16
-193.821 -7.42731 3.05889e-16
-198.507 -7.66988 3.15879e-16
-203.106 -7.90802 3.25687e-16
-207.585 -8.14016 3.35247e-16
-211.915 -8.36475 3.44496e-16
-216.065 -8.5802 3.5337e-16
-220 -8.78495 3.61802e-16
-223.695 -8.9775 3.69732e-16
-227.122 -9.15642 3.77101e-16
-230.252 -9.32046 3.83857e-16
-233.063 -9.46852 3.89955e-16
-235.534 -9.59956 3.95351e-16
-237.65 -9.71265 4.00009e-16
-239.395 -9.80711 4.03899e-16
-240.758 -9.88239 4.06999e-16
-241.731 -9.93801 4.0929e-16
-242.308 -9.97371 4.10761e-16
-242.492 -9.98957 4.11414e-16
-242.29 -9.98585 4.11261e-16
-241.71 -9.96292 4.10316e-16
-240.762 -9.92123 4.08599e-16
-239.46 -9.8614 4.06135e-16
-237.821 -9.78415 4.02954e-16
-235.86 -9.69023 3.99086e-16
-233.595 -9.58045 3.94564e-16
-231.045 -9.45563 3.89424e-16
-228.227 -9.31665 3.837e-16
-225.162 -9.16435 3.77428e-16
-221.865 -8.99952 3.70639e-16
-218.349 -8.82271 3.63357e-16
-214.624 -8.63439 3.55602e-16
-210.7 -8.43498 3.47389e-16
-206.584 -8.22484 3.38735e-16
-202.282 -8.00421 3.29648e-16
-197.796 -7.77324 3.20136e-16
-193.13 -7.53205 3.10202e-16
-188.286 -7.28074 2.99852e-16
-183.266 -7.01939 2.89089e-16
-178.071 -6.7481 2.77916e-16
-172.7 -6.46689 2.66334e-16
-167.153 -6.1758 2.54346e-16
-161.432 -5.87498 2.41957e-16
-155.543 -5.56458 2.29173e-16
-149.485 -5.24472 2.16e-16
-143.259 -4.91557 2.02444e-16
-136.869 -4.57741 1.88518e-16
-130.322 -4.2306 1.74234e-16
-123.621 -3.87545 1.59608e-16
-116.77 -3.51223 1.44649e-16
-109.77 -3.1411 1.29364e-16
-102.62 -2.76216 1.13758e-16
-95.3226 -2.37552 9.78341e-17
-87.8764 -1.98128 8.15976e-17
-80.2811 -1.5795 6.50505e-17
-72.5359 -1.17023 4.8195e-17
-64.6408 -0.753563 3.1035e-17
-56.5975 -0.329674 1.35774e-17
-48.4099 0.101172 -4.16672e-18
-40.0836 0.538618 -2.21826e-17
-31.6536 0.981546 -4.04243e-17
-23.1014 1.43049 -5.89139e-17
-14.4208 1.88511 -7.76369e-17
-5.64971 2.34385 -9.65298e-17
3.2107 2.80645 -1.15582e-16
12.1376 3.27183 -1.34748e-16
21.1132 3.73909 -1.53992e-16
30.1144 4.20705 -1.73265e-16
39.1167 4.67455 -1.92518e-16
48.0956 5.14034 -2.11702e-16
57.0225 5.60307 -2.30759e-16
65.8693 6.06135 -2.49633e-16
74.6058 6.51374 -2.68264e-16
83.203 6.95882 -2.86594e-16
91.6303 7.39513 -3.04564e-16
99.8582 7.82126 -3.22114e-16
107.857 8.23579 -3.39186e-16
115.599 8.6374 -3.55725e-16
123.059 9.02488 -3.71684e-16
130.214 9.39714 -3.87015e-16
137.04 9.75318 -4.01678e-16
143.519 10.092 -4.15634e-16
149.635 10.4129 -4.28849e-16
155.373 10.7151 -4.41296e-16
160.716 10.9981 -4.52949e-16
165.656 11.2613 -4.63788e-16
170.187 11.5043 -4.73796e-16
174.3 11.7268 -4.82961e-16
177.992 11.9286 -4.91273e-16
181.244 12.1074 -7.07454e-16
184.063 12.2636 -7.14022e-16
186.478 12.4005 -7.1978e-16
188.504 12.5186 -7.24751e-16
190.157 12.6187 -7.28965e-16
191.46 12.7018 -7.32465e-16
192.435 12.7691 -7.35303e-16
193.111 12.8219 -7.37532e-16
193.513 12.8614 -7.39202e-16
193.665 12.8888 -7.40363e-16
193.588 12.905 -7.41059e-16
193.301 12.9114 -7.41337e-16
192.829 12.9088 -7.41244e-16
192.188 12.8983 -7.40816e-16
191.395 12.8807 -1.17441e-15
190.471 12.8566 -1.17342e-15
189.428 12.8267 -1.17219e-15
188.282 12.7918 -1.17075e-15
187.045 12.7525 -1.16913e-15
185.729 12.7093 -1.16735e-15
184.343 12.6627 -1.16544e-15
182.893 12.6131 -1.16339e-15
181.383 12.5606 -1.16123e-15
179.818 12.5054 -1.15896e-15
178.2 12.4478 -1.15659e-15
176.534 12.388 -1.15412e-15
174.823 12.3261 -1.15157e-15
173.071 12.2623 -1.14895e-15
171.281 12.1969 -1.14625e-15
169.456 12.1298 -1.14349e-15
167.597 12.0612 -1.14066e-15
165.705 11.9912 -1.13778e-15
163.782 11.9198 -1.13484e-15
161.828 11.847 -1.13184e-15
159.844 11.7727 -1.12878e-15
157.828 11.697 -1.12566e-15
155.782 11.6198 -1.12248e-15
153.706 11.5412 -1.11924e-15
151.599 11.4609 -1.11594e-15
149.461 11.3791 -1.11257e-15
147.309 11.2961 -1.10915e-15
145.158 11.2125 -1.10571e-15
143.143 11.1328 -1.10243e-15
141.287 11.0577 -1.09933e-15
139.435 10.982 -1.09622e-15
137.554 10.9049 -1.09304e-15
135.644 10.8263 -1.0898e-15
133.785 10.7491 -1.08662e-15
131.994 10.6741 -1.08353e-15
130.243 10.6005 -1.0805e-15
128.567 10.53 -1.0776e-15
126.98 10.4633 -1.07485e-15
125.51 10.4017 -1.07232e-15
124.179 10.3462 -1.07003e-15
123.01 10.298 -1.06804e-15
122.025 10.258 -1.0664e-15
121.18 10.2276 -1.06514e-15
120.491 10.2075 -1.06432e-15
120.054 10.1986 -1.06395e-15
119.882 10.2015 -1.06407e-15
119.984 10.2166 -1.0647e-15
120.373 10.2447 -1.06585e-15
121.055 10.2861 -1.06756e-15
122.06 10.3418 -1.06985e-15
123.372 10.4115 -1.07272e-15
124.973 10.4946 -1.07614e-15
126.873 10.5916 -1.08014e-15
129.072 10.7024 -1.0847e-15
131.573 10.8272 -1.08984e-15
134.373 10.9659 -1.09555e-15
137.461 11.1181 -1.10182e-15
140.825 11.2837 -1.10864e-15
144.465 11.4626 -1.11601e-15
148.37 11.6545 -1.12391e-15
152.526 11.8587 -1.13232e-15
156.923 12.0747 -1.14122e-15
161.013 12.283 -7.67289e-16
164.6 12.4659 -8.23634e-16
168.266 12.6562 -3.01408e-16
172.055 12.8536 -6.10161e-16
175.95 13.0575 -8.00082e-16
179.942 13.267 -1.04543e-15
184.017 13.4813 -7.64509e-16
188.171 13.701 -4.95529e-16
192.382 13.9228 -1.15154e-15
196.559 14.1326 -1.0768e-15
200.786 14.3469 -9.59584e-16
205.067 14.5648 -1.19656e-15
209.384 14.7823 -6.56068e-16
213.744 15.0031 -7.18718e-16
218.144 15.2265 -1.23501e-15
222.583 15.4524 -1.39856e-15
226.889 15.6565 -9.83105e-16
231.107 15.8519 1.07526e-12
235.268 16.0469 -4.60339e-16
239.412 16.2418 7.70706e-16
243.574 16.4368 -9.21171e-16
247.673 16.6253 1.23289e-16
251.587 16.793 -4.63309e-16
255.572 16.962 -2.71479e-16
259.411 17.1045 -5.7215e-16
263.254 17.2472 -9.98109e-16
267.126 17.3898 -3.52568e-16
270.987 17.5312 -8.8565e-13
274.827 17.6716 -1.15316e-15
278.632 17.81 -1.98981e-13
282.384 17.9458 -4.08219e-14
286.041 18.0762 -3.16369e-15
289.441 18.1872 -2.80319e-13
292.849 18.2967 -2.94101e-15
296.269 18.3908 -1.98515e-15
299.583 18.4821 -2.36108e-15
302.778 18.5698 8.40519e-15
305.863 18.6541 -2.16726e-16
308.832 18.7353 -2.33715e-15
311.674 18.8128 -7.13333e-15
314.375 18.8861 -6.8883e-16
316.926 18.955 -3.18598e-15
319.318 19.0193 -7.46785e-17
321.544 19.0789 -1.36489e-15
323.596 19.1335 -3.19434e-16
325.465 19.183 -6.17598e-16
327.145 19.2273 1.52494e-15
328.635 19.2663 -1.76723e-15
329.932 19.2999 -4.38283e-15
330.979 19.3269 1.27963e-14
331.735 19.3463 -1.78992e-15
332.205 19.3582 -1.37279e-15
332.381 19.3623 -1.97434e-15
332.177 19.3477 -1.08097e-15
331.591 19.3139 -1.07891e-15
330.625 19.2612 -1.07572e-15
329.28 19.1896 -1.07142e-15
327.562 19.0994 -1.06602e-15
325.478 18.991 -1.05953e-15
323.036 18.8646 -1.05198e-15
320.246 18.7208 -1.04339e-15
317.117 18.5599 -1.03379e-15
313.658 18.3823 -1.02319e-15
309.878 18.1885 -1.01163e-15
305.789 17.9789 -9.99131e-16
301.403 17.7541 -9.8573e-16
296.735 17.5149 -9.71464e-16
291.798 17.2618 -9.56371e-16
286.608 16.9955 -9.40491e-16
281.177 16.7167 -9.23862e-16
275.521 16.426 -9.06524e-16
269.652 16.1242 -8.88516e-16
263.585 15.8118 -8.69876e-16
257.33 15.4895 -8.50641e-16
250.902 15.158 -8.30848e-16
244.312 14.8177 -8.10531e-16
237.569 14.4692 -7.89725e-16
230.684 14.1131 -7.68458e-16
223.664 13.7499 -7.4676e-16
216.519 13.3798 -7.24656e-16
209.255 13.0035 -7.02173e-16
201.878 12.6212 -6.79336e-16
194.396 12.2334 -6.56167e-16
186.815 11.8405 -6.3269e-16
179.14 11.4428 -6.08929e-16
171.378 11.0406 -5.84907e-16
163.535 10.6345 -5.60647e-16
155.616 10.2247 -5.36172e-16
147.629 9.81163 -5.11509e-16
139.58 9.39573 -4.86679e-16
131.475 8.97736 -4.61707e-16
123.322 8.55694 -4.36618e-16
115.128 8.13493 -4.11441e-16
106.903 7.71181 -3.86204e-16
98.6565 7.28811 -3.60938e-16
90.3992 6.86439 -3.35679e-16
82.1431 6.44127 -3.10462e-16
73.9005 6.01936 -2.85324e-16
65.6844 5.59931 -2.60303e-16
57.509 5.18179 -2.35439e-16
49.3902 4.76759 -2.10778e-16
41.347 4.35761 -1.86373e-16
33.3998 3.95281 -1.6228e-16
25.57 3.55421 -1.38559e-16
17.8778 3.16275 -1.15265e-16
10.3409 2.77924 -9.24458e-17
2.97561 2.40442 -7.01435e-17
-4.20207 2.03903 -4.84008e-17
-11.175 1.68384 -2.72627e-17
-17.9237 1.33974 -6.78071e-18
-24.4281 1.00764 1.29918e-17
-30.6692 0.68841 3.20047e-17
-36.6298 0.382822 5.02131e-17
-42.2957 0.0915147 6.75801e-17
-47.655 -0.184988 8.40756e-17
-52.6977 -0.44625 9.96745e-17
-57.4149 -0.691875 1.14354e-16
-61.7971 -0.921449 1.2809e-16
-65.8363 -1.13461 1.40862e-16
-69.5265 -1.33109 1.52654e-16
-72.8661 -1.51083 1.63464e-16
-75.8586 -1.67402 1.73301e-16
-78.5119 -1.82104 1.8219e-16
-80.8362 -1.95239 1.90159e-16
-82.8442 -2.06868 1.97244e-16
-84.5507 -2.17061 2.03487e-16
-85.9728 -2.259 2.08935e-16
-87.1296 -2.33475 2.13641e-16
-88.0421 -2.39885 2.17663e-16
-88.7341 -2.45243 2.21068e-16
-89.2308 -2.49668 2.23925e-16
-89.5588 -2.53287 2.26308e-16
-89.7451 -2.56227 2.28292e-16
-89.8175 -2.5862 2.29955e-16
-89.804 -2.606 2.31375e-16
-89.7327 -2.623 2.3263e-16
-89.6305 -2.63849 2.33796e-16
-89.5229 -2.6537 2.34944e-16
-89.4338 -2.66976 2.36142e-16
-89.3863 -2.68781 2.37457e-16
-89.4021 -2.70889 2.3895e-16
-89.4999 -2.73392 2.40675e-16
-89.6971 -2.76377 2.42684e-16
-90.0093 -2.7992 2.45022e-16
-90.4551 -2.84104 2.47737e-16
-91.0461 -2.88983 2.50861e-16
-91.783 -2.94579 2.54408e-16
-92.6701 -3.00919 2.58396e-16
-93.7141 -3.0804 2.62847e-16
-94.9223 -3.15984 2.67786e-16
-96.3034 -3.24798 2.7324e-16
-97.8801 -3.34523 2.79236e-16
-99.6492 -3.45192 2.85794e-16
-101.616 -3.56831 2.92929e-16
-103.781 -3.69456 3.0065e-16
-106.136 -3.83077 3.08968e-16
-108.681 -3.97675 3.1787e-16
-111.416 -4.13278 3.27375e-16
-114.354 -4.29936 3.37512e-16
-117.492 -4.47651 3.48281e-16
-120.835 -4.66444 3.59697e-16
-124.381 -4.86316 3.71761e-16
-128.131 -5.0727 3.84474e-16
-132.084 -5.29308 3.97837e-16
-136.241 -5.52431 4.11853e-16
-140.603 -5.76647 4.26525e-16
-145.17 -6.0196 4.41857e-16
-149.944 -6.28379 4.57852e-16
-154.925 -6.55902 4.74511e-16
-160.11 -6.84509 4.9182e-16
-165.491 -7.14168 5.09762e-16
-171.065 -7.44852 5.28319e-16
-176.811 -7.76342 4.15636e-16
-182.671 -8.08155 8.30872e-16
-188.636 -8.40241 -1.3864e-16
-194.769 -8.73114 4.19355e-16
-201.046 -9.06705 7.05067e-16
-207.451 -9.40947 7.1652e-