0 0 0
-0.000223539 3.5963e-05 -9.05457e-23
-0.000447054 7.1926e-05 -2.61927e-21
-0.000670548 0.000107889 2.75673e-21
-0.000894019 0.000143852 -5.00536e-22
-0.00111747 0.000179816 -1.07103e-21
-0.0013409 0.000215779 -1.79829e-22
-0.0015643 0.000251742 2.3867e-21
-0.00178768 0.000287706 3.20291e-21
-0.00203511 0.000325173 -1.25517e-18
-0.00237347 0.000367294 -3.81904e-17
-0.00272165 0.000408589 -1.69816e-15
-0.00308124 0.0004511 -3.80085e-16
-0.00344356 0.000490876 1.47739e-14
-0.00381407 0.00053334 1.26665e-14
-0.00418512 0.000572316 -6.00395e-14
-0.00455618 0.000610413 4.17805e-14
-0.00492868 0.000650727 3.07569e-14
-0.00530509 0.000690626 -3.05524e-14
-0.00568157 0.000729423 1.92521e-14
-0.0060581 0.000767157 -8.70442e-15
-0.00643468 0.00080386 7.63332e-15
-0.0068113 0.000839567 -2.59396e-15
-0.00718796 0.000874312 3.87569e-15
-0.00755514 0.000909173 1.46723e-15
-0.00793157 0.000946825 1.06552e-15
-0.0083092 0.000984253 1.26204e-15
-0.0086867 0.00102136 1.20455e-15
-0.00906396 0.00105813 1.16141e-15
-0.00944102 0.00109456 1.12172e-15
-0.00981768 0.00113061 1.08649e-15
-0.0101943 0.00116633 1.05364e-15
-0.0105708 0.0012017 1.02424e-15
-0.0109473 0.00123673 9.9683e-16
-0.0113238 0.00127141 9.71907e-16
-0.0117002 0.00130575 9.48619e-16
-0.0120766 0.00133975 9.27629e-16
-0.0124529 0.00137341 9.07064e-16
-0.0128292 0.00140673 8.88618e-16
-0.0132055 0.00143972 8.7121e-16
-0.0135817 0.00147238 8.54541e-16
-0.0139579 0.00150471 8.38924e-16
-0.0143333 0.00153666 8.24701e-16
-0.0147078 0.00156822 8.10457e-16
-0.0150818 0.00159942 7.97077e-16
-0.0154558 0.00163032 7.84299e-16
-0.0158297 0.00166091 7.71947e-16
-0.0162036 0.00169121 7.60787e-16
-0.0165775 0.00172121 7.49245e-16
-0.0169513 0.00175092 7.38349e-16
-0.0173252 0.00178034 7.27936e-16
-0.017699 0.00180949 7.17717e-16
-0.0180602 0.0018404 7.25232e-16
-0.0184177 0.00187188 7.18661e-16
-0.0187748 0.00190344 7.12112e-16
-0.0191315 0.00193509 7.05514e-16
-0.0194984 0.00196792 7.09754e-16
-0.0198682 0.00200131 7.05772e-16
-0.0202379 0.00203496 7.01875e-16
-0.0206075 0.00206886 6.97536e-16
-0.0209771 0.00210298 6.93571e-16
-0.0213481 0.00213731 6.89609e-16
-0.0217725 0.00217188 6.87152e-16
-0.0222384 0.00220692 6.98722e-16
-0.0227376 0.00224184 6.60189e-16
-0.0232726 0.00227619 5.92797e-16
-0.0238387 0.00230918 6.50942e-16
-0.0244079 0.00234064 1.43903e-15
-0.02498 0.00237061 4.72576e-16
-0.0255595 0.00239892 9.76963e-17
-0.0261355 0.00242589 4.27242e-16
-0.0267131 0.00245143 4.32629e-16
-0.0272905 0.00247564 5.54188e-16
-0.0278662 0.00249865 6.01822e-16
-0.0284426 0.00252046 1.61832e-16
-0.0290221 0.00254099 4.08e-16
-0.0296022 0.00256036 2.36889e-15
-0.0301814 0.00257871 -3.7382e-19
-0.0307584 0.00259614 9.66301e-16
-0.0313323 0.00261277 6.28036e-16
-0.031899 0.00262894 6.72469e-16
-0.0324622 0.00264451 3.96443e-15
-0.0330219 0.00265953 1.35573e-15
-0.0335884 0.0026768 5.3613e-15
-0.0341674 0.00269748 6.24907e-15
-0.034751 0.00271837 -5.96425e-15
-0.0353394 0.00273936 6.43211e-16
-0.0359313 0.00276034 9.75428e-17
-0.0365258 0.00278121 -4.87013e-16
-0.0371218 0.00280189 -2.58844e-15
-0.0377184 0.00282232 7.36029e-16
-0.0383124 0.00284255 -1.59328e-14
-0.0389039 0.00286253 -8.27353e-15
-0.0394943 0.00288221 -1.0817e-14
-0.0400836 0.00290155 -1.61196e-14
-0.0406714 0.00292057 -1.11756e-14
-0.0412576 0.00293925 -1.98109e-14
-0.041842 0.00295761 -1.5358e-14
-0.0424273 0.00297593 -5.12539e-15
-0.0430568 0.00299772 -7.69007e-15
-0.0436913 0.00301924 -1.38252e-14
-0.0443294 0.00304041 -1.48814e-14
-0.0449701 0.00306116 -3.01604e-14
-0.0456126 0.00308145 -6.8582e-14
-0.0462558 0.00310126 -1.18533e-13
-0.0468983 0.00312064 -4.62624e-13
-0.0475371 0.00313966 -1.46059e-12
-0.0481754 0.00315826 -2.37184e-12
-0.0488129 0.00317645 -3.89454e-12
-0.0494495 0.00319426 -6.29347e-12
-0.050085 0.00321169 -1.03611e-11
-0.0507194 0.00322877 -1.70574e-11
-0.0513525 0.00324551 -2.80353e-11
-0.0519843 0.00326193 -4.59359e-11
-0.0526148 0.00327804 -7.47154e-11
-0.053244 0.00329387 -1.20614e-10
-0.0538732 0.00330937 -1.98015e-10
-0.0545058 0.00332443 -1.82811e-10
-0.0551407 0.00333908 -3.08349e-10
-0.0557772 0.00335332 -5.54797e-10
-0.0564147 0.0033672 -9.9496e-10
-0.0570529 0.00338072 -3.43204e-10
-0.0577057 0.00339607 -4.88669e-10
-0.058373 0.00341305 -2.51158e-10
-0.0590389 0.00343004 -6.63805e-11
-0.0597037 0.00344701 -1.12459e-11
-0.0603694 0.0034639 1.39871e-10
-0.0610358 0.0034807 3.87237e-10
-0.0617027 0.00349739 7.88154e-10
-0.0623699 0.00351394 7.06163e-10
-0.0630372 0.00353037 1.27466e-10
-0.0637045 0.00354665 1.68149e-10
-0.0643715 0.00356279 2.44756e-10
-0.0650382 0.00357879 3.81842e-10
-0.0657046 0.00359464 6.23251e-10
-0.0663704 0.00361036 9.6501e-10
-0.0670356 0.00362593 -6.27272e-10
-0.0677002 0.00364137 5.36023e-10
-0.0683641 0.00365668 8.37514e-10
-0.0690273 0.00367186 1.27122e-09
-0.0696932 0.0036868 1.67544e-10
-0.0703644 0.00370137 -6.33096e-12
-0.0710396 0.0037156 -3.44979e-10
-0.071718 0.00372947 -9.47651e-10
-0.072399 0.00374301 1.64985e-10
-0.0730819 0.00375624 1.577e-10
-0.0737662 0.00376917 1.03207e-10
-0.0744513 0.00378182 1.11658e-10
-0.0751365 0.00379425 1.02324e-10
-0.0758164 0.00380677 9.34394e-11
-0.0764961 0.00381912 8.76021e-11
-0.0771756 0.0038313 7.94406e-11
-0.0778547 0.00384332 6.78981e-11
-0.0785334 0.00385521 6.98509e-11
-0.0792116 0.00386696 5.42556e-11
-0.0798891 0.0038786 3.07896e-11
-0.0805659 0.00389013 -5.09625e-12
-0.081242 0.00390156 -6.00059e-11
-0.0819174 0.0039129 -1.43298e-10
-0.082592 0.00392415 -2.69455e-10
-0.0832658 0.00393533 -4.58585e-10
-0.0839388 0.00394644 -7.37325e-10
-0.084611 0.00395747 -1.087e-09
-0.0852824 0.00396845 -1.31974e-10
-0.0859531 0.00397937 -1.04953e-10
-0.086623 0.00399023 -6.92543e-11
-0.0873112 0.00400254 -9.96627e-12
-0.0880069 0.0040154 -1.31995e-10
-0.0887031 0.00402833 -1.33487e-10
-0.0893997 0.0040413 -1.32323e-10
-0.0900966 0.00405431 -1.31092e-10
-0.090794 0.00406735 -1.29704e-10
-0.0914918 0.00408041 -1.28624e-10
-0.0921936 0.00409348 -1.27787e-10
-0.0928996 0.00410653 -1.2743e-10
-0.0936093 0.00411955 -1.26586e-10
-0.0943222 0.0041325 -1.26298e-10
-0.0950381 0.00414538 -1.26549e-10
-0.0957566 0.00415816 -1.28418e-10
-0.0964773 0.00417082 -1.32609e-10
-0.0971998 0.00418337 -1.41806e-10
-0.0979238 0.00419579 -1.60756e-10
-0.0986478 0.00420811 -2.4789e-10
-0.0993694 0.0042204 -3.78926e-10
-0.100092 0.00423258 -4.40726e-10
-0.100815 0.00424465 -5.36898e-10
-0.101539 0.00425659 -6.67239e-10
-0.102263 0.00426842 -8.46752e-10
-0.102988 0.00428013 -1.09116e-09
-0.103713 0.00429173 -1.42312e-09
-0.104438 0.00430322 -1.312e-09
-0.105163 0.00431461 -1.72502e-09
-0.105888 0.0043259 -6.98651e-10
-0.106614 0.00433709 -7.49154e-10
-0.107339 0.00434819 -8.27158e-10
-0.108064 0.00435919 -9.43251e-10
-0.108789 0.00437012 -1.1122e-09
-0.109514 0.00438096 -1.35479e-09
-0.110239 0.00439172 -1.6903e-09
-0.110964 0.0044024 -2.12832e-09
-0.111688 0.00441301 -1.02149e-09
