0 0 0
-0.000223228 3.5913e-05 -1.32922e-22
-0.000446433 7.1826e-05 -3.05126e-21
-0.000669615 0.000107739 1.20983e-21
-0.000892776 0.000143652 1.76692e-21
-0.00111591 0.000179565 -5.41057e-21
-0.00133903 0.000215479 6.70644e-23
-0.00156213 0.000251392 6.69887e-22
-0.0017852 0.000287306 7.98939e-21
-0.00205544 0.000327893 -5.43944e-19
-0.00254634 0.000387861 -2.6604e-17
-0.0030832 0.000449367 -1.52425e-15
-0.00364896 0.000512292 -7.71232e-16
-0.00423731 0.000575531 -6.13299e-15
-0.0048313 0.000637574 2.04654e-15
-0.00544648 0.000702393 1.17124e-15
-0.00606102 0.000764239 -1.42556e-15
-0.00667343 0.000823312 6.45739e-15
-0.0072823 0.000879413 -3.45799e-15
-0.00789321 0.000939184 -9.86115e-16
-0.00851735 0.00100091 -1.77264e-16
-0.00914031 0.00106162 -1.84268e-16
-0.00976216 0.00112132 -1.70645e-16
-0.010383 0.00118 -1.60616e-16
-0.0109973 0.00123716 -1.5168e-16
-0.0116077 0.00129306 -1.43169e-16
-0.012217 0.00134797 -1.37581e-16
-0.0128253 0.00140192 -1.3205e-16
-0.0134326 0.00145492 -1.28113e-16
-0.0140386 0.00150696 -1.23755e-16
-0.0146427 0.00155802 -1.19446e-16
-0.0152435 0.00160802 -1.16154e-16
-0.0158151 0.00165487 -1.13575e-16
-0.0163818 0.00170065 -1.10835e-16
-0.0169488 0.00174579 -1.07716e-16
-0.0175163 0.00179031 -1.05324e-16
-0.01808 0.00183524 -1.06124e-16
-0.0186212 0.00188267 -1.04437e-16
-0.0191338 0.001928 -1.04356e-16
-0.0196641 0.00197551 -1.04109e-16
-0.0201994 0.00202404 -1.03139e-16
-0.0207385 0.00207342 -1.02243e-16
-0.0212785 0.00212334 -1.01276e-16
-0.0220106 0.00218134 -8.15229e-17
-0.0228711 0.0022407 -9.36339e-17
-0.0238618 0.00229844 -6.30975e-17
-0.0248795 0.00235179 -7.29662e-17
-0.0259125 0.00240037 1.82707e-15
-0.0269414 0.00244451 9.40683e-15
-0.0279644 0.00248464 -2.406e-14
-0.0289909 0.00252093 -1.14901e-13
-0.0300189 0.00255366 -1.4737e-13
-0.0310373 0.00258345 -3.67647e-13
-0.0320347 0.00261118 1.44396e-13
-0.0330143 0.00263714 1.13332e-13
-0.0340212 0.00267167 -1.95332e-14
-0.0350435 0.00270822 -1.94234e-14
-0.0360787 0.00274475 -1.89319e-14
-0.0371191 0.00278075 -1.80071e-14
-0.0381567 0.00281591 -1.65361e-14
-0.0391825 0.00285024 -1.43861e-14
-0.0402022 0.00288353 -1.3021e-14
-0.0412149 0.00291576 -1.3723e-14
-0.0422198 0.00294697 -2.36909e-14
-0.0433087 0.00298424 -2.1377e-14
-0.0444133 0.00302076 -1.76231e-14
-0.0455244 0.00305595 -1.4407e-14
-0.0466364 0.00308968 -4.521e-15
-0.047737 0.00312217 5.19852e-14
-0.0488334 0.0031534 -8.10246e-14
-0.0499248 0.00318343 -6.28732e-14
-0.0510107 0.00321238 -8.76576e-14
-0.052091 0.00324033 -1.23142e-13
-0.0531656 0.00326737 -1.75571e-13
-0.0542417 0.00329338 -2.23946e-13
-0.0553257 0.00331815 -3.03324e-13
-0.0564134 0.0033418 -4.46102e-13
-0.0575223 0.00336742 -3.43532e-13
-0.0586646 0.00339647 -2.23901e-13
-0.0598003 0.00342537 -2.10335e-13
-0.0609372 0.00345393 -2.05278e-13
-0.062074 0.00348206 -2.04585e-13
-0.0632097 0.00350974 -1.68734e-13
-0.0643437 0.00353695 -1.78759e-13
-0.0654752 0.0035637 -1.76972e-13
-0.0666039 0.00359 -1.71889e-13
-0.0677295 0.00361588 -1.74281e-13
-0.068852 0.00364136 -1.74736e-13
-0.069983 0.00366607 -1.75728e-13
-0.0711266 0.00368974 -1.79431e-13
-0.0722787 0.00371241 -1.66936e-13
-0.0734356 0.00373418 -1.63214e-13
-0.0745944 0.00375515 -1.49156e-13
-0.0757447 0.00377591 -1.98994e-13
-0.0768914 0.00379627 -2.61703e-13
-0.0780363 0.00381618 -2.84957e-13
-0.0791788 0.00383571 -2.09771e-13
-0.0803186 0.00385491 -1.88196e-13
-0.0814556 0.00387382 -4.93458e-15
-0.0825895 0.00389248 1.91239e-13
-0.0837204 0.00391092 3.99103e-13
-0.0848483 0.00392916 4.84613e-13
-0.0859814 0.0039479 2.18994e-14
-0.0871498 0.0039695 -1.25825e-13
-0.0883185 0.00399121 2.93715e-15
-0.0894877 0.004013 -1.91093e-13
-0.0906571 0.0040348 -4.84699e-14
-0.0918309 0.0040566 1.37752e-13
-0.0930173 0.00407827 2.5829e-13
-0.0942135 0.00409972 7.1108e-13
-0.0954175 0.00412086 2.00702e-12
-0.0966274 0.00414162 -3.82974e-15
-0.0978412 0.00416197 2.89175e-13
-0.0990505 0.00418213 1.91318e-13
-0.10026 0.00420197 4.31659e-13
-0.10147 0.00422145 6.83507e-14
-0.102681 0.0042406 5.30783e-13
-0.103891 0.00425942 7.76224e-13
-0.105101 0.00427794 1.05539e-12
-0.106311 0.00429618 8.86205e-13
-0.107519 0.00431415 7.77274e-13
-0.108727 0.00433188 9.13889e-13
-0.109933 0.00434938 9.81177e-13
-0.111139 0.00436668 7.29726e-13
-0.112343 0.00438377 8.8296e-13
-0.113545 0.00440067 9.91622e-13
-0.11475 0.00441727 9.15326e-13
-0.115965 0.00443325 7.218e-13
-0.117186 0.00444869 6.53865e-13
-0.118412 0.00446362 5.97175e-13
-0.119642 0.00447809 6.40077e-13
-0.120874 0.00449216 6.3051e-13
-0.122108 0.00450587 6.28281e-13
-0.123338 0.0045195 6.22416e-13
-0.124564 0.00453311 5.94348e-13
-0.12579 0.0045465 6.33823e-13
-0.127016 0.00455971 5.38311e-13
-0.128241 0.00457275 6.2141e-13
-0.129465 0.00458564 5.04521e-13
-0.130688 0.0045984 5.61649e-13
-0.13191 0.00461104 5.598e-13
-0.133131 0.00462358 4.65333e-13
-0.134351 0.00463601 4.6432e-13
-0.135569 0.00464836 4.87666e-13
-0.136786 0.00466063 4.39294e-13
-0.138003 0.00467281 4.62015e-13
-0.139217 0.00468492 5.33313e-13
-0.140431 0.00469696 5.44197e-13
-0.141644 0.00470892 5.274e-13
-0.142856 0.00472081 4.2945e-13
-0.144066 0.00473264 3.61037e-13
-0.145276 0.00474439 4.37994e-13
-0.146484 0.00475607 4.79138e-13
-0.147692 0.00476769 5.31602e-13
-0.148899 0.00477923 7.08484e-13
-0.150105 0.0047907 4.38662e-13
-0.151311 0.00480211 3.81808e-13
-0.152521 0.00481365 5.44184e-13
-0.153772 0.00482761 2.15545e-13
-0.155034 0.0048417 -8.91151e-15
-0.156309 0.00485582 1.96654e-12
-0.157596 0.00486985 9.49477e-13
-0.158897 0.00488362 8.89364e-13
-0.160204 0.0048971 6.7424e-12
-0.161515 0.0049103 1.11232e-12
-0.162826 0.00492322 -1.63525e-12
-0.164136 0.0049359 9.88509e-13
-0.165449 0.00494823 1.49576e-12
-0.166763 0.0049602 3.40737e-12
-0.168078 0.00497182 2.51072e-12
-0.169394 0.00498307 3.00686e-12
-0.170712 0.00499397 3.69972e-12
-0.17203 0.00500453 3.28686e-12
-0.173349 0.00501475 3.82436e-12
-0.174668 0.00502465 4.4284e-12
-0.175988 0.00503425 3.89931e-12
-0.177308 0.00504355 5.64455e-12
-0.178628 0.00505258 5.54005e-12
-0.179949 0.00506136 4.79954e-12
-0.18127 0.00506989 5.63112e-12
-0.182591 0.00507819 6.47842e-12
-0.183912 0.00508628 5.91721e-12
-0.185234 0.00509417 5.17371e-12
-0.186555 0.00510187 7.64026e-12
-0.187877 0.00510939 7.87973e-12
-0.189198 0.00511675 7.46766e-12
-0.19052 0.00512395 9.0695e-12
-0.191842 0.00513101 6.58422e-12
-0.193164 0.00513793 2.34877e-12
-0.194486 0.00514472 4.63812e-12
-0.195808 0.00515139 3.45941e-12
-0.19713 0.00515795 2.68692e-12
-0.198453 0.0051644 4.49431e-12
-0.199775 0.00517076 3.59124e-12
-0.201098 0.00517701 2.25537e-12
-0.202421 0.00518318 5.03591e-12
-0.203744 0.00518926 1.64467e-12
-0.205067 0.00519526 3.13532e-12
-0.206393 0.00520102 4.77845e-12
-0.207722 0.00520645 5.36606e-12
-0.209055 0.00521162 4.38594e-12
