0 0 0
42.7047 2.64217 -3.59958e-17
85.4137 5.28435 -2.72787e-16
128.127 7.92653 3.91203e-17
170.845 10.5687 -6.18668e-17
213.567 13.2109 1.64359e-16
256.294 15.8531 1.51443e-16
299.025 18.4953 -6.88717e-17
341.761 21.1375 9.29726e-16
371.723 22.2848 -2.71618e-14
372.303 19.1277 4.21091e-13
373.182 15.9676 1.05531e-11
374.646 14.1844 1.11575e-10
376.933 13.1843 -4.05891e-10
379.751 12.7431 -8.74324e-10
383.034 12.2886 1.1514e-10
386.545 11.8828 2.82638e-12
389.857 11.5021 1.07949e-10
393.266 11.1673 5.25296e-11
396.821 11.301 7.04812e-11
400.38 11.7807 3.42875e-11
404.482 13.7367 2.6311e-11
409.124 13.088 1.81542e-11
413.135 12.6321 2.30539e-12
416.414 13.3324 5.8702e-13
419.232 14.0894 4.30976e-13
421.445 15.3382 4.98144e-12
423.746 15.2177 -2.96635e-11
425.954 14.8237 8.70947e-13
427.476 16.3032 -9.77934e-12
429.056 16.8984 -1.81105e-11
430.667 16.9739 -1.77401e-11
432.119 16.9085 -4.88405e-11
433.638 16.4661 -7.02283e-11
435.198 15.853 -6.84281e-11
436.486 16.1261 2.10864e-11
437.528 17.0575 -6.6475e-11
438.372 18.1323 -5.52338e-11
439.174 18.9331 -1.51588e-11
440.018 19.3365 -4.60316e-12
440.909 19.4278 -2.20756e-11
441.847 19.286 -1.28923e-11
442.698 19.1994 -7.71974e-13
443.455 19.1458 -1.20347e-11
444.267 18.8802 -6.29642e-11
445.104 18.5037 -1.53492e-10
445.967 18.0495 -4.77273e-10
446.856 17.5493 -9.62611e-10
447.765 17.0289 -1.65355e-09
448.69 16.5068 -2.06816e-09
449.369 16.9021 -8.53196e-10
449.523 18.6689 1.7914e-10
449.487 20.6093 -4.91508e-11
449.457 22.2196 5.28387e-10
449.437 23.5335 1.30249e-10
449.449 24.5504 3.68928e-10
449.504 25.2961 3.05502e-10
449.602 25.8086 3.12172e-10
449.74 26.1282 2.60145e-10
449.912 26.2923 3.07796e-10
450.112 26.3329 3.01979e-10
450.334 26.2764 3.19405e-10
450.54 26.219 4.34308e-10
450.688 26.2416 2.03197e-10
450.817 26.26 -1.85575e-10
450.964 26.1995 -2.00646e-09
451.133 26.0626 -4.47353e-10
451.313 25.8744 3.90605e-10
451.505 25.6401 1.81413e-10
451.708 25.3662 -1.85291e-09
451.922 25.06 -5.7893e-11
452.144 24.7283 -1.28648e-09
452.374 24.3775 3.90946e-10
452.61 24.0131 -9.49679e-11
452.851 23.6398 8.7011e-10
453.095 23.2613 -2.25773e-09
453.342 22.8807 2.39089e-10
453.591 22.5004 -2.69206e-10
453.842 22.1224 5.06193e-10
454.093 21.7479 1.81506e-09
454.345 21.3783 -3.44904e-10
454.598 21.0141 3.45877e-09
454.851 20.6561 1.82436e-09
455.104 20.3047 -2.35291e-10
455.356 19.96 -2.13839e-09
455.605 19.6286 -4.69779e-09
455.832 19.3407 1.788e-10
456.045 19.0772 -5.15796e-09
456.248 18.8277 -6.02555e-09
456.445 18.5847 -2.00026e-10
456.64 18.3433 -6.67375e-09
456.841 18.0951 1.56154e-08
457.045 17.8425 -3.71556e-09
457.25 17.5892 -6.83168e-09
457.455 17.3353 1.30481e-08
457.662 17.0815 -7.71344e-11
457.869 16.8281 -9.05411e-09
458.078 16.5756 -2.39577e-09
458.288 16.3244 -2.27293e-09
458.499 16.075 1.17356e-08
458.712 15.8278 2.18998e-09
458.926 15.583 4.93309e-09
459.141 15.3411 -8.99503e-09
459.357 15.1023 2.3925e-09
459.575 14.8668 -2.88771e-09
459.793 14.6348 1.20023e-08
460.012 14.4065 -2.03533e-08
460.233 14.1818 1.23926e-08
460.453 13.961 -1.79606e-08
460.675 13.744 -2.00802e-08
460.897 13.5309 1.05212e-08
461.12 13.3216 -1.7726e-08
461.344 13.1162 1.27213e-09
461.568 12.9145 6.36201e-09
461.793 12.7166 -1.12487e-08
462.017 12.5225 -5.31663e-09
462.243 12.3319 7.81122e-09
462.469 12.1449 8.81087e-09
462.695 11.9614 3.31806e-08
462.921 11.7814 4.04166e-08
463.148 11.6047 -1.27673e-10
463.374 11.4313 3.16268e-09
463.602 11.261 -1.16242e-08
463.829 11.0939 -1.43802e-08
464.056 10.9299 -1.51009e-08
464.284 10.7688 2.21433e-08
464.512 10.6106 2.76801e-08
464.691 10.6985 -3.77564e-08
464.834 10.9713 -2.70306e-07
464.975 11.2446 -3.85988e-07
465.114 11.5173 -9.15641e-07
465.253 11.7883 -1.75936e-06
465.39 12.0568 -3.68027e-06
465.526 12.322 -7.08453e-06
465.661 12.5834 -1.32993e-05
465.796 12.8405 -2.23837e-05
465.929 13.0928 -3.3363e-05
466.062 13.3402 -5.14964e-05
466.195 13.5819 9.84046e-08
466.327 13.8184 7.07741e-06
466.458 14.0493 1.52351e-05
466.589 14.2744 2.41416e-05
466.72 14.4938 3.8088e-05
466.85 14.7076 -5.06798e-06
466.98 14.9155 -8.43101e-06
467.11 15.1175 -1.27781e-05
467.24 15.3139 -1.09326e-05
467.369 15.5046 -1.08527e-05
467.499 15.6897 -1.06577e-05
467.628 15.8693 -9.40794e-06
467.757 16.0435 -8.47358e-06
467.887 16.2124 -8.07085e-06
468.016 16.3762 -7.64762e-06
468.145 16.535 -7.35569e-06
468.274 16.6889 -7.00197e-06
468.403 16.838 -7.11509e-06
468.532 16.9824 -7.05667e-06
468.661 17.1224 -6.78401e-06
468.79 17.258 -6.75404e-06
468.919 17.3894 -6.43476e-06
469.047 17.5167 -6.60482e-06
469.176 17.6401 -6.19666e-06
469.305 17.7597 -5.5661e-06
469.434 17.8756 -5.26887e-06
469.562 17.988 -5.18184e-06
469.691 18.0971 -4.65242e-06
469.819 18.2028 -4.49894e-06
469.948 18.3054 -4.09218e-06
470.076 18.4051 -3.79887e-06
470.204 18.5018 -3.73094e-06
470.332 18.5958 -3.16377e-06
470.46 18.6872 -3.13922e-06
470.587 18.776 -2.66485e-06
470.714 18.8625 -2.06791e-06
470.842 18.9467 -1.94565e-06
470.968 19.0287 -1.49059e-06
471.095 19.1086 -1.47977e-06
471.221 19.1866 -1.50525e-06
471.347 19.2627 -9.86086e-07
471.473 19.3371 -1.50703e-06
471.598 19.4098 -1.57426e-06
471.723 19.4809 -1.31118e-06
471.848 19.5505 -1.57767e-06
471.972 19.6187 -8.03845e-07
472.096 19.6856 -1.1014e-06
472.22 19.7513 -1.12623e-06
472.342 19.8159 -8.4142e-07
472.465 19.8794 -1.35933e-07
472.587 19.9419 -5.493e-07
472.708 20.0034 -6.17148e-07
472.829 20.0642 -2.85142e-07
472.95 20.1241 -3.3524e-07
473.069 20.1834 -3.03682e-07
473.189 20.242 -6.36697e-07
473.307 20.3 -1.2304e-06
473.425 20.3575 -7.40953e-07
473.542 20.4146 -4.29534e-07
473.659 20.4713 -6.76145e-07
473.775 20.5276 -9.66526e-07
473.89 20.5837 -1.22419e-06
474.005 20.6395 -2.52172e-07
