0 0 0
-0.000223539 3.5963e-05 -8.53908e-22
-0.000447054 7.1926e-05 -4.83531e-21
-0.000670548 0.000107889 9.72517e-22
-0.000894019 0.000143852 -4.35333e-21
-0.00111747 0.000179816 -1.76722e-21
-0.0013409 0.000215779 -3.36315e-21
-0.0015643 0.000251742 5.89205e-21
-0.00178768 0.000287706 8.88824e-21
-0.00203485 0.000325137 -9.46486e-19
-0.00237177 0.000367089 -8.23108e-18
-0.00271826 0.000408195 -4.93511e-16
-0.00307611 0.000450524 -1.06894e-16
-0.00343645 0.000490074 4.33007e-15
-0.00380502 0.000532355 3.76449e-15
-0.00417413 0.000571176 -1.62063e-14
-0.00454325 0.000609127 1.13448e-14
-0.00491354 0.000649126 7.93108e-15
-0.00528791 0.000688858 -7.67224e-15
-0.00566234 0.000727499 4.90976e-15
-0.00603683 0.000765086 -2.10016e-15
-0.00641137 0.000801652 1.95559e-15
-0.00678596 0.00083723 -5.68246e-16
-0.00716058 0.000871853 1.00949e-15
-0.00752778 0.000906377 4.2185e-16
-0.00789998 0.000943725 4.03006e-16
-0.00827554 0.000980974 3.75848e-16
-0.00865107 0.00101792 3.61493e-16
-0.00902657 0.00105455 3.48129e-16
-0.00940204 0.00109085 3.36582e-16
-0.00977748 0.00112682 3.25493e-16
-0.0101529 0.00116246 3.15765e-16
-0.0105283 0.00119776 3.06979e-16
-0.0109037 0.00123273 2.98912e-16
-0.011279 0.00126735 2.91135e-16
-0.0116543 0.00130163 2.8406e-16
-0.0120297 0.00133557 2.77822e-16
-0.012405 0.00136918 2.7194e-16
-0.0127803 0.00140246 2.65866e-16
-0.0131556 0.00143541 2.6094e-16
-0.0135308 0.00146803 2.55955e-16
-0.0139061 0.00150033 2.51631e-16
-0.0142814 0.00153231 2.4688e-16
-0.0146567 0.00156397 2.42471e-16
-0.015032 0.00159532 2.38836e-16
-0.0154073 0.00162637 2.34622e-16
-0.0157826 0.00165711 2.31357e-16
-0.0161579 0.00168756 2.2757e-16
-0.0165333 0.00171771 2.2373e-16
-0.0169086 0.00174757 2.21156e-16
-0.017284 0.00177715 2.17544e-16
-0.0176594 0.00180644 2.14516e-16
-0.0180235 0.00183724 2.16836e-16
-0.0183824 0.00186882 2.1478e-16
-0.0187408 0.00190049 2.13053e-16
-0.0190985 0.00193221 2.10629e-16
-0.0194647 0.00196495 2.1253e-16
-0.0198351 0.00199837 2.10872e-16
-0.0202046 0.00203199 2.09648e-16
-0.0205739 0.00206582 2.08406e-16
-0.0209431 0.00209989 2.07124e-16
-0.0213122 0.00213416 2.05758e-16
-0.0217283 0.00216859 1.94959e-16
-0.0221874 0.00220342 1.49917e-16
-0.0226808 0.00223818 1.92913e-16
-0.0232083 0.00227246 3.00272e-16
-0.0237684 0.00230545 2.10016e-16
-0.0243353 0.00233691 1.72176e-16
-0.0249027 0.00236693 2.009e-16
-0.0254779 0.00239531 2.25754e-16
-0.0260512 0.00242231 1.3457e-16
-0.0266252 0.00244792 1.26732e-16
-0.0271993 0.00247219 2.85982e-16
-0.0277719 0.00249526 4.48564e-16
-0.0283443 0.00251717 1.00455e-16
-0.02892 0.0025378 2.33935e-16
-0.0294967 0.00255727 -4.99385e-16
-0.0300727 0.00257569 -1.23423e-16
-0.0306468 0.00259319 -4.50004e-16
-0.031218 0.00260988 -5.55705e-16
-0.0317829 0.00262605 -5.18765e-17
-0.0323435 0.00264166 2.23398e-15
-0.0329007 0.00265671 2.91371e-16
-0.0334592 0.00267258 -7.58091e-15
-0.0340351 0.00269307 -8.0021e-17
-0.0346138 0.00271381 5.30419e-15
-0.0351977 0.00273467 -5.80544e-16
-0.0357855 0.00275554 -1.87842e-15
-0.036376 0.00277633 -1.55329e-15
-0.0369683 0.00279694 -3.66685e-15
-0.0375614 0.00281733 -2.58013e-15
-0.0381533 0.00283747 -4.85933e-15
-0.0387415 0.00285743 -1.15469e-14
-0.0393289 0.00287707 -2.20476e-15
-0.0399152 0.0028964 -4.06519e-15
-0.0405001 0.0029154 -4.0491e-15
-0.0410834 0.00293407 -1.26407e-14
-0.0416651 0.00295242 -1.46081e-14
-0.0422449 0.00297045 -1.19328e-14
-0.0428598 0.00299126 -9.82536e-15
-0.0434893 0.00301274 -6.16609e-15
-0.0441227 0.0030339 -5.17394e-15
-0.0447591 0.00305466 1.88927e-14
-0.0453974 0.00307498 2.34825e-14
-0.0460368 0.00309483 5.25403e-14
-0.0466766 0.00311422 1.14571e-13
-0.0473125 0.00313325 6.07854e-13
-0.0479474 0.00315188 8.86056e-12
-0.0485816 0.00317011 1.54397e-11
-0.0492149 0.00318794 2.5734e-11
-0.0498473 0.0032054 4.27125e-11
-0.0504785 0.0032225 7.06627e-11
-0.0511085 0.00323927 1.16567e-10
-0.0517373 0.00325571 1.91518e-10
-0.0523647 0.00327184 3.12718e-10
-0.0529909 0.00328768 5.05657e-10
-0.0536172 0.00330318 1.58541e-10
-0.0542438 0.00331836 1.29507e-10
-0.0548743 0.00333309 1.44313e-10
-0.0555066 0.00334742 1.65566e-10
-0.0561402 0.00336136 2.09325e-10
-0.0567746 0.00337495 3.00295e-10
-0.057412 0.00338864 2.47538e-10
-0.0580747 0.00340553 1.68236e-10
-0.0587387 0.0034224 1.5481e-10
-0.0593993 0.00343929 1.52199e-10
-0.0600609 0.00345612 1.4982e-10
-0.0607233 0.00347287 1.48033e-10
-0.0613862 0.00348951 1.46558e-10
-0.0620496 0.00350603 1.45608e-10
-0.0627132 0.00352243 1.43609e-10
-0.0633768 0.00353869 1.47055e-10
-0.0640402 0.0035548 1.4523e-10
-0.0647034 0.00357078 1.49099e-10
-0.0653663 0.00358661 1.57149e-10
-0.0660287 0.0036023 1.72454e-10
-0.0666905 0.00361786 1.99988e-10
-0.0673518 0.00363327 2.48135e-10
-0.0680124 0.00364856 3.30448e-10
-0.0686723 0.00366372 4.68541e-10
-0.069332 0.00367874 7.05687e-10
-0.0699971 0.00369342 1.08086e-09
-0.0706665 0.00370775 2.61832e-10
-0.0713395 0.00372173 1.90102e-10
-0.0720154 0.00373538 4.9326e-11
-0.0726935 0.0037487 -2.39358e-10
-0.0733734 0.00376172 -1.91649e-10
-0.0740543 0.00377445 2.01535e-10
-0.0747357 0.00378693 1.47341e-10
-0.0754149 0.00379933 1.82512e-10
-0.076091 0.0038117 1.83425e-10
-0.076767 0.00382391 1.88918e-10
-0.0774426 0.00383596 1.97507e-10
-0.0781179 0.00384785 2.10597e-10
-0.0787926 0.00385962 2.05245e-10
-0.0794668 0.00387126 2.24068e-10
-0.0801404 0.00388279 2.53831e-10
-0.0808132 0.00389421 3.00787e-10
-0.0814854 0.00390554 3.74117e-10
-0.0821568 0.00391679 4.86759e-10
-0.0828274 0.00392795 6.57892e-10
-0.0834973 0.00393904 9.13893e-10
-0.0841663 0.00395005 1.28708e-09
-0.0848346 0.00396101 1.74132e-09
-0.0855021 0.0039719 4.50612e-10
-0.0861689 0.00398274 4.11772e-10
-0.0868357 0.00399359 4.73939e-10
-0.0875273 0.00400633 4.844e-10
-0.0882193 0.00401914 4.78924e-10
-0.0889118 0.004032 4.73803e-10
-0.0896046 0.00404491 4.69366e-10
-0.0902979 0.00405785 4.65266e-10
-0.0909916 0.00407083 4.6154e-10
-0.0916861 0.00408382 4.57523e-10
-0.0923855 0.00409681 4.54032e-10
-0.0930887 0.00410979 4.50864e-10
-0.0937954 0.00412272 4.47784e-10
-0.0945052 0.00413558 4.43742e-10
-0.0952179 0.00414837 4.40277e-10
-0.095933 0.00416105 4.35717e-10
-0.0966502 0.00417362 4.29069e-10
-0.0973692 0.00418607 4.19266e-10
-0.0980895 0.0041984 4.01133e-10
-0.0988088 0.00421066 3.34528e-10
-0.0995267 0.00422286 2.33873e-10
-0.100245 0.00423496 1.78266e-10
-0.100965 0.00424693 1.00576e-10
-0.101685 0.00425879 -5.91065e-12
-0.102405 0.00427053 -1.51143e-10
-0.103126 0.00428217 -3.48572e-10
-0.103847 0.00429369 -6.16261e-10
-0.104568 0.0043051 -5.34552e-10
-0.10529 0.00431642 -9.13363e-10
-0.106011 0.00432763 -1.40069e-09
-0.106732 0.00433875 -2.07293e-10
-0.107454 0.00434978 -2.72221e-10
-0.108175 0.00436072 -3.6976e-10
-0.108896 0.00437157 -5.11962e-10
-0.109617 0.00438235 -7.15872e-10
-0.110338 0.00439304 -9.96983e-10
-0.111059 0.00440367 -1.36419e-09
