0 0 0
-0.000223539 3.5963e-05 -1.82691e-22
-0.000447054 7.1926e-05 -2.47273e-21
-0.000670548 0.000107889 -4.84244e-22
-0.000894019 0.000143852 2.58358e-21
-0.00111747 0.000179816 -4.15438e-21
-0.0013409 0.000215779 -3.64608e-21
-0.0015643 0.000251742 -5.75365e-21
-0.00178768 0.000287706 -1.12788e-20
-0.00205922 0.000328396 1.58638e-18
-0.00254704 0.000387947 1.19158e-17
-0.00308838 0.000449944 8.83751e-16
-0.00365861 0.000513475 5.06663e-16
-0.00424805 0.000576665 4.18285e-15
-0.00484365 0.000638905 -2.76939e-15
-0.00545598 0.000703381 -1.94918e-15
-0.00606809 0.00076495 1.29744e-15
-0.00667993 0.000823795 -1.3533e-15
-0.00729148 0.000880066 1.04229e-15
-0.00789935 0.000939744 2.01231e-15
-0.00851769 0.0010009 3.97839e-16
-0.00913434 0.00106101 4.13406e-16
-0.00974771 0.00111992 3.82527e-16
-0.0103598 0.00117782 3.58312e-16
-0.0109713 0.00123475 3.38466e-16
-0.0115821 0.00129073 3.21206e-16
-0.0121924 0.00134576 3.06326e-16
-0.0128022 0.00139987 2.94054e-16
-0.0134115 0.00145308 2.83704e-16
-0.0140203 0.0015054 2.73617e-16
-0.0146225 0.00155632 2.64744e-16
-0.0152189 0.00160598 2.57257e-16
-0.0158149 0.00165483 2.50095e-16
-0.0164103 0.0017029 2.43265e-16
-0.0170054 0.0017502 2.37481e-16
-0.0176001 0.00179675 2.30602e-16
-0.0181853 0.00184437 2.31415e-16
-0.0187553 0.00189439 2.27898e-16
-0.0193398 0.00194634 2.27963e-16
-0.0199315 0.00199962 2.25638e-16
-0.0205229 0.00205354 2.23854e-16
-0.021114 0.002108 2.22206e-16
-0.0217737 0.00216397 2.19887e-16
-0.02258 0.00222189 2.24523e-16
-0.023502 0.00227939 2.05051e-16
-0.0244944 0.00233319 2.84241e-16
-0.0254985 0.00238245 3.38372e-16
-0.0265011 0.00242736 3.29389e-16
-0.027502 0.00246821 7.46678e-16
-0.0284986 0.00250548 2.09795e-16
-0.0295018 0.00253909 -1.08493e-15
-0.0305006 0.00256959 -2.46716e-15
-0.0314861 0.00259765 -7.79089e-16
-0.0324502 0.00262402 -1.08179e-16
-0.033411 0.00265168 -4.40387e-15
-0.0344013 0.00268711 -1.313e-15
-0.0354047 0.00272285 -1.18936e-15
-0.0364175 0.00275837 -1.45058e-15
-0.0374333 0.00279326 -1.42533e-15
-0.0384425 0.00282735 4.84425e-15
-0.0394426 0.00286058 -2.21972e-16
-0.0404367 0.00289281 -3.61504e-15
-0.041424 0.00292404 -1.11514e-15
-0.0424137 0.00295531 -2.22361e-15
-0.0434816 0.00299179 -3.5909e-15
-0.044561 0.00302727 1.41605e-14
-0.0456458 0.00306147 3.7341e-15
-0.0467307 0.00309428 2.98329e-14
-0.0478048 0.00312594 5.03204e-14
-0.0488751 0.00315639 4.54005e-14
-0.0499408 0.00318572 6.27368e-14
-0.0510014 0.00321401 9.63282e-14
-0.0520568 0.00324135 1.10898e-13
-0.0531068 0.00326782 1.62135e-13
-0.0541574 0.00329333 2.3008e-13
-0.0552159 0.00331766 3.15678e-13
-0.0562782 0.00334091 4.85242e-13
-0.0573548 0.00336516 3.8291e-13
-0.0584714 0.00339358 2.66375e-13
-0.0595812 0.00342188 2.29881e-13
-0.0606918 0.00344987 1.98915e-13
-0.0618027 0.00347747 1.64564e-13
-0.0629128 0.00350464 1.97022e-13
-0.0640214 0.00353137 1.89466e-13
-0.0651279 0.00355765 1.82203e-13
-0.0662319 0.00358351 1.79984e-13
-0.0673331 0.00360895 1.80558e-13
-0.0684313 0.003634 1.83148e-13
-0.0695311 0.00365854 1.7572e-13
-0.0706444 0.00368209 1.78613e-13
-0.0717672 0.00370467 1.87969e-13
-0.0728962 0.00372635 1.70193e-13
-0.0740281 0.00374721 1.52929e-13
-0.075158 0.00376753 1.80223e-13
-0.0762795 0.00378769 2.75243e-13
-0.0773996 0.0038074 2.47666e-13
-0.0785178 0.0038267 3.38994e-13
-0.0796336 0.00384566 5.19935e-13
-0.0807468 0.00386432 7.73449e-13
-0.0818572 0.00388272 9.94103e-13
-0.0829648 0.00390089 1.26904e-12
-0.0840694 0.00391886 1.71294e-12
-0.0851713 0.00393666 2.17203e-12
-0.0862907 0.00395586 1.68403e-12
-0.0874331 0.00397701 9.28228e-13
-0.0885759 0.00399825 9.48919e-13
-0.0897191 0.00401955 1.05739e-12
-0.0908627 0.00404088 1.00738e-12
-0.0920124 0.00406217 7.95246e-13
-0.0931738 0.00408334 8.93153e-13
-0.0943444 0.00410427 6.73069e-13
-0.0955222 0.0041249 4.25069e-13
-0.0967055 0.00414517 5.04199e-13
-0.0978924 0.00416506 7.52711e-13
-0.0990745 0.00418476 1.04802e-12
-0.100257 0.00420416 1.03248e-12
-0.10144 0.00422322 1.22237e-12
-0.102624 0.00424195 1.53979e-12
-0.103808 0.00426037 1.74797e-12
-0.104991 0.00427851 1.74475e-12
-0.106174 0.00429637 1.85871e-12
-0.107356 0.00431398 2.0632e-12
-0.108537 0.00433135 2.26325e-12
-0.109717 0.0043485 2.37533e-12
-0.110896 0.00436545 2.67085e-12
-0.112074 0.00438221 2.54964e-12
-0.11325 0.00439879 2.84015e-12
-0.114427 0.00441516 3.09927e-12
-0.115612 0.00443095 3.12894e-12
-0.116804 0.00444622 2.48397e-12
-0.118002 0.00446099 2.98908e-12
-0.119203 0.0044753 2.16156e-12
-0.120408 0.0044892 2.14714e-12
-0.121614 0.00450275 2.09793e-12
-0.12282 0.004516 2.06256e-12
-0.12402 0.00452942 2.11649e-12
-0.125219 0.00454261 2.00161e-12
-0.126418 0.00455562 1.96567e-12
-0.127616 0.00456846 2.10229e-12
-0.128814 0.00458114 1.97757e-12
-0.130011 0.00459369 1.93538e-12
-0.131207 0.00460612 2.05931e-12
-0.132402 0.00461845 2.01854e-12
-0.133596 0.00463067 1.90945e-12
-0.134789 0.00464281 1.92082e-12
-0.13598 0.00465486 1.86916e-12
-0.137171 0.00466684 1.9713e-12
-0.13836 0.00467873 1.87569e-12
-0.139548 0.00469056 1.79393e-12
-0.140735 0.00470232 1.87286e-12
-0.141921 0.00471401 1.85895e-12
-0.143107 0.00472563 1.86857e-12
-0.144291 0.00473718 1.97018e-12
-0.145474 0.00474867 1.84057e-12
-0.146656 0.00476009 2.02253e-12
-0.147838 0.00477145 1.94583e-12
-0.149019 0.00478273 1.69406e-12
-0.150199 0.00479396 1.82236e-12
-0.151378 0.00480511 1.69734e-12
-0.152562 0.00481635 1.75194e-12
-0.153786 0.00483 2.62862e-12
-0.155021 0.00484378 3.28185e-12
-0.156267 0.0048576 2.55491e-12
-0.157526 0.00487134 2.133e-12
-0.158798 0.00488485 2.15464e-12
-0.160076 0.00489808 2.00954e-12
-0.161358 0.00491104 2.45254e-12
-0.162641 0.00492372 -1.78333e-12
-0.163923 0.0049362 -4.23259e-12
-0.165207 0.00494834 5.32751e-12
-0.166492 0.00496015 -7.04187e-12
-0.167779 0.00497161 -4.53062e-12
-0.169066 0.00498273 -8.70671e-12
-0.170355 0.00499351 -9.0861e-12
-0.171645 0.00500395 -8.00236e-12
-0.172935 0.00501407 -6.09211e-12
-0.174226 0.00502388 -4.10835e-12
-0.175517 0.0050334 -2.29396e-12
-0.176809 0.00504263 -3.19806e-12
-0.178101 0.00505159 -3.0634e-12
-0.179394 0.00506029 -4.25046e-12
-0.180686 0.00506876 -4.08522e-12
-0.181979 0.005077 -4.54883e-12
-0.183272 0.00508503 -4.88033e-12
-0.184565 0.00509286 -5.99611e-12
-0.185858 0.0051005 -7.29462e-12
-0.187152 0.00510797 -5.15532e-12
-0.188445 0.00511528 -4.17236e-12
-0.189739 0.00512243 -5.99302e-12
-0.191032 0.00512943 -5.21267e-12
-0.192326 0.0051363 -4.89635e-12
-0.19362 0.00514304 -4.44158e-12
-0.194914 0.00514966 -3.92684e-12
-0.196208 0.00515617 -2.68305e-12
-0.197503 0.00516257 -3.89902e-12
-0.198797 0.00516887 -2.16146e-12
-0.200092 0.00517507 -2.16354e-12
-0.201386 0.00518118 -5.39306e-12
-0.202681 0.00518721 -1.67723e-12
-0.203976 0.00519316 -1.52868e-12
-0.205272 0.00519903 -1.29551e-12
