0 0 0
-0.000223539 3.5963e-05 -4.54205e-23
-0.000447054 7.1926e-05 -1.94293e-21
-0.000670548 0.000107889 9.8289e-21
-0.000894019 0.000143852 6.30954e-22
-0.00111747 0.000179816 -5.30006e-21
-0.0013409 0.000215779 3.03662e-21
-0.0015643 0.000251742 -7.66091e-21
-0.00178768 0.000287706 1.8295e-20
-0.0020525 0.000327497 -4.36759e-18
-0.00249418 0.000381702 -3.40081e-17
-0.00297181 0.000437068 -2.05306e-15
-0.00346701 0.000492477 -1.02928e-15
-0.00398485 0.000549538 -3.65221e-15
-0.00450293 0.000603324 1.46377e-15
-0.0050308 0.00065963 -2.71325e-15
-0.00556473 0.000715362 -3.4542e-15
-0.0060986 0.000768869 7.05872e-16
-0.00663236 0.000820309 -2.26003e-15
-0.00716599 0.00086978 2.32698e-16
-0.00769236 0.000920236 -1.72037e-18
-0.00823054 0.000973751 -5.67277e-16
-0.00876824 0.00102658 -5.18873e-16
-0.00930468 0.00107863 -5.00217e-16
-0.00983911 0.00112981 -4.8388e-16
-0.0103731 0.00118028 -4.68035e-16
-0.0109068 0.00123003 -4.54204e-16
-0.0114401 0.00127906 -4.41164e-16
-0.0119731 0.00132738 -4.28919e-16
-0.0125059 0.001375 -4.18242e-16
-0.0130383 0.00142193 -4.07661e-16
-0.0135705 0.00146818 -3.97997e-16
-0.0141022 0.00151374 -3.88999e-16
-0.0146294 0.0015583 -3.81276e-16
-0.0151535 0.00160198 -3.72981e-16
-0.0156772 0.00164505 -3.64798e-16
-0.0162007 0.00168751 -3.58282e-16
-0.0167239 0.00172938 -3.51431e-16
-0.017247 0.00177067 -3.43955e-16
-0.0177699 0.0018114 -3.38421e-16
-0.0182773 0.00185436 -3.40265e-16
-0.0187779 0.00189838 -3.36533e-16
-0.0192888 0.00194375 -3.37536e-16
-0.0198083 0.00199046 -3.3365e-16
-0.0203276 0.00203767 -3.32547e-16
-0.0208467 0.00208533 -3.2947e-16
-0.0213688 0.00213343 -3.27059e-16
-0.0219968 0.00218293 -3.30143e-16
-0.0227112 0.00223315 -3.23828e-16
-0.0235094 0.00228254 -3.43212e-16
-0.0243555 0.00232901 -2.95124e-16
-0.0252057 0.00237221 -3.17638e-16
-0.0260626 0.00241208 -3.0586e-16
-0.0269178 0.00244892 1.96473e-15
-0.0277698 0.00248295 -1.80526e-15
-0.0286216 0.00251439 -1.58886e-14
-0.0294781 0.00254315 -3.65282e-14
-0.0303321 0.00256963 -5.879e-14
-0.0311789 0.00259421 3.44563e-13
-0.032011 0.00261749 9.65855e-13
-0.0328324 0.00263953 1.42116e-12
-0.0336649 0.00266577 1.80333e-12
-0.0345147 0.00269621 8.52237e-13
-0.0353753 0.00272687 7.08228e-13
-0.0362431 0.00275743 6.72884e-13
-0.0371143 0.00278759 6.4206e-13
-0.0379854 0.00281717 6.1932e-13
-0.0388472 0.00284625 5.95007e-13
-0.0397058 0.00287463 5.73629e-13
-0.0405605 0.00290228 5.47634e-13
-0.0414106 0.00292921 5.27077e-13
-0.0422559 0.00295543 5.02887e-13
-0.0431687 0.00298669 5.13638e-13
-0.0440941 0.00301763 4.93271e-13
-0.0450255 0.00304769 4.83263e-13
-0.0459596 0.00307675 4.74079e-13
-0.0468921 0.00310482 4.84675e-13
-0.0478175 0.00313207 6.72035e-13
-0.0487405 0.00315843 8.06886e-13
-0.0496606 0.00318395 9.7263e-13
-0.0505774 0.0032087 1.26164e-12
-0.0514908 0.00323271 1.65791e-12
-0.0524006 0.00325606 2.27048e-12
-0.0533068 0.00327877 3.14879e-12
-0.0542154 0.00330074 4.54484e-12
-0.0551297 0.00332181 6.35253e-12
-0.0560471 0.00334207 1.00304e-11
-0.0569658 0.00336157 1.65815e-11
-0.0579209 0.00338537 1.44216e-11
-0.058883 0.00340986 -1.06327e-11
-0.0598415 0.00343426 2.98243e-12
-0.0608012 0.00345842 3.53067e-12
-0.0617612 0.00348231 3.48382e-12
-0.0627211 0.00350589 3.38235e-12
-0.0636803 0.00352916 3.4117e-12
-0.0646383 0.0035521 3.35826e-12
-0.0655948 0.00357472 3.31758e-12
-0.0665496 0.00359703 3.29785e-12
-0.0675026 0.00361904 3.22936e-12
-0.0684536 0.00364077 3.18161e-12
-0.0694051 0.00366215 3.18497e-12
-0.070367 0.00368279 3.13053e-12
-0.0713366 0.0037027 3.09355e-12
-0.0723119 0.00372192 3.06126e-12
-0.0732907 0.00374048 3.02464e-12
-0.0742713 0.00375845 3.00746e-12
-0.0752494 0.00377609 2.93368e-12
-0.0762213 0.00379363 2.91737e-12
-0.0771924 0.00381082 2.82747e-12
-0.0781622 0.0038277 2.77191e-12
-0.0791306 0.00384431 2.77305e-12
-0.0800972 0.00386068 2.68942e-12
-0.081062 0.00387683 2.60043e-12
-0.0820249 0.0038928 2.48654e-12
-0.0829858 0.0039086 2.44599e-12
-0.0839446 0.00392426 2.26063e-12
-0.0849015 0.00393977 2.23521e-12
-0.0858564 0.00395516 2.26786e-12
-0.0868431 0.00397292 2.41072e-12
-0.0878345 0.00399128 2.47458e-12
-0.0888264 0.00400972 2.458e-12
-0.0898187 0.00402821 2.6442e-12
-0.0908114 0.00404673 2.04601e-12
-0.0918076 0.00406525 2.11596e-12
-0.0928129 0.0040837 2.44389e-12
-0.0938255 0.00410202 2.60208e-12
-0.0948443 0.00412015 2.5673e-12
-0.095868 0.00413804 2.79207e-12
-0.0968956 0.00415566 2.88299e-12
-0.0979259 0.004173 2.21306e-12
-0.0989527 0.00419022 4.83595e-12
-0.0999792 0.00420722 2.59062e-12
-0.101007 0.00422397 2.87423e-12
-0.102035 0.00424047 3.31064e-12
-0.103063 0.00425673 3.15849e-12
-0.104092 0.00427277 3.04966e-12
-0.10512 0.00428859 3.58013e-12
-0.106148 0.00430421 3.78427e-12
-0.107176 0.00431963 4.11846e-12
-0.108203 0.00433488 4.25963e-12
-0.109229 0.00434995 4.65503e-12
-0.110255 0.00436487 5.02117e-12
-0.11128 0.00437964 5.4941e-12
-0.112304 0.00439426 5.68451e-12
-0.113328 0.00440875 6.21985e-12
-0.114351 0.0044231 6.65928e-12
-0.115381 0.00443702 7.11731e-12
-0.116416 0.00445054 7.87738e-12
-0.117456 0.00446367 6.78277e-12
-0.118499 0.00447644 5.22726e-12
-0.119545 0.00448887 5.49872e-12
-0.120593 0.004501 5.00589e-12
-0.121643 0.00451286 4.94773e-12
-0.122693 0.00452449 4.90083e-12
-0.123738 0.00453621 4.85754e-12
-0.124782 0.00454784 4.68923e-12
-0.125826 0.00455931 4.74006e-12
-0.12687 0.00457065 4.7442e-12
-0.127913 0.00458186 4.77778e-12
-0.128956 0.00459296 4.70428e-12
-0.129999 0.00460396 4.67215e-12
-0.13104 0.00461486 4.66101e-12
-0.132082 0.00462569 4.60299e-12
-0.133122 0.00463643 4.6054e-12
-0.134162 0.00464711 4.64178e-12
-0.135201 0.00465772 4.52373e-12
-0.136239 0.00466826 4.67146e-12
-0.137276 0.00467875 4.53922e-12
-0.138313 0.00468918 4.4961e-12
-0.139349 0.00469956 4.45027e-12
-0.140384 0.00470988 4.36723e-12
-0.141419 0.00472016 4.37804e-12
-0.142453 0.00473038 4.19969e-12
-0.143486 0.00474055 4.32964e-12
-0.144519 0.00475067 4.212e-12
-0.145551 0.00476074 4.42595e-12
-0.146582 0.00477076 4.23495e-12
-0.147613 0.00478073 4.29625e-12
-0.148643 0.00479065 4.43667e-12
-0.149673 0.00480051 4.24449e-12
-0.150702 0.00481033 4.38337e-12
-0.151731 0.0048201 4.43392e-12
-0.152762 0.00482971 4.35832e-12
-0.153816 0.00484061 2.94427e-12
-0.154889 0.00485257 4.02517e-12
-0.155971 0.00486462 1.28527e-12
-0.157061 0.00487668 1.88875e-12
-0.158161 0.00488869 3.42897e-12
-0.15927 0.00490054 3.70027e-12
-0.160386 0.00491217 3.44621e-12
-0.161504 0.00492361 3.08504e-12
-0.162624 0.00493484 3.76169e-12
-0.163743 0.00494593 3.89932e-12
-0.164863 0.00495679 8.10772e-12
-0.165984 0.00496741 6.6687e-12
-0.167107 0.00497777 -1.50269e-12
-0.16823 0.00498787 2.82762e-14
-0.169355 0.00499772 2.81944e-12
-0.170481 0.0050073 3.83794e-12
-0.171607 0.00501662 1.98106e-12
-0.172735 0.0050257 2.17514e-12
