0 0 0
42.6088 2.63624 1.75707e-17
85.2219 5.27249 -9.37013e-17
127.839 7.90874 -5.21741e-17
170.461 10.545 -4.85493e-16
213.088 13.1813 -1.54167e-16
255.718 15.8175 6.82676e-16
298.354 18.4538 -9.05976e-16
340.994 21.0901 -3.23827e-16
371.653 22.6669 1.88797e-14
371.872 21.4592 -5.86193e-13
372.077 20.3034 -2.16973e-11
372.266 19.2596 -1.85819e-10
372.445 18.3345 1.58707e-10
372.605 17.6355 1.03343e-10
372.794 16.8675 -5.01968e-10
372.99 16.1984 2.80879e-10
373.189 15.7228 1.47343e-10
373.405 15.3375 -1.60658e-10
373.648 14.9641 8.80743e-11
373.92 14.6031 -3.91116e-11
374.22 14.2542 2.84105e-11
374.549 13.9171 -1.03332e-11
374.906 13.5938 7.44443e-11
375.3 13.2774 -4.49395e-13
375.696 13.2117 -3.73267e-13
376.118 13.16 -3.10924e-13
376.569 13.0979 -1.23857e-13
377.048 13.0279 8.62156e-15
377.553 12.9517 1.03438e-13
378.085 12.871 1.85925e-13
378.64 12.7869 2.16527e-13
379.219 12.7004 2.65764e-13
379.82 12.6122 3.06565e-13
380.441 12.523 3.21145e-13
381.081 12.4333 2.94501e-13
381.739 12.3434 3.11139e-13
382.414 12.2537 3.23836e-13
383.105 12.1642 3.2149e-13
383.811 12.0752 3.07333e-13
384.532 11.9868 2.78801e-13
385.266 11.8992 2.79373e-13
386.012 11.8123 2.78652e-13
386.77 11.7262 2.50395e-13
387.539 11.641 2.52703e-13
388.318 11.5567 2.41765e-13
389.106 11.4734 2.44628e-13
389.902 11.3911 2.25758e-13
390.706 11.3097 2.22504e-13
391.517 11.2293 1.7985e-13
392.331 11.1502 2.08668e-13
393.144 11.0726 1.76209e-13
393.985 11.052 1.64681e-13
394.839 11.0522 1.09864e-13
395.697 11.0561 1.6439e-13
396.561 11.0626 1.32067e-13
397.399 11.1718 1.088e-13
398.23 11.3113 1.01539e-13
399.065 11.4379 9.5632e-14
399.902 11.5541 1.12251e-13
400.741 11.6618 7.84668e-14
401.577 11.7623 9.06666e-14
402.326 12.0473 2.03512e-12
402.982 12.505 -3.2253e-12
403.563 13.0477 -5.54171e-13
404.077 13.6398 1.03775e-11
404.53 14.2353 -1.70041e-13
404.986 14.687 6.9297e-12
405.455 14.9968 -6.46862e-12
405.922 15.2081 8.33534e-12
406.407 15.2996 7.23517e-12
406.901 15.3033 -1.04145e-11
407.404 15.2301 9.37996e-12
407.916 15.0906 -2.59006e-12
408.433 14.9046 2.34922e-11
408.947 14.6859 -1.94094e-11
409.462 14.4336 -2.23042e-11
409.981 14.1508 -2.10145e-11
410.504 13.8432 -2.54906e-12
411.033 13.5173 -2.69798e-11
411.573 13.1794 -2.43696e-11
412.117 12.8379 -2.26365e-11
412.666 12.4971 -2.35381e-11
413.182 12.3596 2.11126e-12
413.639 12.5468 1.96407e-10
414.086 12.7436 6.22583e-12
414.521 12.9458 -1.38478e-11
414.949 13.1416 -4.46461e-11
415.371 13.3216 -6.86673e-11
415.79 13.4782 -1.40108e-11
416.21 13.606 -2.25319e-12
416.637 13.6957 -5.55414e-11
417.071 13.7494 1.41125e-11
417.508 13.7748 -2.6337e-10
417.95 13.7731 -1.20015e-11
418.395 13.7461 -6.69535e-11
418.845 13.696 2.82498e-12
419.299 13.6254 -1.67811e-10
419.747 13.5759 4.62864e-11
420.055 14.016 -4.19176e-12
420.355 14.4226 -2.12e-10
420.65 14.7879 9.25389e-11
420.944 15.1076 1.58931e-10
421.239 15.3787 1.43305e-11
421.537 15.6003 9.93811e-11
421.842 15.769 6.56958e-10
422.159 15.88 2.98769e-09
422.48 15.9523 4.23542e-09
422.807 15.9893 6.16834e-09
423.139 15.9944 8.68256e-09
423.476 15.971 1.28461e-08
423.818 15.9224 1.92203e-08
424.164 15.8517 2.76676e-08
424.513 15.762 4.10952e-08
424.867 15.656 6.06141e-08
425.224 15.5362 8.80917e-08
425.58 15.4109 1.33632e-07
425.93 15.2906 4.918e-08
426.274 15.1695 8.18534e-08
426.616 15.0447 1.41811e-07
426.957 14.9142 2.5385e-07
427.296 14.777 4.62931e-07
427.572 14.9101 1.93079e-06
427.805 15.2025 9.5256e-08
428.044 15.462 -1.30452e-06
428.286 15.6952 -1.35522e-06
428.528 15.9116 -1.94941e-06
428.769 16.1098 -2.83851e-06
429.011 16.2891 -4.14909e-06
429.254 16.4487 -2.02614e-06
429.499 16.5887 -3.0801e-06
429.746 16.7091 -7.28939e-06
429.995 16.8102 -1.10902e-06
430.247 16.8928 -1.37465e-06
430.502 16.9575 -1.85169e-06
430.759 17.0053 -2.64113e-06
431.019 17.0373 -6.60609e-06
431.282 17.0546 2.27871e-07
431.548 17.0583 7.78669e-07
431.817 17.0495 1.53364e-06
432.077 17.05 2.99022e-06
432.327 17.063 8.70633e-06
432.568 17.08 -6.2615e-08
432.804 17.0958 -3.46476e-07
433.036 17.1062 -8.50146e-07
433.266 17.108 -1.68464e-06
433.495 17.099 1.70645e-07
433.723 17.0779 -6.25834e-08
433.956 17.0405 5.20689e-08
434.199 16.978 3.99253e-08
434.444 16.9073 4.62226e-08
434.69 16.829 5.39978e-08
434.938 16.7437 6.28542e-08
435.187 16.6519 5.3514e-08
435.438 16.5546 6.01728e-08
435.69 16.4523 6.87096e-08
435.945 16.3457 8.03416e-08
436.2 16.2355 9.61598e-08
436.458 16.1224 1.15906e-07
436.717 16.0069 1.43573e-07
436.977 15.8896 1.80483e-07
437.239 15.7711 2.28787e-07
437.503 15.6517 2.92096e-07
437.767 15.532 3.74469e-07
438.034 15.4122 4.79964e-07
438.301 15.2928 6.12795e-07
438.488 15.4757 7.93166e-07
438.671 15.6644 2.11101e-07
438.854 15.8468 1.70736e-07
439.037 16.0225 1.41013e-07
439.219 16.1916 1.28306e-07
439.401 16.3538 1.17941e-07
439.582 16.5115 1.01469e-07
439.751 16.6923 1.58394e-07
439.912 16.8873 1.2879e-07
440.064 17.0926 1.53661e-07
440.21 17.3044 1.96702e-07
440.35 17.5191 2.92229e-07
440.486 17.7331 4.69902e-07
440.617 17.9434 8.08651e-07
440.747 18.1473 1.44222e-06
440.874 18.3423 2.62234e-06
441.008 18.5121 9.73705e-06
441.146 18.6591 1.12856e-05
441.284 18.7963 9.44725e-06
441.423 18.9231 1.01946e-05
441.562 19.0392 1.13806e-05
441.702 19.1444 1.29992e-05
441.843 19.2386 1.50796e-05
441.985 19.3218 2.00695e-05
442.128 19.3941 3.47778e-06
442.274 19.4556 2.90076e-06
442.42 19.5067 2.8712e-06
442.569 19.5478 2.9183e-06
442.719 19.5791 3.05176e-06
442.871 19.6012 3.29373e-06
443.024 19.6145 3.66006e-06
443.18 19.6194 4.17359e-06
443.337 19.6164 4.78449e-06
443.495 19.606 5.70621e-06
443.655 19.5887 6.88575e-06
