0 0 0
-0.000222608 3.58134e-05 -1.62108e-23
-0.000445194 7.16267e-05 6.24036e-23
-0.000667758 0.00010744 8.25314e-22
-0.000890299 0.000143254 -4.92682e-21
-0.00111282 0.000179067 1.75183e-21
-0.00133532 0.000214881 -6.86753e-21
-0.00155779 0.000250695 -3.58264e-21
-0.00178025 0.000286509 -3.67e-21
-0.0020318 0.000324737 -1.61883e-18
-0.0024191 0.000372759 -1.77906e-17
-0.00282826 0.000420849 -7.65323e-16
-0.00325088 0.000469937 5.22549e-17
-0.00368835 0.000517939 9.13048e-15
-0.00413041 0.000565748 1.51909e-13
-0.00457266 0.000611219 -6.76663e-14
-0.00502103 0.000659628 -4.11798e-14
-0.00547321 0.000707031 7.44657e-14
-0.00592541 0.000752863 -2.90675e-14
-0.0063776 0.000797189 2.82447e-14
-0.00682979 0.00084007 -6.59513e-15
-0.00728194 0.000881628 7.994e-14
-0.00772565 0.00092494 2.7333e-14
-0.00818034 0.00097016 1.82209e-14
-0.00863491 0.00101492 1.7363e-14
-0.00908936 0.00105921 1.647e-14
-0.0095437 0.00110301 1.56905e-14
-0.00999792 0.00114632 1.50052e-14
-0.010452 0.00118912 1.43997e-14
-0.0109061 0.00123142 1.3861e-14
-0.01136 0.00127322 1.33797e-14
-0.0118139 0.00131452 1.29474e-14
-0.0122677 0.00135532 1.25559e-14
-0.0127214 0.00139562 1.21996e-14
-0.0131751 0.00143544 1.18737e-14
-0.0136285 0.00147477 1.15732e-14
-0.014081 0.00151355 1.1297e-14
-0.0145324 0.00155178 1.10398e-14
-0.0149832 0.0015895 1.08e-14
-0.0154339 0.00162677 1.05758e-14
-0.0158845 0.00166361 1.03636e-14
-0.0163351 0.0017 1.01633e-14
-0.0167856 0.00173598 9.97331e-15
-0.0172361 0.00177153 9.79231e-15
-0.0176866 0.00180668 9.61996e-15
-0.0181246 0.00184337 9.68747e-15
-0.0185534 0.00188106 9.57518e-15
-0.0189789 0.00191863 9.46632e-15
-0.0194161 0.00195762 9.49706e-15
-0.0198574 0.0019974 9.42419e-15
-0.0202986 0.00203754 9.35319e-15
-0.0207397 0.00207801 9.28463e-15
-0.0211806 0.00211879 9.21768e-15
-0.0216614 0.0021602 9.15074e-15
-0.0222188 0.00220244 9.0564e-15
-0.0228295 0.0022447 8.97944e-15
-0.0234968 0.00228601 8.90889e-15
-0.0241984 0.00232515 8.82862e-15
-0.0248969 0.00236209 8.7531e-15
-0.0256076 0.00239661 8.57116e-15
-0.0263146 0.00242904 8.68938e-15
-0.0270229 0.00245936 8.58932e-15
-0.0277291 0.00248779 7.89361e-15
-0.0284346 0.00251445 8.29557e-15
-0.0291445 0.0025392 8.61041e-15
-0.0298545 0.00256228 8.5009e-15
-0.0305617 0.00258389 8.06819e-15
-0.0312641 0.00260425 8.12173e-15
-0.0319562 0.00262381 1.017e-14
-0.0326418 0.0026425 1.45407e-14
-0.0333238 0.00266098 9.78986e-15
-0.0340303 0.00268611 5.20614e-15
-0.034741 0.00271158 7.87176e-15
-0.0354591 0.00273716 1.06765e-14
-0.036182 0.00276267 9.15588e-15
-0.0369078 0.00278794 7.86771e-15
-0.0376346 0.00281284 6.38019e-15
-0.0383577 0.00283739 9.73749e-15
-0.0390768 0.00286156 9.0139e-15
-0.0397939 0.00288524 8.87879e-15
-0.0405086 0.00290842 8.59648e-15
-0.0412206 0.0029311 7.95251e-15
-0.0419296 0.00295329 9.95228e-15
-0.0426606 0.0029773 1.80078e-14
-0.0434291 0.00300358 9.39532e-15
-0.0442036 0.00302937 4.06166e-15
-0.0449822 0.00305454 -1.22898e-13
-0.0457629 0.00307902 -1.9709e-13
-0.0465443 0.0031028 -3.01463e-13
-0.0473209 0.00312599 -3.76476e-13
-0.0480952 0.00314858 4.25197e-13
-0.048868 0.00317056 5.53539e-13
-0.0496391 0.00319197 8.15754e-13
-0.0504082 0.00321283 1.16572e-12
-0.0511753 0.00323318 1.61022e-12
-0.0519401 0.00325305 2.20093e-12
-0.0527027 0.00327246 2.95691e-12
-0.0534632 0.00329145 3.92021e-12
-0.0542265 0.00330988 5.42071e-12
-0.0549937 0.00332767 6.78904e-12
-0.0557634 0.00334489 9.55527e-12
-0.0565346 0.00336155 1.42012e-11
-0.0573106 0.00337838 6.06204e-12
-0.0581178 0.00339896 4.90717e-12
-0.0589247 0.0034195 4.68465e-12
-0.0597291 0.00344001 4.61819e-12
-0.0605346 0.00346038 4.56332e-12
-0.0613407 0.00348057 4.47022e-12
-0.0621472 0.00350058 4.42416e-12
-0.0629536 0.00352038 4.36624e-12
-0.0637597 0.00353996 4.36581e-12
-0.0645652 0.00355932 4.32876e-12
-0.0653699 0.00357846 4.34852e-12
-0.0661737 0.00359739 4.36016e-12
-0.0669764 0.0036161 4.42224e-12
-0.067778 0.00363462 4.50726e-12
-0.0685784 0.00365294 4.59211e-12
-0.0693791 0.00367103 4.74171e-12
-0.0701873 0.00368859 4.98232e-12
-0.0710015 0.00370564 5.41421e-12
-0.0718202 0.00372219 4.9892e-12
-0.0726424 0.00373825 4.25408e-12
-0.0734669 0.00375386 4.24782e-12
-0.0742925 0.00376907 4.20175e-12
-0.0751177 0.00378397 4.10216e-12
-0.0759367 0.00379891 4.12902e-12
-0.0767553 0.00381359 4.04459e-12
-0.0775733 0.00382804 3.97219e-12
-0.0783905 0.00384228 3.89117e-12
-0.0792068 0.00385633 3.78728e-12
-0.080022 0.00387021 3.7411e-12
-0.080836 0.00388394 3.68938e-12
-0.0816488 0.00389753 3.49737e-12
-0.0824604 0.003911 3.44769e-12
-0.0832706 0.00392435 3.2579e-12
-0.0840796 0.0039376 2.8236e-12
-0.0848873 0.00395075 2.664e-12
-0.0856937 0.00396382 2.5039e-12
-0.0865051 0.00397731 3.23856e-12
-0.0873413 0.00399274 3.79069e-12
-0.088178 0.00400825 3.39653e-12
-0.0890152 0.00402382 3.37415e-12
-0.0898528 0.00403945 3.29424e-12
-0.0906909 0.0040551 3.01444e-12
-0.0915298 0.00407077 3.12319e-12
-0.0923753 0.00408642 2.97653e-12
-0.0932263 0.00410202 3.54144e-12
-0.0940823 0.00411753 3.52472e-12
-0.0949425 0.0041329 2.98141e-12
-0.0958063 0.00414812 3.0969e-12
-0.0966731 0.00416316 3.16805e-12
-0.0975421 0.00417801 3.06974e-12
-0.0984121 0.00419268 3.32316e-12
-0.0992784 0.00420731 4.07245e-12
-0.100146 0.00422176 4.07454e-12
-0.101014 0.00423603 4.26815e-12
-0.101883 0.00425013 4.54602e-12
-0.102752 0.00426406 3.8934e-12
-0.103621 0.00427783 4.17465e-12
-0.104491 0.00429144 3.77915e-12
-0.105361 0.0043049 4.02438e-12
-0.10623 0.00431821 3.95014e-12
-0.107099 0.00433139 4.07084e-12
-0.107968 0.00434444 4.07714e-12
-0.108837 0.00435736 4.19168e-12
-0.109705 0.00437017 4.14679e-12
-0.110573 0.00438287 4.16134e-12
-0.111441 0.00439546 4.18077e-12
-0.112308 0.00440794 4.01495e-12
-0.113175 0.00442033 3.89035e-12
-0.114041 0.00443263 3.99693e-12
-0.114909 0.00444475 4.05308e-12
-0.115783 0.00445653 4.18095e-12
-0.11666 0.00446803 4.04767e-12
-0.11754 0.00447925 4.21004e-12
-0.118423 0.00449022 4.39478e-12
-0.119309 0.00450093 4.47598e-12
-0.120196 0.00451142 4.67097e-12
-0.121084 0.0045217 4.40253e-12
-0.121973 0.0045318 4.00617e-12
-0.122863 0.00454173 3.96592e-12
-0.123749 0.00455176 3.9648e-12
-0.124634 0.00456174 3.5937e-12
-0.125519 0.0045716 3.68291e-12
-0.126404 0.00458136 3.59672e-12
-0.127289 0.00459102 3.58704e-12
-0.128173 0.00460059 3.75616e-12
-0.129058 0.00461009 3.76521e-12
-0.129942 0.00461951 3.77657e-12
-0.130826 0.00462887 3.74624e-12
-0.131709 0.00463816 3.61532e-12
-0.132592 0.0046474 3.45349e-12
-0.133475 0.00465658 3.38035e-12
-0.134357 0.00466571 3.33145e-12
-0.135239 0.0046748 3.36084e-12
-0.13612 0.00468384 3.45367e-12
-0.137001 0.00469283 3.53136e-12
-0.137882 0.00470179 3.56144e-12
-0.138762 0.0047107 3.53121e-12
-0.139641 0.00471958 3.52383e-12
-0.14052 0.00472842 3.62054e-12
