0 0
-0.000494481 1.25
-0.00197793 2.5
-0.00445034 3.75
-0.00791172 5
-0.0123621 6.25
-0.0178014 7.5
-0.0242297 8.75
-0.0316471 10
-0.0399297 11.25
-0.0492795 12.5
-0.0596388 13.75
-0.0709174 15
-0.083416 16.25
-0.0963951 17.5
-0.110938 18.75
-0.126506 20
-0.143062 21.25
-0.160677 22.5
-0.177417 23.75
-0.196936 25
-0.217484 26.25
-0.239061 27.5
-0.261664 28.75
-0.28524 30
-0.309892 31.25
-0.335569 32.5
-0.362269 33.75
-0.389993 35
-0.418657 36.25
-0.448392 37.5
-0.479082 38.75
-0.51079 40
-0.543614 41.25
-0.577466 42.5
-0.612341 43.75
-0.647112 45
-0.678515 46.25
-0.712819 47.5
-0.750931 48.75
-0.790062 50
-0.830207 51.25
-0.871237 52.5
-0.933603 53.75
-1.01917 55
-1.12686 56.25
-1.24001 57.5
-1.35672 58.75
-1.47405 60
-1.59168 61.25
-1.71105 62.5
-1.83183 63.75
-1.95231 65
-2.07066 66.25
-2.18737 67.5
-2.31101 68.75
-2.43895 70
-2.57053 71.25
-2.70444 72.5
-2.83929 73.75
-2.97347 75
-3.10789 76.25
-3.24233 77.5
-3.37664 78.75
-3.52886 80
-3.68511 81.25
-3.84377 82.5
-4.00383 83.75
-4.16316 85
-4.32294 86.25
-4.48303 87.5
-4.64332 88.75
-4.80376 90
-4.96433 91.25
-5.12627 92.5
-5.29073 93.75
-5.45695 95
-5.62856 96.25
-5.80814 97.5
-5.98775 98.75
-6.16876 100
-6.35096 101.25
-6.53413 102.5
-6.71812 103.75
-6.9028 105
-7.08809 106.25
-7.27391 107.5
-7.46026 108.75
-7.64931 110
-7.84188 111.25
-8.03714 112.5
-8.23443 113.75
-8.43314 115
-8.63134 116.25
-8.82994 117.5
-9.02925 118.75
-9.2292 120
-9.4297 121.25
-9.63072 122.5
-9.83223 123.75
-10.0342 125
-10.2367 126.25
-10.4414 127.5
-10.6545 128.75
-10.8689 130
-11.0844 131.25
-11.3012 132.5
-11.5198 133.75
-11.742 135
-11.9671 136.25
-12.1948 137.5
-12.4247 138.75
-12.6565 140
-12.8885 141.25
-13.1216 142.5
-13.356 143.75
-13.5915 145
-13.8281 146.25
-14.0656 147.5
-14.3042 148.75
-14.5436 150
-14.7839 151.25
-15.025 152.5
-15.267 153.75
-15.5098 155
-15.7534 156.25
-15.9985 157.5
-16.2465 158.75
-16.4969 160
-16.7493 161.25
-17.0036 162.5
-17.2593 163.75
-17.5164 165
-17.774 166.25
-18.0318 167.5
-18.2906 168.75
-18.5503 170
-18.8111 171.25
-19.0726 172.5
-19.3351 173.75
-19.5984 175
-19.8626 176.25
-20.1275 177.5
-20.3933 178.75
-20.6599 180
-20.9274 181.25
-21.1956 182.5
-21.4647 183.75
-21.7346 185
-22.0054 186.25
-22.277 187.5
-22.5495 188.75
-22.8229 190
-23.0971 191.25
-23.3723 192.5
-23.6483 193.75
-23.9253 195
-24.2044 196.25
-24.4929 197.5
-24.7849 198.75
-25.0806 200
-25.38 201.25
-25.6833 202.5
-25.9888 203.75
-26.2961 205
-26.6047 206.25
-26.9141 207.5
-27.225 208.75
-27.5373 210
-27.851 211.25
-28.1659 212.5
-28.4821 213.75
-28.7996 215
-29.1182 216.25
-29.4381 217.5
-29.7591 218.75
-30.0812 220
-30.4045 221.25
-30.7289 222.5
-31.0544 223.75
-31.381 225
-31.7088 226.25
-32.0376 227.5
-32.3676 228.75
-32.6986 230
-33.0307 231.25
-33.364 232.5
-33.6983 233.75
-34.0337 235
-34.3703 236.25
-34.7079 237.5
-35.0467 238.75
-35.3865 240
-35.7275 241.25
-36.0696 242.5
-36.4128 243.75
-36.7571 245
-37.1025 246.25
-37.4496 247.5
-37.7985 248.75
-38.149 250
