0 0 0
42.5914 2.63517 1.28446e-17
85.1871 5.27034 6.48146e-17
127.787 7.90551 -7.71025e-17
170.392 10.5407 2.71881e-16
213.001 13.1759 1.08179e-16
255.614 15.8111 7.64945e-16
298.232 18.4463 -1.05103e-15
340.854 21.0815 -5.69235e-16
371.657 22.6412 3.89562e-14
371.906 21.2667 8.12253e-13
372.14 19.9516 4.11244e-11
372.346 18.8546 -1.69752e-11
372.565 17.7908 -5.76706e-10
372.778 16.9361 -1.00524e-08
373.014 16.1395 7.22102e-09
373.257 15.6114 -5.40647e-09
373.533 15.1527 -5.78183e-09
373.848 14.7114 4.27764e-09
374.204 14.2892 -1.47448e-09
374.601 13.8844 1.82012e-09
375.038 13.4999 -6.22344e-09
375.518 13.2505 -2.53149e-10
376.015 13.1903 7.40874e-10
376.555 13.1148 6.0975e-10
377.135 13.0282 5.25745e-10
377.754 12.9336 4.58627e-10
378.409 12.8334 4.04749e-10
379.098 12.7294 3.6113e-10
379.82 12.623 3.2557e-10
380.571 12.5151 2.9631e-10
381.351 12.4065 2.72016e-10
382.156 12.2978 2.5164e-10
382.986 12.1895 2.3434e-10
383.838 12.0818 2.19551e-10
384.711 11.9751 2.06752e-10
385.603 11.8694 1.95576e-10
386.512 11.765 1.85642e-10
387.433 11.6623 1.7698e-10
388.364 11.5614 1.6911e-10
389.308 11.4618 1.62026e-10
390.264 11.3636 1.55612e-10
391.231 11.2668 1.49657e-10
392.207 11.1714 1.44226e-10
393.191 11.0774 1.39211e-10
394.209 11.049 1.0179e-10
395.245 11.0506 9.88487e-11
396.288 11.0569 9.60367e-11
397.295 11.2107 7.36243e-11
398.301 11.3725 7.13265e-11
399.304 11.5173 6.89413e-11
400.293 11.6472 6.65501e-11
401.286 11.7678 6.41337e-11
402.208 12.0621 6.06577e-11
402.993 12.6214 6.14281e-11
403.679 13.287 5.79982e-11
404.266 14.0106 5.62175e-11
404.824 14.5985 6.07826e-11
405.403 14.9674 9.8618e-11
405.986 15.1817 2.00281e-11
406.59 15.2348 1.79567e-11
407.206 15.1677 5.3418e-11
407.837 14.9992 3.38925e-11
408.472 14.7639 4.59312e-11
409.106 14.4778 4.64232e-11
409.743 14.144 4.17408e-11
410.386 13.7716 -9.37295e-11
411.037 13.3723 -1.07433e-10
411.702 12.9595 -1.75565e-10
412.373 12.5448 4.35342e-11
413.008 12.3616 -1.96018e-11
413.567 12.5898 -2.11144e-11
414.109 12.8323 1.52814e-11
414.637 13.0741 6.25486e-11
415.155 13.2966 -3.92702e-11
415.67 13.4856 -6.1194e-11
416.185 13.6312 -9.41222e-11
416.712 13.7169 1.66726e-13
417.246 13.7584 6.00906e-11
417.785 13.7594 -6.04314e-12
418.329 13.7232 4.65346e-11
418.881 13.6537 8.72575e-11
419.438 13.5557 -4.93472e-11
419.837 13.9992 1.78815e-11
420.203 14.4879 -3.79911e-12
420.563 14.9149 -7.64813e-11
420.922 15.2726 -2.1354e-11
421.284 15.5575 -1.95781e-10
421.656 15.7652 2.16583e-10
422.043 15.8919 -4.69571e-10
422.438 15.9629 -7.53073e-10
422.84 15.9842 -1.04331e-09
423.249 15.962 -1.46984e-09
423.665 15.9024 -2.26319e-09
424.087 15.8109 -2.92561e-09
424.515 15.6929 -4.28203e-09
424.948 15.553 -6.12453e-09
425.381 15.4024 -8.90442e-09
425.805 15.257 -1.22155e-08
426.223 15.1087 -1.80443e-08
426.637 14.9534 -2.946e-08
427.05 14.7885 -4.89892e-08
427.366 15.0256 -1.1346e-07
427.647 15.3765 6.44122e-08
427.94 15.6696 1.16598e-07
428.231 15.9375 1.47526e-07
428.522 16.178 1.92571e-07
428.815 16.3897 2.46597e-07
429.11 16.5719 3.2487e-07
429.407 16.7246 4.31558e-07
429.708 16.8484 5.755e-07
430.013 16.9446 7.70323e-07
430.322 17.0145 1.0331e-06
430.635 17.0602 1.38381e-06
430.953 17.0835 1.84749e-06
431.274 17.0866 2.44742e-06
431.599 17.0726 1.77587e-07
431.908 17.0786 3.36507e-07
432.204 17.0947 3.03622e-07
432.491 17.1109 2.78868e-07
432.771 17.12 1.88641e-07
433.049 17.1161 1.61287e-07
433.326 17.0958 1.35913e-07
433.603 17.0571 1.13907e-07
433.897 16.9814 9.72634e-08
434.193 16.8931 8.29647e-08
434.491 16.794 6.99975e-08
434.792 16.6851 5.9e-08
435.094 16.5676 4.99051e-08
435.399 16.4428 4.11282e-08
435.707 16.312 3.43292e-08
436.016 16.1762 2.72672e-08
436.328 16.0367 2.18045e-08
436.643 15.8943 1.7633e-08
436.959 15.7501 1.25807e-08
437.278 15.6049 9.02002e-09
437.598 15.4594 6.56396e-09
437.901 15.3852 -1.03653e-07
438.121 15.6193 -1.01313e-07
438.341 15.8442 -8.627e-08
438.56 16.0592 -7.78881e-08
438.778 16.2644 -7.51689e-08
438.997 16.4592 -6.54745e-08
439.213 16.6479 -5.92949e-08
439.414 16.8661 -5.41964e-08
439.602 17.1033 -5.1406e-08
439.779 17.3525 -4.74429e-08
439.948 17.6071 -4.43433e-08
440.11 17.8608 -4.52885e-08
440.267 18.1081 -4.7055e-08
440.42 18.3444 -4.85204e-08
440.576 18.5575 -4.42497e-08
440.742 18.731 -2.20631e-07
440.908 18.89 -2.29208e-07
441.075 19.0337 -2.39418e-07
441.242 19.1616 -2.5952e-07
441.412 19.2735 -1.5974e-07
441.582 19.3695 -1.77694e-07
441.755 19.4497 -1.99179e-07
441.931 19.5147 -2.21823e-07
442.108 19.5648 -2.52844e-07
442.288 19.6008 -2.86753e-07
442.471 19.6234 -3.19999e-07
442.656 19.6334 -3.62937e-07
442.844 19.6317 -4.08451e-07
443.033 19.6191 -4.58512e-07
443.226 19.5965 -5.09532e-07
443.42 19.5646 -5.61786e-07
443.616 19.5243 -6.13319e-07
443.814 19.4764 -6.604e-07
444.004 19.4448 -7.85577e-07
444.183 19.4316 -9.02391e-07
444.354 19.428 -1.0767e-06
444.519 19.4299 -1.31704e-06
444.68 19.4337 -1.64212e-06
444.838 19.4363 -2.07583e-06
444.994 19.435 -2.11855e-06
445.148 19.4281 -7.30645e-07
445.303 19.414 -3.92677e-07
445.461 19.3882 -3.71401e-07
445.629 19.337 -3.33579e-07
445.798 19.2801 -3.13502e-07
445.968 19.2178 -2.91974e-07
446.14 19.1503 -2.74707e-07
446.312 19.0775 -2.59836e-07
446.485 19.0001 -2.433e-07
446.66 18.9181 -2.29186e-07
446.836 18.832 -2.16531e-07
447.013 18.7419 -2.03766e-07
447.192 18.6482 -1.92048e-07
447.372 18.5513 -1.80754e-07
447.554 18.4514 -1.7058e-07
447.736 18.349 -1.6245e-07
447.92 18.2443 -1.52104e-07
448.105 18.1375 -1.45033e-07
448.292 18.0291 -1.38118e-07
448.479 17.9193 -1.30448e-07
448.668 17.8083 -1.23559e-07
448.857 17.6964 -1.19496e-07
449.048 17.5838 -1.11152e-07
449.24 17.4707 -1.0733e-07
