0 0 0
-42.7003 2.64217 -2.99698e-17
-85.3963 5.28435 -6.30321e-17
-128.088 7.92653 -1.07996e-16
-170.776 10.5687 -1.09727e-16
-213.459 13.2109 8.81339e-16
-256.138 15.8531 -2.37209e-16
-298.813 18.4953 3.0095e-16
-341.484 21.1375 -1.34625e-16
-371.645 22.707 2.3754e-14
-371.844 21.613 5.05167e-13
-372.031 20.5633 8.27971e-12
-372.202 19.6125 1.95487e-11
-372.36 18.7729 1.80647e-11
-372.516 18.0143 1.43103e-11
-372.67 17.3576 3.08372e-10
-372.835 16.733 -2.42528e-10
-373.012 16.1456 1.73584e-10
-373.178 15.7985 1.02096e-11
-373.367 15.4498 -1.50582e-11
-373.578 15.1118 -1.20977e-11
-373.81 14.7844 -1.1401e-11
-374.064 14.4673 -9.84383e-12
-374.34 14.1602 -9.05027e-12
-374.639 13.8628 -8.05176e-12
-374.959 13.5764 -7.68987e-12
-375.275 13.4407 -6.51848e-12
-375.617 13.3862 -5.90547e-12
-375.981 13.3253 -5.38209e-12
-376.368 13.2594 -4.92231e-12
-376.777 13.1895 -4.53708e-12
-377.206 13.1163 -4.18379e-12
-377.655 13.0406 -3.88556e-12
-378.124 12.9629 -3.6202e-12
-378.61 12.8838 -3.38902e-12
-379.115 12.8036 -3.17573e-12
-379.636 12.7228 -3.00136e-12
-380.174 12.6415 -2.83451e-12
-380.727 12.5601 -2.67529e-12
-381.294 12.4787 -2.55511e-12
-381.876 12.3975 -2.42033e-12
-382.471 12.3165 -2.32002e-12
-383.078 12.2361 -2.20717e-12
-383.697 12.1561 -2.13205e-12
-384.327 12.0767 -2.03852e-12
-384.968 11.9979 -1.94846e-12
-385.618 11.9199 -1.88716e-12
-386.277 11.8427 -1.82011e-12
-386.944 11.7664 -1.74328e-12
-387.618 11.6908 -1.68372e-12
-388.3 11.6159 -1.6375e-12
-388.99 11.5419 -1.58754e-12
-389.685 11.4686 -1.53137e-12
-390.387 11.396 -1.5031e-12
-391.095 11.3243 -1.43192e-12
-391.808 11.2533 -1.41443e-12
-392.526 11.1831 -1.36922e-12
-393.227 11.2031 -1.01986e-12
-393.907 11.3248 -1.00552e-12
-394.59 11.4299 -9.74538e-13
-395.277 11.5213 -9.7439e-13
-395.968 11.6018 -9.36389e-13
-396.671 11.6791 -7.55146e-13
-397.391 11.7603 -7.12691e-13
-398.114 11.8416 -7.01739e-13
-398.838 11.9226 -7.14781e-13
-399.565 12.0028 -6.741e-13
-400.293 12.082 -6.40689e-13
-400.799 12.1248 -1.55865e-13
-399.501 11.8832 -5.95117e-13
-396.44 11.5433 1.81461e-13
-391.734 11.1455 -6.64887e-13
-385.596 10.724 -2.42074e-12
-378.255 10.2751 3.50148e-12
-370.184 9.84269 2.75002e-12
-363.639 9.50334 -4.72956e-12
-356.815 9.18177 -4.0185e-12
-349.852 8.88342 -3.89822e-12
-342.953 8.63881 2.82244e-11
-336.128 8.41521 -5.45836e-12
-329.449 8.21335 2.88125e-12
-322.969 8.03292 -2.48496e-12
-316.72 7.87257 -1.89179e-12
-310.671 7.71392 -8.14023e-12
-304.846 7.56013 1.40513e-11
-299.263 7.41457 -9.69448e-12
-293.931 7.27938 -9.1781e-12
-288.852 7.15575 5.96033e-13
-284.023 7.04399 -3.06231e-11
-279.449 6.94995 -5.06643e-11
-275.118 6.87149 -5.99918e-11
-271.002 6.80032 5.16863e-12
-267.09 6.73573 -1.3167e-11
-263.311 6.74386 3.99413e-11
-259.609 6.86136 5.48385e-10
-256.055 6.96834 -1.72238e-11
-252.633 7.0618 -2.14284e-10
-249.344 7.14292 -1.84221e-11
-246.185 7.21225 -2.09734e-10
-243.154 7.27052 1.02063e-10
-240.248 7.31859 -8.5463e-11
-237.462 7.35739 5.80009e-11
-234.8 7.39181 -5.7165e-11
-232.259 7.42343 2.78632e-10
-229.822 7.44791 -2.0845e-10
-227.484 7.46614 -7.63695e-11
-225.241 7.47894 -9.21455e-11
-223.087 7.48712 7.25218e-11
-221.017 7.49138 -8.49906e-11
-219.028 7.49237 2.80349e-11
-217.115 7.49062 -1.25788e-11
-215.143 7.54456 5.97817e-11
-213.215 7.59649 1.06713e-11
-211.348 7.63477 1.06543e-09
-209.541 7.66039 9.11728e-10
-207.794 7.67462 1.12144e-09
-206.104 7.679 2.42645e-09
-204.472 7.67504 5.16534e-09
-202.896 7.66477 2.34774e-08
-201.382 7.65492 6.32906e-08
-199.918 7.64026 9.93813e-08
-198.503 7.62169 1.61419e-07
-197.134 7.60001 2.70294e-07
-195.809 7.57591 4.57442e-07
-194.527 7.54998 7.85392e-07
-193.285 7.52271 1.35261e-06
-192.082 7.49451 2.3355e-06
-190.915 7.46571 4.02986e-06
-189.784 7.43656 6.91682e-06
-188.687 7.40728 1.17674e-05
-187.621 7.37802 1.97092e-05
-186.582 7.3449 3.37627e-05
-185.566 7.30633 3.76547e-06
-184.575 7.26411 7.03633e-06
-183.608 7.21923 1.38744e-05
-182.664 7.17253 1.32965e-05
-181.744 7.12486 1.07717e-06
-180.847 7.07688 2.8849e-06
-179.934 7.10295 2.60254e-06
-179.042 7.12724 -5.29912e-06
-178.176 7.15282 -1.82654e-05
-177.332 7.17654 -1.96566e-05
-176.507 7.19743 -3.13756e-05
-175.702 7.21548 -2.66161e-06
-174.915 7.23078 -3.53e-06
-174.147 7.24344 -5.26815e-06
-173.396 7.25362 -8.52243e-06
-172.663 7.26148 -1.44917e-05
-171.947 7.26724 -2.53253e-05
-171.247 7.27107 -4.26034e-05
-170.562 7.27318 -7.06062e-06
-169.894 7.27378 -1.17712e-05
-169.24 7.27302 -1.15928e-05
-168.6 7.27114 -2.02553e-05
-167.975 7.26827 -1.25847e-05
-167.363 7.26455 -2.10591e-05
-166.764 7.2601 7.3056e-06
-166.178 7.25506 1.34763e-05
-165.601 7.24519 2.46498e-05
-165.032 7.22816 -3.60926e-06
-164.471 7.20569 -8.10659e-06
-163.919 7.17855 -1.66181e-05
-163.377 7.14756 2.39747e-06
-162.843 7.11352 4.70823e-06
-162.318 7.07725 9.88396e-06
-161.803 7.03951 2.17313e-05
-161.297 7.00099 4.54294e-05
-160.801 6.9623 8.39633e-09
-160.317 6.93213 1.88345e-06
-159.842 6.90272 1.74653e-06
-159.375 6.87368 1.97999e-06
-158.918 6.84518 2.41455e-06
-158.468 6.81737 3.16658e-06
-158.027 6.7904 4.40065e-06
-157.594 6.76435 6.38449e-06
-157.168 6.73932 9.53691e-06
-156.75 6.7153 8.78302e-06
-156.339 6.69242 1.41365e-05
-155.936 6.67065 2.14608e-05
-155.539 6.65001 -1.0693e-06
-155.149 6.63046 -2.16408e-06
-154.766 6.61199 -3.84112e-06
-154.389 6.59457 -6.46346e-06
-154.019 6.57817 -1.05705e-05
-153.655 6.56275 -1.69387e-05
-153.296 6.54826 -2.49654e-05
-152.944 6.53464 1.59122e-06
-152.597 6.52186 2.60742e-06
-152.244 6.53528 4.49717e-06
-151.895 6.55302 -1.67504e-07
-151.55 6.57045 -1.48131e-07
-151.21 6.58745 -4.93466e-07
-150.875 6.60413 1.30752e-07
-150.545 6.62044 7.95273e-08
-150.22 6.63626 7.71822e-08
-149.899 6.65102 7.80564e-08
-149.58 6.66376 1.2264e-07
-149.264 6.67457 1.85603e-07
-148.952 6.68336 2.07781e-07
-148.643 6.69011 3.40405e-07
-148.338 6.69476 6.47488e-07
