0 0 0
-1.8705e-10 -29515.2 -4.50107e+07
-7.90607e-10 -59030.5 -9.00214e+07
-1.73139e-09 -88545.9 -1.35032e+08
-2.98456e-09 -118062 -1.80043e+08
-4.46369e-09 -147578 -2.25054e+08
-6.32565e-09 -177094 -2.70065e+08
-8.15908e-09 -206611 -3.15076e+08
-1.05063e-08 -236128 -3.60087e+08
-4.06432e-06 -260971 -3.9797e+08
-0.000116862 -268645 -4.09671e+08
-0.000269461 -274476 -4.1856e+08
4.3651e-05 -278226 -4.24275e+08
1.83621e-05 -281326 -4.28999e+08
-0.00160442 -283014 -4.3157e+08
-0.00110212 -284709 -4.34149e+08
-0.000826181 -286411 -4.36741e+08
0.000990802 -287193 -4.37928e+08
-0.00274142 -287810 -4.38864e+08
-0.00236001 -288442 -4.39823e+08
-0.00215969 -289090 -4.40806e+08
-0.00197358 -289755 -4.41813e+08
-0.00180396 -290436 -4.42846e+08
-0.0016489 -291134 -4.43904e+08
0.00853243 -291753 -4.44841e+08
-4.41979e-06 -292074 -4.45324e+08
-6.79665e-09 -292407 -4.45824e+08
-0.00637377 -292757 -4.46349e+08
-0.00615906 -293124 -4.46901e+08
-0.00627704 -293507 -4.47477e+08
-0.00578817 -293906 -4.48076e+08
-0.00565801 -294320 -4.48699e+08
-0.00550788 -294749 -4.49344e+08
-0.00535901 -295193 -4.5001e+08
-0.0052109 -295650 -4.50697e+08
-0.00506408 -296120 -4.51403e+08
-0.00491898 -296602 -4.52127e+08
-0.00477599 -297096 -4.5287e+08
-0.00463542 -297601 -4.53629e+08
-0.00449755 -298117 -4.54403e+08
-0.00436258 -298643 -4.55193e+08
-0.0042307 -299178 -4.55997e+08
-0.00300163 -299722 -4.56812e+08
-0.00476225 -300272 -4.57638e+08
-0.00372204 -300829 -4.58474e+08
-0.00363294 -301394 -4.59321e+08
-0.00352081 -301966 -4.60179e+08
-0.00341275 -302544 -4.61045e+08
-0.00330803 -303128 -4.61921e+08
-0.00320665 -303717 -4.62804e+08
-0.00310853 -304312 -4.63696e+08
-0.00301361 -304912 -4.64594e+08
1.08628e-05 -305483 -4.65451e+08
-0.00515264 -306050 -4.663e+08
-0.00514154 -306621 -4.67155e+08
-0.00513336 -307194 -4.68014e+08
-1.22522e-05 -307759 -4.68857e+08
2.27075e-07 -308322 -4.69698e+08
2.03157e-07 -308888 -4.70542e+08
1.81595e-07 -309456 -4.71391e+08
1.63142e-07 -310027 -4.72242e+08
-1.33476e-05 -310587 -4.73076e+08
2.31424e-05 -310667 -4.73173e+08
2.14592e-05 -310191 -4.72417e+08
0.0143195 -309175 -4.70837e+08
0.000120204 -307435 -4.68148e+08
0.0764337 -305065 -4.64497e+08
-0.00300488 -302686 -4.60834e+08
0.000410312 -300298 -4.57155e+08
-8.05618e-05 -297759 -4.53247e+08
0.000114801 -295370 -4.49569e+08
5.86958e-06 -292983 -4.45893e+08
5.78059e-05 -290643 -4.4229e+08
0.000123248 -288385 -4.3881e+08
0.000148249 -286149 -4.35365e+08
0.000344703 -283875 -4.31863e+08
0.000537437 -281621 -4.28392e+08
0.000172708 -279425 -4.25009e+08
0.000144588 -277312 -4.21753e+08
1.27448e-05 -275301 -4.18652e+08
0.000197583 -273483 -4.15846e+08
0.000232401 -271774 -4.13206e+08
0.00023442 -270166 -4.10721e+08
-0.00148243 -268568 -4.0825e+08
0.00315696 -266932 -4.05721e+08
0.0075947 -265279 -4.03165e+08
0.00602637 -263604 -4.00576e+08
0.00572022 -261930 -3.97987e+08
0.00523099 -260272 -3.95423e+08
0.00446312 -258646 -3.92908e+08
0.00360253 -257064 -3.90461e+08
0.00278861 -255578 -3.88158e+08
0.000494606 -254180 -3.85992e+08
0.000402419 -252839 -3.83911e+08
0.000359745 -251554 -3.81916e+08
0.000322096 -250326 -3.80007e+08
0.000289559 -249154 -3.78184e+08
0.000261036 -248038 -3.76446e+08
0.000386111 -246963 -3.7477e+08
0.00751618 -245675 -3.72768e+08
0.0113367 -244351 -3.7071e+08
0.00211162 -243010 -3.68626e+08
0.00221632 -241668 -3.66541e+08
0.00205334 -240339 -3.64476e+08
0.00184178 -239035 -3.62448e+08
-0.00259433 -237779 -3.60495e+08
0.000330836 -236616 -3.58682e+08
0.000270804 -235490 -3.56927e+08
0.000272333 -234404 -3.55232e+08
0.000270537 -233358 -3.53597e+08
0.000266783 -232352 -3.52023e+08
0.000261754 -231386 -3.50511e+08
0.000256297 -230459 -3.49057e+08
0.00025103 -229570 -3.47663e+08
0.000245898 -228719 -3.46325e+08
0.000242355 -227904 -3.45043e+08
0.00045158 -227107 -3.43787e+08
0.000667803 -226280 -3.42486e+08
0.000706996 -225439 -3.41163e+08
0.000713794 -224592 -3.39832e+08
-1.09699e-05 -223746 -3.38502e+08
0.000733025 -222907 -3.37183e+08
0.00111168 -222023 -3.35795e+08
-0.000271647 -221100 -3.34346e+08
0.00528912 -220222 -3.32967e+08
0.000887139 -219387 -3.31652e+08
0.000853928 -218569 -3.30363e+08
0.000974443 -217770 -3.29103e+08
0.00109081 -216991 -3.27873e+08
-6.1541e-05 -216232 -3.26674e+08
0.00144782 -215495 -3.25507e+08
0.00111698 -214779 -3.24372e+08
0.00114033 -214084 -3.2327e+08
0.00115007 -213411 -3.22201e+08
0.00115448 -212760 -3.21165e+08
-0.000894098 -212129 -3.2016e+08
-0.000412417 -211520 -3.19188e+08
0.00118282 -210931 -3.18246e+08
0.00120095 -210362 -3.17334e+08
-0.000224128 -209812 -3.16451e+08
0.00196936 -209254 -3.15557e+08
0.00225459 -208667 -3.14618e+08
0.0030757 -208062 -3.13652e+08
-0.000358948 -207445 -3.12667e+08
0.00320946 -206820 -3.1167e+08
0.00194709 -206193 -3.1067e+08
0.00829645 -205567 -3.09672e+08
0.00292276 -204948 -3.08683e+08
0.000335794 -204338 -3.07709e+08
0.000795958 -203779 -3.06813e+08
0.000695958 -203231 -3.05933e+08
0.000772224 -202694 -3.0507e+08
0.000840992 -202169 -3.04225e+08
0.00141536 -201657 -3.03398e+08
0.00149062 -201156 -3.0259e+08
0.00156121 -200668 -3.01801e+08
0.00162147 -200193 -3.01032e+08
0.0016752 -199731 -3.00281e+08
0.00173066 -199281 -2.9955e+08
0.00180683 -198844 -2.98838e+08
0.00194321 -198420 -2.98144e+08
0.00220414 -198007 -2.97469e+08
-0.000238518 -197607 -2.96812e+08
0.00173942 -197218 -2.96173e+08
0.00168977 -196841 -2.9555e+08
0.00167294 -196474 -2.94944e+08
0.000718778 -196093 -2.94316e+08
-0.00100268 -195713 -2.93688e+08
0.0119413 -195343 -2.93074e+08
0.0139606 -194982 -2.92474e+08
0.0142368 -194630 -2.91888e+08
0.0172917 -194287 -2.91315e+08
-0.0049617 -193952 -2.90755e+08
1.57692e-07 -193596 -2.90163e+08
0.000681989 -193217 -2.89535e+08
0.000832488 -192821 -2.88882e+08
0.000985071 -192410 -2.88206e+08
0.00114111 -191988 -2.87514e+08
0.00129206 -191558 -2.86809e+08
0.00143053 -191123 -2.86097e+08
0.00155218 -190685 -2.85381e+08
0.00165527 -190248 -2.84665e+08
-0.00339605 -189821 -2.83966e+08
0.000538733 -189424 -2.8331e+08
0.00034784 -189030 -2.8266e+08
0.000379768 -188641 -2.82017e+08
0.000425081 -188256 -2.81381e+08
0.000475669 -187877 -2.80752e+08
0.000540688 -187504 -2.80133e+08
0.000617068 -187137 -2.79523e+08
0.00109684 -186777 -2.78923e+08
-5.58813e-05 -186423 -2.78334e+08
0.00104292 -186077 -2.77755e+08
0.00110079 -185738 -2.77186e+08
0.0011629 -185406 -2.76629e+08
0.00122625 -185082 -2.76082e+08
0.00128655 -184764 -2.75547e+08
0.00134515 -184454 -2.75022e+08
0.00106541 -184152 -2.74508e+08
-4.28121e-05 -183856 -2.74005e+08
0.00108128 -183567 -2.73512e+08
