0 0 0
0.000223561 3.5963e-05 2.30972e-23
0.000447145 7.1926e-05 -1.84606e-21
0.000670752 0.000107889 6.44626e-21
0.000894382 0.000143852 1.23474e-21
0.00111804 0.000179816 3.91653e-21
0.00134171 0.000215779 7.23428e-21
0.00156541 0.000251742 -3.16557e-21
0.00178914 0.000287706 2.46578e-21
0.00203822 0.00032517 5.72873e-19
0.00237804 0.000367274 9.66044e-18
0.00272794 0.00040855 6.65376e-16
0.00308809 0.000451044 6.95399e-17
0.00345347 0.000490798 -6.28468e-15
0.00382471 0.000533244 -5.26533e-15
0.00419651 0.000572205 2.48252e-14
0.00456832 0.000610288 -1.72906e-14
0.00494792 0.000650571 -1.28484e-14
0.00532549 0.000690454 1.25763e-14
0.00570312 0.000729236 -7.9944e-15
0.0060808 0.000766955 3.53055e-15
0.00645852 0.000803645 -3.19052e-15
0.00683629 0.00083934 1.01556e-15
0.00721409 0.000874072 -1.63738e-15
0.00760193 0.000908901 -6.47031e-16
0.00798347 0.000946524 -4.56295e-16
0.00836356 0.000983934 -5.54988e-16
0.0087435 0.00102103 -5.3067e-16
0.00912319 0.00105778 -5.1172e-16
0.00950267 0.00109419 -4.94747e-16
0.00988175 0.00113024 -4.79066e-16
0.0102608 0.00116594 -4.6491e-16
0.0106397 0.0012013 -4.52021e-16
0.0110186 0.00123632 -4.40218e-16
0.0113975 0.00127099 -4.29076e-16
0.0117763 0.00130532 -4.18903e-16
0.0121551 0.00133931 -4.09565e-16
0.0125338 0.00137295 -4.0098e-16
0.0129125 0.00140627 -3.92515e-16
0.0132912 0.00143925 -3.8487e-16
0.0136699 0.0014719 -3.77879e-16
0.0140485 0.00150423 -3.70712e-16
0.0144264 0.00153617 -3.6424e-16
0.0148035 0.00156772 -3.58019e-16
0.01518 0.00159893 -3.52067e-16
0.0155565 0.00162983 -3.46485e-16
0.015933 0.00166042 -3.41208e-16
0.0163095 0.00169071 -3.36228e-16
0.0166859 0.00172071 -3.31082e-16
0.0170624 0.00175043 -3.26432e-16
0.0174388 0.00177985 -3.2167e-16
0.0178152 0.001809 -3.1718e-16
0.0182041 0.00183986 -3.19748e-16
0.0185969 0.00187133 -3.16663e-16
0.01899 0.0019029 -3.13911e-16
0.0193833 0.00193453 -3.11235e-16
0.019767 0.00196733 -3.11522e-16
0.0201473 0.00200071 -3.10585e-16
0.0205277 0.00203435 -3.0822e-16
0.020908 0.00206824 -3.06985e-16
0.0212883 0.00210235 -3.04705e-16
0.0216678 0.00213667 -2.96037e-16
0.0220061 0.00217122 -2.80898e-16
0.0223099 0.00220624 -2.28577e-16
0.0225864 0.00224115 -3.17677e-16
0.0228357 0.0022755 -2.7149e-16
0.0230611 0.00230851 -2.22936e-16
0.0232835 0.00233999 -5.64673e-16
0.023504 0.00236998 -2.91167e-15
0.0237192 0.00239832 -2.10145e-15
0.0239365 0.00242531 -9.86858e-16
0.0241528 0.00245087 -7.13014e-16
0.0243692 0.0024751 -3.38383e-16
0.0245868 0.00249812 -4.93375e-16
0.024804 0.00251996 -1.36214e-15
0.0250189 0.00254051 -1.05237e-15
0.0252334 0.00255991 -1.29123e-15
0.0254485 0.00257827 -1.07954e-15
0.0256652 0.00259572 -9.18938e-16
0.0258842 0.00261237 -6.10485e-16
0.0261082 0.00262854 -5.82294e-16
0.026335 0.00264412 -1.09498e-15
0.0265644 0.00265915 -2.22033e-15
0.0267873 0.00267622 -2.16971e-16
0.0269969 0.00269688 -1.55394e-16
0.0272025 0.00271776 -1.64397e-15
0.0274036 0.00273874 -7.80438e-16
0.0276013 0.00275971 -1.40958e-15
0.0277965 0.00278057 -8.09161e-16
0.02799 0.00280125 -3.95236e-16
0.0281825 0.00282168 -1.11755e-15
0.0283767 0.00284189 -2.17204e-15
0.0285727 0.00286188 4.58918e-16
0.0287693 0.00288156 -3.98678e-16
0.0289667 0.0029009 -7.62081e-16
0.0291651 0.00291992 -1.17802e-15
0.0293647 0.0029386 -1.8243e-15
0.0295657 0.00295696 3.26264e-15
0.0297671 0.00297511 -2.40238e-16
0.0299255 0.00299689 -5.03789e-16
0.0300795 0.00301841 7.49134e-15
0.0302303 0.00303959 -4.8658e-16
0.0303787 0.00306034 -6.34206e-17
0.0305256 0.00308064 7.10496e-16
0.0306717 0.00310046 1.23957e-15
0.0308182 0.00311984 -1.39007e-15
0.0309675 0.00313887 -9.82723e-15
0.0311173 0.00315748 -2.64335e-14
0.0312677 0.00317568 -3.94734e-14
0.0314188 0.00319349 -6.39239e-14
0.0315708 0.00321093 -1.07974e-13
0.0317237 0.00322801 -1.77357e-13
0.0318777 0.00324476 -2.90058e-13
0.0320327 0.00326119 -4.72671e-13
0.0321889 0.00327731 -7.64691e-13
0.0323462 0.00329313 -1.23487e-12
0.0325037 0.00330865 -2.03638e-12
0.0326584 0.00332372 -1.15211e-12
0.0328113 0.00333838 -1.78851e-12
0.0329629 0.00335264 -3.05664e-12
0.0331138 0.00336652 -5.61797e-12
0.0332642 0.00338006 -1.08312e-11
0.0334019 0.00339521 -1.17527e-11
0.0335244 0.00341218 -8.63175e-11
0.0336475 0.00342915 3.6811e-11
0.0337718 0.00344612 5.01232e-11
0.0338952 0.00346301 8.80706e-11
0.0340179 0.0034798 1.50141e-10
0.0341402 0.00349648 2.93632e-10
0.0342621 0.00351304 5.55958e-11
0.0343839 0.00352946 5.67462e-11
0.0345057 0.00354574 5.9825e-11
0.0346277 0.00356188 6.68023e-11
0.03475 0.00357788 8.00776e-11
0.0348727 0.00359374 1.22728e-10
0.0349958 0.00360945 1.62554e-10
0.0351196 0.00362502 -3.17517e-11
0.0352439 0.00364046 8.00478e-11
0.0353689 0.00365577 9.70984e-11
0.0354946 0.00367095 1.76632e-10
0.0356184 0.00368591 6.45261e-11
0.0357375 0.00370049 5.30248e-11
0.0358532 0.00371473 3.152e-11
0.0359661 0.00372862 -6.23677e-11
0.0360769 0.00374218 5.28428e-11
0.036186 0.00375542 5.71169e-11
0.036294 0.00376836 4.83111e-11
0.0364014 0.00378102 4.95165e-11
0.0365087 0.00379345 4.8194e-11
0.0366207 0.00380597 4.78837e-11
0.0367332 0.00381832 4.75099e-11
0.036846 0.0038305 4.709e-11
0.0369593 0.00384253 4.67152e-11
0.0370731 0.00385442 4.62617e-11
0.0371875 0.00386617 4.58963e-11
0.0373026 0.00387781 4.55718e-11
0.0374185 0.00388934 4.52833e-11
0.0375351 0.00390078 4.50735e-11
0.0376526 0.00391211 4.49511e-11
0.0377709 0.00392337 4.49828e-11
0.03789 0.00393455 4.52274e-11
0.03801 0.00394565 4.57765e-11
0.0381309 0.00395669 4.67842e-11
0.0382526 0.00396767 4.84151e-11
0.0383752 0.00397858 5.09213e-11
0.0384986 0.00398944 5.46299e-11
0.0386063 0.00400159 5.15859e-11
0.0387049 0.00401445 4.72593e-11
0.0388033 0.00402736 4.97136e-11
0.0389013 0.00404032 4.42318e-11
0.038999 0.00405332 4.38638e-11
0.0390965 0.00406635 4.20661e-11
0.0391936 0.0040794 4.75208e-11
0.0392878 0.00409246 4.23765e-11
0.0393782 0.00410551 4.29682e-11
0.0394655 0.00411853 4.2731e-11
0.0395499 0.00413148 4.24502e-11
0.0396319 0.00414436 4.19234e-11
0.0397117 0.00415714 4.10776e-11
0.0397897 0.00416981 3.94726e-11
0.0398662 0.00418236 3.61659e-11
0.0399414 0.00419478 2.95688e-11
0.0400164 0.0042071 -9.04671e-12
0.040094 0.0042194 -7.22215e-11
0.040171 0.00423158 -7.89651e-11
0.0402475 0.00424365 -1.06792e-10
0.0403237 0.00425559 -1.44873e-10
0.0403995 0.00426743 -1.95067e-10
0.0404753 0.00427914 -3.00083e-10
0.0405509 0.00429075 -5.86148e-11
0.0406265 0.00430224 -5.27944e-11
0.0407022 0.00431363 -5.63073e-11
0.0407781 0.00432493 -6.21745e-11
0.0408541 0.00433612 -7.14205e-11
0.0409303 0.00434722 -8.54624e-11
0.0410067 0.00435823 -1.06189e-10
0.0410835 0.00436916 -1.36238e-10
0.0411606 0.00438 -2.26363e-10
0.041238 0.00439076 -8.48338e-11
0.0413158 0.00440145 -8.97577e-11
0.0413939 0.00441206 -9.73081e-11
