0 0 0
-42.5871 2.63517 -1.23055e-17
-85.1699 5.27034 2.59668e-16
-127.748 7.90551 2.04192e-17
-170.323 10.5407 7.32177e-17
-212.893 13.1759 -8.04049e-16
-255.459 15.8111 8.84749e-17
-298.02 18.4463 -2.4068e-16
-340.578 21.0815 1.1449e-15
-371.645 22.7105 -2.51162e-13
-371.862 21.5144 -1.68056e-12
-372.066 20.3689 -5.44361e-11
-372.244 19.3932 -8.06444e-12
-372.432 18.4074 3.61933e-10
-372.602 17.6416 1.73441e-09
-372.783 16.9252 -9.33096e-10
-372.98 16.2523 5.37685e-10
-373.17 15.8199 2.26212e-10
-373.386 15.4246 -4.51401e-10
-373.628 15.0432 1.14582e-10
-373.898 14.6765 -1.52786e-10
-374.195 14.3231 -4.59152e-12
-374.521 13.9824 -7.58949e-11
-374.874 13.6562 9.65269e-11
-375.238 13.4389 -4.46064e-11
-375.621 13.3852 -4.02721e-11
-376.036 13.3154 -3.63515e-11
-376.48 13.2393 -3.2758e-11
-376.952 13.1583 -2.97137e-11
-377.45 13.0736 -2.71267e-11
-377.973 12.9862 -2.48877e-11
-378.52 12.8967 -2.29691e-11
-379.09 12.8059 -2.13091e-11
-379.681 12.7142 -1.98534e-11
-380.294 12.622 -1.85744e-11
-380.926 12.5296 -1.74358e-11
-381.576 12.4375 -1.64415e-11
-382.243 12.3456 -1.55706e-11
-382.927 12.2543 -1.47392e-11
-383.627 12.1636 -1.40322e-11
-384.34 12.0736 -1.3386e-11
-385.068 11.9845 -1.27985e-11
-385.807 11.8963 -1.22407e-11
-386.558 11.8091 -1.1754e-11
-387.318 11.723 -1.12805e-11
-388.086 11.6382 -1.08614e-11
-388.863 11.5543 -1.04804e-11
-389.649 11.4714 -1.01123e-11
-390.443 11.3895 -9.75535e-12
-391.244 11.3085 -9.45203e-12
-392.051 11.2286 -9.12571e-12
-392.865 11.1497 -8.85327e-12
-393.644 11.2409 -6.59219e-12
-394.415 11.3676 -6.45749e-12
-395.192 11.4756 -6.31947e-12
-395.972 11.5688 -6.21523e-12
-396.778 11.6629 -4.78625e-12
-397.594 11.7579 -4.69764e-12
-398.41 11.8518 -4.54791e-12
-399.221 11.9436 -4.39512e-12
-400.033 12.0335 -4.27661e-12
-400.846 12.1218 -4.14255e-12
-399.732 11.9046 -4.01895e-12
-396.315 11.5243 -5.21286e-12
-390.724 11.0608 9.17594e-11
-383.336 10.5793 -2.34773e-11
-374.47 10.0633 -8.57413e-12
-366.134 9.6259 -9.37116e-13
-358.369 9.2467 -6.28432e-12
-350.374 8.89668 -5.45707e-12
-342.439 8.61122 -7.58031e-12
-334.615 8.35632 -3.31761e-12
-327.005 8.13047 -4.54417e-12
-319.678 7.93283 -3.0375e-11
-312.642 7.75149 7.37307e-12
-305.884 7.5722 3.534e-11
-299.443 7.40342 -3.22961e-11
-293.334 7.24849 2.47115e-11
-287.561 7.109 -3.78813e-12
-282.116 6.98528 -4.77529e-12
-277.017 6.88928 -4.91187e-11
-272.213 6.80458 -1.31756e-12
-267.682 6.72889 6.11562e-11
-263.33 6.74685 -1.73328e-10
-259.102 6.87922 -3.06305e-10
-255.062 6.9961 -5.32672e-11
-251.197 7.09619 1.09626e-12
-247.504 7.18052 -1.16234e-11
-243.982 7.25007 7.51245e-11
-240.625 7.30608 8.28329e-11
-237.428 7.35002 -1.62568e-11
-234.396 7.38873 -7.92848e-11
-231.517 7.42215 1.5605e-10
-228.774 7.44676 -2.13453e-11
-226.158 7.46382 -9.78158e-11
-223.663 7.47455 -8.31309e-11
-221.28 7.48002 8.39939e-11
-219.003 7.4812 1.49061e-10
-216.812 7.48754 -2.2879e-10
-214.555 7.55809 2.87353e-11
-212.377 7.61014 -8.1287e-11
-210.278 7.64498 1.15464e-11
-208.258 7.66444 3.58035e-10
-206.314 7.67067 6.61861e-10
-204.446 7.66594 1.21461e-09
-202.654 7.65434 4.10627e-09
-200.939 7.64135 1.17097e-08
-199.289 7.62257 1.6754e-08
-197.701 7.59928 2.40479e-08
-196.173 7.57255 3.44189e-08
-194.7 7.54331 4.91834e-08
-193.281 7.51229 7.00358e-08
-191.913 7.48011 1.03131e-07
-190.592 7.44722 1.49021e-07
-189.317 7.414 2.14419e-07
-188.084 7.38071 3.07152e-07
-186.89 7.34514 4.51892e-07
-185.726 7.30197 3.12271e-07
-184.594 7.25402 5.08922e-07
-183.494 7.20269 8.6063e-07
-182.424 7.14926 1.4979e-06
-181.384 7.09485 2.65544e-06
-180.347 7.09414 5.34948e-06
-179.32 7.12191 -2.42456e-07
-178.326 7.14966 -3.52234e-06
-177.362 7.17584 -3.69242e-06
-176.423 7.19828 -5.06e-06
-175.509 7.21705 -7.09275e-06
-174.62 7.23227 -1.00301e-05
-173.754 7.24414 -7.34146e-06
-172.911 7.25298 -1.11144e-05
-172.091 7.25906 -1.67543e-05
-171.292 7.26269 -2.48124e-05
-170.513 7.26414 -5.71684e-06
-169.755 7.26374 -8.66609e-06
-169.015 7.26175 -1.32722e-05
-168.295 7.25841 -1.91338e-05
-167.592 7.25395 4.92253e-06
-166.907 7.24858 7.39046e-06
-166.238 7.24245 1.08329e-05
-165.581 7.22991 1.72913e-05
-164.935 7.20859 2.57794e-05
-164.3 7.18057 -3.71436e-07
-163.676 7.14699 -1.57355e-06
-163.064 7.10907 -3.71566e-06
-162.464 7.06797 -2.48436e-06
-161.876 7.0249 9.64353e-07
-161.3 6.98084 6.05748e-07
-160.738 6.93841 7.60235e-07
-160.19 6.90474 7.02184e-07
-159.654 6.87137 6.92269e-07
-159.129 6.8386 6.83658e-07
-158.615 6.80669 6.72307e-07
-158.112 6.77584 6.64344e-07
-157.619 6.74615 6.3812e-07
-157.135 6.71783 6.38588e-07
-156.662 6.69091 6.41923e-07
-156.198 6.66542 6.50673e-07
-155.744 6.64138 6.6662e-07
-155.298 6.61878 6.94304e-07
-154.861 6.59759 7.36401e-07
-154.432 6.57777 7.99483e-07
-154.012 6.55926 8.72985e-07
-153.6 6.54201 9.72945e-07
-153.195 6.52595 1.10641e-06
-152.797 6.511 1.27557e-06
-152.393 6.52809 9.63057e-07
-151.993 6.5477 5.12866e-07
-151.601 6.56716 4.3653e-07
-151.215 6.58628 3.97272e-07
-150.836 6.6049 3.7845e-07
-150.462 6.62287 3.60146e-07
-150.095 6.64001 3.50172e-07
-149.732 6.65456 3.46451e-07
-149.372 6.6665 3.38157e-07
-149.017 6.67578 3.29367e-07
-148.666 6.68229 3.31726e-07
-148.319 6.68602 3.39667e-07
-147.977 6.68702 3.63266e-07
-147.639 6.68542 4.0795e-07
-147.306 6.68137 5.06007e-07
-146.978 6.6751 6.91256e-07
-146.655 6.6689 1.4965e-06
-146.338 6.66319 2.40703e-06
-146.026 6.65585 2.55879e-06
-145.718 6.64704 2.82338e-06
-145.415 6.63693 3.21627e-06
-145.116 6.62569 3.71465e-06
-144.821 6.6135 4.33136e-06
-144.531 6.60052 5.11455e-06
-144.244 6.5869 6.07201e-06
-143.962 6.57275 4.44362e-06
-143.684 6.55827 5.72766e-06
-143.41 6.54352 7.41276e-06
-143.14 6.52863 9.57902e-06
-142.874 6.51367 1.23427e-05
-142.611 6.49872 1.58032e-05
-142.352 6.48384 2.01016e-05
-142.097 6.46909 2.42532e-05
-141.845 6.45451 2.18288e-06
-141.597 6.44014 2.66151e-06
