0 0
-0.000495005 1.25
-0.00198002 2.5
-0.00445505 3.75
-0.0079201 5
-0.0123752 6.25
-0.0178203 7.5
-0.0242554 8.75
-0.0316806 10
-0.0398501 11.25
-0.0491129 12.5
-0.0593455 13.75
-0.0708446 15
-0.0828547 16.25
-0.0963684 17.5
-0.110904 18.75
-0.126463 20
-0.141753 21.25
-0.159281 22.5
-0.177835 23.75
-0.197414 25
-0.218018 26.25
-0.239646 27.5
-0.262299 28.75
-0.282834 30
-0.305915 31.25
-0.331377 32.5
-0.357868 33.75
-0.385388 35
-0.413937 36.25
-0.443513 37.5
-0.474115 38.75
-0.505745 40
-0.5384 41.25
-0.572081 42.5
-0.606787 43.75
-0.642519 45
-0.679275 46.25
-0.717056 47.5
-0.755862 48.75
-0.795692 50
-0.836547 51.25
-0.878426 52.5
-0.921329 53.75
-0.965257 55
-1.01021 56.25
-1.05618 57.5
-1.10319 58.75
-1.15121 60
-1.20026 61.25
-1.25033 62.5
-1.30143 63.75
-1.34904 65
-1.39554 66.25
-1.44292 67.5
-1.49105 68.75
-1.54373 70
-1.59917 71.25
-1.65578 72.5
-1.71344 73.75
-1.77213 75
-1.83182 76.25
-1.91002 77.5
-2.00537 78.75
-2.11448 80
-2.23691 81.25
-2.37214 82.5
-2.51079 83.75
-2.65071 85
-2.79441 86.25
-2.93846 87.5
-3.08385 88.75
-3.23028 90
-3.37723 91.25
-3.52513 92.5
-3.67526 93.75
-3.82677 95
-3.97907 96.25
-4.13171 97.5
-4.28437 98.75
-4.43586 100
-4.58685 101.25
-4.73767 102.5
-4.89023 103.75
-5.05087 105
-5.21367 106.25
-5.37958 107.5
-5.54803 108.75
-5.71864 110
-5.89104 111.25
-6.06487 112.5
-6.23936 113.75
-6.4136 115
-6.58863 116.25
-6.76433 117.5
-6.94059 118.75
-7.11734 120
-7.29453 121.25
-7.47211 122.5
-7.66469 123.75
-7.86403 125
-8.06593 126.25
-8.27 127.5
-8.47588 128.75
-8.68324 130
-8.89179 131.25
-9.1 132.5
-9.3089 133.75
-9.51861 135
-9.72905 136.25
-9.94017 137.5
-10.1519 138.75
-10.3643 140
-10.5772 141.25
-10.7907 142.5
-11.0048 143.75
-11.2199 145
-11.4363 146.25
-11.6551 147.5
-11.8756 148.75
-12.0977 150
-12.3211 151.25
-12.5468 152.5
-12.7836 153.75
-13.0221 155
-13.2603 156.25
-13.5 157.5
-13.7411 158.75
-13.9835 160
-14.2271 161.25
-14.4719 162.5
-14.7177 163.75
-14.9646 165
-15.2124 166.25
-15.4611 167.5
-15.7108 168.75
-15.9612 170
-16.2125 171.25
-16.4646 172.5
-16.7176 173.75
-16.9714 175
-17.2284 176.25
-17.4881 177.5
-17.7503 178.75
-18.0146 180
-18.2808 181.25
-18.5487 182.5
-18.8181 183.75
-19.0888 185
-19.3596 186.25
-19.6303 187.5
-19.902 188.75
-20.1746 190
-20.4481 191.25
-20.7225 192.5
-20.9977 193.75
-21.2737 195
-21.5505 196.25
-21.828 197.5
-22.1064 198.75
-22.3854 200
-22.6653 201.25
-22.9458 202.5
-23.2272 203.75
-23.5092 205
-23.7921 206.25
-24.076 207.5
-24.371 208.75
-24.6673 210
-24.9648 211.25
-25.2635 212.5
-25.5635 213.75
-25.8647 215
-26.1673 216.25
-26.4728 217.5
-26.7809 218.75
-27.0914 220
-27.4043 221.25
-27.7192 222.5
-28.0362 223.75
-28.3551 225
-28.6758 226.25
-28.998 227.5
-29.3209 228.75
-29.6444 230
-29.9692 231.25
-30.2954 232.5
-30.6228 233.75
-30.9515 235
-31.2814 236.25
-31.6125 237.5
-31.9448 238.75
-32.2781 240
-32.6125 241.25
-32.9481 242.5
-33.2846 243.75
-33.6222 245
-33.9609 246.25
-34.3006 247.5
-34.6412 248.75
-34.9829 250
