0 0 0
-1.91836e-10 -29515.2 -4.50107e+07
-7.75685e-10 -59030.5 -9.00214e+07
-1.76709e-09 -88545.9 -1.35032e+08
-2.98536e-09 -118062 -1.80043e+08
-4.52337e-09 -147578 -2.25054e+08
-6.30871e-09 -177094 -2.70065e+08
-8.22456e-09 -206611 -3.15076e+08
-1.02959e-08 -236128 -3.60087e+08
-3.26689e-06 -261756 -3.99168e+08
-0.000114602 -271069 -4.13367e+08
4.39968e-09 -277078 -4.22527e+08
-0.000287763 -281425 -4.29154e+08
-0.00134741 -283783 -4.32746e+08
-0.000869171 -286154 -4.36357e+08
-0.00156772 -287347 -4.38173e+08
-0.00359438 -288230 -4.39515e+08
-0.00297845 -289144 -4.40904e+08
-0.00262528 -290091 -4.42342e+08
-0.00230996 -291070 -4.4383e+08
2.18502e-07 -291851 -4.45016e+08
-1.50167e-08 -292310 -4.4571e+08
2.26137e-08 -292805 -4.46457e+08
-1.55605e-08 -293332 -4.47255e+08
-1.35196e-08 -293890 -4.48099e+08
-1.35269e-08 -294479 -4.4899e+08
-1.27666e-08 -295096 -4.49923e+08
-1.20253e-08 -295740 -4.50897e+08
-1.21099e-08 -296410 -4.51909e+08
-1.12768e-08 -297102 -4.52957e+08
-0.00756366 -297817 -4.54037e+08
-0.00671035 -298551 -4.55148e+08
-0.00591327 -299304 -4.56286e+08
-1.10931e-08 -300067 -4.5744e+08
-0.00593767 -300842 -4.5861e+08
-0.0054036 -301630 -4.59801e+08
-0.00520532 -302430 -4.6101e+08
-0.00500166 -303242 -4.62236e+08
-0.00480844 -304064 -4.63478e+08
-0.00462526 -304895 -4.64733e+08
9.31967e-06 -305695 -4.65941e+08
-3.02136e-07 -306486 -4.67136e+08
-5.40268e-06 -307270 -4.6832e+08
4.62793e-07 -308049 -4.69494e+08
3.87503e-07 -308834 -4.70676e+08
3.17223e-07 -309622 -4.71865e+08
-2.82883e-06 -310390 -4.73021e+08
0.0118879 -310271 -4.72818e+08
-4.9136e-06 -308994 -4.70844e+08
-0.00150527 -306220 -4.66584e+08
0.0105679 -302587 -4.61013e+08
-0.00195914 -298984 -4.55489e+08
0.00406907 -295318 -4.49868e+08
-0.133525 -291773 -4.4443e+08
-0.00927634 -288364 -4.39203e+08
0.00144324 -285031 -4.34091e+08
0.0025806 -281665 -4.28928e+08
-0.0130958 -278412 -4.23939e+08
-0.0043082 -275358 -4.19255e+08
-0.000208823 -272651 -4.15099e+08
-0.000208969 -270200 -4.11333e+08
-0.000267489 -267798 -4.07642e+08
0.000166097 -265375 -4.03918e+08
-0.000450301 -262899 -4.00114e+08
-0.000425187 -260429 -3.96318e+08
-0.000285708 -258018 -3.92611e+08
-0.00562192 -255709 -3.89062e+08
0.0044783 -253630 -3.85862e+08
0.00273216 -251672 -3.82848e+08
0.00202581 -249838 -3.80021e+08
0.00156852 -248124 -3.77379e+08
0.0012578 -246528 -3.74916e+08
0.00585717 -244646 -3.72014e+08
0.0288446 -242677 -3.6898e+08
2.13972e-05 -240699 -3.65932e+08
0.00768419 -238755 -3.62935e+08
-0.0427892 -236899 -3.60074e+08
0.00196011 -235206 -3.5746e+08
0.00129784 -233595 -3.54972e+08
0.00111014 -232070 -3.52615e+08
0.00094763 -230630 -3.50387e+08
0.000811642 -229274 -3.48287e+08
0.000698964 -227999 -3.46311e+08
0.000605515 -226801 -3.44452e+08
0.000870924 -225606 -3.42598e+08
0.000882636 -224370 -3.40681e+08
0.00094016 -223124 -3.3875e+08
0.000945494 -221889 -3.36834e+08
0.0109139 -220541 -3.34745e+08
-0.0021081 -219221 -3.327e+08
-0.000326103 -217992 -3.30793e+08
0.00514521 -216802 -3.28944e+08
-0.00405417 -215653 -3.2716e+08
0.000282715 -214549 -3.25442e+08
0.000426634 -213490 -3.23793e+08
0.000741983 -212477 -3.22214e+08
0.000784498 -211509 -3.20704e+08
0.00289429 -210586 -3.19262e+08
0.00257732 -209706 -3.17886e+08
0.00234387 -208867 -3.16573e+08
0.0034562 -208050 -3.15292e+08
0.000816395 -207180 -3.13931e+08
0.00100545 -206277 -3.12519e+08
0.000216306 -205355 -3.11079e+08
0.000146472 -204430 -3.09634e+08
0.000198413 -203514 -3.08203e+08
0.000818391 -202637 -3.06831e+08
0.00153008 -201822 -3.05553e+08
0.00186591 -201030 -3.04311e+08
0.00202934 -200263 -3.03107e+08
0.00214607 -199522 -3.01941e+08
0.00221567 -198807 -3.00815e+08
0.00224361 -198118 -2.99729e+08
0.00223609 -197455 -2.98683e+08
0.0022031 -196818 -2.97677e+08
0.00214873 -196206 -2.96708e+08
0.00207993 -195619 -2.95776e+08
0.00200269 -195054 -2.9488e+08
0.00329579 -194468 -2.93948e+08
0.0460059 -193894 -2.93035e+08
0.0222442 -193339 -2.92151e+08
-0.0254647 -192803 -2.91296e+08
-0.00315388 -192286 -2.90469e+08
0.00166163 -191763 -2.89633e+08
0.0020197 -191191 -2.88723e+08
0.00272958 -190585 -2.87761e+08
-0.00633326 -189955 -2.86762e+08
-0.00269461 -189309 -2.85741e+08
0.000969262 -188657 -2.84708e+08
0.017753 -188005 -2.83676e+08
-3.72259e-05 -187397 -2.82712e+08
0.000809599 -186808 -2.81776e+08
0.000901588 -186228 -2.80854e+08
0.00103798 -185660 -2.79949e+08
0.00116089 -185104 -2.79063e+08
0.00126809 -184561 -2.78197e+08
0.00135908 -184033 -2.77352e+08
0.00143294 -183519 -2.76529e+08
0.0011904 -183019 -2.75729e+08
0.0012243 -182535 -2.74951e+08
0.00124196 -182066 -2.74196e+08
0.00125022 -181611 -2.73463e+08
0.00124883 -181170 -2.72751e+08
0.00124039 -180743 -2.72061e+08
0.00122544 -180330 -2.71391e+08
0.00369632 -179930 -2.70739e+08
0.00207842 -179502 -2.70047e+08
0.00260456 -179056 -2.69327e+08
0.000188194 -178596 -2.68586e+08
-0.00544008 -178127 -2.67831e+08
0.000326213 -177652 -2.67067e+08
0.000298148 -177176 -2.66302e+08
0.00030532 -176702 -2.65539e+08
0.000306045 -176233 -2.64784e+08
0.0147239 -175796 -2.64078e+08
0.000666436 -175373 -2.63392e+08
0.00149342 -174957 -2.62717e+08
0.00160728 -174548 -2.62054e+08
0.00120369 -174149 -2.61404e+08
0.00129092 -173758 -2.60767e+08
0.0013546 -173376 -2.60144e+08
0.00140332 -173003 -2.59534e+08
0.00143743 -172640 -2.58939e+08
0.00145588 -172285 -2.58357e+08
0.00146329 -171940 -2.57788e+08
0.00145831 -171604 -2.57234e+08
0.00144763 -171276 -2.56692e+08
0.001425 -170957 -2.56164e+08
0.00139644 -170647 -2.55649e+08
0.00136637 -170345 -2.55146e+08
0.00133084 -170051 -2.54655e+08
0.00129103 -169765 -2.54176e+08
0.00125167 -169487 -2.53708e+08
0.00121141 -169216 -2.53252e+08
0.00117134 -168953 -2.52806e+08
0.00112952 -168696 -2.52371e+08
0.00109104 -168446 -2.51946e+08
0.00105064 -168202 -2.5153e+08
0.0010124 -167965 -2.51124e+08
0.000974738 -167734 -2.50727e+08
0.00093975 -167509 -2.50339e+08
0.000904781 -167290 -2.4996e+08
0.00135834 -167066 -2.49575e+08
-0.00585966 -166820 -2.49154e+08
-0.000938239 -166555 -2.48704e+08
-0.00108932 -166280 -2.4824e+08
-0.00133958 -165996 -2.47761e+08
-0.0018763 -165704 -2.47269e+08
-0.00278552 -165403 -2.46765e+08
-2.24775e-06 -165096 -2.46251e+08
1.39645e-05 -164785 -2.45731e+08
0.000490198 -164471 -2.45206e+08
-0.000569197 -164179 -2.44714e+08
0.000663417 -163890 -2.44227e+08
0.000548472 -163601 -2.4374e+08
0.000526563 -163314 -2.43255e+08
0.000273094 -163028 -2.42773e+08
0.000286685 -162745 -2.42294e+08
0.0003051 -162465 -2.4182e+08
0.000327343 -162188 -2.41351e+08
0.000352856 -161915 -2.40887e+08
