0 0
-0.000495005 1.25
-0.00198002 2.5
-0.00445505 3.75
-0.0079201 5
-0.0123752 6.25
-0.0178203 7.5
-0.0242554 8.75
-0.0316806 10
-0.039806 11.25
-0.0490271 12.5
-0.059206 13.75
-0.0706938 15
-0.0832006 16.25
-0.0960947 17.5
-0.110611 18.75
-0.126149 20
-0.142559 21.25
-0.158695 22.5
-0.177211 23.75
-0.196753 25
-0.21732 26.25
-0.238912 27.5
-0.261529 28.75
-0.285171 30
-0.309837 31.25
-0.32982 32.5
-0.356222 33.75
-0.383655 35
-0.412108 36.25
-0.441545 37.5
-0.472008 38.75
-0.503535 40
-0.536106 41.25
-0.569703 42.5
-0.604327 43.75
-0.639977 45
-0.676653 46.25
-0.714355 47.5
-0.753081 48.75
-0.792833 50
-0.83361 51.25
-0.875412 52.5
-0.918239 53.75
-0.962091 55
-1.00697 56.25
-1.05278 57.5
-1.09963 58.75
-1.14758 60
-1.19655 61.25
-1.24655 62.5
-1.29757 63.75
-1.34961 65
-1.40268 66.25
-1.45678 67.5
-1.5119 68.75
-1.56804 70
-1.62217 71.25
-1.67353 72.5
-1.72578 73.75
-1.77892 75
-1.83296 76.25
-1.8901 77.5
-1.95156 78.75
-2.01404 80
-2.07754 81.25
-2.14206 82.5
-2.2076 83.75
-2.2766 85
-2.3666 86.25
-2.47096 87.5
-2.58804 88.75
-2.71668 90
-2.85763 91.25
-3.00659 92.5
-3.15342 93.75
-3.30446 95
-3.45863 96.25
-3.61251 97.5
-3.76803 98.75
-3.92467 100
-4.082 101.25
-4.23977 102.5
-4.39968 103.75
-4.5613 105
-4.72411 106.25
-4.88769 107.5
-5.05168 108.75
-5.21585 110
-5.37934 111.25
-5.54211 112.5
-5.70486 113.75
-5.86758 115
-6.03381 116.25
-6.20694 117.5
-6.38233 118.75
-6.56067 120
-6.74147 121.25
-6.92445 122.5
-7.10931 123.75
-7.29574 125
-7.4835 126.25
-7.6716 127.5
-7.85974 128.75
-8.04871 130
-8.23842 131.25
-8.42879 132.5
-8.61974 133.75
-8.81123 135
-9.00322 136.25
-9.19567 137.5
-9.40562 138.75
-9.62048 140
-9.83779 141.25
-10.0573 142.5
-10.2786 143.75
-10.5015 145
-10.7258 146.25
-10.9511 147.5
-11.1759 148.75
-11.4017 150
-11.6283 151.25
-11.8558 152.5
-12.0839 153.75
-12.3128 155
-12.5424 156.25
-12.7726 157.5
-13.0035 158.75
-13.235 160
-13.4672 161.25
-13.6999 162.5
-13.9344 163.75
-14.171 165
-14.4094 166.25
-14.6494 167.5
-14.8908 168.75
-15.1335 170
-15.3774 171.25
-15.6336 172.5
-15.8916 173.75
-16.1496 175
-16.4088 176.25
-16.6693 177.5
-16.9312 178.75
-17.1944 180
-17.4589 181.25
-17.7244 182.5
-17.9911 183.75
-18.2589 185
-18.5277 186.25
-18.7974 187.5
-19.0681 188.75
-19.3397 190
-19.6122 191.25
-19.8856 192.5
-20.1598 193.75
-20.4349 195
-20.7108 196.25
-20.989 197.5
-21.2701 198.75
-21.5537 200
-21.8396 201.25
-22.1276 202.5
-22.4174 203.75
-22.7089 205
-23.0019 206.25
-23.2962 207.5
-23.5917 208.75
-23.8862 210
-24.1816 211.25
-24.4781 212.5
-24.7755 213.75
-25.0738 215
-25.3731 216.25
-25.6732 217.5
-25.9742 218.75
-26.276 220
-26.5786 221.25
-26.8821 222.5
-27.1864 223.75
-27.4914 225
-27.7973 226.25
-28.104 227.5
-28.4114 228.75
-28.7197 230
-29.0288 231.25
-29.3387 232.5
-29.6494 233.75
-29.9699 235
-30.2934 236.25
-30.6183 237.5
-30.9446 238.75
-31.2721 240
-31.6009 241.25
-31.9309 242.5
-32.2628 243.75
-32.5976 245
-32.9348 246.25
-33.2744 247.5
-33.6162 248.75
-33.9601 250
