0 0 0
-42.7003 2.64217 -1.98582e-17
-85.3963 5.28435 5.7276e-17
-128.088 7.92653 -5.551e-17
-170.776 10.5687 -4.2452e-16
-213.459 13.2109 4.38453e-17
-256.138 15.8531 1.10643e-16
-298.813 18.4953 5.39748e-16
-341.484 21.1375 6.82171e-17
-371.669 22.578 -2.03706e-13
-372.008 20.6975 2.09075e-13
-372.332 18.9338 2.73307e-13
-372.649 17.4897 -6.70694e-13
-373.008 16.2329 -1.09756e-11
-373.407 15.4546 4.41457e-13
-373.908 14.73 9.37923e-13
-374.512 14.0552 6.61887e-13
-375.211 13.478 6.56056e-13
-375.984 13.3494 4.79848e-13
-376.868 13.1912 3.80576e-13
-377.843 13.0213 3.14187e-13
-378.904 12.8467 2.80359e-13
-380.046 12.6691 2.37804e-13
-381.259 12.4914 1.74754e-13
-382.537 12.3152 2.10825e-13
-383.871 12.1416 1.64693e-13
-385.256 11.9711 1.76121e-13
-386.66 11.8065 1.22641e-13
-388.085 11.6482 1.48379e-13
-389.54 11.493 1.28599e-13
-391.022 11.3414 1.99307e-13
-392.525 11.1934 6.47052e-14
-394.02 11.1644 9.7668e-14
-395.468 11.3803 6.43128e-14
-396.989 11.5846 3.60379e-14
-398.52 11.7762 1.88932e-14
-400.06 11.9562 1.50741e-14
-399.836 11.8675 -3.1581e-13
-390.841 11.0719 2.00049e-13
-373.493 10.0487 -2.70452e-12
-356.509 9.18422 -3.10364e-12
-339.569 8.51302 -8.06945e-11
-323.422 8.01367 -2.53017e-10
-308.583 7.61658 8.10217e-10
-295.103 7.25924 1.77858e-09
-283.173 6.97149 6.15433e-09
-272.797 6.77315 -8.79975e-10
-263.52 6.7711 -3.72537e-10
-254.95 7.00275 -3.79386e-10
-247.141 7.16883 -3.70376e-10
-240.076 7.27766 -3.40046e-10
-233.742 7.34965 -3.31934e-10
-228.067 7.39828 -2.83555e-10
-222.938 7.42051 -1.80982e-10
-218.287 7.42459 -2.83829e-10
-213.7 7.52919 -2.35742e-10
-209.397 7.59594 -2.05556e-10
-205.426 7.60707 -2.00226e-10
-201.787 7.58724 -3.05452e-10
-198.453 7.55174 1.43408e-10
-195.375 7.50121 -4.45381e-11
-192.527 7.44257 1.81913e-10
-189.886 7.38031 1.39749e-10
-187.425 7.31594 2.62727e-10
-185.098 7.22982 3.41383e-10
-182.898 7.12913 2.41135e-10
-180.784 7.09161 1.51039e-10
-178.728 7.13941 1.37368e-10
-176.801 7.18023 2.88736e-10
-174.978 7.20617 -5.34673e-10
-173.256 7.21941 -5.95391e-10
-171.626 7.22259 -4.92522e-11
-170.083 7.21827 -1.87518e-10
-168.62 7.20868 -3.70031e-11
-167.231 7.1956 -1.15465e-10
-165.906 7.17493 -3.07453e-10
-164.623 7.12413 -2.45928e-10
-163.386 7.05201 -7.2972e-11
-162.197 6.9679 4.22232e-10
-161.058 6.88104 -5.55799e-10
-159.976 6.81451 5.1105e-11
-158.94 6.75043 -2.03966e-10
-157.947 6.69048 1.21664e-10
-156.994 6.63568 7.27268e-10
-156.08 6.58648 -7.70185e-11
-155.202 6.54289 1.12932e-10
-154.358 6.50467 -4.33884e-10
-153.546 6.47139 2.32137e-10
-152.733 6.50557 2.16226e-09
-151.946 6.54285 -3.33652e-10
-151.186 6.5776 -1.87511e-09
-150.451 6.60898 -8.41082e-10
-149.734 6.63175 -1.15853e-09
-149.032 6.64269 -3.29098e-09
-148.348 6.64221 -5.43639e-09
-147.681 6.6314 -1.28051e-08
-147.033 6.61216 -6.58465e-08
-146.408 6.59537 -1.60604e-07
-145.801 6.57329 -1.49568e-07
-145.212 6.5473 -1.34318e-07
-144.64 6.51869 -1.34819e-07
-144.084 6.48855 -1.33318e-07
-143.545 6.45779 -1.26917e-07
-143.021 6.42708 -1.25755e-07
-142.512 6.39693 -1.20448e-07
-142.017 6.36768 -1.13986e-07
-141.535 6.33951 -1.05794e-07
-141.066 6.31254 -9.598e-08
-140.608 6.28149 -9.25147e-08
-140.158 6.23851 -1.63961e-08
-139.716 6.18815 -4.5891e-08
-139.284 6.13314 1.34214e-08
-138.861 6.07608 1.82717e-08
-138.447 6.01922 1.84412e-08
-138.045 5.97067 1.8588e-08
-137.652 5.92859 1.85819e-08
-137.269 5.88852 1.85252e-08
-136.895 5.85083 1.99189e-08
-136.529 5.81572 1.88802e-08
-136.171 5.78329 1.81931e-08
-135.822 5.75351 1.88009e-08
-135.48 5.7263 1.48058e-08
-135.146 5.70151 1.78786e-08
-134.819 5.67894 1.45036e-08
-134.498 5.6584 1.61394e-08
-134.185 5.63967 1.67304e-08
-133.878 5.62255 1.46052e-08
-133.578 5.60683 1.58062e-08
-133.283 5.59232 1.59737e-08
-132.995 5.57885 1.23659e-08
-132.711 5.56626 1.37037e-08
-132.434 5.5544 1.44245e-08
-132.162 5.54315 1.37855e-08
-131.894 5.5324 1.26548e-08
-131.632 5.52439 9.35853e-09
-131.364 5.55623 -2.84894e-08
-131.099 5.58445 1.99079e-08
-130.835 5.60684 9.45769e-09
-130.572 5.62035 1.85977e-08
-130.313 5.62386 4.71781e-09
-130.057 5.62093 7.33826e-09
-129.805 5.61179 -7.0795e-09
-129.558 5.5998 -4.29416e-08
-129.314 5.5821 -4.97754e-08
-129.075 5.55931 -8.28129e-08
-128.84 5.53209 -9.11751e-08
-128.608 5.5011 -2.34316e-08
-128.38 5.46711 -4.02931e-08
-128.155 5.43076 -2.79319e-08
-127.934 5.39269 -1.63732e-08
-127.717 5.35346 -1.58492e-08
-127.503 5.3136 -3.32577e-09
-127.292 5.27353 5.27258e-09
-127.085 5.23364 -9.54071e-09
-126.88 5.19424 9.35696e-09
-126.679 5.15558 1.04115e-08
-126.48 5.11786 3.82162e-08
-126.285 5.08123 3.40534e-08
-126.092 5.04582 2.95692e-08
-125.902 5.01171 1.24533e-08
-125.715 4.97894 -1.18284e-09
-125.531 4.94755 1.73984e-08
-125.349 4.91754 2.27227e-08
-125.169 4.88891 2.95726e-08
-124.992 4.86164 2.87205e-08
-124.817 4.83569 -1.34796e-09
-124.645 4.81104 1.75487e-08
-124.475 4.78763 2.78852e-08
-124.307 4.76541 2.9239e-08
-124.141 4.74419 3.24931e-08
-123.977 4.71872 1.3175e-08
-123.815 4.69099 4.4917e-09
-123.654 4.66166 -3.823e-09
-123.495 4.63133 1.14944e-09
-123.338 4.60053 1.04176e-08
-123.182 4.56978 6.52979e-09
-123.028 4.53949 -2.51358e-09
-122.876 4.51002 1.20798e-08
-122.726 4.48195 7.37644e-08
-122.578 4.46004 2.81393e-08
-122.432 4.43886 4.30768e-08
-122.287 4.41854 4.86683e-08
-122.144 4.39916 2.73434e-09
-122.002 4.3808 -6.05762e-08
-121.862 4.36348 -4.13662e-08
-121.724 4.34724 -4.75634e-08
-121.587 4.33207 -6.9667e-08
-121.451 4.31795 -3.0142e-08
-121.317 4.30487 7.5382e-08
-121.185 4.29278 -5.81724e-08
-121.053 4.28166 -4.43242e-08
-120.924 4.27145 -2.59276e-08
-120.795 4.2621 1.59757e-09
-120.668 4.25357 -2.28948e-08
-120.542 4.2458 -1.10207e-08
-120.418 4.23875 -7.00265e-08
-120.295 4.23236 2.02676e-09
-120.173 4.22657 -6.4974e-09
-120.052 4.22135 -5.69281e-08
-119.932 4.21664 4.08715e-08
-119.814 4.21241 -4.41204e-08
