0 0 0
0.000223561 3.5963e-05 3.12145e-22
0.000447145 7.1926e-05 -2.3891e-22
0.000670752 0.000107889 -2.47501e-22
0.000894382 0.000143852 -3.02694e-21
0.00111804 0.000179816 1.96543e-21
0.00134171 0.000215779 -7.02713e-21
0.00156541 0.000251742 -1.41242e-20
0.00178914 0.000287706 -9.39064e-22
0.00204764 0.000326427 6.50889e-19
0.00244073 0.000374781 3.70257e-17
0.00285516 0.000423181 2.0405e-15
0.0032807 0.000472369 2.27055e-15
0.00372478 0.000520747 1.65806e-16
0.00417011 0.000568665 -8.16778e-15
0.00461575 0.000614137 6.43761e-15
0.00507406 0.000663116 1.37368e-15
0.00553 0.000710645 3.84545e-16
0.00598595 0.000756593 4.19601e-16
0.00644189 0.000801026 3.44452e-16
0.00689782 0.000844003 3.52822e-16
0.00735372 0.000885584 3.069e-16
0.00782202 0.000929649 2.82617e-16
0.00828182 0.000975064 2.82901e-16
0.00874138 0.00102 2.69773e-16
0.00920025 0.00106441 2.58256e-16
0.00965827 0.00110826 2.48119e-16
0.0101158 0.00115157 2.39312e-16
0.0105731 0.00119437 2.30825e-16
0.0110302 0.00123665 2.24344e-16
0.0114871 0.00127843 2.16792e-16
0.0119439 0.0013197 2.11622e-16
0.0124006 0.00136047 2.0531e-16
0.0128572 0.00140074 2.00868e-16
0.0133136 0.00144052 1.95752e-16
0.01377 0.00147981 1.91034e-16
0.0142258 0.00151859 1.87413e-16
0.0146795 0.00155673 1.83802e-16
0.0151312 0.00159426 1.80135e-16
0.0155828 0.00163134 1.76198e-16
0.0160343 0.00166797 1.73318e-16
0.0164857 0.00170418 1.70106e-16
0.016937 0.00173996 1.67232e-16
0.0173883 0.00177532 1.63843e-16
0.0178395 0.00181027 1.61952e-16
0.0183047 0.00184714 1.62834e-16
0.0187758 0.00188489 1.61198e-16
0.0192472 0.00192276 1.58483e-16
0.0197051 0.00196227 1.59406e-16
0.0201606 0.0020024 1.57948e-16
0.020616 0.00204289 1.56651e-16
0.0210714 0.00208372 1.56484e-16
0.0215267 0.00212486 1.55787e-16
0.0219448 0.00216661 1.63341e-16
0.0223103 0.00220911 1.59617e-16
0.0226383 0.00225152 1.53227e-16
0.022927 0.00229269 2.34441e-16
0.0231999 0.0023316 3.94014e-17
0.0234713 0.00236826 -1.43216e-16
0.0237371 0.00240252 -6.60223e-15
0.024004 0.00243466 -3.19438e-15
0.0242704 0.00246472 -4.71408e-15
0.024538 0.00249291 -8.35048e-16
0.0248047 0.00251927 -1.17413e-15
0.0250688 0.00254374 -1.57908e-15
0.025333 0.00256657 -1.58615e-15
0.0255992 0.00258797 -2.27054e-15
0.0258688 0.00260819 -4.16521e-15
0.0261448 0.00262764 -6.38859e-15
0.0264245 0.0026462 -3.5237e-15
0.0266987 0.00266667 -4.26346e-15
0.0269547 0.00269205 -3.39661e-15
0.0272046 0.00271769 -2.91129e-15
0.0274484 0.00274341 -1.88267e-15
0.0276879 0.00276899 -1.10337e-15
0.0279246 0.0027943 -9.71995e-16
0.0281599 0.00281921 -1.02023e-15
0.0283985 0.00284381 -1.56205e-15
0.0286382 0.00286796 -1.36906e-15
0.0288789 0.00289161 -2.76274e-15
0.029121 0.00291476 -1.69675e-15
0.0293648 0.00293741 -1.46976e-15
0.0296106 0.00295956 -1.13096e-15
0.0298153 0.00298508 -1.14891e-15
0.030003 0.00301134 -1.46162e-15
0.030186 0.00303706 -2.09269e-15
0.0303659 0.00306213 -2.14046e-15
0.0305442 0.00308648 -2.96303e-15
0.0307223 0.00311014 -1.96245e-15
0.0309041 0.00313325 -6.0713e-15
0.0310866 0.00315572 -8.92688e-15
0.0312699 0.0031776 -1.52447e-14
0.0314544 0.0031989 -2.36529e-14
0.0316403 0.00321967 -3.52349e-14
0.0318276 0.00323993 -5.67459e-14
0.0320165 0.00325972 -9.0965e-14
0.032207 0.00327906 -1.41975e-13
0.0323982 0.00329794 -2.29763e-13
0.0325858 0.00331619 -3.56314e-13
0.0327709 0.00333383 -5.86762e-13
0.0329544 0.00335089 -1.03954e-12
0.033137 0.00336742 -1.90777e-12
0.033301 0.00338628 -7.05757e-12
0.0334484 0.00340694 -7.38097e-13
0.0335981 0.00342759 -1.43401e-12
0.0337473 0.00344814 -1.42927e-12
0.0338954 0.00346854 -1.48911e-12
0.0340428 0.00348876 -1.58514e-12
0.0341898 0.00350877 -1.759e-12
0.0343367 0.00352856 -2.02108e-12
0.0344838 0.00354813 -2.45869e-12
0.0346313 0.00356748 -3.11977e-12
0.0347794 0.00358661 -4.14919e-12
0.0349282 0.00360553 -5.70753e-12
0.0350779 0.00362423 -8.06691e-12
0.0352286 0.00364274 -1.15768e-11
0.0353802 0.00366105 -1.67274e-11
0.0355279 0.00367897 -2.64185e-11
0.0356695 0.00369635 -4.19888e-11
0.0358066 0.00371322 -6.25596e-11
0.0359403 0.00372958 -1.61292e-11
0.0360717 0.00374547 -2.09383e-11
0.0362016 0.00376093 -1.79459e-11
0.036331 0.00377601 -1.80658e-11
0.0364644 0.00379102 -1.76424e-11
0.0366 0.00380589 -1.73487e-11
0.0367361 0.0038205 -1.70682e-11
0.0368728 0.0038349 -1.68154e-11
0.0370104 0.00384909 -1.65866e-11
0.037149 0.00386311 -1.63523e-11
0.0372887 0.00387696 -1.61407e-11
0.0374295 0.00389067 -1.59224e-11
0.0375714 0.00390425 -1.57069e-11
0.0377146 0.00391771 -1.54688e-11
0.037859 0.00393106 -1.52317e-11
0.0380047 0.00394431 -1.49453e-11
0.0381516 0.00395747 -1.46397e-11
0.0382996 0.00397055 -1.4294e-11
0.0384226 0.0039856 -1.286e-11
0.0385405 0.00400116 -1.35224e-11
0.038658 0.00401679 -1.32781e-11
0.0387751 0.00403247 -1.32615e-11
0.0388917 0.00404819 -1.32559e-11
0.0390079 0.00406393 -1.32215e-11
0.0391202 0.00407967 -1.31908e-11
0.0392271 0.00409537 -1.3117e-11
0.0393296 0.00411099 -1.30883e-11
0.0394283 0.00412649 -1.30243e-11
0.0395237 0.00414183 -1.2902e-11
0.0396165 0.004157 -1.27837e-11
0.0397072 0.00417199 -1.25601e-11
0.0397963 0.00418677 -1.21649e-11
0.0398883 0.00420149 -1.4933e-11
0.0399803 0.00421606 7.10106e-12
0.0400716 0.00423046 4.67372e-11
0.0401624 0.00424468 6.25324e-11
0.0402529 0.00425872 3.96065e-11
0.0403433 0.0042726 5.45504e-11
0.0404336 0.00428632 7.40685e-11
0.0405241 0.00429988 9.94185e-11
0.0406148 0.0043133 1.61687e-10
0.0407058 0.00432657 4.74252e-11
0.0407972 0.00433972 4.92542e-11
0.040889 0.00435273 5.18007e-11
0.0409812 0.00436563 5.55643e-11
0.0410739 0.00437841 6.04704e-11
0.0411672 0.00439109 6.66668e-11
0.041261 0.00440366 7.42817e-11
0.0413553 0.00441613 8.34123e-11
0.0414502 0.0044285 9.42362e-11
0.0415446 0.00444074 1.08632e-10
0.0416342 0.00445264 1.28977e-10
0.0417206 0.00446424 1.58309e-10
0.0418044 0.00447557 2.01086e-10
0.0418859 0.00448663 3.22466e-10
0.0419655 0.00449744 6.20029e-11
0.0420438 0.00450801 6.59869e-11
0.0421211 0.00451838 9.62833e-11
0.0421977 0.00452855 9.71059e-11
0.042274 0.00453855 9.63561e-11
0.0423532 0.00454861 9.55459e-11
0.0424343 0.00455865 9.47968e-11
0.0425154 0.00456857 9.40591e-11
0.0425967 0.00457839 9.3433e-11
0.0426784 0.00458811 9.28354e-11
0.0427604 0.00459774 9.22422e-11
0.0428428 0.00460729 9.16896e-11
0.0429257 0.00461677 9.1123e-11
0.0430091 0.00462617 9.06146e-11
0.043093 0.00463552 9.00981e-11
0.0431776 0.0046448 8.95914e-11
0.0432627 0.00465403 8.91217e-11
0.0433485 0.00466321 8.86385e-11
0.0434349 0.00467234 8.81889e-11
0.0435219 0.00468143 8.77357e-11
0.0436096 0.00469047 8.72915e-11
0.0436978 0.00469947 8.6849e-11
0.0437868 0.00470844 8.64362e-11
0.0438763 0.00471736 8.6009e-11
0.0439665 0.00472624 8.55917e-11
0.0440573 0.00473509 8.52036e-11
