0 0 0
42.7047 2.64217 2.14113e-17
85.4137 5.28435 2.47701e-16
128.127 7.92653 -1.02757e-16
170.845 10.5687 6.75852e-16
213.567 13.2109 5.18333e-16
256.294 15.8531 1.4266e-16
299.025 18.4953 -1.14003e-16
341.761 21.1375 -5.13378e-16
371.662 22.6137 8.78128e-14
371.917 21.2041 3.4239e-14
372.148 19.9099 1.21343e-11
372.364 18.7447 3.04499e-12
372.568 17.7784 -1.68023e-12
372.78 16.9345 -1.73229e-11
373.014 16.1422 1.24883e-11
373.258 15.6168 7.81787e-12
373.533 15.1558 -1.46808e-11
373.85 14.7125 8.65953e-12
374.209 14.2875 -6.33544e-12
374.609 13.8802 4.02899e-12
375.05 13.4899 -3.3818e-12
375.532 13.2515 -4.64214e-12
376.032 13.1902 3.19838e-13
376.576 13.1136 1.49305e-13
377.16 13.0261 1.17231e-13
377.784 12.9307 9.71144e-14
378.443 12.8298 5.98396e-14
379.134 12.7255 5.40798e-14
379.856 12.6189 3.64546e-14
380.609 12.5108 2.91091e-14
381.39 12.4022 2.41578e-14
382.196 12.2935 9.79699e-15
383.026 12.1852 4.95619e-14
383.879 12.0776 4.11831e-15
384.752 11.971 2.02628e-14
385.643 11.8655 7.82684e-16
386.551 11.7613 2.47096e-14
387.473 11.6585 3.75966e-14
388.411 11.5571 9.03854e-15
389.36 11.457 -1.85455e-15
390.311 11.3594 1.98129e-14
391.268 11.2637 -1.2198e-14
392.233 11.1693 -9.4594e-15
393.207 11.0764 3.81541e-14
394.214 11.0492 -1.13078e-14
395.236 11.0508 -1.32128e-14
396.263 11.0569 8.88374e-14
397.256 11.2037 2.00954e-15
398.246 11.3639 7.03436e-15
399.225 11.5062 6.55833e-15
400.174 11.6315 -2.1029e-15
401.127 11.7483 1.54429e-14
402.052 11.9805 1.36062e-13
402.864 12.5043 2.51943e-13
403.568 13.1598 4.46518e-12
404.172 13.8828 -1.60039e-12
404.727 14.5191 1.132e-11
405.308 14.9148 1.99819e-11
405.889 15.1619 9.13531e-12
406.492 15.2382 -1.11313e-11
407.108 15.1911 1.34939e-11
407.738 15.0384 -6.51738e-12
408.375 14.8116 9.23569e-12
409.01 14.5335 4.83435e-11
409.647 14.2063 -5.31728e-12
410.291 13.8385 1.39929e-11
410.942 13.4419 3.47964e-10
411.607 13.0292 2.69546e-10
412.279 12.6134 1.04095e-10
412.932 12.3317 1.68424e-10
413.493 12.5607 1.18779e-10
414.04 12.8015 -3.18972e-11
414.57 13.045 9.71035e-12
415.091 13.2715 -7.77201e-11
415.607 13.4659 -2.92709e-11
416.123 13.6179 7.53435e-11
416.65 13.7116 4.95401e-11
417.184 13.7583 -4.73206e-11
417.723 13.7641 -6.0803e-11
418.269 13.7319 -5.89237e-11
418.82 13.6659 -7.01974e-11
419.378 13.5706 5.00542e-11
419.803 13.935 1.22193e-11
420.171 14.4321 -1.30996e-11
420.532 14.8681 -2.04777e-10
420.892 15.2351 -2.56252e-10
421.255 15.5291 -1.89088e-10
421.625 15.7474 1.57474e-10
422.012 15.8809 -1.08913e-09
422.407 15.9578 -1.97855e-09
422.81 15.9841 -2.84668e-09
423.219 15.9661 -4.67673e-09
423.635 15.9098 -7.51336e-09
424.058 15.8211 -1.19893e-08
424.486 15.7051 -1.90629e-08
424.92 15.5668 -2.97342e-08
425.354 15.4157 -4.84102e-08
425.78 15.2699 -7.46396e-08
426.199 15.1218 -1.24231e-07
426.615 14.9669 -2.25122e-07
427.028 14.8025 -4.19006e-07
427.355 15.0004 -1.0808e-06
427.637 15.3544 4.82768e-07
427.929 15.652 -9.99652e-08
428.222 15.9224 -1.1265e-07
428.514 16.1653 -1.56497e-07
428.807 16.3794 -2.20498e-07
429.102 16.5638 -3.24661e-07
429.4 16.7185 -4.83339e-07
429.702 16.8443 -7.23547e-07
430.007 16.9421 -1.09085e-06
430.316 17.0135 -1.64704e-06
430.63 17.0604 -2.4851e-06
430.948 17.0848 -3.73419e-06
431.27 17.0887 -8.28203e-06
431.595 17.0762 -5.74185e-07
431.907 17.0784 -5.36176e-07
432.204 17.0945 -4.40943e-07
432.492 17.1112 -3.61761e-07
432.773 17.1208 -2.95126e-07
433.051 17.1175 -2.39057e-07
433.328 17.0977 -1.91368e-07
433.607 17.0595 -1.51851e-07
433.901 16.9847 -1.22058e-07
434.198 16.8964 -9.67063e-08
434.497 16.7973 -7.45929e-08
434.798 16.6883 -5.61091e-08
435.101 16.5707 -4.0744e-08
435.406 16.4458 -2.68249e-08
435.715 16.3147 -1.62029e-08
436.025 16.1787 -6.22551e-09
436.338 16.0388 8.05757e-10
436.653 15.8962 6.19028e-09
436.97 15.7516 1.001e-08
437.289 15.6061 1.23877e-08
437.61 15.4602 1.31137e-08
437.913 15.391 2.2143e-07
438.134 15.6257 2.21904e-07
438.354 15.8509 1.988e-07
438.573 16.0664 1.81354e-07
438.792 16.2718 1.72988e-07
439.011 16.4668 1.62923e-07
439.227 16.6563 1.40714e-07
439.428 16.8756 1.28164e-07
439.616 17.1139 1.16645e-07
439.794 17.3639 1.06814e-07
439.962 17.619 9.51789e-08
440.124 17.8731 8.67524e-08
440.281 18.1206 7.73559e-08
440.435 18.3568 6.78989e-08
440.592 18.5682 6.59579e-08
440.759 18.7414 -8.25194e-08
440.925 18.8999 -1.08117e-07
441.092 19.043 -1.443e-07
441.26 19.1702 -6.89135e-08
441.43 19.2814 -1.08783e-07
441.601 19.3766 -1.57657e-07
441.774 19.456 -2.20053e-07
441.95 19.5201 -3.00878e-07
442.128 19.5693 -4.02313e-07
442.309 19.6043 -5.31702e-07
442.492 19.626 -6.81823e-07
442.678 19.6351 -8.87793e-07
442.866 19.6324 -1.1445e-06
443.057 19.6189 -1.45361e-06
443.249 19.5954 -1.82405e-06
443.444 19.5627 -2.25664e-06
443.641 19.5216 -2.75845e-06
443.84 19.4728 -3.3206e-06
444.029 19.4439 -4.53995e-06
444.207 19.4316 -5.84907e-06
444.378 19.4286 -7.88309e-06
444.543 19.4308 -1.41813e-05
444.704 19.4345 1.26701e-06
444.862 19.4367 1.77797e-06
445.018 19.4349 -1.66249e-07
445.173 19.4273 -9.31223e-07
445.328 19.4124 -8.33218e-07
445.488 19.3832 -7.62002e-07
445.657 19.3312 -7.11088e-07
445.826 19.2735 -6.55884e-07
445.997 19.2104 -6.1036e-07
446.169 19.1419 -5.62507e-07
446.341 19.0685 -5.23492e-07
446.515 18.9903 -4.87357e-07
446.691 18.9076 -4.51755e-07
446.867 18.8207 -4.20099e-07
447.045 18.7299 -3.90238e-07
447.225 18.6355 -3.6302e-07
447.405 18.5379 -3.3733e-07
447.587 18.4374 -3.1463e-07
447.77 18.3344 -2.92933e-07
447.955 18.2291 -2.73208e-07
448.141 18.1219 -2.53198e-07
448.328 18.013 -2.34074e-07
448.516 17.9027 -2.17371e-07
448.705 17.7913 -2.01763e-07
448.895 17.679 -1.8616e-07
449.086 17.566 -1.7296e-07
449.279 17.4526 -1.59562e-07
