0 0 0
42.7047 2.64217 8.90887e-18
85.4137 5.28435 -1.33593e-16
128.127 7.92653 9.02226e-17
170.845 10.5687 4.77139e-16
213.567 13.2109 -4.17559e-16
256.294 15.8531 3.47955e-16
299.025 18.4953 -2.50655e-16
341.761 21.1375 4.28015e-16
371.676 22.5392 -2.13845e-14
372.017 20.6424 -2.46489e-13
372.339 18.8874 8.36552e-14
372.659 17.4345 2.09935e-13
373.02 16.1703 8.92428e-12
373.424 15.3892 8.14859e-14
373.926 14.6763 -7.86366e-13
374.534 14.0098 -5.54242e-13
375.25 13.3899 -5.03693e-13
376.039 13.2452 -3.64915e-13
376.93 13.1053 -2.98808e-13
377.913 12.9475 -2.88328e-13
378.983 12.7811 -2.54508e-13
380.133 12.6093 -2.08343e-13
381.356 12.4358 -2.01197e-13
382.642 12.2628 -1.57506e-13
383.985 12.0916 -1.90362e-13
385.379 11.9231 -1.17302e-13
386.791 11.76 -1.33422e-13
388.225 11.6029 -1.24843e-13
389.688 11.4487 -9.583e-14
391.178 11.2981 -5.39739e-14
392.69 11.1509 -9.05894e-14
394.238 11.0518 -1.72779e-13
395.843 11.0564 8.85602e-14
397.388 11.3179 -2.79472e-14
398.945 11.5435 -9.60398e-14
400.511 11.7434 -7.13235e-14
402.017 12.0878 9.8414e-13
403.23 13.0193 -4.17234e-13
404.231 14.1202 9.7925e-12
405.219 14.7833 -8.67551e-12
406.238 14.9981 -4.53294e-11
407.296 14.8571 -2.02421e-09
408.375 14.4869 -5.24567e-09
409.456 13.9698 -8.06459e-09
410.55 13.3489 -2.59393e-08
411.667 12.6833 2.8146e-09
412.726 12.3945 2.05133e-09
413.649 12.7797 1.88417e-09
414.531 13.164 1.71455e-09
415.394 13.4736 1.56205e-09
416.264 13.6555 1.40995e-09
417.153 13.7074 1.33061e-09
418.054 13.657 1.29482e-09
418.97 13.522 1.13737e-09
419.63 14.2076 9.0886e-10
420.23 14.9105 8.3336e-10
420.83 15.4294 7.54681e-10
421.451 15.7442 6.23058e-10
422.1 15.8815 7.95389e-10
422.767 15.89 6.42971e-10
423.45 15.7962 6.16044e-10
424.148 15.6241 4.7458e-10
424.857 15.3982 5.70207e-10
425.548 15.1685 5.24686e-10
426.227 14.9245 3.1734e-10
426.82 15.0003 4.17329e-10
427.279 15.5614 4.2597e-10
427.75 16.0093 4.47631e-10
428.222 16.38 1.15862e-10
428.7 16.6701 4.80695e-11
429.185 16.8812 2.39432e-10
429.681 17.0186 9.8443e-11
430.188 17.0902 2.48134e-10
430.705 17.105 1.48304e-10
431.223 17.0895 -1.8666e-11
431.705 17.1067 -2.01311e-11
432.164 17.1202 5.67019e-11
432.613 17.1032 1.64969e-10
433.062 17.0408 4.79985e-11
433.539 16.9079 9.50101e-11
434.021 16.7463 -6.8969e-11
434.508 16.5608 8.17087e-11
435 16.3565 2.62009e-10
435.499 16.1384 7.2781e-11
436.004 15.9112 8.36725e-11
436.513 15.6789 -5.7068e-11
437.028 15.4449 2.07725e-10
437.384 15.7978 7.96813e-10
437.732 16.1507 -6.39328e-11
438.079 16.4765 -1.0228e-09
438.425 16.7742 -3.3782e-10
438.746 17.1078 -2.20185e-10
439.035 17.4875 -5.62691e-10
439.3 17.8816 -6.29283e-10
439.551 18.2651 -1.69252e-09
439.795 18.6177 -8.82738e-09
440.06 18.8795 -3.99837e-08
440.326 19.103 -4.02717e-08
440.595 19.2864 -3.87199e-08
440.868 19.4292 -4.26123e-08
441.146 19.5327 -4.414e-08
441.431 19.5988 -4.38831e-08
441.722 19.6305 -4.59156e-08
442.019 19.6311 -4.53068e-08
442.322 19.6039 -4.48841e-08
442.63 19.5524 -4.38295e-08
442.944 19.4799 -4.217e-08
443.249 19.4169 -4.26842e-08
443.529 19.3956 -2.00323e-08
443.792 19.3913 -3.72401e-08
444.045 19.3895 -1.58575e-08
444.293 19.3793 -1.3029e-08
444.539 19.3532 -1.1926e-08
444.798 19.2885 -1.06357e-08
445.067 19.1945 -9.34857e-09
445.338 19.0872 -8.84298e-09
445.612 18.9674 -6.88191e-09
445.889 18.8361 -6.81692e-09
446.169 18.6945 -5.93193e-09
446.453 18.5439 -4.20325e-09
446.74 18.3855 -6.66137e-09
447.03 18.2207 -3.9076e-09
447.323 18.0506 -5.0192e-09
447.619 17.8765 -3.54848e-09
447.918 17.6994 -3.14049e-09
448.219 17.5203 -4.05689e-09
448.523 17.3399 -2.52886e-09
448.828 17.159 -2.62182e-09
449.136 16.9782 -3.3589e-09
449.446 16.7979 -3.02722e-09
449.757 16.6188 -1.51511e-09
450.07 16.441 -1.28325e-09
450.384 16.2649 -2.17179e-09
450.693 16.1156 5.76187e-09
450.859 16.4928 -1.11814e-08
450.983 16.9655 9.27372e-09
451.063 17.5343 4.90287e-09
451.096 18.1991 9.6699e-09
451.093 18.9212 2.60615e-09
451.082 19.6258 3.83184e-09
451.064 20.3038 -2.47067e-09
451.053 20.9261 -1.70841e-08
451.04 21.5162 -2.13658e-08
451.027 22.0718 -3.77653e-08
451.014 22.5915 -4.31167e-08
451.004 23.0742 -1.84378e-08
450.996 23.5199 -2.6995e-08
450.992 23.9288 -2.28658e-08
450.993 24.3014 -1.93271e-08
450.999 24.6389 -2.0192e-08
451.009 24.9426 -1.55605e-08
451.025 25.2139 -1.2222e-08
451.047 25.4544 -1.86654e-08
451.074 25.666 -1.04088e-08
451.106 25.8504 -9.73611e-09
451.143 26.0092 2.38109e-09
451.186 26.1442 1.11252e-09
451.232 26.2571 3.55156e-10
451.284 26.3495 -5.87498e-09
451.339 26.4228 -1.08792e-08
451.399 26.4787 -2.07237e-09
451.462 26.5183 6.26744e-10
451.528 26.543 4.34186e-09
451.598 26.554 4.58153e-09
451.671 26.5524 -7.75607e-09
451.746 26.5393 1.45617e-09
451.824 26.5156 6.43637e-09
451.904 26.4823 7.85589e-09
451.985 26.4413 1.05922e-08
452.054 26.427 2.05122e-09
452.114 26.4251 -1.29271e-09
452.169 26.4312 -3.82217e-09
452.219 26.4416 -2.19391e-09
452.267 26.453 2.68641e-09
452.312 26.4628 8.42849e-10
452.357 26.4686 -3.56082e-09
452.401 26.4688 4.24337e-09
452.447 26.4612 3.27862e-08
452.503 26.429 1.31536e-08
452.56 26.3901 2.35783e-08
452.619 26.3448 2.75499e-08
452.678 26.2931 5.292e-09
452.739 26.2351 -2.81426e-08
452.801 26.1711 -1.7739e-08
452.865 26.1013 -2.16362e-08
452.93 26.0259 -3.44057e-08
452.997 25.9451 -1.56339e-08
453.065 25.8593 3.77865e-08
453.134 25.7687 -3.68159e-08
453.205 25.6735 -2.5981e-08
453.277 25.5742 -1.72271e-08
453.35 25.4709 -3.94455e-09
453.424 25.364 -1.76275e-08
453.5 25.2537 -1.1904e-08
453.577 25.1404 -4.41833e-08
453.654 25.0243 -5.22969e-09
453.733 24.9057 -1.13065e-08
453.813 24.7849 -4.11102e-08
453.893 24.662 1.47738e-08
453.974 24.5373 -3.5144e-08
