0 0 0
42.5914 2.63517 2.9927e-17
85.1871 5.27034 -1.94641e-16
127.787 7.90551 4.119e-17
170.392 10.5407 4.32177e-16
213.001 13.1759 -1.33149e-16
255.614 15.8111 4.90293e-16
298.232 18.4463 -1.87519e-15
340.854 21.0815 9.64628e-16
371.652 22.6708 -1.31548e-13
371.871 21.4646 5.50891e-13
372.076 20.3091 4.7857e-11
372.254 19.3373 -2.01368e-13
372.445 18.3333 -3.67058e-10
372.614 17.5734 -1.73768e-09
372.795 16.862 9.34704e-10
372.992 16.1936 -5.36478e-10
373.191 15.7192 -2.28767e-10
373.407 15.3335 4.55695e-10
373.651 14.9599 -1.14727e-10
373.923 14.5996 1.54303e-10
374.222 14.2516 5.13079e-12
374.551 13.9154 7.68749e-11
374.907 13.5929 -9.63208e-11
375.301 13.2772 4.55684e-11
375.696 13.2117 4.04306e-11
376.117 13.1602 3.65169e-11
376.567 13.0982 3.29091e-11
377.045 13.0283 2.98637e-11
377.549 12.9523 2.72538e-11
378.079 12.8718 2.50261e-11
378.634 12.7879 2.30991e-11
379.211 12.7015 2.14235e-11
379.811 12.6135 1.99627e-11
380.431 12.5244 1.86937e-11
381.071 12.4347 1.75832e-11
381.729 12.3448 1.65581e-11
382.405 12.2549 1.56689e-11
383.097 12.1653 1.48729e-11
383.804 12.0761 1.4155e-11
384.526 11.9876 1.34774e-11
385.261 11.8997 1.28811e-11
386.009 11.8127 1.23348e-11
386.768 11.7265 1.18295e-11
387.535 11.6414 1.14001e-11
388.311 11.5574 1.09498e-11
389.097 11.4744 1.05426e-11
389.89 11.3923 1.01799e-11
390.692 11.3111 9.8448e-12
391.5 11.2309 9.50809e-12
392.315 11.1517 9.23631e-12
393.137 11.0734 8.95553e-12
393.985 11.0522 6.61814e-12
394.847 11.0523 6.49313e-12
395.714 11.0564 6.24788e-12
396.585 11.063 6.14992e-12
397.43 11.1777 4.73898e-12
398.269 11.3179 4.59013e-12
399.108 11.4446 4.45847e-12
399.943 11.56 4.3478e-12
400.779 11.6668 4.1998e-12
401.617 11.767 4.0413e-12
402.36 12.0673 3.54728e-12
403.011 12.5312 7.90851e-12
403.583 13.0879 2.94706e-11
404.099 13.6636 1.73971e-10
404.55 14.256 -7.20702e-12
405.007 14.699 -9.43357e-12
405.475 15.0049 -1.63539e-11
405.942 15.2119 7.10195e-12
406.428 15.2986 -9.10585e-12
406.921 15.299 -3.68068e-12
407.424 15.2231 -6.53679e-12
407.936 15.0813 -4.68024e-11
408.452 14.8943 -2.5235e-11
408.966 14.6746 2.45212e-11
409.481 14.4213 -5.44037e-11
409.999 14.1378 -7.35332e-12
410.522 13.8297 -1.27026e-11
411.051 13.5036 -1.47373e-11
411.59 13.1658 -5.3786e-11
412.135 12.8245 -1.64014e-11
412.683 12.4842 2.29577e-11
413.196 12.3639 -6.97781e-11
413.653 12.5507 -1.30213e-10
414.098 12.7478 2.76262e-11
414.533 12.9499 1.83987e-11
414.96 13.1452 -5.32162e-12
415.381 13.3245 6.07007e-11
415.801 13.4804 3.96354e-11
416.221 13.6075 -3.22468e-11
416.647 13.6961 -7.82399e-11
417.081 13.7492 9.53495e-11
417.518 13.7741 -6.38933e-11
417.959 13.772 -8.2373e-11
418.404 13.7446 -1.16387e-10
418.854 13.6943 -1.54248e-11
419.307 13.6234 6.38526e-11
419.753 13.5828 -5.53684e-11
420.06 14.0224 1.99597e-11
420.36 14.4282 -9.66895e-11
420.655 14.7928 2.00236e-11
420.948 15.1116 1.20255e-10
421.243 15.3819 1.2359e-10
421.54 15.6029 1.01478e-10
421.845 15.7707 6.46458e-10
422.162 15.8813 2.64101e-09
422.483 15.9533 3.89518e-09
422.81 15.99 5.58268e-09
423.142 15.9949 8.04108e-09
423.479 15.9713 1.13481e-08
423.82 15.9226 1.58007e-08
424.165 15.8519 2.37471e-08
424.515 15.7622 3.40242e-08
424.868 15.6563 4.88907e-08
425.225 15.5366 7.00915e-08
425.581 15.4114 1.04458e-07
425.93 15.2913 3.80241e-08
426.274 15.1703 6.22165e-08
426.616 15.0456 1.05991e-07
426.956 14.9152 1.86508e-07
427.295 14.7782 3.34591e-07
427.571 14.9099 1.36e-06
427.804 15.2021 6.64005e-08
428.043 15.4616 -9.01837e-07
428.285 15.6948 -9.23025e-07
428.526 15.911 -1.30342e-06
428.767 16.1092 -1.86752e-06
429.009 16.2885 -2.67999e-06
429.252 16.4481 -1.29363e-06
429.496 16.5882 -1.93273e-06
429.743 16.7087 -2.83007e-06
429.992 16.8099 -6.74574e-06
430.243 16.8926 -1.38878e-06
430.498 16.9575 -1.84538e-06
430.755 17.0055 -2.59121e-06
431.015 17.0377 -6.30237e-06
431.278 17.0551 1.48321e-07
431.543 17.059 6.30466e-07
431.812 17.0505 1.27482e-06
432.072 17.0504 2.47929e-06
432.322 17.0634 7.20801e-06
432.563 17.0803 -8.7785e-08
432.799 17.0961 -3.10144e-07
433.031 17.1066 -7.01542e-07
433.26 17.1086 -1.33591e-06
433.489 17.0999 1.10025e-07
433.718 17.0791 -4.5197e-08
433.949 17.0425 2.54761e-08
434.193 16.9802 1.77288e-08
434.437 16.9098 2.3876e-08
434.683 16.8317 2.92464e-08
434.931 16.7467 3.51247e-08
435.18 16.6553 3.98423e-08
435.43 16.5581 3.61094e-08
435.682 16.456 4.12485e-08
435.936 16.3496 4.64532e-08
436.192 16.2396 5.24537e-08
436.449 16.1267 5.92742e-08
436.707 16.0114 6.84273e-08
436.968 15.8942 8.01806e-08
437.229 15.7758 9.62321e-08
437.493 15.6566 1.13851e-07
437.757 15.5369 1.36705e-07
438.023 15.4172 1.66032e-07
438.29 15.2979 2.02512e-07
438.481 15.4674 2.96314e-07
438.664 15.6563 1.56258e-07
438.847 15.8388 1.30563e-07
439.029 16.0147 1.16289e-07
439.211 16.1839 1.08655e-07
439.393 16.3464 9.8709e-08
439.574 16.5034 9.34422e-08
439.744 16.6832 8.78651e-08
439.905 16.8774 8.11087e-08
440.057 17.0822 7.49497e-08
440.203 17.2936 7.28668e-08
440.344 17.5079 7.20599e-08
440.479 17.7219 7.56021e-08
440.611 17.9323 8.54043e-08
440.74 18.1364 1.0978e-07
440.868 18.3318 1.57396e-07
441 18.5037 4.22707e-07
441.138 18.6511 7.94445e-07
441.277 18.7887 8.68351e-07
441.415 18.916 9.82462e-07
441.554 19.0327 1.14532e-06
441.694 19.1385 1.34641e-06
441.834 19.2333 1.59078e-06
441.976 19.3171 1.90056e-06
442.12 19.39 2.27486e-06
442.265 19.4521 1.4341e-06
442.411 19.5038 1.80286e-06
442.559 19.5455 2.29317e-06
442.709 19.5775 2.92755e-06
442.861 19.6001 3.74361e-06
443.014 19.614 4.77098e-06
443.169 19.6194 6.05779e-06
443.326 19.6169 9.94871e-06
443.484 19.6071 1.67806e-06
443.644 19.5903 1.76563e-06
