0 0 0
0.000223561 3.5963e-05 1.2126e-22
0.000447145 7.1926e-05 -1.81835e-21
0.000670752 0.000107889 1.22803e-21
0.000894382 0.000143852 6.49441e-21
0.00111804 0.000179816 -5.68345e-21
0.00134171 0.000215779 4.73606e-21
0.00156541 0.000251742 -3.41169e-21
0.00178914 0.000287706 5.82578e-21
0.00207052 0.000329484 -3.12603e-19
0.00262443 0.000395509 -4.48184e-18
0.00325557 0.000466982 4.96034e-19
0.00394094 0.000542172 3.47696e-18
0.00463493 0.000613354 1.77103e-16
0.00536306 0.000690429 5.47105e-17
0.00608981 0.000763581 3.54225e-17
0.00681593 0.00083288 3.32507e-17
0.007547 0.000899206 2.93275e-17
0.00828816 0.000972317 2.78753e-17
0.00902455 0.00104421 2.61649e-17
0.00975491 0.00111424 2.39582e-17
0.0104822 0.00118274 2.24567e-17
0.0112082 0.00124984 2.15612e-17
0.0119329 0.00131558 2.02509e-17
0.0126567 0.00137998 1.98109e-17
0.0133794 0.00144308 1.81098e-17
0.0141013 0.00150491 1.84246e-17
0.0148101 0.00156449 1.74191e-17
0.0155109 0.00162234 1.68257e-17
0.0162107 0.00167907 1.67218e-17
0.0169098 0.00173472 1.7085e-17
0.0176081 0.00178932 1.60962e-17
0.0183158 0.00184466 1.38819e-17
0.0190456 0.00190322 1.82824e-17
0.0197507 0.00196514 1.66003e-17
0.0204552 0.00202797 1.50738e-17
0.0211593 0.00209156 1.50004e-17
0.0218401 0.00215717 3.62489e-17
0.0224148 0.00222647 1.45069e-17
0.022906 0.00229503 2.02713e-16
0.0233733 0.00235769 -9.20655e-17
0.0238323 0.0024137 -8.03945e-16
0.0242908 0.00246357 -3.72035e-14
0.0247484 0.00250802 -1.05155e-13
0.0252014 0.00254724 -1.79506e-13
0.0256578 0.00258227 -5.4049e-13
0.0261251 0.00261448 -1.29485e-13
0.0265841 0.00264977 -1.25442e-13
0.027009 0.00269304 -1.15937e-13
0.0274172 0.00273637 -1.08308e-13
0.0278152 0.00277889 -1.01858e-13
0.0282121 0.00282015 -9.64979e-14
0.0286126 0.00286006 -9.0794e-14
0.0290154 0.00289845 -8.49445e-14
0.029422 0.00293536 -8.16348e-14
0.0297502 0.00297821 -8.12544e-14
0.030055 0.00302098 -7.93789e-14
0.0303524 0.00306182 -7.79422e-14
0.0306504 0.00310071 -7.76903e-14
0.0309525 0.00313785 -7.28111e-14
0.0312567 0.0031733 -7.28685e-14
0.0315639 0.00320722 -7.13324e-14
0.0318746 0.00323976 -7.18188e-14
0.0321883 0.00327103 -6.87957e-14
0.0324951 0.00330067 -6.79051e-14
0.0327967 0.00332873 -6.98923e-14
0.0330748 0.00335887 -6.74909e-14
0.0333152 0.00339301 -6.64617e-14
0.0335575 0.00342682 -6.5206e-14
0.0337971 0.00346006 -6.95753e-14
0.0340355 0.00349266 -7.05067e-14
0.0342741 0.00352459 -6.74463e-14
0.0345138 0.00355585 -6.92443e-14
0.0347554 0.00358649 -6.6719e-14
0.0349992 0.00361655 -6.78286e-14
0.0352419 0.00364591 -7.02513e-14
0.0354701 0.00367389 -7.04053e-14
0.0356878 0.00370049 -6.93128e-14
0.0358995 0.00372583 -6.75617e-14
0.0361095 0.00375015 -6.91215e-14
0.0363287 0.00377424 -6.83411e-14
0.0365491 0.00379767 -7.07856e-14
0.0367715 0.00382054 -6.86093e-14
0.0369964 0.00384294 -6.56263e-14
0.0372241 0.00386494 -6.80956e-14
0.0374549 0.0038866 -6.78116e-14
0.0376887 0.00390798 -6.991e-14
0.0379256 0.0039291 -6.58672e-14
0.0381155 0.00395408 -5.63974e-14
0.0383028 0.00397943 -6.82882e-14
0.0384889 0.00400485 -8.32626e-14
0.038674 0.00403028 -7.4571e-14
0.0388493 0.00405564 -7.33549e-14
0.0390123 0.00408073 -7.8918e-14
0.0391657 0.00410541 -8.07614e-14
0.0393121 0.00412958 -9.76495e-14
0.039454 0.0041532 -2.07049e-13
0.0396009 0.00417656 -6.88695e-13
0.039746 0.00419942 -7.49193e-13
0.0398901 0.0042218 -7.8139e-13
0.0400339 0.00424374 -8.92452e-13
0.0401779 0.00426526 -9.7291e-13
0.0403226 0.00428639 -1.0283e-12
0.0404682 0.00430716 -1.11749e-12
0.040615 0.00432762 -1.16967e-12
0.040763 0.00434777 -1.22365e-12
0.0409124 0.00436765 -1.26742e-12
0.0410631 0.00438727 -1.30048e-12
0.0412106 0.00440643 -1.36217e-12
0.0413483 0.00442477 -1.07405e-12
0.0414793 0.0044424 -1.34946e-12
0.0416054 0.00445937 -1.07147e-12
0.0417284 0.00447576 -1.04234e-12
0.0418498 0.00449167 -1.03534e-12
0.0419753 0.00450748 -1.02455e-12
0.042104 0.00452318 -1.01247e-12
0.0422332 0.00453859 -1.01052e-12
0.0423631 0.00455377 -9.86437e-13
0.0424942 0.00456874 -9.88243e-13
0.0426265 0.00458353 -9.77917e-13
0.0427603 0.00459815 -9.54033e-13
0.0428955 0.00461264 -9.90533e-13
0.0430323 0.00462699 -9.52609e-13
0.0431706 0.00464123 -9.68956e-13
0.0433106 0.00465536 -9.48328e-13
0.0434521 0.00466938 -9.41772e-13
0.0435951 0.0046833 -9.54675e-13
0.0437397 0.00469713 -9.32332e-13
0.0438857 0.00471086 -9.32346e-13
0.0440331 0.00472449 -9.42335e-13
0.0441818 0.00473803 -9.37453e-13
0.0443319 0.00475147 -9.14469e-13
0.0444832 0.00476481 -9.0873e-13
0.0446357 0.00477807 -9.19701e-13
0.0447872 0.00479139 -7.99178e-13
0.0448926 0.00480762 -1.03848e-12
0.044983 0.00482401 -7.49568e-13
0.0450577 0.00484039 -8.03644e-13
0.0451156 0.00485654 -7.31884e-13
0.0451609 0.00487227 -8.25804e-13
0.045203 0.00488762 -8.06566e-13
0.0452426 0.00490255 -8.92411e-13
0.0452836 0.00491717 -1.09728e-12
0.0453229 0.00493131 -1.16291e-12
0.0453607 0.00494496 -1.3993e-12
0.0453974 0.00495812 -1.48682e-12
0.0454332 0.0049708 -1.1565e-12
0.0454684 0.00498301 -1.28141e-12
0.0455031 0.00499476 -1.2321e-12
0.0455375 0.00500609 -1.18956e-12
0.0455718 0.00501702 -1.2072e-12
0.0456059 0.00502756 -1.14846e-12
0.0456402 0.00503775 -1.10618e-12
0.0456745 0.0050476 -1.19922e-12
0.0457089 0.00505715 -1.0894e-12
0.0457436 0.00506641 -1.08259e-12
0.0457784 0.00507541 -9.15885e-13
0.0458135 0.00508416 -9.31817e-13
0.0458488 0.00509268 -9.41054e-13
0.0458844 0.00510099 -1.02695e-12
0.0459202 0.00510911 -1.09791e-12
0.0459562 0.00511704 -9.77814e-13
0.0459926 0.0051248 -9.39902e-13
0.0460291 0.00513241 -8.86844e-13
0.0460659 0.00513987 -8.81005e-13
0.0461029 0.00514719 -1.0508e-12
0.0461402 0.00515438 -9.2395e-13
0.0461777 0.00516146 -8.52896e-13
0.0462154 0.00516841 -8.29789e-13
0.0462531 0.00517526 -7.8777e-13
0.0462868 0.00518165 -9.02575e-13
0.0463178 0.00518769 -9.4777e-13
0.0463465 0.00519339 -9.82614e-13
0.0463735 0.0051988 -9.60416e-13
0.0463989 0.00520393 -8.92752e-13
0.0464233 0.00520882 -9.17103e-13
0.0464468 0.0052135 -9.77336e-13
0.0464698 0.00521799 -8.69657e-13
0.0464927 0.00522234 -4.73377e-13
0.0465184 0.00522689 -7.36779e-13
0.046544 0.00523132 -5.88507e-13
0.0465696 0.00523564 -5.27111e-13
0.0465952 0.00523986 -8.28262e-13
0.0466209 0.00524399 -1.28987e-12
0.0466468 0.00524805 -1.1522e-12
0.0466728 0.00525205 -1.2102e-12
0.0466991 0.00525599 -1.39224e-12
0.0467257 0.00525988 -1.1402e-12
0.0467526 0.00526374 -4.02722e-13
0.0467797 0.00526755 -1.42728e-12
0.0468072 0.00527134 -1.28616e-12
0.0468351 0.00527511 -1.17106e-12
0.0468633 0.00527885 -9.90758e-13
0.0468919 0.00528257 -1.18126e-12
0.0469208 0.00528628 -1.10608e-12
0.0469501 0.00528998 -1.5573e-12
0.0469797 0.00529367 -1.02794e-12
0.0470097 0.00529734 -1.11326e-12
0.0470401 0.00530101 -1.53029e-12
0.0470708 0.00530467 -7.6457e-13
0.0471019 0.00530833 -1.45383e-12
