0 0 0
0.000223561 3.5963e-05 2.91432e-22
0.000447145 7.1926e-05 3.37149e-21
0.000670752 0.000107889 -1.39865e-21
0.000894382 0.000143852 9.19912e-21
0.00111804 0.000179816 7.0551e-21
0.00134171 0.000215779 1.94177e-21
0.00156541 0.000251742 -1.55172e-21
0.00178914 0.000287706 -6.98766e-21
0.00204798 0.000326473 1.26775e-18
0.0024432 0.000374626 6.46199e-19
0.00286012 0.000423565 2.07279e-16
0.00328357 0.000471107 9.33472e-17
0.00372708 0.000520657 2.11523e-17
0.00416771 0.000568189 -2.60485e-16
0.0046085 0.000613325 1.96125e-16
0.0050668 0.000662191 1.64923e-16
0.00552294 0.000709782 -2.05492e-16
0.005979 0.000755775 1.50339e-16
0.00643496 0.000800242 -8.22071e-17
0.00689081 0.000843241 7.70941e-17
0.00734653 0.000884835 -3.9244e-17
0.00781578 0.000928932 -7.77681e-17
0.00827723 0.000974519 -7.7707e-18
0.00873841 0.00101962 -8.59531e-18
0.00919933 0.00106424 -7.81016e-18
0.00966003 0.00110834 -7.06156e-18
0.01012 0.00115188 -6.81221e-18
0.0105781 0.00119476 -6.23475e-18
0.011036 0.00123711 -5.96357e-18
0.0114936 0.00127894 -5.63784e-18
0.0119509 0.00132026 -5.3458e-18
0.0124081 0.00136106 -5.28669e-18
0.0128651 0.00140136 -4.32985e-18
0.0133219 0.00144116 -4.7822e-18
0.0137783 0.00148046 -4.33904e-18
0.0142343 0.00151925 -4.49414e-18
0.0146896 0.00155751 -3.95824e-18
0.0151446 0.00159531 -3.52741e-18
0.0155995 0.00163264 -3.81332e-18
0.016054 0.0016695 -3.91992e-18
0.0165034 0.00170553 -3.4876e-18
0.0169503 0.00174095 -3.94527e-18
0.0173972 0.00177595 -3.91924e-18
0.0178439 0.00181056 -3.06234e-18
0.0183046 0.00184707 -3.76861e-18
0.0187702 0.00188439 -3.83752e-18
0.019235 0.00192172 -1.99821e-18
0.0196872 0.00196064 -3.16774e-18
0.0201365 0.0020002 -3.06394e-18
0.0205786 0.00203948 -3.03883e-18
0.0210055 0.00207769 -3.16534e-18
0.0214329 0.00211623 -2.85688e-18
0.0218513 0.00215645 -6.2706e-19
0.0222312 0.00219917 1.92409e-18
0.0225698 0.00224199 7.49418e-17
0.0228693 0.00228392 -1.30373e-17
0.0231441 0.00232367 1.95036e-16
0.0234199 0.00236117 3.6935e-16
0.0236876 0.00239618 2.45015e-16
0.0239571 0.00242904 -6.4572e-17
0.0242254 0.00245975 3.06527e-16
0.0244948 0.00248851 1.35945e-17
0.0247641 0.00251545 2.51984e-16
0.0250305 0.00254044 9.15157e-16
0.0252966 0.00256371 1.65213e-16
0.0255644 0.00258551 4.62399e-16
0.0258352 0.00260604 5.97255e-15
0.0261127 0.00262578 5.64644e-15
0.0263939 0.00264461 3.65182e-15
0.0266733 0.00266432 4.96343e-15
0.0269314 0.00268984 4.55284e-15
0.0271839 0.00271567 2.36821e-15
0.0274301 0.00274159 2.91455e-15
0.0276716 0.00276739 1.49129e-15
0.0279102 0.00279292 2.04559e-15
0.0281473 0.00281805 3.62244e-15
0.0283873 0.00284285 3.36106e-15
0.0286287 0.00286721 1.89435e-15
0.0288711 0.00289106 1.53347e-15
0.0291149 0.0029144 1.39055e-15
0.0293604 0.00293723 1.0441e-15
0.0296079 0.00295956 2.79324e-15
0.0298158 0.00298514 2.29147e-15
0.030005 0.00301161 1.91029e-15
0.0301894 0.00303752 -1.09351e-15
0.0303707 0.00306277 -2.27061e-15
0.0305502 0.0030873 -1.69789e-15
0.0307297 0.00311112 3.31554e-15
0.0309129 0.00313438 -1.56736e-14
0.0310967 0.003157 -3.1432e-14
0.0312814 0.00317901 -4.84846e-14
0.0314673 0.00320045 -8.20228e-14
0.0316545 0.00322134 -1.34558e-13
0.0318433 0.00324172 -2.17825e-13
0.0320337 0.00326162 -3.49859e-13
0.0322256 0.00328106 -5.51228e-13
0.0324181 0.00330005 -8.96983e-13
0.0326068 0.00331837 -1.39217e-12
0.0327931 0.00333608 -2.2943e-12
0.0329777 0.00335321 -4.07652e-12
0.0331617 0.0033698 -7.47452e-12
0.0333227 0.00338932 -1.82118e-11
0.0334708 0.00341012 3.83244e-12
0.0336221 0.00343092 -4.21984e-12
0.0337721 0.00345161 -4.53077e-12
0.0339211 0.00347212 -5.3298e-12
0.0340694 0.00349245 -6.496e-12
0.0342174 0.00351257 -8.36018e-12
0.0343654 0.00353247 -1.11972e-11
0.0345135 0.00355214 -1.54943e-11
0.0346622 0.00357159 -2.20595e-11
0.0348114 0.00359081 -3.20146e-11
0.0349615 0.00360982 -4.70474e-11
0.0351124 0.00362861 -6.95354e-11
0.0352643 0.00364721 -1.43789e-10
0.0354166 0.00366556 -3.93837e-11
0.035564 0.0036835 -3.93071e-11
0.0357055 0.00370088 -3.83044e-11
0.0358427 0.00371775 -3.74091e-11
0.0359767 0.00373411 -3.6598e-11
0.0361086 0.00375 -3.5863e-11
0.0362392 0.00376546 -3.51873e-11
0.0363695 0.00378055 -3.45799e-11
0.0365054 0.00379569 -3.40706e-11
0.0366421 0.00381059 -3.35962e-11
0.0367793 0.00382524 -3.31444e-11
0.0369172 0.00383967 -3.27254e-11
0.0370561 0.00385391 -3.23361e-11
0.0371959 0.00386797 -3.19553e-11
0.0373369 0.00388187 -3.16123e-11
0.037479 0.00389563 -3.12718e-11
0.0376224 0.00390926 -3.09689e-11
0.037767 0.00392278 -3.0688e-11
0.0379128 0.00393618 -3.04299e-11
0.0380599 0.00394949 -3.01951e-11
0.0382082 0.00396271 -2.99884e-11
0.0383516 0.00397637 -2.66757e-11
0.0384706 0.00399199 -2.62794e-11
0.0385892 0.00400769 -2.62399e-11
0.0387073 0.00402345 -2.61519e-11
0.0388249 0.00403926 -2.59573e-11
0.0389422 0.0040551 -2.58043e-11
0.0390584 0.00407096 -2.58499e-11
0.0391689 0.0040868 -2.57948e-11
0.0392747 0.00410258 -2.57513e-11
0.0393762 0.00411826 -2.57058e-11
0.039474 0.0041338 -2.57055e-11
0.0395688 0.00414918 -2.56768e-11
0.0396612 0.00416437 -2.56759e-11
0.0397517 0.00417937 -2.56888e-11
0.0398424 0.00419421 -2.56031e-11
0.0399354 0.00420898 -2.76472e-11
0.0400276 0.00422356 -2.80426e-11
0.0401193 0.00423797 -2.86151e-11
0.0402105 0.0042522 -2.76011e-11
0.0403016 0.00426626 -2.81924e-11
0.0403925 0.00428015 -2.89505e-11
0.0404835 0.00429388 -2.99488e-11
0.0405747 0.00430746 -3.12703e-11
0.0406662 0.00432089 -3.29634e-11
0.040758 0.00433419 -3.51533e-11
0.0408502 0.00434735 -3.77606e-11
0.0409428 0.00436039 -4.13147e-11
0.0410359 0.00437331 -4.57928e-11
0.0411296 0.00438612 -5.12668e-11
0.0412238 0.00439882 -5.79157e-11
0.0413185 0.00441142 -6.58096e-11
0.0414138 0.00442392 -7.51107e-11
0.0415096 0.00443632 -8.57566e-11
0.0416017 0.00444843 -1.06308e-10
0.0416899 0.00446024 -1.29024e-10
0.0417753 0.00447175 -1.63113e-10
0.0418581 0.00448299 -2.60126e-10
0.041939 0.00449396 -4.85628e-11
0.0420182 0.00450469 -3.99558e-11
0.0420963 0.0045152 -6.62935e-11
0.0421737 0.00452551 -7.71658e-11
0.0422506 0.00453564 -7.62166e-11
0.0423287 0.0045457 -7.5585e-11
0.0424102 0.00455585 -7.52059e-11
0.0424919 0.00456588 -7.47269e-11
0.0425737 0.00457579 -7.43463e-11
0.0426557 0.00458561 -7.38992e-11
0.0427382 0.00459533 -7.35448e-11
0.042821 0.00460497 -7.32043e-11
0.0429043 0.00461453 -7.28463e-11
0.0429881 0.00462402 -7.25203e-11
0.0430725 0.00463344 -7.21985e-11
0.0431574 0.00464281 -7.18944e-11
0.0432429 0.00465211 -7.1594e-11
0.0433291 0.00466137 -7.13195e-11
0.0434159 0.00467057 -7.10447e-11
0.0435033 0.00467973 -7.07841e-11
0.0435914 0.00468884 -7.05068e-11
0.0436801 0.00469791 -7.02293e-11
0.0437695 0.00470694 -6.99744e-11
0.0438595 0.00471593 -6.9725e-11
0.0439502 0.00472488 -6.94661e-11
0.0440414 0.00473379 -6.92323e-11
0.0441333 0.00474267 -6.8988e-11
