0 0
-0.000495005 1.25
-0.00198002 2.5
-0.00445505 3.75
-0.0079201 5
-0.0123752 6.25
-0.0178203 7.5
-0.0242554 8.75
-0.0316806 10
-0.0399687 11.25
-0.0493393 12.5
-0.0597163 13.75
-0.0709965 15
-0.0835395 16.25
-0.096533 17.5
-0.111086 18.75
-0.126665 20
-0.143268 21.25
-0.160896 22.5
-0.177598 23.75
-0.197126 25
-0.217501 26.25
-0.239028 27.5
-0.26163 28.75
-0.285257 30
-0.30991 31.25
-0.335587 32.5
-0.362288 33.75
-0.390013 35
-0.418761 36.25
-0.448281 37.5
-0.479067 38.75
-0.510876 40
-0.543707 41.25
-0.577561 42.5
-0.612438 43.75
-0.646186 45
-0.677488 46.25
-0.712946 47.5
-0.750998 48.75
-0.790071 50
-0.830159 51.25
-0.882462 52.5
-0.961298 53.75
-1.06064 55
-1.17271 56.25
-1.28792 57.5
-1.40415 58.75
-1.52131 60
-1.63896 61.25
-1.75886 62.5
-1.87922 63.75
-1.9986 65
-2.11565 66.25
-2.23371 67.5
-2.3592 68.75
-2.48845 70
-2.62077 71.25
-2.75505 72.5
-2.88954 73.75
-3.02372 75
-3.1581 76.25
-3.29249 77.5
-3.42876 78.75
-3.58211 80
-3.73878 81.25
-3.89768 82.5
-4.05782 83.75
-4.21727 85
-4.37722 86.25
-4.53751 87.5
-4.69803 88.75
-4.85872 90
-5.01957 91.25
-5.18164 92.5
-5.34625 93.75
-5.51266 95
-5.68314 96.25
-5.8631 97.5
-6.043 98.75
-6.22427 100
-6.40676 101.25
-6.59029 102.5
-6.77467 103.75
-6.95979 105
-7.14555 106.25
-7.33188 107.5
-7.51876 108.75
-7.70705 110
-7.89907 111.25
-8.09404 112.5
-8.2913 113.75
-8.49024 115
-8.68985 116.25
-8.88892 117.5
-9.08879 118.75
-9.28934 120
-9.4905 121.25
-9.69222 122.5
-9.89445 123.75
-10.0972 125
-10.3004 126.25
-10.5041 127.5
-10.7127 128.75
-10.9274 130
-11.1432 131.25
-11.3603 132.5
-11.5785 133.75
-11.799 135
-12.0229 136.25
-12.2497 137.5
-12.4791 138.75
-12.7106 140
-12.9439 141.25
-13.1773 142.5
-13.4119 143.75
-13.6478 145
-13.8848 146.25
-14.1229 147.5
-14.362 148.75
-14.6021 150
-14.843 151.25
-15.0849 152.5
-15.3276 153.75
-15.5711 155
-15.8155 156.25
-16.0607 157.5
-16.3069 158.75
-16.556 160
-16.8075 161.25
-17.0612 162.5
-17.3167 163.75
-17.5739 165
-17.8325 166.25
-18.0922 167.5
-18.3516 168.75
-18.612 170
-18.8734 171.25
-19.1358 172.5
-19.399 173.75
-19.6632 175
-19.9282 176.25
-20.1941 177.5
-20.4608 178.75
-20.7283 180
-20.9967 181.25
-21.2658 182.5
-21.5359 183.75
-21.8067 185
-22.0784 186.25
-22.351 187.5
-22.6244 188.75
-22.8986 190
-23.1738 191.25
-23.4498 192.5
-23.7267 193.75
-24.0045 195
-24.2832 196.25
-24.5628 197.5
-24.8446 198.75
-25.1358 200
-25.4306 201.25
-25.7288 202.5
-26.0308 203.75
-26.3366 205
-26.6449 206.25
-26.9548 207.5
-27.2663 208.75
-27.5785 210
-27.8921 211.25
-28.2072 212.5
-28.5236 213.75
-28.8413 215
-29.1603 216.25
-29.4805 217.5
-29.802 218.75
-30.1246 220
-30.4484 221.25
-30.7734 222.5
-31.0995 223.75
-31.4268 225
-31.7552 226.25
-32.0847 227.5
-32.4153 228.75
-32.747 230
-33.0798 231.25
-33.4137 232.5
-33.7488 233.75
-34.0849 235
-34.4221 236.25
-34.7605 237.5
-35.0999 238.75
-35.4405 240
-35.7821 241.25
-36.1249 242.5
-36.4688 243.75
-36.8138 245
-37.1599 246.25
-37.5071 247.5
-37.8555 248.75
-38.205 250
