0 0 0
42.7047 2.64217 6.43024e-18
85.4137 5.28435 4.3509e-17
128.127 7.92653 -1.57338e-16
170.845 10.5687 -8.46812e-17
213.567 13.2109 5.97889e-17
256.294 15.8531 4.90097e-16
299.025 18.4953 -7.67341e-16
341.761 21.1375 -8.77767e-16
371.667 22.5882 3.55773e-15
371.943 21.0591 2.27836e-12
372.205 19.5953 1.21279e-10
372.451 18.318 3.2025e-11
372.691 17.2845 1.70244e-10
372.959 16.3312 -1.51497e-10
373.245 15.6534 1.18076e-10
373.572 15.1152 1.26459e-10
373.954 14.5984 -1.29168e-10
374.394 14.1069 6.60601e-11
374.892 13.6395 -8.36779e-11
375.448 13.2841 -4.56473e-11
376.03 13.2089 -4.41833e-12
376.672 13.1145 -5.82918e-12
377.368 13.0072 -5.36006e-12
378.113 12.8913 -4.99163e-12
378.906 12.7698 -4.60041e-12
379.744 12.6448 -4.26444e-12
380.623 12.5179 -3.97811e-12
381.54 12.3903 -3.6996e-12
382.493 12.2628 -3.47598e-12
383.477 12.1362 -3.24986e-12
384.491 12.0107 -3.06071e-12
385.53 11.8867 -2.90537e-12
386.586 11.7653 -2.75811e-12
387.656 11.6464 -2.62425e-12
388.745 11.5293 -2.44446e-12
389.85 11.4142 -2.40708e-12
390.971 11.3009 -2.24816e-12
392.104 11.1896 -2.1392e-12
393.25 11.0801 -2.06202e-12
394.435 11.0481 -1.52683e-12
395.643 11.0514 -1.46653e-12
396.828 11.1666 -1.19131e-12
397.995 11.358 -1.0568e-12
399.169 11.5279 -1.09169e-12
400.348 11.6816 -1.01701e-12
401.526 11.8339 -9.52699e-13
402.536 12.3242 -2.64822e-12
403.385 13.0599 -1.37573e-12
404.107 13.8888 3.15923e-12
404.776 14.5721 -1.30628e-12
405.467 14.9702 9.59028e-12
406.173 15.1432 4.34735e-12
406.902 15.121 2.25696e-10
407.65 14.9482 1.10374e-09
408.406 14.6734 7.2846e-10
409.161 14.3264 9.77478e-10
409.922 13.9156 -2.4448e-10
410.692 13.4586 -9.06596e-09
411.477 12.9766 -1.39381e-08
412.272 12.4897 -1.04575e-08
413.001 12.4087 -6.04843e-09
413.659 12.6811 7.6311e-10
414.292 12.9679 1.18353e-09
414.91 13.2374 1.09927e-09
415.521 13.4638 1.01881e-09
416.132 13.6299 1.07706e-09
416.76 13.7154 1.0149e-09
417.394 13.7432 9.52767e-10
418.035 13.7172 7.96167e-10
418.685 13.6437 7.29639e-10
419.343 13.53 6.11929e-10
419.796 14.115 4.8403e-10
420.226 14.6656 3.95819e-10
420.65 15.1254 3.96551e-10
421.077 15.4855 4.73916e-10
421.515 15.7401 3.9439e-10
421.973 15.8853 1.35834e-09
422.441 15.9548 1.29524e-09
422.919 15.9585 1.3321e-09
423.407 15.9064 1.83047e-09
423.903 15.808 2.32218e-09
424.407 15.672 3.39537e-09
424.917 15.5062 4.98278e-09
425.423 15.3342 7.88268e-09
425.918 15.1637 1.07984e-08
426.406 14.9849 1.82199e-08
426.893 14.7933 3.17319e-08
427.251 15.1269 7.88808e-08
427.584 15.521 -7.29043e-08
427.926 15.8528 -5.75437e-09
428.268 16.147 -2.26769e-09
428.611 16.4011 -1.59757e-09
428.957 16.6139 -1.92577e-09
429.307 16.7857 -1.07973e-09
429.662 16.9178 -1.0039e-09
430.022 17.0123 -8.41016e-10
430.388 17.0724 -6.2016e-10
430.76 17.1011 -9.93852e-10
431.138 17.1019 -9.51713e-10
431.515 17.0889 -3.38389e-10
431.87 17.1009 -4.83972e-10
432.21 17.1191 -4.99336e-10
432.541 17.13 -3.69941e-10
432.867 17.124 -4.83716e-10
433.191 17.0952 -3.25305e-10
433.524 17.0337 -1.01778e-09
433.87 16.9361 -4.23069e-10
434.219 16.823 -3.95385e-10
434.57 16.6963 -9.75449e-10
434.925 16.5577 -8.6995e-10
435.283 16.4094 -5.66872e-10
435.645 16.2533 -5.22005e-10
436.009 16.0911 -1.49926e-09
436.377 15.9248 -1.24457e-09
436.747 15.7556 -2.30603e-09
437.12 15.5851 -1.60994e-09
437.496 15.4144 -1.07443e-09
437.768 15.6254 -1.97001e-09
438.024 15.8906 -1.55953e-09
438.279 16.1422 -1.39495e-09
438.534 16.3798 1.24798e-09
438.788 16.6029 -1.10509e-08
439.035 16.83 -2.69282e-09
439.261 17.0941 -1.02479e-10
439.471 17.3783 5.36676e-10
439.668 17.6714 -2.81451e-10
439.857 17.9635 1.44815e-09
440.038 18.2458 3.13147e-09
440.217 18.511 -4.75515e-09
440.407 18.7256 1.31118e-08
440.601 18.9112 -5.43127e-10
440.795 19.0759 1.69677e-09
440.991 19.2192 4.30439e-09
441.189 19.3406 2.25421e-09
441.389 19.4404 1.44726e-09
441.593 19.5191 5.5329e-09
441.8 19.5774 5.65281e-09
442.01 19.6165 7.08471e-09
442.224 19.6375 6.51468e-09
442.441 19.6418 8.70378e-09
442.661 19.6307 9.86761e-09
442.885 19.6055 1.17985e-08
443.111 19.5676 1.12269e-08
443.341 19.5183 1.45466e-08
443.572 19.4596 1.55452e-08
443.787 19.4308 1.74165e-08
443.991 19.419 2.02466e-08
444.187 19.417 1.89328e-08
444.375 19.4188 4.82785e-09
444.559 19.4194 8.02723e-09
444.74 19.4147 4.16094e-09
444.921 19.4018 3.78188e-09
445.101 19.3787 3.18485e-09
445.295 19.3246 2.90786e-09
445.492 19.2579 2.462e-10
445.69 19.1837 2.01755e-09
445.89 19.1026 1.88772e-09
446.091 19.0147 2.85916e-09
446.294 18.9206 1.94136e-09
446.499 18.8206 1.67992e-09
446.705 18.7153 1.84579e-09
446.914 18.6051 1.28843e-09
447.124 18.4907 1.3103e-09
447.335 18.3724 2.32008e-09
447.549 18.2509 3.20993e-10
447.764 18.1266 3.14731e-09
447.981 18 1.58377e-09
448.199 17.8714 1.33351e-09
448.419 17.7414 1.1315e-09
448.64 17.6102 3.52636e-10
448.863 17.4782 8.4676e-10
449.087 17.3457 -1.66537e-09
449.312 17.213 7.53916e-11
449.538 17.0803 -1.3087e-09
449.765 16.9479 2.10804e-09
449.993 16.8158 -2.49235e-10
450.222 16.6844 3.82172e-10
450.452 16.5536 2.27815e-09
450.682 16.4238 1.89725e-10
450.914 16.2948 1.19492e-09
451.146 16.1669 1.87722e-09
451.373 16.0495 1.48052e-09
451.536 16.1707 -1.0492e-08
451.642 16.4923 -5.38282e-10
451.727 16.8618 -2.34421e-08
451.789 17.2793 -1.81011e-08
451.828 17.7446 -4.86214e-09
451.843 18.2567 -2.08879e-09
451.841 18.7935 -4.12552e-09
451.834 19.3206 -7.18041e-09
451.823 19.8348 -1.24181e-09
451.816 20.3167 8.27444e-11
451.809 20.7796 2.94721e-08
451.801 21.2251 1.59253e-08
451.791 21.6523 -4.30179e-08
451.782 22.0603 -2.51809e-08
451.773 22.4486 -4.45572e-09
451.766 22.8169 1.59843e-09
451.759 23.1649 -1.30113e-08
451.755 23.4926 -9.75787e-09
