0 0 0
42.7047 2.64217 2.77125e-17
85.4137 5.28435 2.88061e-16
128.127 7.92653 2.45996e-16
170.845 10.5687 2.08565e-16
213.567 13.2109 2.56056e-16
256.294 15.8531 7.31855e-16
299.025 18.4953 6.94942e-16
341.761 21.1375 -1.90215e-16
371.671 22.5659 5.69596e-14
371.971 20.902 -1.11193e-12
372.262 19.2917 -5.20958e-11
372.535 17.9409 -1.69389e-11
372.82 16.8143 -2.10342e-10
373.141 15.8759 2.17917e-10
373.497 15.2454 1.09979e-10
373.928 14.6475 -8.95838e-11
374.433 14.0833 7.41547e-11
375.014 13.5512 -7.02669e-11
375.66 13.2706 -9.77758e-11
376.361 13.1718 1.28722e-11
377.135 13.0522 7.11453e-12
377.975 12.9207 5.72538e-12
378.878 12.7819 4.60639e-12
379.84 12.6383 3.84883e-12
380.854 12.4926 3.25785e-12
381.918 12.3464 2.80219e-12
383.025 12.2009 2.49014e-12
384.172 12.0567 2.26987e-12
385.355 11.9144 2.02076e-12
386.557 11.7753 1.86384e-12
387.775 11.6404 1.72531e-12
389.017 11.5076 1.64855e-12
390.28 11.3773 1.48086e-12
391.56 11.2495 1.44902e-12
392.857 11.1242 1.28338e-12
394.186 11.049 1.00947e-12
395.558 11.0511 8.46183e-13
396.897 11.2065 7.34169e-13
398.224 11.4158 7.0134e-13
399.56 11.601 7.14476e-13
400.902 11.7683 7.17279e-13
402.155 12.1249 8.2261e-13
403.173 12.919 -1.49865e-12
404.032 13.8493 -8.29858e-11
404.822 14.5988 -7.06863e-12
405.632 14.9946 2.19877e-11
406.475 15.0867 8.06755e-13
407.341 14.9533 3.07193e-11
408.226 14.6597 5.71669e-11
409.109 14.263 1.233e-11
409.999 13.7814 -7.33537e-12
410.902 13.2436 -2.52738e-11
411.824 12.6839 -5.56153e-13
412.717 12.3368 -2.37195e-11
413.485 12.6515 3.50826e-12
414.224 12.9813 2.40851e-12
414.942 13.2851 -4.90838e-12
415.652 13.525 -4.04497e-12
416.372 13.6714 1.70825e-10
417.106 13.7267 -1.42576e-11
417.849 13.7086 -8.52107e-11
418.602 13.6263 7.3409e-12
419.337 13.5981 -2.29272e-12
419.847 14.2978 -3.44168e-11
420.343 14.8898 5.92569e-10
420.837 15.3532 1.2099e-11
421.34 15.6807 3.06079e-10
421.871 15.8584 2.88476e-10
422.414 15.935 1.75766e-11
422.97 15.9259 2.80736e-11
423.538 15.8464 1.21627e-10
424.117 15.7107 -1.00356e-10
424.705 15.5313 6.71811e-11
425.291 15.335 1.72751e-10
425.863 15.1398 3.80424e-10
426.427 14.9323 7.32176e-10
426.943 14.907 1.19539e-09
427.323 15.3973 4.53029e-10
427.717 15.7968 1.66217e-10
428.111 16.1436 -2.53504e-11
428.506 16.4363 -3.16066e-10
428.905 16.6734 1.69619e-11
429.311 16.8558 -2.27768e-11
429.723 16.9862 -5.84817e-11
430.143 17.0687 -2.27598e-11
430.57 17.1083 1.28317e-11
431.005 17.1103 6.22736e-11
431.437 17.0981 9.31483e-12
431.841 17.114 -3.04885e-11
432.228 17.1312 -1.503e-11
432.606 17.132 -5.58542e-12
432.98 17.1049 -2.46719e-11
433.361 17.0386 -1.84328e-10
433.76 16.9251 4.08895e-10
434.163 16.7915 6.06281e-11
434.569 16.6405 2.14821e-10
434.979 16.475 7.8137e-10
435.394 16.2981 2.07154e-09
435.813 16.1126 2.1144e-09
436.236 15.9213 2.82505e-09
436.663 15.7265 4.10427e-09
437.093 15.5301 5.43943e-09
437.463 15.5642 5.28269e-09
437.756 15.8751 6.04062e-11
438.049 16.1676 3.77225e-10
438.34 16.4412 3.31934e-09
438.631 16.695 6.8014e-10
438.909 16.9632 -7.56802e-10
439.161 17.2738 2.07904e-10
439.394 17.604 -5.82933e-10
439.613 17.9379 -2.39436e-09
439.823 18.2612 -2.14964e-09
440.027 18.5628 -2.35807e-10
440.247 18.7993 1.34644e-09
440.469 19.0022 1.59431e-09
440.693 19.1772 2.33385e-09
440.92 19.3236 3.99284e-09
441.149 19.4413 4.93901e-09
441.383 19.5312 4.01885e-09
441.621 19.5943 3.85039e-09
441.863 19.6324 5.38626e-09
442.11 19.6474 5.89317e-09
442.361 19.6411 5.98328e-09
442.616 19.6157 7.29055e-09
442.876 19.5733 5.26806e-09
443.139 19.5157 7.02992e-09
443.402 19.4504 7.82813e-09
443.646 19.421 7.21589e-09
443.876 19.4107 2.63339e-09
444.095 19.4097 8.10951e-09
444.308 19.4094 2.11254e-09
444.516 19.4035 2.16794e-09
444.723 19.3872 1.56717e-09
444.931 19.3564 1.48998e-09
445.156 19.285 1.88404e-09
445.383 19.2038 7.4925e-10
445.611 19.1133 8.25864e-11
445.841 19.0138 2.08393e-09
446.074 18.906 5.13885e-10
446.308 18.7906 -4.04333e-10
446.545 18.6683 1.92811e-09
446.785 18.5398 1.49187e-09
447.026 18.406 3.98787e-10
447.27 18.2677 5.28304e-10
447.517 18.1255 -2.76063e-10
447.765 17.9803 1.12008e-09
448.015 17.8325 4.82061e-10
448.267 17.6829 -1.04546e-09
448.521 17.5319 4.68909e-10
448.777 17.3801 -1.77444e-11
449.034 17.2278 1.0742e-10
449.293 17.0756 1.24447e-09
449.553 16.9236 4.36913e-10
449.814 16.7721 2.03539e-09
450.077 16.6215 1.02398e-09
450.34 16.4719 -1.0273e-09
450.605 16.3235 3.65243e-10
450.87 16.1765 -4.28974e-10
451.122 16.0767 -1.25167e-09
451.258 16.4072 5.42482e-09
451.365 16.8027 9.92594e-09
451.443 17.2639 4.47523e-09
451.489 17.7906 1.01288e-09
451.503 18.3816 1.20645e-09
451.499 18.9912 -2.85882e-10
451.488 19.587 3.41067e-09
451.475 20.1618 -2.33969e-08
451.467 20.6958 -3.91164e-08
451.457 21.2073 2.74234e-08
451.446 21.695 -6.41738e-08
451.435 22.1576 -3.65551e-08
451.425 22.5944 -6.43723e-08
451.416 23.0049 -6.18643e-08
451.409 23.3889 -5.25443e-08
451.405 23.7463 -4.08431e-08
451.404 24.0778 -2.69468e-08
451.407 24.3836 -1.62408e-08
451.412 24.6646 -2.30151e-08
451.422 24.9214 -2.20148e-08
451.435 25.1551 -2.90268e-08
451.452 25.3666 -2.65693e-08
451.474 25.557 -2.90114e-08
451.498 25.7272 -3.06505e-08
451.527 25.8783 -3.69012e-08
451.559 26.0114 -4.40248e-08
451.595 26.1275 -2.85456e-08
451.634 26.2277 -2.29621e-08
451.676 26.3128 -3.56216e-08
451.722 26.3839 -2.85509e-08
451.77 26.4417 -2.66218e-08
451.821 26.4873 -2.38789e-08
451.875 26.5213 -2.02223e-08
451.931 26.5447 -1.21117e-08
451.989 26.558 -2.06433e-08
452.05 26.562 -8.54905e-09
452.112 26.5574 -9.16651e-09
452.177 26.5447 -3.05633e-08
452.243 26.5246 -3.91985e-09
452.311 26.4976 -4.81981e-09
452.38 26.4641 -4.01767e-09
