0 0 0
-1.84333e-10 -29515.2 -4.50107e+07
-7.96788e-10 -59030.5 -9.00214e+07
-1.73003e-09 -88545.9 -1.35032e+08
-2.97263e-09 -118062 -1.80043e+08
-4.53474e-09 -147578 -2.25054e+08
-6.18115e-09 -177094 -2.70065e+08
-8.23047e-09 -206611 -3.15076e+08
-1.05474e-08 -236128 -3.60087e+08
-3.72847e-06 -261395 -3.98617e+08
-0.000119689 -269900 -4.11585e+08
3.60205e-09 -275796 -4.20573e+08
0.000132247 -280221 -4.27318e+08
0.000128263 -282553 -4.3087e+08
-0.00117236 -284581 -4.33958e+08
-0.000248451 -286618 -4.3706e+08
-4.35254e-07 -287391 -4.38235e+08
-0.00316744 -288142 -4.39376e+08
-0.00269728 -288917 -4.40552e+08
-0.00242139 -289715 -4.41763e+08
-0.00217124 -290537 -4.43011e+08
-0.00194807 -291383 -4.44295e+08
5.82744e-07 -291927 -4.4512e+08
-1.03128e-08 -292321 -4.45713e+08
7.44512e-09 -292740 -4.46346e+08
7.22048e-09 -293184 -4.47015e+08
-1.0511e-08 -293651 -4.47719e+08
-1.08721e-08 -294140 -4.48458e+08
-1.05729e-08 -294651 -4.49229e+08
-1.04119e-08 -295183 -4.50031e+08
-0.00714343 -295734 -4.50862e+08
-0.00642889 -296304 -4.51722e+08
-0.00624308 -296891 -4.52607e+08
-0.00602844 -297494 -4.53518e+08
-0.00582053 -298113 -4.54451e+08
-0.00561779 -298746 -4.55406e+08
-0.00466997 -299392 -4.5638e+08
-0.00591175 -300047 -4.57367e+08
-0.00479315 -300711 -4.58368e+08
-0.00466054 -301386 -4.59384e+08
-0.00449487 -302070 -4.60415e+08
-0.00433684 -302763 -4.61459e+08
-0.00418499 -303464 -4.62515e+08
-0.00403933 -304172 -4.63582e+08
-0.00389981 -304888 -4.64659e+08
8.59083e-06 -305575 -4.65693e+08
-2.63548e-07 -306253 -4.66715e+08
-2.2478e-07 -306937 -4.67745e+08
-7.5375e-06 -307608 -4.68752e+08
3.14087e-07 -308280 -4.69762e+08
2.73531e-07 -308955 -4.70776e+08
2.34691e-07 -309634 -4.71795e+08
1.99112e-07 -310316 -4.72819e+08
6.43604e-05 -310541 -4.73141e+08
-2.30117e-05 -309917 -4.72163e+08
6.60448e-06 -308432 -4.69869e+08
-0.000685569 -305862 -4.65918e+08
0.0025181 -302834 -4.61266e+08
-0.0179842 -299885 -4.56736e+08
0.000973809 -296787 -4.51979e+08
-0.00714844 -293826 -4.4743e+08
0.000419615 -290909 -4.42949e+08
0.00047022 -288107 -4.38645e+08
0.000626483 -285332 -4.34382e+08
0.0012063 -282526 -4.30072e+08
0.000391023 -279781 -4.25855e+08
0.00702272 -277155 -4.2182e+08
0.00199111 -274695 -4.18038e+08
-5.44188e-05 -272499 -4.1466e+08
-9.50456e-05 -270461 -4.11521e+08
-0.00722052 -268489 -4.08483e+08
-9.42189e-05 -266466 -4.05367e+08
-0.000148361 -264416 -4.0221e+08
-3.19026e-05 -262347 -3.99023e+08
-0.000160788 -260294 -3.9586e+08
-0.000100204 -258285 -3.92765e+08
-3.52696e-05 -256344 -3.89774e+08
0.00357916 -254563 -3.87027e+08
0.00140396 -252883 -3.84432e+08
0.00111244 -251288 -3.81968e+08
0.000925041 -249779 -3.79635e+08
0.000782799 -248354 -3.7743e+08
0.000671161 -247012 -3.75351e+08
0.0006246 -245507 -3.73022e+08
0.00950997 -243876 -3.70501e+08
0.00495519 -242222 -3.67943e+08
0.00494945 -240573 -3.65394e+08
0.00418166 -238953 -3.62889e+08
-0.00912286 -237391 -3.60473e+08
0.000827935 -235961 -3.58258e+08
0.000711915 -234588 -3.5613e+08
0.000669772 -233275 -3.54093e+08
0.000625202 -232023 -3.52148e+08
0.000581461 -230830 -3.50294e+08
0.000540186 -229696 -3.48529e+08
0.000502381 -228619 -3.46852e+08
0.000468523 -227597 -3.45259e+08
0.00079455 -226614 -3.43725e+08
0.000814271 -225594 -3.42134e+08
0.000586049 -224556 -3.40516e+08
0.000616611 -223513 -3.3889e+08
0.000623464 -222476 -3.37275e+08
0.00278168 -221382 -3.3557e+08
-0.000608824 -220245 -3.338e+08
0.00703028 -219188 -3.32152e+08
0.00268603 -218170 -3.30562e+08
0.00264815 -217178 -3.29014e+08
0.00228004 -216217 -3.2751e+08
0.00225809 -215286 -3.26054e+08
0.00218964 -214387 -3.24646e+08
0.00209856 -213521 -3.23287e+08
0.00199918 -212687 -3.21977e+08
0.00190123 -211884 -3.20716e+08
0.00180873 -211114 -3.19503e+08
0.00172582 -210373 -3.18336e+08
0.0016556 -209663 -3.17215e+08
0.00160768 -208982 -3.16137e+08
0.00300266 -208283 -3.15033e+08
0.00433288 -207547 -3.13873e+08
0.00148335 -206790 -3.12679e+08
0.00655763 -206019 -3.11466e+08
0.00304514 -205245 -3.10247e+08
0.00296739 -204474 -3.09034e+08
0.00229452 -203714 -3.07837e+08
0.0019323 -203004 -3.06715e+08
0.0012293 -202325 -3.05641e+08
0.00143296 -201663 -3.04593e+08
0.00156769 -201019 -3.03572e+08
0.00167779 -200393 -3.02578e+08
0.00176246 -199785 -3.01612e+08
0.00182177 -199196 -3.00675e+08
0.00185936 -198626 -2.99766e+08
0.00187621 -198075 -2.98886e+08
0.00187717 -197542 -2.98033e+08
0.00186363 -197027 -2.97208e+08
0.00183941 -196530 -2.9641e+08
0.00180523 -196049 -2.95637e+08
0.0017647 -195585 -2.94889e+08
-0.0574019 -195102 -2.9411e+08
-0.0119358 -194625 -2.93341e+08
0.0289084 -194162 -2.92593e+08
0.0246501 -193713 -2.91866e+08
0.0124978 -193278 -2.91159e+08
-0.00125616 -192855 -2.90471e+08
0.00143747 -192411 -2.89751e+08
0.00123722 -191932 -2.88979e+08
0.00157528 -191430 -2.8817e+08
0.00188186 -190909 -2.87334e+08
0.00216337 -190375 -2.86478e+08
0.00239676 -189834 -2.8561e+08
0.00257015 -189289 -2.84738e+08
0.00268337 -188746 -2.83868e+08
-0.063995 -188243 -2.83058e+08
0.00082876 -187752 -2.82266e+08
0.000444962 -187267 -2.81483e+08
0.000512826 -186789 -2.80712e+08
0.00090091 -186320 -2.79954e+08
0.00101692 -185860 -2.79209e+08
0.00113226 -185410 -2.78479e+08
0.00124624 -184970 -2.77764e+08
-4.64902e-05 -184540 -2.77065e+08
0.00126125 -184120 -2.76381e+08
0.00130429 -183712 -2.75714e+08
0.0010423 -183314 -2.75063e+08
0.00107563 -182927 -2.74428e+08
0.00109731 -182550 -2.73809e+08
0.00111267 -182183 -2.73205e+08
0.00112355 -181827 -2.72616e+08
0.00112737 -181480 -2.72042e+08
0.00112687 -181144 -2.71483e+08
0.00160341 -180810 -2.70928e+08
0.00187839 -180453 -2.70339e+08
0.00223499 -180083 -2.6973e+08
0.00259953 -179703 -2.69105e+08
-0.000887765 -179315 -2.68468e+08
0.0032638 -178922 -2.67824e+08
0.000369147 -178527 -2.67176e+08
0.000303743 -178131 -2.66528e+08
0.000294781 -177737 -2.65882e+08
0.000248546 -177346 -2.65242e+08
-0.0186066 -176978 -2.64634e+08
0.000976384 -176624 -2.64049e+08
0.000852962 -176276 -2.63473e+08
0.000897863 -175933 -2.62904e+08
0.00162146 -175597 -2.62345e+08
0.0016969 -175266 -2.61794e+08
0.00177192 -174942 -2.61253e+08
0.00183862 -174624 -2.60722e+08
0.00131112 -174313 -2.602e+08
0.00135416 -174008 -2.59689e+08
0.0013824 -173710 -2.59187e+08
0.00140241 -173419 -2.58696e+08
0.00141313 -173134 -2.58214e+08
0.0014185 -172856 -2.57742e+08
0.00141577 -172584 -2.5728e+08
0.0014074 -172319 -2.56827e+08
0.00139758 -172060 -2.56384e+08
0.00137989 -171807 -2.5595e+08
0.00135868 -171560 -2.55525e+08
0.00133664 -171319 -2.55108e+08
0.00131172 -171084 -2.547e+08
