0 0 0
-0.000223037 3.58823e-05 -1.91298e-22
-0.000446051 7.17646e-05 -1.49024e-21
-0.000669043 0.000107647 3.72102e-21
-0.000892012 0.000143529 5.21411e-21
-0.00111496 0.000179412 9.71592e-22
-0.00133789 0.000215295 -1.00288e-20
-0.00156079 0.000251177 2.23725e-21
-0.00178367 0.00028706 9.81829e-22
-0.00202917 0.000324382 1.00134e-18
-0.0023674 0.000366559 5.39902e-18
-0.00271603 0.000407922 3.45307e-16
-0.00307658 0.000449382 3.14288e-15
-0.00343676 0.0004899 -2.00393e-15
-0.00380685 0.00053236 -1.63435e-15
-0.00417653 0.000571288 8.25953e-15
-0.00454438 0.000609118 -3.34749e-15
-0.00491574 0.000649248 -2.02189e-15
-0.00529172 0.000689146 2.69401e-15
-0.00566772 0.00072794 -9.87687e-16
-0.00604374 0.000765668 8.70845e-16
-0.00641976 0.000802361 -1.49317e-16
-0.00679578 0.000838055 4.10515e-16
-0.00717178 0.000872823 -1.01876e-15
-0.00753967 0.000907525 1.51653e-18
-0.00791521 0.000945157 1.17653e-17
-0.00829316 0.000982631 1.70554e-17
-0.00867103 0.00101979 1.91029e-17
-0.00904883 0.00105663 2.11368e-17
-0.00942654 0.00109313 2.24783e-17
-0.00980419 0.00112929 2.39328e-17
-0.0101818 0.00116511 2.46552e-17
-0.0105593 0.00120059 2.55568e-17
-0.0109367 0.00123571 2.64889e-17
-0.011314 0.00127048 2.69325e-17
-0.0116906 0.00130485 2.70648e-17
-0.0120666 0.00133882 2.73236e-17
-0.0124425 0.00137245 2.80002e-17
-0.0128183 0.00140574 2.80335e-17
-0.0131941 0.0014387 2.80434e-17
-0.0135698 0.00147132 2.79393e-17
-0.0139454 0.00150362 2.77813e-17
-0.014321 0.00153559 2.80252e-17
-0.0146966 0.00156725 2.75932e-17
-0.0150721 0.00159859 2.75501e-17
-0.0154476 0.00162962 2.75464e-17
-0.015823 0.00166034 2.71741e-17
-0.0161983 0.00169075 2.72597e-17
-0.0165734 0.00172086 2.66665e-17
-0.0169485 0.00175066 2.6592e-17
-0.0173218 0.00178005 2.63252e-17
-0.0176922 0.00180894 2.59799e-17
-0.0180505 0.00183953 2.63782e-17
-0.0184049 0.00187073 2.63417e-17
-0.0187589 0.00190202 2.58572e-17
-0.0191125 0.00193338 2.60684e-17
-0.0194753 0.00196584 2.60212e-17
-0.0198419 0.00199892 2.60197e-17
-0.0202085 0.00203227 2.63242e-17
-0.0205748 0.00206584 2.61491e-17
-0.0209407 0.0020996 2.57828e-17
-0.0213044 0.00213337 2.58382e-17
-0.0217191 0.00216783 1.64094e-17
-0.0221817 0.00220297 3.90131e-17
-0.0226794 0.00223805 2.617e-17
-0.0232119 0.00227264 -6.35653e-17
-0.0237776 0.00230593 4.79368e-18
-0.0243498 0.00233766 -5.21725e-17
-0.024923 0.00236791 -1.57163e-18
-0.025504 0.0023965 1.06244e-16
-0.0260825 0.0024237 7.58868e-17
-0.0266622 0.00244946 -9.22662e-17
-0.0272417 0.00247388 2.17198e-16
-0.0278196 0.00249708 1.38373e-17
-0.0283977 0.00251909 3.21024e-16
-0.0289791 0.00253979 -4.2731e-16
-0.0295613 0.00255932 -3.47788e-16
-0.0301427 0.0025778 4.07652e-18
-0.0307218 0.00259536 2.25281e-16
-0.031298 0.00261211 1.13565e-18
-0.0318671 0.00262837 6.25772e-16
-0.0324324 0.00264403 9.32432e-16
-0.0329942 0.00265913 1.39309e-15
-0.0335616 0.00267619 2.90371e-15
-0.0341428 0.00269693 1.78636e-14
-0.0347281 0.0027179 6.7999e-15
-0.0353184 0.00273896 5.91492e-15
-0.0359123 0.00276002 2.67644e-15
-0.0365088 0.00278097 -3.87759e-16
-0.0371069 0.00280172 5.59031e-16
-0.0377056 0.00282223 8.63594e-16
-0.0383017 0.00284252 -3.49089e-15
-0.0388952 0.00286258 2.27432e-16
-0.0394877 0.00288232 -1.22467e-14
-0.040079 0.00290173 -3.30266e-15
-0.0406688 0.0029208 -5.9962e-15
-0.041257 0.00293954 -6.43298e-15
-0.0418434 0.00295796 -1.2209e-14
-0.0424311 0.00297638 1.35311e-15
-0.0430628 0.00299823 -3.30664e-15
-0.0436994 0.00301982 -6.83676e-15
-0.0443397 0.00304105 4.21132e-15
-0.0449827 0.00306185 2.1279e-14
-0.0456273 0.00308219 2.2615e-14
-0.0462727 0.00310206 4.25671e-14
-0.0469172 0.00312148 1.6334e-13
-0.0475582 0.00314055 4.98026e-13
-0.0481986 0.00315919 7.46945e-13
-0.0488382 0.00317742 1.1219e-12
-0.0494768 0.00319526 1.65794e-12
-0.0501144 0.00321273 2.483e-12
-0.0507508 0.00322984 3.72819e-12
-0.0513859 0.00324662 5.51649e-12
-0.0520197 0.00326307 8.20058e-12
-0.0526522 0.00327921 1.21463e-11
-0.0532833 0.00329507 1.78016e-11
-0.0539147 0.00331059 2.66609e-11
-0.0545496 0.00332567 2.28143e-11
-0.0551867 0.00334033 3.47268e-11
-0.0558254 0.00335459 5.61359e-11
-0.0564651 0.00336847 9.53471e-11
-0.0571053 0.00338201 1.67654e-10
-0.0577627 0.00339772 3.3447e-10
-0.0584323 0.00341475 5.96679e-11
-0.0591001 0.0034318 -1.27778e-10
-0.0597671 0.00344881 -1.6357e-10
-0.060435 0.00346575 -2.72846e-10
-0.0611037 0.00348259 -4.35047e-10
-0.0617728 0.00349931 -6.73321e-10
-0.0624421 0.00351591 -5.83227e-10
-0.0631116 0.00353237 -8.87994e-10
-0.063781 0.00354869 -1.30244e-09
-0.0644501 0.00356486 -4.98115e-10
-0.0651189 0.00358089 -5.91625e-10
-0.0657873 0.00359677 -7.43606e-10
-0.0664552 0.00361252 -9.84678e-10
-0.0671224 0.00362812 -1.30848e-09
-0.0677891 0.00364359 -3.26606e-10
-0.068455 0.00365893 -1.81962e-10
-0.0691203 0.00367414 2.69917e-11
-0.0697892 0.00368907 4.13366e-10
-0.0704631 0.00370363 9.4441e-10
-0.071141 0.00371785 -2.67283e-10
-0.071822 0.00373172 -3.35153e-10
-0.0725055 0.00374525 -4.63085e-10
-0.0731909 0.00375847 -4.19407e-10
-0.0738775 0.00377139 -2.41561e-10
-0.0745648 0.00378404 -2.59439e-10
-0.0752513 0.00379652 -2.45256e-10
-0.0759333 0.00380905 -2.45079e-10
-0.0766151 0.00382141 -2.42509e-10
-0.0772967 0.00383359 -2.39428e-10
-0.0779779 0.00384563 -2.36144e-10
-0.0786587 0.00385752 -2.34853e-10
-0.0793388 0.00386929 -2.31611e-10
-0.0800184 0.00388094 -2.27745e-10
-0.0806972 0.00389248 -2.2308e-10
-0.0813753 0.00390393 -2.17239e-10
-0.0820526 0.00391529 -2.101e-10
-0.0827291 0.00392656 -2.00796e-10
-0.0834049 0.00393775 -1.88789e-10
-0.0840798 0.00394888 -1.73427e-10
-0.084754 0.00395994 -1.53636e-10
-0.0854274 0.00397093 -1.28135e-10
-0.0860999 0.00398187 -9.56562e-11
-0.0867718 0.00399275 -5.4658e-11
-0.0874683 0.00400553 -8.37307e-11
-0.0881663 0.00401845 -1.52452e-10
-0.0888647 0.00403143 -1.57939e-10
-0.0895635 0.00404445 -1.60777e-10
-0.0902628 0.0040575 -1.60962e-10
-0.0909624 0.00407059 -1.59108e-10
-0.0916629 0.00408369 -1.5915e-10
-0.0923681 0.0040968 -1.51735e-10
-0.0930773 0.00410989 -1.5187e-10
-0.0937901 0.00412293 -1.44455e-10
-0.094506 0.0041359 -1.32701e-10
-0.0952249 0.00414879 -1.10486e-10
-0.0959462 0.00416158 -7.0755e-11
-0.0966696 0.00417425 2.38472e-12
-0.0973948 0.0041868 1.36601e-10
-0.0981215 0.00419922 3.82787e-10
-0.0988467 0.00421158 1.33106e-09
-0.0995709 0.00422388 1.55211e-09
-0.100296 0.00423606 1.41278e-09
-0.101021 0.00424812 1.59207e-09
-0.101748 0.00426007 1.84082e-09
-0.102474 0.0042719 2.16082e-09
-0.103201 0.00428361 2.55934e-09
-0.103928 0.00429521 2.99876e-09
-0.104656 0.00430671 1.05782e-09
-0.105383 0.0043181 1.01989e-09
-0.106111 0.00432938 1.04426e-09
-0.106838 0.00434058 1.08178e-09
-0.107566 0.00435168 1.13538e-09
-0.108293 0.00436269 1.20983e-09
-0.10902 0.00437362 1.3096e-09
-0.109748 0.00438446 1.44023e-09
-0.110475 0.00439523 1.60258e-09
-0.111201 0.00440592 1.82401e-09
-0.111928 0.00441654 2.10354e-09
