0 0
-0.000495005 1.25
-0.00198002 2.5
-0.00445505 3.75
-0.0079201 5
-0.0123752 6.25
-0.0178203 7.5
-0.0242554 8.75
-0.0316806 10
-0.0399069 11.25
-0.0492224 12.5
-0.0595243 13.75
-0.0710367 15
-0.0831828 16.25
-0.0967217 17.5
-0.111258 18.75
-0.12592 20
-0.142471 21.25
-0.160047 22.5
-0.178649 23.75
-0.198274 25
-0.218924 26.25
-0.237346 27.5
-0.259833 28.75
-0.28333 30
-0.307743 31.25
-0.333268 32.5
-0.359862 33.75
-0.387482 35
-0.416128 36.25
-0.4458 37.5
-0.476496 38.75
-0.508217 40
-0.540962 41.25
-0.574732 42.5
-0.609526 43.75
-0.64528 45
-0.681965 46.25
-0.719824 47.5
-0.758707 48.75
-0.798613 50
-0.839543 51.25
-0.881496 52.5
-0.924473 53.75
-0.968474 55
-1.00911 56.25
-1.04896 57.5
-1.08968 58.75
-1.13575 60
-1.18359 61.25
-1.23245 62.5
-1.28233 63.75
-1.33322 65
-1.39976 66.25
-1.48704 67.5
-1.58961 68.75
-1.70864 70
-1.83507 71.25
-1.96289 72.5
-2.09404 73.75
-2.22562 75
-2.3584 76.25
-2.49157 77.5
-2.62613 78.75
-2.76271 80
-2.90022 81.25
-3.03791 82.5
-3.17516 83.75
-3.31075 85
-3.44587 86.25
-3.58355 87.5
-3.72802 88.75
-3.87562 90
-4.02623 91.25
-4.17926 92.5
-4.33416 93.75
-4.49039 95
-4.64624 96.25
-4.80253 97.5
-4.95937 98.75
-5.11662 100
-5.27419 101.25
-5.43199 102.5
-5.60433 103.75
-5.78349 105
-5.9653 106.25
-6.14919 107.5
-6.33465 108.75
-6.52109 110
-6.70708 111.25
-6.89384 112.5
-7.08124 113.75
-7.26921 115
-7.45768 116.25
-7.64662 117.5
-7.836 118.75
-8.02582 120
-8.21638 121.25
-8.40931 122.5
-8.6042 123.75
-8.80073 125
-8.99861 126.25
-9.20362 127.5
-9.41512 128.75
-9.62672 130
-9.83949 131.25
-10.0536 132.5
-10.269 133.75
-10.4855 135
-10.7031 136.25
-10.9216 137.5
-11.141 138.75
-11.3612 140
-11.5822 141.25
-11.804 142.5
-12.0264 143.75
-12.2496 145
-12.4751 146.25
-12.7039 147.5
-12.9353 148.75
-13.1689 150
-13.4044 151.25
-13.6414 152.5
-13.8798 153.75
-14.1178 155
-14.3561 156.25
-14.5953 157.5
-14.8354 158.75
-15.0762 160
-15.3178 161.25
-15.5601 162.5
-15.8031 163.75
-16.0468 165
-16.2911 166.25
-16.5361 167.5
-16.7818 168.75
-17.0281 170
-17.2751 171.25
-17.5313 172.5
-17.7902 173.75
-18.0504 175
-18.3117 176.25
-18.5743 177.5
-18.8381 178.75
-19.1043 180
-19.3734 181.25
-19.6452 182.5
-19.9194 183.75
-20.1958 185
-20.4742 186.25
-20.7544 187.5
-21.0363 188.75
-21.3182 190
-21.6013 191.25
-21.8857 192.5
-22.1713 193.75
-22.4582 195
-22.7462 196.25
-23.0353 197.5
-23.3255 198.75
-23.6167 200
-23.909 201.25
-24.2022 202.5
-24.4964 203.75
-24.7916 205
-25.0877 206.25
-25.3847 207.5
-25.6827 208.75
-25.9817 210
-26.2815 211.25
-26.5827 212.5
-26.8866 213.75
-27.1927 215
-27.5009 216.25
-27.811 217.5
-28.1229 218.75
-28.4364 220
-28.7513 221.25
-29.0677 222.5
-29.3852 223.75
-29.7029 225
-30.0212 226.25
-30.3405 227.5
-30.6609 228.75
-30.9823 230
-31.3048 231.25
-31.6282 232.5
-31.9527 233.75
-32.2781 235
-32.6045 236.25
-32.9318 237.5
-33.2601 238.75
-33.5893 240
-33.9194 241.25
-34.2505 242.5
-34.5825 243.75
-34.9154 245
-35.2493 246.25
-35.5841 247.5
-35.9199 248.75
-36.2566 250
