0 0 0
-42.627 2.63764 -5.47544e-18
-85.2497 5.27527 -5.23104e-17
-127.868 7.91292 9.37443e-17
-170.482 10.5506 5.82149e-16
-213.092 13.1882 -8.29267e-17
-255.698 15.8259 -1.0348e-16
-298.3 18.4636 -6.04454e-16
-340.897 21.1012 4.33521e-16
-371.652 22.6705 -2.15664e-14
-371.905 21.2744 6.98215e-13
-372.133 19.9976 -2.20433e-12
-372.35 18.8224 -1.24469e-10
-372.551 17.8714 7.9617e-11
-372.764 17.0135 1.39068e-09
-372.999 16.2095 -1.02801e-09
-373.235 15.7112 7.84426e-10
-373.51 15.2406 8.78201e-10
-373.825 14.7874 -6.72672e-10
-374.182 14.3541 2.93108e-10
-374.579 13.9448 -1.94467e-09
-375.016 13.5479 1.87622e-10
-375.46 13.4182 2.25873e-10
-375.954 13.3344 1.22681e-11
-376.49 13.2412 1.28375e-11
-377.067 13.1413 9.49656e-12
-377.681 13.0367 7.0054e-12
-378.331 12.9287 5.12255e-12
-379.015 12.8187 3.7046e-12
-379.731 12.7074 2.63558e-12
-380.477 12.5955 1.85862e-12
-381.251 12.4837 1.24762e-12
-382.05 12.3724 8.2021e-13
-382.873 12.262 4.6069e-13
-383.716 12.1528 2.48546e-13
-384.572 12.0456 4.42767e-14
-385.445 11.9399 -6.11979e-14
-386.334 11.8356 -1.27282e-13
-387.239 11.7327 -2.28487e-13
-388.158 11.6312 -2.629e-13
-389.09 11.5311 -2.74893e-13
-390.034 11.4325 -2.77517e-13
-390.988 11.3353 -3.1013e-13
-391.951 11.2396 -3.00196e-13
-392.908 11.1468 -3.14802e-13
-393.813 11.2207 -2.09385e-13
-394.705 11.3639 -2.17025e-13
-395.605 11.4837 -2.06921e-13
-396.534 11.5991 -1.49264e-13
-397.481 11.7139 -1.50964e-13
-398.432 11.8264 -1.25706e-13
-399.386 11.9361 -1.50784e-13
-400.323 12.0409 -8.86033e-14
-400.596 12.0384 1.26259e-12
-397.543 11.6419 1.17059e-11
-391.14 11.0982 -2.49592e-13
-381.844 10.4915 -8.05568e-13
-370.469 9.86325 2.23293e-13
-361.029 9.37316 -1.86856e-11
-351.139 8.92533 4.58145e-12
-341.284 8.56481 3.23909e-11
-331.638 8.25518 7.12649e-11
-322.372 7.99066 2.1315e-11
-313.566 7.76159 1.24985e-11
-305.185 7.53797 7.9341e-12
-297.296 7.33173 -3.46926e-12
-289.926 7.14821 -5.9133e-12
-283.071 6.98907 7.1241e-12
-276.745 6.86652 1.22496e-11
-270.878 6.76363 4.67882e-11
-265.413 6.68686 5.46913e-11
-260.094 6.84987 1.14611e-10
-255.083 6.99365 2.5077e-11
-250.336 7.11169 1.07396e-10
-245.854 7.2064 -7.91374e-11
-241.628 7.27987 8.94975e-12
-237.65 7.33474 1.04803e-10
-233.926 7.38088 -1.03202e-11
-230.431 7.41775 -3.46057e-11
-227.138 7.44239 2.07717e-11
-224.033 7.45707 2.67298e-11
-221.102 7.46382 1.16892e-11
-218.332 7.46437 6.78074e-12
-215.582 7.51798 -1.46189e-11
-212.87 7.58741 1.28922e-11
-210.277 7.63074 3.01236e-11
-207.804 7.65124 -4.32902e-10
-205.448 7.65297 -7.89948e-10
-203.204 7.64013 -1.42497e-09
-201.083 7.62549 -1.73681e-09
-199.061 7.60219 7.75857e-10
-197.133 7.57251 1.16182e-09
-195.293 7.53834 1.87341e-09
-193.536 7.50116 2.03979e-09
-191.856 7.46215 3.32637e-09
-190.248 7.42215 4.71315e-09
-188.708 7.38178 6.74755e-09
-187.23 7.34033 9.81245e-09
-185.799 7.28854 1.37231e-08
-184.416 7.22961 2.12976e-08
-183.079 7.16613 3.44411e-08
-181.789 7.10033 5.86234e-08
-180.512 7.09349 1.12613e-07
-179.253 7.12573 -1.14477e-09
-178.043 7.15811 -4.8139e-10
-176.876 7.18601 -3.62586e-09
-175.746 7.20827 -3.49387e-09
-174.654 7.2252 -3.3969e-09
-173.598 7.23723 -4.42403e-09
-172.576 7.24492 -6.43608e-09
-171.587 7.24883 -7.17057e-09
-170.63 7.24954 -9.56542e-09
-169.703 7.24759 -1.08523e-08
-168.805 7.24348 -1.39081e-08
-167.934 7.23765 -1.8601e-08
-167.091 7.23047 -2.40063e-08
-166.272 7.22227 -3.27715e-08
-165.471 7.20353 -4.81773e-08
-164.685 7.1731 -7.13268e-08
-163.917 7.13364 -4.42283e-08
-163.166 7.0874 1.38851e-09
-162.434 7.03654 -1.61375e-09
-161.719 6.98312 -2.63828e-10
-161.023 6.92892 3.23551e-10
-160.349 6.88568 -2.25813e-09
-159.694 6.8448 -1.47018e-09
-159.055 6.8049 -2.36914e-09
-158.432 6.76642 -5.23228e-09
-157.825 6.72967 -7.96174e-09
-157.234 6.69487 -8.98099e-09
-156.657 6.66217 -1.18324e-08
-156.094 6.63162 -1.2904e-08
-155.544 6.60323 -2.40485e-08
-155.008 6.57698 -3.09726e-08
-154.485 6.55277 -4.05947e-08
-153.974 6.53053 -4.71259e-08
-153.474 6.51012 -6.18585e-08
-152.984 6.49689 -2.19425e-09
-152.487 6.52093 2.05554e-09
-152 6.54478 1.8481e-09
-151.524 6.56811 2.96729e-09
-151.057 6.59065 1.15202e-08
-150.6 6.6121 -7.69232e-09
-150.152 6.63216 1.80026e-08
-149.709 6.64822 1.62871e-08
-149.272 6.66018 2.49826e-08
-148.842 6.66791 3.6837e-08
-148.418 6.67139 5.46652e-08
-148.001 6.67075 8.1989e-08
-147.591 6.66626 1.25716e-07
-147.188 6.65829 1.89685e-07
-146.793 6.64858 3.14396e-07
-146.406 6.64043 1.67155e-06
-146.026 6.62991 1.74642e-06
-145.653 6.61738 1.86591e-06
-145.287 6.60316 2.01337e-06
-144.927 6.58752 1.26308e-06
-144.573 6.57083 1.50026e-06
-144.226 6.55332 1.79926e-06
-143.885 6.53525 2.15675e-06
-143.55 6.51682 2.57573e-06
-143.22 6.49822 3.06504e-06
-142.897 6.47961 3.59587e-06
-142.579 6.4611 4.28791e-06
-142.266 6.4428 5.06014e-06
-141.959 6.42479 5.91037e-06
-141.657 6.40713 6.82606e-06
-141.36 6.38985 7.7851e-06
-141.068 6.37299 8.76854e-06
-140.781 6.35656 9.73796e-06
-140.496 6.33579 1.21524e-05
-140.215 6.31026 1.44463e-05
-139.937 6.28131 1.7971e-05
-139.663 6.24961 2.29238e-05
-139.392 6.21585 2.97985e-05
-139.125 6.18065 1.92795e-05
-138.861 6.1447 3.57811e-06
-138.6 6.10856 -9.38389e-07
-138.344 6.07271 -9.84594e-07
-138.091 6.03936 -1.0794e-06
-137.843 6.01211 -1.17304e-06
-137.599 5.98546 -1.2292e-06
-137.358 5.95958 -1.27115e-06
-137.121 5.93455 -1.29895e-06
-136.887 5.91045 -1.31681e-06
-136.656 5.88737 -1.33184e-06
-136.428 5.86535 -1.3385e-06
-136.204 5.84438 -1.33965e-06
-135.983 5.82447 -1.33828e-06
-135.764 5.80562 -1.33204e-06
-135.549 5.7878 -1.32377e-06
-135.337 5.77096 -1.31415e-06
-135.127 5.75509 -1.30264e-06
-134.921 5.74012 -1.28705e-06
-134.717 5.72601 -1.26981e-06
-134.516 5.7127 -1.25304e-06
-134.317 5.70015 -1.23612e-06
-134.121 5.6883 -1.21875e-06
-133.927 5.6771 -1.20245e-06
-133.736 5.6665 -1.18487e-06
-133.548 5.65644 -1.16846e-06
